0 0.129688 0.000000 0.129688 0.023438 0.112500 0.037109 0.087500 0.037109 0.045312 0.000000
0 0.000000 0.529297 0.012500 0.529297 0.032813 0.558594 0.032813 0.593750 0.026562 0.613281 0.009375 0.630859 0.000000 0.630859
0 0.821875 0.466797 0.778125 0.466797 0.770312 0.457031 0.770312 0.414062 0.778125 0.400391 0.800000 0.396484 0.825000 0.373047 0.834375 0.373047 0.854688 0.410156 0.854688 0.429688 0.821875 0.466797
0 0.300000 0.716797 0.260937 0.679688 0.257812 0.664062 0.264062 0.648438 0.281250 0.630859 0.321875 0.630859 0.335938 0.644531 0.345313 0.695312 0.331250 0.712891 0.300000 0.716797
0 0.000000 0.908203 0.025000 0.927734 0.032813 0.941406 0.029687 0.984375 0.021875 0.994141 0.012500 0.994141 0.000000 0.982422
0 0.750000 0.677734 0.709375 0.669922 0.701562 0.660156 0.701562 0.648438 0.689063 0.621094 0.692187 0.597656 0.709375 0.580078 0.725000 0.580078 0.734375 0.564453 0.745313 0.570312 0.745313 0.585938 0.776563 0.628906 0.776563 0.648438 0.750000 0.677734
0 0.543750 0.451172 0.515625 0.447266 0.498437 0.429688 0.489063 0.402344 0.489063 0.371094 0.493750 0.365234 0.512500 0.361328 0.521875 0.349609 0.534375 0.349609 0.548438 0.367188 0.560937 0.410156 0.560937 0.433594 0.543750 0.451172
0 0.437500 0.216797 0.409375 0.212891 0.395313 0.191406 0.389062 0.160156 0.389062 0.132812 0.418750 0.107422 0.428125 0.107422 0.437500 0.119141 0.465625 0.123047 0.476562 0.132812 0.476562 0.148438 0.467187 0.175781 0.437500 0.216797
0 0.925000 0.251953 0.887500 0.244141 0.864062 0.214844 0.864062 0.144531 0.878125 0.119141 0.912500 0.123047 0.929688 0.140625 0.932813 0.238281 0.925000 0.251953
0 0.975000 0.552734 0.959375 0.548828 0.948438 0.535156 0.948438 0.496094 0.971875 0.470703 0.984375 0.466797 0.989062 0.472656 0.985938 0.535156 0.975000 0.552734
0 0.576562 0.000000 0.562500 0.025391 0.537500 0.021484 0.529687 0.000000
0 0.084375 0.482422 0.075000 0.482422 0.067187 0.472656 0.070312 0.417969 0.095312 0.363281 0.109375 0.349609 0.118750 0.349609 0.132812 0.363281 0.142187 0.398438 0.135937 0.406250 0.129688 0.441406 0.120313 0.457031 0.109375 0.470703 0.100000 0.470703 0.084375 0.482422
0 0.996875 0.712891 0.992188 0.710938 0.992188 0.695312 0.981250 0.689453 0.967187 0.664062 0.976562 0.617188 0.990625 0.603516 0.996875 0.619141
0 0.285938 0.996094 0.290625 0.986328 0.317188 0.964844 0.350000 0.904297 0.359375 0.904297 0.395313 0.949219 0.398438 0.968750 0.379688 0.996094
0 0.220312 0.000000 0.220312 0.015625 0.187500 0.044922 0.162500 0.044922 0.154688 0.019531 0.142187 0.000000
0 0.439063 0.996094 0.439063 0.984375 0.462500 0.943359 0.481250 0.943359 0.492188 0.957031 0.489063 0.996094
0 0.821875 0.603516 0.800000 0.603516 0.779687 0.582031 0.779687 0.574219 0.767188 0.558594 0.767188 0.515625 0.793750 0.474609 0.821875 0.478516 0.842187 0.500000 0.845313 0.511719 0.845313 0.566406 0.839063 0.585938 0.821875 0.603516
0 0.821875 0.259766 0.812500 0.259766 0.764062 0.195312 0.757812 0.148438 0.765625 0.138672 0.800000 0.138672 0.815625 0.126953 0.862500 0.126953 0.867188 0.132812 0.864062 0.207031 0.821875 0.259766
0 0.600000 0.154297 0.581250 0.154297 0.571875 0.138672 0.550000 0.134766 0.539062 0.117188 0.545312 0.089844 0.575000 0.056641 0.587500 0.052734 0.600000 0.052734 0.610938 0.066406 0.610938 0.136719 0.600000 0.154297
0 0.390625 0.310547 0.371875 0.310547 0.364063 0.300781 0.360938 0.269531 0.373437 0.253906 0.382812 0.218750 0.390625 0.208984 0.400000 0.208984 0.404687 0.214844 0.404687 0.273438 0.401562 0.292969 0.390625 0.310547
0 0.476562 0.000000 0.473438 0.039062 0.465625 0.052734 0.450000 0.060547 0.431250 0.060547 0.420312 0.046875 0.404687 0.000000
0 0.810937 0.000000 0.796875 0.005859 0.768750 0.037109 0.750000 0.037109 0.742188 0.027344 0.742188 0.000000
0 0.882812 0.000000 0.882812 0.019531 0.873437 0.035156 0.879687 0.050781 0.882812 0.089844 0.879687 0.117188 0.868750 0.130859 0.831250 0.130859 0.818750 0.126953 0.807813 0.113281 0.798438 0.085938 0.798438 0.046875 0.810937 0.000000
0 0.206250 0.783203 0.193750 0.783203 0.189062 0.769531 0.167187 0.750000 0.167187 0.738281 0.179688 0.722656 0.187500 0.701172 0.193750 0.701172 0.207813 0.726562 0.229687 0.750000 0.229687 0.765625 0.206250 0.783203
0 0.153125 0.341797 0.115625 0.333984 0.101562 0.316406 0.089063 0.281250 0.089063 0.265625 0.079687 0.253906 0.073438 0.226562 0.073438 0.210938 0.078125 0.205078 0.087500 0.205078 0.106250 0.228516 0.125000 0.228516 0.129688 0.234375 0.129688 0.257812 0.150000 0.279297 0.162500 0.267578 0.171875 0.267578 0.179688 0.277344 0.179688 0.320312 0.153125 0.341797
0 0.851562 0.996094 0.848437 0.980469 0.860938 0.945312 0.875000 0.927734 0.893750 0.923828 0.921875 0.923828 0.950000 0.939453 0.975000 0.939453 0.982812 0.960938 0.985938 0.996094
0 0.540625 0.966797 0.518750 0.966797 0.514062 0.960938 0.514062 0.937500 0.539062 0.886719 0.548438 0.843750 0.559375 0.830078 0.578125 0.830078 0.589063 0.843750 0.589063 0.867188 0.573438 0.906250 0.567187 0.941406 0.540625 0.966797
0 0.685937 0.000000 0.685937 0.015625 0.668750 0.037109 0.653125 0.048828 0.634375 0.052734 0.618750 0.052734 0.593750 0.041016 0.579688 0.023438 0.576562 0.000000
0 0.128125 0.228516 0.106250 0.228516 0.085938 0.203125 0.076563 0.167969 0.076563 0.148438 0.079687 0.132812 0.087500 0.123047 0.106250 0.126953 0.125000 0.146484 0.146875 0.142578 0.167187 0.167969 0.167187 0.199219 0.128125 0.228516
0 0.481250 0.708984 0.462500 0.708984 0.454688 0.699219 0.454688 0.679688 0.470313 0.648438 0.476562 0.605469 0.490625 0.583984 0.509375 0.583984 0.540625 0.603516 0.545312 0.609375 0.545312 0.625000 0.520312 0.679688 0.481250 0.708984
0 0.478125 0.130859 0.465625 0.123047 0.437500 0.119141 0.417187 0.101562 0.428125 0.060547 0.471875 0.052734 0.492188 0.070312 0.485938 0.121094 0.478125 0.130859
0 0.553125 0.822266 0.528125 0.818359 0.518750 0.810547 0.507812 0.796875 0.501563 0.765625 0.501563 0.757812 0.528125 0.732422 0.543750 0.708984 0.556250 0.708984 0.570312 0.730469 0.567187 0.800781 0.553125 0.822266
0 0.035937 0.000000 0.015625 0.021484 0.000000 0.021484
0 0.265625 0.767578 0.246875 0.763672 0.239063 0.753906 0.232813 0.730469 0.232813 0.699219 0.253125 0.681641 0.271875 0.685547 0.298438 0.718750 0.298438 0.734375 0.285938 0.757812 0.265625 0.767578
0 0.631250 0.333984 0.587500 0.330078 0.573438 0.312500 0.576562 0.269531 0.596875 0.240234 0.612500 0.240234 0.632812 0.253906 0.642188 0.289062 0.642188 0.308594 0.639062 0.324219 0.631250 0.333984
0 0.384375 0.654297 0.370312 0.648438 0.360938 0.625000 0.335938 0.589844 0.343750 0.572266 0.371875 0.580078 0.379688 0.589844 0.389062 0.625000 0.389062 0.648438 0.384375 0.654297
0 0.443750 0.470703 0.425000 0.470703 0.420312 0.464844 0.420312 0.437500 0.432812 0.425781 0.442188 0.398438 0.456250 0.380859 0.478125 0.384766 0.485938 0.394531 0.485938 0.414062 0.479687 0.429688 0.456250 0.462891 0.443750 0.470703
0 0.409375 0.939453 0.381250 0.931641 0.357812 0.902344 0.357812 0.878906 0.376563 0.835938 0.376563 0.796875 0.384375 0.787109 0.428125 0.783203 0.443750 0.802734 0.459375 0.802734 0.467187 0.812500 0.467187 0.875000 0.459375 0.888672 0.446875 0.888672 0.423438 0.929688 0.409375 0.939453
0 0.415625 0.419922 0.396875 0.419922 0.373437 0.367188 0.373437 0.335938 0.376563 0.320312 0.384375 0.310547 0.412500 0.314453 0.426563 0.339844 0.429688 0.390625 0.415625 0.419922
0 0.253125 0.990234 0.215625 0.990234 0.201563 0.976562 0.201563 0.949219 0.207813 0.929688 0.228125 0.908203 0.259375 0.908203 0.276562 0.925781 0.276562 0.968750 0.253125 0.990234
0 0.450000 0.365234 0.440625 0.365234 0.426563 0.347656 0.410938 0.304688 0.414062 0.273438 0.431250 0.251953 0.443750 0.251953 0.470313 0.285156 0.479687 0.308594 0.473438 0.335938 0.450000 0.365234
0 0.368750 0.439453 0.315625 0.435547 0.307812 0.425781 0.304688 0.351562 0.315625 0.330078 0.359375 0.322266 0.373437 0.339844 0.373437 0.367188 0.385937 0.390625 0.389062 0.410156 0.368750 0.439453
0 0.228125 0.591797 0.203125 0.587891 0.195312 0.578125 0.198437 0.523438 0.210938 0.492188 0.234375 0.466797 0.262500 0.466797 0.276562 0.480469 0.279687 0.496094 0.276562 0.542969 0.246875 0.580078 0.228125 0.591797
0 0.406250 0.552734 0.392188 0.546875 0.392188 0.519531 0.418750 0.490234 0.443750 0.490234 0.448437 0.496094 0.445312 0.519531 0.406250 0.552734
0 0.687500 0.607422 0.676562 0.601562 0.660937 0.574219 0.654687 0.535156 0.659375 0.517578 0.665625 0.517578 0.673438 0.535156 0.690625 0.548828 0.715625 0.541016 0.723437 0.554688 0.720313 0.574219 0.703125 0.583984 0.687500 0.607422
0 0.603125 0.431641 0.590625 0.431641 0.570312 0.398438 0.570312 0.367188 0.584375 0.353516 0.596875 0.353516 0.603125 0.361328 0.610938 0.386719 0.614062 0.417969 0.603125 0.431641
0 0.218750 0.447266 0.207813 0.441406 0.201563 0.359375 0.218750 0.337891 0.228125 0.337891 0.253125 0.353516 0.267188 0.371094 0.270313 0.406250 0.267188 0.417969 0.243750 0.439453 0.218750 0.447266
0 0.162500 0.439453 0.156250 0.439453 0.148438 0.425781 0.148438 0.410156 0.135937 0.386719 0.132812 0.351562 0.140625 0.341797 0.171875 0.333984 0.185938 0.363281 0.185938 0.386719 0.192188 0.394531 0.195312 0.417969 0.162500 0.439453
0 0.714063 0.996094 0.717187 0.953125 0.728125 0.947266 0.745313 0.968750 0.742188 0.996094
0 0.434375 0.787109 0.390625 0.787109 0.379688 0.773438 0.376563 0.757812 0.384375 0.744141 0.400000 0.744141 0.418750 0.728516 0.437500 0.732422 0.448437 0.746094 0.448437 0.765625 0.434375 0.787109
0 0.343750 0.322266 0.329688 0.316406 0.329688 0.300781 0.340625 0.283203 0.353125 0.279297 0.357812 0.296875 0.343750 0.322266
0 0.690625 0.888672 0.656250 0.888672 0.639062 0.871094 0.632812 0.839844 0.646875 0.818359 0.684375 0.802734 0.700000 0.802734 0.720313 0.816406 0.720313 0.835938 0.710938 0.871094 0.690625 0.888672
0 0.787500 0.400391 0.767188 0.378906 0.757812 0.339844 0.781250 0.294922 0.815625 0.294922 0.835938 0.339844 0.835938 0.355469 0.812500 0.388672 0.787500 0.400391
0 0.790625 0.912109 0.778125 0.912109 0.753125 0.896484 0.732812 0.875000 0.729688 0.851562 0.759375 0.814453 0.775000 0.814453 0.781250 0.822266 0.806250 0.818359 0.817187 0.828125 0.814063 0.871094 0.804688 0.894531 0.790625 0.912109
0 0.912500 0.619141 0.896875 0.615234 0.873437 0.593750 0.870313 0.542969 0.879687 0.519531 0.879687 0.500000 0.893750 0.486328 0.906250 0.490234 0.948438 0.531250 0.945312 0.585938 0.912500 0.619141
0 0.389062 0.000000 0.407813 0.011719 0.414062 0.035156 0.429688 0.058594 0.426563 0.078125 0.396875 0.107422 0.375000 0.107422 0.357812 0.093750 0.357812 0.050781 0.373437 0.000000
0 0.425000 0.701172 0.412500 0.701172 0.404687 0.687500 0.404687 0.644531 0.420312 0.613281 0.456250 0.580078 0.468750 0.552734 0.475000 0.552734 0.482812 0.562500 0.482812 0.574219 0.464062 0.667969 0.450000 0.685547 0.425000 0.701172
0 0.100000 0.591797 0.078125 0.587891 0.064062 0.566406 0.064062 0.550781 0.076563 0.527344 0.076563 0.515625 0.106250 0.482422 0.128125 0.474609 0.150000 0.478516 0.164062 0.492188 0.167187 0.503906 0.167187 0.535156 0.160938 0.562500 0.146875 0.576172 0.125000 0.580078 0.120313 0.574219 0.123438 0.550781 0.112500 0.544922 0.107813 0.550781 0.107813 0.582031 0.100000 0.591797
0 0.687500 0.271484 0.675000 0.271484 0.654687 0.246094 0.651563 0.214844 0.676562 0.195312 0.676562 0.156250 0.687500 0.146484 0.700000 0.146484 0.720313 0.164062 0.723437 0.183594 0.729688 0.191406 0.729688 0.214844 0.726562 0.226562 0.687500 0.271484
0 0.650000 0.169922 0.621875 0.169922 0.607812 0.156250 0.610938 0.074219 0.615625 0.068359 0.621875 0.068359 0.670312 0.132812 0.670312 0.152344 0.650000 0.169922
0 0.671875 0.392578 0.650000 0.392578 0.642188 0.382812 0.645312 0.316406 0.662500 0.306641 0.684375 0.310547 0.692187 0.324219 0.689063 0.367188 0.671875 0.392578
0 0.690625 0.439453 0.675000 0.439453 0.667188 0.429688 0.667188 0.398438 0.685937 0.375000 0.689063 0.355469 0.700000 0.349609 0.707812 0.363281 0.710938 0.417969 0.703125 0.431641 0.690625 0.439453
0 0.756250 0.341797 0.740625 0.341797 0.735938 0.335938 0.739062 0.250000 0.750000 0.228516 0.771875 0.224609 0.785937 0.242188 0.785937 0.253906 0.776563 0.273438 0.776563 0.308594 0.756250 0.341797
0 0.059375 0.751953 0.028125 0.748047 0.017188 0.738281 0.017188 0.718750 0.046875 0.685547 0.068750 0.685547 0.082812 0.707031 0.076563 0.738281 0.059375 0.751953
0 0.331250 0.560547 0.315625 0.560547 0.307812 0.550781 0.301563 0.503906 0.301563 0.449219 0.309375 0.435547 0.340625 0.439453 0.370312 0.488281 0.370312 0.500000 0.357812 0.531250 0.331250 0.560547
0 0.659375 0.630859 0.634375 0.630859 0.626563 0.613281 0.629687 0.574219 0.643750 0.556641 0.657813 0.558594 0.673438 0.597656 0.673438 0.609375 0.659375 0.630859
0 0.703125 0.548828 0.678125 0.541016 0.668750 0.521484 0.645312 0.500000 0.645312 0.480469 0.656250 0.466797 0.678125 0.470703 0.690625 0.455078 0.704688 0.464844 0.710938 0.480469 0.710938 0.539062 0.703125 0.548828
0 0.621875 0.583984 0.590625 0.576172 0.576562 0.558594 0.576562 0.531250 0.582812 0.507812 0.606250 0.486328 0.634375 0.486328 0.657813 0.511719 0.657813 0.554688 0.643750 0.556641 0.621875 0.583984
0 0.318750 0.927734 0.293750 0.923828 0.265625 0.904297 0.253125 0.888672 0.228125 0.884766 0.220312 0.875000 0.220312 0.851562 0.204687 0.839844 0.207813 0.812500 0.228125 0.791016 0.253125 0.783203 0.278125 0.806641 0.296875 0.810547 0.312500 0.822266 0.346875 0.818359 0.351562 0.835938 0.335938 0.863281 0.332813 0.917969 0.318750 0.927734
0 0.350000 0.818359 0.325000 0.818359 0.293750 0.798828 0.282813 0.785156 0.282813 0.761719 0.300000 0.732422 0.315625 0.740234 0.331250 0.736328 0.337500 0.744141 0.350000 0.744141 0.367188 0.765625 0.364063 0.804688 0.350000 0.818359
