0 0.730469 0.076172 0.703125 0.060547 0.687500 0.060547 0.671875 0.072266 0.662109 0.066406 0.662109 0.050781 0.699219 0.009766 0.710938 0.009766 0.755859 0.046875 0.755859 0.054688 0.730469 0.076172
0 0.671875 0.205078 0.656250 0.201172 0.642578 0.183594 0.642578 0.160156 0.667969 0.134766 0.697266 0.156250 0.701172 0.171875 0.697266 0.187500 0.671875 0.205078
0 0.769531 0.150391 0.742188 0.150391 0.724609 0.128906 0.728516 0.093750 0.750000 0.072266 0.789062 0.076172 0.806641 0.105469 0.806641 0.121094 0.794922 0.136719 0.785156 0.146484 0.769531 0.150391
0 0.390625 0.443359 0.367188 0.439453 0.341797 0.410156 0.345703 0.371094 0.363281 0.349609 0.382812 0.341797 0.398438 0.341797 0.410156 0.353516 0.417969 0.353516 0.435547 0.375000 0.435547 0.406250 0.410156 0.435547 0.390625 0.443359
0 0.714844 0.630859 0.701172 0.625000 0.710938 0.607422 0.724609 0.613281 0.714844 0.630859
0 0.871094 0.294922 0.835938 0.287109 0.810547 0.261719 0.810547 0.242188 0.835938 0.220703 0.902344 0.224609 0.919922 0.250000 0.919922 0.257812 0.886719 0.291016 0.871094 0.294922
0 0.101562 0.908203 0.078125 0.908203 0.056641 0.878906 0.056641 0.859375 0.074219 0.845703 0.105469 0.849609 0.115234 0.859375 0.119141 0.882812 0.101562 0.908203
0 0.798828 0.996094 0.775391 0.960938 0.775391 0.945312 0.796875 0.919922 0.847656 0.919922 0.871094 0.931641 0.888672 0.949219 0.892578 0.964844 0.892578 0.988281 0.884766 0.996094
0 0.453125 0.169922 0.437500 0.166016 0.412109 0.140625 0.408203 0.117188 0.416016 0.109375 0.419922 0.078125 0.425781 0.072266 0.433594 0.072266 0.445312 0.083984 0.472656 0.080078 0.486328 0.089844 0.490234 0.132812 0.453125 0.169922
0 0.904297 0.996094 0.900391 0.984375 0.908203 0.949219 0.945312 0.923828 0.953125 0.923828 0.964844 0.935547 0.980469 0.935547 0.996094 0.955078
0 0.296875 0.841797 0.277344 0.841797 0.255859 0.824219 0.255859 0.785156 0.273438 0.767578 0.308594 0.759766 0.333984 0.792969 0.333984 0.812500 0.296875 0.841797
0 0.664062 0.607422 0.609375 0.607422 0.595703 0.597656 0.587891 0.546875 0.605469 0.521484 0.652344 0.533203 0.669922 0.550781 0.673828 0.593750 0.664062 0.607422
0 0.878906 0.693359 0.855469 0.693359 0.833984 0.671875 0.833984 0.648438 0.843750 0.634766 0.871094 0.634766 0.888672 0.652344 0.888672 0.679688 0.878906 0.693359
0 0.050781 0.958984 0.039062 0.958984 0.021484 0.941406 0.035156 0.916016 0.070312 0.919922 0.093750 0.912109 0.099609 0.917969 0.099609 0.929688 0.078125 0.955078 0.050781 0.958984
0 0.585938 0.830078 0.562500 0.826172 0.541016 0.804688 0.544922 0.777344 0.578125 0.751953 0.613281 0.759766 0.630859 0.781250 0.626953 0.808594 0.609375 0.826172 0.585938 0.830078
0 0.792969 0.638672 0.753906 0.630859 0.712891 0.593750 0.712891 0.585938 0.701172 0.574219 0.701172 0.519531 0.707031 0.513672 0.750000 0.505859 0.775391 0.523438 0.783203 0.554688 0.810547 0.585938 0.810547 0.621094 0.792969 0.638672
0 0.650391 0.996094 0.664062 0.978516 0.691406 0.978516 0.697266 0.996094
0 0.933594 0.708984 0.910156 0.705078 0.884766 0.683594 0.890625 0.658203 0.929688 0.650391 0.947266 0.664062 0.955078 0.683594 0.933594 0.708984
0 0.927734 0.000000 0.935547 0.007812 0.931641 0.031250 0.917969 0.048828 0.902344 0.056641 0.878906 0.052734 0.857422 0.035156 0.865234 0.000000
0 0.371094 0.134766 0.339844 0.130859 0.322266 0.109375 0.322266 0.078125 0.326172 0.062500 0.335938 0.052734 0.378906 0.048828 0.400391 0.066406 0.396484 0.109375 0.371094 0.134766
0 0.781250 0.939453 0.763672 0.933594 0.769531 0.919922 0.787109 0.925781 0.781250 0.939453
0 0.410156 0.544922 0.386719 0.544922 0.373047 0.535156 0.373047 0.519531 0.386719 0.505859 0.402344 0.505859 0.416016 0.523438 0.416016 0.539062 0.410156 0.544922
0 0.933594 0.345703 0.910156 0.345703 0.892578 0.332031 0.888672 0.320312 0.892578 0.285156 0.919922 0.257812 0.921875 0.248047 0.933594 0.248047 0.947266 0.261719 0.947266 0.332031 0.933594 0.345703
0 0.777344 0.248047 0.753906 0.248047 0.748047 0.242188 0.736328 0.214844 0.740234 0.195312 0.769531 0.169922 0.804688 0.169922 0.814453 0.179688 0.814453 0.207031 0.806641 0.230469 0.777344 0.248047
0 0.796875 0.763672 0.789062 0.763672 0.748047 0.734375 0.744141 0.710938 0.750000 0.705078 0.789062 0.697266 0.814453 0.714844 0.822266 0.738281 0.796875 0.763672
0 0.796875 0.826172 0.789062 0.826172 0.779297 0.812500 0.779297 0.789062 0.796875 0.771484 0.816406 0.771484 0.837891 0.792969 0.837891 0.812500 0.796875 0.826172
0 0.996094 0.083984 0.988281 0.083984 0.974609 0.070312 0.962891 0.046875 0.962891 0.019531 0.972656 0.009766 0.996094 0.017578
0 0.996094 0.361328 0.982422 0.355469 0.986328 0.324219 0.996094 0.318359
0 0.925781 0.216797 0.898438 0.212891 0.876953 0.187500 0.876953 0.152344 0.906250 0.134766 0.929688 0.134766 0.955078 0.160156 0.955078 0.187500 0.947266 0.207031 0.925781 0.216797
0 0.894531 0.826172 0.867188 0.818359 0.845703 0.796875 0.841797 0.773438 0.830078 0.757812 0.830078 0.750000 0.843750 0.736328 0.875000 0.732422 0.890625 0.740234 0.923828 0.777344 0.923828 0.808594 0.894531 0.826172
0 0.636719 0.650391 0.597656 0.646484 0.583984 0.628906 0.583984 0.617188 0.601562 0.603516 0.652344 0.607422 0.658203 0.613281 0.658203 0.632812 0.636719 0.650391
0 0.375000 0.619141 0.367188 0.619141 0.355469 0.603516 0.332031 0.607422 0.326172 0.589844 0.310547 0.574219 0.310547 0.546875 0.339844 0.521484 0.371094 0.525391 0.378906 0.541016 0.400391 0.546875 0.400391 0.589844 0.388672 0.609375 0.375000 0.619141
0 0.996094 0.759766 0.970703 0.738281 0.974609 0.710938 0.980469 0.705078 0.996094 0.705078
0 0.996094 0.560547 0.976562 0.560547 0.958984 0.542969 0.958984 0.519531 0.976562 0.501953 0.996094 0.501953
0 0.707031 0.126953 0.679688 0.123047 0.654297 0.101562 0.654297 0.089844 0.687500 0.060547 0.703125 0.060547 0.724609 0.074219 0.720703 0.109375 0.707031 0.126953
0 0.517578 0.996094 0.517578 0.972656 0.537109 0.957031 0.525391 0.941406 0.525391 0.929688 0.542969 0.912109 0.562500 0.916016 0.572266 0.925781 0.576172 0.941406 0.568359 0.953125 0.583984 0.968750 0.583984 0.996094
0 0.761719 0.908203 0.742188 0.900391 0.728516 0.878906 0.728516 0.867188 0.746094 0.845703 0.773438 0.849609 0.787109 0.871094 0.779297 0.898438 0.761719 0.908203
0 0.687500 0.673828 0.673828 0.667969 0.679688 0.654297 0.693359 0.660156 0.687500 0.673828
0 0.863281 0.908203 0.808594 0.904297 0.787109 0.886719 0.783203 0.835938 0.792969 0.826172 0.820312 0.822266 0.828125 0.814453 0.855469 0.814453 0.880859 0.832031 0.892578 0.851562 0.896484 0.875000 0.863281 0.908203
0 0.671875 0.970703 0.658203 0.964844 0.664062 0.951172 0.677734 0.957031 0.671875 0.970703
0 0.687500 0.939453 0.664062 0.939453 0.654297 0.921875 0.658203 0.902344 0.671875 0.888672 0.691406 0.888672 0.701172 0.906250 0.701172 0.925781 0.687500 0.939453
0 0.865234 0.000000 0.861328 0.027344 0.849609 0.050781 0.832031 0.068359 0.812500 0.060547 0.794922 0.042969 0.794922 0.015625 0.814453 0.000000
0 0.197266 0.996094 0.203125 0.978516 0.214844 0.978516 0.246094 0.962891 0.289062 0.962891 0.294922 0.968750 0.294922 0.996094
0 0.125000 0.841797 0.074219 0.837891 0.064453 0.828125 0.056641 0.812500 0.056641 0.792969 0.066406 0.771484 0.121094 0.771484 0.142578 0.792969 0.142578 0.828125 0.125000 0.841797
0 0.519531 0.708984 0.505859 0.703125 0.505859 0.691406 0.486328 0.675781 0.466797 0.644531 0.470703 0.628906 0.500000 0.607422 0.511719 0.607422 0.531250 0.619141 0.544922 0.632812 0.548828 0.648438 0.548828 0.667969 0.525391 0.687500 0.525391 0.703125 0.519531 0.708984
0 0.351562 0.919922 0.333984 0.914062 0.330078 0.890625 0.347656 0.876953 0.359375 0.876953 0.373047 0.890625 0.373047 0.898438 0.351562 0.919922
0 0.816406 0.923828 0.802734 0.917969 0.808594 0.904297 0.822266 0.910156 0.816406 0.923828
0 0.699219 0.865234 0.664062 0.865234 0.650391 0.851562 0.650391 0.839844 0.675781 0.802734 0.707031 0.810547 0.720703 0.828125 0.712891 0.851562 0.699219 0.865234
0 0.996094 0.220703 0.970703 0.203125 0.962891 0.183594 0.966797 0.152344 0.984375 0.134766 0.996094 0.134766
0 0.199219 0.982422 0.173828 0.957031 0.173828 0.929688 0.210938 0.900391 0.242188 0.916016 0.257812 0.916016 0.291016 0.949219 0.289062 0.962891 0.246094 0.962891 0.199219 0.982422
0 0.742188 0.802734 0.699219 0.802734 0.671875 0.791016 0.666016 0.785156 0.669922 0.750000 0.687500 0.736328 0.742188 0.744141 0.755859 0.757812 0.755859 0.789062 0.742188 0.802734
0 0.914062 0.455078 0.882812 0.451172 0.865234 0.429688 0.865234 0.390625 0.888672 0.371094 0.880859 0.363281 0.886719 0.349609 0.900391 0.355469 0.896484 0.371094 0.917969 0.376953 0.939453 0.402344 0.939453 0.433594 0.914062 0.455078
0 0.933594 0.134766 0.906250 0.134766 0.880859 0.113281 0.876953 0.085938 0.902344 0.060547 0.941406 0.056641 0.958984 0.082031 0.962891 0.109375 0.933594 0.134766
0 0.996094 0.873047 0.957031 0.873047 0.935547 0.851562 0.935547 0.820312 0.949219 0.791016 0.972656 0.787109 0.996094 0.802734
0 0.480469 0.845703 0.464844 0.845703 0.439453 0.824219 0.431641 0.808594 0.435547 0.777344 0.453125 0.763672 0.500000 0.759766 0.513672 0.777344 0.517578 0.816406 0.496094 0.841797 0.480469 0.845703
0 0.421875 0.783203 0.394531 0.783203 0.361328 0.761719 0.361328 0.742188 0.390625 0.689453 0.398438 0.689453 0.410156 0.705078 0.429688 0.705078 0.447266 0.726562 0.447266 0.750000 0.421875 0.783203
0 0.025391 0.996094 0.021484 0.976562 0.031250 0.958984 0.078125 0.955078 0.085938 0.947266 0.099609 0.953125 0.103516 0.996094
0 0.613281 0.916016 0.585938 0.904297 0.572266 0.890625 0.576172 0.867188 0.601562 0.849609 0.617188 0.849609 0.638672 0.867188 0.638672 0.886719 0.630859 0.902344 0.613281 0.916016
0 0.730469 0.451172 0.712891 0.445312 0.712891 0.433594 0.728516 0.417969 0.728516 0.410156 0.748047 0.398438 0.730469 0.388672 0.707031 0.404297 0.675781 0.400391 0.650391 0.375000 0.650391 0.351562 0.656250 0.345703 0.730469 0.345703 0.769531 0.369141 0.789062 0.369141 0.802734 0.378906 0.802734 0.390625 0.787109 0.398438 0.791016 0.429688 0.773438 0.435547 0.765625 0.419922 0.753906 0.443359 0.730469 0.451172
0 0.566406 0.478516 0.535156 0.474609 0.517578 0.460938 0.509766 0.417969 0.527344 0.400391 0.558594 0.396484 0.570312 0.400391 0.591797 0.421875 0.587891 0.453125 0.566406 0.478516
0 0.925781 0.607422 0.910156 0.607422 0.888672 0.589844 0.888672 0.562500 0.910156 0.548828 0.933594 0.544922 0.955078 0.574219 0.947266 0.593750 0.925781 0.607422
0 0.636719 0.744141 0.617188 0.744141 0.595703 0.726562 0.591797 0.687500 0.613281 0.666016 0.652344 0.669922 0.666016 0.687500 0.662109 0.726562 0.636719 0.744141
