0 0.929167 0.997222 0.926389 0.988889 0.930556 0.984722 0.966667 0.954167 0.980556 0.945833 0.991667 0.945833 0.997222 0.937500
0 0.086111 0.862500 0.055556 0.862500 0.044444 0.856944 0.034722 0.844444 0.037500 0.813889 0.045833 0.788889 0.045833 0.727778 0.055556 0.706944 0.088889 0.695833 0.108333 0.695833 0.131944 0.713889 0.140278 0.738889 0.140278 0.769444 0.115278 0.838889 0.094444 0.859722 0.086111 0.862500
0 0.561111 0.281944 0.541667 0.273611 0.525000 0.256944 0.516667 0.256944 0.506944 0.247222 0.490278 0.208333 0.493056 0.163889 0.512500 0.130556 0.536111 0.115278 0.569444 0.115278 0.580556 0.120833 0.598611 0.147222 0.606944 0.183333 0.606944 0.252778 0.588889 0.270833 0.561111 0.281944
0 0.316667 0.820833 0.308333 0.820833 0.295833 0.811111 0.290278 0.791667 0.290278 0.772222 0.298611 0.752778 0.304167 0.713889 0.304167 0.688889 0.322222 0.665278 0.340278 0.661111 0.340278 0.650000 0.355556 0.634722 0.375000 0.623611 0.391667 0.623611 0.418056 0.641667 0.418056 0.652778 0.409722 0.661111 0.409722 0.719444 0.387500 0.763889 0.369444 0.781944 0.352778 0.784722 0.343056 0.800000 0.316667 0.820833
0 0.408333 0.440278 0.369444 0.437500 0.348611 0.413889 0.343056 0.400000 0.345833 0.397222 0.331944 0.380556 0.323611 0.358333 0.323611 0.325000 0.334722 0.300000 0.347222 0.287500 0.363889 0.279167 0.388889 0.279167 0.416667 0.295833 0.451389 0.355556 0.456944 0.380556 0.456944 0.397222 0.451389 0.411111 0.433333 0.429167 0.408333 0.440278
0 0.676389 0.997222 0.676389 0.986111 0.684722 0.972222 0.684722 0.941667 0.698611 0.911111 0.725000 0.887500 0.752778 0.884722 0.786111 0.887500 0.790278 0.891667 0.787500 0.905556 0.795833 0.913889 0.798611 0.975000 0.795833 0.983333 0.779167 0.997222
0 0.134722 0.000000 0.105556 0.018056 0.086111 0.015278 0.073611 0.000000
0 0.183333 0.887500 0.152778 0.884722 0.134722 0.866667 0.131944 0.855556 0.131944 0.830556 0.140278 0.802778 0.161111 0.770833 0.197222 0.776389 0.209722 0.786111 0.215278 0.802778 0.215278 0.819444 0.195833 0.875000 0.183333 0.887500
0 0.395833 0.997222 0.404167 0.988889 0.404167 0.969444 0.412500 0.963889 0.409722 0.961111 0.426389 0.936111 0.455556 0.906944 0.475000 0.901389 0.490278 0.916667 0.490278 0.950000 0.473611 0.980556 0.456944 0.997222
0 0.000000 0.909722 0.033333 0.918056 0.061111 0.934722 0.095833 0.980556 0.095833 0.997222
0 0.670833 0.000000 0.673611 0.027778 0.668056 0.047222 0.655556 0.059722 0.622222 0.068056 0.588889 0.068056 0.555556 0.054167 0.529167 0.025000 0.529167 0.000000
0 0.086111 0.379167 0.063889 0.379167 0.050000 0.370833 0.040278 0.358333 0.043056 0.325000 0.059722 0.291667 0.075000 0.279167 0.136111 0.248611 0.161111 0.245833 0.172222 0.251389 0.184722 0.269444 0.181944 0.300000 0.170833 0.305556 0.165278 0.316667 0.138889 0.343056 0.086111 0.379167
0 0.458333 0.526389 0.436111 0.523611 0.412500 0.505556 0.404167 0.488889 0.412500 0.458333 0.420833 0.444444 0.438889 0.434722 0.444444 0.426389 0.466667 0.418056 0.486111 0.404167 0.516667 0.404167 0.527778 0.409722 0.540278 0.430556 0.537500 0.450000 0.529167 0.466667 0.504167 0.483333 0.498611 0.500000 0.483333 0.515278 0.458333 0.526389
0 0.511111 0.765278 0.475000 0.754167 0.463889 0.743056 0.461111 0.745833 0.448611 0.730556 0.440278 0.702778 0.443056 0.650000 0.445833 0.638889 0.454167 0.630556 0.454167 0.622222 0.488889 0.579167 0.500000 0.570833 0.538889 0.562500 0.569444 0.573611 0.587500 0.591667 0.595833 0.605556 0.595833 0.647222 0.587500 0.683333 0.565278 0.716667 0.555556 0.729167 0.545833 0.733333 0.538889 0.745833 0.511111 0.765278
0 0.922222 0.990278 0.908333 0.990278 0.886111 0.979167 0.866667 0.984722 0.836111 0.984722 0.813889 0.976389 0.801389 0.963889 0.801389 0.927778 0.812500 0.905556 0.833333 0.898611 0.863889 0.912500 0.886111 0.912500 0.919444 0.893056 0.961111 0.893056 0.972222 0.898611 0.981944 0.908333 0.993056 0.930556 0.993056 0.944444 0.980556 0.943056 0.922222 0.990278
0 0.808333 0.881944 0.791667 0.881944 0.761111 0.862500 0.733333 0.862500 0.706944 0.841667 0.704167 0.800000 0.718056 0.772222 0.733333 0.759722 0.772222 0.756944 0.794444 0.779167 0.802778 0.776389 0.822222 0.781944 0.848611 0.808333 0.848611 0.841667 0.834722 0.861111 0.816667 0.879167 0.808333 0.881944
0 0.350000 0.179167 0.319444 0.179167 0.291667 0.159722 0.270833 0.133333 0.270833 0.127778 0.262500 0.122222 0.251389 0.097222 0.245833 0.080556 0.248611 0.047222 0.256944 0.027778 0.275000 0.009722 0.300000 0.004167 0.330556 0.012500 0.354167 0.036111 0.365278 0.058333 0.379167 0.108333 0.381944 0.138889 0.376389 0.155556 0.350000 0.179167
0 0.836111 0.290278 0.811111 0.290278 0.788889 0.281944 0.779167 0.266667 0.779167 0.236111 0.769444 0.234722 0.751389 0.211111 0.751389 0.180556 0.762500 0.161111 0.800000 0.129167 0.819444 0.120833 0.852778 0.120833 0.870833 0.133333 0.887500 0.230556 0.887500 0.252778 0.879167 0.263889 0.858333 0.281944 0.836111 0.290278
0 0.397222 0.937500 0.372222 0.934722 0.341667 0.915278 0.326389 0.900000 0.326389 0.883333 0.345833 0.863889 0.379167 0.797222 0.402778 0.770833 0.438889 0.773611 0.458333 0.787500 0.473611 0.808333 0.479167 0.836111 0.476389 0.872222 0.444444 0.912500 0.438889 0.912500 0.413889 0.931944 0.397222 0.937500
0 0.277778 0.676389 0.222222 0.668056 0.216667 0.668056 0.213889 0.673611 0.200000 0.673611 0.180556 0.668056 0.165278 0.647222 0.168056 0.611111 0.202778 0.584722 0.247222 0.584722 0.286111 0.601389 0.318056 0.627778 0.318056 0.650000 0.297222 0.673611 0.277778 0.676389
0 0.997222 0.201389 0.973611 0.180556 0.954167 0.144444 0.956944 0.108333 0.972222 0.090278 0.997222 0.079167
0 0.059722 0.000000 0.056944 0.025000 0.041667 0.045833 0.008333 0.051389 0.000000 0.037500
0 0.000000 0.406944 0.001389 0.406944 0.001389 0.504167 0.000000 0.504167
