0 0.046875 0.611328 0.031250 0.611328 0.021484 0.597656 0.021484 0.582031 0.035156 0.564453 0.046875 0.564453 0.060547 0.574219 0.060547 0.597656 0.046875 0.611328
0 0.765625 0.822266 0.753906 0.822266 0.740234 0.812500 0.748047 0.800781 0.748047 0.785156 0.761719 0.775391 0.769531 0.775391 0.787109 0.792969 0.787109 0.812500 0.765625 0.822266
0 0.113281 0.080078 0.101562 0.080078 0.091797 0.070312 0.087891 0.050781 0.093750 0.044922 0.109375 0.044922 0.123047 0.058594 0.113281 0.080078
0 0.531250 0.966797 0.515625 0.966797 0.505859 0.957031 0.505859 0.941406 0.519531 0.923828 0.539062 0.923828 0.548828 0.937500 0.544922 0.953125 0.531250 0.966797
0 0.812500 0.880859 0.798828 0.867188 0.798828 0.839844 0.820312 0.830078 0.833984 0.835938 0.837891 0.859375 0.828125 0.876953 0.812500 0.880859
0 0.402344 0.060547 0.386719 0.060547 0.380859 0.054688 0.384766 0.027344 0.414062 0.017578 0.419922 0.023438 0.419922 0.042969 0.402344 0.060547
0 0.375000 0.052734 0.357422 0.046875 0.353516 0.023438 0.382812 0.013672 0.388672 0.019531 0.384766 0.042969 0.375000 0.052734
0 0.404297 0.000000 0.402344 0.021484 0.371094 0.013672 0.369141 0.000000
0 0.996094 0.013672 0.968750 0.017578 0.951172 0.000000
0 0.910156 0.951172 0.882812 0.947266 0.876953 0.937500 0.880859 0.917969 0.890625 0.908203 0.906250 0.908203 0.916016 0.921875 0.910156 0.951172
0 0.880859 0.996094 0.894531 0.982422 0.910156 0.986328 0.916016 0.996094
0 0.734375 0.822266 0.714844 0.822266 0.708984 0.812500 0.708984 0.789062 0.718750 0.775391 0.738281 0.775391 0.748047 0.796875 0.734375 0.822266
0 0.968750 0.662109 0.949219 0.662109 0.939453 0.652344 0.939453 0.632812 0.949219 0.623047 0.960938 0.623047 0.974609 0.632812 0.978516 0.652344 0.968750 0.662109
0 0.996094 0.619141 0.972656 0.623047 0.955078 0.593750 0.958984 0.578125 0.976562 0.560547 0.996094 0.564453
0 0.082031 0.076172 0.070312 0.076172 0.056641 0.066406 0.056641 0.046875 0.062500 0.041016 0.078125 0.041016 0.091797 0.054688 0.091797 0.066406 0.082031 0.076172
0 0.451172 0.000000 0.441406 0.017578 0.414062 0.009766 0.412109 0.000000
