0 0.527778 0.304167 0.466667 0.304167 0.461111 0.298611 0.438889 0.295833 0.427778 0.287500 0.419444 0.287500 0.395833 0.269444 0.390278 0.244444 0.398611 0.230556 0.413889 0.220833 0.447222 0.215278 0.458333 0.206944 0.475000 0.206944 0.488889 0.201389 0.527778 0.201389 0.543056 0.216667 0.559722 0.252778 0.559722 0.277778 0.547222 0.293056 0.527778 0.304167
0 0.433333 0.431944 0.388889 0.431944 0.366667 0.423611 0.348611 0.400000 0.348611 0.380556 0.362500 0.350000 0.380556 0.334722 0.408333 0.320833 0.452778 0.318056 0.475000 0.326389 0.490278 0.344444 0.493056 0.388889 0.465278 0.416667 0.468056 0.419444 0.463889 0.423611 0.433333 0.431944
0 0.413889 0.215278 0.380556 0.212500 0.365278 0.197222 0.354167 0.175000 0.354167 0.163889 0.365278 0.136111 0.397222 0.101389 0.430556 0.081944 0.433333 0.076389 0.461111 0.068056 0.497222 0.068056 0.508333 0.073611 0.515278 0.080556 0.537500 0.130556 0.537500 0.166667 0.531944 0.183333 0.516667 0.198611 0.497222 0.195833 0.455556 0.209722 0.430556 0.209722 0.413889 0.215278
0 0.997222 0.668056 0.991667 0.668056 0.979167 0.655556 0.973611 0.641667 0.973611 0.600000 0.979167 0.583333 0.997222 0.581944
0 0.575000 0.895833 0.552778 0.895833 0.544444 0.887500 0.530556 0.890278 0.516667 0.879167 0.506944 0.877778 0.506944 0.872222 0.498611 0.866667 0.490278 0.838889 0.495833 0.813889 0.508333 0.801389 0.516667 0.801389 0.519444 0.795833 0.527778 0.795833 0.552778 0.779167 0.611111 0.756944 0.630556 0.756944 0.666667 0.768056 0.676389 0.780556 0.676389 0.794444 0.673611 0.822222 0.665278 0.838889 0.652778 0.840278 0.633333 0.865278 0.622222 0.868056 0.616667 0.876389 0.575000 0.895833
0 0.327778 0.598611 0.311111 0.598611 0.280556 0.587500 0.265278 0.577778 0.251389 0.555556 0.248611 0.522222 0.254167 0.505556 0.275000 0.481944 0.288889 0.476389 0.336111 0.476389 0.372222 0.487500 0.379167 0.497222 0.381944 0.558333 0.376389 0.569444 0.355556 0.590278 0.330556 0.593056 0.327778 0.598611
0 0.840278 0.997222 0.834722 0.977778 0.829167 0.972222 0.820833 0.927778 0.823611 0.891667 0.829167 0.877778 0.847222 0.865278 0.872222 0.870833 0.887500 0.886111 0.906944 0.919444 0.920833 0.980556 0.920833 0.997222
0 0.672222 0.368056 0.644444 0.368056 0.594444 0.354167 0.580556 0.348611 0.562500 0.327778 0.568056 0.294444 0.588889 0.256944 0.616667 0.243056 0.658333 0.245833 0.680556 0.259722 0.718056 0.302778 0.720833 0.330556 0.706944 0.352778 0.688889 0.365278 0.672222 0.368056
0 0.608333 0.501389 0.550000 0.481944 0.531944 0.461111 0.529167 0.441667 0.537500 0.430556 0.537500 0.419444 0.555556 0.395833 0.613889 0.390278 0.619444 0.390278 0.622222 0.395833 0.641667 0.393056 0.644444 0.401389 0.655556 0.404167 0.676389 0.425000 0.676389 0.472222 0.647222 0.495833 0.608333 0.501389
0 0.550000 0.387500 0.531944 0.383333 0.533333 0.365278 0.554167 0.366667 0.554167 0.383333 0.550000 0.387500
0 0.000000 0.759722 0.031944 0.783333 0.040278 0.802778 0.040278 0.819444 0.054167 0.836111 0.065278 0.866667 0.065278 0.880556 0.059722 0.891667 0.038889 0.912500 0.027778 0.918056 0.000000 0.912500
0 0.691667 0.687500 0.647222 0.687500 0.580556 0.676389 0.565278 0.661111 0.556944 0.641667 0.556944 0.625000 0.562500 0.613889 0.583333 0.598611 0.641667 0.579167 0.686111 0.581944 0.702778 0.587500 0.729167 0.613889 0.729167 0.622222 0.734722 0.627778 0.737500 0.658333 0.727778 0.676389 0.691667 0.687500
0 0.122222 0.156944 0.094444 0.156944 0.080556 0.151389 0.065278 0.136111 0.056944 0.116667 0.062500 0.086111 0.083333 0.062500 0.088889 0.062500 0.119444 0.037500 0.136111 0.029167 0.197222 0.029167 0.215278 0.052778 0.212500 0.083333 0.175000 0.134722 0.169444 0.134722 0.150000 0.151389 0.133333 0.151389 0.122222 0.156944
0 0.000000 0.709722 0.022222 0.690278 0.038889 0.684722 0.050000 0.670833 0.066667 0.668056 0.111111 0.690278 0.137500 0.713889 0.143056 0.725000 0.143056 0.755556 0.137500 0.761111 0.131944 0.786111 0.125000 0.793056 0.113889 0.790278 0.093056 0.822222 0.083333 0.826389 0.072222 0.826389 0.044444 0.798611 0.037500 0.797222 0.031944 0.783333 0.019444 0.770833 0.000000 0.759722
0 0.286111 0.731944 0.255556 0.731944 0.250000 0.726389 0.212500 0.713889 0.193056 0.675000 0.195833 0.641667 0.205556 0.629167 0.238889 0.612500 0.283333 0.604167 0.336111 0.612500 0.354167 0.627778 0.370833 0.658333 0.365278 0.700000 0.350000 0.712500 0.316667 0.729167 0.286111 0.731944
0 0.933333 0.462500 0.905556 0.462500 0.883333 0.451389 0.868056 0.430556 0.862500 0.408333 0.862500 0.361111 0.868056 0.358333 0.870833 0.341667 0.890278 0.305556 0.902778 0.293056 0.919444 0.287500 0.936111 0.293056 0.951389 0.313889 0.968056 0.388889 0.968056 0.425000 0.962500 0.436111 0.965278 0.444444 0.952778 0.456944 0.933333 0.462500
0 0.433333 0.645833 0.405556 0.645833 0.390278 0.636111 0.384722 0.622222 0.376389 0.619444 0.373611 0.580556 0.384722 0.566667 0.384722 0.547222 0.406944 0.513889 0.419444 0.501389 0.452778 0.501389 0.472222 0.512500 0.493056 0.533333 0.504167 0.555556 0.504167 0.583333 0.501389 0.602778 0.477778 0.620833 0.463889 0.637500 0.433333 0.645833
0 0.255556 0.912500 0.230556 0.909722 0.225000 0.904167 0.216667 0.904167 0.211111 0.895833 0.202778 0.898611 0.186111 0.893056 0.151389 0.869444 0.143056 0.847222 0.143056 0.816667 0.145833 0.802778 0.166667 0.779167 0.188889 0.773611 0.233333 0.776389 0.269444 0.798611 0.283333 0.798611 0.300000 0.806944 0.320833 0.822222 0.326389 0.833333 0.326389 0.850000 0.309722 0.880556 0.286111 0.895833 0.261111 0.901389 0.255556 0.912500
0 0.000000 0.415278 0.025000 0.420833 0.044444 0.437500 0.056944 0.452778 0.065278 0.480556 0.062500 0.497222 0.044444 0.509722 0.019444 0.509722 0.011111 0.501389 0.000000 0.506944
0 0.769444 0.626389 0.761111 0.626389 0.755556 0.620833 0.741667 0.623611 0.718056 0.600000 0.709722 0.583333 0.701389 0.577778 0.701389 0.538889 0.720833 0.500000 0.744444 0.476389 0.775000 0.465278 0.788889 0.465278 0.800000 0.470833 0.816667 0.493056 0.825000 0.493056 0.834722 0.502778 0.840278 0.522222 0.834722 0.563889 0.826389 0.586111 0.813889 0.598611 0.786111 0.612500 0.769444 0.626389
0 0.000000 0.273611 0.016667 0.276389 0.027778 0.284722 0.043056 0.302778 0.048611 0.316667 0.048611 0.338889 0.043056 0.355556 0.000000 0.393056
0 0.734722 0.997222 0.734722 0.986111 0.743056 0.972222 0.763889 0.959722 0.777778 0.959722 0.800000 0.968056 0.801389 0.975000 0.823611 0.997222
