0 0.282421 0.048077 0.262248 0.044231 0.255043 0.030769 0.255043 0.019231 0.268012 0.009615 0.282421 0.013462 0.289625 0.034615 0.282421 0.048077
0 0.927954 0.794231 0.913545 0.794231 0.906340 0.773077 0.914986 0.757692 0.914986 0.742308 0.927954 0.725000 0.942363 0.725000 0.952450 0.742308 0.952450 0.765385 0.927954 0.794231
0 0.544669 0.671154 0.533141 0.667308 0.528818 0.657692 0.528818 0.603846 0.544669 0.586538 0.551873 0.592308 0.554755 0.603846 0.554755 0.615385 0.546110 0.626923 0.546110 0.642308 0.553314 0.651923 0.563401 0.653846 0.559078 0.667308 0.544669 0.671154
0 0.870317 0.144231 0.838617 0.140385 0.825648 0.119231 0.825648 0.103846 0.838617 0.090385 0.855908 0.090385 0.873199 0.101923 0.880403 0.115385 0.870317 0.144231
0 0.806916 0.428846 0.789625 0.428846 0.785303 0.423077 0.789625 0.398077 0.804035 0.394231 0.811239 0.403846 0.811239 0.423077 0.806916 0.428846
0 0.348703 0.686538 0.335735 0.684615 0.335735 0.626923 0.345821 0.613462 0.364553 0.638462 0.361671 0.673077 0.348703 0.686538
0 0.639769 0.305769 0.632565 0.303846 0.634006 0.282692 0.646974 0.288462 0.646974 0.300000 0.639769 0.305769
0 0.610951 0.751923 0.596542 0.751923 0.580692 0.738462 0.589337 0.700000 0.599424 0.690385 0.616715 0.694231 0.632565 0.719231 0.632565 0.730769 0.610951 0.751923
0 0.314121 0.359615 0.293948 0.355769 0.278098 0.334615 0.275216 0.307692 0.282421 0.294231 0.296830 0.294231 0.318444 0.323077 0.321326 0.350000 0.314121 0.359615
0 0.907781 0.571154 0.903458 0.565385 0.903458 0.542308 0.909222 0.530769 0.939481 0.498077 0.956772 0.501923 0.955331 0.553846 0.930836 0.532692 0.919308 0.532692 0.909222 0.542308 0.907781 0.571154
0 0.585014 0.259615 0.556196 0.259615 0.551873 0.253846 0.551873 0.207692 0.570605 0.178846 0.579251 0.182692 0.582133 0.194231 0.593660 0.194231 0.606628 0.207692 0.606628 0.230769 0.600865 0.246154 0.585014 0.259615
0 0.469741 0.459615 0.455331 0.455769 0.445245 0.442308 0.442363 0.419231 0.455331 0.394231 0.472622 0.382692 0.484150 0.382692 0.491354 0.392308 0.491354 0.411538 0.469741 0.459615
0 0.172911 0.463462 0.161383 0.463462 0.157061 0.457692 0.157061 0.415385 0.164265 0.398077 0.174352 0.400000 0.172911 0.463462
0 0.278098 0.996154 0.299712 0.975000 0.312680 0.976923 0.315562 0.996154
0 0.867435 0.232692 0.847262 0.228846 0.831412 0.203846 0.831412 0.192308 0.837176 0.184615 0.835735 0.163462 0.870317 0.159615 0.880403 0.176923 0.880403 0.200000 0.874640 0.223077 0.867435 0.232692
0 0.185879 0.996154 0.201729 0.986538 0.216138 0.986538 0.231988 0.996154
0 0.184438 0.075000 0.165706 0.069231 0.165706 0.053846 0.175793 0.036538 0.191643 0.042308 0.191643 0.065385 0.184438 0.075000
0 0.551873 0.996154 0.540346 0.957692 0.544669 0.925000 0.564841 0.925000 0.577810 0.942308 0.586455 0.973077 0.586455 0.996154
0 0.632565 0.000000 0.613833 0.025000 0.599424 0.021154 0.589337 0.007692 0.589337 0.000000
0 0.363112 0.551923 0.353026 0.542308 0.347262 0.526923 0.353026 0.500000 0.363112 0.486538 0.377522 0.478846 0.397695 0.482692 0.402017 0.496154 0.386167 0.498077 0.378963 0.511538 0.381844 0.546154 0.363112 0.551923
0 0.504323 0.309615 0.479827 0.300000 0.479827 0.288462 0.489914 0.271154 0.504323 0.271154 0.520173 0.284615 0.520173 0.296154 0.504323 0.309615
0 0.682997 0.282692 0.668588 0.282692 0.661383 0.261538 0.685879 0.259615 0.687320 0.276923 0.682997 0.282692
0 0.417867 0.990385 0.409222 0.990385 0.402017 0.980769 0.404899 0.961538 0.426513 0.925000 0.435159 0.925000 0.433718 0.976923 0.417867 0.990385
0 0.997118 0.848077 0.988473 0.863462 0.968300 0.859615 0.963977 0.846154 0.966859 0.819231 0.971182 0.813462 0.988473 0.817308 0.995677 0.826923 0.997118 0.840385
0 0.691643 0.144231 0.681556 0.142308 0.685879 0.125000 0.695965 0.126923 0.691643 0.144231
0 0.841499 0.078846 0.827089 0.078846 0.822767 0.073077 0.822767 0.042308 0.832853 0.025000 0.847262 0.025000 0.860231 0.038462 0.860231 0.057692 0.850144 0.059615 0.841499 0.078846
0 0.867435 0.617308 0.854467 0.611538 0.854467 0.588462 0.861671 0.578846 0.873199 0.578846 0.883285 0.592308 0.883285 0.607692 0.867435 0.617308
0 0.328530 0.255769 0.305476 0.244231 0.289625 0.215385 0.286744 0.192308 0.296830 0.178846 0.317003 0.182692 0.344380 0.219231 0.341499 0.242308 0.328530 0.255769
0 0.000000 0.963462 0.014409 0.959615 0.021614 0.965385 0.024496 0.984615 0.012968 0.996154
0 0.680115 0.140385 0.668588 0.136538 0.661383 0.126923 0.664265 0.111538 0.675793 0.107692 0.677233 0.094231 0.682997 0.105769 0.690202 0.107692 0.690202 0.123077 0.681556 0.130769 0.680115 0.140385
0 0.567723 0.651923 0.553314 0.651923 0.546110 0.642308 0.546110 0.626923 0.553314 0.617308 0.569164 0.623077 0.572046 0.646154 0.567723 0.651923
0 0.881844 0.686538 0.874640 0.676923 0.876081 0.667308 0.890490 0.659615 0.903458 0.661538 0.904899 0.682692 0.881844 0.686538
0 0.772334 0.317308 0.766571 0.317308 0.759366 0.303846 0.765130 0.276923 0.778098 0.271154 0.795389 0.278846 0.805476 0.311538 0.772334 0.317308
0 0.700288 0.809615 0.682997 0.809615 0.658501 0.788462 0.649856 0.765385 0.657061 0.740385 0.677233 0.736538 0.690202 0.750000 0.704611 0.784615 0.700288 0.809615
0 0.282421 0.886538 0.270893 0.882692 0.266571 0.873077 0.260807 0.826923 0.263689 0.815385 0.279539 0.794231 0.293948 0.794231 0.298271 0.800000 0.298271 0.823077 0.282421 0.886538
0 0.948127 0.613462 0.936599 0.613462 0.909222 0.573077 0.909222 0.542308 0.913545 0.536538 0.930836 0.532692 0.955331 0.557692 0.946686 0.565385 0.943804 0.596154 0.958213 0.607692 0.948127 0.613462
0 0.818444 0.475000 0.805476 0.461538 0.812680 0.444231 0.828530 0.453846 0.825648 0.469231 0.818444 0.475000
0 0.317003 0.828846 0.311239 0.828846 0.306916 0.819231 0.306916 0.788462 0.314121 0.771154 0.325648 0.771154 0.334294 0.782692 0.353026 0.788462 0.348703 0.805769 0.337176 0.805769 0.317003 0.828846
0 0.187320 0.467308 0.174352 0.461538 0.175793 0.398077 0.194524 0.407692 0.194524 0.450000 0.187320 0.467308
0 0.792507 0.775000 0.770893 0.773077 0.768012 0.734615 0.789625 0.713462 0.804035 0.713462 0.814121 0.730769 0.814121 0.746154 0.805476 0.765385 0.792507 0.775000
0 0.608069 0.086538 0.599424 0.086538 0.589337 0.073077 0.593660 0.059615 0.605187 0.059615 0.609510 0.065385 0.612392 0.080769 0.608069 0.086538
0 0.824207 0.959615 0.802594 0.950000 0.802594 0.930769 0.811239 0.911538 0.829971 0.890385 0.835735 0.890385 0.841499 0.901923 0.858790 0.898077 0.865994 0.907692 0.865994 0.926923 0.853026 0.944231 0.824207 0.959615
0 0.210375 0.363462 0.187320 0.355769 0.182997 0.342308 0.190202 0.332692 0.221902 0.325000 0.226225 0.342308 0.210375 0.363462
0 0.997118 0.213462 0.987032 0.196154 0.987032 0.157692 0.997118 0.151923
0 0.487032 0.905769 0.469741 0.905769 0.451009 0.884615 0.453890 0.853846 0.469741 0.836538 0.478386 0.836538 0.487032 0.848077 0.497118 0.873077 0.497118 0.884615 0.487032 0.905769
0 0.495677 0.848077 0.484150 0.848077 0.479827 0.842308 0.479827 0.796154 0.492795 0.775000 0.507205 0.771154 0.517291 0.784615 0.517291 0.823077 0.507205 0.840385 0.495677 0.848077
0 0.674352 0.109615 0.661383 0.103846 0.665706 0.086538 0.675793 0.088462 0.674352 0.109615
0 0.482709 0.996154 0.501441 0.959615 0.504323 0.963462 0.518732 0.951923 0.543228 0.961538 0.546110 0.980769 0.540346 0.996154
0 0.420749 0.644231 0.399135 0.642308 0.399135 0.611538 0.403458 0.605769 0.417867 0.601923 0.430836 0.611538 0.430836 0.630769 0.420749 0.644231
0 0.783862 0.963462 0.762248 0.953846 0.762248 0.930769 0.783862 0.909615 0.809798 0.913462 0.802594 0.930769 0.802594 0.946154 0.789625 0.948077 0.783862 0.963462
0 0.726225 0.363462 0.713256 0.342308 0.716138 0.300000 0.729107 0.275000 0.734870 0.286538 0.744957 0.284615 0.744957 0.273077 0.737752 0.267308 0.760807 0.267308 0.765130 0.280769 0.759366 0.303846 0.770893 0.319231 0.770893 0.334615 0.755043 0.336538 0.752161 0.328846 0.737752 0.328846 0.730548 0.334615 0.726225 0.363462
0 0.775216 0.367308 0.762248 0.365385 0.772334 0.332692 0.782421 0.350000 0.775216 0.367308
0 0.466859 0.278846 0.438040 0.275000 0.427954 0.265385 0.427954 0.253846 0.438040 0.244231 0.461095 0.244231 0.471182 0.257692 0.471182 0.273077 0.466859 0.278846
0 0.501441 0.344231 0.466859 0.344231 0.462536 0.338462 0.465418 0.311538 0.475504 0.301923 0.504323 0.309615 0.508646 0.334615 0.501441 0.344231
0 0.613833 0.205769 0.602305 0.205769 0.577810 0.173077 0.574928 0.134615 0.590778 0.117308 0.599424 0.117308 0.609510 0.126923 0.623919 0.161538 0.626801 0.184615 0.623919 0.196154 0.613833 0.205769
0 0.426513 0.732692 0.420749 0.732692 0.407781 0.711538 0.410663 0.684615 0.429395 0.659615 0.446686 0.659615 0.451009 0.665385 0.451009 0.688462 0.426513 0.732692
0 0.489914 0.205769 0.472622 0.205769 0.462536 0.196154 0.459654 0.169231 0.466859 0.155769 0.478386 0.155769 0.491354 0.169231 0.497118 0.196154 0.489914 0.205769
0 0.798271 0.971154 0.785303 0.965385 0.789625 0.948077 0.801153 0.948077 0.814121 0.957692 0.798271 0.971154
0 0.561960 0.813462 0.553314 0.813462 0.543228 0.803846 0.537464 0.792308 0.537464 0.773077 0.559078 0.736538 0.570605 0.736538 0.577810 0.746154 0.580692 0.788462 0.577810 0.800000 0.561960 0.813462
0 0.997118 0.144231 0.985591 0.144231 0.978386 0.126923 0.981268 0.107692 0.997118 0.090385
0 0.342939 0.975000 0.334294 0.975000 0.327089 0.965385 0.327089 0.934615 0.354467 0.917308 0.368876 0.921154 0.376081 0.930769 0.373199 0.950000 0.342939 0.975000
0 0.870317 0.851923 0.857349 0.834615 0.857349 0.780769 0.861671 0.775000 0.870317 0.775000 0.889049 0.800000 0.886167 0.823077 0.891931 0.826923 0.878963 0.848077 0.870317 0.851923
0 0.409222 0.605769 0.399135 0.600000 0.393372 0.580769 0.393372 0.561538 0.400576 0.551923 0.412104 0.551923 0.419308 0.565385 0.419308 0.584615 0.409222 0.605769
0 0.247839 0.955769 0.236311 0.955769 0.220461 0.934615 0.217579 0.900000 0.227666 0.886538 0.250720 0.882692 0.266571 0.907692 0.269452 0.930769 0.247839 0.955769
0 0.466859 0.251923 0.461095 0.244231 0.433718 0.246154 0.436599 0.211538 0.446686 0.198077 0.462536 0.207692 0.468300 0.226923 0.466859 0.251923
0 0.760807 0.363462 0.747839 0.357692 0.747839 0.346154 0.755043 0.336538 0.768012 0.338462 0.768012 0.350000 0.760807 0.363462
0 0.599424 0.605769 0.587896 0.605769 0.577810 0.588462 0.577810 0.561538 0.590778 0.540385 0.605187 0.540385 0.615274 0.553846 0.615274 0.576923 0.599424 0.605769
0 0.302594 0.132692 0.279539 0.121154 0.272334 0.111538 0.272334 0.088462 0.279539 0.075000 0.293948 0.071154 0.314121 0.086538 0.324207 0.103846 0.321326 0.123077 0.302594 0.132692
0 0.743516 0.363462 0.729107 0.363462 0.727666 0.346154 0.746398 0.344231 0.747839 0.357692 0.743516 0.363462
0 0.685879 0.555769 0.672911 0.546154 0.672911 0.534615 0.687320 0.515385 0.697406 0.490385 0.714697 0.494231 0.719020 0.500000 0.716138 0.530769 0.685879 0.555769
0 0.861671 0.494231 0.854467 0.492308 0.854467 0.469231 0.870317 0.467308 0.877522 0.484615 0.861671 0.494231
0 0.772334 0.255769 0.762248 0.246154 0.762248 0.223077 0.750720 0.219231 0.756484 0.192308 0.763689 0.182692 0.772334 0.186538 0.788184 0.215385 0.788184 0.242308 0.772334 0.255769
0 0.899135 0.740385 0.887608 0.740385 0.883285 0.734615 0.884726 0.717308 0.906340 0.715385 0.906340 0.726923 0.899135 0.740385
0 0.766571 0.882692 0.749280 0.882692 0.727666 0.865385 0.724784 0.842308 0.734870 0.821154 0.755043 0.817308 0.782421 0.842308 0.782421 0.869231 0.766571 0.882692
0 0.867435 0.859615 0.829971 0.855769 0.811239 0.823077 0.811239 0.803846 0.821326 0.790385 0.855908 0.794231 0.857349 0.834615 0.868876 0.850000 0.867435 0.859615
0 0.904899 0.917308 0.890490 0.917308 0.886167 0.911538 0.886167 0.888462 0.904899 0.863462 0.922190 0.863462 0.929395 0.873077 0.929395 0.884615 0.904899 0.917308
0 0.239193 0.778846 0.230548 0.778846 0.217579 0.761538 0.214697 0.730769 0.219020 0.721154 0.233429 0.721154 0.255043 0.742308 0.255043 0.765385 0.239193 0.778846
0 0.916427 0.117308 0.881844 0.113462 0.874640 0.103846 0.877522 0.076923 0.899135 0.059615 0.925072 0.067308 0.932277 0.076923 0.932277 0.103846 0.916427 0.117308
0 0.844380 0.901923 0.831412 0.876923 0.834294 0.861538 0.841499 0.855769 0.864553 0.859615 0.865994 0.876923 0.857349 0.896154 0.844380 0.901923
0 0.965418 0.482692 0.948127 0.478846 0.940922 0.469231 0.938040 0.442308 0.945245 0.428846 0.963977 0.434615 0.972622 0.465385 0.965418 0.482692
0 0.665706 0.309615 0.657061 0.309615 0.655620 0.296154 0.636888 0.282692 0.626801 0.265385 0.626801 0.250000 0.639769 0.228846 0.662824 0.225000 0.681556 0.250000 0.680115 0.259615 0.661383 0.261538 0.668588 0.282692 0.681556 0.284615 0.681556 0.292308 0.665706 0.309615
0 0.778098 0.040385 0.760807 0.040385 0.756484 0.034615 0.756484 0.015385 0.760807 0.009615 0.772334 0.005769 0.782421 0.011538 0.782421 0.034615 0.778098 0.040385
0 0.962536 0.605769 0.953890 0.605769 0.943804 0.596154 0.946686 0.565385 0.956772 0.559615 0.975504 0.580769 0.975504 0.596154 0.962536 0.605769
0 0.881844 0.536538 0.867435 0.536538 0.851585 0.519231 0.855908 0.494231 0.867435 0.486538 0.881844 0.486538 0.889049 0.496154 0.891931 0.526923 0.881844 0.536538
0 0.259366 0.251923 0.247839 0.248077 0.229107 0.211538 0.229107 0.180769 0.233429 0.171154 0.247839 0.171154 0.260807 0.192308 0.269452 0.242308 0.259366 0.251923
0 0.521614 0.782692 0.508646 0.773077 0.512968 0.755769 0.524496 0.755769 0.531700 0.769231 0.521614 0.782692
0 0.559078 0.701923 0.546110 0.696154 0.550432 0.682692 0.557637 0.684615 0.559078 0.701923
0 0.089337 0.109615 0.076369 0.103846 0.076369 0.088462 0.083573 0.078846 0.096542 0.088462 0.096542 0.100000 0.089337 0.109615
0 0.631124 0.132692 0.618156 0.123077 0.619597 0.113462 0.632565 0.119231 0.631124 0.132692
0 0.429395 0.851923 0.417867 0.851923 0.413545 0.842308 0.410663 0.796154 0.423631 0.775000 0.443804 0.775000 0.448127 0.780769 0.448127 0.826923 0.429395 0.851923
0 0.685879 0.605769 0.677233 0.605769 0.675793 0.600000 0.685879 0.586538 0.694524 0.586538 0.695965 0.592308 0.685879 0.605769
0 0.684438 0.000000 0.684438 0.026923 0.671470 0.048077 0.652738 0.042308 0.646974 0.026923 0.649856 0.000000
0 0.717579 0.978846 0.695965 0.969231 0.693084 0.938462 0.708934 0.909615 0.734870 0.905769 0.744957 0.919231 0.744957 0.942308 0.736311 0.961538 0.717579 0.978846
0 0.773775 0.000000 0.757925 0.013462 0.736311 0.000000
0 0.461095 0.321154 0.446686 0.317308 0.433718 0.303846 0.427954 0.288462 0.429395 0.271154 0.462536 0.280769 0.459654 0.292308 0.468300 0.296154 0.468300 0.307692 0.461095 0.321154
0 0.636888 0.394231 0.602305 0.394231 0.583573 0.376923 0.583573 0.365385 0.602305 0.340385 0.625360 0.340385 0.641210 0.361538 0.641210 0.388462 0.636888 0.394231
0 0.850144 0.517308 0.832853 0.517308 0.828530 0.511538 0.828530 0.488462 0.835735 0.478846 0.854467 0.488462 0.850144 0.517308
0 0.391931 0.467308 0.383285 0.467308 0.370317 0.453846 0.361671 0.430769 0.365994 0.405769 0.402017 0.423077 0.402017 0.453846 0.391931 0.467308
0 0.682997 0.205769 0.672911 0.203846 0.677233 0.186538 0.687320 0.192308 0.682997 0.205769
0 0.936599 0.448077 0.925072 0.448077 0.909222 0.419231 0.909222 0.388462 0.913545 0.382692 0.922190 0.382692 0.935159 0.396154 0.940922 0.419231 0.936599 0.448077
0 0.930836 0.651923 0.903458 0.646154 0.900576 0.623077 0.919308 0.594231 0.925072 0.594231 0.936599 0.613462 0.949568 0.615385 0.946686 0.630769 0.930836 0.651923
0 0.694524 0.586538 0.684438 0.584615 0.678674 0.573077 0.680115 0.559615 0.691643 0.559615 0.695965 0.565385 0.694524 0.586538
0 0.141210 0.809615 0.129683 0.809615 0.122478 0.796154 0.122478 0.773077 0.132565 0.759615 0.142651 0.769231 0.148415 0.784615 0.148415 0.800000 0.141210 0.809615
0 0.899135 0.651923 0.887608 0.651923 0.880403 0.642308 0.880403 0.630769 0.887608 0.621154 0.899135 0.621154 0.903458 0.626923 0.903458 0.646154 0.899135 0.651923
0 0.435159 0.590385 0.419308 0.584615 0.419308 0.565385 0.413545 0.553846 0.429395 0.536538 0.442363 0.550000 0.448127 0.565385 0.435159 0.590385
0 0.149856 0.098077 0.138329 0.098077 0.125360 0.076923 0.125360 0.061538 0.141210 0.048077 0.146974 0.048077 0.162824 0.065385 0.162824 0.084615 0.149856 0.098077
0 0.737752 0.209615 0.727666 0.203846 0.734870 0.190385 0.744957 0.196154 0.744957 0.203846 0.737752 0.209615
0 0.126801 0.140385 0.097983 0.132692 0.096542 0.119231 0.121037 0.101923 0.144092 0.098077 0.148415 0.111538 0.139769 0.123077 0.139769 0.130769 0.126801 0.140385
0 0.592219 0.996154 0.586455 0.988462 0.583573 0.961538 0.593660 0.925000 0.616715 0.925000 0.632565 0.942308 0.635447 0.980769 0.629683 0.996154
0 0.371758 0.675000 0.361671 0.673077 0.364553 0.638462 0.354467 0.621154 0.347262 0.619231 0.351585 0.601923 0.374640 0.601923 0.384726 0.615385 0.381844 0.653846 0.371758 0.675000
0 0.763689 0.167308 0.755043 0.167308 0.747839 0.150000 0.763689 0.148077 0.763689 0.167308
0 0.723343 0.136538 0.716138 0.130769 0.710375 0.111538 0.719020 0.088462 0.729107 0.078846 0.736311 0.092308 0.736311 0.111538 0.723343 0.136538
0 0.351585 0.894231 0.328530 0.894231 0.324207 0.884615 0.321326 0.842308 0.328530 0.828846 0.337176 0.828846 0.355908 0.865385 0.355908 0.888462 0.351585 0.894231
0 0.397695 0.598077 0.387608 0.592308 0.381844 0.576923 0.378963 0.511538 0.386167 0.498077 0.402017 0.500000 0.410663 0.542308 0.409222 0.551923 0.400576 0.551923 0.393372 0.561538 0.397695 0.598077
0 0.899135 0.705769 0.881844 0.705769 0.880403 0.688462 0.884726 0.682692 0.904899 0.682692 0.906340 0.700000 0.899135 0.705769
0 0.282421 0.605769 0.273775 0.605769 0.266571 0.596154 0.266571 0.546154 0.276657 0.528846 0.289625 0.538462 0.289625 0.580769 0.282421 0.605769
0 0.857349 0.000000 0.857349 0.007692 0.844380 0.025000 0.818444 0.017308 0.811239 0.000000
0 0.806916 0.375000 0.786744 0.375000 0.779539 0.365385 0.782421 0.350000 0.770893 0.330769 0.775216 0.313462 0.801153 0.313462 0.814121 0.326923 0.817003 0.361538 0.806916 0.375000
0 0.164265 0.059615 0.151297 0.053846 0.151297 0.034615 0.158501 0.021154 0.170029 0.021154 0.174352 0.026923 0.174352 0.042308 0.164265 0.059615
0 0.495677 0.448077 0.482709 0.442308 0.482709 0.426923 0.487032 0.421154 0.495677 0.421154 0.502882 0.430769 0.495677 0.448077
0 0.971182 0.725000 0.948127 0.717308 0.932277 0.696154 0.926513 0.680769 0.926513 0.661538 0.933718 0.648077 0.953890 0.644231 0.978386 0.688462 0.978386 0.715385 0.971182 0.725000
0 0.273775 0.801923 0.263689 0.792308 0.263689 0.742308 0.273775 0.717308 0.285303 0.717308 0.289625 0.726923 0.289625 0.769231 0.273775 0.801923
0 0.365994 0.121154 0.351585 0.117308 0.338617 0.103846 0.327089 0.076923 0.331412 0.067308 0.345821 0.067308 0.370317 0.092308 0.365994 0.121154
0 0.902017 0.986538 0.873199 0.982692 0.860231 0.965385 0.857349 0.938462 0.867435 0.925000 0.870317 0.928846 0.904899 0.917308 0.907781 0.925000 0.920749 0.930769 0.914986 0.973077 0.902017 0.986538
0 0.544669 0.125000 0.530259 0.125000 0.523055 0.115385 0.520173 0.096154 0.533141 0.067308 0.541787 0.055769 0.553314 0.051923 0.560519 0.057692 0.563401 0.084615 0.557637 0.107692 0.544669 0.125000
