0 0.535156 0.587891 0.500000 0.583984 0.490234 0.574219 0.486328 0.558594 0.500000 0.548828 0.535156 0.552734 0.548828 0.566406 0.548828 0.578125 0.535156 0.587891
0 0.580078 0.000000 0.566406 0.013672 0.546875 0.009766 0.541016 0.000000
0 0.742188 0.697266 0.714844 0.697266 0.705078 0.687500 0.705078 0.671875 0.722656 0.658203 0.753906 0.658203 0.763672 0.667969 0.763672 0.679688 0.742188 0.697266
0 0.289062 0.853516 0.265625 0.845703 0.255859 0.828125 0.285156 0.806641 0.308594 0.806641 0.322266 0.828125 0.300781 0.849609 0.289062 0.853516
0 0.816406 0.451172 0.789062 0.451172 0.761719 0.435547 0.744141 0.417969 0.740234 0.398438 0.757812 0.380859 0.800781 0.384766 0.841797 0.417969 0.841797 0.433594 0.816406 0.451172
0 0.000000 0.224609 0.011719 0.224609 0.042969 0.240234 0.054688 0.220703 0.070312 0.220703 0.085938 0.228516 0.099609 0.246094 0.099609 0.253906 0.085938 0.267578 0.074219 0.267578 0.050781 0.251953 0.031250 0.267578 0.000000 0.263672
0 0.769531 0.806641 0.738281 0.806641 0.728516 0.796875 0.728516 0.785156 0.757812 0.767578 0.785156 0.767578 0.791016 0.773438 0.791016 0.789062 0.769531 0.806641
0 0.644531 0.181641 0.625000 0.177734 0.607422 0.156250 0.611328 0.136719 0.625000 0.126953 0.654297 0.148438 0.658203 0.167969 0.644531 0.181641
0 0.996094 0.689453 0.972656 0.701172 0.949219 0.701172 0.939453 0.691406 0.939453 0.679688 0.972656 0.658203 0.988281 0.658203 0.996094 0.669922
0 0.484375 0.318359 0.468750 0.318359 0.447266 0.300781 0.443359 0.281250 0.453125 0.271484 0.472656 0.271484 0.494141 0.289062 0.498047 0.300781 0.484375 0.318359
0 0.757812 0.341797 0.734375 0.337891 0.716797 0.320312 0.714844 0.291016 0.742188 0.287109 0.763672 0.304688 0.767578 0.332031 0.757812 0.341797
0 0.792969 0.748047 0.777344 0.748047 0.767578 0.738281 0.767578 0.714844 0.792969 0.697266 0.812500 0.697266 0.826172 0.710938 0.826172 0.730469 0.816406 0.740234 0.792969 0.748047
0 0.277344 0.322266 0.257812 0.322266 0.248047 0.312500 0.240234 0.296875 0.246094 0.279297 0.269531 0.279297 0.287109 0.296875 0.287109 0.308594 0.277344 0.322266
0 0.658203 0.000000 0.681641 0.031250 0.681641 0.046875 0.667969 0.060547 0.652344 0.060547 0.634766 0.039062 0.634766 0.007812 0.642578 0.000000
0 0.472656 0.923828 0.441406 0.919922 0.435547 0.914062 0.435547 0.890625 0.445312 0.880859 0.476562 0.876953 0.490234 0.890625 0.490234 0.906250 0.472656 0.923828
0 0.410156 0.052734 0.398438 0.052734 0.376953 0.023438 0.376953 0.011719 0.386719 0.001953 0.402344 0.001953 0.419922 0.023438 0.419922 0.042969 0.410156 0.052734
0 0.605469 0.654297 0.574219 0.650391 0.564453 0.640625 0.564453 0.621094 0.574219 0.611328 0.605469 0.603516 0.634766 0.621094 0.634766 0.632812 0.605469 0.654297
0 0.398438 0.916016 0.367188 0.916016 0.357422 0.906250 0.367188 0.876953 0.402344 0.873047 0.416016 0.882812 0.412109 0.902344 0.398438 0.916016
0 0.765625 0.517578 0.738281 0.517578 0.724609 0.503906 0.724609 0.488281 0.738281 0.474609 0.773438 0.474609 0.783203 0.484375 0.783203 0.503906 0.765625 0.517578
0 0.917969 0.841797 0.890625 0.837891 0.880859 0.828125 0.880859 0.816406 0.906250 0.798828 0.929688 0.798828 0.939453 0.820312 0.917969 0.841797
0 0.783203 0.996094 0.783203 0.976562 0.808594 0.958984 0.820312 0.958984 0.833984 0.972656 0.833984 0.984375 0.822266 0.996094
0 0.609375 0.939453 0.582031 0.939453 0.564453 0.921875 0.568359 0.902344 0.585938 0.884766 0.617188 0.880859 0.634766 0.902344 0.634766 0.914062 0.609375 0.939453
0 0.230469 0.435547 0.191406 0.431641 0.181641 0.421875 0.177734 0.406250 0.183594 0.400391 0.222656 0.400391 0.236328 0.414062 0.236328 0.429688 0.230469 0.435547
0 0.074219 0.357422 0.042969 0.349609 0.033203 0.339844 0.029297 0.324219 0.039062 0.314453 0.074219 0.322266 0.083984 0.332031 0.083984 0.347656 0.074219 0.357422
0 0.322266 0.996094 0.347656 0.978516 0.359375 0.978516 0.373047 0.996094
0 0.792969 0.056641 0.777344 0.056641 0.767578 0.046875 0.763672 0.015625 0.769531 0.009766 0.781250 0.009766 0.798828 0.027344 0.798828 0.050781 0.792969 0.056641
0 0.828125 0.626953 0.812500 0.626953 0.794922 0.617188 0.794922 0.597656 0.800781 0.591797 0.847656 0.587891 0.857422 0.597656 0.851562 0.615234 0.828125 0.626953
0 0.429688 0.388672 0.406250 0.388672 0.390625 0.380859 0.376953 0.367188 0.376953 0.355469 0.386719 0.345703 0.410156 0.345703 0.425781 0.353516 0.439453 0.367188 0.429688 0.388672
0 0.085938 0.837891 0.066406 0.837891 0.056641 0.828125 0.056641 0.812500 0.078125 0.798828 0.105469 0.798828 0.111328 0.812500 0.085938 0.837891
0 0.707031 0.287109 0.671875 0.283203 0.662109 0.269531 0.662109 0.253906 0.679688 0.240234 0.714844 0.248047 0.728516 0.261719 0.728516 0.269531 0.707031 0.287109
0 0.375000 0.791016 0.349609 0.777344 0.349609 0.746094 0.382812 0.728516 0.406250 0.732422 0.419922 0.750000 0.416016 0.769531 0.406250 0.779297 0.375000 0.791016
0 0.167969 0.708984 0.128906 0.705078 0.115234 0.691406 0.115234 0.675781 0.128906 0.662109 0.152344 0.654297 0.183594 0.662109 0.189453 0.667969 0.189453 0.687500 0.167969 0.708984
0 0.644531 0.521484 0.625000 0.521484 0.615234 0.511719 0.615234 0.496094 0.636719 0.482422 0.667969 0.482422 0.677734 0.492188 0.673828 0.500000 0.644531 0.521484
0 0.996094 0.166016 0.982422 0.148438 0.982422 0.128906 0.996094 0.115234
0 0.226562 0.103516 0.210938 0.095703 0.197266 0.078125 0.197266 0.050781 0.203125 0.044922 0.218750 0.044922 0.240234 0.062500 0.240234 0.093750 0.226562 0.103516
0 0.683594 0.466797 0.644531 0.462891 0.630859 0.445312 0.634766 0.433594 0.652344 0.423828 0.687500 0.427734 0.701172 0.441406 0.701172 0.449219 0.683594 0.466797
0 0.433594 0.220703 0.421875 0.220703 0.404297 0.207031 0.396484 0.191406 0.396484 0.171875 0.402344 0.166016 0.421875 0.166016 0.447266 0.191406 0.447266 0.207031 0.433594 0.220703
0 0.765625 0.076172 0.742188 0.072266 0.720703 0.050781 0.720703 0.031250 0.730469 0.021484 0.746094 0.021484 0.763672 0.035156 0.775391 0.054688 0.775391 0.066406 0.765625 0.076172
0 0.917969 0.068359 0.906250 0.068359 0.892578 0.054688 0.892578 0.027344 0.902344 0.017578 0.910156 0.017578 0.927734 0.039062 0.927734 0.058594 0.917969 0.068359
0 0.445312 0.169922 0.425781 0.169922 0.412109 0.156250 0.408203 0.128906 0.414062 0.123047 0.433594 0.123047 0.451172 0.140625 0.451172 0.164062 0.445312 0.169922
0 0.996094 0.986328 0.968750 0.986328 0.951172 0.972656 0.960938 0.955078 0.976562 0.947266 0.996094 0.947266
0 0.171875 0.748047 0.140625 0.748047 0.121094 0.740234 0.111328 0.730469 0.111328 0.718750 0.125000 0.708984 0.152344 0.708984 0.177734 0.726562 0.177734 0.742188 0.171875 0.748047
0 0.000000 0.791016 0.046875 0.787109 0.052734 0.792969 0.048828 0.808594 0.039062 0.818359 0.000000 0.818359
0 0.699219 0.587891 0.664062 0.576172 0.662109 0.566406 0.679688 0.552734 0.707031 0.556641 0.712891 0.574219 0.699219 0.587891
0 0.683594 0.603516 0.644531 0.603516 0.630859 0.593750 0.630859 0.582031 0.667969 0.576172 0.691406 0.583984 0.693359 0.597656 0.683594 0.603516
0 0.156250 0.869141 0.132812 0.869141 0.111328 0.847656 0.111328 0.828125 0.121094 0.814453 0.164062 0.810547 0.177734 0.824219 0.181641 0.847656 0.171875 0.861328 0.156250 0.869141
0 0.996094 0.412109 0.980469 0.412109 0.966797 0.394531 0.970703 0.378906 0.980469 0.369141 0.996094 0.365234
0 0.652344 0.904297 0.632812 0.900391 0.615234 0.871094 0.644531 0.841797 0.675781 0.841797 0.689453 0.859375 0.689453 0.878906 0.679688 0.892578 0.652344 0.904297
0 0.082031 0.115234 0.062500 0.111328 0.048828 0.097656 0.048828 0.085938 0.062500 0.072266 0.082031 0.072266 0.099609 0.085938 0.099609 0.105469 0.082031 0.115234
0 0.871094 0.240234 0.847656 0.236328 0.822266 0.218750 0.818359 0.195312 0.828125 0.177734 0.855469 0.173828 0.880859 0.195312 0.884766 0.226562 0.871094 0.240234
0 0.144531 0.150391 0.121094 0.150391 0.107422 0.136719 0.103516 0.109375 0.109375 0.103516 0.136719 0.107422 0.150391 0.121094 0.150391 0.144531 0.144531 0.150391
0 0.453125 0.654297 0.429688 0.650391 0.416016 0.636719 0.416016 0.617188 0.433594 0.603516 0.449219 0.603516 0.466797 0.617188 0.466797 0.644531 0.453125 0.654297
0 0.187500 0.517578 0.152344 0.517578 0.138672 0.503906 0.138672 0.492188 0.160156 0.478516 0.195312 0.482422 0.205078 0.492188 0.205078 0.503906 0.187500 0.517578
0 0.789062 0.955078 0.781250 0.955078 0.767578 0.941406 0.767578 0.929688 0.796875 0.904297 0.816406 0.904297 0.826172 0.917969 0.822266 0.929688 0.800781 0.951172 0.789062 0.955078
0 0.832031 0.810547 0.804688 0.810547 0.791016 0.796875 0.791016 0.789062 0.839844 0.763672 0.853516 0.773438 0.853516 0.792969 0.832031 0.810547
0 0.167969 0.458984 0.140625 0.458984 0.128906 0.451172 0.119141 0.437500 0.119141 0.417969 0.125000 0.412109 0.171875 0.416016 0.185547 0.429688 0.185547 0.437500 0.167969 0.458984
0 0.371094 0.673828 0.332031 0.669922 0.318359 0.656250 0.318359 0.644531 0.328125 0.634766 0.375000 0.634766 0.388672 0.648438 0.388672 0.660156 0.371094 0.673828
0 0.000000 0.470703 0.023438 0.462891 0.039062 0.466797 0.048828 0.476562 0.048828 0.492188 0.039062 0.501953 0.000000 0.501953
0 0.183594 0.619141 0.156250 0.611328 0.138672 0.589844 0.142578 0.574219 0.160156 0.560547 0.191406 0.560547 0.216797 0.582031 0.212891 0.601562 0.183594 0.619141
0 0.808594 0.279297 0.785156 0.279297 0.763672 0.261719 0.755859 0.234375 0.773438 0.212891 0.796875 0.216797 0.822266 0.238281 0.826172 0.261719 0.808594 0.279297
0 0.832031 0.357422 0.804688 0.345703 0.791016 0.328125 0.787109 0.312500 0.796875 0.302734 0.824219 0.306641 0.845703 0.328125 0.845703 0.343750 0.832031 0.357422
0 0.000000 0.919922 0.011719 0.912109 0.035156 0.912109 0.052734 0.925781 0.052734 0.941406 0.031250 0.951172 0.011719 0.951172 0.000000 0.939453
0 0.886719 0.330078 0.863281 0.326172 0.853516 0.312500 0.857422 0.292969 0.875000 0.279297 0.898438 0.283203 0.908203 0.292969 0.908203 0.312500 0.886719 0.330078
0 0.964844 0.126953 0.949219 0.126953 0.939453 0.117188 0.939453 0.082031 0.949219 0.072266 0.968750 0.072266 0.978516 0.082031 0.978516 0.105469 0.964844 0.126953
0 0.085938 0.615234 0.066406 0.611328 0.048828 0.597656 0.044922 0.578125 0.054688 0.568359 0.074219 0.568359 0.099609 0.585938 0.099609 0.605469 0.085938 0.615234
0 0.318359 0.000000 0.308594 0.013672 0.292969 0.013672 0.279297 0.000000
0 0.140625 0.779297 0.113281 0.779297 0.103516 0.769531 0.103516 0.757812 0.121094 0.740234 0.162109 0.750000 0.162109 0.761719 0.140625 0.779297
0 0.996094 0.544922 0.964844 0.552734 0.949219 0.548828 0.939453 0.539062 0.939453 0.527344 0.953125 0.513672 0.968750 0.505859 0.996094 0.505859
0 0.148438 0.947266 0.117188 0.947266 0.103516 0.929688 0.132812 0.908203 0.152344 0.908203 0.162109 0.917969 0.162109 0.937500 0.148438 0.947266
0 0.523438 0.794922 0.500000 0.794922 0.486328 0.781250 0.486328 0.753906 0.492188 0.748047 0.527344 0.744141 0.544922 0.761719 0.544922 0.781250 0.523438 0.794922
0 0.058594 0.728516 0.042969 0.728516 0.025391 0.718750 0.025391 0.699219 0.035156 0.689453 0.062500 0.689453 0.072266 0.699219 0.072266 0.718750 0.058594 0.728516
0 0.144531 0.083984 0.125000 0.083984 0.111328 0.070312 0.107422 0.039062 0.113281 0.033203 0.128906 0.029297 0.146484 0.046875 0.154297 0.070312 0.144531 0.083984
0 0.515625 0.748047 0.484375 0.748047 0.478516 0.730469 0.492188 0.716797 0.519531 0.712891 0.529297 0.722656 0.529297 0.738281 0.515625 0.748047
0 0.242188 0.673828 0.203125 0.666016 0.193359 0.656250 0.193359 0.644531 0.207031 0.634766 0.246094 0.638672 0.255859 0.648438 0.255859 0.660156 0.242188 0.673828
0 0.101562 0.912109 0.085938 0.908203 0.068359 0.890625 0.078125 0.869141 0.105469 0.869141 0.119141 0.878906 0.123047 0.894531 0.101562 0.912109
0 0.535156 0.880859 0.500000 0.880859 0.478516 0.863281 0.482422 0.839844 0.500000 0.822266 0.539062 0.814453 0.568359 0.835938 0.560547 0.863281 0.535156 0.880859
0 0.636719 0.251953 0.621094 0.251953 0.599609 0.230469 0.595703 0.203125 0.609375 0.189453 0.628906 0.193359 0.650391 0.226562 0.650391 0.238281 0.636719 0.251953
0 0.687500 0.689453 0.664062 0.685547 0.654297 0.675781 0.654297 0.660156 0.679688 0.646484 0.703125 0.646484 0.708984 0.652344 0.708984 0.667969 0.687500 0.689453
0 0.007812 0.986328 0.001953 0.980469 0.003906 0.947266 0.019531 0.951172 0.025391 0.960938 0.025391 0.972656 0.007812 0.986328
0 0.347656 0.548828 0.312500 0.548828 0.302734 0.539062 0.302734 0.523438 0.332031 0.509766 0.355469 0.513672 0.361328 0.519531 0.361328 0.539062 0.347656 0.548828
0 0.320312 0.349609 0.304688 0.349609 0.287109 0.335938 0.283203 0.312500 0.292969 0.294922 0.312500 0.298828 0.326172 0.312500 0.330078 0.339844 0.320312 0.349609
0 0.996094 0.603516 0.976562 0.607422 0.955078 0.585938 0.955078 0.574219 0.964844 0.564453 0.996094 0.560547
