0 0.101562 0.259766 0.080078 0.250000 0.083984 0.218750 0.097656 0.205078 0.109375 0.208984 0.115234 0.218750 0.115234 0.246094 0.101562 0.259766
0 0.351562 0.521484 0.337891 0.511719 0.333984 0.500000 0.347656 0.482422 0.365234 0.492188 0.361328 0.511719 0.351562 0.521484
0 0.613281 0.197266 0.591797 0.183594 0.587891 0.171875 0.591797 0.152344 0.605469 0.142578 0.621094 0.146484 0.634766 0.164062 0.630859 0.187500 0.613281 0.197266
0 0.093750 0.369141 0.085938 0.369141 0.076172 0.355469 0.082031 0.337891 0.099609 0.343750 0.099609 0.363281 0.093750 0.369141
0 0.253906 0.923828 0.224609 0.917969 0.220703 0.894531 0.230469 0.876953 0.242188 0.876953 0.259766 0.890625 0.263672 0.910156 0.253906 0.923828
0 0.273438 0.990234 0.255859 0.988281 0.248047 0.964844 0.257812 0.955078 0.277344 0.958984 0.275391 0.949219 0.285156 0.935547 0.300781 0.939453 0.310547 0.949219 0.310547 0.968750 0.304688 0.974609 0.285156 0.970703 0.273438 0.990234
0 0.626953 0.000000 0.630859 0.027344 0.613281 0.052734 0.593750 0.048828 0.580078 0.035156 0.580078 0.011719 0.591797 0.000000
0 0.218750 0.037109 0.207031 0.037109 0.197266 0.023438 0.207031 0.005859 0.224609 0.015625 0.224609 0.031250 0.218750 0.037109
0 0.449219 0.533203 0.423828 0.527344 0.427734 0.500000 0.441406 0.486328 0.457031 0.486328 0.462891 0.492188 0.462891 0.519531 0.449219 0.533203
0 0.304688 0.447266 0.277344 0.447266 0.267578 0.437500 0.267578 0.421875 0.285156 0.408203 0.300781 0.412109 0.310547 0.421875 0.310547 0.441406 0.304688 0.447266
0 0.214844 0.064453 0.193359 0.050781 0.199219 0.037109 0.224609 0.046875 0.214844 0.064453
0 0.214844 0.154297 0.207031 0.154297 0.193359 0.140625 0.197266 0.117188 0.216797 0.089844 0.197266 0.074219 0.203125 0.060547 0.220703 0.066406 0.228516 0.074219 0.224609 0.085938 0.234375 0.087891 0.244141 0.101562 0.244141 0.125000 0.214844 0.154297
0 0.027344 0.287109 0.017578 0.281250 0.017578 0.253906 0.035156 0.236328 0.046875 0.236328 0.060547 0.257812 0.060547 0.277344 0.027344 0.287109
0 0.191406 0.123047 0.171875 0.123047 0.162109 0.113281 0.162109 0.101562 0.175781 0.076172 0.199219 0.076172 0.205078 0.082031 0.201172 0.113281 0.191406 0.123047
0 0.503906 0.458984 0.484375 0.458984 0.478516 0.453125 0.478516 0.433594 0.492188 0.416016 0.515625 0.419922 0.525391 0.433594 0.525391 0.445312 0.503906 0.458984
0 0.496094 0.341797 0.478516 0.339844 0.466797 0.312500 0.466797 0.296875 0.480469 0.287109 0.492188 0.287109 0.509766 0.300781 0.509766 0.332031 0.496094 0.341797
0 0.113281 0.349609 0.105469 0.349609 0.091797 0.335938 0.091797 0.328125 0.109375 0.318359 0.125000 0.318359 0.130859 0.324219 0.130859 0.339844 0.113281 0.349609
0 0.164062 0.099609 0.132812 0.099609 0.123047 0.089844 0.123047 0.074219 0.132812 0.064453 0.156250 0.064453 0.169922 0.078125 0.169922 0.093750 0.164062 0.099609
0 0.617188 0.330078 0.589844 0.330078 0.583984 0.324219 0.583984 0.300781 0.593750 0.291016 0.609375 0.287109 0.617188 0.298828 0.630859 0.304688 0.630859 0.320312 0.617188 0.330078
0 0.195312 0.884766 0.173828 0.878906 0.173828 0.851562 0.191406 0.841797 0.208984 0.851562 0.208984 0.875000 0.195312 0.884766
0 0.322266 0.996094 0.322266 0.968750 0.328125 0.958984 0.339844 0.955078 0.361328 0.976562 0.357422 0.996094
0 0.164062 0.990234 0.138672 0.984375 0.134766 0.964844 0.140625 0.958984 0.156250 0.958984 0.169922 0.972656 0.164062 0.990234
0 0.125000 0.939453 0.103516 0.921875 0.103516 0.906250 0.121094 0.892578 0.136719 0.896484 0.146484 0.910156 0.142578 0.925781 0.125000 0.939453
0 0.058594 0.427734 0.046875 0.427734 0.037109 0.417969 0.033203 0.390625 0.039062 0.384766 0.050781 0.384766 0.064453 0.398438 0.068359 0.417969 0.058594 0.427734
0 0.128906 0.392578 0.109375 0.392578 0.099609 0.382812 0.099609 0.371094 0.113281 0.353516 0.132812 0.353516 0.138672 0.359375 0.138672 0.382812 0.128906 0.392578
0 0.773438 0.103516 0.753906 0.103516 0.748047 0.097656 0.748047 0.082031 0.769531 0.064453 0.785156 0.064453 0.791016 0.070312 0.794922 0.097656 0.773438 0.103516
