0 0.149425 0.452885 0.135057 0.449038 0.125718 0.438462 0.124282 0.430769 0.133621 0.420192 0.146552 0.414423 0.159483 0.414423 0.165948 0.423077 0.165948 0.432692 0.158046 0.449038 0.149425 0.452885
0 0.326149 0.097115 0.314655 0.097115 0.308190 0.086538 0.306753 0.059615 0.314655 0.049038 0.323276 0.052885 0.331178 0.065385 0.331178 0.082692 0.326149 0.097115
0 0.061782 0.514423 0.051724 0.510577 0.045259 0.501923 0.043822 0.494231 0.053161 0.481731 0.073276 0.477885 0.079741 0.486538 0.081178 0.498077 0.076149 0.508654 0.061782 0.514423
0 0.156609 0.702885 0.145115 0.697115 0.142960 0.690385 0.141523 0.669231 0.149425 0.658654 0.153736 0.658654 0.160201 0.671154 0.160201 0.698077 0.156609 0.702885
0 0.119253 0.631731 0.100575 0.631731 0.090517 0.627885 0.082615 0.621154 0.081178 0.611538 0.089080 0.600962 0.097701 0.595192 0.117816 0.595192 0.122845 0.603846 0.125718 0.617308 0.124282 0.626923 0.119253 0.631731
0 0.949713 0.043269 0.946839 0.043269 0.943247 0.036538 0.943247 0.026923 0.954023 0.010577 0.959770 0.008654 0.966236 0.019231 0.966236 0.025000 0.956897 0.039423 0.949713 0.043269
0 0.660920 0.627885 0.653736 0.625962 0.648707 0.613462 0.645833 0.588462 0.647989 0.585577 0.658046 0.587500 0.664511 0.600000 0.665948 0.613462 0.660920 0.627885
0 0.635057 0.558654 0.626437 0.556731 0.621408 0.548077 0.621408 0.540385 0.625718 0.534615 0.625718 0.519231 0.627874 0.516346 0.636494 0.516346 0.641523 0.526923 0.641523 0.546154 0.635057 0.558654
0 0.971264 0.077885 0.965517 0.075962 0.961925 0.071154 0.961925 0.063462 0.967672 0.048077 0.974138 0.043269 0.982040 0.048077 0.982040 0.055769 0.976293 0.073077 0.971264 0.077885
0 0.170977 0.656731 0.143678 0.656731 0.138649 0.651923 0.135776 0.640385 0.139368 0.633654 0.145833 0.630769 0.147989 0.622115 0.175287 0.629808 0.180316 0.640385 0.178879 0.646154 0.170977 0.656731
0 0.890805 0.229808 0.880747 0.227885 0.875718 0.215385 0.887931 0.193269 0.897989 0.183654 0.905172 0.181731 0.910201 0.188462 0.910201 0.198077 0.903017 0.215385 0.890805 0.229808
0 0.750000 0.947115 0.741379 0.943269 0.736351 0.934615 0.736351 0.928846 0.740661 0.915385 0.752155 0.896154 0.752155 0.892308 0.754310 0.889423 0.762931 0.889423 0.770833 0.901923 0.769397 0.919231 0.763649 0.934615 0.757184 0.943269 0.750000 0.947115
0 0.041667 0.952885 0.031609 0.952885 0.017241 0.941346 0.003592 0.923077 0.003592 0.913462 0.005747 0.910577 0.011494 0.910577 0.022989 0.914423 0.025862 0.920192 0.028736 0.920192 0.045259 0.942308 0.045259 0.948077 0.041667 0.952885
0 0.274425 0.918269 0.262931 0.916346 0.259339 0.911538 0.259339 0.898077 0.262931 0.893269 0.280172 0.891346 0.285201 0.898077 0.285201 0.909615 0.274425 0.918269
0 0.030172 0.724038 0.014368 0.724038 0.007184 0.718269 0.000718 0.709615 0.002155 0.698077 0.014368 0.693269 0.027299 0.693269 0.031609 0.697115 0.039511 0.707692 0.040948 0.713462 0.037356 0.720192 0.030172 0.724038
0 0.186782 0.256731 0.176724 0.256731 0.172414 0.252885 0.170977 0.254808 0.164511 0.244231 0.161638 0.230769 0.169540 0.216346 0.178161 0.214423 0.204741 0.230769 0.204741 0.240385 0.200431 0.248077 0.186782 0.256731
0 0.576149 0.729808 0.556034 0.725962 0.545259 0.715385 0.540948 0.707692 0.540948 0.700000 0.548851 0.687500 0.574713 0.697115 0.586925 0.711538 0.586925 0.719231 0.584052 0.725000 0.576149 0.729808
0 0.060345 0.887500 0.048851 0.887500 0.041667 0.883654 0.035201 0.875000 0.035201 0.867308 0.040230 0.860577 0.043103 0.860577 0.056753 0.876923 0.061063 0.884615 0.060345 0.887500
0 0.877874 0.493269 0.871408 0.488462 0.872845 0.473077 0.880747 0.464423 0.896552 0.454808 0.903736 0.443269 0.909483 0.441346 0.908764 0.453846 0.903017 0.465385 0.883621 0.489423 0.877874 0.493269
0 0.583333 0.508654 0.574713 0.508654 0.568966 0.504808 0.561063 0.492308 0.563937 0.478846 0.573276 0.468269 0.580460 0.468269 0.586925 0.478846 0.588362 0.500000 0.583333 0.508654
0 0.742816 0.454808 0.734195 0.454808 0.727730 0.444231 0.729167 0.428846 0.732040 0.423077 0.730603 0.419231 0.733477 0.409615 0.745690 0.393269 0.754310 0.389423 0.762213 0.396154 0.763649 0.419231 0.756466 0.440385 0.742816 0.454808
0 0.054598 0.872115 0.051724 0.872115 0.042385 0.855769 0.042385 0.846154 0.045977 0.839423 0.060345 0.841346 0.069684 0.851923 0.069684 0.859615 0.064655 0.866346 0.054598 0.872115
0 0.033046 0.854808 0.024425 0.852885 0.020833 0.846154 0.022270 0.836538 0.025862 0.831731 0.038793 0.827885 0.044540 0.822115 0.053161 0.824038 0.058190 0.830769 0.056034 0.837500 0.045977 0.839423 0.041667 0.850962 0.033046 0.854808
0 0.140805 0.633654 0.130029 0.628846 0.130029 0.621154 0.122845 0.607692 0.126437 0.599038 0.133621 0.600962 0.142960 0.613462 0.141523 0.615385 0.145833 0.625000 0.145833 0.630769 0.140805 0.633654
0 0.367816 0.262500 0.353448 0.262500 0.346264 0.258654 0.344109 0.255769 0.344109 0.244231 0.347701 0.239423 0.356322 0.237500 0.363506 0.231731 0.380747 0.231731 0.384339 0.236538 0.381466 0.248077 0.372126 0.254808 0.367816 0.262500
0 0.665230 0.466346 0.660201 0.463462 0.651580 0.434615 0.651580 0.419231 0.658046 0.408654 0.669540 0.410577 0.676006 0.421154 0.673132 0.432692 0.674569 0.448077 0.665230 0.466346
0 0.000000 0.608654 0.015805 0.599038 0.022989 0.599038 0.049569 0.613462 0.042385 0.632692 0.035920 0.639423 0.021552 0.639423 0.017241 0.643269 0.008621 0.643269 0.000000 0.629808
0 0.140805 0.574038 0.132184 0.570192 0.125718 0.563462 0.124282 0.551923 0.128592 0.542308 0.136494 0.533654 0.147989 0.527885 0.158046 0.527885 0.168103 0.533654 0.170259 0.551923 0.160920 0.562500 0.140805 0.574038
0 0.735632 0.745192 0.729885 0.745192 0.724856 0.740385 0.723420 0.725000 0.729885 0.712500 0.735632 0.710577 0.735632 0.706731 0.739943 0.706731 0.746408 0.717308 0.746408 0.725000 0.735632 0.745192
0 0.141523 0.000000 0.135057 0.012500 0.125000 0.018269 0.116379 0.016346 0.108477 0.007692 0.110632 0.000962 0.128592 0.000000
0 0.300287 0.650962 0.288793 0.649038 0.285201 0.644231 0.285201 0.630769 0.294540 0.618269 0.313218 0.614423 0.320402 0.618269 0.323994 0.626923 0.323994 0.636538 0.313218 0.647115 0.300287 0.650962
0 0.510057 0.256731 0.495690 0.256731 0.472701 0.245192 0.466236 0.234615 0.466236 0.225000 0.475575 0.216346 0.484195 0.214423 0.491379 0.214423 0.507184 0.222115 0.515086 0.240385 0.510057 0.256731
0 0.231322 0.156731 0.221983 0.153846 0.220546 0.146154 0.227011 0.137500 0.232759 0.137500 0.237787 0.142308 0.237787 0.148077 0.231322 0.156731
0 0.550287 0.783654 0.527299 0.783654 0.523707 0.778846 0.523707 0.769231 0.535920 0.750962 0.548851 0.741346 0.553161 0.741346 0.562500 0.750000 0.563937 0.765385 0.562500 0.771154 0.550287 0.783654
0 0.172414 0.164423 0.155172 0.162500 0.149425 0.158654 0.144397 0.151923 0.141523 0.138462 0.146552 0.131731 0.163793 0.135577 0.171695 0.144231 0.174569 0.151923 0.174569 0.161538 0.172414 0.164423
0 0.510057 0.433654 0.500000 0.433654 0.494253 0.429808 0.486351 0.417308 0.480603 0.386538 0.488506 0.372115 0.501437 0.377885 0.507902 0.386538 0.510776 0.398077 0.516523 0.407692 0.516523 0.421154 0.510057 0.433654
0 0.566092 0.541346 0.557471 0.541346 0.553879 0.538462 0.552443 0.521154 0.560345 0.512500 0.567529 0.514423 0.572557 0.523077 0.572557 0.532692 0.566092 0.541346
0 0.422414 0.997115 0.409483 0.997115 0.407328 0.994231 0.407328 0.984615 0.419540 0.958654 0.429598 0.958654 0.441810 0.969231 0.443247 0.980769 0.433908 0.991346 0.422414 0.997115
0 0.056034 0.343269 0.040230 0.337500 0.033764 0.326923 0.032328 0.305769 0.035920 0.299038 0.044540 0.299038 0.055316 0.309615 0.056034 0.343269
0 0.818966 0.050962 0.807471 0.050962 0.801724 0.047115 0.798132 0.040385 0.796695 0.028846 0.798132 0.023077 0.807471 0.012500 0.816092 0.006731 0.827586 0.006731 0.832615 0.011538 0.834052 0.026923 0.828305 0.042308 0.818966 0.050962
0 0.353448 0.404808 0.346264 0.402885 0.332615 0.380769 0.331178 0.367308 0.333333 0.364423 0.340517 0.366346 0.346264 0.372115 0.353448 0.372115 0.357759 0.356731 0.361351 0.361538 0.362787 0.386538 0.359914 0.396154 0.353448 0.404808
0 0.932471 0.074038 0.919540 0.074038 0.912356 0.070192 0.907328 0.065385 0.905891 0.053846 0.913793 0.047115 0.928161 0.041346 0.933908 0.043269 0.940374 0.057692 0.940374 0.063462 0.932471 0.074038
0 0.816092 0.579808 0.807471 0.575962 0.805316 0.571154 0.806753 0.548077 0.811063 0.538462 0.820402 0.529808 0.833333 0.529808 0.841236 0.536538 0.841236 0.553846 0.831897 0.572115 0.824713 0.577885 0.816092 0.579808
0 0.446839 0.866346 0.438218 0.864423 0.436063 0.861538 0.436063 0.851923 0.459770 0.814423 0.466954 0.814423 0.471983 0.821154 0.471983 0.834615 0.446839 0.866346
0 0.068966 0.414423 0.058908 0.410577 0.051006 0.400000 0.052443 0.388462 0.067529 0.366346 0.073994 0.369231 0.075431 0.378846 0.079023 0.379808 0.084052 0.390385 0.084052 0.398077 0.068966 0.414423
0 0.882184 0.391346 0.870690 0.389423 0.864224 0.378846 0.864224 0.367308 0.869253 0.360577 0.877874 0.354808 0.893678 0.352885 0.900862 0.354808 0.908764 0.361538 0.910201 0.371154 0.903736 0.381731 0.900862 0.381731 0.896552 0.387500 0.882184 0.391346
0 0.714080 0.560577 0.708333 0.560577 0.701868 0.551923 0.697557 0.540385 0.698994 0.521154 0.706897 0.508654 0.721264 0.516346 0.726293 0.528846 0.726293 0.548077 0.719828 0.558654 0.714080 0.560577
0 0.313218 0.554808 0.303161 0.554808 0.299569 0.550000 0.299569 0.536538 0.303879 0.525000 0.316092 0.508654 0.321839 0.504808 0.330460 0.504808 0.334052 0.513462 0.332615 0.526923 0.326868 0.540385 0.313218 0.554808
0 0.405172 0.874038 0.395833 0.871154 0.392960 0.863462 0.392960 0.842308 0.402299 0.829808 0.412356 0.827885 0.420259 0.836538 0.421695 0.844231 0.415948 0.859615 0.405172 0.874038
0 0.942529 0.552885 0.935345 0.552885 0.930316 0.544231 0.930316 0.519231 0.934626 0.513462 0.934626 0.507692 0.940374 0.500000 0.941810 0.492308 0.951149 0.491346 0.957615 0.496154 0.957615 0.517308 0.951868 0.526923 0.951868 0.536538 0.946121 0.542308 0.946121 0.548077 0.942529 0.552885
0 0.380747 0.697115 0.374282 0.690385 0.375718 0.680769 0.389368 0.662500 0.408046 0.660577 0.417385 0.667308 0.414511 0.676923 0.405172 0.689423 0.393678 0.695192 0.380747 0.697115
0 0.135057 0.202885 0.129310 0.202885 0.122126 0.191346 0.112069 0.185577 0.105603 0.176923 0.105603 0.161538 0.110632 0.154808 0.119253 0.150962 0.135776 0.173077 0.138649 0.196154 0.135057 0.202885
0 0.570402 0.560577 0.561782 0.560577 0.556753 0.553846 0.556753 0.546154 0.558908 0.541346 0.566092 0.541346 0.571839 0.535577 0.576868 0.542308 0.576868 0.548077 0.573994 0.557692 0.570402 0.560577
0 0.658046 0.779808 0.649425 0.779808 0.645115 0.775962 0.634339 0.757692 0.635776 0.740385 0.643678 0.727885 0.647989 0.725962 0.653736 0.725962 0.657328 0.730769 0.667385 0.761538 0.667385 0.771154 0.658046 0.779808
0 0.347701 0.054808 0.339080 0.054808 0.332615 0.048077 0.332615 0.036538 0.335489 0.030769 0.350575 0.014423 0.359195 0.022115 0.367816 0.016346 0.369971 0.021154 0.369971 0.034615 0.362069 0.045192 0.347701 0.054808
0 0.000000 0.266346 0.007184 0.268269 0.013649 0.278846 0.013649 0.282692 0.008621 0.287500 0.000000 0.289423
0 0.218391 0.827885 0.202586 0.827885 0.196839 0.824038 0.187500 0.811538 0.190374 0.798077 0.204023 0.789423 0.208333 0.789423 0.221264 0.800962 0.227730 0.811538 0.227730 0.819231 0.218391 0.827885
0 0.293103 0.177885 0.280172 0.175962 0.279454 0.167308 0.285201 0.151923 0.293103 0.141346 0.307471 0.139423 0.311063 0.144231 0.309626 0.155769 0.293103 0.177885
0 0.925287 0.925962 0.918103 0.924038 0.910201 0.907692 0.911638 0.880769 0.915230 0.874038 0.922414 0.870192 0.926724 0.870192 0.931753 0.876923 0.934626 0.888462 0.933190 0.911538 0.925287 0.925962
0 0.324713 0.706731 0.315374 0.701923 0.316810 0.690385 0.322557 0.678846 0.329023 0.672115 0.337644 0.666346 0.343391 0.666346 0.348420 0.673077 0.346983 0.684615 0.324713 0.706731
0 0.406609 0.162500 0.392241 0.162500 0.385057 0.158654 0.382902 0.155769 0.384339 0.142308 0.396552 0.129808 0.410920 0.127885 0.417385 0.142308 0.417385 0.150000 0.412356 0.158654 0.406609 0.162500
0 0.695402 0.474038 0.688218 0.474038 0.681753 0.467308 0.673132 0.440385 0.677443 0.417308 0.685345 0.408654 0.692529 0.408654 0.698994 0.421154 0.701868 0.461538 0.695402 0.474038
0 0.683190 0.998077 0.683190 0.992308 0.690374 0.984615 0.698276 0.958654 0.703305 0.961538 0.709052 0.976923 0.704741 0.998077
0 0.691092 0.174038 0.672414 0.168269 0.667385 0.159615 0.668822 0.150000 0.681034 0.139423 0.693966 0.139423 0.698276 0.143269 0.703305 0.157692 0.698994 0.169231 0.691092 0.174038
0 0.728448 0.939423 0.711207 0.937500 0.703305 0.926923 0.701868 0.913462 0.711207 0.904808 0.721264 0.906731 0.734914 0.923077 0.733477 0.932692 0.728448 0.939423
0 0.058908 0.110577 0.049569 0.109615 0.040948 0.086538 0.042385 0.069231 0.050287 0.060577 0.063937 0.076923 0.066810 0.086538 0.065374 0.101923 0.058908 0.110577
0 0.755747 0.283654 0.742816 0.281731 0.737787 0.271154 0.737787 0.261538 0.747126 0.249038 0.761494 0.243269 0.769397 0.251923 0.770833 0.267308 0.765805 0.275962 0.755747 0.283654
0 0.802443 0.000000 0.797414 0.004808 0.783764 0.000000
0 0.000000 0.162500 0.004310 0.160577 0.008621 0.164423 0.022270 0.182692 0.023707 0.198077 0.018678 0.202885 0.014368 0.202885 0.005747 0.197115 0.000000 0.197115
0 0.038793 0.547115 0.017241 0.543269 0.012213 0.538462 0.012213 0.526923 0.017241 0.516346 0.030172 0.506731 0.043103 0.506731 0.053879 0.513462 0.053879 0.526923 0.038793 0.547115
0 0.712644 0.858654 0.709770 0.858654 0.701868 0.846154 0.701868 0.826923 0.712644 0.808654 0.722701 0.804808 0.732040 0.811538 0.732040 0.823077 0.724856 0.842308 0.712644 0.858654
0 0.839080 0.725962 0.827586 0.725962 0.823994 0.721154 0.823994 0.701923 0.840517 0.675962 0.847701 0.670192 0.856322 0.670192 0.859914 0.673077 0.862787 0.682692 0.861351 0.692308 0.854167 0.707692 0.839080 0.725962
0 0.423851 0.391346 0.413793 0.391346 0.408764 0.382692 0.408764 0.365385 0.412356 0.358654 0.420977 0.352885 0.425287 0.352885 0.433190 0.363462 0.431753 0.376923 0.423851 0.391346
0 0.791667 0.997115 0.785920 0.995192 0.779454 0.984615 0.779454 0.963462 0.788075 0.940385 0.797414 0.939423 0.804598 0.943269 0.812500 0.953846 0.812500 0.965385 0.802443 0.988462 0.791667 0.997115
0 0.160920 0.900962 0.142241 0.897115 0.137213 0.890385 0.135776 0.882692 0.152299 0.870192 0.170977 0.866346 0.176006 0.875000 0.176006 0.888462 0.169540 0.897115 0.160920 0.900962
0 0.399425 0.822115 0.387931 0.820192 0.377155 0.801923 0.375718 0.784615 0.378592 0.771154 0.382184 0.768269 0.395115 0.770192 0.407328 0.790385 0.410201 0.800000 0.408764 0.809615 0.399425 0.822115
0 0.162356 0.408654 0.147989 0.408654 0.134339 0.396154 0.131466 0.386538 0.134339 0.376923 0.139368 0.370192 0.147989 0.368269 0.170259 0.388462 0.170259 0.396154 0.162356 0.408654
0 0.288793 0.983654 0.281609 0.983654 0.268678 0.977885 0.253592 0.955769 0.252155 0.950000 0.255747 0.945192 0.284483 0.949038 0.292385 0.959615 0.293822 0.965385 0.293822 0.976923 0.288793 0.983654
0 0.567529 0.091346 0.557471 0.091346 0.551006 0.080769 0.552443 0.055769 0.556753 0.046154 0.563218 0.041346 0.567529 0.041346 0.578305 0.053846 0.579741 0.065385 0.575431 0.084615 0.567529 0.091346
0 0.909483 0.972115 0.896552 0.970192 0.881466 0.934615 0.882902 0.923077 0.893678 0.914423 0.903736 0.920192 0.913075 0.936538 0.915948 0.948077 0.915948 0.961538 0.909483 0.972115
0 0.602011 0.545192 0.597701 0.545192 0.592672 0.538462 0.594828 0.529808 0.612069 0.520192 0.623563 0.520192 0.625718 0.523077 0.625718 0.534615 0.620690 0.541346 0.602011 0.545192
0 0.428161 0.458654 0.418103 0.456731 0.413075 0.448077 0.411638 0.415385 0.415230 0.408654 0.423851 0.408654 0.436063 0.432692 0.434626 0.450000 0.428161 0.458654
0 0.586207 0.949038 0.579023 0.947115 0.568247 0.932692 0.568247 0.925000 0.574713 0.916346 0.591954 0.916346 0.599138 0.922115 0.604167 0.930769 0.602730 0.938462 0.597701 0.945192 0.586207 0.949038
0 0.579023 0.591346 0.558908 0.589423 0.553879 0.580769 0.555316 0.573077 0.563218 0.562500 0.570402 0.560577 0.576149 0.554808 0.586207 0.560577 0.592672 0.569231 0.591236 0.580769 0.586207 0.587500 0.579023 0.591346
0 0.099138 0.860577 0.091954 0.856731 0.079023 0.860577 0.073994 0.855769 0.073994 0.846154 0.079023 0.841346 0.091954 0.843269 0.101293 0.853846 0.099138 0.860577
0 0.218391 0.975962 0.211207 0.975962 0.197557 0.965385 0.196121 0.953846 0.199713 0.945192 0.211207 0.939423 0.225575 0.939423 0.231322 0.941346 0.239224 0.950000 0.239224 0.959615 0.234195 0.966346 0.218391 0.975962
0 0.820402 0.660577 0.807471 0.658654 0.799569 0.650000 0.796695 0.642308 0.796695 0.634615 0.799569 0.628846 0.808908 0.618269 0.816092 0.614423 0.823276 0.614423 0.829023 0.618269 0.832615 0.625000 0.832615 0.636538 0.828305 0.651923 0.820402 0.660577
0 0.367816 0.810577 0.356322 0.808654 0.340517 0.797115 0.338362 0.792308 0.339799 0.778846 0.349138 0.772115 0.359195 0.772115 0.366379 0.775962 0.377155 0.794231 0.377155 0.801923 0.367816 0.810577
0 0.492816 0.897115 0.485632 0.897115 0.479885 0.893269 0.479167 0.880769 0.486351 0.855769 0.496408 0.844231 0.498563 0.837500 0.501437 0.837500 0.507902 0.844231 0.507902 0.873077 0.505029 0.884615 0.492816 0.897115
0 0.267960 0.000000 0.272270 0.003846 0.272270 0.015385 0.267241 0.024038 0.261494 0.024038 0.252874 0.016346 0.246408 0.000000
0 0.875000 0.643269 0.864224 0.642308 0.861351 0.634615 0.862787 0.613462 0.875000 0.591346 0.880747 0.585577 0.886494 0.585577 0.895833 0.601923 0.897270 0.613462 0.891523 0.626923 0.875000 0.643269
0 0.787356 0.935577 0.780172 0.935577 0.773707 0.925000 0.773707 0.907692 0.782328 0.882692 0.787356 0.875962 0.795977 0.874038 0.801006 0.888462 0.799569 0.911538 0.798132 0.919231 0.787356 0.935577
0 0.127874 0.233654 0.119253 0.231731 0.110632 0.224038 0.099856 0.207692 0.098420 0.196154 0.104885 0.185577 0.114943 0.185577 0.127155 0.198077 0.132902 0.217308 0.132902 0.225000 0.127874 0.233654
0 0.070402 0.654808 0.057471 0.654808 0.048132 0.642308 0.046695 0.625000 0.051724 0.616346 0.073276 0.618269 0.078305 0.626923 0.079741 0.638462 0.070402 0.654808
0 0.866379 0.881731 0.857759 0.881731 0.852730 0.876923 0.849856 0.857692 0.851293 0.825000 0.859195 0.810577 0.869971 0.825000 0.875718 0.838462 0.875718 0.859615 0.866379 0.881731
0 0.788793 0.481731 0.776580 0.475000 0.773707 0.465385 0.773707 0.446154 0.783046 0.427885 0.788793 0.424038 0.795977 0.424038 0.802443 0.430769 0.806753 0.451923 0.802443 0.469231 0.795977 0.477885 0.788793 0.481731
0 0.229885 0.199038 0.216954 0.199038 0.207615 0.190385 0.201868 0.173077 0.201868 0.163462 0.208333 0.152885 0.218391 0.152885 0.227730 0.163462 0.226293 0.182692 0.233477 0.188462 0.233477 0.194231 0.229885 0.199038
0 0.378592 0.998077 0.375718 0.992308 0.377155 0.976923 0.386494 0.960577 0.396552 0.954808 0.402299 0.954808 0.410920 0.960577 0.412356 0.958654 0.415948 0.965385 0.410201 0.980769 0.397270 0.998077
0 0.616379 0.833654 0.607759 0.833654 0.604885 0.820192 0.598420 0.826923 0.597701 0.831731 0.586207 0.827885 0.585489 0.821154 0.596264 0.812500 0.612069 0.810577 0.622845 0.821154 0.622845 0.828846 0.617816 0.829808 0.616379 0.833654
0 0.110632 0.845192 0.103448 0.845192 0.098420 0.836538 0.098420 0.825000 0.101293 0.815385 0.113506 0.802885 0.135057 0.802885 0.142960 0.819231 0.142960 0.828846 0.138649 0.840385 0.114943 0.841346 0.110632 0.845192
0 0.218391 0.437500 0.208333 0.435577 0.203305 0.425000 0.206178 0.400000 0.212644 0.389423 0.221264 0.391346 0.230603 0.401923 0.227730 0.425000 0.218391 0.437500
0 0.498563 0.652885 0.493534 0.650000 0.492098 0.625000 0.500000 0.620192 0.511494 0.622115 0.515086 0.626923 0.513649 0.636538 0.508621 0.645192 0.498563 0.652885
0 0.395115 0.720192 0.376437 0.714423 0.372845 0.709615 0.375718 0.700000 0.382184 0.695192 0.396552 0.697115 0.401580 0.705769 0.401580 0.711538 0.395115 0.720192
0 0.522270 0.998077 0.514368 0.993269 0.506466 0.980769 0.512213 0.963462 0.517241 0.960577 0.531609 0.960577 0.545259 0.975000 0.546695 0.986538 0.540948 0.998077
0 0.064655 0.060577 0.053161 0.058654 0.042385 0.042308 0.042385 0.028846 0.050287 0.016346 0.066092 0.029808 0.072557 0.040385 0.072557 0.050000 0.069684 0.057692 0.064655 0.060577
0 0.366379 0.741346 0.357040 0.738462 0.357040 0.726923 0.364224 0.705769 0.367816 0.700962 0.372126 0.700962 0.374282 0.703846 0.372845 0.709615 0.375718 0.713462 0.375718 0.723077 0.372845 0.732692 0.366379 0.741346
0 0.925287 0.252885 0.916667 0.252885 0.910920 0.249038 0.903017 0.236538 0.907328 0.221154 0.920977 0.204808 0.928161 0.204808 0.938218 0.210577 0.944684 0.221154 0.944684 0.230769 0.941810 0.236538 0.933908 0.245192 0.925287 0.249038 0.925287 0.252885
0 0.464080 0.520192 0.446839 0.510577 0.444684 0.501923 0.456897 0.487500 0.474138 0.487500 0.483477 0.498077 0.483477 0.507692 0.477011 0.516346 0.464080 0.520192
0 0.998563 0.077885 0.986351 0.048077 0.987787 0.028846 0.998563 0.029808
0 0.706897 0.318269 0.697557 0.315385 0.693247 0.307692 0.693247 0.298077 0.704023 0.274038 0.714080 0.266346 0.719828 0.266346 0.727730 0.275000 0.729167 0.280769 0.723420 0.300000 0.711207 0.316346 0.706897 0.318269
0 0.261494 0.500962 0.242816 0.495192 0.240661 0.492308 0.240661 0.475000 0.248563 0.464423 0.258621 0.470192 0.265805 0.470192 0.267960 0.467308 0.268678 0.456731 0.275144 0.465385 0.278017 0.475000 0.261494 0.500962
0 0.438218 0.622115 0.429598 0.622115 0.427443 0.611538 0.451149 0.581731 0.456897 0.577885 0.462644 0.577885 0.466954 0.581731 0.470546 0.592308 0.464080 0.600962 0.438218 0.622115
0 0.631466 0.998077 0.639368 0.985577 0.649425 0.985577 0.655891 0.992308 0.657328 0.998077
0 0.808190 0.998077 0.808190 0.982692 0.813218 0.975962 0.820402 0.972115 0.829023 0.972115 0.835489 0.976923 0.839799 0.984615 0.836925 0.998077
0 0.066092 0.202885 0.045977 0.200962 0.040230 0.197115 0.032328 0.182692 0.033764 0.169231 0.040230 0.162500 0.050287 0.162500 0.061782 0.166346 0.067529 0.172115 0.075431 0.182692 0.075431 0.194231 0.066092 0.202885
0 0.458333 0.741346 0.451149 0.741346 0.443966 0.735577 0.431753 0.719231 0.433190 0.707692 0.441092 0.699038 0.452586 0.699038 0.464080 0.704808 0.469109 0.711538 0.470546 0.728846 0.465517 0.737500 0.458333 0.741346
0 0.229885 0.087500 0.218391 0.087500 0.209770 0.081731 0.201868 0.067308 0.203305 0.053846 0.212644 0.047115 0.216954 0.047115 0.219828 0.050962 0.228448 0.050962 0.239224 0.067308 0.237787 0.078846 0.229885 0.087500
0 0.909483 0.050962 0.895115 0.050962 0.882902 0.034615 0.881466 0.015385 0.885057 0.008654 0.892241 0.002885 0.899425 0.002885 0.922414 0.010577 0.931753 0.021154 0.934626 0.032692 0.926724 0.041346 0.909483 0.050962
0 0.320402 0.818269 0.314655 0.818269 0.308190 0.811538 0.303879 0.798077 0.303879 0.788462 0.305316 0.782692 0.313218 0.772115 0.324713 0.768269 0.331178 0.780769 0.331178 0.786538 0.326868 0.805769 0.320402 0.818269
0 0.038075 0.998077 0.026580 0.976923 0.026580 0.963462 0.031609 0.956731 0.037356 0.954808 0.050287 0.962500 0.061063 0.980769 0.061063 0.998077
0 0.201149 0.343269 0.198994 0.336538 0.193247 0.330769 0.193247 0.326923 0.202586 0.322115 0.206897 0.312500 0.216954 0.316346 0.219109 0.325000 0.215517 0.329808 0.206897 0.331731 0.204741 0.340385 0.201149 0.343269
0 0.622126 0.195192 0.612069 0.193269 0.598420 0.180769 0.592672 0.167308 0.592672 0.161538 0.597701 0.152885 0.607759 0.147115 0.616379 0.147115 0.623563 0.150962 0.630029 0.159615 0.631466 0.184615 0.627874 0.191346 0.622126 0.195192
0 0.579023 0.981731 0.568966 0.975962 0.559626 0.957692 0.558190 0.948077 0.563218 0.937500 0.570402 0.937500 0.583333 0.949038 0.592672 0.965385 0.591954 0.972115 0.579023 0.981731
0 0.866379 0.139423 0.853448 0.137500 0.841236 0.123077 0.839799 0.113462 0.846264 0.100962 0.852011 0.097115 0.867816 0.097115 0.879310 0.100962 0.887213 0.109615 0.888649 0.121154 0.885776 0.126923 0.866379 0.135577 0.866379 0.139423
0 0.477011 0.079808 0.469828 0.079808 0.466236 0.071154 0.466236 0.057692 0.471983 0.044231 0.477011 0.039423 0.488506 0.039423 0.495690 0.043269 0.497845 0.053846 0.494971 0.061538 0.485632 0.074038 0.477011 0.079808
0 0.000000 0.835577 0.002874 0.835577 0.007902 0.842308 0.006466 0.855769 0.000000 0.862500
0 0.104885 0.781731 0.090517 0.779808 0.085489 0.773077 0.084052 0.765385 0.100575 0.743269 0.104885 0.739423 0.112069 0.739423 0.119971 0.746154 0.122845 0.759615 0.113506 0.777885 0.104885 0.781731
0 0.541667 0.295192 0.528736 0.291346 0.519397 0.273077 0.517960 0.259615 0.524425 0.247115 0.531609 0.247115 0.543103 0.256731 0.548132 0.267308 0.549569 0.286538 0.541667 0.295192
0 0.606322 0.350962 0.591954 0.347115 0.582615 0.332692 0.579741 0.325000 0.579741 0.305769 0.586207 0.297115 0.597701 0.297115 0.606322 0.300962 0.617098 0.315385 0.618534 0.325000 0.615661 0.340385 0.606322 0.350962
0 0.265805 0.702885 0.260057 0.702885 0.255029 0.698077 0.255029 0.684615 0.265805 0.666346 0.274425 0.662500 0.282328 0.669231 0.282328 0.676923 0.278017 0.688462 0.265805 0.702885
0 0.173851 0.522115 0.163793 0.522115 0.155891 0.507692 0.154454 0.498077 0.158764 0.486538 0.163793 0.481731 0.183908 0.483654 0.190374 0.488462 0.196121 0.500000 0.188218 0.514423 0.173851 0.522115
0 0.602730 0.998077 0.604167 0.988462 0.610632 0.979808 0.635057 0.960577 0.640086 0.967308 0.640086 0.980769 0.627155 0.998077
0 0.018678 0.791346 0.008621 0.789423 0.003592 0.784615 0.005029 0.775000 0.017241 0.760577 0.031609 0.760577 0.042385 0.769231 0.043103 0.781731 0.018678 0.791346
0 0.426724 0.593269 0.420977 0.593269 0.411638 0.584615 0.414511 0.567308 0.431034 0.550962 0.439655 0.550962 0.444684 0.555769 0.443247 0.571154 0.426724 0.593269
0 0.551724 0.462500 0.544540 0.462500 0.539511 0.455769 0.538075 0.440385 0.544540 0.427885 0.548851 0.425962 0.551724 0.420192 0.556034 0.420192 0.561063 0.425000 0.563937 0.434615 0.563937 0.446154 0.569684 0.455769 0.567529 0.458654 0.556034 0.458654 0.551724 0.462500
0 0.693966 0.077885 0.688218 0.077885 0.676724 0.070192 0.673132 0.063462 0.673132 0.051923 0.676006 0.050000 0.677443 0.040385 0.681034 0.035577 0.696839 0.029808 0.707615 0.038462 0.709052 0.053846 0.706178 0.065385 0.693966 0.077885
0 0.183908 0.054808 0.169540 0.052885 0.164511 0.046154 0.164511 0.038462 0.179598 0.027885 0.189655 0.027885 0.191810 0.042308 0.190374 0.048077 0.183908 0.054808
0 0.294540 0.706731 0.285920 0.704808 0.282328 0.698077 0.283764 0.675000 0.295977 0.658654 0.304598 0.650962 0.308908 0.650962 0.318247 0.661538 0.316810 0.675000 0.312500 0.684615 0.294540 0.706731
0 0.079023 0.235577 0.044540 0.224038 0.039511 0.219231 0.039511 0.209615 0.048851 0.200962 0.074713 0.202885 0.082615 0.213462 0.086925 0.225000 0.085489 0.232692 0.079023 0.235577
0 0.872126 0.472115 0.866379 0.472115 0.861351 0.463462 0.864224 0.453846 0.876437 0.437500 0.893678 0.425962 0.906609 0.424038 0.910201 0.428846 0.908764 0.436538 0.900862 0.449038 0.872126 0.472115
0 0.833333 0.785577 0.823276 0.781731 0.821121 0.776923 0.821121 0.761538 0.826868 0.748077 0.825431 0.746154 0.833333 0.735577 0.849138 0.733654 0.854885 0.737500 0.858477 0.744231 0.858477 0.755769 0.846264 0.775962 0.833333 0.785577
0 0.902299 0.824038 0.895115 0.824038 0.888649 0.817308 0.888649 0.801923 0.891523 0.786538 0.898707 0.767308 0.903736 0.760577 0.910920 0.760577 0.917385 0.773077 0.915948 0.796154 0.911638 0.809615 0.902299 0.824038
0 0.790230 0.860577 0.785920 0.860577 0.779454 0.850000 0.780891 0.832692 0.800287 0.808654 0.813218 0.806731 0.819684 0.817308 0.819684 0.830769 0.816810 0.840385 0.807471 0.850962 0.790230 0.860577
0 0.113506 0.962500 0.103448 0.962500 0.097701 0.958654 0.085489 0.942308 0.084052 0.926923 0.087644 0.920192 0.109195 0.925962 0.124282 0.942308 0.124282 0.950000 0.121408 0.955769 0.113506 0.962500
0 0.626437 0.852885 0.618534 0.851923 0.617816 0.829808 0.623563 0.829808 0.628592 0.834615 0.630029 0.846154 0.626437 0.852885
0 0.239943 0.149038 0.237787 0.148077 0.237787 0.142308 0.232759 0.137500 0.227011 0.137500 0.220546 0.146154 0.221264 0.149038 0.212644 0.145192 0.203305 0.132692 0.203305 0.123077 0.216954 0.112500 0.232759 0.112500 0.239943 0.116346 0.244971 0.121154 0.247845 0.128846 0.244971 0.142308 0.239943 0.149038
0 0.163793 0.335577 0.147989 0.335577 0.142241 0.327885 0.133621 0.325962 0.131466 0.323077 0.130029 0.298077 0.139368 0.287500 0.158046 0.283654 0.163793 0.285577 0.168822 0.298077 0.167385 0.332692 0.163793 0.335577
0 0.063218 0.937500 0.051724 0.935577 0.035201 0.915385 0.029454 0.901923 0.030891 0.894231 0.034483 0.889423 0.048851 0.897115 0.065374 0.919231 0.068247 0.925000 0.068247 0.932692 0.063218 0.937500
0 0.623563 0.285577 0.614943 0.285577 0.606322 0.279808 0.602730 0.275000 0.601293 0.259615 0.598420 0.253846 0.602011 0.250962 0.616379 0.250962 0.627874 0.256731 0.631466 0.261538 0.632902 0.275000 0.623563 0.285577
0 0.362069 0.114423 0.351293 0.103846 0.351293 0.090385 0.362069 0.074038 0.372126 0.066346 0.385057 0.068269 0.390086 0.076923 0.384339 0.092308 0.373563 0.106731 0.362069 0.114423
0 0.389368 0.202885 0.373563 0.200962 0.363506 0.193269 0.361351 0.190385 0.362787 0.178846 0.372126 0.170192 0.392241 0.172115 0.398707 0.180769 0.400144 0.190385 0.396552 0.199038 0.389368 0.202885
0 0.000000 0.975962 0.007902 0.990385 0.007902 0.998077
0 0.303161 0.931731 0.287356 0.931731 0.282328 0.925000 0.285201 0.909615 0.294540 0.899038 0.303161 0.900962 0.311063 0.913462 0.309626 0.923077 0.303161 0.931731
0 0.252874 0.781731 0.241379 0.781731 0.233477 0.776923 0.233477 0.761538 0.241379 0.750962 0.248563 0.747115 0.257184 0.754808 0.276580 0.759615 0.272989 0.768269 0.252874 0.781731
0 0.119253 0.589423 0.100575 0.589423 0.093391 0.585577 0.085489 0.573077 0.086925 0.561538 0.096264 0.556731 0.103448 0.562500 0.112069 0.564423 0.124282 0.578846 0.124282 0.584615 0.119253 0.589423
0 0.000000 0.039423 0.008621 0.039423 0.019397 0.051923 0.023707 0.063462 0.025144 0.080769 0.018678 0.087500 0.010057 0.087500 0.000000 0.079808
0 0.619253 0.702885 0.612069 0.702885 0.606322 0.699038 0.602730 0.688462 0.604167 0.669231 0.614943 0.647115 0.626437 0.652885 0.631466 0.667308 0.631466 0.684615 0.627155 0.696154 0.619253 0.702885
0 0.252874 0.064423 0.246408 0.059615 0.246408 0.046154 0.252874 0.037500 0.256466 0.044231 0.252874 0.064423
0 0.625000 0.443269 0.615661 0.438462 0.614224 0.417308 0.625000 0.400962 0.630747 0.400962 0.637931 0.404808 0.645833 0.415385 0.647270 0.426923 0.640805 0.437500 0.625000 0.443269
0 0.287356 0.547115 0.281609 0.547115 0.273707 0.540385 0.273707 0.525000 0.278736 0.516346 0.284483 0.520192 0.291667 0.520192 0.295977 0.514423 0.298132 0.517308 0.298132 0.534615 0.287356 0.547115
0 0.318966 0.995192 0.307471 0.993269 0.299569 0.982692 0.299569 0.973077 0.308908 0.958654 0.327586 0.954808 0.334052 0.961538 0.338362 0.976923 0.327586 0.991346 0.318966 0.995192
0 0.350575 0.975962 0.339080 0.975962 0.331178 0.957692 0.332615 0.936538 0.339080 0.929808 0.350575 0.929808 0.358477 0.938462 0.362787 0.948077 0.361351 0.971154 0.350575 0.975962
0 0.955460 0.968269 0.941092 0.966346 0.937500 0.961538 0.937500 0.953846 0.949713 0.933654 0.962644 0.929808 0.971264 0.935577 0.974856 0.944231 0.968391 0.958654 0.955460 0.968269
0 0.563218 0.200962 0.548851 0.193269 0.536638 0.180769 0.532328 0.175000 0.532328 0.169231 0.529454 0.167308 0.535920 0.158654 0.547414 0.158654 0.558908 0.164423 0.569684 0.176923 0.572557 0.186538 0.572557 0.196154 0.563218 0.200962
0 0.494971 0.998077 0.510057 0.991346 0.520833 0.998077
0 0.197557 0.998077 0.182471 0.989423 0.177443 0.982692 0.177443 0.975000 0.181034 0.970192 0.205460 0.972115 0.217672 0.986538 0.216236 0.998077
0 0.653736 0.085577 0.647989 0.083654 0.640086 0.073077 0.640086 0.063462 0.649425 0.052885 0.666667 0.050962 0.671695 0.059615 0.671695 0.065385 0.662356 0.081731 0.653736 0.085577
0 0.420977 0.347115 0.413793 0.343269 0.407328 0.330769 0.408764 0.315385 0.416667 0.306731 0.426724 0.310577 0.431753 0.319231 0.430316 0.334615 0.420977 0.347115
0 0.000000 0.922115 0.008621 0.927885 0.015086 0.942308 0.016523 0.967308 0.000000 0.966346
0 0.481322 0.624038 0.469828 0.622115 0.463362 0.613462 0.461925 0.603846 0.474138 0.587500 0.479885 0.583654 0.494253 0.583654 0.502874 0.589423 0.506466 0.596154 0.503592 0.607692 0.491379 0.622115 0.481322 0.624038
0 0.547414 0.547115 0.533046 0.545192 0.529454 0.538462 0.529454 0.530769 0.534483 0.520192 0.543103 0.514423 0.553161 0.512500 0.555316 0.515385 0.552443 0.521154 0.553879 0.540385 0.547414 0.547115
0 0.245690 0.054808 0.235632 0.050962 0.232040 0.046154 0.232040 0.026923 0.229885 0.024038 0.225575 0.024038 0.221264 0.029808 0.218391 0.029808 0.216236 0.023077 0.218391 0.020192 0.228448 0.018269 0.245690 0.033654 0.249282 0.038462 0.246408 0.044231 0.245690 0.054808
0 0.385057 0.600962 0.374282 0.592308 0.374282 0.582692 0.378592 0.573077 0.380029 0.561538 0.383621 0.558654 0.392241 0.558654 0.403017 0.569231 0.404454 0.578846 0.392241 0.599038 0.385057 0.600962
0 0.937500 0.998077 0.938937 0.984615 0.946839 0.975962 0.958333 0.977885 0.964799 0.984615 0.970546 0.998077
0 0.943966 0.887500 0.941092 0.887500 0.934626 0.876923 0.934626 0.851923 0.936063 0.844231 0.942529 0.833654 0.946839 0.829808 0.954023 0.829808 0.959052 0.836538 0.957615 0.861538 0.950431 0.880769 0.943966 0.887500
0 0.602011 0.512500 0.586207 0.510577 0.584052 0.507692 0.588362 0.500000 0.587644 0.479808 0.594828 0.481731 0.602730 0.492308 0.601293 0.494231 0.604167 0.500000 0.604167 0.509615 0.602011 0.512500
0 0.464080 0.416346 0.455460 0.414423 0.448994 0.400000 0.454023 0.360577 0.462644 0.360577 0.474856 0.378846 0.473420 0.405769 0.464080 0.416346
0 0.765805 0.845192 0.754310 0.843269 0.745690 0.835577 0.743534 0.828846 0.744971 0.821154 0.760057 0.802885 0.774425 0.793269 0.787356 0.797115 0.789511 0.811538 0.786638 0.821154 0.775862 0.835577 0.764368 0.841346 0.765805 0.845192
0 0.326868 0.998077 0.326868 0.992308 0.337644 0.977885 0.357759 0.972115 0.366379 0.974038 0.372845 0.980769 0.372845 0.988462 0.367098 0.998077
0 0.511494 0.868269 0.506466 0.865385 0.506466 0.859615 0.513649 0.838462 0.520115 0.831731 0.528736 0.835577 0.530891 0.844231 0.528017 0.851923 0.511494 0.868269
0 0.998563 0.302885 0.988506 0.310577 0.985632 0.308654 0.971264 0.312500 0.958333 0.306731 0.953305 0.290385 0.968391 0.277885 0.981322 0.277885 0.992816 0.285577 0.998563 0.295192
0 0.890805 0.181731 0.881466 0.173077 0.875718 0.153846 0.875718 0.136538 0.877874 0.129808 0.892241 0.127885 0.899425 0.131731 0.905891 0.140385 0.903017 0.165385 0.900144 0.173077 0.890805 0.181731
0 0.751437 0.762500 0.742816 0.762500 0.737787 0.757692 0.737787 0.738462 0.755747 0.714423 0.764368 0.712500 0.767960 0.715385 0.766523 0.736538 0.757902 0.751923 0.757902 0.755769 0.751437 0.762500
0 0.558908 0.822115 0.541667 0.822115 0.531609 0.814423 0.528017 0.809615 0.528017 0.794231 0.534483 0.785577 0.558908 0.785577 0.568247 0.803846 0.565374 0.815385 0.558908 0.822115
0 0.596264 0.672115 0.587644 0.672115 0.582615 0.665385 0.581178 0.650000 0.589080 0.635577 0.594828 0.631731 0.604885 0.631731 0.611351 0.636538 0.612787 0.648077 0.596264 0.672115
0 0.353448 0.372115 0.346264 0.372115 0.334052 0.361538 0.328305 0.342308 0.328305 0.332692 0.331897 0.327885 0.341954 0.327885 0.354167 0.346154 0.357040 0.361538 0.353448 0.372115
0 0.135057 0.737500 0.122126 0.733654 0.111351 0.719231 0.109914 0.707692 0.116379 0.697115 0.130747 0.697115 0.141523 0.705769 0.144397 0.713462 0.142960 0.725000 0.135057 0.737500
0 0.261494 0.872115 0.252155 0.867308 0.252155 0.851923 0.264368 0.829808 0.275862 0.825962 0.280891 0.832692 0.279454 0.846154 0.273707 0.859615 0.265805 0.870192 0.261494 0.872115
0 0.033046 0.829808 0.021552 0.829808 0.019397 0.826923 0.017960 0.821154 0.022270 0.811538 0.034483 0.799038 0.051724 0.802885 0.051006 0.815385 0.038793 0.827885 0.033046 0.829808
0 0.601293 0.000000 0.596983 0.013462 0.590517 0.018269 0.580460 0.016346 0.573994 0.007692 0.573994 0.000000
0 0.505747 0.541346 0.498563 0.541346 0.492816 0.535577 0.490661 0.532692 0.490661 0.521154 0.498563 0.510577 0.507184 0.504808 0.514368 0.504808 0.517960 0.509615 0.520833 0.521154 0.515086 0.534615 0.505747 0.541346
0 0.242816 0.374038 0.228448 0.374038 0.218391 0.370192 0.217672 0.355769 0.221264 0.349038 0.232759 0.339423 0.242816 0.343269 0.246408 0.350000 0.246408 0.365385 0.242816 0.374038
0 0.091954 0.891346 0.081897 0.887500 0.078305 0.880769 0.078305 0.861538 0.080460 0.858654 0.091954 0.856731 0.096264 0.858654 0.099856 0.867308 0.099856 0.880769 0.091954 0.891346
0 0.537356 0.677885 0.528736 0.674038 0.520833 0.663462 0.513649 0.648077 0.515805 0.645192 0.527299 0.643269 0.536638 0.655769 0.540948 0.665385 0.540948 0.675000 0.537356 0.677885
0 0.699713 0.714423 0.691092 0.712500 0.686063 0.703846 0.681753 0.680769 0.689655 0.666346 0.699713 0.664423 0.704023 0.658654 0.709052 0.669231 0.710489 0.690385 0.706178 0.707692 0.699713 0.714423
0 0.050287 0.760577 0.041667 0.760577 0.030891 0.755769 0.028017 0.742308 0.033046 0.727885 0.053161 0.725962 0.056753 0.730769 0.058190 0.748077 0.050287 0.760577
0 0.195402 0.931731 0.168103 0.929808 0.161638 0.919231 0.161638 0.911538 0.166667 0.902885 0.192529 0.908654 0.203305 0.919231 0.203305 0.923077 0.195402 0.931731
0 0.293103 0.250962 0.284483 0.250962 0.272270 0.234615 0.272270 0.225000 0.281609 0.224038 0.295977 0.231731 0.298132 0.244231 0.293103 0.250962
0 0.405172 0.460577 0.400862 0.460577 0.390805 0.452885 0.381466 0.438462 0.378592 0.423077 0.383621 0.412500 0.387931 0.410577 0.394397 0.417308 0.394397 0.428846 0.396552 0.433654 0.409483 0.433654 0.413075 0.438462 0.411638 0.451923 0.405172 0.460577
0 0.715517 0.250962 0.705460 0.250962 0.689655 0.235577 0.686063 0.230769 0.686063 0.225000 0.692529 0.218269 0.699713 0.216346 0.727011 0.216346 0.732040 0.223077 0.732040 0.236538 0.722701 0.247115 0.715517 0.250962
0 0.093391 0.522115 0.086207 0.518269 0.084052 0.513462 0.084052 0.505769 0.091954 0.491346 0.102011 0.483654 0.109195 0.483654 0.118534 0.492308 0.119971 0.500000 0.112069 0.512500 0.093391 0.522115
0 0.291667 0.520192 0.284483 0.520192 0.278736 0.516346 0.272270 0.503846 0.272270 0.490385 0.278736 0.479808 0.288793 0.483654 0.295259 0.498077 0.296695 0.509615 0.291667 0.520192
0 0.761494 0.574038 0.750000 0.572115 0.740661 0.559615 0.736351 0.542308 0.741379 0.529808 0.752874 0.529808 0.761494 0.535577 0.769397 0.548077 0.769397 0.563462 0.761494 0.574038
0 0.400862 0.547115 0.392241 0.535577 0.383621 0.531731 0.380029 0.526923 0.381466 0.517308 0.395115 0.499038 0.402299 0.499038 0.407328 0.505769 0.410201 0.519231 0.407328 0.540385 0.400862 0.547115
0 0.068966 0.345192 0.056753 0.342308 0.056753 0.319231 0.060345 0.314423 0.066092 0.312500 0.067529 0.308654 0.074713 0.308654 0.086207 0.314423 0.086925 0.319231 0.082615 0.330769 0.073276 0.343269 0.068966 0.345192
0 0.382184 0.364423 0.377874 0.364423 0.370690 0.358654 0.367098 0.350000 0.367098 0.325000 0.369971 0.315385 0.376437 0.310577 0.385057 0.312500 0.390086 0.319231 0.392960 0.328846 0.390086 0.351923 0.382184 0.364423
0 0.512931 0.370192 0.497126 0.364423 0.488506 0.356731 0.482040 0.348077 0.483477 0.336538 0.494253 0.325962 0.502874 0.327885 0.516523 0.353846 0.516523 0.365385 0.512931 0.370192
0 0.000000 0.483654 0.002874 0.479808 0.011494 0.479808 0.020115 0.483654 0.023707 0.490385 0.022270 0.501923 0.015805 0.512500 0.004310 0.520192 0.000000 0.518269
0 0.604885 0.729808 0.593391 0.727885 0.591236 0.719231 0.594828 0.716346 0.604885 0.718269 0.608477 0.723077 0.604885 0.729808
0 0.797414 0.310577 0.788793 0.310577 0.786638 0.301923 0.797414 0.283654 0.806034 0.283654 0.809626 0.288462 0.808190 0.298077 0.803161 0.306731 0.797414 0.310577
0 0.468391 0.287500 0.461207 0.287500 0.456178 0.280769 0.456178 0.273077 0.459770 0.266346 0.466954 0.260577 0.481322 0.258654 0.485632 0.254808 0.491379 0.254808 0.493534 0.257692 0.493534 0.267308 0.488506 0.275962 0.468391 0.287500
0 0.602011 0.850962 0.598420 0.848077 0.598420 0.826923 0.604885 0.820192 0.607040 0.825000 0.607040 0.838462 0.602011 0.850962
0 0.798851 0.354808 0.787356 0.352885 0.780891 0.340385 0.780891 0.326923 0.787356 0.312500 0.800287 0.314423 0.806753 0.321154 0.809626 0.328846 0.808190 0.344231 0.804598 0.350962 0.798851 0.354808
0 0.448276 0.970192 0.442529 0.970192 0.423132 0.951923 0.421695 0.942308 0.424569 0.934615 0.431034 0.927885 0.439655 0.927885 0.454741 0.944231 0.456178 0.961538 0.452586 0.968269 0.448276 0.970192
0 0.965517 0.275962 0.961207 0.275962 0.948994 0.265385 0.951868 0.251923 0.962644 0.239423 0.979885 0.233654 0.987069 0.235577 0.992098 0.242308 0.989224 0.253846 0.979885 0.266346 0.965517 0.275962
0 0.846264 0.206731 0.831897 0.199038 0.826868 0.190385 0.823994 0.178846 0.823994 0.165385 0.830460 0.158654 0.846264 0.160577 0.855603 0.173077 0.857040 0.196154 0.852011 0.204808 0.846264 0.206731
0 0.600575 0.527885 0.590517 0.525962 0.585489 0.519231 0.584052 0.511538 0.602011 0.512500 0.604167 0.509615 0.604167 0.500000 0.601293 0.494231 0.603448 0.489423 0.609195 0.489423 0.617098 0.500000 0.617098 0.513462 0.613506 0.520192 0.603448 0.524038 0.600575 0.527885
0 0.237069 0.497115 0.224138 0.495192 0.209052 0.478846 0.207615 0.459615 0.214080 0.447115 0.224138 0.447115 0.237787 0.467308 0.240661 0.475000 0.240661 0.492308 0.237069 0.497115
0 0.079023 0.993269 0.063218 0.983654 0.053879 0.967308 0.057471 0.960577 0.070402 0.950962 0.090517 0.950962 0.099856 0.959615 0.101293 0.969231 0.090517 0.987500 0.079023 0.989423 0.079023 0.993269
0 0.014368 0.022115 0.010057 0.022115 0.000718 0.005769 0.022989 0.004808 0.023707 0.007692 0.014368 0.022115
0 0.268678 0.214423 0.264368 0.214423 0.262213 0.207692 0.263649 0.190385 0.268678 0.181731 0.277299 0.177885 0.283764 0.186538 0.283764 0.196154 0.268678 0.214423
0 0.350575 0.879808 0.339799 0.875000 0.336925 0.867308 0.336925 0.851923 0.341954 0.837500 0.349138 0.829808 0.354885 0.829808 0.362787 0.838462 0.367098 0.855769 0.365661 0.867308 0.359195 0.875962 0.350575 0.879808
0 0.126437 0.872115 0.109195 0.870192 0.104167 0.863462 0.105603 0.853846 0.109195 0.849038 0.120690 0.843269 0.132184 0.845192 0.135776 0.851923 0.135776 0.861538 0.126437 0.872115
0 0.455460 0.795192 0.438218 0.791346 0.433190 0.784615 0.431753 0.775000 0.433908 0.770192 0.443966 0.770192 0.455460 0.754808 0.458333 0.754808 0.466236 0.763462 0.466236 0.778846 0.464799 0.784615 0.455460 0.795192
0 0.287356 0.949038 0.271552 0.947115 0.254310 0.937500 0.249282 0.930769 0.249282 0.925000 0.252874 0.920192 0.281609 0.922115 0.292385 0.936538 0.290948 0.944231 0.287356 0.949038
0 0.657328 0.000000 0.660201 0.003846 0.661638 0.015385 0.652299 0.027885 0.637931 0.025962 0.634339 0.021154 0.634339 0.005769 0.638649 0.000000
0 0.596264 0.129808 0.583333 0.127885 0.578305 0.115385 0.578305 0.094231 0.584052 0.088462 0.583333 0.085577 0.589080 0.081731 0.591954 0.085577 0.600575 0.085577 0.608477 0.094231 0.608477 0.109615 0.604167 0.121154 0.596264 0.129808
0 0.229885 0.754808 0.216954 0.754808 0.206178 0.744231 0.206178 0.730769 0.211925 0.719231 0.218391 0.712500 0.228448 0.712500 0.234195 0.716346 0.240661 0.728846 0.239224 0.742308 0.229885 0.754808
0 0.057471 0.574038 0.043103 0.574038 0.033046 0.564423 0.032328 0.559615 0.038793 0.549038 0.054598 0.541346 0.068247 0.555769 0.068247 0.565385 0.057471 0.574038
0 0.071839 0.889423 0.066092 0.889423 0.061782 0.885577 0.055316 0.873077 0.070402 0.858654 0.076868 0.867308 0.076868 0.878846 0.071839 0.889423
0 0.173851 0.852885 0.155172 0.850962 0.140086 0.838462 0.142960 0.819231 0.139368 0.804808 0.160920 0.804808 0.176006 0.819231 0.181753 0.842308 0.180316 0.848077 0.173851 0.852885
0 0.977011 0.508654 0.969828 0.506731 0.963362 0.498077 0.963362 0.465385 0.966236 0.463462 0.966236 0.453846 0.969109 0.451923 0.969109 0.446154 0.972701 0.441346 0.985632 0.441346 0.989224 0.446154 0.990661 0.453846 0.990661 0.475000 0.983477 0.498077 0.980603 0.500000 0.980603 0.505769 0.977011 0.508654
0 0.257184 0.324038 0.244253 0.318269 0.237787 0.298077 0.240661 0.286538 0.251437 0.277885 0.265805 0.281731 0.272270 0.294231 0.270833 0.309615 0.257184 0.324038
0 0.622126 0.925962 0.616379 0.922115 0.611351 0.913462 0.609914 0.907692 0.612069 0.902885 0.630747 0.893269 0.645115 0.893269 0.650144 0.898077 0.651580 0.905769 0.646552 0.914423 0.622126 0.925962
0 0.112069 0.418269 0.100575 0.418269 0.091236 0.401923 0.091236 0.384615 0.102011 0.368269 0.107759 0.370192 0.114224 0.378846 0.119971 0.394231 0.118534 0.409615 0.112069 0.418269
0 0.512931 0.200962 0.504310 0.200962 0.497845 0.190385 0.497845 0.165385 0.504310 0.156731 0.511494 0.158654 0.520833 0.175000 0.519397 0.192308 0.512931 0.200962
0 0.985632 0.835577 0.975575 0.833654 0.967672 0.826923 0.967672 0.815385 0.972701 0.806731 0.981322 0.806731 0.983477 0.809615 0.987787 0.821154 0.987787 0.832692 0.985632 0.835577
0 0.000000 0.566346 0.002874 0.562500 0.012931 0.562500 0.022270 0.575000 0.022270 0.584615 0.018678 0.593269 0.001437 0.595192 0.000000 0.591346
0 0.288793 0.406731 0.281609 0.404808 0.278017 0.398077 0.276580 0.369231 0.278017 0.361538 0.284483 0.350962 0.294540 0.349038 0.299569 0.353846 0.302443 0.365385 0.301006 0.384615 0.296695 0.398077 0.288793 0.406731
0 0.310345 0.275962 0.299569 0.269231 0.298132 0.248077 0.304598 0.237500 0.310345 0.233654 0.324713 0.233654 0.329741 0.238462 0.331178 0.248077 0.320402 0.268269 0.310345 0.275962
0 0.410920 0.797115 0.400144 0.780769 0.395833 0.761538 0.397270 0.750000 0.402299 0.743269 0.408764 0.748077 0.413075 0.765385 0.414511 0.794231 0.410920 0.797115
0 0.982040 0.998077 0.986351 0.965385 0.991379 0.958654 0.998563 0.958654
0 0.538793 0.504808 0.524425 0.500962 0.516523 0.486538 0.519397 0.471154 0.531609 0.460577 0.537356 0.460577 0.545259 0.469231 0.545259 0.492308 0.540948 0.500000 0.542385 0.501923 0.538793 0.504808
0 0.560345 0.625962 0.548851 0.624038 0.537356 0.616346 0.530891 0.607692 0.530891 0.598077 0.538793 0.591346 0.553161 0.589423 0.560345 0.600962 0.569684 0.609615 0.568247 0.619231 0.560345 0.625962
0 0.635057 0.516346 0.626437 0.516346 0.617098 0.507692 0.617098 0.494231 0.622126 0.485577 0.639368 0.487500 0.648707 0.496154 0.647270 0.509615 0.635057 0.516346
0 0.265805 0.470192 0.250000 0.466346 0.236351 0.446154 0.234914 0.425000 0.242816 0.414423 0.251437 0.422115 0.263649 0.442308 0.267960 0.455769 0.267960 0.467308 0.265805 0.470192
0 0.083333 0.297115 0.067529 0.297115 0.060345 0.293269 0.056753 0.284615 0.063218 0.274038 0.071839 0.268269 0.090517 0.270192 0.096264 0.274038 0.099856 0.278846 0.099856 0.288462 0.096264 0.293269 0.083333 0.297115
0 0.744253 0.649038 0.729885 0.645192 0.714799 0.625000 0.713362 0.607692 0.719828 0.597115 0.731322 0.593269 0.734195 0.595192 0.744971 0.607692 0.747845 0.617308 0.752155 0.621154 0.753592 0.636538 0.744253 0.649038
0 0.897989 0.883654 0.889368 0.883654 0.885776 0.878846 0.884339 0.863462 0.892960 0.840385 0.902299 0.827885 0.910920 0.822115 0.918822 0.830769 0.918822 0.840385 0.897989 0.883654
0 0.959770 0.779808 0.954023 0.777885 0.948994 0.769231 0.948994 0.746154 0.958333 0.727885 0.968391 0.725962 0.979167 0.734615 0.980603 0.746154 0.977730 0.759615 0.973420 0.767308 0.959770 0.779808
0 0.765805 0.877885 0.760057 0.877885 0.755029 0.873077 0.755029 0.865385 0.762931 0.854808 0.767241 0.856731 0.772270 0.865385 0.770833 0.873077 0.765805 0.877885
0 0.590517 0.881731 0.574713 0.881731 0.563937 0.867308 0.562500 0.844231 0.567529 0.835577 0.587644 0.835577 0.596983 0.846154 0.601293 0.855769 0.601293 0.865385 0.599856 0.871154 0.590517 0.881731
0 0.625000 0.891346 0.617816 0.891346 0.606322 0.885577 0.601293 0.876923 0.602730 0.861538 0.616379 0.847115 0.619253 0.852885 0.626437 0.852885 0.629310 0.849038 0.632184 0.850962 0.640086 0.865385 0.638649 0.876923 0.629310 0.889423 0.625000 0.891346
0 0.998563 0.560577 0.989943 0.564423 0.982040 0.553846 0.982040 0.548077 0.986351 0.538462 0.998563 0.520192
0 0.278736 0.758654 0.265805 0.758654 0.254310 0.752885 0.249282 0.746154 0.252155 0.723077 0.257184 0.716346 0.268678 0.714423 0.282328 0.726923 0.285201 0.734615 0.285201 0.746154 0.278736 0.758654
0 0.872126 0.564423 0.864943 0.562500 0.858477 0.555769 0.854167 0.544231 0.854167 0.536538 0.863506 0.522115 0.873563 0.514423 0.880747 0.514423 0.888649 0.521154 0.891523 0.532692 0.888649 0.538462 0.888649 0.546154 0.872126 0.564423
0 0.237069 0.597115 0.224138 0.593269 0.214799 0.580769 0.213362 0.561538 0.216236 0.553846 0.221264 0.549038 0.235632 0.550962 0.246408 0.569231 0.244971 0.586538 0.237069 0.597115
0 0.765805 0.102885 0.747126 0.102885 0.743534 0.096154 0.743534 0.092308 0.746408 0.090385 0.746408 0.057692 0.750000 0.052885 0.764368 0.052885 0.779454 0.073077 0.779454 0.090385 0.771552 0.100962 0.765805 0.102885
0 0.998563 0.652885 0.992816 0.650962 0.984914 0.640385 0.986351 0.619231 0.994253 0.608654 0.998563 0.606731
0 0.123563 0.918269 0.112069 0.918269 0.106322 0.914423 0.101293 0.907692 0.099856 0.900000 0.103448 0.893269 0.109195 0.889423 0.133621 0.883654 0.141523 0.898077 0.133621 0.910577 0.123563 0.918269
0 0.837644 0.514423 0.826868 0.509615 0.823994 0.503846 0.823994 0.490385 0.825431 0.484615 0.836207 0.470192 0.846983 0.461538 0.846264 0.456731 0.850575 0.456731 0.855603 0.461538 0.858477 0.471154 0.852730 0.490385 0.837644 0.514423
0 0.695402 0.812500 0.682471 0.810577 0.678161 0.806731 0.676006 0.803846 0.676006 0.794231 0.685345 0.785577 0.695402 0.783654 0.708333 0.775962 0.716236 0.790385 0.714799 0.803846 0.705460 0.810577 0.695402 0.812500
0 0.432471 0.199038 0.420977 0.197115 0.415948 0.184615 0.415948 0.175000 0.418822 0.167308 0.425287 0.160577 0.433908 0.162500 0.444684 0.175000 0.444684 0.186538 0.436782 0.197115 0.432471 0.199038
0 0.234195 0.712500 0.216954 0.712500 0.216236 0.703846 0.219828 0.697115 0.225575 0.695192 0.237069 0.683654 0.245690 0.683654 0.247845 0.688462 0.244971 0.701923 0.234195 0.712500
0 0.931034 0.470192 0.928161 0.466346 0.926724 0.468269 0.920977 0.464423 0.920259 0.459615 0.917385 0.457692 0.918822 0.444231 0.933908 0.424038 0.948276 0.427885 0.950431 0.442308 0.947557 0.451923 0.936782 0.466346 0.931034 0.470192
0 0.725575 0.714423 0.715517 0.714423 0.709052 0.705769 0.711925 0.667308 0.714799 0.657692 0.721264 0.650962 0.727011 0.650962 0.735632 0.658654 0.742816 0.660577 0.750718 0.675000 0.747845 0.684615 0.725575 0.714423
0 0.502155 0.000000 0.505029 0.001923 0.506466 0.009615 0.492816 0.033654 0.482759 0.039423 0.471264 0.039423 0.467672 0.032692 0.467672 0.017308 0.470546 0.007692 0.477011 0.000962 0.489224 0.000000
0 0.352011 0.550962 0.341954 0.549038 0.335489 0.534615 0.335489 0.517308 0.338362 0.505769 0.343391 0.497115 0.349138 0.497115 0.353448 0.500962 0.361351 0.517308 0.359914 0.538462 0.352011 0.550962
0 0.442529 0.081731 0.432471 0.081731 0.420977 0.075962 0.413075 0.069231 0.411638 0.057692 0.418103 0.047115 0.428161 0.039423 0.448276 0.033654 0.454741 0.044231 0.454741 0.057692 0.447557 0.076923 0.442529 0.081731
0 0.794540 0.206731 0.787356 0.204808 0.782328 0.198077 0.778017 0.178846 0.780891 0.161538 0.787356 0.150962 0.793103 0.150962 0.803161 0.156731 0.811063 0.171154 0.808190 0.192308 0.794540 0.206731
0 0.686782 0.989423 0.682471 0.989423 0.678879 0.980769 0.678879 0.963462 0.685345 0.950962 0.689655 0.950962 0.694684 0.955769 0.696121 0.965385 0.690374 0.984615 0.686782 0.989423
0 0.649425 0.693269 0.637931 0.689423 0.632902 0.678846 0.628592 0.650000 0.633621 0.643269 0.642241 0.643269 0.655891 0.657692 0.657328 0.676923 0.654454 0.688462 0.649425 0.693269
0 0.442529 0.770192 0.436063 0.767308 0.431753 0.753846 0.431753 0.736538 0.435345 0.731731 0.441092 0.731731 0.444684 0.736538 0.448994 0.751923 0.447557 0.765385 0.442529 0.770192
0 0.372126 0.510577 0.366379 0.510577 0.362787 0.505769 0.359914 0.482692 0.364943 0.472115 0.372126 0.468269 0.385057 0.468269 0.390086 0.475000 0.388649 0.488462 0.372126 0.510577
0 0.660920 0.122115 0.643678 0.114423 0.635776 0.101923 0.637213 0.096154 0.650862 0.089423 0.669540 0.095192 0.674569 0.105769 0.674569 0.113462 0.670977 0.120192 0.660920 0.122115
0 0.182471 0.085577 0.173851 0.081731 0.170259 0.076923 0.167385 0.069231 0.169540 0.054808 0.187500 0.055769 0.190374 0.076923 0.186782 0.083654 0.182471 0.085577
0 0.732759 0.199038 0.719828 0.197115 0.713362 0.184615 0.721264 0.172115 0.734195 0.164423 0.742816 0.164423 0.749282 0.173077 0.749282 0.182692 0.742816 0.193269 0.732759 0.199038
0 0.351293 0.000000 0.359195 0.002885 0.367098 0.013462 0.367098 0.017308 0.360632 0.022115 0.354885 0.020192 0.344109 0.005769 0.342672 0.000000
0 0.366379 0.297115 0.359195 0.297115 0.351293 0.288462 0.349856 0.275000 0.356322 0.262500 0.370690 0.260577 0.380029 0.271154 0.381466 0.282692 0.378592 0.290385 0.366379 0.297115
0 0.489943 0.660577 0.475575 0.656731 0.470546 0.650000 0.470546 0.640385 0.482759 0.622115 0.487069 0.622115 0.493534 0.634615 0.493534 0.655769 0.489943 0.660577
0 0.630747 0.345192 0.627874 0.345192 0.622845 0.338462 0.621408 0.319231 0.630747 0.299038 0.640805 0.295192 0.648707 0.301923 0.650144 0.311538 0.644397 0.326923 0.630747 0.345192
0 0.998563 0.866346 0.989224 0.840385 0.989224 0.817308 0.992816 0.812500 0.998563 0.814423
0 0.298132 0.000000 0.302443 0.005769 0.302443 0.015385 0.297414 0.025962 0.290230 0.025962 0.283046 0.020192 0.276580 0.009615 0.276580 0.000000
0 0.202586 0.791346 0.190374 0.786538 0.193247 0.773077 0.205460 0.758654 0.214080 0.752885 0.227011 0.754808 0.230603 0.761538 0.229167 0.771154 0.218391 0.785577 0.202586 0.791346
0 0.902299 0.762500 0.896552 0.760577 0.888649 0.750000 0.888649 0.734615 0.900862 0.720192 0.922414 0.716346 0.926006 0.721154 0.926006 0.734615 0.923132 0.742308 0.910920 0.758654 0.902299 0.762500
0 0.097701 0.331731 0.083333 0.329808 0.086925 0.315385 0.073276 0.308654 0.072557 0.305769 0.091954 0.295192 0.099138 0.297115 0.104167 0.307692 0.105603 0.323077 0.102011 0.329808 0.097701 0.331731
0 0.056034 0.454808 0.038793 0.449038 0.028017 0.432692 0.028017 0.428846 0.024425 0.424038 0.022270 0.425000 0.022270 0.419231 0.027299 0.412500 0.044540 0.412500 0.058908 0.422115 0.065374 0.432692 0.065374 0.442308 0.056034 0.454808
0 0.606322 0.799038 0.593391 0.799038 0.584770 0.795192 0.576868 0.782692 0.578305 0.775000 0.583333 0.768269 0.599138 0.760577 0.617816 0.764423 0.624282 0.773077 0.624282 0.780769 0.616379 0.793269 0.606322 0.799038
0 0.333333 0.935577 0.313937 0.917308 0.311063 0.903846 0.314655 0.897115 0.320402 0.893269 0.333333 0.893269 0.344109 0.900000 0.346983 0.915385 0.342672 0.928846 0.333333 0.935577
0 0.274425 0.577885 0.265805 0.574038 0.255029 0.559615 0.252155 0.538462 0.255747 0.531731 0.265805 0.531731 0.275144 0.542308 0.280891 0.561538 0.280891 0.569231 0.274425 0.577885
0 0.044540 0.268269 0.035920 0.266346 0.026580 0.257692 0.025144 0.246154 0.028017 0.240385 0.040230 0.229808 0.061782 0.235577 0.065374 0.242308 0.063937 0.248077 0.053161 0.262500 0.044540 0.268269
0 0.224138 0.050962 0.219828 0.050962 0.216236 0.042308 0.221264 0.029808 0.225575 0.024038 0.229885 0.024038 0.232040 0.026923 0.232040 0.036538 0.224138 0.050962
0 0.488506 0.852885 0.478448 0.850962 0.471983 0.840385 0.471983 0.832692 0.478448 0.820192 0.489943 0.820192 0.496408 0.830769 0.496408 0.844231 0.488506 0.852885
0 0.215517 0.637500 0.201149 0.635577 0.190374 0.625000 0.187500 0.609615 0.188937 0.601923 0.192529 0.597115 0.199713 0.591346 0.204023 0.591346 0.217672 0.601923 0.224856 0.617308 0.224856 0.623077 0.221983 0.630769 0.215517 0.637500
0 0.464080 0.122115 0.456178 0.117308 0.459052 0.100000 0.474138 0.079808 0.481322 0.075962 0.489943 0.077885 0.493534 0.082692 0.492098 0.098077 0.474138 0.118269 0.464080 0.122115
0 0.537356 0.912500 0.515805 0.910577 0.505029 0.898077 0.503592 0.886538 0.508621 0.872115 0.521552 0.862500 0.537356 0.860577 0.550287 0.868269 0.555316 0.875000 0.558190 0.884615 0.556753 0.898077 0.550287 0.906731 0.537356 0.912500
0 0.525862 0.345192 0.512931 0.343269 0.500718 0.326923 0.502155 0.317308 0.508621 0.308654 0.514368 0.304808 0.528736 0.304808 0.539511 0.313462 0.539511 0.326923 0.535201 0.336538 0.525862 0.345192
0 0.724138 0.389423 0.711207 0.383654 0.704741 0.375000 0.704741 0.367308 0.711207 0.354808 0.722701 0.347115 0.734195 0.347115 0.742098 0.357692 0.742098 0.375000 0.737069 0.383654 0.724138 0.389423
0 0.525862 0.720192 0.512931 0.718269 0.512213 0.709615 0.528736 0.689423 0.538793 0.681731 0.544540 0.683654 0.546695 0.686538 0.545259 0.694231 0.536638 0.709615 0.525862 0.720192
0 0.189655 0.318269 0.180316 0.315385 0.178879 0.300000 0.181753 0.292308 0.189655 0.283654 0.199713 0.283654 0.204741 0.290385 0.204741 0.298077 0.200431 0.307692 0.189655 0.318269
0 0.240661 0.998077 0.227730 0.986538 0.226293 0.978846 0.232759 0.970192 0.255747 0.985577 0.263649 0.998077
0 0.216954 0.714423 0.206897 0.714423 0.198994 0.700000 0.197557 0.680769 0.204023 0.672115 0.216954 0.672115 0.220546 0.678846 0.220546 0.690385 0.216236 0.703846 0.216954 0.714423
0 0.590517 0.289423 0.581897 0.289423 0.573994 0.282692 0.575431 0.259615 0.583333 0.247115 0.594828 0.249038 0.601293 0.259615 0.602730 0.267308 0.601293 0.278846 0.590517 0.289423
0 0.087644 0.822115 0.081897 0.822115 0.071839 0.816346 0.063937 0.805769 0.059626 0.796154 0.059626 0.786538 0.063218 0.779808 0.074713 0.777885 0.081897 0.781731 0.094109 0.798077 0.095546 0.811538 0.087644 0.822115
0 0.377874 0.068269 0.367098 0.063462 0.365661 0.042308 0.382184 0.020192 0.390805 0.018269 0.400144 0.028846 0.401580 0.046154 0.393678 0.058654 0.377874 0.068269
0 0.270115 0.383654 0.262931 0.381731 0.253592 0.367308 0.243534 0.342308 0.244253 0.329808 0.250000 0.329808 0.260057 0.335577 0.267960 0.346154 0.272270 0.365385 0.272270 0.378846 0.270115 0.383654
0 0.945402 0.931731 0.934626 0.926923 0.934626 0.913462 0.945402 0.893269 0.956897 0.893269 0.964799 0.901923 0.964799 0.909615 0.955460 0.924038 0.945402 0.931731
0 0.472701 0.179808 0.466236 0.171154 0.466236 0.161538 0.470546 0.150000 0.489943 0.127885 0.491379 0.133654 0.492816 0.129808 0.496408 0.134615 0.494971 0.155769 0.487069 0.170192 0.472701 0.179808
0 0.145115 0.106731 0.136494 0.106731 0.126437 0.100962 0.118534 0.090385 0.117098 0.084615 0.117098 0.075000 0.122845 0.059615 0.137931 0.043269 0.148707 0.048077 0.154454 0.059615 0.158764 0.078846 0.155891 0.094231 0.152299 0.100962 0.145115 0.106731
0 0.168103 0.377885 0.160920 0.377885 0.150862 0.372115 0.142960 0.359615 0.141523 0.346154 0.149425 0.333654 0.163793 0.337500 0.173132 0.351923 0.176006 0.369231 0.168103 0.377885
0 0.118534 0.998077 0.122126 0.995192 0.145115 0.991346 0.153017 0.998077
0 0.498563 0.981731 0.492816 0.981731 0.479885 0.974038 0.473420 0.961538 0.473420 0.944231 0.476293 0.936538 0.482759 0.929808 0.500000 0.931731 0.510776 0.946154 0.510776 0.969231 0.502874 0.979808 0.498563 0.981731
0 0.000000 0.302885 0.001437 0.297115 0.018678 0.299038 0.025144 0.309615 0.029454 0.323077 0.026580 0.336538 0.020115 0.343269 0.005747 0.339423 0.000000 0.333654
