0 0.888889 0.937500 0.850000 0.937500 0.826389 0.916667 0.818056 0.897222 0.818056 0.813889 0.827778 0.798611 0.861111 0.784722 0.891667 0.784722 0.908333 0.793056 0.943056 0.827778 0.943056 0.869444 0.909722 0.922222 0.888889 0.937500
0 0.505556 0.795833 0.494444 0.795833 0.472222 0.784722 0.456944 0.769444 0.451389 0.752778 0.448611 0.680556 0.456944 0.652778 0.469444 0.643056 0.491667 0.645833 0.509722 0.658333 0.534722 0.700000 0.543056 0.733333 0.543056 0.766667 0.537500 0.777778 0.527778 0.787500 0.505556 0.795833
0 0.000000 0.901389 0.015278 0.950000 0.015278 0.997222
0 0.597222 0.373611 0.561111 0.368056 0.530556 0.351389 0.493056 0.302778 0.487500 0.280556 0.487500 0.225000 0.493056 0.211111 0.508333 0.193056 0.538889 0.190278 0.547222 0.198611 0.558333 0.201389 0.595833 0.244444 0.634722 0.311111 0.634722 0.344444 0.629167 0.361111 0.597222 0.373611
0 0.405556 0.584722 0.386111 0.584722 0.377778 0.579167 0.365278 0.566667 0.354167 0.544444 0.306944 0.488889 0.306944 0.469444 0.312500 0.455556 0.336111 0.431944 0.358333 0.420833 0.383333 0.415278 0.413889 0.418056 0.423611 0.427778 0.434722 0.452778 0.434722 0.541667 0.426389 0.566667 0.405556 0.584722
0 0.997222 0.298611 0.976389 0.266667 0.976389 0.194444 0.984722 0.169444 0.997222 0.156944
0 0.000000 0.393056 0.005556 0.393056 0.029167 0.419444 0.051389 0.488889 0.048611 0.555556 0.031944 0.588889 0.011111 0.606944 0.000000 0.606944
0 0.197222 0.912500 0.172222 0.912500 0.161111 0.906944 0.140278 0.883333 0.126389 0.802778 0.126389 0.766667 0.131944 0.755556 0.147222 0.743056 0.163889 0.743056 0.173611 0.752778 0.179167 0.763889 0.215278 0.802778 0.215278 0.813889 0.226389 0.827778 0.226389 0.886111 0.205556 0.909722 0.197222 0.912500
0 0.997222 0.512500 0.990278 0.519444 0.987500 0.536111 0.977778 0.540278 0.956944 0.522222 0.961111 0.512500 0.973611 0.508333 0.969444 0.504167 0.955556 0.504167 0.936111 0.493056 0.922222 0.495833 0.908333 0.481944 0.883333 0.479167 0.879167 0.475000 0.884722 0.463889 0.872222 0.454167 0.836111 0.454167 0.826389 0.441667 0.823611 0.416667 0.818056 0.408333 0.818056 0.402778 0.829167 0.394444 0.829167 0.383333 0.840278 0.363889 0.854167 0.347222 0.856944 0.322222 0.875000 0.309722 0.888889 0.309722 0.902778 0.326389 0.911111 0.320833 0.925000 0.320833 0.929167 0.325000 0.926389 0.341667 0.930556 0.345833 0.963889 0.345833 0.969444 0.359722 0.983333 0.359722 0.987500 0.363889 0.984722 0.377778 0.997222 0.384722
0 0.263889 0.279167 0.225000 0.270833 0.183333 0.240278 0.173611 0.230556 0.176389 0.211111 0.202778 0.195833 0.227778 0.193056 0.275000 0.173611 0.297222 0.173611 0.311111 0.181944 0.345833 0.225000 0.345833 0.244444 0.330556 0.262500 0.263889 0.279167
0 0.891667 0.720833 0.847222 0.720833 0.805556 0.706944 0.793056 0.694444 0.790278 0.683333 0.798611 0.655556 0.822222 0.634722 0.852778 0.623611 0.913889 0.618056 0.941667 0.629167 0.954167 0.644444 0.948611 0.683333 0.933333 0.704167 0.908333 0.718056 0.891667 0.720833
0 0.723611 0.997222 0.727778 0.993056 0.752778 0.993056 0.754167 0.997222
0 0.000000 0.187500 0.001389 0.187500 0.001389 0.290278 0.000000 0.290278
0 0.630556 0.579167 0.586111 0.576389 0.552778 0.556944 0.537500 0.538889 0.531944 0.525000 0.531944 0.505556 0.543056 0.483333 0.548611 0.425000 0.566667 0.401389 0.586111 0.393056 0.613889 0.393056 0.638889 0.404167 0.656944 0.422222 0.681944 0.458333 0.679167 0.508333 0.670833 0.544444 0.647222 0.573611 0.630556 0.579167
0 0.169444 0.198611 0.155556 0.198611 0.140278 0.186111 0.131944 0.169444 0.131944 0.158333 0.137500 0.141667 0.154167 0.122222 0.159722 0.091667 0.172222 0.076389 0.194444 0.073611 0.202778 0.081944 0.233333 0.087500 0.281944 0.122222 0.287500 0.133333 0.287500 0.158333 0.269444 0.173611 0.211111 0.195833 0.169444 0.198611
0 0.023611 0.997222 0.023611 0.980556 0.029167 0.969444 0.047222 0.954167 0.072222 0.954167 0.084722 0.963889 0.084722 0.997222
0 0.772222 0.184722 0.708333 0.184722 0.677778 0.179167 0.651389 0.155556 0.654167 0.127778 0.677778 0.104167 0.711111 0.084722 0.736111 0.079167 0.766667 0.079167 0.797222 0.087500 0.819444 0.098611 0.831944 0.111111 0.837500 0.122222 0.837500 0.136111 0.829167 0.152778 0.811111 0.170833 0.797222 0.179167 0.772222 0.184722
0 0.098611 0.997222 0.108333 0.987500 0.122222 0.987500 0.126389 0.997222
0 0.698611 0.000000 0.680556 0.018056 0.661111 0.023611 0.625000 0.018056 0.606944 0.000000
0 0.837500 0.000000 0.805556 0.018056 0.777778 0.018056 0.761111 0.012500 0.748611 0.000000
0 0.976389 0.000000 0.997222 0.000000 0.997222 0.045833 0.976389 0.045833
0 0.000000 0.000000 0.001389 0.000000 0.001389 0.076389 0.000000 0.076389
0 0.163889 0.715278 0.136111 0.706944 0.113889 0.687500 0.076389 0.630556 0.076389 0.597222 0.084722 0.577778 0.119444 0.545833 0.144444 0.545833 0.158333 0.551389 0.187500 0.580556 0.204167 0.611111 0.206944 0.652778 0.198611 0.686111 0.177778 0.709722 0.163889 0.715278
0 0.376389 0.997222 0.362500 0.958333 0.365278 0.936111 0.373611 0.916667 0.383333 0.906944 0.402778 0.901389 0.436111 0.909722 0.465278 0.936111 0.479167 0.972222 0.476389 0.997222
0 0.595833 0.997222 0.584722 0.980556 0.573611 0.941667 0.573611 0.883333 0.581944 0.866667 0.605556 0.851389 0.633333 0.854167 0.650000 0.865278 0.668056 0.886111 0.679167 0.911111 0.679167 0.955556 0.645833 0.997222
