0 0.656250 0.572266 0.644531 0.572266 0.630859 0.562500 0.630859 0.542969 0.636719 0.537109 0.652344 0.537109 0.662109 0.546875 0.662109 0.566406 0.656250 0.572266
0 0.921875 0.873047 0.908203 0.867188 0.908203 0.855469 0.921875 0.837891 0.929688 0.837891 0.935547 0.851562 0.921875 0.873047
0 0.207031 0.322266 0.193359 0.316406 0.199219 0.298828 0.220703 0.312500 0.207031 0.322266
0 0.863281 0.525391 0.849609 0.519531 0.855469 0.501953 0.873047 0.511719 0.873047 0.519531 0.863281 0.525391
0 0.996094 0.599609 0.984375 0.595703 0.974609 0.582031 0.980469 0.564453 0.996094 0.564453
0 0.710938 0.888672 0.697266 0.882812 0.703125 0.869141 0.716797 0.875000 0.710938 0.888672
0 0.253906 0.884766 0.240234 0.875000 0.240234 0.855469 0.250000 0.845703 0.273438 0.837891 0.279297 0.855469 0.271484 0.871094 0.253906 0.884766
0 0.585938 0.333984 0.574219 0.333984 0.564453 0.316406 0.564453 0.292969 0.570312 0.287109 0.582031 0.291016 0.595703 0.308594 0.595703 0.320312 0.585938 0.333984
0 0.632812 0.623047 0.621094 0.623047 0.599609 0.605469 0.605469 0.587891 0.625000 0.587891 0.642578 0.601562 0.642578 0.613281 0.632812 0.623047
0 0.226562 0.310547 0.210938 0.310547 0.205078 0.304688 0.205078 0.281250 0.210938 0.275391 0.226562 0.275391 0.232422 0.281250 0.232422 0.304688 0.226562 0.310547
0 0.843750 0.736328 0.832031 0.736328 0.822266 0.726562 0.824219 0.705078 0.839844 0.705078 0.849609 0.714844 0.849609 0.730469 0.843750 0.736328
0 0.730469 0.771484 0.714844 0.771484 0.701172 0.757812 0.701172 0.730469 0.707031 0.724609 0.714844 0.724609 0.730469 0.744141 0.740234 0.746094 0.740234 0.761719 0.730469 0.771484
0 0.257812 0.302734 0.238281 0.302734 0.232422 0.296875 0.232422 0.265625 0.251953 0.257812 0.251953 0.242188 0.261719 0.232422 0.277344 0.232422 0.287109 0.261719 0.273438 0.275391 0.261719 0.271484 0.255859 0.277344 0.255859 0.289062 0.263672 0.296875 0.257812 0.302734
0 0.625000 0.732422 0.611328 0.726562 0.611328 0.710938 0.625000 0.693359 0.636719 0.693359 0.642578 0.710938 0.625000 0.732422
0 0.843750 0.560547 0.830078 0.554688 0.835938 0.541016 0.849609 0.546875 0.843750 0.560547
0 0.429688 0.728516 0.416016 0.722656 0.421875 0.708984 0.435547 0.714844 0.429688 0.728516
0 0.460938 0.716797 0.451172 0.714844 0.453125 0.693359 0.470703 0.699219 0.460938 0.716797
0 0.902344 0.783203 0.886719 0.783203 0.880859 0.777344 0.880859 0.761719 0.890625 0.751953 0.902344 0.751953 0.912109 0.761719 0.912109 0.773438 0.902344 0.783203
0 0.210938 0.791016 0.183594 0.787109 0.181641 0.769531 0.214844 0.751953 0.224609 0.761719 0.224609 0.781250 0.210938 0.791016
0 0.585938 0.494141 0.568359 0.484375 0.578125 0.458984 0.589844 0.458984 0.595703 0.472656 0.595703 0.484375 0.585938 0.494141
0 0.640625 0.181641 0.625000 0.177734 0.615234 0.164062 0.615234 0.136719 0.625000 0.126953 0.646484 0.148438 0.646484 0.175781 0.640625 0.181641
0 0.431641 0.000000 0.417969 0.013672 0.410156 0.013672 0.404297 0.000000
0 0.957031 0.923828 0.925781 0.923828 0.919922 0.910156 0.929688 0.896484 0.953125 0.892578 0.962891 0.906250 0.957031 0.923828
0 0.433594 0.423828 0.417969 0.423828 0.408203 0.414062 0.408203 0.398438 0.414062 0.392578 0.431641 0.394531 0.431641 0.406250 0.439453 0.414062 0.433594 0.423828
0 0.210938 0.873047 0.177734 0.863281 0.177734 0.847656 0.187500 0.830078 0.203125 0.830078 0.212891 0.839844 0.210938 0.873047
0 0.523438 0.197266 0.509766 0.195312 0.509766 0.171875 0.527344 0.158203 0.539062 0.158203 0.544922 0.175781 0.523438 0.197266
0 0.105469 0.537109 0.095703 0.535156 0.095703 0.515625 0.113281 0.486328 0.123047 0.496094 0.123047 0.511719 0.105469 0.537109
0 0.203125 0.521484 0.191406 0.517578 0.181641 0.503906 0.181641 0.476562 0.187500 0.470703 0.212891 0.488281 0.212891 0.515625 0.203125 0.521484
0 0.375000 0.689453 0.343750 0.685547 0.333984 0.667969 0.339844 0.662109 0.378906 0.666016 0.384766 0.679688 0.375000 0.689453
0 0.968750 0.783203 0.955078 0.773438 0.951172 0.757812 0.964844 0.736328 0.976562 0.736328 0.982422 0.757812 0.968750 0.783203
0 0.062500 0.623047 0.042969 0.623047 0.037109 0.613281 0.037109 0.597656 0.058594 0.580078 0.076172 0.585938 0.076172 0.609375 0.062500 0.623047
0 0.812500 0.541016 0.798828 0.535156 0.804688 0.521484 0.818359 0.527344 0.812500 0.541016
0 0.359375 0.486328 0.341797 0.480469 0.341797 0.464844 0.347656 0.458984 0.355469 0.458984 0.365234 0.472656 0.359375 0.486328
0 0.675781 0.869141 0.662109 0.855469 0.662109 0.839844 0.667969 0.833984 0.679688 0.833984 0.693359 0.847656 0.693359 0.863281 0.675781 0.869141
0 0.074219 0.138672 0.062500 0.138672 0.041016 0.121094 0.041016 0.082031 0.050781 0.072266 0.070312 0.072266 0.091797 0.089844 0.091797 0.109375 0.080078 0.117188 0.080078 0.132812 0.074219 0.138672
0 0.636719 0.583984 0.613281 0.583984 0.603516 0.574219 0.603516 0.558594 0.621094 0.552734 0.642578 0.570312 0.636719 0.583984
0 0.269531 0.294922 0.255859 0.289062 0.261719 0.271484 0.275391 0.277344 0.269531 0.294922
0 0.472656 0.076172 0.455078 0.066406 0.460938 0.052734 0.478516 0.062500 0.472656 0.076172
0 0.480469 0.388672 0.466797 0.382812 0.472656 0.369141 0.486328 0.375000 0.480469 0.388672
0 0.785156 0.939453 0.773438 0.939453 0.755859 0.925781 0.761719 0.908203 0.777344 0.908203 0.791016 0.921875 0.785156 0.939453
0 0.226562 0.349609 0.207031 0.349609 0.201172 0.343750 0.201172 0.328125 0.214844 0.314453 0.232422 0.320312 0.232422 0.343750 0.226562 0.349609
0 0.996094 0.857422 0.984375 0.873047 0.972656 0.873047 0.962891 0.859375 0.966797 0.835938 0.984375 0.830078 0.988281 0.818359 0.996094 0.818359
0 0.750000 0.744141 0.730469 0.744141 0.724609 0.738281 0.716797 0.726562 0.716797 0.710938 0.722656 0.705078 0.753906 0.705078 0.759766 0.710938 0.763672 0.734375 0.750000 0.744141
0 0.457031 0.083984 0.439453 0.078125 0.445312 0.064453 0.462891 0.074219 0.457031 0.083984
0 0.941406 0.626953 0.917969 0.626953 0.904297 0.617188 0.900391 0.593750 0.910156 0.583984 0.925781 0.583984 0.943359 0.597656 0.941406 0.626953
0 0.363281 0.314453 0.347656 0.314453 0.333984 0.304688 0.333984 0.281250 0.355469 0.267578 0.376953 0.277344 0.376953 0.300781 0.363281 0.314453
0 0.792969 0.630859 0.775391 0.628906 0.775391 0.613281 0.789062 0.603516 0.800781 0.607422 0.806641 0.617188 0.792969 0.630859
0 0.218750 0.384766 0.197266 0.382812 0.197266 0.363281 0.203125 0.357422 0.220703 0.367188 0.218750 0.384766
0 0.250000 0.404297 0.240234 0.398438 0.240234 0.371094 0.246094 0.361328 0.261719 0.357422 0.271484 0.367188 0.271484 0.394531 0.250000 0.404297
0 0.484375 0.701172 0.470703 0.695312 0.476562 0.677734 0.490234 0.683594 0.484375 0.701172
0 0.593750 0.708984 0.570312 0.708984 0.560547 0.699219 0.564453 0.683594 0.593750 0.666016 0.603516 0.671875 0.603516 0.699219 0.593750 0.708984
0 0.222656 0.427734 0.205078 0.421875 0.205078 0.402344 0.214844 0.392578 0.224609 0.398438 0.222656 0.427734
0 0.792969 0.533203 0.781250 0.529297 0.767578 0.511719 0.763672 0.488281 0.773438 0.478516 0.792969 0.478516 0.806641 0.500000 0.806641 0.519531 0.792969 0.533203
0 0.203125 0.611328 0.191406 0.611328 0.173828 0.593750 0.173828 0.570312 0.191406 0.556641 0.212891 0.585938 0.212891 0.601562 0.203125 0.611328
0 0.308594 0.958984 0.296875 0.958984 0.287109 0.945312 0.287109 0.921875 0.296875 0.908203 0.316406 0.908203 0.326172 0.921875 0.326172 0.941406 0.308594 0.958984
0 0.402344 0.712891 0.388672 0.707031 0.388672 0.683594 0.398438 0.673828 0.412109 0.679688 0.408203 0.707031 0.402344 0.712891
0 0.738281 0.669922 0.708984 0.660156 0.714844 0.630859 0.738281 0.626953 0.751953 0.636719 0.751953 0.660156 0.738281 0.669922
0 0.449219 0.712891 0.421875 0.708984 0.412109 0.687500 0.429688 0.681641 0.437500 0.693359 0.449219 0.693359 0.455078 0.699219 0.449219 0.712891
0 0.394531 0.333984 0.380859 0.328125 0.380859 0.316406 0.390625 0.310547 0.400391 0.316406 0.394531 0.333984
0 0.363281 0.232422 0.343750 0.232422 0.333984 0.222656 0.330078 0.195312 0.335938 0.189453 0.343750 0.189453 0.357422 0.203125 0.365234 0.218750 0.363281 0.232422
0 0.968750 0.822266 0.943359 0.808594 0.943359 0.792969 0.949219 0.787109 0.964844 0.787109 0.974609 0.796875 0.974609 0.816406 0.968750 0.822266
0 0.425781 0.466797 0.406250 0.466797 0.400391 0.460938 0.400391 0.445312 0.406250 0.439453 0.437500 0.435547 0.447266 0.445312 0.445312 0.458984 0.425781 0.466797
0 0.863281 0.849609 0.849609 0.839844 0.849609 0.828125 0.859375 0.822266 0.873047 0.832031 0.863281 0.849609
0 0.449219 0.412109 0.431641 0.406250 0.431641 0.382812 0.437500 0.376953 0.453125 0.376953 0.458984 0.382812 0.449219 0.412109
0 0.832031 0.642578 0.818359 0.636719 0.824219 0.623047 0.837891 0.628906 0.832031 0.642578
