0 0.570312 0.365234 0.552734 0.363281 0.544922 0.351562 0.544922 0.335938 0.562500 0.322266 0.605469 0.326172 0.611328 0.347656 0.601562 0.357422 0.570312 0.365234
0 0.531250 0.083984 0.517578 0.082031 0.513672 0.062500 0.539062 0.052734 0.548828 0.066406 0.542969 0.080078 0.531250 0.083984
0 0.304688 0.232422 0.289062 0.232422 0.275391 0.218750 0.275391 0.199219 0.289062 0.189453 0.300781 0.189453 0.314453 0.203125 0.314453 0.222656 0.304688 0.232422
0 0.996094 0.490234 0.964844 0.482422 0.955078 0.472656 0.955078 0.460938 0.964844 0.451172 0.996094 0.455078
0 0.457031 0.662109 0.439453 0.656250 0.439453 0.632812 0.455078 0.605469 0.464844 0.603516 0.470703 0.609375 0.474609 0.640625 0.457031 0.662109
0 0.226562 0.220703 0.207031 0.220703 0.193359 0.203125 0.199219 0.177734 0.218750 0.177734 0.232422 0.195312 0.232422 0.214844 0.226562 0.220703
0 0.855469 0.404297 0.820312 0.400391 0.810547 0.382812 0.828125 0.369141 0.843750 0.369141 0.853516 0.375000 0.855469 0.404297
0 0.953125 0.404297 0.941406 0.404297 0.939453 0.386719 0.923828 0.382812 0.927734 0.363281 0.937500 0.357422 0.964844 0.369141 0.970703 0.378906 0.953125 0.404297
0 0.703125 0.208984 0.695312 0.208984 0.685547 0.195312 0.685547 0.175781 0.695312 0.169922 0.712891 0.187500 0.712891 0.199219 0.703125 0.208984
0 0.542969 0.369141 0.529297 0.363281 0.535156 0.349609 0.548828 0.355469 0.542969 0.369141
0 0.757812 0.076172 0.746094 0.076172 0.724609 0.062500 0.728516 0.039062 0.738281 0.029297 0.761719 0.029297 0.767578 0.035156 0.767578 0.058594 0.757812 0.076172
0 0.050781 0.466797 0.035156 0.466797 0.021484 0.457031 0.019531 0.431641 0.046875 0.427734 0.056641 0.437500 0.056641 0.460938 0.050781 0.466797
0 0.527344 0.541016 0.507812 0.541016 0.505859 0.531250 0.498047 0.527344 0.501953 0.511719 0.515625 0.501953 0.531250 0.501953 0.541016 0.511719 0.541016 0.531250 0.527344 0.541016
0 0.894531 0.060547 0.875000 0.060547 0.865234 0.050781 0.865234 0.035156 0.886719 0.029297 0.900391 0.046875 0.894531 0.060547
0 0.023438 0.431641 0.015625 0.431641 0.001953 0.417969 0.001953 0.410156 0.011719 0.400391 0.039062 0.400391 0.044922 0.406250 0.044922 0.421875 0.023438 0.431641
0 0.609375 0.427734 0.589844 0.423828 0.580078 0.410156 0.583984 0.398438 0.597656 0.388672 0.613281 0.388672 0.626953 0.402344 0.626953 0.410156 0.609375 0.427734
0 0.257812 0.212891 0.244141 0.207031 0.244141 0.195312 0.253906 0.181641 0.265625 0.181641 0.271484 0.195312 0.257812 0.212891
0 0.101562 0.462891 0.082031 0.462891 0.072266 0.449219 0.072266 0.437500 0.085938 0.419922 0.101562 0.423828 0.107422 0.433594 0.101562 0.462891
0 0.066406 0.158203 0.048828 0.152344 0.052734 0.132812 0.070312 0.119141 0.085938 0.123047 0.091797 0.148438 0.066406 0.158203
0 0.832031 0.189453 0.818359 0.183594 0.824219 0.169922 0.837891 0.175781 0.832031 0.189453
0 0.519531 0.638672 0.501953 0.636719 0.501953 0.617188 0.509766 0.613281 0.511719 0.595703 0.521484 0.601562 0.519531 0.638672
0 0.000000 0.232422 0.015625 0.224609 0.029297 0.234375 0.029297 0.253906 0.011719 0.271484 0.000000 0.271484
0 0.261719 0.052734 0.250000 0.052734 0.240234 0.042969 0.244141 0.023438 0.257812 0.005859 0.271484 0.011719 0.261719 0.052734
0 0.093750 0.314453 0.080078 0.308594 0.080078 0.289062 0.085938 0.283203 0.099609 0.289062 0.099609 0.308594 0.093750 0.314453
0 0.660156 0.052734 0.648438 0.052734 0.640625 0.044922 0.613281 0.052734 0.607422 0.035156 0.617188 0.025391 0.652344 0.025391 0.666016 0.039062 0.660156 0.052734
0 0.757812 0.099609 0.734375 0.099609 0.724609 0.089844 0.724609 0.074219 0.734375 0.068359 0.746094 0.076172 0.761719 0.076172 0.763672 0.093750 0.757812 0.099609
0 0.558594 0.486328 0.533203 0.457031 0.535156 0.435547 0.550781 0.435547 0.572266 0.460938 0.572266 0.480469 0.558594 0.486328
0 0.417969 0.134766 0.388672 0.128906 0.392578 0.101562 0.402344 0.091797 0.425781 0.091797 0.439453 0.101562 0.439453 0.121094 0.417969 0.134766
0 0.250000 0.150391 0.226562 0.150391 0.216797 0.136719 0.230469 0.123047 0.250000 0.119141 0.259766 0.128906 0.259766 0.140625 0.250000 0.150391
0 0.972656 0.384766 0.966797 0.382812 0.970703 0.378906 0.964844 0.369141 0.937500 0.357422 0.927734 0.363281 0.921875 0.384766 0.916016 0.363281 0.919922 0.339844 0.933594 0.330078 0.953125 0.330078 0.962891 0.339844 0.962891 0.355469 0.974609 0.371094 0.972656 0.384766
0 0.000000 0.572266 0.007812 0.564453 0.035156 0.568359 0.041016 0.597656 0.035156 0.603516 0.015625 0.603516 0.000000 0.591797
0 0.101562 0.388672 0.083984 0.378906 0.089844 0.365234 0.109375 0.365234 0.115234 0.371094 0.115234 0.378906 0.101562 0.388672
0 0.027344 0.126953 0.011719 0.126953 0.005859 0.121094 0.009766 0.101562 0.023438 0.091797 0.041016 0.097656 0.041016 0.117188 0.027344 0.126953
0 0.125000 0.408203 0.105469 0.408203 0.099609 0.390625 0.121094 0.380859 0.130859 0.390625 0.125000 0.408203
0 0.113281 0.310547 0.099609 0.304688 0.099609 0.289062 0.105469 0.283203 0.119141 0.289062 0.119141 0.304688 0.113281 0.310547
0 0.828125 0.126953 0.816406 0.126953 0.806641 0.105469 0.806641 0.089844 0.816406 0.080078 0.828125 0.083984 0.833984 0.093750 0.833984 0.121094 0.828125 0.126953
0 0.292969 0.123047 0.283203 0.121094 0.283203 0.105469 0.300781 0.099609 0.302734 0.113281 0.292969 0.123047
0 0.750000 0.228516 0.728516 0.222656 0.728516 0.195312 0.734375 0.185547 0.750000 0.185547 0.763672 0.203125 0.763672 0.218750 0.753906 0.220703 0.750000 0.228516
0 0.503906 0.048828 0.478516 0.046875 0.478516 0.031250 0.488281 0.021484 0.503906 0.021484 0.509766 0.027344 0.509766 0.042969 0.503906 0.048828
0 0.273438 0.107422 0.255859 0.101562 0.255859 0.089844 0.265625 0.080078 0.279297 0.089844 0.273438 0.107422
0 0.464844 0.498047 0.449219 0.498047 0.435547 0.484375 0.435547 0.472656 0.445312 0.462891 0.468750 0.462891 0.478516 0.472656 0.478516 0.488281 0.464844 0.498047
0 0.656250 0.080078 0.636719 0.076172 0.626953 0.066406 0.623047 0.050781 0.628906 0.044922 0.640625 0.044922 0.662109 0.058594 0.662109 0.074219 0.656250 0.080078
0 0.300781 0.076172 0.283203 0.070312 0.283203 0.054688 0.287109 0.035156 0.308594 0.021484 0.314453 0.027344 0.314453 0.062500 0.300781 0.076172
0 0.570312 0.501953 0.556641 0.496094 0.562500 0.482422 0.576172 0.488281 0.570312 0.501953
0 0.691406 0.505859 0.667969 0.501953 0.650391 0.488281 0.654297 0.468750 0.687500 0.451172 0.708984 0.472656 0.708984 0.488281 0.691406 0.505859
0 0.632812 0.337891 0.619141 0.332031 0.625000 0.318359 0.638672 0.324219 0.632812 0.337891
0 0.277344 0.185547 0.259766 0.179688 0.263672 0.164062 0.269531 0.158203 0.285156 0.162109 0.289062 0.154297 0.300781 0.158203 0.306641 0.171875 0.292969 0.173828 0.277344 0.185547
0 0.707031 0.080078 0.695312 0.080078 0.685547 0.058594 0.685547 0.046875 0.699219 0.037109 0.708984 0.054688 0.707031 0.080078
0 0.156250 0.103516 0.140625 0.099609 0.134766 0.085938 0.152344 0.064453 0.171875 0.064453 0.177734 0.085938 0.156250 0.103516
0 0.355469 0.509766 0.341797 0.503906 0.347656 0.490234 0.361328 0.496094 0.355469 0.509766
0 0.000000 0.919922 0.013672 0.925781 0.021484 0.945312 0.021484 0.960938 0.011719 0.970703 0.000000 0.970703
0 0.808594 0.958984 0.789062 0.958984 0.775391 0.945312 0.775391 0.933594 0.789062 0.916016 0.804688 0.916016 0.814453 0.925781 0.814453 0.953125 0.808594 0.958984
0 0.054688 0.513672 0.033203 0.511719 0.031250 0.478516 0.046875 0.478516 0.052734 0.484375 0.060547 0.500000 0.054688 0.513672
