0 0.875000 0.646484 0.859375 0.642578 0.845703 0.628906 0.845703 0.578125 0.863281 0.568359 0.890625 0.564453 0.908203 0.578125 0.912109 0.625000 0.898438 0.642578 0.875000 0.646484
0 0.074219 0.552734 0.046875 0.552734 0.031250 0.544922 0.013672 0.519531 0.013672 0.488281 0.039062 0.466797 0.074219 0.470703 0.107422 0.500000 0.103516 0.531250 0.074219 0.552734
0 0.726562 0.919922 0.707031 0.919922 0.681641 0.898438 0.669922 0.875000 0.669922 0.843750 0.695312 0.822266 0.722656 0.826172 0.724609 0.851562 0.759766 0.875000 0.751953 0.886719 0.751953 0.902344 0.726562 0.919922
0 0.781250 0.443359 0.765625 0.443359 0.755859 0.433594 0.751953 0.417969 0.757812 0.412109 0.773438 0.412109 0.791016 0.425781 0.781250 0.443359
0 0.996094 0.443359 0.968750 0.447266 0.953125 0.435547 0.933594 0.431641 0.919922 0.410156 0.900391 0.394531 0.888672 0.371094 0.888672 0.343750 0.914062 0.318359 0.945312 0.318359 0.988281 0.341797 0.996094 0.353516
0 0.230469 0.224609 0.207031 0.216797 0.193359 0.203125 0.189453 0.171875 0.199219 0.158203 0.238281 0.146484 0.255859 0.164062 0.263672 0.195312 0.242188 0.220703 0.230469 0.224609
0 0.162109 0.000000 0.144531 0.021484 0.105469 0.013672 0.091797 0.000000
0 0.835938 0.123047 0.812500 0.123047 0.787109 0.101562 0.787109 0.050781 0.816406 0.033203 0.847656 0.033203 0.865234 0.050781 0.865234 0.082031 0.853516 0.105469 0.835938 0.123047
0 0.339844 0.431641 0.312500 0.427734 0.291016 0.406250 0.291016 0.378906 0.302734 0.355469 0.328125 0.337891 0.367188 0.349609 0.384766 0.375000 0.384766 0.394531 0.376953 0.410156 0.355469 0.427734 0.339844 0.431641
0 0.082031 0.232422 0.054688 0.232422 0.025391 0.207031 0.021484 0.179688 0.029297 0.164062 0.046875 0.150391 0.089844 0.154297 0.105469 0.162109 0.119141 0.179688 0.119141 0.203125 0.111328 0.214844 0.082031 0.232422
0 0.257812 0.619141 0.218750 0.619141 0.203125 0.611328 0.181641 0.585938 0.181641 0.550781 0.189453 0.535156 0.210938 0.513672 0.238281 0.498047 0.265625 0.501953 0.294922 0.539062 0.291016 0.589844 0.273438 0.611328 0.257812 0.619141
0 0.906250 0.150391 0.890625 0.146484 0.865234 0.125000 0.865234 0.101562 0.869141 0.089844 0.890625 0.068359 0.914062 0.060547 0.935547 0.078125 0.939453 0.125000 0.921875 0.146484 0.906250 0.150391
0 0.609375 0.666016 0.589844 0.662109 0.568359 0.640625 0.564453 0.628906 0.572266 0.601562 0.593750 0.587891 0.621094 0.591797 0.638672 0.609375 0.630859 0.652344 0.609375 0.666016
0 0.382812 0.205078 0.347656 0.201172 0.314453 0.167969 0.318359 0.144531 0.343750 0.107422 0.367188 0.107422 0.396484 0.128906 0.412109 0.152344 0.412109 0.183594 0.382812 0.205078
0 0.601562 0.541016 0.593750 0.541016 0.572266 0.519531 0.572266 0.503906 0.585938 0.490234 0.599609 0.496094 0.607422 0.519531 0.607422 0.535156 0.601562 0.541016
0 0.953125 0.958984 0.929688 0.958984 0.900391 0.937500 0.896484 0.898438 0.910156 0.880859 0.960938 0.892578 0.970703 0.902344 0.974609 0.937500 0.953125 0.958984
0 0.617188 0.904297 0.570312 0.900391 0.552734 0.886719 0.548828 0.855469 0.574219 0.826172 0.621094 0.826172 0.642578 0.847656 0.642578 0.886719 0.617188 0.904297
0 0.572266 0.000000 0.546875 0.021484 0.511719 0.021484 0.486328 0.000000
0 0.554688 0.576172 0.527344 0.572266 0.513672 0.554688 0.513672 0.531250 0.546875 0.505859 0.554688 0.505859 0.583984 0.535156 0.583984 0.554688 0.554688 0.576172
0 0.996094 0.689453 0.976562 0.689453 0.964844 0.705078 0.949219 0.705078 0.943359 0.699219 0.943359 0.679688 0.923828 0.667969 0.919922 0.605469 0.937500 0.587891 0.953125 0.587891 0.978516 0.613281 0.978516 0.625000 0.996094 0.642578
0 0.480469 0.455078 0.466797 0.449219 0.472656 0.435547 0.486328 0.441406 0.480469 0.455078
0 0.332031 0.259766 0.304688 0.259766 0.275391 0.226562 0.275391 0.203125 0.308594 0.169922 0.316406 0.169922 0.345703 0.199219 0.349609 0.242188 0.332031 0.259766
0 0.064453 0.000000 0.064453 0.007812 0.042969 0.025391 0.023438 0.025391 0.000000 0.005859
0 0.441406 0.130859 0.419922 0.121094 0.412109 0.089844 0.412109 0.031250 0.421875 0.021484 0.457031 0.025391 0.486328 0.054688 0.474609 0.089844 0.441406 0.130859
0 0.996094 0.642578 0.962891 0.597656 0.966797 0.582031 0.976562 0.572266 0.996094 0.572266
0 0.765625 0.759766 0.738281 0.759766 0.720703 0.746094 0.720703 0.730469 0.738281 0.708984 0.761719 0.708984 0.767578 0.714844 0.775391 0.750000 0.765625 0.759766
0 0.810547 0.000000 0.810547 0.015625 0.800781 0.025391 0.773438 0.033203 0.750000 0.029297 0.732422 0.011719 0.732422 0.000000
0 0.507812 0.923828 0.476562 0.919922 0.462891 0.906250 0.451172 0.878906 0.476562 0.845703 0.496094 0.837891 0.519531 0.837891 0.529297 0.847656 0.541016 0.894531 0.541016 0.910156 0.535156 0.916016 0.507812 0.923828
0 0.792969 0.427734 0.771484 0.410156 0.785156 0.392578 0.796875 0.392578 0.806641 0.406250 0.806641 0.417969 0.792969 0.427734
0 0.878906 0.794922 0.847656 0.794922 0.826172 0.777344 0.818359 0.753906 0.832031 0.736328 0.878906 0.732422 0.884766 0.738281 0.892578 0.773438 0.878906 0.794922
0 0.765625 0.263672 0.738281 0.263672 0.722656 0.255859 0.705078 0.234375 0.708984 0.203125 0.734375 0.173828 0.773438 0.169922 0.798828 0.191406 0.798828 0.203125 0.791016 0.210938 0.791016 0.238281 0.765625 0.263672
0 0.996094 0.697266 0.970703 0.710938 0.970703 0.738281 0.949219 0.759766 0.921875 0.759766 0.906250 0.744141 0.886719 0.751953 0.878906 0.732422 0.839844 0.732422 0.812500 0.755859 0.794922 0.746094 0.787109 0.707031 0.787109 0.687500 0.796875 0.677734 0.855469 0.677734 0.861328 0.683594 0.861328 0.718750 0.875000 0.724609 0.880859 0.718750 0.884766 0.683594 0.910156 0.658203 0.921875 0.658203 0.923828 0.667969 0.943359 0.679688 0.943359 0.699219 0.949219 0.705078 0.964844 0.705078 0.976562 0.689453 0.996094 0.689453
0 0.931641 0.996094 0.931641 0.988281 0.945312 0.974609 0.972656 0.974609 0.990234 0.988281 0.990234 0.996094
0 0.113281 0.095703 0.101562 0.095703 0.085938 0.080078 0.068359 0.074219 0.083984 0.039062 0.097656 0.025391 0.105469 0.025391 0.138672 0.058594 0.138672 0.066406 0.113281 0.095703
0 0.285156 0.162109 0.271484 0.156250 0.251953 0.125000 0.265625 0.095703 0.300781 0.080078 0.318359 0.093750 0.318359 0.125000 0.310547 0.140625 0.285156 0.162109
0 0.171875 0.337891 0.144531 0.330078 0.130859 0.308594 0.134766 0.281250 0.156250 0.255859 0.187500 0.259766 0.201172 0.281250 0.197266 0.320312 0.171875 0.337891
0 0.785156 0.873047 0.753906 0.873047 0.724609 0.851562 0.724609 0.804688 0.750000 0.783203 0.781250 0.787109 0.798828 0.808594 0.798828 0.851562 0.785156 0.873047
0 0.953125 0.244141 0.921875 0.244141 0.912109 0.234375 0.912109 0.210938 0.945312 0.177734 0.960938 0.181641 0.978516 0.199219 0.978516 0.218750 0.970703 0.234375 0.953125 0.244141
0 0.070312 0.470703 0.035156 0.466797 0.029297 0.460938 0.029297 0.441406 0.046875 0.427734 0.074219 0.435547 0.080078 0.441406 0.080078 0.460938 0.070312 0.470703
0 0.693359 0.000000 0.701172 0.019531 0.691406 0.029297 0.671875 0.029297 0.662109 0.019531 0.662109 0.000000
0 0.000000 0.595703 0.019531 0.595703 0.035156 0.603516 0.052734 0.625000 0.052734 0.656250 0.044922 0.671875 0.027344 0.685547 0.000000 0.689453
0 0.621094 0.228516 0.601562 0.228516 0.568359 0.199219 0.564453 0.164062 0.578125 0.146484 0.613281 0.138672 0.642578 0.156250 0.650391 0.171875 0.650391 0.207031 0.621094 0.228516
0 0.707031 0.693359 0.664062 0.693359 0.646484 0.675781 0.662109 0.617188 0.667969 0.611328 0.687500 0.615234 0.699219 0.595703 0.710938 0.595703 0.736328 0.625000 0.728516 0.664062 0.707031 0.693359
0 0.718750 0.166016 0.691406 0.162109 0.677734 0.148438 0.669922 0.113281 0.683594 0.087891 0.718750 0.072266 0.742188 0.072266 0.759766 0.085938 0.767578 0.101562 0.767578 0.125000 0.738281 0.158203 0.718750 0.166016
0 0.539062 0.169922 0.496094 0.166016 0.480469 0.158203 0.466797 0.140625 0.466797 0.121094 0.488281 0.099609 0.566406 0.095703 0.580078 0.113281 0.580078 0.144531 0.562500 0.166016 0.539062 0.169922
0 0.656250 0.365234 0.605469 0.365234 0.587891 0.347656 0.587891 0.328125 0.580078 0.312500 0.587891 0.289062 0.609375 0.259766 0.652344 0.248047 0.677734 0.265625 0.693359 0.308594 0.681641 0.343750 0.656250 0.365234
0 0.728516 0.996094 0.728516 0.984375 0.769531 0.947266 0.800781 0.951172 0.822266 0.976562 0.826172 0.996094
0 0.498047 0.996094 0.498047 0.968750 0.515625 0.951172 0.539062 0.943359 0.562500 0.951172 0.580078 0.968750 0.587891 0.996094
0 0.800781 0.650391 0.765625 0.646484 0.751953 0.628906 0.751953 0.585938 0.769531 0.564453 0.808594 0.564453 0.830078 0.585938 0.830078 0.613281 0.818359 0.636719 0.800781 0.650391
0 0.554688 0.240234 0.496094 0.240234 0.476562 0.232422 0.466797 0.218750 0.466797 0.191406 0.492188 0.173828 0.535156 0.177734 0.552734 0.191406 0.568359 0.218750 0.554688 0.240234
0 0.996094 0.861328 0.976562 0.869141 0.949219 0.869141 0.933594 0.861328 0.900391 0.824219 0.900391 0.804688 0.921875 0.791016 0.980469 0.787109 0.996094 0.798828
0 0.531250 0.779297 0.507812 0.775391 0.480469 0.759766 0.466797 0.734375 0.466797 0.714844 0.478516 0.691406 0.507812 0.673828 0.535156 0.677734 0.548828 0.695312 0.548828 0.757812 0.531250 0.779297
0 0.421875 0.306641 0.390625 0.298828 0.373047 0.277344 0.373047 0.246094 0.386719 0.228516 0.406250 0.220703 0.429688 0.224609 0.443359 0.234375 0.439453 0.261719 0.451172 0.273438 0.447266 0.292969 0.421875 0.306641
0 0.527344 0.345703 0.492188 0.341797 0.478516 0.324219 0.478516 0.289062 0.486328 0.273438 0.507812 0.255859 0.535156 0.259766 0.556641 0.281250 0.556641 0.316406 0.548828 0.332031 0.527344 0.345703
0 0.187500 0.154297 0.160156 0.154297 0.144531 0.142578 0.130859 0.128906 0.130859 0.109375 0.152344 0.080078 0.183594 0.068359 0.207031 0.068359 0.224609 0.085938 0.224609 0.113281 0.187500 0.154297
0 0.503906 0.443359 0.464844 0.435547 0.439453 0.402344 0.439453 0.378906 0.460938 0.353516 0.492188 0.353516 0.500000 0.361328 0.519531 0.361328 0.533203 0.382812 0.533203 0.414062 0.503906 0.443359
0 0.625000 0.767578 0.585938 0.767578 0.568359 0.750000 0.568359 0.707031 0.585938 0.685547 0.625000 0.689453 0.650391 0.714844 0.646484 0.746094 0.625000 0.767578
