0 0.496875 0.634766 0.475000 0.634766 0.470313 0.621094 0.500000 0.576172 0.521875 0.568359 0.529687 0.605469 0.521875 0.619141 0.496875 0.634766
0 0.573438 0.000000 0.598437 0.019531 0.617188 0.058594 0.609375 0.083984 0.581250 0.095703 0.576562 0.089844 0.576562 0.074219 0.559375 0.068359 0.539062 0.039062 0.539062 0.011719 0.548438 0.000000
0 0.821875 0.876953 0.812500 0.876953 0.801562 0.863281 0.807813 0.835938 0.807813 0.804688 0.818750 0.791016 0.840625 0.779297 0.865625 0.783203 0.876563 0.812500 0.840625 0.873047 0.821875 0.876953
0 0.050000 0.888672 0.028125 0.884766 0.010937 0.847656 0.014063 0.796875 0.025000 0.779297 0.034375 0.787109 0.053125 0.783203 0.067187 0.800781 0.067187 0.835938 0.050000 0.888672
0 0.400000 0.744141 0.387500 0.744141 0.373437 0.730469 0.373437 0.683594 0.387500 0.662109 0.406250 0.646484 0.431250 0.650391 0.439063 0.664062 0.435937 0.675781 0.445312 0.699219 0.442188 0.718750 0.428125 0.740234 0.409375 0.736328 0.400000 0.744141
0 0.837500 0.181641 0.821875 0.181641 0.817187 0.175781 0.817187 0.160156 0.831250 0.138672 0.840625 0.138672 0.851562 0.148438 0.848437 0.167969 0.837500 0.181641
0 0.840625 0.384766 0.818750 0.384766 0.821875 0.373047 0.809375 0.373047 0.804688 0.367188 0.804688 0.359375 0.814063 0.351562 0.818750 0.337891 0.831250 0.341797 0.851562 0.367188 0.851562 0.375000 0.840625 0.384766
0 0.575000 0.802734 0.556250 0.798828 0.542188 0.781250 0.535937 0.750000 0.546875 0.748047 0.554688 0.738281 0.551562 0.722656 0.564063 0.710938 0.575000 0.689453 0.581250 0.689453 0.600000 0.697266 0.601562 0.710938 0.589063 0.742188 0.582812 0.789062 0.575000 0.802734
0 0.478125 0.126953 0.468750 0.126953 0.460938 0.117188 0.460938 0.097656 0.443750 0.080078 0.431250 0.072266 0.398438 0.074219 0.395313 0.046875 0.415625 0.017578 0.434375 0.013672 0.468750 0.037109 0.476562 0.046875 0.482812 0.070312 0.507812 0.093750 0.500000 0.115234 0.484375 0.115234 0.478125 0.126953
0 0.996875 0.404297 0.978125 0.419922 0.962500 0.412109 0.951562 0.390625 0.951562 0.367188 0.964063 0.339844 0.984375 0.314453 0.996875 0.310547
0 0.159375 0.154297 0.140625 0.154297 0.104688 0.121094 0.096875 0.068359 0.112500 0.064453 0.143750 0.087891 0.165625 0.091797 0.179688 0.105469 0.185938 0.128906 0.159375 0.154297
0 0.246875 0.451172 0.240625 0.451172 0.237500 0.443359 0.231250 0.451172 0.223438 0.445312 0.223438 0.417969 0.234375 0.404297 0.246875 0.404297 0.257812 0.421875 0.246875 0.451172
0 0.943750 0.169922 0.918750 0.169922 0.898438 0.148438 0.895312 0.117188 0.898438 0.105469 0.912500 0.091797 0.937500 0.087891 0.948438 0.097656 0.948438 0.164062 0.943750 0.169922
0 0.634375 0.201172 0.615625 0.201172 0.610938 0.195312 0.610938 0.156250 0.625000 0.134766 0.656250 0.138672 0.664062 0.148438 0.660937 0.167969 0.634375 0.201172
0 0.681250 0.412109 0.656250 0.408203 0.623437 0.371094 0.614062 0.347656 0.614062 0.324219 0.618750 0.314453 0.640625 0.310547 0.656250 0.322266 0.678125 0.326172 0.693750 0.349609 0.704688 0.347656 0.704688 0.367188 0.681250 0.412109
0 0.496875 0.748047 0.487500 0.748047 0.467187 0.714844 0.470313 0.671875 0.476562 0.656250 0.487500 0.650391 0.500000 0.650391 0.507812 0.660156 0.514062 0.691406 0.510938 0.726562 0.496875 0.748047
0 0.206250 0.322266 0.195312 0.308594 0.168750 0.224609 0.150000 0.267578 0.140625 0.267578 0.132812 0.253906 0.132812 0.207031 0.148438 0.156250 0.165625 0.150391 0.181250 0.134766 0.198437 0.148438 0.195312 0.175781 0.210938 0.214844 0.210938 0.312500 0.206250 0.322266
0 0.793750 0.701172 0.768750 0.697266 0.754687 0.679688 0.751563 0.625000 0.759375 0.615234 0.784375 0.615234 0.810937 0.636719 0.814063 0.675781 0.793750 0.701172
0 0.996875 0.564453 0.975000 0.560547 0.964063 0.542969 0.964063 0.507812 0.996875 0.455078
0 0.840625 0.638672 0.821875 0.634766 0.801562 0.613281 0.815625 0.576172 0.854688 0.582031 0.854688 0.613281 0.840625 0.638672
0 0.742188 0.000000 0.745313 0.007812 0.721875 0.033203 0.687500 0.033203 0.671875 0.025391 0.665625 0.005859 0.653125 0.013672 0.654687 0.000000
0 0.303125 0.724609 0.293750 0.724609 0.282813 0.707031 0.282813 0.683594 0.290625 0.677734 0.306250 0.677734 0.310937 0.687500 0.303125 0.724609
0 0.996875 0.771484 0.985938 0.753906 0.985938 0.734375 0.996875 0.724609
0 0.425000 0.576172 0.400000 0.572266 0.392188 0.558594 0.395313 0.507812 0.409375 0.482422 0.440625 0.490234 0.451562 0.519531 0.448437 0.558594 0.437500 0.572266 0.425000 0.576172
0 0.468750 0.248047 0.450000 0.248047 0.437500 0.240234 0.420312 0.214844 0.420312 0.207031 0.435937 0.187500 0.435937 0.156250 0.450000 0.146484 0.459375 0.146484 0.468750 0.158203 0.490625 0.158203 0.504687 0.171875 0.503125 0.201172 0.496875 0.205078 0.481250 0.193359 0.467187 0.195312 0.476562 0.226562 0.476562 0.238281 0.468750 0.248047
0 0.450000 0.498047 0.434375 0.486328 0.412500 0.482422 0.401562 0.468750 0.398438 0.433594 0.412500 0.408203 0.453125 0.412109 0.471875 0.419922 0.482812 0.433594 0.467187 0.464844 0.467187 0.480469 0.450000 0.498047
0 0.940625 0.732422 0.912500 0.724609 0.898438 0.703125 0.895312 0.687500 0.915625 0.654297 0.940625 0.658203 0.957812 0.691406 0.960938 0.710938 0.950000 0.728516 0.940625 0.732422
0 0.809375 0.466797 0.795312 0.457031 0.798438 0.437500 0.812500 0.419922 0.834375 0.419922 0.845313 0.433594 0.842187 0.453125 0.809375 0.466797
0 0.659375 0.849609 0.643750 0.849609 0.632812 0.824219 0.635938 0.792969 0.650000 0.771484 0.675000 0.775391 0.682813 0.785156 0.682813 0.812500 0.659375 0.849609
0 0.996875 0.951172 0.979688 0.941406 0.982812 0.914062 0.996875 0.876953
0 0.000000 0.673828 0.009375 0.662109 0.025000 0.662109 0.029687 0.667969 0.007812 0.699219 0.021875 0.705078 0.032813 0.718750 0.020313 0.734375 0.026562 0.738281 0.026562 0.750000 0.006250 0.783203 0.000000 0.783203
0 0.000000 0.380859 0.020313 0.406250 0.035937 0.464844 0.032813 0.496094 0.000000 0.517578
0 0.443750 0.130859 0.434375 0.130859 0.414062 0.113281 0.410938 0.082031 0.418750 0.072266 0.431250 0.072266 0.460938 0.097656 0.457813 0.117188 0.443750 0.130859
0 0.334375 0.529297 0.315625 0.525391 0.304688 0.503906 0.307812 0.468750 0.301563 0.457031 0.301563 0.429688 0.312500 0.419922 0.334375 0.419922 0.345313 0.433594 0.367188 0.484375 0.367188 0.500000 0.334375 0.529297
0 0.000000 0.568359 0.010937 0.578125 0.004687 0.601562 0.017188 0.613281 0.014063 0.628906 0.000000 0.650391
0 0.781250 0.962891 0.756250 0.955078 0.753125 0.958984 0.734375 0.947266 0.714063 0.921875 0.717187 0.894531 0.731250 0.873047 0.771875 0.865234 0.785937 0.878906 0.789062 0.941406 0.781250 0.962891
0 0.737500 0.103516 0.725000 0.103516 0.710938 0.082031 0.712500 0.060547 0.734375 0.056641 0.739062 0.062500 0.742188 0.093750 0.737500 0.103516
0 0.543750 0.619141 0.532813 0.617188 0.520312 0.558594 0.520312 0.519531 0.531250 0.501953 0.543750 0.501953 0.570312 0.539062 0.570312 0.562500 0.560937 0.593750 0.553125 0.607422 0.548438 0.605469 0.543750 0.619141
0 0.843750 0.580078 0.818750 0.572266 0.798438 0.550781 0.801562 0.507812 0.834375 0.466797 0.856250 0.470703 0.879687 0.511719 0.879687 0.535156 0.873437 0.550781 0.843750 0.580078
0 0.553125 0.712891 0.543750 0.712891 0.539062 0.695312 0.545312 0.640625 0.568750 0.607422 0.584375 0.607422 0.595313 0.621094 0.592187 0.660156 0.553125 0.712891
0 0.537500 0.939453 0.529687 0.933594 0.525000 0.919922 0.510938 0.914062 0.510938 0.894531 0.525000 0.869141 0.542188 0.863281 0.535937 0.851562 0.535937 0.835938 0.546875 0.826172 0.562500 0.826172 0.571875 0.830078 0.589063 0.859375 0.589063 0.871094 0.582812 0.878906 0.579688 0.925781 0.568750 0.927734 0.556250 0.912109 0.546875 0.912109 0.545312 0.929688 0.537500 0.939453
0 0.262500 0.615234 0.237500 0.611328 0.223438 0.597656 0.214062 0.570312 0.214062 0.550781 0.228125 0.529297 0.256250 0.509766 0.281250 0.505859 0.298438 0.531250 0.295312 0.554688 0.304688 0.574219 0.307812 0.601562 0.290625 0.611328 0.279687 0.601562 0.282813 0.589844 0.278125 0.587891 0.262500 0.615234
0 0.171875 0.384766 0.153125 0.380859 0.131250 0.365234 0.120313 0.339844 0.123438 0.308594 0.143750 0.279297 0.162500 0.267578 0.185938 0.273438 0.198437 0.312500 0.192188 0.371094 0.184375 0.380859 0.171875 0.384766
0 0.996875 0.642578 0.987500 0.662109 0.971875 0.662109 0.962500 0.654297 0.928125 0.646484 0.923438 0.636719 0.923438 0.609375 0.946875 0.587891 0.968750 0.587891 0.989062 0.601562 0.996875 0.630859
0 0.343750 0.611328 0.328125 0.611328 0.317188 0.597656 0.317188 0.582031 0.325000 0.572266 0.340625 0.572266 0.356250 0.556641 0.365625 0.556641 0.376563 0.578125 0.373437 0.601562 0.343750 0.611328
0 0.000000 0.201172 0.037500 0.201172 0.054688 0.226562 0.054688 0.253906 0.050000 0.259766 0.042188 0.257812 0.045312 0.281250 0.037500 0.294922 0.018750 0.302734 0.000000 0.291016
0 0.153125 0.634766 0.143750 0.634766 0.134375 0.623047 0.121875 0.619141 0.110937 0.593750 0.123438 0.527344 0.131250 0.517578 0.142187 0.531250 0.142187 0.539062 0.132812 0.550781 0.165625 0.572266 0.173437 0.585938 0.170313 0.617188 0.153125 0.634766
0 0.600000 0.845703 0.578125 0.833984 0.573438 0.816406 0.592187 0.765625 0.612500 0.763672 0.620313 0.777344 0.620313 0.816406 0.617188 0.828125 0.600000 0.845703
0 0.390625 0.373047 0.350000 0.369141 0.342187 0.359375 0.342187 0.324219 0.332813 0.308594 0.332813 0.285156 0.350000 0.263672 0.365625 0.255859 0.406250 0.259766 0.423438 0.292969 0.423438 0.312500 0.417187 0.328125 0.409375 0.337891 0.398438 0.339844 0.401562 0.363281 0.390625 0.373047
0 0.746875 0.455078 0.703125 0.443359 0.682813 0.417969 0.685937 0.402344 0.709375 0.357422 0.756250 0.365234 0.773438 0.390625 0.773438 0.433594 0.759375 0.451172 0.746875 0.455078
0 0.893750 0.267578 0.853125 0.259766 0.845313 0.246094 0.845313 0.203125 0.868750 0.173828 0.884375 0.173828 0.923438 0.203125 0.920312 0.238281 0.893750 0.267578
0 0.515625 0.263672 0.490625 0.263672 0.489063 0.242188 0.503125 0.228516 0.521875 0.228516 0.539062 0.242188 0.534375 0.259766 0.515625 0.263672
0 0.084375 0.916016 0.073438 0.910156 0.070312 0.894531 0.085938 0.863281 0.085938 0.851562 0.100000 0.837891 0.125000 0.849609 0.129688 0.855469 0.126562 0.863281 0.084375 0.916016
0 0.507812 0.000000 0.510938 0.015625 0.493750 0.033203 0.459375 0.033203 0.437500 0.017578 0.432812 0.000000
0 0.079687 0.000000 0.071875 0.041016 0.056250 0.041016 0.045312 0.027344 0.051562 0.000000
0 0.959375 0.767578 0.934375 0.759766 0.926562 0.750000 0.929688 0.734375 0.953125 0.736328 0.964063 0.750000 0.959375 0.767578
0 0.962500 0.935547 0.918750 0.923828 0.904687 0.898438 0.920312 0.863281 0.940625 0.841797 0.959375 0.841797 0.979688 0.871094 0.979688 0.898438 0.962500 0.935547
0 0.453125 0.330078 0.437500 0.330078 0.423438 0.308594 0.417187 0.257812 0.425000 0.244141 0.440625 0.244141 0.471875 0.271484 0.493750 0.263672 0.510938 0.265625 0.510938 0.281250 0.493750 0.302734 0.453125 0.330078
0 0.042188 0.000000 0.045312 0.007812 0.034375 0.021484 0.012500 0.017578 0.004687 0.000000
0 0.590625 0.220703 0.575000 0.220703 0.564063 0.203125 0.564063 0.140625 0.576562 0.101562 0.590625 0.087891 0.609375 0.083984 0.618750 0.064453 0.626563 0.085938 0.626563 0.128906 0.610938 0.156250 0.604688 0.199219 0.590625 0.220703
0 0.996875 0.138672 0.978125 0.138672 0.970313 0.121094 0.973437 0.082031 0.996875 0.029297
0 0.696875 0.783203 0.681250 0.783203 0.675000 0.775391 0.643750 0.767578 0.632812 0.746094 0.635938 0.718750 0.650000 0.705078 0.668750 0.705078 0.690625 0.720703 0.707812 0.753906 0.707812 0.765625 0.696875 0.783203
0 0.889062 0.996094 0.896875 0.986328 0.921875 0.986328 0.934375 0.970703 0.950000 0.970703 0.957812 0.980469 0.957812 0.996094
0 0.103125 0.732422 0.087500 0.732422 0.082812 0.726562 0.079687 0.707031 0.092188 0.691406 0.076563 0.671875 0.076563 0.656250 0.090625 0.623047 0.128125 0.619141 0.148438 0.640625 0.145313 0.707031 0.137500 0.724609 0.112500 0.724609 0.103125 0.732422
0 0.687500 0.580078 0.662500 0.580078 0.642188 0.562500 0.642188 0.523438 0.648438 0.500000 0.659375 0.486328 0.690625 0.490234 0.712500 0.505859 0.720313 0.519531 0.720313 0.535156 0.710938 0.558594 0.687500 0.580078
0 0.715625 0.666016 0.696875 0.662109 0.685937 0.648438 0.679688 0.625000 0.679688 0.589844 0.690625 0.576172 0.718750 0.580078 0.729688 0.601562 0.732812 0.648438 0.725000 0.662109 0.715625 0.666016
0 0.593750 0.533203 0.568750 0.521484 0.535937 0.488281 0.532813 0.464844 0.543750 0.451172 0.578125 0.451172 0.604688 0.480469 0.607812 0.511719 0.593750 0.533203
0 0.607812 0.996094 0.601562 0.972656 0.604688 0.957031 0.625000 0.931641 0.650000 0.923828 0.665625 0.923828 0.692187 0.949219 0.692187 0.996094
0 0.109375 0.513672 0.096875 0.494141 0.071875 0.490234 0.056250 0.478516 0.048438 0.464844 0.048438 0.417969 0.065625 0.392578 0.093750 0.388672 0.106250 0.396484 0.123438 0.421875 0.126562 0.449219 0.117188 0.468750 0.117188 0.503906 0.109375 0.513672
0 0.771875 0.044922 0.757812 0.035156 0.764062 0.003906 0.796875 0.001953 0.795312 0.019531 0.771875 0.044922
0 0.753125 0.345703 0.739062 0.339844 0.723437 0.320312 0.714063 0.296875 0.710938 0.261719 0.721875 0.248047 0.762500 0.251953 0.782813 0.277344 0.782813 0.296875 0.773438 0.320312 0.753125 0.345703
0 0.056250 0.158203 0.040625 0.154297 0.032813 0.144531 0.023438 0.125000 0.023438 0.113281 0.032813 0.093750 0.053125 0.072266 0.090625 0.064453 0.101562 0.082031 0.101562 0.117188 0.056250 0.158203
0 0.745313 0.996094 0.745313 0.976562 0.754687 0.957031 0.781250 0.962891 0.790625 0.939453 0.803125 0.939453 0.817187 0.957031 0.810937 0.996094
