0 0.617188 0.361328 0.585938 0.357422 0.572266 0.343750 0.564453 0.324219 0.572266 0.292969 0.597656 0.275391 0.617188 0.275391 0.632812 0.283203 0.654297 0.304688 0.650391 0.339844 0.617188 0.361328
0 0.078125 0.837891 0.054688 0.833984 0.044922 0.820312 0.048828 0.785156 0.062500 0.771484 0.074219 0.771484 0.087891 0.785156 0.091797 0.820312 0.078125 0.837891
0 0.953125 0.443359 0.925781 0.439453 0.912109 0.421875 0.912109 0.402344 0.925781 0.384766 0.949219 0.388672 0.970703 0.414062 0.966797 0.429688 0.953125 0.443359
0 0.894531 0.310547 0.855469 0.310547 0.849609 0.304688 0.849609 0.285156 0.867188 0.271484 0.898438 0.275391 0.908203 0.285156 0.908203 0.300781 0.894531 0.310547
0 0.625000 0.681641 0.605469 0.681641 0.583984 0.656250 0.587891 0.621094 0.605469 0.603516 0.628906 0.603516 0.650391 0.632812 0.642578 0.667969 0.625000 0.681641
0 0.591797 0.000000 0.587891 0.011719 0.566406 0.025391 0.535156 0.021484 0.517578 0.000000
0 0.796875 0.185547 0.785156 0.185547 0.779297 0.171875 0.787109 0.152344 0.796875 0.142578 0.808594 0.142578 0.814453 0.148438 0.814453 0.171875 0.796875 0.185547
0 0.597656 0.884766 0.570312 0.884766 0.548828 0.867188 0.544922 0.839844 0.566406 0.814453 0.601562 0.810547 0.619141 0.828125 0.619141 0.855469 0.597656 0.884766
0 0.867188 0.947266 0.843750 0.947266 0.818359 0.925781 0.826172 0.894531 0.851562 0.873047 0.882812 0.873047 0.904297 0.902344 0.904297 0.921875 0.867188 0.947266
0 0.890625 0.759766 0.867188 0.755859 0.857422 0.746094 0.861328 0.707031 0.878906 0.693359 0.890625 0.693359 0.908203 0.718750 0.904297 0.746094 0.890625 0.759766
0 0.789062 0.607422 0.769531 0.607422 0.740234 0.585938 0.736328 0.570312 0.746094 0.556641 0.785156 0.552734 0.802734 0.570312 0.806641 0.585938 0.789062 0.607422
0 0.796875 0.458984 0.785156 0.455078 0.767578 0.429688 0.781250 0.404297 0.800781 0.392578 0.812500 0.392578 0.830078 0.410156 0.830078 0.433594 0.812500 0.455078 0.796875 0.458984
0 0.832031 0.142578 0.802734 0.140625 0.802734 0.117188 0.816406 0.099609 0.828125 0.099609 0.837891 0.109375 0.837891 0.136719 0.832031 0.142578
0 0.113281 0.103516 0.099609 0.097656 0.105469 0.083984 0.119141 0.089844 0.113281 0.103516
0 0.976562 0.537109 0.953125 0.533203 0.939453 0.515625 0.960938 0.498047 0.980469 0.501953 0.990234 0.519531 0.976562 0.537109
0 0.261719 0.130859 0.242188 0.130859 0.224609 0.117188 0.224609 0.089844 0.238281 0.068359 0.257812 0.072266 0.275391 0.085938 0.279297 0.117188 0.261719 0.130859
0 0.703125 0.162109 0.683594 0.162109 0.662109 0.136719 0.658203 0.109375 0.671875 0.095703 0.695312 0.099609 0.712891 0.117188 0.716797 0.144531 0.703125 0.162109
0 0.324219 0.080078 0.308594 0.080078 0.294922 0.066406 0.294922 0.039062 0.300781 0.033203 0.351562 0.029297 0.357422 0.035156 0.353516 0.058594 0.324219 0.080078
0 0.398438 0.599609 0.359375 0.595703 0.345703 0.582031 0.341797 0.550781 0.355469 0.529297 0.390625 0.525391 0.416016 0.542969 0.419922 0.578125 0.398438 0.599609
0 0.121094 0.896484 0.107422 0.890625 0.113281 0.876953 0.126953 0.882812 0.121094 0.896484
0 0.355469 0.861328 0.341797 0.855469 0.347656 0.841797 0.361328 0.847656 0.355469 0.861328
0 0.410156 0.306641 0.380859 0.296875 0.380859 0.285156 0.398438 0.267578 0.410156 0.267578 0.419922 0.277344 0.419922 0.296875 0.410156 0.306641
0 0.171875 0.419922 0.125000 0.412109 0.103516 0.390625 0.103516 0.371094 0.115234 0.351562 0.140625 0.330078 0.164062 0.330078 0.183594 0.337891 0.208984 0.371094 0.205078 0.394531 0.171875 0.419922
0 0.242188 0.798828 0.207031 0.787109 0.189453 0.753906 0.193359 0.722656 0.218750 0.697266 0.253906 0.701172 0.275391 0.722656 0.279297 0.734375 0.279297 0.765625 0.242188 0.798828
0 0.476562 0.451172 0.460938 0.451172 0.447266 0.441406 0.431641 0.410156 0.437500 0.392578 0.472656 0.400391 0.494141 0.421875 0.494141 0.437500 0.476562 0.451172
0 0.281250 0.955078 0.265625 0.955078 0.248047 0.937500 0.240234 0.902344 0.248047 0.878906 0.265625 0.861328 0.304688 0.853516 0.330078 0.871094 0.333984 0.894531 0.318359 0.925781 0.281250 0.955078
0 0.794922 0.000000 0.769531 0.021484 0.746094 0.017578 0.728516 0.000000
0 0.000000 0.416016 0.031250 0.416016 0.052734 0.433594 0.052734 0.457031 0.037109 0.468750 0.033203 0.480469 0.019531 0.490234 0.000000 0.486328
