0 0.427734 0.000000 0.449219 0.009766 0.470703 0.039062 0.466797 0.066406 0.445312 0.095703 0.417969 0.095703 0.388672 0.070312 0.376953 0.046875 0.380859 0.000000
0 0.121094 0.396484 0.099609 0.386719 0.083984 0.371094 0.076172 0.351562 0.132812 0.291016 0.169922 0.316406 0.177734 0.332031 0.177734 0.359375 0.164062 0.380859 0.144531 0.380859 0.121094 0.396484
0 0.744141 0.996094 0.748047 0.976562 0.765625 0.958984 0.785156 0.951172 0.824219 0.958984 0.841797 0.976562 0.849609 0.996094
0 0.892578 0.996094 0.900391 0.976562 0.929688 0.958984 0.960938 0.966797 0.974609 0.980469 0.978516 0.996094
0 0.183594 0.638672 0.152344 0.638672 0.130859 0.617188 0.123047 0.593750 0.130859 0.562500 0.156250 0.544922 0.187500 0.544922 0.203125 0.552734 0.220703 0.578125 0.220703 0.609375 0.210938 0.623047 0.183594 0.638672
0 0.378906 0.353516 0.343750 0.341797 0.326172 0.312500 0.333984 0.277344 0.347656 0.263672 0.367188 0.255859 0.394531 0.259766 0.416016 0.281250 0.423828 0.300781 0.416016 0.328125 0.398438 0.345703 0.378906 0.353516
0 0.117188 0.205078 0.093750 0.201172 0.072266 0.179688 0.072266 0.152344 0.089844 0.134766 0.117188 0.134766 0.138672 0.156250 0.142578 0.183594 0.117188 0.205078
0 0.449219 0.916016 0.417969 0.916016 0.402344 0.908203 0.384766 0.882812 0.388672 0.839844 0.406250 0.822266 0.425781 0.814453 0.453125 0.822266 0.466797 0.835938 0.474609 0.855469 0.474609 0.890625 0.449219 0.916016
0 0.000000 0.005859 0.015625 0.013672 0.029297 0.035156 0.029297 0.054688 0.021484 0.070312 0.000000 0.083984
0 0.000000 0.548828 0.062500 0.552734 0.087891 0.574219 0.091797 0.585938 0.091797 0.613281 0.083984 0.632812 0.054688 0.650391 0.023438 0.642578 0.000000 0.615234
0 0.330078 0.996094 0.314453 0.968750 0.314453 0.941406 0.322266 0.925781 0.351562 0.904297 0.375000 0.912109 0.404297 0.945312 0.404297 0.976562 0.384766 0.996094
0 0.156250 0.509766 0.117188 0.509766 0.080078 0.468750 0.080078 0.441406 0.087891 0.429688 0.128906 0.388672 0.144531 0.380859 0.167969 0.380859 0.185547 0.402344 0.185547 0.410156 0.216797 0.437500 0.216797 0.453125 0.208984 0.464844 0.156250 0.509766
0 0.996094 0.533203 0.966797 0.507812 0.970703 0.480469 0.984375 0.462891 0.996094 0.458984
0 0.000000 0.212891 0.033203 0.214844 0.025391 0.226562 0.025391 0.269531 0.015625 0.283203 0.000000 0.279297
0 0.000000 0.123047 0.027344 0.134766 0.041016 0.156250 0.041016 0.187500 0.035156 0.193359 0.000000 0.193359
0 0.958984 0.000000 0.958984 0.007812 0.945312 0.021484 0.914062 0.033203 0.890625 0.029297 0.876953 0.015625 0.873047 0.000000
0 0.533203 0.996094 0.517578 0.984375 0.517578 0.972656 0.533203 0.937500 0.550781 0.923828 0.570312 0.958984 0.605469 0.978516 0.626953 0.976562 0.611328 0.988281 0.611328 0.996094
0 0.390625 0.720703 0.347656 0.716797 0.322266 0.679688 0.322266 0.660156 0.333984 0.636719 0.343750 0.626953 0.375000 0.615234 0.417969 0.626953 0.435547 0.644531 0.439453 0.660156 0.427734 0.695312 0.390625 0.720703
0 0.160156 0.947266 0.128906 0.943359 0.113281 0.935547 0.103516 0.921875 0.095703 0.890625 0.109375 0.865234 0.128906 0.857422 0.164062 0.861328 0.189453 0.878906 0.189453 0.921875 0.175781 0.939453 0.160156 0.947266
0 0.996094 0.408203 0.960938 0.431641 0.929688 0.431641 0.923828 0.425781 0.939453 0.355469 0.968750 0.314453 0.988281 0.310547 0.996094 0.302734
0 0.191406 0.208984 0.160156 0.205078 0.150391 0.183594 0.167969 0.169922 0.191406 0.173828 0.201172 0.183594 0.201172 0.199219 0.191406 0.208984
0 0.066406 0.330078 0.046875 0.322266 0.029297 0.300781 0.044922 0.285156 0.044922 0.238281 0.054688 0.216797 0.089844 0.220703 0.105469 0.228516 0.126953 0.257812 0.126953 0.269531 0.109375 0.279297 0.066406 0.330078
0 0.070312 0.841797 0.039062 0.837891 0.017578 0.808594 0.025391 0.773438 0.050781 0.751953 0.085938 0.755859 0.103516 0.781250 0.103516 0.804688 0.095703 0.824219 0.070312 0.841797
0 0.617188 0.978516 0.605469 0.978516 0.570312 0.958984 0.552734 0.933594 0.552734 0.917969 0.566406 0.904297 0.593750 0.892578 0.632812 0.888672 0.644531 0.900391 0.656250 0.896484 0.662109 0.902344 0.662109 0.941406 0.632812 0.970703 0.617188 0.978516
0 0.000000 0.880859 0.025391 0.906250 0.025391 0.937500 0.000000 0.962891
0 0.996094 0.302734 0.988281 0.310547 0.968750 0.314453 0.957031 0.330078 0.906250 0.330078 0.898438 0.318359 0.888672 0.316406 0.888672 0.300781 0.869141 0.285156 0.869141 0.246094 0.882812 0.236328 0.960938 0.236328 0.996094 0.251953
0 0.906250 0.427734 0.886719 0.419922 0.857422 0.390625 0.837891 0.351562 0.837891 0.339844 0.845703 0.332031 0.845703 0.289062 0.851562 0.283203 0.875000 0.287109 0.888672 0.300781 0.888672 0.316406 0.900391 0.320312 0.906250 0.333984 0.921875 0.326172 0.955078 0.328125 0.955078 0.339844 0.945312 0.349609 0.939453 0.347656 0.943359 0.351562 0.931641 0.375000 0.927734 0.402344 0.908203 0.417969 0.906250 0.427734
0 0.292969 0.583984 0.261719 0.580078 0.228516 0.550781 0.224609 0.539062 0.232422 0.511719 0.269531 0.490234 0.300781 0.494141 0.322266 0.523438 0.318359 0.554688 0.310547 0.570312 0.292969 0.583984
0 0.277344 0.908203 0.250000 0.900391 0.232422 0.882812 0.228516 0.843750 0.246094 0.818359 0.269531 0.806641 0.292969 0.806641 0.312500 0.818359 0.322266 0.835938 0.322266 0.875000 0.308594 0.896484 0.277344 0.908203
0 0.494141 0.996094 0.503906 0.986328 0.523438 0.986328 0.533203 0.996094
0 0.273438 0.373047 0.246094 0.373047 0.230469 0.365234 0.208984 0.328125 0.212891 0.300781 0.242188 0.279297 0.285156 0.279297 0.300781 0.287109 0.314453 0.308594 0.314453 0.320312 0.298828 0.351562 0.273438 0.373047
0 0.000000 0.404297 0.023438 0.404297 0.062500 0.392578 0.085938 0.400391 0.099609 0.414062 0.080078 0.441406 0.082031 0.478516 0.039062 0.486328 0.000000 0.505859
