0 0.331250 0.990234 0.300000 0.986328 0.295312 0.976562 0.298438 0.960938 0.292187 0.953125 0.292187 0.937500 0.325000 0.908203 0.346875 0.919922 0.354687 0.937500 0.354687 0.960938 0.348438 0.972656 0.354687 0.976562 0.340625 0.978516 0.331250 0.990234
0 0.284375 0.611328 0.273438 0.609375 0.273438 0.589844 0.296875 0.564453 0.318750 0.560547 0.339062 0.574219 0.339062 0.585938 0.331250 0.595703 0.290625 0.603516 0.284375 0.611328
0 0.246875 0.701172 0.225000 0.701172 0.204687 0.675781 0.201563 0.632812 0.207813 0.613281 0.218750 0.603516 0.243750 0.603516 0.273438 0.625000 0.273438 0.675781 0.246875 0.701172
0 0.109375 0.701172 0.081250 0.697266 0.057813 0.667969 0.060937 0.628906 0.090625 0.607422 0.096875 0.607422 0.120313 0.636719 0.129688 0.664062 0.126562 0.683594 0.109375 0.701172
0 0.065625 0.794922 0.040625 0.794922 0.028125 0.787109 0.017188 0.769531 0.017188 0.707031 0.025000 0.689453 0.053125 0.685547 0.070312 0.699219 0.073438 0.785156 0.065625 0.794922
0 0.659375 0.966797 0.603125 0.962891 0.579688 0.914062 0.576562 0.894531 0.584375 0.888672 0.596875 0.896484 0.628125 0.896484 0.662500 0.912109 0.673438 0.929688 0.673438 0.953125 0.659375 0.966797
0 0.000000 0.466797 0.037500 0.439453 0.053125 0.435547 0.082812 0.464844 0.089063 0.484375 0.078125 0.513672 0.034375 0.548828 0.015625 0.548828 0.000000 0.533203
0 0.103125 0.888672 0.093750 0.888672 0.067187 0.867188 0.075000 0.845703 0.093750 0.845703 0.107813 0.859375 0.103125 0.888672
0 0.306250 0.806641 0.278125 0.802734 0.264062 0.777344 0.267188 0.730469 0.281250 0.712891 0.300000 0.701172 0.334375 0.708984 0.348438 0.734375 0.348438 0.757812 0.342187 0.773438 0.306250 0.806641
0 0.537500 0.880859 0.496875 0.876953 0.482812 0.851562 0.482812 0.832031 0.493750 0.818359 0.515625 0.822266 0.534375 0.810547 0.553125 0.810547 0.560937 0.828125 0.560937 0.855469 0.537500 0.880859
0 0.181250 0.287109 0.159375 0.287109 0.131250 0.267578 0.126562 0.222656 0.140625 0.197266 0.178125 0.177734 0.200000 0.177734 0.220312 0.203125 0.223438 0.226562 0.210938 0.257812 0.210938 0.273438 0.193750 0.275391 0.181250 0.287109
0 0.490625 0.994141 0.439063 0.992188 0.468750 0.927734 0.481250 0.927734 0.504687 0.960938 0.501563 0.984375 0.490625 0.994141
0 0.600000 0.826172 0.587500 0.822266 0.567187 0.789062 0.570312 0.750000 0.578125 0.736328 0.587500 0.732422 0.606250 0.732422 0.623437 0.765625 0.607812 0.785156 0.607812 0.816406 0.600000 0.826172
0 0.712500 0.314453 0.687500 0.306641 0.673438 0.277344 0.673438 0.234375 0.693750 0.208984 0.734375 0.216797 0.753125 0.232422 0.764062 0.250000 0.764062 0.273438 0.759375 0.283203 0.712500 0.314453
0 0.862500 0.244141 0.848437 0.238281 0.848437 0.199219 0.856250 0.173828 0.873437 0.187500 0.873437 0.218750 0.862500 0.244141
0 0.359375 0.712891 0.343750 0.708984 0.304688 0.683594 0.301563 0.652344 0.328125 0.619141 0.353125 0.626953 0.367188 0.648438 0.376563 0.695312 0.368750 0.708984 0.359375 0.712891
0 0.687500 0.685547 0.656250 0.685547 0.645312 0.667969 0.648438 0.636719 0.668750 0.611328 0.684375 0.611328 0.706250 0.623047 0.720313 0.644531 0.720313 0.664062 0.687500 0.685547
0 0.404687 0.000000 0.389062 0.050781 0.378125 0.060547 0.350000 0.060547 0.335938 0.050781 0.326562 0.031250 0.332813 0.000000
0 0.100000 0.345703 0.087500 0.345703 0.079687 0.335938 0.079687 0.316406 0.087500 0.302734 0.103125 0.306641 0.107813 0.316406 0.107813 0.332031 0.100000 0.345703
0 0.528125 0.490234 0.500000 0.482422 0.495312 0.468750 0.495312 0.437500 0.501563 0.417969 0.512500 0.404297 0.540625 0.404297 0.553125 0.412109 0.560937 0.437500 0.557813 0.468750 0.546875 0.482422 0.528125 0.490234
0 0.996875 0.419922 0.992188 0.425781 0.992188 0.441406 0.978125 0.462891 0.968750 0.466797 0.957812 0.457031 0.945312 0.425781 0.945312 0.417969 0.950000 0.412109 0.956250 0.416016 0.971875 0.388672 0.990625 0.388672 0.996875 0.396484
0 0.673438 0.000000 0.673438 0.015625 0.662500 0.029297 0.653125 0.025391 0.637500 0.029297 0.623437 0.000000
0 0.940625 0.669922 0.906250 0.669922 0.862500 0.646484 0.848437 0.628906 0.851562 0.589844 0.871875 0.560547 0.906250 0.556641 0.935937 0.570312 0.954688 0.609375 0.957812 0.628906 0.954688 0.656250 0.940625 0.669922
0 0.275000 0.994141 0.171875 0.994141 0.170313 0.984375 0.196875 0.951172 0.215625 0.951172 0.265625 0.974609 0.276562 0.988281 0.275000 0.994141
0 0.796875 0.107422 0.784375 0.107422 0.770312 0.089844 0.770312 0.023438 0.787500 0.001953 0.815625 0.005859 0.832812 0.027344 0.829688 0.046875 0.796875 0.107422
0 0.684375 0.787109 0.668750 0.783203 0.654687 0.765625 0.657813 0.750000 0.681250 0.728516 0.695312 0.742188 0.695312 0.757812 0.684375 0.787109
0 0.056250 0.974609 0.028125 0.970703 0.007812 0.941406 0.010937 0.902344 0.037500 0.880859 0.071875 0.880859 0.084375 0.888672 0.092188 0.902344 0.092188 0.921875 0.082812 0.945312 0.065625 0.970703 0.056250 0.974609
0 0.684375 0.927734 0.643750 0.900391 0.631250 0.900391 0.629687 0.890625 0.665625 0.861328 0.690625 0.861328 0.700000 0.869141 0.703125 0.865234 0.704688 0.902344 0.684375 0.927734
0 0.996875 0.630859 0.985938 0.621094 0.982812 0.605469 0.985938 0.574219 0.996875 0.556641
0 0.781250 0.216797 0.759375 0.216797 0.729688 0.199219 0.726562 0.164062 0.740625 0.126953 0.765625 0.134766 0.785937 0.167969 0.792188 0.167969 0.795312 0.191406 0.781250 0.216797
0 0.865625 0.548828 0.843750 0.548828 0.829688 0.539062 0.826562 0.492188 0.850000 0.455078 0.881250 0.451172 0.898438 0.472656 0.898438 0.500000 0.892188 0.511719 0.892188 0.531250 0.865625 0.548828
0 0.865625 0.384766 0.821875 0.380859 0.804688 0.355469 0.801562 0.328125 0.810937 0.292969 0.828125 0.279297 0.859375 0.275391 0.882812 0.296875 0.885938 0.355469 0.865625 0.384766
0 0.437500 0.708984 0.409375 0.705078 0.392188 0.679688 0.389062 0.652344 0.379688 0.640625 0.379688 0.609375 0.384375 0.599609 0.406250 0.603516 0.451562 0.632812 0.457813 0.648438 0.457813 0.667969 0.437500 0.708984
0 0.996875 0.185547 0.962500 0.224609 0.946875 0.224609 0.926562 0.179688 0.923438 0.136719 0.943750 0.115234 0.959375 0.115234 0.978125 0.126953 0.996875 0.150391
0 0.151562 0.000000 0.160938 0.007812 0.179688 0.058594 0.195312 0.082031 0.195312 0.109375 0.178125 0.123047 0.140625 0.115234 0.123438 0.093750 0.123438 0.015625 0.129688 0.000000
0 0.346875 0.458984 0.321875 0.458984 0.310937 0.441406 0.310937 0.425781 0.323437 0.394531 0.331250 0.388672 0.359375 0.388672 0.376563 0.398438 0.373437 0.437500 0.346875 0.458984
0 0.559375 0.392578 0.540625 0.392578 0.515625 0.376953 0.507812 0.363281 0.507812 0.343750 0.525000 0.306641 0.575000 0.287109 0.601562 0.320312 0.604688 0.351562 0.590625 0.376953 0.559375 0.392578
0 0.587500 0.994141 0.550000 0.994141 0.535937 0.964844 0.535937 0.917969 0.550000 0.892578 0.575000 0.896484 0.579688 0.906250 0.592187 0.949219 0.592187 0.988281 0.587500 0.994141
0 0.459375 0.490234 0.431250 0.486328 0.417187 0.472656 0.417187 0.429688 0.389062 0.402344 0.395313 0.378906 0.403125 0.369141 0.425000 0.365234 0.456250 0.380859 0.475000 0.396484 0.489063 0.417969 0.492188 0.445312 0.485938 0.464844 0.471875 0.486328 0.459375 0.490234
0 0.462500 0.158203 0.453125 0.158203 0.434375 0.142578 0.414062 0.109375 0.414062 0.085938 0.420312 0.066406 0.446875 0.013672 0.462500 0.013672 0.493750 0.029297 0.520312 0.054688 0.545312 0.101562 0.545312 0.117188 0.531250 0.134766 0.503125 0.138672 0.462500 0.158203
0 0.662500 0.830078 0.650000 0.830078 0.639062 0.812500 0.639062 0.777344 0.643750 0.767578 0.656250 0.767578 0.673438 0.796875 0.673438 0.808594 0.662500 0.830078
0 0.246875 0.212891 0.228125 0.212891 0.218750 0.197266 0.185938 0.167969 0.182812 0.148438 0.193750 0.130859 0.218750 0.115234 0.231250 0.115234 0.235937 0.121094 0.235937 0.164062 0.254688 0.187500 0.254688 0.207031 0.246875 0.212891
0 0.140625 0.384766 0.131250 0.384766 0.123438 0.371094 0.125000 0.326172 0.140625 0.330078 0.157812 0.355469 0.157812 0.367188 0.140625 0.384766
0 0.528125 0.236328 0.512500 0.236328 0.501563 0.222656 0.504687 0.199219 0.543750 0.158203 0.568750 0.162109 0.579688 0.179688 0.579688 0.195312 0.565625 0.212891 0.528125 0.236328
0 0.203125 0.935547 0.171875 0.931641 0.148438 0.898438 0.148438 0.871094 0.203125 0.873047 0.220312 0.898438 0.217188 0.921875 0.203125 0.935547
0 0.446875 0.849609 0.418750 0.849609 0.393750 0.830078 0.371875 0.833984 0.354687 0.804688 0.357812 0.769531 0.403125 0.732422 0.412500 0.740234 0.460938 0.816406 0.457813 0.843750 0.446875 0.849609
0 0.365625 0.880859 0.340625 0.880859 0.332813 0.875000 0.329688 0.863281 0.329688 0.839844 0.350000 0.806641 0.356250 0.806641 0.371875 0.833984 0.385937 0.835938 0.385937 0.859375 0.378125 0.873047 0.365625 0.880859
0 0.140625 0.994141 0.117188 0.992188 0.123438 0.968750 0.137500 0.951172 0.151562 0.957031 0.151562 0.976562 0.140625 0.994141
0 0.740625 0.900391 0.712500 0.900391 0.704688 0.894531 0.704688 0.882812 0.712500 0.873047 0.743750 0.865234 0.754687 0.875000 0.754687 0.882812 0.740625 0.900391
0 0.606250 0.712891 0.571875 0.712891 0.560937 0.703125 0.567187 0.652344 0.581250 0.638672 0.609375 0.634766 0.631250 0.650391 0.640625 0.646484 0.645312 0.652344 0.648438 0.679688 0.606250 0.712891
0 0.693750 0.837891 0.682813 0.832031 0.685937 0.789062 0.698438 0.750000 0.709375 0.740234 0.720313 0.750000 0.720313 0.785156 0.710938 0.812500 0.693750 0.837891
0 0.996875 0.970703 0.968750 0.958984 0.957812 0.945312 0.951562 0.921875 0.975000 0.876953 0.996875 0.873047
0 0.000000 0.310547 0.007812 0.316406 0.014063 0.335938 0.014063 0.367188 0.000000 0.380859
0 0.000000 0.048828 0.009375 0.033203 0.037500 0.013672 0.057813 0.039062 0.064062 0.089844 0.034375 0.115234 0.015625 0.115234 0.007812 0.109375 0.000000 0.083984
0 0.834375 0.154297 0.821875 0.154297 0.812500 0.146484 0.804688 0.136719 0.801562 0.113281 0.837500 0.052734 0.856250 0.052734 0.867188 0.066406 0.867188 0.105469 0.857812 0.132812 0.834375 0.154297
0 0.940625 0.853516 0.915625 0.845703 0.909375 0.833984 0.898438 0.832031 0.907813 0.828125 0.898438 0.800781 0.898438 0.750000 0.909375 0.732422 0.931250 0.724609 0.953125 0.732422 0.960938 0.746094 0.970313 0.800781 0.960938 0.832031 0.940625 0.853516
0 0.415625 0.990234 0.400000 0.990234 0.379688 0.968750 0.379688 0.929688 0.385937 0.910156 0.406250 0.880859 0.428125 0.880859 0.446875 0.892578 0.454688 0.906250 0.454688 0.933594 0.435937 0.972656 0.415625 0.990234
0 0.471875 0.771484 0.459375 0.771484 0.442188 0.742188 0.451562 0.691406 0.462500 0.681641 0.478125 0.685547 0.490625 0.673828 0.506250 0.673828 0.514062 0.683594 0.514062 0.695312 0.507812 0.703125 0.507812 0.710938 0.517188 0.722656 0.514062 0.750000 0.471875 0.771484
0 0.137500 0.158203 0.109375 0.158203 0.104688 0.148438 0.107813 0.136719 0.093750 0.119141 0.084375 0.119141 0.076563 0.109375 0.079687 0.066406 0.070312 0.035156 0.070312 0.007812 0.075000 0.001953 0.090625 0.005859 0.110937 0.031250 0.114062 0.042969 0.123438 0.046875 0.126562 0.105469 0.156250 0.123047 0.151562 0.128906 0.167187 0.136719 0.159375 0.150391 0.137500 0.158203
0 0.153125 0.470703 0.132812 0.449219 0.129688 0.425781 0.143750 0.392578 0.156250 0.384766 0.181250 0.388672 0.189062 0.398438 0.195312 0.441406 0.175000 0.466797 0.153125 0.470703
0 0.481250 0.615234 0.459375 0.615234 0.434375 0.599609 0.420312 0.582031 0.423438 0.554688 0.440625 0.533203 0.481250 0.537109 0.504687 0.558594 0.507812 0.574219 0.501563 0.589844 0.481250 0.615234
0 0.381250 0.556641 0.356250 0.556641 0.317188 0.527344 0.320312 0.492188 0.334375 0.470703 0.356250 0.466797 0.362500 0.458984 0.371875 0.458984 0.382812 0.468750 0.379688 0.500000 0.390625 0.505859 0.401562 0.523438 0.395313 0.542969 0.381250 0.556641
