0 0.398438 0.814453 0.367188 0.814453 0.345703 0.792969 0.345703 0.757812 0.355469 0.748047 0.359375 0.751953 0.371094 0.732422 0.394531 0.732422 0.410156 0.740234 0.423828 0.757812 0.423828 0.792969 0.398438 0.814453
0 0.457031 0.275391 0.445312 0.275391 0.427734 0.261719 0.427734 0.242188 0.441406 0.220703 0.472656 0.205078 0.500000 0.205078 0.529297 0.226562 0.537109 0.257812 0.527344 0.271484 0.503906 0.271484 0.484375 0.263672 0.457031 0.275391
0 0.656250 0.134766 0.628906 0.134766 0.615234 0.113281 0.615234 0.093750 0.632812 0.076172 0.652344 0.080078 0.666016 0.097656 0.666016 0.117188 0.656250 0.134766
0 0.710938 0.916016 0.695312 0.916016 0.677734 0.906250 0.673828 0.882812 0.683594 0.873047 0.707031 0.869141 0.720703 0.878906 0.724609 0.906250 0.710938 0.916016
0 0.742188 0.544922 0.708984 0.523438 0.708984 0.492188 0.712891 0.468750 0.722656 0.455078 0.753906 0.451172 0.763672 0.468750 0.767578 0.503906 0.759766 0.511719 0.755859 0.535156 0.742188 0.544922
0 0.996094 0.318359 0.984375 0.333984 0.957031 0.337891 0.937500 0.326172 0.923828 0.308594 0.931641 0.261719 0.949219 0.248047 0.980469 0.248047 0.996094 0.267578
0 0.105469 0.548828 0.066406 0.544922 0.048828 0.519531 0.048828 0.496094 0.056641 0.492188 0.056641 0.476562 0.070312 0.462891 0.082031 0.462891 0.089844 0.455078 0.097656 0.462891 0.101562 0.458984 0.121094 0.466797 0.138672 0.496094 0.134766 0.527344 0.105469 0.548828
0 0.220703 0.000000 0.228516 0.011719 0.228516 0.046875 0.218750 0.064453 0.195312 0.064453 0.162109 0.031250 0.162109 0.019531 0.181641 0.000000
0 0.425781 0.990234 0.390625 0.982422 0.376953 0.972656 0.373047 0.960938 0.386719 0.951172 0.421875 0.958984 0.431641 0.968750 0.431641 0.984375 0.425781 0.990234
0 0.734375 0.291016 0.699219 0.287109 0.677734 0.257812 0.685547 0.234375 0.699219 0.220703 0.718750 0.212891 0.746094 0.220703 0.767578 0.238281 0.763672 0.269531 0.734375 0.291016
0 0.304688 0.158203 0.269531 0.154297 0.251953 0.136719 0.244141 0.117188 0.251953 0.097656 0.285156 0.072266 0.310547 0.085938 0.330078 0.117188 0.330078 0.132812 0.304688 0.158203
0 0.218750 0.822266 0.199219 0.818359 0.189453 0.804688 0.189453 0.773438 0.195312 0.763672 0.210938 0.763672 0.220703 0.777344 0.228516 0.808594 0.218750 0.822266
0 0.855469 0.775391 0.820312 0.775391 0.791016 0.746094 0.802734 0.730469 0.816406 0.689453 0.835938 0.685547 0.859375 0.697266 0.880859 0.722656 0.880859 0.746094 0.873047 0.761719 0.855469 0.775391
0 0.152344 0.228516 0.136719 0.228516 0.115234 0.210938 0.107422 0.199219 0.107422 0.179688 0.132812 0.154297 0.171875 0.150391 0.185547 0.171875 0.185547 0.195312 0.177734 0.210938 0.152344 0.228516
0 0.613281 0.697266 0.578125 0.697266 0.568359 0.683594 0.572266 0.667969 0.582031 0.658203 0.605469 0.650391 0.617188 0.650391 0.636719 0.662109 0.642578 0.683594 0.632812 0.693359 0.613281 0.697266
0 0.599609 0.996094 0.595703 0.964844 0.621094 0.943359 0.644531 0.947266 0.658203 0.957031 0.666016 0.976562 0.662109 0.996094
0 0.085938 0.693359 0.046875 0.693359 0.033203 0.675781 0.029297 0.660156 0.046875 0.630859 0.066406 0.623047 0.089844 0.623047 0.115234 0.640625 0.115234 0.671875 0.085938 0.693359
0 0.660156 0.384766 0.636719 0.376953 0.623047 0.363281 0.623047 0.339844 0.632812 0.330078 0.656250 0.333984 0.673828 0.355469 0.673828 0.375000 0.660156 0.384766
0 0.550781 0.916016 0.542969 0.916016 0.529297 0.898438 0.533203 0.871094 0.546875 0.853516 0.570312 0.845703 0.587891 0.859375 0.587891 0.894531 0.550781 0.916016
0 0.396484 0.000000 0.400391 0.023438 0.378906 0.041016 0.355469 0.044922 0.339844 0.041016 0.326172 0.027344 0.326172 0.000000
0 0.894531 0.447266 0.875000 0.447266 0.841797 0.402344 0.841797 0.390625 0.859375 0.365234 0.894531 0.365234 0.923828 0.386719 0.923828 0.414062 0.912109 0.429688 0.912109 0.441406 0.894531 0.447266
0 0.808594 0.572266 0.785156 0.572266 0.769531 0.564453 0.763672 0.546875 0.767578 0.488281 0.789062 0.474609 0.804688 0.474609 0.830078 0.492188 0.830078 0.558594 0.808594 0.572266
0 0.039062 0.072266 0.015625 0.072266 0.005859 0.062500 0.001953 0.042969 0.011719 0.029297 0.031250 0.025391 0.048828 0.039062 0.052734 0.058594 0.039062 0.072266
0 0.912109 0.996094 0.912109 0.976562 0.921875 0.966797 0.953125 0.970703 0.966797 0.988281 0.962891 0.996094
0 0.347656 0.408203 0.324219 0.404297 0.310547 0.375000 0.306641 0.332031 0.324219 0.314453 0.339844 0.314453 0.355469 0.326172 0.373047 0.359375 0.369141 0.390625 0.347656 0.408203
0 0.929688 0.111328 0.898438 0.111328 0.869141 0.085938 0.865234 0.050781 0.886719 0.029297 0.917969 0.037109 0.923828 0.042969 0.923828 0.058594 0.947266 0.078125 0.947266 0.093750 0.929688 0.111328
0 0.707031 0.798828 0.687500 0.798828 0.662109 0.777344 0.658203 0.769531 0.667969 0.751953 0.691406 0.748047 0.716797 0.761719 0.724609 0.785156 0.707031 0.798828
0 0.621094 0.517578 0.609375 0.517578 0.595703 0.507812 0.591797 0.480469 0.609375 0.455078 0.636719 0.455078 0.646484 0.468750 0.646484 0.492188 0.634766 0.511719 0.621094 0.517578
