0 0.096264 0.614423 0.090517 0.614423 0.085489 0.607692 0.082615 0.598077 0.081178 0.571154 0.087644 0.562500 0.099138 0.562500 0.102730 0.567308 0.102730 0.573077 0.095546 0.588462 0.095546 0.598077 0.101293 0.609615 0.096264 0.614423
0 0.568966 0.081731 0.558908 0.081731 0.553161 0.077885 0.549569 0.073077 0.546695 0.061538 0.553879 0.044231 0.563218 0.031731 0.570402 0.025962 0.576149 0.025962 0.580460 0.027885 0.585489 0.036538 0.585489 0.051923 0.579741 0.071154 0.568966 0.081731
0 0.620690 0.554808 0.614943 0.552885 0.608477 0.542308 0.608477 0.528846 0.613506 0.516346 0.627874 0.520192 0.634339 0.532692 0.631466 0.546154 0.620690 0.554808
0 0.515805 0.997115 0.488506 0.997115 0.484914 0.994231 0.483477 0.986538 0.489943 0.975962 0.507184 0.975962 0.512213 0.982692 0.515805 0.997115
0 0.543103 0.912500 0.531609 0.912500 0.528017 0.905769 0.529454 0.894231 0.540230 0.883654 0.544540 0.883654 0.548132 0.888462 0.548132 0.903846 0.543103 0.912500
0 0.329023 0.572115 0.323276 0.572115 0.315374 0.563462 0.313937 0.550000 0.318966 0.535577 0.336207 0.525962 0.342672 0.530769 0.344109 0.544231 0.336925 0.563462 0.329023 0.572115
0 0.810345 0.720192 0.784483 0.718269 0.778736 0.716346 0.776580 0.711538 0.779454 0.701923 0.794540 0.687500 0.807471 0.679808 0.816092 0.679808 0.821121 0.684615 0.822557 0.694231 0.818247 0.711538 0.810345 0.720192
0 0.204023 0.649038 0.198276 0.649038 0.187500 0.638462 0.186063 0.626923 0.192529 0.616346 0.209770 0.627885 0.214799 0.634615 0.214799 0.638462 0.204023 0.649038
0 0.775862 0.127885 0.767241 0.127885 0.762213 0.121154 0.756466 0.103846 0.756466 0.076923 0.760057 0.070192 0.768678 0.066346 0.771552 0.066346 0.779454 0.076923 0.785201 0.096154 0.783764 0.109615 0.775862 0.127885
0 0.399425 0.389423 0.392241 0.389423 0.385776 0.384615 0.381466 0.376923 0.381466 0.369231 0.384339 0.363462 0.399425 0.350962 0.422414 0.352885 0.423132 0.355769 0.399425 0.389423
0 0.806034 0.641346 0.775862 0.637500 0.763649 0.626923 0.762213 0.615385 0.765805 0.610577 0.780172 0.602885 0.790230 0.604808 0.800287 0.620192 0.806753 0.621154 0.808190 0.638462 0.806034 0.641346
0 0.288793 0.352885 0.280891 0.348077 0.280891 0.338462 0.287356 0.329808 0.298851 0.329808 0.309626 0.342308 0.307471 0.349038 0.294540 0.349038 0.288793 0.352885
0 0.333333 0.139423 0.323276 0.137500 0.310345 0.127885 0.302443 0.115385 0.303879 0.105769 0.310345 0.099038 0.318966 0.099038 0.323276 0.102885 0.335489 0.132692 0.333333 0.139423
0 0.445402 0.725962 0.437500 0.723077 0.434626 0.715385 0.434626 0.698077 0.442529 0.685577 0.451149 0.681731 0.460489 0.688462 0.463362 0.694231 0.463362 0.705769 0.454023 0.722115 0.445402 0.725962
0 0.872126 0.937500 0.857759 0.935577 0.846983 0.925000 0.844109 0.913462 0.850575 0.900962 0.862069 0.899038 0.869253 0.902885 0.875718 0.911538 0.877155 0.928846 0.875718 0.934615 0.872126 0.937500
0 0.928879 0.000000 0.932471 0.000962 0.943247 0.017308 0.941810 0.030769 0.933908 0.041346 0.920977 0.039423 0.905891 0.021154 0.905891 0.007692 0.910920 0.000962 0.915948 0.000000
0 0.706897 0.814423 0.695402 0.814423 0.691810 0.811538 0.691810 0.800000 0.696839 0.793269 0.715517 0.779808 0.731322 0.779808 0.736351 0.784615 0.737787 0.790385 0.729885 0.802885 0.714080 0.808654 0.706897 0.814423
0 0.267241 0.414423 0.257902 0.411538 0.257902 0.403846 0.265086 0.380769 0.270115 0.374038 0.272989 0.374038 0.280172 0.381731 0.285920 0.381731 0.288075 0.384615 0.286638 0.398077 0.275862 0.410577 0.267241 0.414423
0 0.392241 0.868269 0.385057 0.866346 0.378592 0.855769 0.380029 0.842308 0.384339 0.832692 0.389368 0.827885 0.409483 0.824038 0.410201 0.832692 0.407328 0.840385 0.395115 0.847115 0.391523 0.853846 0.390086 0.859615 0.392241 0.868269
0 0.081897 0.462500 0.072557 0.457692 0.065374 0.438462 0.065374 0.419231 0.072557 0.400000 0.076149 0.397115 0.081897 0.397115 0.090517 0.402885 0.098420 0.417308 0.092672 0.450000 0.081897 0.462500
0 0.206897 0.193269 0.199713 0.193269 0.193966 0.189423 0.181753 0.171154 0.180316 0.155769 0.185345 0.147115 0.191092 0.143269 0.199713 0.145192 0.216236 0.167308 0.216236 0.182692 0.212644 0.189423 0.206897 0.193269
0 0.594828 0.064423 0.586207 0.064423 0.584052 0.061538 0.585489 0.030769 0.593391 0.018269 0.599138 0.016346 0.611351 0.040385 0.611351 0.050000 0.606322 0.058654 0.594828 0.064423
0 0.206897 0.679808 0.186782 0.674038 0.181753 0.663462 0.186782 0.654808 0.195402 0.649038 0.211207 0.654808 0.214799 0.665385 0.206897 0.679808
0 0.423851 0.991346 0.416667 0.991346 0.410201 0.984615 0.410201 0.973077 0.412356 0.970192 0.420977 0.968269 0.424569 0.973077 0.426006 0.988462 0.423851 0.991346
0 0.153017 0.000000 0.157328 0.011538 0.149425 0.024038 0.143678 0.025962 0.132184 0.025962 0.120690 0.020192 0.111351 0.009615 0.111351 0.003846 0.114224 0.000000
0 0.346264 0.139423 0.335489 0.132692 0.323994 0.105769 0.323994 0.098077 0.333333 0.087500 0.344828 0.091346 0.351293 0.100000 0.354167 0.109615 0.352730 0.128846 0.346264 0.139423
0 0.755747 0.199038 0.748563 0.197115 0.739224 0.178846 0.737787 0.148077 0.747126 0.135577 0.754310 0.135577 0.760776 0.144231 0.765086 0.159615 0.765086 0.184615 0.760776 0.196154 0.755747 0.199038
0 0.387931 0.125962 0.379310 0.125962 0.361351 0.111538 0.354167 0.086538 0.354167 0.078846 0.359195 0.066346 0.373563 0.064423 0.390086 0.086538 0.394397 0.098077 0.394397 0.113462 0.387931 0.125962
0 0.729167 0.000000 0.743534 0.005769 0.747845 0.015385 0.746408 0.028846 0.735632 0.037500 0.709770 0.043269 0.703305 0.034615 0.704741 0.023077 0.716954 0.004808 0.726293 0.000000
0 0.395115 0.827885 0.389368 0.827885 0.384339 0.823077 0.384339 0.805769 0.390805 0.797115 0.402299 0.789423 0.410920 0.791346 0.421695 0.805769 0.420259 0.815385 0.409483 0.824038 0.395115 0.827885
0 0.561782 0.950962 0.553161 0.947115 0.546695 0.938462 0.545977 0.920192 0.551724 0.920192 0.558190 0.928846 0.563937 0.940385 0.563937 0.948077 0.561782 0.950962
0 0.869253 0.466346 0.860632 0.466346 0.853448 0.462500 0.846983 0.448077 0.849856 0.430769 0.857759 0.424038 0.870690 0.427885 0.878592 0.444231 0.878592 0.453846 0.875718 0.461538 0.869253 0.466346
0 0.327586 0.222115 0.313218 0.220192 0.308190 0.211538 0.308190 0.205769 0.311063 0.198077 0.317529 0.191346 0.324713 0.187500 0.333333 0.187500 0.341236 0.192308 0.345546 0.198077 0.345546 0.203846 0.339080 0.214423 0.327586 0.222115
0 0.202586 0.345192 0.189655 0.343269 0.180316 0.330769 0.180316 0.323077 0.185345 0.316346 0.191092 0.316346 0.196839 0.324038 0.204023 0.327885 0.207615 0.336538 0.202586 0.345192
0 0.202586 0.795192 0.192529 0.795192 0.183908 0.791346 0.178879 0.784615 0.180316 0.767308 0.189655 0.756731 0.201149 0.758654 0.216236 0.771154 0.216236 0.782692 0.202586 0.795192
0 0.129310 0.331731 0.123563 0.331731 0.115661 0.323077 0.109914 0.309615 0.110632 0.299038 0.122126 0.297115 0.130747 0.300962 0.134339 0.305769 0.135776 0.323077 0.129310 0.331731
0 0.501437 0.418269 0.495690 0.416346 0.487787 0.403846 0.486351 0.371154 0.488506 0.368269 0.495690 0.368269 0.498563 0.360577 0.505747 0.358654 0.510776 0.365385 0.513649 0.375000 0.513649 0.394231 0.507902 0.413462 0.501437 0.418269
0 0.949713 0.304808 0.943966 0.304808 0.935345 0.299038 0.928879 0.288462 0.927443 0.280769 0.927443 0.261538 0.930316 0.253846 0.941092 0.245192 0.949713 0.245192 0.955460 0.250962 0.963362 0.275000 0.963362 0.284615 0.959052 0.298077 0.949713 0.304808
0 0.165230 0.843269 0.156609 0.843269 0.143678 0.835577 0.138649 0.825000 0.140086 0.813462 0.142241 0.810577 0.152299 0.810577 0.166667 0.820192 0.168822 0.832692 0.165230 0.843269
0 0.275862 0.858654 0.271552 0.858654 0.266523 0.853846 0.262213 0.830769 0.267241 0.820192 0.278736 0.812500 0.290230 0.812500 0.295259 0.817308 0.296695 0.825000 0.293103 0.831731 0.286638 0.836538 0.283764 0.848077 0.275862 0.858654
0 0.056034 0.797115 0.050287 0.797115 0.042385 0.786538 0.040948 0.767308 0.042385 0.761538 0.051724 0.752885 0.061782 0.752885 0.068247 0.761538 0.068247 0.775000 0.062500 0.790385 0.056034 0.797115
0 0.935345 0.847115 0.920977 0.847115 0.914511 0.836538 0.915948 0.817308 0.933908 0.797115 0.955460 0.808654 0.960489 0.817308 0.960489 0.821154 0.951149 0.833654 0.935345 0.847115
0 0.928161 0.975962 0.913793 0.972115 0.901580 0.957692 0.900144 0.948077 0.905172 0.943269 0.929598 0.943269 0.937500 0.953846 0.938937 0.963462 0.935345 0.972115 0.928161 0.975962
0 0.712644 0.945192 0.702586 0.943269 0.687500 0.928846 0.687500 0.923077 0.695402 0.906731 0.716954 0.906731 0.721983 0.911538 0.724856 0.921154 0.723420 0.932692 0.712644 0.945192
0 0.191092 0.599038 0.182471 0.599038 0.172414 0.593269 0.160201 0.578846 0.157328 0.573077 0.157328 0.563462 0.162356 0.554808 0.175287 0.552885 0.188937 0.563462 0.197557 0.584615 0.194684 0.596154 0.191092 0.599038
0 0.481322 0.129808 0.462644 0.127885 0.454741 0.115385 0.448994 0.100000 0.448994 0.094231 0.451868 0.076923 0.455460 0.070192 0.465517 0.072115 0.486351 0.098077 0.489224 0.105769 0.489224 0.119231 0.481322 0.129808
0 0.466954 0.854808 0.461207 0.854808 0.456897 0.847115 0.448994 0.840385 0.448276 0.825962 0.459770 0.824038 0.468391 0.827885 0.474856 0.836538 0.471983 0.848077 0.466954 0.854808
0 0.146552 0.293269 0.137931 0.291346 0.131466 0.275000 0.132902 0.261538 0.137931 0.252885 0.150862 0.258654 0.157328 0.269231 0.157328 0.278846 0.154454 0.286538 0.146552 0.293269
0 0.031609 0.564423 0.021552 0.564423 0.008621 0.556731 0.002155 0.544231 0.007184 0.535577 0.012931 0.533654 0.028736 0.535577 0.026580 0.551923 0.033764 0.559615 0.031609 0.564423
0 0.633621 0.089423 0.625000 0.087500 0.618534 0.078846 0.615661 0.073077 0.615661 0.063462 0.622126 0.050962 0.630747 0.043269 0.635057 0.043269 0.642241 0.033654 0.648707 0.044231 0.648707 0.055769 0.642960 0.073077 0.633621 0.089423
0 0.596264 0.141346 0.583333 0.139423 0.578305 0.132692 0.578305 0.121154 0.584052 0.109615 0.594828 0.097115 0.607759 0.095192 0.618534 0.105769 0.618534 0.115385 0.613506 0.125962 0.596264 0.141346
0 0.195402 0.729808 0.182471 0.727885 0.172414 0.722115 0.164511 0.713462 0.164511 0.703846 0.169540 0.697115 0.176724 0.693269 0.186782 0.697115 0.197557 0.709615 0.201868 0.719231 0.200431 0.725000 0.195402 0.729808
0 0.221264 0.637500 0.204023 0.625962 0.194684 0.615385 0.194684 0.611538 0.204023 0.610577 0.216954 0.618269 0.223420 0.630769 0.221264 0.637500
0 0.178161 0.335577 0.168822 0.330769 0.163075 0.313462 0.165948 0.298077 0.170977 0.293269 0.179598 0.293269 0.183190 0.305769 0.183190 0.319231 0.180316 0.323077 0.180316 0.332692 0.178161 0.335577
0 0.975575 0.562500 0.965517 0.562500 0.960489 0.555769 0.957615 0.548077 0.957615 0.534615 0.959052 0.528846 0.971264 0.512500 0.982759 0.512500 0.993534 0.526923 0.993534 0.538462 0.987787 0.551923 0.975575 0.562500
0 0.998563 0.018269 0.988506 0.020192 0.983477 0.009615 0.982040 0.000000
0 0.395833 0.000000 0.389368 0.004808 0.382184 0.004808 0.380029 0.000000
0 0.044540 0.131731 0.035920 0.127885 0.030891 0.121154 0.030891 0.109615 0.037356 0.100962 0.044540 0.100962 0.052443 0.113462 0.051006 0.126923 0.044540 0.131731
0 0.657328 0.000000 0.655891 0.011538 0.646552 0.029808 0.635057 0.039423 0.623563 0.039423 0.617098 0.032692 0.617098 0.025000 0.619971 0.013462 0.630029 0.000000
0 0.314655 0.654808 0.307471 0.654808 0.305316 0.651923 0.303879 0.632692 0.313218 0.616346 0.324713 0.612500 0.331178 0.621154 0.331178 0.634615 0.321839 0.650962 0.314655 0.654808
0 0.116379 0.545192 0.106322 0.543269 0.099856 0.528846 0.099856 0.507692 0.106322 0.499038 0.117816 0.504808 0.124282 0.519231 0.124282 0.538462 0.116379 0.545192
0 0.392241 0.470192 0.385057 0.470192 0.380747 0.466346 0.379310 0.468269 0.371408 0.461538 0.368534 0.450000 0.365661 0.448077 0.365661 0.442308 0.370690 0.433654 0.385057 0.431731 0.392960 0.438462 0.395833 0.448077 0.394397 0.451923 0.397270 0.457692 0.392241 0.470192
0 0.744253 0.522115 0.731322 0.516346 0.723420 0.507692 0.724856 0.492308 0.737069 0.481731 0.748563 0.483654 0.755747 0.487500 0.760776 0.494231 0.760776 0.503846 0.756466 0.517308 0.744253 0.522115
0 0.166667 0.339423 0.160920 0.339423 0.150862 0.333654 0.141523 0.319231 0.142960 0.307692 0.149425 0.299038 0.158046 0.300962 0.163075 0.305769 0.163075 0.313462 0.168822 0.328846 0.168822 0.336538 0.166667 0.339423
0 0.284483 0.602885 0.270833 0.600000 0.270833 0.584615 0.278736 0.568269 0.288793 0.568269 0.295259 0.575000 0.295259 0.584615 0.290948 0.596154 0.284483 0.602885
0 0.998563 0.683654 0.994253 0.685577 0.979885 0.681731 0.973420 0.675000 0.970546 0.663462 0.977011 0.654808 0.984195 0.660577 0.994253 0.658654 0.998563 0.666346
0 0.622126 0.216346 0.616379 0.216346 0.604885 0.208654 0.595546 0.196154 0.594109 0.180769 0.600575 0.170192 0.607759 0.170192 0.623563 0.179808 0.632902 0.192308 0.634339 0.205769 0.622126 0.216346
0 0.650862 0.702885 0.642241 0.702885 0.635776 0.696154 0.635776 0.673077 0.645115 0.656731 0.650862 0.652885 0.659483 0.652885 0.663075 0.657692 0.664511 0.665385 0.664511 0.684615 0.660201 0.696154 0.650862 0.702885
0 0.709770 0.850962 0.698276 0.850962 0.693247 0.844231 0.691810 0.834615 0.696121 0.823077 0.715517 0.810577 0.729885 0.812500 0.732040 0.815385 0.732040 0.823077 0.726293 0.838462 0.709770 0.850962
0 0.577586 0.183654 0.561782 0.183654 0.552443 0.176923 0.548132 0.167308 0.548132 0.161538 0.551006 0.151923 0.556034 0.145192 0.568966 0.143269 0.578305 0.153846 0.582615 0.167308 0.582615 0.176923 0.577586 0.183654
0 0.271552 0.543269 0.257184 0.537500 0.255029 0.532692 0.256466 0.525000 0.270115 0.506731 0.280172 0.506731 0.287356 0.510577 0.292385 0.521154 0.292385 0.526923 0.288793 0.533654 0.283046 0.537500 0.275862 0.537500 0.271552 0.543269
0 0.402299 0.549038 0.394397 0.540385 0.391523 0.526923 0.395115 0.518269 0.405172 0.514423 0.417385 0.523077 0.418822 0.536538 0.415230 0.543269 0.402299 0.549038
0 0.998563 0.297115 0.988506 0.297115 0.980603 0.290385 0.982040 0.267308 0.989943 0.254808 0.998563 0.249038
0 0.179598 0.289423 0.170259 0.280769 0.165948 0.267308 0.167385 0.253846 0.172414 0.243269 0.182471 0.247115 0.188937 0.261538 0.187500 0.275000 0.183190 0.286538 0.179598 0.289423
0 0.079023 0.218269 0.066092 0.218269 0.057471 0.212500 0.053879 0.205769 0.051006 0.188462 0.055316 0.175000 0.063218 0.166346 0.074713 0.168269 0.085489 0.182692 0.086925 0.207692 0.079023 0.218269
0 0.165230 0.991346 0.158046 0.991346 0.146552 0.985577 0.141523 0.978846 0.141523 0.965385 0.152299 0.956731 0.165230 0.954808 0.169540 0.958654 0.173132 0.965385 0.173132 0.976923 0.165230 0.991346
0 0.244253 0.997115 0.225575 0.997115 0.223420 0.994231 0.221983 0.975000 0.227011 0.966346 0.241379 0.966346 0.249282 0.976923 0.249282 0.990385 0.244253 0.997115
0 0.316092 0.749038 0.304598 0.745192 0.301006 0.732692 0.303879 0.721154 0.308908 0.712500 0.314655 0.706731 0.326149 0.702885 0.332615 0.709615 0.334052 0.721154 0.328305 0.736538 0.316092 0.749038
0 0.974138 0.595192 0.954023 0.595192 0.948994 0.588462 0.948994 0.578846 0.954023 0.572115 0.966954 0.564423 0.979885 0.566346 0.984914 0.573077 0.984914 0.580769 0.982040 0.588462 0.974138 0.595192
0 0.445402 0.102885 0.432471 0.099038 0.420977 0.089423 0.413075 0.076923 0.414511 0.071154 0.425287 0.062500 0.439655 0.062500 0.445402 0.066346 0.450431 0.075000 0.450431 0.092308 0.445402 0.102885
0 0.064655 0.304808 0.053161 0.302885 0.042385 0.288462 0.038075 0.271154 0.044540 0.260577 0.056034 0.260577 0.069684 0.284615 0.068247 0.298077 0.064655 0.304808
0 0.218391 0.377885 0.214080 0.377885 0.209052 0.373077 0.210489 0.348077 0.224138 0.331731 0.237069 0.333654 0.237787 0.346154 0.234914 0.355769 0.227730 0.369231 0.218391 0.377885
0 0.580460 0.935577 0.575431 0.930769 0.576868 0.915385 0.584770 0.900962 0.590517 0.900962 0.594109 0.909615 0.592672 0.915385 0.585489 0.930769 0.580460 0.935577
0 0.640805 0.829808 0.630747 0.827885 0.621408 0.817308 0.617098 0.800000 0.620690 0.791346 0.626437 0.787500 0.645115 0.787500 0.653017 0.794231 0.657328 0.803846 0.655891 0.815385 0.649425 0.825962 0.640805 0.829808
0 0.238506 0.966346 0.212644 0.964423 0.209052 0.959615 0.210489 0.944231 0.218391 0.933654 0.245690 0.935577 0.250718 0.944231 0.249282 0.955769 0.238506 0.966346
0 0.022989 0.737500 0.017241 0.737500 0.010776 0.732692 0.009339 0.705769 0.014368 0.699038 0.028736 0.695192 0.036638 0.703846 0.038075 0.715385 0.029454 0.732692 0.022989 0.737500
0 0.110632 0.612500 0.102011 0.610577 0.095546 0.598077 0.095546 0.588462 0.107759 0.564423 0.113506 0.564423 0.118534 0.573077 0.115661 0.601923 0.110632 0.612500
0 0.998563 0.949038 0.993534 0.944231 0.994971 0.932692 0.998563 0.925962
0 0.204023 0.112500 0.198276 0.112500 0.191810 0.098077 0.191810 0.076923 0.198276 0.064423 0.206897 0.064423 0.216236 0.075000 0.216236 0.090385 0.204023 0.112500
0 0.673851 0.941346 0.659483 0.937500 0.654454 0.928846 0.654454 0.921154 0.658046 0.912500 0.672414 0.897115 0.686782 0.897115 0.691810 0.903846 0.693247 0.913462 0.688937 0.919231 0.687500 0.926923 0.673851 0.941346
0 0.071839 0.916346 0.068966 0.912500 0.056034 0.912500 0.053879 0.909615 0.053879 0.901923 0.067529 0.891346 0.086207 0.889423 0.086925 0.896154 0.071839 0.916346
0 0.267241 0.335577 0.257184 0.333654 0.250718 0.321154 0.260057 0.287500 0.268678 0.289423 0.275144 0.303846 0.273707 0.325000 0.267241 0.335577
0 0.998563 0.099038 0.991379 0.110577 0.977011 0.122115 0.962644 0.120192 0.957615 0.111538 0.961925 0.094231 0.969828 0.083654 0.979885 0.075962 0.991379 0.077885 0.998563 0.089423
0 0.704023 0.354808 0.696839 0.352885 0.681753 0.332692 0.680316 0.313462 0.684626 0.298077 0.688218 0.293269 0.693966 0.293269 0.696121 0.298077 0.697557 0.317308 0.706178 0.342308 0.706178 0.351923 0.704023 0.354808
0 0.998563 0.652885 0.995690 0.660577 0.984195 0.660577 0.975575 0.654808 0.971983 0.646154 0.973420 0.634615 0.978448 0.629808 0.988506 0.629808 0.998563 0.637500
0 0.495690 0.368269 0.488506 0.368269 0.479167 0.353846 0.476293 0.340385 0.479885 0.333654 0.489224 0.336538 0.490661 0.344231 0.497845 0.357692 0.497845 0.365385 0.495690 0.368269
0 0.998563 0.897115 0.987787 0.888462 0.987787 0.884615 0.992816 0.879808 0.998563 0.881731
0 0.372126 0.254808 0.363506 0.254808 0.349138 0.247115 0.342672 0.236538 0.344109 0.226923 0.347701 0.222115 0.357759 0.218269 0.370690 0.220192 0.378592 0.232692 0.378592 0.246154 0.372126 0.254808
0 0.268678 0.706731 0.252874 0.704808 0.246408 0.696154 0.244971 0.680769 0.249282 0.673077 0.250000 0.666346 0.264368 0.666346 0.270833 0.676923 0.273707 0.696154 0.272270 0.703846 0.268678 0.706731
0 0.885057 0.325962 0.877874 0.324038 0.872845 0.317308 0.869971 0.305769 0.871408 0.286538 0.879310 0.274038 0.885057 0.274038 0.892960 0.288462 0.890086 0.319231 0.885057 0.325962
0 0.274425 0.816346 0.270115 0.816346 0.265086 0.809615 0.263649 0.796154 0.270115 0.785577 0.281609 0.783654 0.288075 0.790385 0.289511 0.800000 0.281609 0.812500 0.274425 0.816346
0 0.602011 0.777885 0.593391 0.772115 0.586925 0.763462 0.578305 0.740385 0.576868 0.713462 0.579023 0.710577 0.586207 0.714423 0.589080 0.720192 0.600575 0.729808 0.612787 0.748077 0.612787 0.763462 0.602011 0.777885
0 0.535920 0.997115 0.517241 0.997115 0.513649 0.984615 0.517241 0.979808 0.533046 0.981731 0.538075 0.988462 0.535920 0.997115
0 0.859195 0.835577 0.849138 0.833654 0.838362 0.819231 0.838362 0.803846 0.843391 0.791346 0.854885 0.795192 0.864224 0.805769 0.865661 0.823077 0.859195 0.835577
0 0.806034 0.420192 0.791667 0.418269 0.780891 0.405769 0.775144 0.392308 0.780172 0.377885 0.785920 0.374038 0.800287 0.374038 0.808190 0.380769 0.813937 0.396154 0.813937 0.405769 0.809626 0.417308 0.806034 0.420192
0 0.329023 0.899038 0.316092 0.899038 0.310345 0.895192 0.305316 0.886538 0.305316 0.875000 0.314655 0.862500 0.329023 0.862500 0.338362 0.871154 0.339799 0.886538 0.329023 0.899038
0 0.135057 0.191346 0.126437 0.191346 0.121408 0.186538 0.114224 0.157692 0.107040 0.148077 0.109195 0.137500 0.126437 0.137500 0.134339 0.146154 0.140086 0.157692 0.141523 0.180769 0.135057 0.191346
0 0.492816 0.639423 0.483477 0.634615 0.482040 0.611538 0.488506 0.599038 0.497126 0.597115 0.505029 0.601923 0.506466 0.617308 0.502155 0.628846 0.492816 0.639423
0 0.624282 0.000000 0.619253 0.004808 0.607759 0.004808 0.602730 0.000000
0 0.589080 0.460577 0.579023 0.460577 0.563937 0.446154 0.565374 0.432692 0.571839 0.424038 0.586207 0.416346 0.592672 0.426923 0.592672 0.451923 0.589080 0.460577
0 0.485632 0.537500 0.477011 0.535577 0.471983 0.526923 0.469109 0.496154 0.475575 0.485577 0.488506 0.491346 0.493534 0.498077 0.496408 0.509615 0.493534 0.528846 0.485632 0.537500
0 0.000000 0.087500 0.007184 0.077885 0.018678 0.077885 0.035920 0.089423 0.036638 0.098077 0.030172 0.108654 0.018678 0.110577 0.012931 0.108654 0.002874 0.093269 0.000000 0.093269
0 0.363506 0.316346 0.354885 0.314423 0.344828 0.304808 0.340517 0.304808 0.338362 0.298077 0.341954 0.293269 0.360632 0.297115 0.369971 0.307692 0.369971 0.311538 0.363506 0.316346
0 0.162356 0.997115 0.125718 0.996154 0.129310 0.991346 0.140805 0.985577 0.149425 0.985577 0.162356 0.993269 0.162356 0.997115
0 0.912356 0.997115 0.899425 0.997115 0.898707 0.994231 0.906609 0.989423 0.912356 0.997115
0 0.788793 0.904808 0.772989 0.902885 0.763649 0.894231 0.760776 0.886538 0.767960 0.865385 0.775862 0.858654 0.787356 0.854808 0.797414 0.854808 0.813218 0.862500 0.816810 0.867308 0.818247 0.882692 0.804598 0.897115 0.788793 0.904808
0 0.145115 0.499038 0.137931 0.497115 0.119971 0.467308 0.121408 0.451923 0.129310 0.443269 0.142241 0.445192 0.153017 0.467308 0.154454 0.490385 0.150862 0.497115 0.145115 0.499038
0 0.564655 0.889423 0.557471 0.887500 0.551006 0.876923 0.552443 0.863462 0.557471 0.856731 0.566092 0.856731 0.572557 0.865385 0.572557 0.880769 0.564655 0.889423
0 0.408046 0.975962 0.399425 0.975962 0.392241 0.972115 0.390086 0.963462 0.396552 0.952885 0.413793 0.935577 0.420977 0.935577 0.426724 0.939423 0.428879 0.942308 0.428879 0.950000 0.424569 0.961538 0.408046 0.975962
0 0.866379 0.212500 0.850575 0.210577 0.840517 0.202885 0.838362 0.196154 0.844828 0.187500 0.857759 0.189423 0.863506 0.193269 0.868534 0.201923 0.868534 0.209615 0.866379 0.212500
0 0.586207 0.256731 0.573276 0.256731 0.562500 0.244231 0.561063 0.228846 0.566092 0.222115 0.591954 0.227885 0.599856 0.236538 0.598420 0.248077 0.586207 0.256731
0 0.468391 0.806731 0.458333 0.806731 0.451149 0.802885 0.444684 0.794231 0.444684 0.790385 0.451149 0.785577 0.466954 0.785577 0.470546 0.790385 0.470546 0.801923 0.468391 0.806731
0 0.998563 0.918269 0.989943 0.922115 0.977011 0.918269 0.966236 0.905769 0.966236 0.896154 0.971264 0.889423 0.988506 0.889423 0.998563 0.897115
0 0.089080 0.299038 0.079023 0.297115 0.069684 0.276923 0.068247 0.259615 0.071839 0.249038 0.079023 0.249038 0.089799 0.269231 0.089799 0.275000 0.092672 0.278846 0.092672 0.294231 0.089080 0.299038
0 0.285920 0.381731 0.280172 0.381731 0.272270 0.373077 0.275144 0.361538 0.281609 0.352885 0.288793 0.352885 0.292385 0.359615 0.292385 0.373077 0.285920 0.381731
0 0.468391 0.697115 0.465517 0.697115 0.456178 0.680769 0.459052 0.669231 0.464080 0.660577 0.469828 0.656731 0.487069 0.658654 0.490661 0.663462 0.489224 0.680769 0.485632 0.687500 0.468391 0.697115
0 0.293103 0.089423 0.288793 0.089423 0.281609 0.083654 0.269397 0.065385 0.267960 0.053846 0.271552 0.049038 0.284483 0.049038 0.290230 0.052885 0.299569 0.067308 0.303879 0.078846 0.298851 0.087500 0.293103 0.089423
0 0.129310 0.391346 0.120690 0.391346 0.114943 0.385577 0.108477 0.365385 0.109914 0.342308 0.116379 0.331731 0.120690 0.329808 0.124282 0.332692 0.130029 0.348077 0.131466 0.363462 0.134339 0.369231 0.132902 0.386538 0.129310 0.391346
0 0.433908 0.868269 0.426006 0.863462 0.423132 0.848077 0.423132 0.830769 0.431034 0.822115 0.439655 0.825962 0.446121 0.836538 0.447557 0.844231 0.444684 0.859615 0.433908 0.868269
0 0.781609 0.474038 0.772989 0.474038 0.769397 0.469231 0.766523 0.457692 0.769397 0.438462 0.778736 0.429808 0.785920 0.431731 0.792385 0.442308 0.792385 0.455769 0.781609 0.474038
0 0.314655 0.177885 0.303161 0.177885 0.297414 0.174038 0.293822 0.167308 0.296695 0.157692 0.300287 0.154808 0.326149 0.156731 0.328305 0.163462 0.325431 0.169231 0.314655 0.177885
0 0.803161 0.997115 0.767960 0.996154 0.780172 0.985577 0.794540 0.985577 0.803879 0.994231 0.803161 0.997115
0 0.488506 0.837500 0.475575 0.837500 0.470546 0.832692 0.469109 0.826923 0.475575 0.812500 0.487069 0.812500 0.497845 0.823077 0.497845 0.826923 0.488506 0.837500
0 0.225575 0.060577 0.215517 0.058654 0.195402 0.047115 0.189655 0.047115 0.180316 0.040385 0.174569 0.032692 0.174569 0.026923 0.178161 0.024038 0.196839 0.024038 0.212644 0.033654 0.219828 0.031731 0.227011 0.037500 0.233477 0.050000 0.232040 0.055769 0.225575 0.060577
0 0.135057 0.806731 0.126437 0.806731 0.116379 0.800962 0.108477 0.786538 0.108477 0.780769 0.114943 0.774038 0.120690 0.774038 0.135057 0.781731 0.141523 0.790385 0.141523 0.801923 0.135057 0.806731
0 0.573276 0.918269 0.564655 0.916346 0.558190 0.909615 0.558190 0.894231 0.566092 0.889423 0.574713 0.877885 0.589080 0.881731 0.595546 0.892308 0.594109 0.901923 0.584770 0.900962 0.573276 0.918269
0 0.728448 0.489423 0.717672 0.482692 0.717672 0.461538 0.723420 0.446154 0.734195 0.431731 0.737069 0.431731 0.749282 0.440385 0.750718 0.467308 0.749282 0.473077 0.741379 0.481731 0.737069 0.481731 0.728448 0.489423
0 0.173851 0.635577 0.165230 0.633654 0.153017 0.621154 0.148707 0.611538 0.148707 0.603846 0.153736 0.593269 0.163793 0.591346 0.175287 0.597115 0.180316 0.603846 0.181753 0.623077 0.178879 0.630769 0.173851 0.635577
0 0.979885 0.941346 0.965517 0.941346 0.959052 0.932692 0.957615 0.911538 0.961207 0.906731 0.965517 0.904808 0.977011 0.918269 0.989224 0.923077 0.984914 0.936538 0.979885 0.941346
0 0.030172 0.379808 0.021552 0.377885 0.013649 0.367308 0.010776 0.357692 0.010776 0.340385 0.012931 0.335577 0.027299 0.337500 0.033046 0.341346 0.038075 0.350000 0.039511 0.359615 0.033764 0.373077 0.035201 0.375000 0.030172 0.379808
0 0.814655 0.620192 0.800287 0.620192 0.793822 0.611538 0.792385 0.598077 0.797414 0.589423 0.803161 0.585577 0.823276 0.585577 0.826868 0.590385 0.826868 0.601923 0.814655 0.620192
0 0.199713 0.820192 0.192529 0.820192 0.188937 0.815385 0.191810 0.801923 0.188218 0.797115 0.182471 0.797115 0.173851 0.808654 0.166667 0.808654 0.155891 0.796154 0.155891 0.786538 0.159483 0.781731 0.166667 0.781731 0.193966 0.795192 0.204741 0.809615 0.199713 0.820192
0 0.850575 0.141346 0.839080 0.141346 0.833333 0.137500 0.826868 0.128846 0.826868 0.123077 0.844828 0.114423 0.856322 0.116346 0.862787 0.126923 0.862787 0.134615 0.850575 0.141346
0 0.260057 0.258654 0.251437 0.256731 0.243534 0.250000 0.240661 0.226923 0.247126 0.216346 0.253592 0.219231 0.256466 0.228846 0.266523 0.246154 0.266523 0.251923 0.260057 0.258654
0 0.823276 0.174038 0.813218 0.172115 0.798132 0.163462 0.792385 0.150000 0.798851 0.133654 0.806034 0.129808 0.816092 0.131731 0.832615 0.151923 0.835489 0.157692 0.835489 0.165385 0.823276 0.174038
0 0.215517 0.162500 0.202586 0.147115 0.189655 0.143269 0.176006 0.121154 0.176006 0.113462 0.185345 0.112500 0.206897 0.129808 0.217672 0.144231 0.217672 0.157692 0.215517 0.162500
0 0.097701 0.112500 0.091236 0.111538 0.092672 0.098077 0.107759 0.075962 0.114943 0.074038 0.117098 0.076923 0.115661 0.090385 0.103448 0.108654 0.097701 0.112500
0 0.224138 0.281731 0.218391 0.279808 0.213362 0.273077 0.216236 0.263462 0.214799 0.257692 0.216954 0.254808 0.222701 0.254808 0.230603 0.269231 0.229167 0.276923 0.224138 0.281731
0 0.051724 0.660577 0.045977 0.658654 0.042385 0.650000 0.043822 0.638462 0.050287 0.627885 0.056034 0.629808 0.061063 0.636538 0.061063 0.644231 0.056753 0.655769 0.051724 0.660577
0 0.912356 0.779808 0.902299 0.777885 0.894397 0.767308 0.894397 0.759615 0.902299 0.743269 0.909483 0.743269 0.920259 0.755769 0.921695 0.769231 0.916667 0.777885 0.912356 0.779808
0 0.114943 0.049038 0.100575 0.049038 0.090517 0.041346 0.081178 0.025000 0.081178 0.015385 0.086207 0.008654 0.096264 0.008654 0.100575 0.004808 0.109195 0.010577 0.122845 0.030769 0.121408 0.042308 0.114943 0.049038
0 0.300287 0.997115 0.271552 0.997115 0.269397 0.986538 0.277299 0.974038 0.287356 0.972115 0.293822 0.980769 0.300287 0.997115
0 0.307471 0.622115 0.287356 0.616346 0.283764 0.611538 0.285201 0.601923 0.293103 0.593269 0.310345 0.593269 0.316810 0.601923 0.318247 0.609615 0.314655 0.616346 0.307471 0.622115
0 0.354885 0.277885 0.341954 0.277885 0.334770 0.274038 0.329741 0.265385 0.331178 0.253846 0.347701 0.245192 0.354885 0.250962 0.367816 0.254808 0.371408 0.269231 0.366379 0.274038 0.354885 0.277885
0 0.433908 0.902885 0.423851 0.902885 0.418103 0.897115 0.418822 0.884615 0.432471 0.874038 0.448276 0.875962 0.453305 0.882692 0.453305 0.888462 0.448276 0.895192 0.433908 0.902885
0 0.614943 0.391346 0.607040 0.388462 0.602730 0.376923 0.602730 0.361538 0.607040 0.342308 0.614943 0.333654 0.623563 0.333654 0.628592 0.346154 0.628592 0.371154 0.625718 0.378846 0.614943 0.391346
0 0.941092 0.514423 0.936782 0.514423 0.933190 0.509615 0.933190 0.498077 0.941092 0.479808 0.956897 0.468269 0.961925 0.476923 0.961925 0.488462 0.949713 0.508654 0.941092 0.514423
0 0.554598 0.462500 0.524425 0.450962 0.522270 0.446154 0.523707 0.434615 0.533046 0.424038 0.538793 0.424038 0.545977 0.431731 0.557471 0.431731 0.561782 0.427885 0.563937 0.430769 0.562500 0.455769 0.554598 0.462500
0 0.153736 0.949038 0.146552 0.949038 0.140086 0.942308 0.138649 0.923077 0.141523 0.915385 0.147989 0.908654 0.158046 0.902885 0.165230 0.904808 0.170259 0.913462 0.170259 0.925000 0.163075 0.942308 0.159483 0.947115 0.153736 0.949038
0 0.122126 0.720192 0.114943 0.720192 0.110632 0.712500 0.095546 0.698077 0.096983 0.680769 0.102011 0.674038 0.110632 0.674038 0.116379 0.677885 0.124282 0.692308 0.127155 0.700000 0.127155 0.711538 0.122126 0.720192
0 0.814655 0.824038 0.804598 0.822115 0.793822 0.805769 0.792385 0.790385 0.798132 0.780769 0.797414 0.777885 0.808908 0.777885 0.816092 0.783654 0.821121 0.792308 0.821121 0.811538 0.814655 0.824038
0 0.340517 0.827885 0.333333 0.827885 0.325431 0.819231 0.323994 0.800000 0.333333 0.785577 0.343391 0.777885 0.350575 0.779808 0.359914 0.796154 0.354167 0.809615 0.340517 0.827885
0 0.232759 0.579808 0.222701 0.577885 0.211207 0.570192 0.204741 0.561538 0.203305 0.550000 0.214080 0.543269 0.229885 0.552885 0.234914 0.559615 0.237787 0.571154 0.236351 0.576923 0.232759 0.579808
0 0.919540 0.922115 0.897989 0.918269 0.888649 0.907692 0.888649 0.890385 0.893678 0.885577 0.908046 0.885577 0.923851 0.897115 0.928879 0.905769 0.928879 0.915385 0.923851 0.916346 0.919540 0.922115
0 0.264368 0.606731 0.254310 0.606731 0.240661 0.596154 0.239224 0.582692 0.247126 0.568269 0.260057 0.562500 0.266523 0.569231 0.270833 0.580769 0.270833 0.598077 0.264368 0.606731
0 0.307471 0.864423 0.294540 0.860577 0.286638 0.846154 0.286638 0.836538 0.300287 0.824038 0.313218 0.824038 0.319684 0.834615 0.319684 0.844231 0.315374 0.855769 0.307471 0.864423
0 0.263649 0.000000 0.260057 0.004808 0.250000 0.004808 0.242098 0.000000
0 0.045977 0.447115 0.040230 0.447115 0.035920 0.443269 0.028017 0.426923 0.026580 0.405769 0.031609 0.389423 0.044540 0.397115 0.052443 0.417308 0.052443 0.434615 0.045977 0.447115
0 0.061063 0.000000 0.057471 0.006731 0.044540 0.004808 0.039511 0.000000
0 0.964080 0.997115 0.945402 0.997115 0.941810 0.994231 0.949713 0.987500 0.956897 0.987500 0.966236 0.994231 0.964080 0.997115
0 0.372126 0.754808 0.364943 0.754808 0.355603 0.746154 0.357040 0.734615 0.364943 0.724038 0.375000 0.725962 0.380029 0.736538 0.377155 0.748077 0.372126 0.754808
0 0.099138 0.654808 0.091954 0.654808 0.086925 0.646154 0.086925 0.636538 0.091954 0.625962 0.116379 0.624038 0.122845 0.630769 0.122845 0.640385 0.119253 0.645192 0.107759 0.647115 0.099138 0.654808
0 0.507184 0.808654 0.484195 0.808654 0.477011 0.804808 0.470546 0.796154 0.470546 0.778846 0.478448 0.772115 0.492816 0.772115 0.504310 0.779808 0.516523 0.794231 0.515086 0.801923 0.507184 0.808654
0 0.599138 0.693269 0.589799 0.686538 0.578305 0.661538 0.576868 0.642308 0.580460 0.631731 0.602730 0.653846 0.605603 0.680769 0.604167 0.688462 0.599138 0.693269
0 0.522270 0.000000 0.528017 0.007692 0.528017 0.015385 0.521552 0.024038 0.515805 0.025962 0.502874 0.025962 0.487069 0.016346 0.483477 0.005769 0.487069 0.000962 0.492098 0.000000
0 0.867816 0.789423 0.859195 0.789423 0.854167 0.784615 0.854167 0.769231 0.855603 0.763462 0.859914 0.759615 0.861351 0.751923 0.870690 0.747115 0.875000 0.749038 0.878592 0.755769 0.880029 0.771154 0.867816 0.789423
0 0.515805 0.083654 0.507184 0.083654 0.502874 0.079808 0.499282 0.075000 0.497845 0.059615 0.504310 0.050962 0.517241 0.045192 0.529454 0.051923 0.530891 0.063462 0.525862 0.075962 0.515805 0.083654
0 0.225575 0.616346 0.212644 0.616346 0.203305 0.609615 0.203305 0.605769 0.198994 0.600000 0.198994 0.586538 0.201149 0.581731 0.205460 0.577885 0.215517 0.575962 0.232040 0.590385 0.232040 0.607692 0.225575 0.616346
0 0.596264 0.585577 0.581897 0.585577 0.573994 0.576923 0.572557 0.565385 0.577586 0.554808 0.583333 0.550962 0.600575 0.550962 0.608477 0.555769 0.611351 0.561538 0.611351 0.573077 0.596264 0.585577
0 0.567529 0.552885 0.558908 0.550962 0.553879 0.544231 0.551006 0.534615 0.552443 0.519231 0.555316 0.511538 0.560345 0.506731 0.567529 0.508654 0.575431 0.521154 0.575431 0.542308 0.567529 0.552885
0 0.182471 0.831731 0.172414 0.829808 0.168822 0.825000 0.168822 0.817308 0.178161 0.800962 0.182471 0.797115 0.188218 0.797115 0.191810 0.801923 0.188937 0.813462 0.191810 0.819231 0.182471 0.831731
0 0.257184 0.862500 0.241379 0.856731 0.236351 0.848077 0.237787 0.836538 0.251437 0.822115 0.257184 0.822115 0.262213 0.826923 0.262213 0.838462 0.265086 0.846154 0.265086 0.855769 0.257184 0.862500
0 0.248563 0.529808 0.239224 0.526923 0.227730 0.494231 0.227730 0.482692 0.234195 0.474038 0.245690 0.475962 0.252155 0.482692 0.252155 0.486538 0.256466 0.492308 0.257902 0.517308 0.248563 0.529808
0 0.731322 0.312500 0.721264 0.310577 0.707615 0.298077 0.700431 0.284615 0.700431 0.271154 0.704023 0.264423 0.714080 0.264423 0.728448 0.272115 0.732040 0.276923 0.736351 0.290385 0.736351 0.300000 0.731322 0.312500
0 0.890805 0.216346 0.885057 0.214423 0.881466 0.209615 0.872845 0.180769 0.877874 0.164423 0.885057 0.168269 0.892960 0.182692 0.894397 0.205769 0.890805 0.216346
0 0.284483 0.239423 0.270115 0.239423 0.264368 0.235577 0.257902 0.223077 0.259339 0.213462 0.272989 0.200962 0.285920 0.200962 0.295977 0.208654 0.301006 0.217308 0.301006 0.223077 0.295977 0.231731 0.284483 0.239423
0 0.347701 0.947115 0.331897 0.945192 0.325431 0.940385 0.323994 0.926923 0.334770 0.912500 0.347701 0.912500 0.353448 0.916346 0.357040 0.923077 0.358477 0.930769 0.355603 0.938462 0.347701 0.947115
0 0.018678 0.699038 0.010057 0.699038 0.000718 0.692308 0.004310 0.677885 0.030172 0.675962 0.032328 0.678846 0.030891 0.688462 0.024425 0.697115 0.018678 0.699038
0 0.396552 0.597115 0.383621 0.597115 0.378592 0.590385 0.378592 0.582692 0.385057 0.577885 0.392241 0.583654 0.401580 0.567308 0.405172 0.566346 0.405891 0.584615 0.401580 0.594231 0.396552 0.597115
0 0.446839 0.968269 0.439655 0.964423 0.425287 0.964423 0.424569 0.959615 0.431034 0.947115 0.439655 0.943269 0.448276 0.950962 0.453305 0.959615 0.451868 0.965385 0.446839 0.968269
0 0.216954 0.837500 0.208333 0.837500 0.201868 0.826923 0.201868 0.817308 0.204741 0.807692 0.218391 0.795192 0.224856 0.803846 0.226293 0.819231 0.223420 0.828846 0.216954 0.837500
0 0.971983 0.000000 0.969109 0.011538 0.961207 0.018269 0.946839 0.016346 0.940374 0.007692 0.938937 0.000000
0 0.173851 0.877885 0.160920 0.875962 0.158764 0.873077 0.164511 0.863462 0.162356 0.847115 0.169540 0.847115 0.172414 0.852885 0.182471 0.854808 0.187500 0.859615 0.186063 0.869231 0.173851 0.877885
0 0.350575 0.424038 0.345546 0.417308 0.348420 0.400000 0.354885 0.391346 0.366379 0.391346 0.368534 0.394231 0.367098 0.415385 0.363506 0.420192 0.350575 0.424038
0 0.650862 0.535577 0.645115 0.533654 0.638649 0.525000 0.640086 0.494231 0.649425 0.487500 0.656609 0.489423 0.660201 0.500000 0.663075 0.501923 0.663075 0.523077 0.656609 0.533654 0.650862 0.535577
0 0.415230 0.327885 0.396552 0.325962 0.387213 0.313462 0.387213 0.301923 0.390805 0.293269 0.413793 0.279808 0.420977 0.283654 0.426006 0.290385 0.430316 0.303846 0.428879 0.315385 0.415230 0.327885
0 0.497126 0.910577 0.487787 0.907692 0.484914 0.890385 0.479167 0.882692 0.479167 0.873077 0.482759 0.868269 0.492816 0.868269 0.501437 0.872115 0.512931 0.868269 0.520115 0.870192 0.522270 0.875000 0.520833 0.890385 0.515805 0.897115 0.497126 0.910577
0 0.807471 0.458654 0.795977 0.458654 0.792385 0.453846 0.790948 0.438462 0.785920 0.431731 0.772270 0.430769 0.773707 0.417308 0.777299 0.412500 0.794540 0.418269 0.811063 0.432692 0.813937 0.438462 0.813937 0.448077 0.807471 0.458654
0 0.419540 0.410577 0.413793 0.410577 0.411638 0.407692 0.405891 0.396154 0.405891 0.386538 0.407328 0.376923 0.425287 0.354808 0.431753 0.359615 0.434626 0.367308 0.434626 0.376923 0.427443 0.398077 0.419540 0.410577
0 0.396552 0.195192 0.380747 0.191346 0.371408 0.180769 0.362787 0.153846 0.362787 0.138462 0.369253 0.125962 0.383621 0.135577 0.394397 0.151923 0.401580 0.173077 0.401580 0.182692 0.396552 0.195192
0 0.343391 0.350962 0.337644 0.350962 0.332615 0.346154 0.332615 0.330769 0.340517 0.322115 0.354885 0.324038 0.361351 0.332692 0.361351 0.338462 0.357759 0.343269 0.343391 0.350962
0 0.889368 0.799038 0.877874 0.797115 0.869971 0.786538 0.878592 0.775000 0.880029 0.767308 0.883621 0.762500 0.893678 0.766346 0.900144 0.776923 0.900144 0.788462 0.889368 0.799038
0 0.715517 0.647115 0.712644 0.647115 0.693966 0.627885 0.678161 0.624038 0.673132 0.617308 0.673132 0.607692 0.685345 0.595192 0.692529 0.593269 0.702586 0.595192 0.711207 0.600962 0.723420 0.621154 0.724856 0.638462 0.715517 0.647115
0 0.561782 0.350962 0.554598 0.350962 0.535920 0.337500 0.532328 0.330769 0.532328 0.323077 0.534483 0.320192 0.540230 0.320192 0.554598 0.327885 0.562500 0.340385 0.563937 0.348077 0.561782 0.350962
0 0.836925 0.000000 0.832615 0.009615 0.827586 0.014423 0.820402 0.014423 0.814655 0.010577 0.809626 0.000000
0 0.945402 0.799038 0.931034 0.799038 0.926006 0.792308 0.924569 0.782692 0.932471 0.768269 0.943966 0.760577 0.951149 0.760577 0.964799 0.773077 0.964799 0.782692 0.958333 0.791346 0.945402 0.799038
0 0.408046 0.450962 0.398707 0.442308 0.394397 0.421154 0.394397 0.401923 0.400862 0.393269 0.410201 0.401923 0.414511 0.413462 0.413075 0.440385 0.408046 0.450962
0 0.074713 0.714423 0.064655 0.714423 0.053879 0.705769 0.055316 0.690385 0.057471 0.687500 0.061782 0.683654 0.070402 0.683654 0.076149 0.685577 0.079741 0.690385 0.079741 0.705769 0.074713 0.714423
0 0.847701 0.981731 0.839080 0.981731 0.820402 0.972115 0.809626 0.955769 0.809626 0.938462 0.813218 0.935577 0.823276 0.935577 0.841954 0.950962 0.852730 0.967308 0.851293 0.976923 0.847701 0.981731
0 0.906609 0.587500 0.899425 0.587500 0.892960 0.580769 0.892960 0.563462 0.900144 0.546154 0.910920 0.531731 0.922414 0.527885 0.928879 0.532692 0.931753 0.551923 0.924569 0.573077 0.918103 0.581731 0.906609 0.587500
0 0.806034 0.231731 0.793103 0.227885 0.788075 0.223077 0.783764 0.213462 0.785201 0.198077 0.797414 0.187500 0.801724 0.187500 0.810345 0.195192 0.816810 0.209615 0.813937 0.223077 0.806034 0.231731
0 0.176724 0.372115 0.172414 0.372115 0.167385 0.367308 0.167385 0.357692 0.176724 0.349038 0.186782 0.350962 0.190374 0.363462 0.183908 0.370192 0.176724 0.372115
0 0.528736 0.595192 0.520115 0.593269 0.510776 0.578846 0.512213 0.561538 0.518678 0.550962 0.524425 0.547115 0.531609 0.549038 0.538075 0.563462 0.532328 0.592308 0.528736 0.595192
0 0.668103 0.129808 0.662356 0.129808 0.653017 0.111538 0.653017 0.098077 0.657328 0.073077 0.665230 0.064423 0.675287 0.070192 0.678879 0.078846 0.677443 0.111538 0.674569 0.121154 0.668103 0.129808
0 0.945402 0.189423 0.932471 0.189423 0.922414 0.183654 0.918822 0.178846 0.920259 0.165385 0.928161 0.156731 0.939655 0.156731 0.952586 0.158654 0.961207 0.166346 0.963362 0.178846 0.954023 0.187500 0.945402 0.189423
0 0.221264 0.489423 0.211207 0.489423 0.203305 0.482692 0.203305 0.467308 0.209770 0.460577 0.216954 0.460577 0.224856 0.469231 0.226293 0.478846 0.221264 0.489423
0 0.073276 0.877885 0.064655 0.875962 0.059626 0.869231 0.058190 0.857692 0.066092 0.843269 0.071839 0.839423 0.079023 0.839423 0.085489 0.844231 0.086925 0.857692 0.085489 0.863462 0.073276 0.877885
0 0.060345 0.541346 0.051724 0.539423 0.035201 0.525000 0.033764 0.511538 0.038793 0.502885 0.053161 0.502885 0.062500 0.515385 0.065374 0.523077 0.065374 0.534615 0.060345 0.541346
0 0.431034 0.610577 0.418103 0.608654 0.410201 0.592308 0.413075 0.573077 0.422414 0.560577 0.426724 0.558654 0.436063 0.565385 0.438937 0.576923 0.438937 0.592308 0.431034 0.610577
0 0.650862 0.770192 0.642241 0.770192 0.630029 0.757692 0.632902 0.742308 0.645115 0.731731 0.669540 0.727885 0.673132 0.734615 0.673132 0.746154 0.670259 0.753846 0.663793 0.762500 0.650862 0.770192
0 0.412356 0.879808 0.403736 0.879808 0.394397 0.871154 0.390086 0.857692 0.395115 0.847115 0.408046 0.843269 0.414511 0.851923 0.420259 0.863462 0.420259 0.871154 0.412356 0.879808
0 0.567529 0.743269 0.556034 0.743269 0.548132 0.726923 0.546695 0.713462 0.554598 0.702885 0.566092 0.706731 0.576868 0.723077 0.575431 0.730769 0.567529 0.743269
0 0.219828 0.727885 0.208333 0.727885 0.204023 0.724038 0.197557 0.709615 0.180316 0.690385 0.180316 0.682692 0.182471 0.679808 0.188218 0.679808 0.204023 0.689423 0.214799 0.701923 0.220546 0.713462 0.219828 0.727885
0 0.839080 0.629808 0.826149 0.629808 0.821121 0.625000 0.818247 0.617308 0.826868 0.601923 0.826868 0.598077 0.834770 0.591346 0.846264 0.593269 0.849856 0.600000 0.848420 0.613462 0.839080 0.629808
0 0.691092 0.770192 0.683908 0.770192 0.678879 0.765385 0.676006 0.759615 0.676006 0.744231 0.681753 0.730769 0.691092 0.720192 0.702586 0.718269 0.708333 0.722115 0.711925 0.728846 0.711925 0.744231 0.702586 0.764423 0.691092 0.770192
0 0.747126 0.997115 0.725575 0.997115 0.724856 0.994231 0.731322 0.985577 0.739943 0.985577 0.747845 0.994231 0.747126 0.997115
0 0.048851 0.710577 0.041667 0.710577 0.030891 0.698077 0.029454 0.690385 0.034483 0.677885 0.040230 0.675962 0.053879 0.688462 0.053879 0.703846 0.048851 0.710577
0 0.244253 0.127885 0.231322 0.127885 0.226293 0.121154 0.221983 0.092308 0.227011 0.085577 0.241379 0.085577 0.250718 0.096154 0.252155 0.107692 0.249282 0.123077 0.244253 0.127885
0 0.100575 0.945192 0.084770 0.941346 0.077586 0.935577 0.072557 0.926923 0.072557 0.915385 0.083333 0.899038 0.090517 0.899038 0.100575 0.904808 0.108477 0.917308 0.109914 0.932692 0.100575 0.945192
0 0.998563 0.158654 0.993534 0.159615 0.992098 0.142308 0.989224 0.134615 0.990661 0.117308 0.997126 0.114423 0.998563 0.118269
0 0.989943 0.500962 0.982759 0.500962 0.974856 0.490385 0.976293 0.476923 0.984195 0.468269 0.992816 0.470192 0.996408 0.476923 0.994971 0.492308 0.989943 0.500962
0 0.719828 0.731731 0.712644 0.731731 0.704741 0.719231 0.704741 0.700000 0.707615 0.690385 0.723420 0.667308 0.722701 0.664423 0.735632 0.666346 0.740661 0.675000 0.740661 0.694231 0.734914 0.713462 0.728448 0.724038 0.719828 0.731731
0 0.670977 0.431731 0.659483 0.431731 0.652299 0.425962 0.648707 0.417308 0.651580 0.382692 0.660920 0.370192 0.663793 0.370192 0.671695 0.378846 0.677443 0.396154 0.677443 0.419231 0.670977 0.431731
0 0.183908 0.854808 0.176724 0.854808 0.170259 0.850000 0.171695 0.830769 0.182471 0.831731 0.189655 0.820192 0.193966 0.820192 0.193247 0.836538 0.190374 0.838462 0.183908 0.854808
0 0.241379 0.800962 0.231322 0.797115 0.226293 0.788462 0.226293 0.782692 0.229885 0.774038 0.241379 0.764423 0.254310 0.766346 0.260776 0.773077 0.263649 0.784615 0.252874 0.797115 0.241379 0.800962
0 0.359195 0.554808 0.352011 0.554808 0.345546 0.546154 0.342672 0.532692 0.344109 0.511538 0.349138 0.502885 0.354885 0.499038 0.362069 0.499038 0.369971 0.509615 0.368534 0.532692 0.365661 0.544231 0.359195 0.554808
0 0.274425 0.739423 0.267241 0.739423 0.254310 0.731731 0.246408 0.719231 0.247845 0.711538 0.252874 0.706731 0.280172 0.710577 0.285201 0.719231 0.285201 0.726923 0.281609 0.735577 0.274425 0.739423
0 0.604885 0.649038 0.600575 0.649038 0.587644 0.639423 0.578305 0.626923 0.578305 0.619231 0.584770 0.614423 0.602011 0.624038 0.609914 0.638462 0.608477 0.646154 0.604885 0.649038
0 0.897989 0.445192 0.892241 0.445192 0.884339 0.436538 0.882902 0.421154 0.891523 0.400000 0.896552 0.393269 0.902299 0.391346 0.913793 0.399038 0.915948 0.409615 0.907328 0.434615 0.897989 0.445192
0 0.489943 0.950962 0.477011 0.950962 0.473420 0.948077 0.473420 0.936538 0.476293 0.928846 0.491379 0.912500 0.505747 0.914423 0.511494 0.918269 0.513649 0.926923 0.504310 0.927885 0.499282 0.934615 0.499282 0.944231 0.489943 0.950962
0 0.722701 0.133654 0.709770 0.131731 0.703305 0.121154 0.701868 0.113462 0.701868 0.094231 0.704741 0.086538 0.714080 0.077885 0.725575 0.079808 0.730603 0.086538 0.734914 0.100000 0.733477 0.121154 0.727011 0.131731 0.722701 0.133654
0 0.070402 0.997115 0.051724 0.997115 0.048132 0.992308 0.048132 0.980769 0.056034 0.974038 0.064655 0.974038 0.071121 0.984615 0.072557 0.994231 0.070402 0.997115
0 0.372126 0.566346 0.365661 0.557692 0.365661 0.548077 0.374282 0.521154 0.377874 0.516346 0.382184 0.516346 0.388649 0.525000 0.390086 0.542308 0.382902 0.550000 0.378592 0.561538 0.372126 0.566346
0 0.261494 0.649038 0.251437 0.649038 0.239943 0.643269 0.236351 0.638462 0.232040 0.628846 0.232040 0.617308 0.235632 0.610577 0.241379 0.606731 0.248563 0.606731 0.266523 0.628846 0.269397 0.640385 0.261494 0.649038
0 0.281609 0.972115 0.267241 0.972115 0.262213 0.965385 0.263649 0.951923 0.283046 0.931731 0.291667 0.927885 0.300287 0.931731 0.305316 0.942308 0.303879 0.950000 0.281609 0.972115
0 0.468391 0.997115 0.452586 0.997115 0.451868 0.994231 0.456897 0.985577 0.461207 0.985577 0.469109 0.990385 0.470546 0.994231 0.468391 0.997115
0 0.524425 0.670192 0.510057 0.668269 0.502874 0.662500 0.499282 0.655769 0.499282 0.650000 0.512931 0.633654 0.525862 0.631731 0.531609 0.635577 0.535201 0.644231 0.533764 0.655769 0.524425 0.670192
0 0.696839 0.972115 0.678161 0.972115 0.669540 0.966346 0.668822 0.959615 0.673851 0.952885 0.696839 0.941346 0.711207 0.943269 0.717672 0.950000 0.717672 0.955769 0.711207 0.966346 0.696839 0.972115
0 0.971264 0.072115 0.952586 0.068269 0.946121 0.059615 0.951868 0.038462 0.959770 0.027885 0.969828 0.022115 0.982759 0.027885 0.987787 0.034615 0.987787 0.042308 0.971264 0.072115
0 0.364224 0.000000 0.346264 0.012500 0.337644 0.012500 0.331897 0.008654 0.326868 0.000000
0 0.472701 0.537500 0.468391 0.537500 0.464799 0.528846 0.459770 0.525962 0.454741 0.513462 0.454741 0.503846 0.462644 0.493269 0.468391 0.495192 0.470546 0.500000 0.470546 0.519231 0.474856 0.530769 0.472701 0.537500
0 0.135057 0.147115 0.124282 0.134615 0.122845 0.126923 0.124282 0.119231 0.132184 0.108654 0.140805 0.106731 0.148707 0.121154 0.148707 0.136538 0.142241 0.145192 0.135057 0.147115
0 0.771552 0.824038 0.761494 0.824038 0.755029 0.815385 0.753592 0.796154 0.767241 0.775962 0.781609 0.775962 0.788075 0.782692 0.788075 0.796154 0.771552 0.824038
0 0.045977 0.956731 0.040230 0.956731 0.029454 0.946154 0.032328 0.934615 0.050287 0.918269 0.064655 0.922115 0.068247 0.928846 0.065374 0.944231 0.045977 0.956731
0 0.304598 0.418269 0.300287 0.418269 0.293103 0.412500 0.289511 0.403846 0.289511 0.398077 0.293822 0.388462 0.298851 0.383654 0.307471 0.387500 0.312500 0.398077 0.311063 0.411538 0.304598 0.418269
0 0.000000 0.635577 0.011494 0.625962 0.022989 0.625962 0.032328 0.636538 0.032328 0.642308 0.022989 0.652885 0.002874 0.652885 0.000000 0.649038
0 0.696839 0.489423 0.686782 0.489423 0.683190 0.484615 0.678879 0.461538 0.688218 0.443269 0.693966 0.439423 0.702586 0.439423 0.706178 0.444231 0.706178 0.465385 0.703305 0.480769 0.696839 0.489423
0 0.100575 0.743269 0.091954 0.739423 0.079741 0.726923 0.076868 0.717308 0.083333 0.704808 0.094828 0.702885 0.107759 0.712500 0.111351 0.719231 0.111351 0.732692 0.100575 0.743269
0 0.543103 0.270192 0.528736 0.264423 0.519397 0.253846 0.513649 0.240385 0.515805 0.227885 0.528736 0.225962 0.539511 0.232692 0.545259 0.244231 0.546695 0.253846 0.546695 0.265385 0.543103 0.270192
0 0.762931 0.558654 0.738506 0.556731 0.734914 0.548077 0.740661 0.536538 0.747126 0.531731 0.772989 0.531731 0.776580 0.538462 0.776580 0.548077 0.771552 0.554808 0.762931 0.558654
0 0.047414 0.597115 0.040230 0.597115 0.036638 0.592308 0.036638 0.580769 0.045259 0.559615 0.053161 0.547115 0.057471 0.545192 0.063937 0.555769 0.062500 0.575000 0.056753 0.588462 0.047414 0.597115
0 0.360632 0.997115 0.326149 0.997115 0.325431 0.994231 0.344828 0.975962 0.359195 0.974038 0.365661 0.982692 0.365661 0.988462 0.360632 0.997115
0 0.456897 0.593269 0.452586 0.593269 0.447557 0.588462 0.447557 0.569231 0.468391 0.556731 0.477011 0.558654 0.480603 0.563462 0.482040 0.573077 0.469828 0.579808 0.456897 0.593269
0 0.000000 0.093269 0.002874 0.093269 0.009339 0.101923 0.013649 0.113462 0.010776 0.128846 0.000000 0.137500
0 0.998563 0.881731 0.982759 0.879808 0.971983 0.869231 0.974138 0.856731 0.988506 0.856731 0.998563 0.860577
0 0.456897 0.562500 0.454023 0.562500 0.447557 0.553846 0.448994 0.532692 0.455460 0.524038 0.464080 0.527885 0.469109 0.538462 0.464799 0.553846 0.456897 0.562500
0 0.278736 0.429808 0.270115 0.427885 0.267960 0.425000 0.267960 0.415385 0.281609 0.404808 0.286638 0.398077 0.288075 0.386538 0.293103 0.385577 0.293822 0.390385 0.289511 0.398077 0.292385 0.417308 0.285920 0.425962 0.278736 0.429808
0 0.162356 0.106731 0.155172 0.106731 0.147270 0.100000 0.147270 0.078846 0.149425 0.074038 0.169540 0.066346 0.171695 0.069231 0.170259 0.080769 0.173132 0.084615 0.173132 0.090385 0.162356 0.106731
0 0.439655 0.274038 0.428161 0.272115 0.414511 0.257692 0.410201 0.246154 0.412356 0.235577 0.422414 0.233654 0.437500 0.246154 0.441810 0.257692 0.441810 0.271154 0.439655 0.274038
0 0.959770 0.385577 0.949713 0.383654 0.946121 0.376923 0.946121 0.367308 0.952586 0.356731 0.961207 0.349038 0.968391 0.345192 0.979885 0.345192 0.993534 0.355769 0.992098 0.363462 0.985632 0.372115 0.959770 0.385577
0 0.469828 0.166346 0.458333 0.164423 0.453305 0.157692 0.453305 0.140385 0.462644 0.127885 0.479885 0.129808 0.486351 0.136538 0.483477 0.150000 0.478448 0.158654 0.469828 0.166346
0 0.704741 0.000000 0.700431 0.011538 0.693966 0.018269 0.689655 0.018269 0.683190 0.011538 0.683190 0.000000
0 0.316092 0.991346 0.301724 0.987500 0.295259 0.975000 0.298132 0.959615 0.303161 0.950962 0.308908 0.947115 0.327586 0.949038 0.331178 0.955769 0.328305 0.978846 0.316092 0.991346
0 0.162356 0.166346 0.153736 0.166346 0.150144 0.161538 0.150144 0.155769 0.158046 0.143269 0.168103 0.141346 0.173132 0.146154 0.173132 0.150000 0.162356 0.166346
0 0.314655 0.487500 0.305316 0.482692 0.302443 0.475000 0.302443 0.461538 0.310345 0.450962 0.320402 0.449038 0.326868 0.459615 0.326868 0.471154 0.323994 0.478846 0.314655 0.487500
0 0.808908 0.985577 0.795977 0.981731 0.783046 0.972115 0.772270 0.953846 0.772270 0.946154 0.775862 0.941346 0.787356 0.941346 0.804598 0.947115 0.815374 0.967308 0.815374 0.976923 0.808908 0.985577
0 0.629310 0.633654 0.616379 0.633654 0.597701 0.620192 0.599856 0.615385 0.596983 0.611538 0.596983 0.601923 0.603448 0.593269 0.612069 0.593269 0.626437 0.602885 0.634339 0.615385 0.634339 0.628846 0.629310 0.633654
0 0.000000 0.137500 0.011494 0.137500 0.019397 0.150000 0.020833 0.157692 0.014368 0.166346 0.000000 0.166346
0 0.382184 0.920192 0.370690 0.916346 0.367098 0.907692 0.367098 0.888462 0.369971 0.880769 0.377874 0.872115 0.387931 0.875962 0.392960 0.888462 0.391523 0.901923 0.382184 0.920192
0 0.044540 0.562500 0.031609 0.558654 0.026580 0.551923 0.026580 0.544231 0.031609 0.535577 0.037356 0.531731 0.048851 0.535577 0.055316 0.546154 0.044540 0.562500
0 0.541667 0.502885 0.533046 0.500962 0.528017 0.494231 0.526580 0.484615 0.517960 0.473077 0.519397 0.461538 0.524425 0.452885 0.531609 0.452885 0.556753 0.463462 0.551724 0.470192 0.540230 0.472115 0.536638 0.478846 0.541667 0.502885
0 0.317529 0.535577 0.311782 0.533654 0.308190 0.528846 0.305316 0.521154 0.305316 0.509615 0.313218 0.497115 0.324713 0.493269 0.329741 0.503846 0.328305 0.513462 0.325431 0.525000 0.317529 0.535577
0 0.260057 0.187500 0.248563 0.185577 0.237069 0.177885 0.223420 0.159615 0.221983 0.148077 0.225575 0.145192 0.239943 0.145192 0.255747 0.154808 0.265086 0.178846 0.260057 0.187500
0 0.238506 0.258654 0.228448 0.258654 0.219828 0.252885 0.209052 0.234615 0.207615 0.221154 0.216954 0.208654 0.240661 0.223077 0.240661 0.238462 0.243534 0.251923 0.238506 0.258654
0 0.890805 0.997115 0.860632 0.997115 0.855603 0.990385 0.860632 0.981731 0.876437 0.981731 0.889368 0.989423 0.890805 0.997115
0 0.160920 0.268269 0.156609 0.268269 0.147989 0.256731 0.138649 0.253846 0.140086 0.240385 0.149425 0.227885 0.158046 0.227885 0.170259 0.242308 0.167385 0.257692 0.160920 0.268269
0 0.909483 0.354808 0.902299 0.352885 0.894397 0.340385 0.890086 0.307692 0.895115 0.297115 0.906609 0.300962 0.917385 0.319231 0.917385 0.338462 0.914511 0.350000 0.909483 0.354808
0 0.181034 0.485577 0.170259 0.478846 0.168822 0.465385 0.173851 0.456731 0.186782 0.449038 0.195402 0.454808 0.200431 0.467308 0.192529 0.479808 0.181034 0.485577
0 0.142241 0.904808 0.130747 0.904808 0.119253 0.899038 0.109195 0.899038 0.100575 0.895192 0.096983 0.890385 0.102011 0.883654 0.110632 0.879808 0.139368 0.879808 0.147270 0.892308 0.147270 0.900000 0.142241 0.904808
0 0.000000 0.889423 0.008621 0.879808 0.022989 0.879808 0.029454 0.890385 0.028017 0.909615 0.020115 0.924038 0.010057 0.925962 0.000000 0.918269
0 0.853448 0.735577 0.837644 0.733654 0.828305 0.725000 0.834052 0.701923 0.840517 0.693269 0.860632 0.699038 0.865661 0.707692 0.862787 0.723077 0.853448 0.735577
0 0.897989 0.393269 0.887931 0.393269 0.873563 0.385577 0.865661 0.373077 0.867098 0.361538 0.876437 0.352885 0.887931 0.352885 0.900862 0.360577 0.910201 0.373077 0.910201 0.378846 0.903736 0.389423 0.897989 0.393269
0 0.893678 0.762500 0.885057 0.762500 0.878592 0.753846 0.878592 0.742308 0.883621 0.735577 0.895115 0.731731 0.909483 0.731731 0.918103 0.735577 0.921695 0.740385 0.918103 0.750962 0.909483 0.743269 0.900862 0.743269 0.893678 0.762500
0 0.589080 0.514423 0.581897 0.514423 0.568247 0.501923 0.568247 0.492308 0.574713 0.483654 0.583333 0.477885 0.587644 0.477885 0.596983 0.494231 0.595546 0.507692 0.589080 0.514423
0 0.785920 0.516346 0.777299 0.516346 0.768678 0.510577 0.760776 0.500000 0.757902 0.488462 0.757902 0.475000 0.767241 0.464423 0.772989 0.474038 0.787356 0.479808 0.792385 0.490385 0.792385 0.503846 0.785920 0.516346
0 0.035920 0.997115 0.018678 0.997115 0.010776 0.990385 0.010776 0.982692 0.018678 0.972115 0.031609 0.966346 0.038075 0.973077 0.039511 0.982692 0.039511 0.992308 0.035920 0.997115
0 0.856322 0.760577 0.850575 0.758654 0.845546 0.751923 0.845546 0.740385 0.849138 0.735577 0.853448 0.735577 0.862069 0.724038 0.872126 0.724038 0.871408 0.732692 0.865661 0.748077 0.856322 0.760577
0 0.093391 0.833654 0.087644 0.833654 0.078305 0.821154 0.079741 0.805769 0.084770 0.799038 0.099138 0.799038 0.105603 0.805769 0.102730 0.823077 0.099138 0.829808 0.093391 0.833654
0 0.744253 0.283654 0.734195 0.283654 0.732040 0.280769 0.733477 0.269231 0.752874 0.256731 0.758621 0.258654 0.762213 0.269231 0.748563 0.277885 0.744253 0.283654
0 0.125000 0.866346 0.118534 0.861538 0.115661 0.846154 0.111351 0.836538 0.111351 0.826923 0.122126 0.818269 0.126437 0.818269 0.130029 0.823077 0.135776 0.838462 0.135776 0.850000 0.132902 0.857692 0.125000 0.866346
0 0.044540 0.664423 0.025862 0.662500 0.022270 0.657692 0.031609 0.643269 0.040230 0.643269 0.045259 0.657692 0.044540 0.664423
0 0.089080 0.997115 0.077586 0.997115 0.071121 0.986538 0.071121 0.975000 0.080460 0.964423 0.097701 0.970192 0.104167 0.976923 0.099856 0.990385 0.089080 0.997115
0 0.423851 0.693269 0.415230 0.691346 0.405891 0.673077 0.407328 0.653846 0.413793 0.643269 0.418103 0.643269 0.431753 0.661538 0.433190 0.667308 0.431753 0.680769 0.428879 0.688462 0.423851 0.693269
0 0.295977 0.666346 0.280172 0.664423 0.275144 0.657692 0.275144 0.644231 0.283046 0.633654 0.291667 0.627885 0.303161 0.627885 0.305316 0.636538 0.305316 0.655769 0.295977 0.666346
0 0.834770 0.375962 0.811782 0.374038 0.806753 0.365385 0.806753 0.353846 0.812500 0.344231 0.816810 0.323077 0.820402 0.320192 0.829023 0.322115 0.835489 0.336538 0.838362 0.365385 0.834770 0.375962
0 0.545977 0.712500 0.537356 0.710577 0.530172 0.704808 0.528017 0.690385 0.540230 0.674038 0.553161 0.674038 0.556753 0.680769 0.556753 0.692308 0.553879 0.703846 0.545977 0.712500
0 0.958333 0.435577 0.955460 0.435577 0.953305 0.430769 0.953305 0.415385 0.959052 0.396154 0.969828 0.383654 0.979885 0.385577 0.982040 0.388462 0.982040 0.396154 0.979167 0.405769 0.969109 0.425000 0.958333 0.435577
0 0.274425 0.175962 0.264368 0.174038 0.262213 0.171154 0.257902 0.161538 0.257902 0.155769 0.261494 0.150962 0.267241 0.147115 0.277299 0.147115 0.288793 0.150962 0.295259 0.157692 0.291667 0.172115 0.274425 0.175962
0 0.352011 0.391346 0.341954 0.391346 0.338362 0.388462 0.338362 0.375000 0.341236 0.367308 0.357759 0.350962 0.377874 0.350962 0.381466 0.359615 0.374282 0.371154 0.352011 0.391346
0 0.472701 0.268269 0.465517 0.268269 0.455460 0.260577 0.447557 0.250000 0.444684 0.238462 0.444684 0.228846 0.447557 0.223077 0.464080 0.212500 0.465517 0.208654 0.471264 0.210577 0.477730 0.219231 0.484914 0.244231 0.479167 0.263462 0.472701 0.268269
0 0.136494 0.670192 0.116379 0.668269 0.115661 0.655769 0.123563 0.645192 0.139368 0.635577 0.145115 0.639423 0.153017 0.653846 0.147989 0.664423 0.136494 0.670192
0 0.500000 0.866346 0.495690 0.866346 0.489224 0.859615 0.490661 0.857692 0.487787 0.838462 0.495690 0.829808 0.502874 0.829808 0.509339 0.834615 0.507902 0.850000 0.500000 0.866346
0 0.183908 0.418269 0.175287 0.416346 0.167385 0.403846 0.167385 0.390385 0.170259 0.382692 0.175287 0.377885 0.182471 0.377885 0.193247 0.392308 0.193247 0.403846 0.190374 0.411538 0.183908 0.418269
0 0.897989 0.112500 0.887931 0.110577 0.878592 0.096154 0.880029 0.094231 0.875718 0.082692 0.875718 0.069231 0.880747 0.062500 0.885057 0.060577 0.892241 0.064423 0.903017 0.082692 0.904454 0.105769 0.897989 0.112500
0 0.534483 0.777885 0.518678 0.777885 0.500000 0.768269 0.497845 0.757692 0.500718 0.750000 0.508621 0.743269 0.520115 0.739423 0.533046 0.745192 0.538075 0.750000 0.542385 0.761538 0.540948 0.773077 0.534483 0.777885
0 0.392241 0.583654 0.380029 0.573077 0.378592 0.559615 0.385057 0.547115 0.393678 0.543269 0.403017 0.551923 0.404454 0.565385 0.392241 0.583654
0 0.422414 0.804808 0.419540 0.804808 0.411638 0.794231 0.410201 0.784615 0.413793 0.777885 0.423851 0.777885 0.431034 0.781731 0.433190 0.786538 0.433190 0.794231 0.422414 0.804808
0 0.192529 0.960577 0.181034 0.958654 0.173132 0.942308 0.173132 0.932692 0.177443 0.921154 0.183908 0.916346 0.198276 0.916346 0.203305 0.921154 0.206178 0.928846 0.204741 0.950000 0.198276 0.958654 0.192529 0.960577
0 0.683908 0.381731 0.675287 0.377885 0.665948 0.361538 0.665948 0.338462 0.672414 0.327885 0.679598 0.329808 0.684626 0.336538 0.691810 0.355769 0.691810 0.373077 0.683908 0.381731
0 0.168103 0.752885 0.159483 0.752885 0.147989 0.747115 0.144397 0.740385 0.145833 0.728846 0.155172 0.720192 0.166667 0.718269 0.182471 0.729808 0.183190 0.736538 0.180316 0.744231 0.176724 0.749038 0.168103 0.752885
0 0.000000 0.377885 0.002155 0.359615 0.008621 0.358654 0.023707 0.380769 0.023707 0.392308 0.012931 0.410577 0.002874 0.410577 0.000000 0.406731
0 0.650862 0.172115 0.642960 0.165385 0.640086 0.153846 0.640086 0.126923 0.645115 0.116346 0.653736 0.120192 0.663075 0.140385 0.663075 0.151923 0.658764 0.165385 0.650862 0.172115
0 0.274425 0.506731 0.268678 0.506731 0.258621 0.497115 0.247845 0.475000 0.249282 0.463462 0.264368 0.449038 0.270833 0.457692 0.280891 0.480769 0.280891 0.492308 0.274425 0.506731
0 0.475575 0.402885 0.466954 0.400962 0.459052 0.390385 0.457615 0.378846 0.462644 0.372115 0.474138 0.370192 0.486351 0.376923 0.486351 0.390385 0.475575 0.402885
0 0.288793 0.566346 0.270115 0.566346 0.267960 0.563462 0.267960 0.551923 0.272989 0.539423 0.285920 0.535577 0.296695 0.544231 0.298132 0.551923 0.288793 0.566346
0 0.057471 0.081731 0.037356 0.079808 0.028017 0.069231 0.022270 0.057692 0.023707 0.050000 0.028736 0.043269 0.043103 0.043269 0.056034 0.050962 0.065374 0.067308 0.063937 0.075000 0.057471 0.081731
0 0.639368 0.439423 0.630747 0.439423 0.625718 0.430769 0.625718 0.384615 0.632184 0.372115 0.645115 0.374038 0.650144 0.384615 0.647270 0.423077 0.639368 0.439423
0 0.969828 0.700962 0.949713 0.697115 0.936782 0.689423 0.930316 0.678846 0.930316 0.669231 0.935345 0.662500 0.958333 0.664423 0.966236 0.673077 0.973420 0.688462 0.969828 0.700962
0 0.028736 0.477885 0.023707 0.475000 0.012213 0.451923 0.012213 0.436538 0.015805 0.429808 0.027299 0.429808 0.035201 0.442308 0.036638 0.463462 0.035201 0.471154 0.028736 0.477885
0 0.244253 0.935577 0.227011 0.935577 0.222701 0.931731 0.210489 0.915385 0.209052 0.903846 0.215517 0.899038 0.229885 0.899038 0.244253 0.904808 0.252155 0.917308 0.252155 0.925000 0.244253 0.935577
0 0.000000 0.433654 0.006466 0.442308 0.005029 0.455769 0.000000 0.460577
0 0.206897 0.279808 0.198276 0.277885 0.191810 0.269231 0.193247 0.255769 0.199713 0.249038 0.209770 0.250962 0.216236 0.259615 0.213362 0.271154 0.206897 0.279808
0 0.303161 0.324038 0.297414 0.324038 0.282328 0.311538 0.279454 0.300000 0.280172 0.285577 0.285920 0.281731 0.298851 0.289423 0.307471 0.289423 0.311063 0.294231 0.313937 0.301923 0.312500 0.313462 0.303161 0.324038
0 0.619253 0.997115 0.593391 0.997115 0.591236 0.992308 0.596983 0.980769 0.604885 0.974038 0.620690 0.974038 0.627155 0.980769 0.627155 0.984615 0.624282 0.992308 0.619253 0.997115
0 0.329023 0.156731 0.304598 0.156731 0.299569 0.151923 0.299569 0.142308 0.307471 0.129808 0.316092 0.131731 0.330460 0.141346 0.335489 0.148077 0.329023 0.156731
0 0.383621 0.662500 0.376437 0.662500 0.371408 0.655769 0.365661 0.636538 0.367098 0.625000 0.376437 0.612500 0.383621 0.616346 0.394397 0.634615 0.394397 0.646154 0.390086 0.657692 0.383621 0.662500
0 0.158046 0.191346 0.150862 0.189423 0.141523 0.178846 0.141523 0.161538 0.134339 0.148077 0.136494 0.145192 0.142241 0.145192 0.145115 0.141346 0.155891 0.144231 0.150144 0.155769 0.150144 0.161538 0.153736 0.166346 0.163075 0.167308 0.163075 0.180769 0.158046 0.191346
0 0.076149 0.356731 0.066092 0.352885 0.059626 0.338462 0.059626 0.328846 0.067529 0.314423 0.073276 0.314423 0.082615 0.330769 0.082615 0.348077 0.076149 0.356731
0 0.623563 0.477885 0.612069 0.475962 0.607040 0.471154 0.602730 0.459615 0.602730 0.438462 0.605603 0.428846 0.612069 0.420192 0.619253 0.420192 0.627155 0.438462 0.627155 0.471154 0.623563 0.477885
0 0.237069 0.710577 0.225575 0.708654 0.216236 0.696154 0.216236 0.686538 0.234195 0.675962 0.243534 0.692308 0.243534 0.700000 0.237069 0.710577
0 0.248563 0.431731 0.241379 0.431731 0.239224 0.428846 0.239224 0.417308 0.250000 0.397115 0.260057 0.395192 0.257902 0.411538 0.263649 0.415385 0.248563 0.431731
0 0.557471 0.431731 0.545977 0.431731 0.540948 0.426923 0.540948 0.421154 0.547414 0.412500 0.558908 0.412500 0.561063 0.426923 0.557471 0.431731
0 0.515805 0.727885 0.505747 0.727885 0.500000 0.724038 0.494971 0.715385 0.492098 0.698077 0.497126 0.687500 0.520115 0.693269 0.528017 0.701923 0.526580 0.717308 0.515805 0.727885
0 0.794540 0.327885 0.785920 0.327885 0.782328 0.323077 0.779454 0.313462 0.782328 0.296154 0.801724 0.281731 0.814655 0.281731 0.818247 0.288462 0.818247 0.303846 0.807471 0.320192 0.794540 0.327885
0 0.636494 0.925962 0.622126 0.922115 0.618534 0.917308 0.619971 0.907692 0.637931 0.891346 0.652299 0.891346 0.655891 0.896154 0.655891 0.903846 0.651580 0.913462 0.646552 0.920192 0.636494 0.925962
0 0.514368 0.952885 0.508621 0.952885 0.499282 0.944231 0.499282 0.934615 0.504310 0.927885 0.516523 0.928846 0.517960 0.948077 0.514368 0.952885
0 0.281609 0.137500 0.268678 0.135577 0.252874 0.127885 0.249282 0.123077 0.252155 0.101923 0.262931 0.100962 0.283046 0.114423 0.286638 0.121154 0.286638 0.128846 0.281609 0.137500
0 0.373563 0.799038 0.366379 0.799038 0.355603 0.788462 0.355603 0.780769 0.351293 0.773077 0.352730 0.765385 0.356322 0.760577 0.363506 0.756731 0.372126 0.756731 0.380747 0.758654 0.387213 0.767308 0.388649 0.782692 0.385776 0.790385 0.373563 0.799038
0 0.784483 0.293269 0.778736 0.291346 0.772270 0.280769 0.772270 0.267308 0.778736 0.254808 0.803161 0.254808 0.812500 0.261538 0.815374 0.275000 0.811782 0.279808 0.801724 0.281731 0.784483 0.293269
0 0.541667 0.318269 0.528736 0.316346 0.519397 0.303846 0.516523 0.296154 0.516523 0.284615 0.522989 0.274038 0.535920 0.272115 0.541667 0.275962 0.552443 0.290385 0.553879 0.303846 0.548851 0.312500 0.541667 0.318269
0 0.205460 0.454808 0.198276 0.454808 0.192529 0.450962 0.186063 0.440385 0.187500 0.428846 0.193966 0.412500 0.199713 0.412500 0.210489 0.423077 0.211925 0.446154 0.205460 0.454808
0 0.316092 0.702885 0.301724 0.702885 0.290948 0.694231 0.290948 0.684615 0.295977 0.674038 0.316092 0.672115 0.325431 0.678846 0.323994 0.696154 0.316092 0.702885
0 0.000000 0.850962 0.011494 0.839423 0.018678 0.839423 0.032328 0.855769 0.032328 0.865385 0.025862 0.874038 0.015805 0.879808 0.008621 0.879808 0.000000 0.874038
0 0.146552 0.393269 0.142241 0.393269 0.138649 0.388462 0.135776 0.371154 0.131466 0.363462 0.134339 0.346154 0.143678 0.335577 0.150862 0.337500 0.158764 0.351923 0.154454 0.375000 0.146552 0.393269
0 0.488506 0.860577 0.478448 0.860577 0.473420 0.855769 0.474138 0.837500 0.481322 0.835577 0.487787 0.838462 0.490661 0.857692 0.488506 0.860577
0 0.553161 0.502885 0.541667 0.499038 0.538075 0.492308 0.536638 0.478846 0.543103 0.470192 0.553161 0.468269 0.562500 0.480769 0.562500 0.494231 0.553161 0.502885
0 0.000000 0.760577 0.010057 0.762500 0.017960 0.776923 0.015086 0.788462 0.008621 0.799038 0.000000 0.799038
0 0.362069 0.649038 0.349138 0.647115 0.332615 0.628846 0.331178 0.613462 0.337644 0.600962 0.349138 0.600962 0.358477 0.609615 0.365661 0.628846 0.365661 0.642308 0.362069 0.649038
0 0.764368 0.602885 0.750000 0.602885 0.743534 0.596154 0.746408 0.582692 0.757184 0.568269 0.770115 0.562500 0.783046 0.562500 0.793822 0.569231 0.792385 0.580769 0.785920 0.591346 0.764368 0.602885
0 0.119253 0.429808 0.106322 0.425962 0.094109 0.407692 0.089799 0.388462 0.096264 0.375962 0.104885 0.374038 0.118534 0.394231 0.124282 0.413462 0.122845 0.425000 0.119253 0.429808
0 0.000000 0.722115 0.007184 0.714423 0.009339 0.717308 0.010776 0.730769 0.000000 0.752885
0 0.801724 0.122115 0.793103 0.122115 0.788075 0.115385 0.785201 0.105769 0.785201 0.084615 0.797414 0.068269 0.808908 0.066346 0.816810 0.073077 0.816810 0.094231 0.801724 0.122115
0 0.402299 0.949038 0.396552 0.947115 0.391523 0.936538 0.394397 0.917308 0.405172 0.906731 0.415230 0.906731 0.421695 0.917308 0.423132 0.934615 0.419540 0.937500 0.410920 0.937500 0.402299 0.949038
0 0.449713 0.464423 0.435345 0.462500 0.430316 0.450000 0.433190 0.425000 0.442529 0.416346 0.456178 0.430769 0.459052 0.440385 0.457615 0.453846 0.449713 0.464423
0 0.979885 0.995192 0.974138 0.995192 0.966954 0.989423 0.953305 0.971154 0.953305 0.957692 0.964080 0.947115 0.972701 0.949038 0.977730 0.953846 0.980603 0.961538 0.982040 0.990385 0.979885 0.995192
0 0.583333 0.224038 0.568966 0.220192 0.556753 0.207692 0.553879 0.192308 0.557471 0.185577 0.570402 0.185577 0.585489 0.192308 0.589799 0.201923 0.589799 0.213462 0.583333 0.224038
0 0.248563 0.320192 0.242816 0.320192 0.237787 0.313462 0.236351 0.305769 0.236351 0.290385 0.242816 0.277885 0.251437 0.277885 0.257902 0.290385 0.255029 0.309615 0.248563 0.320192
0 0.155172 0.875962 0.149425 0.874038 0.142960 0.863462 0.142960 0.848077 0.146552 0.841346 0.156609 0.843269 0.164511 0.853846 0.164511 0.863462 0.155172 0.875962
0 0.465517 0.412500 0.449713 0.408654 0.441810 0.400000 0.441810 0.382692 0.446121 0.373077 0.452586 0.366346 0.459052 0.371154 0.459052 0.390385 0.469109 0.401923 0.465517 0.412500
