0 0.917969 0.603516 0.894531 0.603516 0.876953 0.578125 0.876953 0.550781 0.902344 0.525391 0.937500 0.533203 0.947266 0.550781 0.947266 0.582031 0.917969 0.603516
0 0.343750 0.455078 0.312500 0.455078 0.287109 0.441406 0.287109 0.410156 0.304688 0.388672 0.324219 0.384766 0.347656 0.392578 0.357422 0.402344 0.365234 0.433594 0.343750 0.455078
0 0.726562 0.638672 0.695312 0.638672 0.689453 0.621094 0.695312 0.615234 0.718750 0.615234 0.732422 0.625000 0.726562 0.638672
0 0.996094 0.232422 0.980469 0.232422 0.964844 0.216797 0.960938 0.220703 0.955078 0.199219 0.958984 0.179688 0.972656 0.166016 0.996094 0.166016
0 0.066406 0.748047 0.054688 0.748047 0.029297 0.730469 0.029297 0.707031 0.035156 0.701172 0.062500 0.697266 0.066406 0.705078 0.076172 0.707031 0.083984 0.722656 0.066406 0.748047
0 0.589844 0.150391 0.583984 0.125000 0.593750 0.115234 0.605469 0.115234 0.615234 0.125000 0.615234 0.136719 0.605469 0.146484 0.589844 0.150391
0 0.320312 0.970703 0.296875 0.970703 0.283203 0.957031 0.287109 0.933594 0.308594 0.919922 0.316406 0.919922 0.337891 0.941406 0.337891 0.953125 0.320312 0.970703
0 0.763672 0.996094 0.767578 0.980469 0.781250 0.966797 0.798828 0.972656 0.810547 0.984375 0.810547 0.996094
0 0.199219 0.736328 0.187500 0.736328 0.150391 0.703125 0.150391 0.687500 0.164062 0.669922 0.187500 0.666016 0.201172 0.675781 0.208984 0.726562 0.199219 0.736328
0 0.460938 0.376953 0.437500 0.376953 0.423828 0.367188 0.416016 0.328125 0.429688 0.310547 0.449219 0.306641 0.462891 0.316406 0.464844 0.326172 0.472656 0.322266 0.478516 0.332031 0.474609 0.363281 0.460938 0.376953
0 0.679688 0.599609 0.656250 0.595703 0.638672 0.574219 0.638672 0.554688 0.664062 0.537109 0.691406 0.537109 0.708984 0.558594 0.705078 0.582031 0.679688 0.599609
0 0.160156 0.291016 0.136719 0.287109 0.126953 0.277344 0.123047 0.242188 0.140625 0.220703 0.164062 0.220703 0.179688 0.228516 0.193359 0.250000 0.189453 0.281250 0.160156 0.291016
0 0.566406 0.935547 0.539062 0.935547 0.525391 0.917969 0.525391 0.894531 0.550781 0.869141 0.570312 0.873047 0.583984 0.894531 0.580078 0.921875 0.566406 0.935547
0 0.976562 0.474609 0.953125 0.474609 0.931641 0.457031 0.927734 0.437500 0.941406 0.416016 0.964844 0.412109 0.990234 0.429688 0.994141 0.457031 0.976562 0.474609
0 0.734375 0.650391 0.699219 0.650391 0.693359 0.640625 0.726562 0.638672 0.734375 0.630859 0.740234 0.636719 0.734375 0.650391
0 0.718750 0.767578 0.697266 0.753906 0.697266 0.734375 0.707031 0.724609 0.730469 0.720703 0.740234 0.734375 0.740234 0.753906 0.718750 0.767578
0 0.187500 0.908203 0.152344 0.904297 0.134766 0.878906 0.138672 0.851562 0.167969 0.830078 0.191406 0.830078 0.208984 0.859375 0.205078 0.894531 0.199219 0.904297 0.187500 0.908203
0 0.353516 0.996094 0.353516 0.968750 0.375000 0.951172 0.414062 0.958984 0.427734 0.980469 0.423828 0.996094
0 0.570312 0.513672 0.554688 0.513672 0.541016 0.503906 0.533203 0.472656 0.554688 0.443359 0.582031 0.439453 0.603516 0.457031 0.607422 0.480469 0.570312 0.513672
0 0.000000 0.373047 0.019531 0.349609 0.042969 0.349609 0.048828 0.359375 0.046875 0.392578 0.019531 0.404297 0.000000 0.400391
0 0.382812 0.669922 0.339844 0.669922 0.326172 0.656250 0.318359 0.640625 0.318359 0.617188 0.328125 0.603516 0.339844 0.595703 0.363281 0.595703 0.388672 0.613281 0.396484 0.628906 0.396484 0.648438 0.382812 0.669922
0 0.089844 0.701172 0.074219 0.701172 0.062500 0.689453 0.054688 0.689453 0.044922 0.675781 0.044922 0.664062 0.058594 0.658203 0.074219 0.669922 0.089844 0.669922 0.095703 0.675781 0.095703 0.695312 0.089844 0.701172
0 0.535156 0.951172 0.521484 0.945312 0.527344 0.931641 0.541016 0.937500 0.535156 0.951172
