0 0.757184 0.212500 0.744971 0.192308 0.744971 0.175000 0.755747 0.160577 0.772989 0.160577 0.780891 0.171154 0.780891 0.186538 0.770115 0.204808 0.757184 0.212500
0 0.320402 0.272115 0.307471 0.272115 0.298132 0.261538 0.288075 0.234615 0.288075 0.217308 0.293103 0.210577 0.306034 0.210577 0.322557 0.226923 0.328305 0.242308 0.328305 0.259615 0.326868 0.265385 0.320402 0.272115
0 0.116379 0.725962 0.103448 0.725962 0.081178 0.705769 0.072557 0.684615 0.073994 0.667308 0.080460 0.658654 0.094828 0.658654 0.114224 0.682692 0.122845 0.703846 0.122845 0.717308 0.116379 0.725962
0 0.047414 0.343269 0.039511 0.336538 0.039511 0.321154 0.042385 0.307692 0.053879 0.276923 0.063218 0.268269 0.067529 0.268269 0.071121 0.273077 0.072557 0.280769 0.071121 0.301923 0.065374 0.309615 0.058190 0.328846 0.047414 0.343269
0 0.136494 0.941346 0.129310 0.941346 0.124282 0.934615 0.117098 0.900000 0.121408 0.865385 0.129310 0.854808 0.135057 0.852885 0.143678 0.856731 0.147270 0.861538 0.154454 0.884615 0.153017 0.911538 0.147270 0.928846 0.136494 0.941346
0 0.685345 0.352885 0.673851 0.350962 0.668822 0.342308 0.664511 0.326923 0.665948 0.305769 0.672414 0.295192 0.676724 0.293269 0.687500 0.301923 0.693247 0.317308 0.693247 0.338462 0.690374 0.348077 0.685345 0.352885
0 0.143678 0.550962 0.125000 0.543269 0.117098 0.532692 0.117098 0.513462 0.129310 0.499038 0.147989 0.485577 0.172414 0.477885 0.183908 0.481731 0.188937 0.488462 0.191810 0.498077 0.187500 0.519231 0.169540 0.543269 0.159483 0.549038 0.143678 0.550962
0 0.887931 0.270192 0.872126 0.268269 0.865661 0.255769 0.867098 0.242308 0.875000 0.229808 0.895115 0.216346 0.905172 0.216346 0.910920 0.220192 0.915948 0.226923 0.918822 0.238462 0.914511 0.257692 0.906609 0.266346 0.887931 0.270192
0 0.729885 0.208654 0.718391 0.208654 0.712644 0.204808 0.706178 0.192308 0.709052 0.169231 0.718391 0.160577 0.732759 0.162500 0.739224 0.176923 0.737787 0.194231 0.729885 0.208654
0 0.578305 0.998077 0.582615 0.982692 0.586207 0.977885 0.596264 0.974038 0.609195 0.979808 0.617098 0.990385 0.618534 0.998077
0 0.741379 0.483654 0.738506 0.483654 0.727730 0.469231 0.721983 0.446154 0.721983 0.438462 0.729885 0.427885 0.735632 0.427885 0.742816 0.435577 0.751437 0.435577 0.757902 0.444231 0.757902 0.451923 0.750718 0.471154 0.741379 0.483654
0 0.762931 0.747115 0.753592 0.746154 0.757184 0.731731 0.763649 0.732692 0.765086 0.742308 0.762931 0.747115
0 0.397989 0.379808 0.390805 0.379808 0.387213 0.375000 0.390086 0.351923 0.405172 0.329808 0.415230 0.329808 0.417385 0.332692 0.417385 0.350000 0.405891 0.361538 0.397989 0.379808
0 0.538793 0.608654 0.527299 0.608654 0.521552 0.604808 0.513649 0.592308 0.515086 0.567308 0.521552 0.556731 0.527299 0.552885 0.537356 0.554808 0.546695 0.569231 0.548132 0.590385 0.538793 0.608654
0 0.723420 0.000000 0.721983 0.015385 0.711207 0.025962 0.704023 0.025962 0.697557 0.019231 0.696121 0.007692 0.700431 0.000000
0 0.721264 0.760577 0.714080 0.758654 0.707615 0.750000 0.701868 0.730769 0.701868 0.723077 0.718391 0.710577 0.728448 0.710577 0.742098 0.725000 0.743534 0.736538 0.731322 0.747115 0.721264 0.760577
0 0.059626 0.000000 0.045977 0.020192 0.030172 0.027885 0.011494 0.027885 0.004310 0.024038 0.000718 0.017308 0.000718 0.005769 0.005029 0.000000
0 0.491379 0.500962 0.482759 0.500962 0.477011 0.497115 0.471983 0.488462 0.470546 0.476923 0.471983 0.467308 0.480603 0.448077 0.489943 0.439423 0.494253 0.439423 0.502155 0.448077 0.506466 0.461538 0.506466 0.476923 0.500718 0.490385 0.491379 0.500962
0 0.748563 0.802885 0.731322 0.797115 0.726293 0.790385 0.721983 0.776923 0.721983 0.759615 0.741379 0.737500 0.744253 0.737500 0.750718 0.750000 0.752155 0.798077 0.748563 0.802885
0 0.567529 0.404808 0.560345 0.404808 0.554598 0.399038 0.544540 0.395192 0.536638 0.384615 0.535201 0.373077 0.528017 0.357692 0.528017 0.346154 0.535920 0.333654 0.547414 0.329808 0.556034 0.333654 0.561063 0.340385 0.562500 0.373077 0.571121 0.382692 0.573994 0.392308 0.567529 0.404808
0 0.496408 0.000000 0.496408 0.003846 0.478448 0.027885 0.466954 0.037500 0.464080 0.037500 0.453305 0.025000 0.453305 0.015385 0.456178 0.007692 0.463362 0.000000
0 0.541667 0.833654 0.533046 0.833654 0.528017 0.826923 0.525144 0.817308 0.526580 0.767308 0.533046 0.756731 0.538793 0.756731 0.545259 0.765385 0.552443 0.796154 0.551006 0.821154 0.541667 0.833654
0 0.568966 0.191346 0.564655 0.191346 0.556753 0.184615 0.548132 0.157692 0.549569 0.125000 0.560345 0.116346 0.567529 0.118269 0.573994 0.125000 0.581178 0.146154 0.581178 0.165385 0.578305 0.180769 0.568966 0.191346
0 0.520115 0.950962 0.507184 0.949038 0.493534 0.932692 0.487787 0.917308 0.487787 0.905769 0.491379 0.899038 0.502874 0.899038 0.522270 0.925000 0.525144 0.932692 0.525144 0.944231 0.520115 0.950962
0 0.696839 0.127885 0.682471 0.120192 0.673132 0.101923 0.674569 0.084615 0.686782 0.068269 0.702586 0.072115 0.710489 0.088462 0.709052 0.117308 0.702586 0.125962 0.696839 0.127885
0 0.000000 0.950962 0.017241 0.952885 0.028736 0.962500 0.045259 0.982692 0.051006 0.998077
0 0.768678 0.085577 0.757184 0.081731 0.752155 0.075000 0.746408 0.057692 0.746408 0.038462 0.755747 0.027885 0.764368 0.027885 0.770115 0.031731 0.779454 0.048077 0.779454 0.075000 0.768678 0.085577
0 0.560345 0.933654 0.551724 0.933654 0.546695 0.925000 0.548132 0.903846 0.567529 0.881731 0.573276 0.877885 0.581897 0.879808 0.586925 0.890385 0.584052 0.905769 0.571839 0.924038 0.560345 0.933654
0 0.269397 0.998077 0.263649 0.984615 0.265086 0.957692 0.270833 0.942308 0.278736 0.931731 0.283046 0.929808 0.297414 0.935577 0.305316 0.946154 0.321121 0.982692 0.322557 0.998077
0 0.922414 0.691346 0.908046 0.689423 0.898707 0.675000 0.897270 0.651923 0.900144 0.642308 0.908046 0.635577 0.916667 0.637500 0.926006 0.650000 0.931753 0.663462 0.931753 0.678846 0.922414 0.691346
0 0.906609 0.566346 0.890805 0.562500 0.874282 0.540385 0.868534 0.523077 0.868534 0.511538 0.876437 0.499038 0.887931 0.497115 0.900862 0.502885 0.915948 0.526923 0.918822 0.536538 0.918822 0.550000 0.917385 0.555769 0.906609 0.566346
0 0.668103 0.775962 0.656609 0.775962 0.650144 0.765385 0.650144 0.757692 0.659483 0.739423 0.665230 0.735577 0.673851 0.735577 0.681753 0.744231 0.683190 0.757692 0.676724 0.770192 0.668103 0.775962
0 0.198276 0.777885 0.192529 0.777885 0.184626 0.771154 0.174569 0.750000 0.168822 0.728846 0.167385 0.707692 0.171695 0.694231 0.176724 0.689423 0.186782 0.691346 0.200431 0.709615 0.204741 0.723077 0.207615 0.738462 0.207615 0.761538 0.204741 0.771154 0.198276 0.777885
0 0.670977 0.820192 0.662356 0.820192 0.654454 0.811538 0.654454 0.794231 0.660920 0.785577 0.672414 0.777885 0.688218 0.777885 0.696121 0.788462 0.696121 0.800000 0.688218 0.810577 0.670977 0.820192
0 0.188218 0.402885 0.176724 0.400962 0.171695 0.394231 0.170259 0.382692 0.173132 0.378846 0.174569 0.359615 0.180316 0.348077 0.189655 0.341346 0.198276 0.341346 0.209052 0.353846 0.210489 0.373077 0.203305 0.392308 0.199713 0.397115 0.188218 0.402885
0 0.311782 0.591346 0.304598 0.591346 0.295977 0.585577 0.283764 0.563462 0.280891 0.548077 0.282328 0.536538 0.290230 0.527885 0.298851 0.527885 0.306034 0.533654 0.318247 0.559615 0.319684 0.578846 0.311782 0.591346
0 0.271552 0.477885 0.260057 0.477885 0.253592 0.471154 0.252155 0.465385 0.255029 0.448077 0.267241 0.427885 0.277299 0.429808 0.288075 0.451923 0.286638 0.467308 0.281609 0.474038 0.271552 0.477885
0 0.774425 0.762500 0.767241 0.762500 0.765086 0.757692 0.766523 0.750000 0.771552 0.743269 0.779454 0.748077 0.774425 0.762500
0 0.080460 0.841346 0.073276 0.841346 0.063937 0.830769 0.062500 0.807692 0.065374 0.788462 0.069684 0.778846 0.074713 0.772115 0.083333 0.770192 0.089080 0.774038 0.095546 0.784615 0.096983 0.811538 0.092672 0.826923 0.080460 0.841346
0 0.433908 0.104808 0.423851 0.104808 0.415948 0.092308 0.415948 0.082692 0.418822 0.078846 0.421695 0.065385 0.431753 0.046154 0.443966 0.029808 0.454023 0.025962 0.464799 0.038462 0.464799 0.050000 0.444684 0.080769 0.438937 0.100000 0.433908 0.104808
0 0.836207 0.135577 0.825431 0.130769 0.822557 0.123077 0.822557 0.109615 0.828305 0.096154 0.834770 0.089423 0.847701 0.087500 0.854167 0.098077 0.854167 0.111538 0.851293 0.119231 0.840517 0.133654 0.836207 0.135577
0 0.679598 0.862500 0.668103 0.862500 0.662356 0.858654 0.658764 0.853846 0.660201 0.838462 0.666667 0.829808 0.676724 0.824038 0.689655 0.818269 0.699713 0.820192 0.706178 0.832692 0.704741 0.844231 0.695402 0.854808 0.679598 0.862500
0 0.227011 0.237500 0.201149 0.233654 0.191810 0.223077 0.187500 0.207692 0.187500 0.196154 0.191092 0.185577 0.209770 0.185577 0.222701 0.193269 0.234914 0.205769 0.239224 0.215385 0.239224 0.226923 0.227011 0.237500
0 0.067529 0.139423 0.045977 0.137500 0.028736 0.124038 0.023707 0.115385 0.023707 0.100000 0.026580 0.094231 0.038793 0.087500 0.048851 0.087500 0.071839 0.099038 0.076868 0.105769 0.079741 0.123077 0.074713 0.133654 0.067529 0.139423
0 0.337644 0.631731 0.321839 0.631731 0.313937 0.625000 0.311063 0.603846 0.323276 0.587500 0.330460 0.585577 0.341954 0.591346 0.352730 0.605769 0.352730 0.621154 0.347701 0.627885 0.337644 0.631731
0 0.160920 0.122115 0.146552 0.122115 0.133621 0.112500 0.121408 0.096154 0.118534 0.078846 0.125000 0.066346 0.139368 0.064423 0.158764 0.082692 0.168822 0.103846 0.168822 0.113462 0.160920 0.122115
0 0.294540 0.675962 0.278736 0.672115 0.265086 0.655769 0.262213 0.648077 0.262213 0.642308 0.265805 0.635577 0.275862 0.633654 0.287356 0.614423 0.300287 0.616346 0.309626 0.626923 0.313937 0.640385 0.313937 0.650000 0.308190 0.665385 0.303161 0.672115 0.294540 0.675962
0 0.834052 0.000000 0.836925 0.017308 0.835489 0.023077 0.829023 0.027885 0.814655 0.025962 0.792385 0.000000
0 0.438218 0.335577 0.432471 0.335577 0.427443 0.328846 0.426006 0.311538 0.430316 0.294231 0.433190 0.286538 0.442529 0.275962 0.455460 0.277885 0.467672 0.290385 0.469109 0.307692 0.461207 0.318269 0.438218 0.335577
0 0.705460 0.422115 0.688218 0.420192 0.677443 0.405769 0.677443 0.394231 0.685345 0.377885 0.698276 0.379808 0.713362 0.396154 0.714799 0.409615 0.705460 0.422115
0 0.094109 0.998077 0.092672 0.967308 0.095546 0.953846 0.102011 0.945192 0.110632 0.945192 0.117098 0.953846 0.122845 0.982692 0.122845 0.998077
0 0.974138 0.102885 0.956897 0.102885 0.951149 0.099038 0.944684 0.090385 0.943247 0.078846 0.946121 0.069231 0.958333 0.052885 0.964080 0.049038 0.984195 0.045192 0.993534 0.055769 0.992098 0.078846 0.987787 0.090385 0.974138 0.102885
0 0.247126 0.872115 0.238506 0.872115 0.232759 0.868269 0.224856 0.855769 0.219109 0.830769 0.219109 0.805769 0.220546 0.800000 0.228448 0.789423 0.237069 0.785577 0.248563 0.774038 0.258621 0.774038 0.267960 0.790385 0.272270 0.819231 0.265086 0.851923 0.255747 0.866346 0.247126 0.872115
0 0.360632 0.762500 0.352011 0.760577 0.345546 0.753846 0.339799 0.736538 0.339799 0.721154 0.347701 0.702885 0.364943 0.697115 0.375718 0.709615 0.377155 0.726923 0.369971 0.751923 0.360632 0.762500
0 0.794540 0.533654 0.783046 0.531731 0.778017 0.525000 0.776580 0.505769 0.787356 0.487500 0.794540 0.483654 0.803161 0.483654 0.812500 0.494231 0.813937 0.507692 0.808190 0.525000 0.794540 0.533654
0 0.706897 0.483654 0.699713 0.483654 0.697557 0.480769 0.690374 0.459615 0.690374 0.451923 0.693966 0.445192 0.716954 0.435577 0.721983 0.442308 0.729167 0.471154 0.706897 0.483654
0 0.234195 0.085577 0.222701 0.085577 0.216954 0.081731 0.203305 0.063462 0.197557 0.050000 0.197557 0.032692 0.204023 0.024038 0.216954 0.024038 0.228448 0.035577 0.237787 0.050000 0.242098 0.061538 0.242098 0.076923 0.234195 0.085577
0 0.349138 0.377885 0.339080 0.377885 0.334052 0.371154 0.332615 0.361538 0.339799 0.336538 0.346264 0.327885 0.357759 0.324038 0.365661 0.334615 0.365661 0.355769 0.361351 0.367308 0.349138 0.377885
0 0.022989 0.274038 0.015805 0.274038 0.010776 0.263462 0.013649 0.213462 0.020115 0.202885 0.025862 0.202885 0.032328 0.211538 0.035201 0.223077 0.033764 0.253846 0.030891 0.263462 0.022989 0.274038
0 0.390805 0.510577 0.373563 0.508654 0.366379 0.504808 0.352730 0.490385 0.346983 0.476923 0.346983 0.463462 0.353448 0.450962 0.366379 0.443269 0.375000 0.443269 0.382184 0.449038 0.386494 0.449038 0.400144 0.465385 0.404454 0.473077 0.405891 0.482692 0.404454 0.494231 0.397989 0.506731 0.390805 0.510577
0 0.728448 0.827885 0.719828 0.827885 0.713362 0.817308 0.714799 0.801923 0.727011 0.793269 0.737069 0.799038 0.742098 0.805769 0.742098 0.813462 0.728448 0.827885
0 0.122126 0.289423 0.107759 0.283654 0.096983 0.265385 0.096983 0.226923 0.107759 0.218269 0.119253 0.222115 0.127155 0.232692 0.132902 0.250000 0.132902 0.275000 0.122126 0.289423
0 0.658046 0.131731 0.647989 0.129808 0.641523 0.121154 0.638649 0.109615 0.640086 0.088462 0.645115 0.079808 0.649425 0.077885 0.655172 0.079808 0.661638 0.088462 0.663075 0.096154 0.664511 0.121154 0.658046 0.131731
0 0.587644 0.527885 0.576149 0.527885 0.568966 0.522115 0.562500 0.511538 0.556753 0.494231 0.556753 0.486538 0.564655 0.472115 0.580460 0.470192 0.589080 0.475962 0.594109 0.484615 0.598420 0.505769 0.594109 0.521154 0.587644 0.527885
0 0.537356 0.237500 0.527299 0.233654 0.519397 0.223077 0.516523 0.213462 0.517960 0.184615 0.530172 0.168269 0.540230 0.170192 0.549569 0.182692 0.553879 0.207692 0.549569 0.228846 0.537356 0.237500
0 0.362069 0.979808 0.339080 0.977885 0.333333 0.974038 0.318247 0.953846 0.313937 0.936538 0.313937 0.926923 0.315374 0.915385 0.324713 0.900962 0.333333 0.897115 0.344828 0.899038 0.360632 0.912500 0.377155 0.934615 0.381466 0.948077 0.381466 0.955769 0.367816 0.975962 0.362069 0.979808
0 0.418103 0.625962 0.410920 0.624038 0.405891 0.617308 0.404454 0.601923 0.414511 0.584615 0.423851 0.575962 0.431034 0.572115 0.443966 0.572115 0.451149 0.575962 0.454741 0.584615 0.460489 0.590385 0.463362 0.605769 0.461925 0.613462 0.456897 0.620192 0.451149 0.624038 0.423851 0.622115 0.418103 0.625962
