0 0.484375 0.986328 0.453125 0.982422 0.443359 0.972656 0.443359 0.953125 0.464844 0.939453 0.492188 0.943359 0.501953 0.953125 0.501953 0.964844 0.484375 0.986328
0 0.378906 0.755859 0.359375 0.755859 0.337891 0.734375 0.337891 0.718750 0.351562 0.705078 0.375000 0.705078 0.384766 0.714844 0.392578 0.738281 0.378906 0.755859
0 0.882812 0.330078 0.871094 0.326172 0.849609 0.300781 0.845703 0.277344 0.859375 0.263672 0.875000 0.267578 0.896484 0.292969 0.896484 0.320312 0.882812 0.330078
0 0.820312 0.119141 0.796875 0.115234 0.783203 0.097656 0.783203 0.066406 0.792969 0.056641 0.808594 0.060547 0.830078 0.089844 0.830078 0.109375 0.820312 0.119141
0 0.589844 0.232422 0.562500 0.228516 0.552734 0.210938 0.562500 0.201172 0.585938 0.205078 0.595703 0.214844 0.589844 0.232422
0 0.740234 0.996094 0.740234 0.968750 0.761719 0.943359 0.773438 0.947266 0.783203 0.960938 0.783203 0.980469 0.775391 0.996094
0 0.667969 0.685547 0.628906 0.681641 0.615234 0.667969 0.615234 0.652344 0.644531 0.630859 0.679688 0.634766 0.697266 0.660156 0.679688 0.681641 0.667969 0.685547
0 0.613281 0.197266 0.593750 0.197266 0.566406 0.185547 0.556641 0.171875 0.560547 0.160156 0.574219 0.150391 0.609375 0.154297 0.623047 0.171875 0.623047 0.187500 0.613281 0.197266
0 0.410156 0.337891 0.375000 0.333984 0.365234 0.324219 0.365234 0.304688 0.390625 0.287109 0.417969 0.291016 0.423828 0.296875 0.423828 0.324219 0.410156 0.337891
0 0.421875 0.849609 0.382812 0.841797 0.376953 0.835938 0.376953 0.820312 0.382812 0.814453 0.425781 0.814453 0.435547 0.824219 0.435547 0.835938 0.421875 0.849609
0 0.394531 0.240234 0.375000 0.240234 0.369141 0.234375 0.357422 0.218750 0.363281 0.201172 0.406250 0.197266 0.416016 0.207031 0.419922 0.222656 0.394531 0.240234
0 0.285156 0.595703 0.250000 0.591797 0.232422 0.570312 0.236328 0.558594 0.242188 0.552734 0.289062 0.556641 0.298828 0.578125 0.285156 0.595703
