0 0.241379 0.708654 0.234195 0.708654 0.224856 0.696154 0.226293 0.688462 0.230603 0.682692 0.230603 0.676923 0.222701 0.674038 0.216236 0.667308 0.216236 0.659615 0.220546 0.648077 0.232759 0.641346 0.247126 0.641346 0.254310 0.645192 0.259339 0.651923 0.259339 0.659615 0.252155 0.669231 0.255029 0.675000 0.253592 0.696154 0.241379 0.708654
0 0.929598 0.810577 0.923851 0.810577 0.917385 0.801923 0.915948 0.786538 0.918822 0.771154 0.921695 0.763462 0.926724 0.758654 0.942529 0.760577 0.948994 0.769231 0.948994 0.782692 0.943247 0.798077 0.935345 0.808654 0.929598 0.810577
0 0.469828 0.508654 0.462644 0.508654 0.456178 0.498077 0.456178 0.467308 0.457615 0.461538 0.465517 0.450962 0.469828 0.450962 0.472701 0.447115 0.482759 0.447115 0.487069 0.449038 0.490661 0.455769 0.489224 0.473077 0.482040 0.494231 0.474138 0.506731 0.469828 0.508654
0 0.642241 0.658654 0.610632 0.656731 0.602730 0.650000 0.599856 0.636538 0.607759 0.627885 0.645115 0.635577 0.651580 0.642308 0.651580 0.651923 0.642241 0.658654
0 0.464080 0.149038 0.455460 0.147115 0.450431 0.140385 0.453305 0.123077 0.466954 0.104808 0.475575 0.100962 0.482759 0.102885 0.487787 0.111538 0.486351 0.123077 0.477011 0.139423 0.469828 0.147115 0.464080 0.149038
0 0.848420 0.998077 0.842672 0.986538 0.842672 0.975000 0.847701 0.968269 0.854885 0.970192 0.862787 0.980769 0.865661 0.988462 0.865661 0.998077
0 0.568966 0.072115 0.558190 0.057692 0.556753 0.026923 0.561063 0.013462 0.566092 0.006731 0.574713 0.006731 0.579741 0.013462 0.582615 0.025000 0.582615 0.044231 0.586207 0.045192 0.591954 0.037500 0.597701 0.037500 0.601293 0.042308 0.599856 0.046154 0.602730 0.051923 0.602730 0.059615 0.596264 0.070192 0.593391 0.070192 0.588362 0.065385 0.586925 0.057692 0.583333 0.052885 0.579741 0.063462 0.568966 0.072115
0 0.061782 0.793269 0.050287 0.793269 0.043822 0.784615 0.043822 0.775000 0.048851 0.768269 0.057471 0.768269 0.068247 0.780769 0.068247 0.784615 0.061782 0.793269
0 0.117816 0.495192 0.114224 0.492308 0.112787 0.484615 0.120690 0.475962 0.124282 0.482692 0.117816 0.495192
0 0.353448 0.937500 0.344828 0.935577 0.332615 0.917308 0.331178 0.903846 0.337644 0.895192 0.346264 0.895192 0.352730 0.901923 0.358477 0.921154 0.357040 0.932692 0.353448 0.937500
0 0.653736 0.347115 0.642241 0.345192 0.630747 0.333654 0.622845 0.321154 0.619971 0.296154 0.625000 0.289423 0.639368 0.287500 0.649425 0.293269 0.657328 0.301923 0.663075 0.319231 0.663075 0.336538 0.658046 0.345192 0.653736 0.347115
0 0.360632 0.331731 0.346264 0.329808 0.338362 0.321154 0.339799 0.309615 0.344828 0.302885 0.354885 0.299038 0.366379 0.302885 0.371408 0.307692 0.371408 0.319231 0.360632 0.331731
0 0.830460 0.052885 0.817529 0.052885 0.806753 0.040385 0.806753 0.026923 0.818966 0.010577 0.836207 0.010577 0.846983 0.025000 0.846983 0.032692 0.844109 0.038462 0.830460 0.052885
0 0.379310 0.506731 0.377155 0.505769 0.377155 0.490385 0.375000 0.487500 0.363506 0.491346 0.355603 0.484615 0.352730 0.478846 0.352730 0.461538 0.355603 0.457692 0.357040 0.448077 0.367816 0.433654 0.382184 0.431731 0.385776 0.436538 0.388649 0.448077 0.387213 0.465385 0.389368 0.468269 0.397989 0.468269 0.405891 0.476923 0.402299 0.479808 0.395115 0.474038 0.387931 0.474038 0.381466 0.484615 0.381466 0.503846 0.379310 0.506731
0 0.301724 0.716346 0.293103 0.714423 0.289511 0.709615 0.288075 0.694231 0.301724 0.672115 0.307471 0.668269 0.314655 0.668269 0.318247 0.673077 0.315374 0.698077 0.312500 0.705769 0.301724 0.716346
0 0.670977 0.193269 0.663793 0.193269 0.653017 0.180769 0.651580 0.167308 0.659483 0.164423 0.663793 0.156731 0.673851 0.158654 0.680316 0.173077 0.680316 0.176923 0.670977 0.193269
0 0.562500 0.998077 0.563937 0.992308 0.571839 0.985577 0.583333 0.985577 0.596983 0.998077
0 0.000000 0.033654 0.010057 0.025962 0.014368 0.027885 0.022270 0.038462 0.019397 0.053846 0.020833 0.065385 0.017960 0.065385 0.016523 0.046154 0.011494 0.037500 0.004310 0.039423 0.000000 0.045192
0 0.291667 0.429808 0.277299 0.425962 0.272270 0.417308 0.272270 0.411538 0.280172 0.397115 0.298851 0.397115 0.301006 0.390385 0.304598 0.387500 0.309626 0.400000 0.316092 0.404808 0.321121 0.411538 0.321121 0.415385 0.308908 0.425962 0.291667 0.429808
0 0.998563 0.324038 0.991379 0.322115 0.985632 0.316346 0.979167 0.307692 0.974856 0.296154 0.974856 0.286538 0.979885 0.279808 0.991379 0.279808 0.998563 0.285577
0 0.867816 0.402885 0.864943 0.402885 0.854167 0.390385 0.857040 0.384615 0.848420 0.369231 0.849856 0.351923 0.857759 0.343269 0.862069 0.343269 0.872126 0.352885 0.882902 0.373077 0.877155 0.396154 0.867816 0.402885
0 0.673851 0.497115 0.660920 0.495192 0.647270 0.480769 0.640086 0.457692 0.640086 0.444231 0.645115 0.435577 0.660920 0.433654 0.677443 0.453846 0.683190 0.476923 0.680316 0.488462 0.673851 0.497115
0 0.760057 0.374038 0.754310 0.374038 0.744971 0.361538 0.743534 0.355769 0.743534 0.346154 0.747845 0.334615 0.755747 0.327885 0.767960 0.344231 0.765086 0.367308 0.760057 0.374038
0 0.483477 0.998077 0.495690 0.985577 0.502874 0.989423 0.509339 0.998077
0 0.028736 0.529808 0.024425 0.525962 0.008621 0.529808 0.005029 0.525000 0.003592 0.503846 0.014368 0.491346 0.025862 0.487500 0.033764 0.500000 0.036638 0.507692 0.036638 0.521154 0.028736 0.529808
0 0.961207 0.314423 0.954023 0.314423 0.943247 0.307692 0.931753 0.278846 0.933190 0.267308 0.936782 0.262500 0.946839 0.262500 0.964799 0.284615 0.967672 0.292308 0.967672 0.303846 0.961207 0.314423
0 0.087644 0.760577 0.079023 0.760577 0.071121 0.751923 0.071121 0.732692 0.077586 0.720192 0.084770 0.720192 0.094109 0.730769 0.095546 0.750000 0.087644 0.760577
0 0.622126 0.758654 0.614943 0.756731 0.611351 0.750000 0.614224 0.734615 0.637931 0.704808 0.647989 0.702885 0.651580 0.707692 0.650144 0.723077 0.630747 0.752885 0.622126 0.758654
0 0.462644 0.631731 0.455460 0.631731 0.446121 0.623077 0.444684 0.605769 0.448994 0.596154 0.456897 0.587500 0.477011 0.587500 0.483477 0.594231 0.484914 0.607692 0.462644 0.631731
0 0.866379 0.731731 0.850575 0.725962 0.846983 0.721154 0.845546 0.705769 0.854885 0.691346 0.863506 0.683654 0.873563 0.681731 0.881466 0.690385 0.888649 0.705769 0.875000 0.727885 0.866379 0.731731
0 0.281609 0.531731 0.278736 0.531731 0.265086 0.509615 0.265086 0.496154 0.271552 0.483654 0.277299 0.483654 0.282328 0.488462 0.296695 0.517308 0.293103 0.525962 0.281609 0.531731
0 0.456897 0.427885 0.448276 0.427885 0.446121 0.425000 0.446121 0.405769 0.466954 0.377885 0.471264 0.377885 0.476293 0.386538 0.477730 0.398077 0.471983 0.407692 0.471983 0.415385 0.456897 0.427885
0 0.975575 0.831731 0.966954 0.829808 0.963362 0.825000 0.961925 0.811538 0.967672 0.798077 0.981322 0.777885 0.988506 0.777885 0.997845 0.788462 0.997845 0.803846 0.994971 0.811538 0.984195 0.825962 0.975575 0.831731
0 0.043103 0.758654 0.034483 0.756731 0.026580 0.744231 0.025144 0.732692 0.033046 0.718269 0.041667 0.720192 0.048132 0.726923 0.049569 0.746154 0.043103 0.758654
0 0.373563 0.166346 0.362069 0.166346 0.348420 0.151923 0.345546 0.136538 0.352011 0.127885 0.367816 0.127885 0.377874 0.133654 0.384339 0.142308 0.384339 0.157692 0.373563 0.166346
0 0.695402 0.229808 0.683908 0.224038 0.676006 0.213462 0.674569 0.200000 0.676724 0.197115 0.682471 0.197115 0.688218 0.189423 0.701149 0.189423 0.707615 0.200000 0.706178 0.219231 0.699713 0.222115 0.695402 0.229808
0 0.227011 0.979808 0.216236 0.973077 0.211925 0.959615 0.211925 0.951923 0.214080 0.949038 0.225575 0.947115 0.233477 0.955769 0.233477 0.975000 0.227011 0.979808
0 0.870690 0.285577 0.859195 0.283654 0.846983 0.267308 0.854885 0.258654 0.883621 0.258654 0.887213 0.263462 0.887213 0.269231 0.879310 0.279808 0.870690 0.285577
0 0.818966 0.233654 0.807471 0.233654 0.800287 0.229808 0.789511 0.217308 0.785201 0.203846 0.785201 0.196154 0.791667 0.185577 0.806034 0.185577 0.825431 0.203846 0.828305 0.223077 0.818966 0.233654
0 0.331897 0.193269 0.318966 0.191346 0.311063 0.184615 0.311063 0.178846 0.306753 0.169231 0.306753 0.151923 0.310345 0.147115 0.323276 0.149038 0.338362 0.173077 0.339799 0.186538 0.331897 0.193269
0 0.287356 0.806731 0.285201 0.805769 0.280891 0.780769 0.295259 0.771154 0.290948 0.767308 0.291667 0.764423 0.311782 0.764423 0.318247 0.771154 0.317529 0.783654 0.313218 0.775962 0.311063 0.776923 0.309626 0.788462 0.312500 0.790385 0.311782 0.793269 0.308908 0.795192 0.300287 0.791346 0.298132 0.794231 0.298851 0.800962 0.290230 0.799038 0.287356 0.806731
0 0.216954 0.899038 0.199713 0.897115 0.192529 0.893269 0.187500 0.886538 0.183190 0.876923 0.183190 0.867308 0.191092 0.852885 0.218391 0.854808 0.230603 0.865385 0.230603 0.886538 0.224138 0.895192 0.216954 0.899038
0 0.791667 0.372115 0.780172 0.372115 0.773707 0.361538 0.770833 0.336538 0.773707 0.326923 0.778736 0.322115 0.788075 0.330769 0.793822 0.346154 0.795259 0.363462 0.791667 0.372115
0 0.234195 0.810577 0.224138 0.810577 0.220546 0.805769 0.220546 0.800000 0.209052 0.788462 0.207615 0.767308 0.219828 0.752885 0.229885 0.752885 0.243534 0.767308 0.242098 0.776923 0.237787 0.782692 0.243534 0.794231 0.243534 0.800000 0.234195 0.810577
0 0.390805 0.102885 0.380747 0.100962 0.369971 0.090385 0.368534 0.076923 0.372126 0.072115 0.379310 0.066346 0.395115 0.064423 0.405891 0.075000 0.404454 0.086538 0.395115 0.100962 0.390805 0.102885
0 0.804598 0.831731 0.790230 0.831731 0.784483 0.827885 0.776580 0.811538 0.780891 0.794231 0.793103 0.781731 0.803161 0.781731 0.810345 0.785577 0.818247 0.796154 0.821121 0.805769 0.819684 0.815385 0.804598 0.831731
0 0.778736 0.952885 0.758621 0.950962 0.752155 0.942308 0.752155 0.938462 0.758621 0.927885 0.765805 0.924038 0.787356 0.925962 0.793822 0.934615 0.793822 0.942308 0.788793 0.949038 0.778736 0.952885
0 0.215517 0.393269 0.199713 0.391346 0.187500 0.376923 0.184626 0.371154 0.183190 0.355769 0.188218 0.347115 0.199713 0.347115 0.213362 0.359615 0.219109 0.373077 0.219109 0.388462 0.215517 0.393269
0 0.600575 0.914423 0.586207 0.912500 0.573994 0.898077 0.569684 0.875000 0.576149 0.862500 0.586207 0.862500 0.601293 0.878846 0.607040 0.894231 0.607040 0.900000 0.600575 0.914423
0 0.350575 0.066346 0.340517 0.064423 0.332615 0.053846 0.329741 0.044231 0.331178 0.028846 0.337644 0.020192 0.347701 0.016346 0.360632 0.018269 0.366379 0.022115 0.372845 0.034615 0.369971 0.050000 0.360632 0.060577 0.350575 0.066346
0 0.265805 0.175962 0.257184 0.174038 0.252155 0.167308 0.249282 0.142308 0.257902 0.119231 0.264368 0.110577 0.270115 0.110577 0.279454 0.123077 0.280891 0.144231 0.275144 0.167308 0.265805 0.175962
0 0.666667 0.899038 0.653736 0.899038 0.647989 0.895192 0.638649 0.880769 0.638649 0.853846 0.647989 0.843269 0.655172 0.841346 0.668103 0.845192 0.676724 0.852885 0.686063 0.867308 0.687500 0.876923 0.684626 0.888462 0.675287 0.897115 0.666667 0.899038
0 0.261494 0.537500 0.245690 0.531731 0.234914 0.517308 0.232040 0.511538 0.232040 0.503846 0.235632 0.497115 0.247126 0.495192 0.260776 0.507692 0.267960 0.526923 0.261494 0.537500
0 0.857759 0.954808 0.844828 0.952885 0.826868 0.928846 0.826868 0.921154 0.831897 0.912500 0.839080 0.906731 0.852011 0.906731 0.862069 0.912500 0.868534 0.921154 0.871408 0.926923 0.871408 0.940385 0.863506 0.952885 0.857759 0.954808
0 0.635057 0.545192 0.620690 0.543269 0.607040 0.530769 0.601293 0.517308 0.601293 0.503846 0.606322 0.497115 0.620690 0.499038 0.637213 0.517308 0.641523 0.534615 0.635057 0.545192
0 0.106322 0.852885 0.093391 0.850962 0.082615 0.840385 0.082615 0.826923 0.086207 0.820192 0.091954 0.816346 0.107759 0.818269 0.118534 0.828846 0.118534 0.842308 0.113506 0.849038 0.106322 0.852885
0 0.126437 0.635577 0.120690 0.635577 0.117816 0.631731 0.105603 0.607692 0.105603 0.596154 0.112069 0.587500 0.123563 0.585577 0.132902 0.598077 0.134339 0.621154 0.132902 0.628846 0.126437 0.635577
0 0.441092 0.787500 0.426724 0.785577 0.413075 0.767308 0.408764 0.755769 0.407328 0.732692 0.418103 0.718269 0.423851 0.718269 0.432471 0.724038 0.447557 0.748077 0.450431 0.771154 0.447557 0.780769 0.441092 0.787500
0 0.159483 0.710577 0.154454 0.705769 0.154454 0.696154 0.150144 0.686538 0.156609 0.679808 0.170977 0.681731 0.176006 0.688462 0.176006 0.692308 0.166667 0.706731 0.159483 0.710577
0 0.000000 0.429808 0.012931 0.418269 0.025862 0.414423 0.035920 0.416346 0.042385 0.425000 0.039511 0.440385 0.030172 0.452885 0.021552 0.458654 0.004310 0.458654 0.000000 0.454808
0 0.221264 0.216346 0.215517 0.216346 0.213362 0.213462 0.211925 0.207692 0.207615 0.203846 0.203305 0.188462 0.204741 0.171154 0.214080 0.162500 0.218391 0.162500 0.224856 0.169231 0.230603 0.190385 0.229167 0.203846 0.226293 0.211538 0.221264 0.216346
0 0.544540 0.347115 0.534483 0.343269 0.526580 0.332692 0.522270 0.319231 0.522270 0.300000 0.530172 0.287500 0.534483 0.285577 0.543103 0.289423 0.546695 0.294231 0.553879 0.315385 0.552443 0.338462 0.544540 0.347115
0 0.035920 0.981731 0.024425 0.981731 0.017960 0.973077 0.015086 0.963462 0.022270 0.948077 0.031609 0.937500 0.047414 0.941346 0.055316 0.951923 0.053879 0.965385 0.049569 0.973077 0.035920 0.981731
0 0.407328 0.998077 0.416667 0.987500 0.422414 0.989423 0.427443 0.998077
0 0.370690 0.902885 0.362069 0.902885 0.357759 0.897115 0.352011 0.897115 0.346983 0.892308 0.344109 0.884615 0.344109 0.867308 0.347701 0.860577 0.360632 0.864423 0.374282 0.884615 0.375718 0.894231 0.370690 0.902885
0 0.836207 0.558654 0.814655 0.552885 0.808190 0.542308 0.809626 0.530769 0.818966 0.522115 0.831897 0.522115 0.846264 0.529808 0.851293 0.536538 0.851293 0.546154 0.846264 0.554808 0.836207 0.558654
0 0.202586 0.260577 0.183190 0.248077 0.184626 0.223077 0.188218 0.218269 0.196839 0.214423 0.202586 0.216346 0.204023 0.224038 0.209770 0.225962 0.216236 0.234615 0.214799 0.248077 0.202586 0.260577
0 0.439655 0.947115 0.420259 0.926923 0.420259 0.923077 0.426006 0.915385 0.426006 0.907692 0.433908 0.895192 0.446839 0.897115 0.454741 0.907692 0.457615 0.921154 0.456178 0.932692 0.449713 0.941346 0.439655 0.947115
0 0.859195 0.447115 0.852011 0.443269 0.842672 0.425000 0.846983 0.419231 0.844109 0.405769 0.845546 0.394231 0.852011 0.391346 0.857759 0.393269 0.864224 0.401923 0.867098 0.417308 0.865661 0.438462 0.859195 0.447115
0 0.748563 0.762500 0.737069 0.760577 0.729167 0.750000 0.729167 0.740385 0.739943 0.725962 0.751437 0.729808 0.760776 0.746154 0.748563 0.762500
0 0.237069 0.145192 0.228448 0.145192 0.221983 0.138462 0.220546 0.123077 0.222701 0.120192 0.231322 0.118269 0.240661 0.128846 0.242098 0.140385 0.237069 0.145192
0 0.207615 0.000000 0.206897 0.002885 0.201149 0.004808 0.189655 0.024038 0.185345 0.025962 0.175287 0.020192 0.165230 0.024038 0.153736 0.024038 0.145833 0.015385 0.144397 0.000000
0 0.886494 0.891346 0.873563 0.891346 0.861351 0.878846 0.858477 0.865385 0.864943 0.852885 0.882184 0.850962 0.890086 0.859615 0.894397 0.876923 0.886494 0.891346
0 0.056034 0.616346 0.044540 0.614423 0.039511 0.607692 0.036638 0.598077 0.038075 0.586538 0.047414 0.575962 0.057471 0.577885 0.066810 0.594231 0.065374 0.609615 0.056034 0.616346
0 0.413793 0.254808 0.402299 0.252885 0.390086 0.236538 0.380029 0.213462 0.385057 0.199038 0.403736 0.202885 0.415948 0.219231 0.417385 0.228846 0.420259 0.232692 0.420259 0.248077 0.413793 0.254808
0 0.929598 0.927885 0.923851 0.925962 0.917385 0.917308 0.918822 0.900000 0.932471 0.879808 0.941092 0.877885 0.946121 0.884615 0.947557 0.898077 0.940374 0.917308 0.929598 0.927885
0 0.360632 0.291346 0.347701 0.287500 0.339799 0.276923 0.339799 0.267308 0.343391 0.258654 0.349138 0.254808 0.356322 0.254808 0.365661 0.261538 0.371408 0.276923 0.368534 0.284615 0.360632 0.291346
0 0.629310 0.043269 0.625000 0.043269 0.622845 0.036538 0.626437 0.024038 0.632184 0.024038 0.635776 0.034615 0.629310 0.043269
0 0.514368 0.789423 0.502874 0.785577 0.490661 0.773077 0.490661 0.765385 0.494253 0.756731 0.507184 0.756731 0.514368 0.752885 0.521552 0.754808 0.530891 0.765385 0.532328 0.776923 0.527299 0.783654 0.514368 0.789423
0 0.000000 0.558654 0.012931 0.558654 0.017960 0.569231 0.015086 0.590385 0.004310 0.604808 0.000000 0.602885
0 0.958333 0.141346 0.945402 0.137500 0.936063 0.125000 0.934626 0.103846 0.937500 0.094231 0.948276 0.079808 0.954023 0.075962 0.971264 0.075962 0.983477 0.090385 0.984914 0.113462 0.975575 0.131731 0.958333 0.141346
0 0.746408 0.000000 0.749282 0.003846 0.750718 0.021154 0.741379 0.037500 0.731322 0.037500 0.719828 0.029808 0.710489 0.015385 0.707615 0.000000
0 0.163793 0.481731 0.149425 0.477885 0.140805 0.470192 0.134339 0.459615 0.134339 0.451923 0.146552 0.439423 0.162356 0.443269 0.170259 0.453846 0.174569 0.467308 0.173132 0.475000 0.163793 0.481731
0 0.202586 0.633654 0.192529 0.633654 0.187500 0.626923 0.184626 0.617308 0.184626 0.609615 0.190374 0.594231 0.195402 0.587500 0.205460 0.587500 0.214799 0.600000 0.214799 0.615385 0.211925 0.623077 0.202586 0.633654
0 0.070402 0.500962 0.058190 0.494231 0.056753 0.480769 0.070402 0.466346 0.083333 0.466346 0.088362 0.473077 0.088362 0.486538 0.080460 0.495192 0.070402 0.500962
0 0.581897 0.389423 0.570402 0.385577 0.562500 0.367308 0.565374 0.342308 0.574713 0.331731 0.583333 0.331731 0.589799 0.340385 0.594109 0.353846 0.592672 0.376923 0.586207 0.387500 0.581897 0.389423
0 0.155172 0.231731 0.142241 0.229808 0.137213 0.219231 0.138649 0.188462 0.147989 0.175962 0.152299 0.175962 0.160201 0.190385 0.161638 0.217308 0.160201 0.225000 0.155172 0.231731
0 0.202586 0.287500 0.192529 0.287500 0.182471 0.281731 0.174569 0.267308 0.174569 0.263462 0.179598 0.256731 0.188218 0.252885 0.198276 0.256731 0.209052 0.271154 0.202586 0.287500
0 0.120690 0.241346 0.103448 0.241346 0.094828 0.233654 0.086925 0.223077 0.088362 0.205769 0.094828 0.199038 0.110632 0.199038 0.116379 0.202885 0.127155 0.219231 0.125718 0.234615 0.120690 0.241346
0 0.363506 0.624038 0.356322 0.624038 0.351293 0.617308 0.346983 0.603846 0.344109 0.580769 0.345546 0.567308 0.350575 0.560577 0.359195 0.560577 0.363506 0.564423 0.371408 0.580769 0.372845 0.607692 0.371408 0.613462 0.363506 0.624038
0 0.961207 0.566346 0.949713 0.564423 0.934626 0.532692 0.933190 0.515385 0.942529 0.502885 0.952586 0.506731 0.961925 0.519231 0.964799 0.528846 0.967672 0.540385 0.967672 0.553846 0.961207 0.566346
0 0.062500 0.000000 0.065374 0.003846 0.066810 0.013462 0.063937 0.034615 0.066810 0.044231 0.058908 0.049038 0.053161 0.056731 0.047414 0.056731 0.040948 0.048077 0.038075 0.036538 0.042385 0.028846 0.040948 0.011538 0.045259 0.000000
0 0.481322 0.391346 0.473420 0.378846 0.474856 0.367308 0.469828 0.360577 0.464799 0.367308 0.466236 0.378846 0.459770 0.387500 0.457615 0.386538 0.459052 0.380769 0.454741 0.373077 0.454741 0.351923 0.460489 0.338462 0.469828 0.327885 0.481322 0.329808 0.486351 0.336538 0.489224 0.346154 0.487787 0.355769 0.479167 0.373077 0.482040 0.384615 0.481322 0.391346
0 0.974138 0.466346 0.965517 0.466346 0.945402 0.452885 0.938937 0.442308 0.938937 0.430769 0.945402 0.424038 0.955460 0.424038 0.972701 0.437500 0.979167 0.451923 0.979167 0.459615 0.974138 0.466346
0 0.280172 0.297115 0.274425 0.297115 0.266523 0.288462 0.266523 0.269231 0.276580 0.246154 0.284483 0.237500 0.290230 0.235577 0.298132 0.244231 0.299569 0.267308 0.292385 0.286538 0.280172 0.297115
0 0.725575 0.733654 0.721264 0.733654 0.715517 0.727885 0.693966 0.725962 0.688937 0.717308 0.690374 0.705769 0.702586 0.691346 0.721264 0.691346 0.732040 0.703846 0.734914 0.711538 0.734914 0.719231 0.730603 0.725000 0.730603 0.728846 0.727011 0.729808 0.725575 0.733654
0 0.268678 0.622115 0.251437 0.622115 0.242098 0.613462 0.240661 0.605769 0.250000 0.595192 0.267241 0.600962 0.275144 0.613462 0.268678 0.622115
0 0.158046 0.964423 0.143678 0.960577 0.137213 0.951923 0.132902 0.940385 0.134339 0.928846 0.140805 0.916346 0.155172 0.920192 0.165948 0.940385 0.165948 0.951923 0.158046 0.964423
0 0.116379 0.722115 0.102011 0.722115 0.088362 0.707692 0.086925 0.696154 0.093391 0.683654 0.113506 0.681731 0.117816 0.683654 0.125718 0.694231 0.125718 0.713462 0.116379 0.722115
0 0.471264 0.099038 0.462644 0.099038 0.450431 0.088462 0.446121 0.071154 0.452586 0.060577 0.459770 0.058654 0.466954 0.062500 0.477011 0.060577 0.482040 0.065385 0.483477 0.082692 0.480603 0.090385 0.471264 0.099038
0 0.831897 0.506731 0.823276 0.504808 0.811063 0.488462 0.803879 0.469231 0.807471 0.458654 0.816092 0.456731 0.824713 0.460577 0.834052 0.473077 0.838362 0.482692 0.838362 0.496154 0.831897 0.506731
0 0.814655 0.329808 0.806034 0.329808 0.801724 0.325962 0.790948 0.305769 0.789511 0.294231 0.795977 0.274038 0.804598 0.274038 0.815374 0.284615 0.819684 0.301923 0.819684 0.313462 0.818247 0.325000 0.814655 0.329808
0 0.419540 0.141346 0.400862 0.141346 0.392241 0.135577 0.384339 0.123077 0.384339 0.111538 0.387931 0.106731 0.393678 0.104808 0.415230 0.114423 0.423132 0.125000 0.423132 0.136538 0.419540 0.141346
0 0.392241 0.918269 0.387931 0.916346 0.378592 0.900000 0.380029 0.878846 0.386494 0.872115 0.399425 0.875962 0.404454 0.884615 0.404454 0.903846 0.392241 0.918269
0 0.000000 0.837500 0.010057 0.839423 0.032328 0.863462 0.030891 0.873077 0.025862 0.877885 0.000000 0.877885
0 0.570402 0.539423 0.558908 0.539423 0.548132 0.528846 0.543822 0.517308 0.543822 0.496154 0.548851 0.489423 0.560345 0.487500 0.570402 0.495192 0.579741 0.509615 0.581178 0.523077 0.578305 0.530769 0.570402 0.539423
0 0.774425 0.118269 0.757184 0.110577 0.746408 0.096154 0.743534 0.069231 0.750000 0.058654 0.761494 0.058654 0.770115 0.064423 0.778017 0.076923 0.783764 0.096154 0.783764 0.107692 0.778736 0.116346 0.774425 0.118269
0 0.140805 0.812500 0.132184 0.808654 0.125718 0.794231 0.125718 0.784615 0.137931 0.768269 0.145833 0.773077 0.148707 0.790385 0.148707 0.800000 0.145833 0.807692 0.140805 0.812500
0 0.867816 0.152885 0.859195 0.150962 0.842672 0.126923 0.841236 0.117308 0.847701 0.104808 0.862069 0.102885 0.877155 0.119231 0.878592 0.138462 0.875718 0.146154 0.867816 0.152885
0 0.060345 0.549038 0.044540 0.547115 0.038075 0.540385 0.034483 0.531731 0.030172 0.533654 0.028017 0.530769 0.035201 0.525000 0.038075 0.515385 0.033764 0.500000 0.028017 0.492308 0.028736 0.489423 0.039511 0.503846 0.043103 0.518269 0.058908 0.516346 0.071121 0.532692 0.069684 0.542308 0.060345 0.549038
0 0.982759 0.402885 0.968391 0.400962 0.960489 0.392308 0.960489 0.380769 0.964799 0.369231 0.964799 0.355769 0.969828 0.347115 0.977011 0.347115 0.982759 0.350962 0.990661 0.361538 0.996408 0.376923 0.993534 0.392308 0.982759 0.402885
0 0.616379 0.099038 0.612787 0.096154 0.614224 0.078846 0.621408 0.065385 0.629310 0.056731 0.640086 0.067308 0.638649 0.080769 0.632184 0.091346 0.616379 0.099038
0 0.096264 0.949038 0.084770 0.947115 0.076868 0.934615 0.076868 0.919231 0.079741 0.911538 0.086207 0.902885 0.091954 0.900962 0.100575 0.902885 0.107040 0.915385 0.105603 0.930769 0.096264 0.949038
0 0.969828 0.249038 0.956897 0.247115 0.942529 0.235577 0.937500 0.226923 0.937500 0.215385 0.945402 0.206731 0.956897 0.206731 0.968391 0.212500 0.979167 0.230769 0.977730 0.242308 0.969828 0.249038
0 0.091954 0.152885 0.081178 0.142308 0.081178 0.111538 0.090517 0.097115 0.096264 0.093269 0.103448 0.093269 0.109914 0.101923 0.109914 0.121154 0.105603 0.126923 0.101293 0.142308 0.091954 0.152885
0 0.474138 0.877885 0.462644 0.875962 0.448994 0.861538 0.446121 0.846154 0.449713 0.839423 0.464080 0.839423 0.479167 0.855769 0.480603 0.871154 0.474138 0.877885
0 0.313218 0.874038 0.308190 0.871154 0.308190 0.857692 0.318966 0.852885 0.321121 0.861538 0.313218 0.874038
0 0.695402 0.997115 0.682471 0.995192 0.668103 0.983654 0.663075 0.973077 0.664511 0.959615 0.669540 0.954808 0.678161 0.954808 0.695402 0.962500 0.704741 0.976923 0.703305 0.992308 0.695402 0.997115
0 0.274425 0.945192 0.255747 0.939423 0.249282 0.930769 0.247845 0.919231 0.254310 0.914423 0.261494 0.920192 0.265805 0.920192 0.276580 0.932692 0.278017 0.940385 0.274425 0.945192
0 0.053161 0.649038 0.040230 0.629808 0.033046 0.625962 0.021552 0.625962 0.012931 0.631731 0.010776 0.626923 0.017241 0.620192 0.035920 0.622115 0.052443 0.640385 0.053161 0.649038
0 0.919540 0.658654 0.893678 0.647115 0.885776 0.634615 0.887213 0.626923 0.895115 0.616346 0.910920 0.616346 0.918103 0.620192 0.928879 0.634615 0.928879 0.648077 0.919540 0.658654
0 0.459770 0.691346 0.449713 0.689423 0.443247 0.680769 0.443247 0.671154 0.456897 0.652885 0.468391 0.650962 0.475575 0.654808 0.479167 0.659615 0.477730 0.678846 0.471264 0.687500 0.459770 0.691346
0 0.771552 0.670192 0.762931 0.670192 0.755029 0.657692 0.756466 0.625000 0.764368 0.616346 0.772989 0.618269 0.782328 0.632692 0.782328 0.651923 0.771552 0.670192
0 0.301724 0.843269 0.295977 0.843269 0.293822 0.840385 0.290948 0.825000 0.288075 0.821154 0.289511 0.805769 0.293103 0.800962 0.295977 0.800962 0.302443 0.809615 0.303879 0.840385 0.301724 0.843269
