0 0.937500 0.173828 0.893750 0.169922 0.885938 0.160156 0.889062 0.132812 0.900000 0.119141 0.912500 0.115234 0.937500 0.119141 0.948438 0.136719 0.948438 0.156250 0.937500 0.173828
0 0.350000 0.294922 0.323437 0.265625 0.323437 0.253906 0.331250 0.244141 0.365625 0.251953 0.379688 0.265625 0.375000 0.279297 0.359375 0.283203 0.350000 0.294922
0 0.850000 0.896484 0.820312 0.894531 0.810937 0.859375 0.815625 0.845703 0.834375 0.845703 0.864062 0.867188 0.860938 0.886719 0.850000 0.896484
0 0.306250 0.291016 0.293750 0.287109 0.260937 0.253906 0.257812 0.222656 0.262500 0.216797 0.281250 0.216797 0.317188 0.265625 0.317188 0.281250 0.306250 0.291016
0 0.887500 0.677734 0.837500 0.666016 0.820312 0.632812 0.820312 0.617188 0.831250 0.615234 0.887500 0.650391 0.895312 0.660156 0.895312 0.671875 0.887500 0.677734
0 0.578125 0.763672 0.528125 0.763672 0.510938 0.746094 0.507812 0.710938 0.521875 0.681641 0.546875 0.677734 0.570312 0.699219 0.582812 0.730469 0.582812 0.757812 0.578125 0.763672
0 0.118750 0.080078 0.106250 0.080078 0.095312 0.070312 0.095312 0.042969 0.109375 0.025391 0.137500 0.025391 0.148438 0.042969 0.151562 0.070312 0.146875 0.076172 0.118750 0.080078
0 0.826562 0.996094 0.875000 0.955078 0.921875 0.943359 0.943750 0.931641 0.951562 0.937500 0.951562 0.945312 0.937500 0.962891 0.906250 0.990234 0.889062 0.996094
0 0.378125 0.990234 0.368750 0.990234 0.364063 0.976562 0.404687 0.906250 0.431250 0.876953 0.465625 0.865234 0.473438 0.875000 0.470313 0.882812 0.435937 0.937500 0.378125 0.990234
0 0.728125 0.873047 0.720313 0.871094 0.704688 0.843750 0.704688 0.835938 0.718750 0.818359 0.734375 0.818359 0.745313 0.835938 0.745313 0.851562 0.728125 0.873047
0 0.293750 0.173828 0.265625 0.166016 0.245312 0.132812 0.245312 0.109375 0.268750 0.068359 0.287500 0.068359 0.304688 0.109375 0.304688 0.156250 0.293750 0.173828
0 0.862500 0.787109 0.800000 0.771484 0.785937 0.757812 0.785937 0.742188 0.803125 0.728516 0.837500 0.732422 0.867188 0.761719 0.867188 0.781250 0.862500 0.787109
0 0.056250 0.310547 0.034375 0.310547 0.017188 0.277344 0.020313 0.253906 0.031250 0.236328 0.050000 0.236328 0.060937 0.253906 0.064062 0.300781 0.056250 0.310547
0 0.965625 0.697266 0.946875 0.697266 0.942187 0.691406 0.923438 0.656250 0.928125 0.638672 0.953125 0.638672 0.967187 0.656250 0.970313 0.691406 0.965625 0.697266
0 0.832812 0.000000 0.839063 0.007812 0.839063 0.035156 0.828125 0.052734 0.806250 0.052734 0.798438 0.042969 0.798438 0.000000
0 0.393750 0.244141 0.367188 0.222656 0.370312 0.171875 0.387500 0.150391 0.415625 0.146484 0.429688 0.156250 0.432812 0.183594 0.407813 0.214844 0.407813 0.234375 0.393750 0.244141
0 0.787500 0.705078 0.750000 0.701172 0.728125 0.685547 0.720313 0.667969 0.781250 0.623047 0.803125 0.623047 0.826562 0.644531 0.826562 0.675781 0.815625 0.693359 0.787500 0.705078
0 0.921875 0.646484 0.901563 0.640625 0.889062 0.625000 0.876563 0.585938 0.860938 0.570312 0.854688 0.539062 0.862500 0.525391 0.903125 0.517578 0.932813 0.546875 0.942187 0.578125 0.945312 0.636719 0.928125 0.638672 0.921875 0.646484
0 0.884375 0.744141 0.868750 0.744141 0.842187 0.703125 0.846875 0.697266 0.859375 0.697266 0.875000 0.708984 0.889062 0.726562 0.884375 0.744141
0 0.884375 0.142578 0.870313 0.125000 0.873437 0.097656 0.907813 0.054688 0.907813 0.031250 0.912500 0.025391 0.934375 0.029297 0.939063 0.035156 0.939063 0.070312 0.948438 0.085938 0.945312 0.113281 0.940625 0.119141 0.900000 0.119141 0.884375 0.142578
0 0.525000 0.111328 0.510938 0.105469 0.517188 0.046875 0.553125 0.001953 0.565625 0.001953 0.576562 0.019531 0.576562 0.054688 0.570312 0.078125 0.556250 0.095703 0.525000 0.111328
0 0.000000 0.283203 0.007812 0.292969 0.007812 0.312500 0.000000 0.318359
0 0.303125 0.498047 0.265625 0.498047 0.260937 0.484375 0.293750 0.455078 0.315625 0.451172 0.362500 0.408203 0.393750 0.396484 0.407813 0.402344 0.401562 0.421875 0.375000 0.447266 0.350000 0.482422 0.303125 0.498047
0 0.921875 0.244141 0.890625 0.244141 0.882812 0.222656 0.896875 0.216797 0.906250 0.228516 0.915625 0.216797 0.921875 0.216797 0.926562 0.222656 0.926562 0.238281 0.921875 0.244141
0 0.223438 0.996094 0.246875 0.935547 0.259375 0.935547 0.264062 0.941406 0.267188 0.996094
0 0.350000 0.236328 0.331250 0.236328 0.292187 0.203125 0.292187 0.175781 0.306250 0.154297 0.321875 0.154297 0.342187 0.171875 0.354687 0.214844 0.354687 0.230469 0.350000 0.236328
0 0.734375 0.634766 0.709375 0.630859 0.701562 0.621094 0.704688 0.574219 0.725000 0.556641 0.771875 0.560547 0.789062 0.585938 0.789062 0.601562 0.779687 0.613281 0.779687 0.625000 0.768750 0.623047 0.734375 0.634766
0 0.645312 0.000000 0.645312 0.015625 0.635938 0.039062 0.625000 0.052734 0.609375 0.060547 0.596875 0.056641 0.582812 0.039062 0.576562 0.023438 0.579688 0.000000
0 0.893750 0.291016 0.868750 0.291016 0.860938 0.281250 0.857812 0.253906 0.868750 0.240234 0.898438 0.246094 0.904687 0.281250 0.893750 0.291016
0 0.440625 0.173828 0.429688 0.167969 0.429688 0.144531 0.442188 0.113281 0.465625 0.080078 0.487500 0.068359 0.498437 0.093750 0.498437 0.136719 0.489063 0.156250 0.475000 0.169922 0.440625 0.173828
0 0.081250 0.666016 0.062500 0.666016 0.057813 0.648438 0.081250 0.630859 0.131250 0.615234 0.193750 0.611328 0.206250 0.603516 0.221875 0.603516 0.226562 0.609375 0.226562 0.621094 0.220312 0.628906 0.203125 0.638672 0.165625 0.646484 0.159375 0.654297 0.081250 0.666016
0 0.653125 0.748047 0.637500 0.748047 0.620313 0.730469 0.617188 0.691406 0.631250 0.673828 0.659375 0.673828 0.673438 0.695312 0.673438 0.722656 0.653125 0.748047
0 0.481250 0.974609 0.470313 0.968750 0.470313 0.953125 0.484375 0.931641 0.492188 0.949219 0.489063 0.964844 0.481250 0.974609
0 0.996875 0.353516 0.987500 0.353516 0.979688 0.343750 0.979688 0.316406 0.996875 0.298828
