0 0.064453 0.000000 0.068359 0.019531 0.046875 0.037109 0.019531 0.033203 0.005859 0.011719 0.009766 0.000000
0 0.132812 0.115234 0.113281 0.115234 0.091797 0.105469 0.091797 0.062500 0.101562 0.052734 0.152344 0.048828 0.158203 0.054688 0.158203 0.085938 0.132812 0.115234
0 0.943359 0.000000 0.937500 0.009766 0.921875 0.009766 0.908203 0.000000
0 0.058594 0.783203 0.035156 0.783203 0.021484 0.765625 0.021484 0.750000 0.029297 0.734375 0.042969 0.724609 0.078125 0.724609 0.091797 0.738281 0.091797 0.761719 0.058594 0.783203
0 0.000000 0.583984 0.011719 0.587891 0.025391 0.609375 0.021484 0.632812 0.000000 0.646484
0 0.742188 0.072266 0.718750 0.072266 0.697266 0.050781 0.689453 0.031250 0.703125 0.017578 0.730469 0.017578 0.755859 0.039062 0.751953 0.062500 0.742188 0.072266
0 0.128906 0.724609 0.105469 0.720703 0.080078 0.695312 0.076172 0.675781 0.085938 0.666016 0.109375 0.662109 0.134766 0.683594 0.138672 0.714844 0.128906 0.724609
0 0.212891 0.000000 0.199219 0.017578 0.179688 0.025391 0.167969 0.021484 0.146484 0.000000
0 0.000000 0.712891 0.007812 0.712891 0.029297 0.730469 0.021484 0.757812 0.000000 0.763672
0 0.714844 0.533203 0.707031 0.533203 0.689453 0.515625 0.689453 0.496094 0.699219 0.486328 0.718750 0.486328 0.732422 0.500000 0.732422 0.519531 0.714844 0.533203
0 0.000000 0.916016 0.021484 0.933594 0.029297 0.957031 0.025391 0.976562 0.005859 0.996094
0 0.746094 0.412109 0.730469 0.412109 0.712891 0.394531 0.712891 0.375000 0.730469 0.361328 0.750000 0.361328 0.767578 0.375000 0.767578 0.386719 0.746094 0.412109
0 0.054688 0.177734 0.041016 0.171875 0.025391 0.140625 0.046875 0.123047 0.066406 0.123047 0.080078 0.136719 0.083984 0.156250 0.054688 0.177734
0 0.976562 0.673828 0.953125 0.673828 0.935547 0.664062 0.931641 0.644531 0.945312 0.626953 0.972656 0.623047 0.990234 0.640625 0.990234 0.656250 0.976562 0.673828
0 0.000000 0.150391 0.023438 0.142578 0.048828 0.179688 0.044922 0.207031 0.035156 0.216797 0.011719 0.228516 0.000000 0.224609
0 0.830078 0.000000 0.812500 0.009766 0.800781 0.009766 0.791016 0.000000
0 0.996094 0.080078 0.949219 0.130859 0.910156 0.126953 0.884766 0.101562 0.888672 0.070312 0.910156 0.044922 0.921875 0.044922 0.941406 0.029297 0.960938 0.025391 0.996094 0.052734
