0 0.235937 0.000000 0.245312 0.031250 0.270313 0.062500 0.270313 0.089844 0.256250 0.123047 0.231250 0.138672 0.175000 0.138672 0.125000 0.119141 0.106250 0.087891 0.090625 0.087891 0.051562 0.046875 0.035937 0.000000
0 0.468750 0.787109 0.434375 0.775391 0.353125 0.708984 0.312500 0.689453 0.293750 0.666016 0.256250 0.638672 0.206250 0.587891 0.184375 0.580078 0.173437 0.566406 0.160938 0.539062 0.157812 0.503906 0.126562 0.410156 0.126562 0.386719 0.153125 0.349609 0.187500 0.318359 0.243750 0.318359 0.318750 0.345703 0.351562 0.378906 0.398438 0.460938 0.401562 0.566406 0.407813 0.574219 0.407813 0.613281 0.414062 0.621094 0.420312 0.648438 0.454688 0.707031 0.454688 0.714844 0.479687 0.746094 0.479687 0.773438 0.468750 0.787109
0 0.996875 0.193359 0.987500 0.193359 0.979688 0.183594 0.976562 0.167969 0.964063 0.156250 0.967187 0.132812 0.957812 0.105469 0.964063 0.097656 0.967187 0.062500 0.996875 0.025391
0 0.606250 0.837891 0.568750 0.837891 0.531250 0.818359 0.485938 0.761719 0.476562 0.734375 0.442188 0.691406 0.426563 0.660156 0.426563 0.648438 0.414062 0.632812 0.407813 0.554688 0.401562 0.546875 0.401562 0.496094 0.428125 0.466797 0.459375 0.470703 0.490625 0.494141 0.506250 0.517578 0.518750 0.521484 0.559375 0.576172 0.593750 0.607422 0.612500 0.634766 0.640625 0.662109 0.650000 0.662109 0.664062 0.679688 0.667188 0.746094 0.657813 0.785156 0.640625 0.814453 0.606250 0.837891
0 0.990625 0.658203 0.962500 0.646484 0.917188 0.593750 0.917188 0.523438 0.907813 0.460938 0.885938 0.414062 0.857812 0.378906 0.832812 0.335938 0.829688 0.316406 0.839063 0.277344 0.856250 0.255859 0.893750 0.232422 0.909375 0.228516 0.946875 0.232422 0.968750 0.248047 0.995313 0.281250 0.995313 0.652344 0.990625 0.658203
0 0.000000 0.166016 0.015625 0.162109 0.032813 0.183594 0.039062 0.199219 0.039062 0.226562 0.032813 0.234375 0.032813 0.246094 0.053125 0.263672 0.062500 0.263672 0.073438 0.277344 0.073438 0.304688 0.079687 0.312500 0.079687 0.324219 0.056250 0.349609 0.050000 0.349609 0.035937 0.332031 0.035937 0.289062 0.000000 0.232422
0 0.893750 0.587891 0.868750 0.587891 0.846875 0.572266 0.768750 0.494141 0.710938 0.417969 0.685937 0.363281 0.685937 0.281250 0.673438 0.257812 0.673438 0.207031 0.696875 0.150391 0.717187 0.167969 0.814063 0.300781 0.823438 0.324219 0.876563 0.402344 0.876563 0.414062 0.907813 0.468750 0.917188 0.523438 0.917188 0.558594 0.914062 0.578125 0.893750 0.587891
0 0.653125 0.544922 0.631250 0.544922 0.612500 0.537109 0.584375 0.541016 0.565625 0.529297 0.553125 0.505859 0.531250 0.509766 0.509375 0.478516 0.428125 0.400391 0.398438 0.359375 0.373437 0.308594 0.364063 0.230469 0.376563 0.199219 0.376563 0.175781 0.382812 0.156250 0.400000 0.126953 0.421875 0.123047 0.481250 0.150391 0.548438 0.234375 0.573438 0.277344 0.573438 0.285156 0.610938 0.339844 0.635938 0.398438 0.676562 0.449219 0.682813 0.511719 0.675000 0.529297 0.653125 0.544922
0 0.950000 0.884766 0.912500 0.884766 0.867188 0.832031 0.848437 0.785156 0.835938 0.710938 0.820312 0.675781 0.837500 0.626953 0.884375 0.626953 0.909375 0.634766 0.940625 0.654297 0.964063 0.691406 0.979688 0.742188 0.979688 0.828125 0.970313 0.863281 0.950000 0.884766
0 0.000000 0.974609 0.018750 0.982422 0.026562 0.996094
0 0.000000 0.775391 0.032813 0.734375 0.035937 0.718750 0.043750 0.708984 0.059375 0.712891 0.076563 0.761719 0.098437 0.785156 0.106250 0.802734 0.112500 0.802734 0.150000 0.841797 0.176563 0.882812 0.189062 0.914062 0.185938 0.996094
0 0.184375 0.771484 0.171875 0.771484 0.153125 0.755859 0.123438 0.710938 0.123438 0.683594 0.137500 0.662109 0.159375 0.642578 0.184375 0.642578 0.200000 0.650391 0.217188 0.671875 0.217188 0.687500 0.195312 0.726562 0.192188 0.761719 0.184375 0.771484
0 0.159375 0.291016 0.148438 0.285156 0.145313 0.261719 0.132812 0.250000 0.121875 0.224609 0.081250 0.205078 0.064062 0.187500 0.070312 0.171875 0.070312 0.148438 0.060937 0.136719 0.060937 0.128906 0.068750 0.119141 0.093750 0.115234 0.103125 0.119141 0.121875 0.150391 0.156250 0.169922 0.173437 0.191406 0.176563 0.218750 0.185938 0.234375 0.185938 0.257812 0.159375 0.291016
0 0.681250 0.380859 0.650000 0.353516 0.640625 0.353516 0.621875 0.337891 0.595313 0.304688 0.589063 0.285156 0.545312 0.218750 0.542188 0.195312 0.529687 0.167969 0.526563 0.128906 0.542188 0.093750 0.575000 0.060547 0.600000 0.056641 0.634375 0.060547 0.701562 0.132812 0.701562 0.144531 0.660937 0.218750 0.673438 0.250000 0.679688 0.289062 0.685937 0.296875 0.685937 0.375000 0.681250 0.380859
0 0.398438 0.996094 0.384375 0.974609 0.356250 0.966797 0.346875 0.955078 0.321875 0.947266 0.285938 0.910156 0.281250 0.896484 0.229687 0.859375 0.217188 0.824219 0.207813 0.812500 0.198437 0.765625 0.192188 0.757812 0.195312 0.726562 0.218750 0.685547 0.246875 0.681641 0.259375 0.689453 0.318750 0.697266 0.334375 0.708984 0.343750 0.708984 0.381250 0.740234 0.465625 0.853516 0.475000 0.857422 0.514062 0.902344 0.520312 0.925781 0.535937 0.945312 0.535937 0.972656 0.525000 0.986328 0.504687 0.996094
0 0.812500 0.994141 0.671875 0.994141 0.609375 0.939453 0.603125 0.939453 0.585938 0.917969 0.573438 0.890625 0.573438 0.855469 0.593750 0.837891 0.615625 0.833984 0.640625 0.814453 0.654687 0.792969 0.664062 0.761719 0.675000 0.748047 0.693750 0.740234 0.718750 0.740234 0.737500 0.748047 0.764062 0.781250 0.770312 0.808594 0.801562 0.867188 0.804688 0.894531 0.817187 0.921875 0.810937 0.937500 0.817187 0.972656 0.817187 0.988281 0.812500 0.994141
0 0.828125 0.318359 0.789062 0.269531 0.789062 0.257812 0.756250 0.216797 0.745313 0.210938 0.748437 0.199219 0.710938 0.152344 0.714063 0.136719 0.742188 0.097656 0.759375 0.056641 0.834375 0.103516 0.876563 0.156250 0.876563 0.167969 0.898438 0.210938 0.898438 0.226562 0.890625 0.236328 0.865625 0.244141 0.839063 0.277344 0.828125 0.318359
