0 0.362500 0.334961 0.343750 0.327148 0.338281 0.312500 0.338281 0.298828 0.354687 0.276367 0.370312 0.278320 0.380469 0.292969 0.377344 0.304688 0.377344 0.322266 0.362500 0.334961
0 0.998437 0.856445 0.995313 0.856445 0.990625 0.862305 0.968750 0.860352 0.956250 0.864258 0.938281 0.843750 0.939844 0.841797 0.936719 0.837891 0.935156 0.824219 0.938281 0.810547 0.954688 0.793945 0.959375 0.793945 0.960938 0.790039 0.982812 0.790039 0.998437 0.793945
0 0.502344 0.000000 0.510938 0.000977 0.517969 0.007812 0.521094 0.013672 0.521094 0.027344 0.504687 0.057617 0.495312 0.059570 0.485938 0.069336 0.471875 0.069336 0.464062 0.063477 0.454688 0.061523 0.442969 0.046875 0.435156 0.027344 0.435156 0.007812 0.437500 0.002930 0.446875 0.002930 0.447656 0.000000
0 0.998437 0.166992 0.994531 0.177734 0.987500 0.186523 0.978125 0.190430 0.964063 0.190430 0.948438 0.170898 0.932813 0.161133 0.922656 0.144531 0.921094 0.136719 0.921094 0.123047 0.932031 0.087891 0.941406 0.068359 0.954688 0.057617 0.971875 0.055664 0.992188 0.071289 0.997656 0.078125 0.998437 0.108398
0 0.771875 0.622070 0.767188 0.622070 0.756250 0.610352 0.749219 0.607422 0.749219 0.582031 0.756250 0.579102 0.764844 0.570312 0.771875 0.551758 0.779687 0.549805 0.788281 0.558594 0.791406 0.566406 0.792969 0.587891 0.786719 0.605469 0.771875 0.622070
0 0.998437 0.051758 0.995313 0.051758 0.991406 0.041016 0.988281 0.039062 0.983594 0.023438 0.983594 0.013672 0.989844 0.000000
0 0.653125 0.729492 0.643750 0.729492 0.638281 0.722656 0.638281 0.714844 0.641406 0.712891 0.639844 0.705078 0.645312 0.696289 0.659375 0.696289 0.664844 0.701172 0.664844 0.720703 0.653125 0.729492
0 0.946094 0.998047 0.946094 0.992188 0.940625 0.993164 0.938281 0.988281 0.936719 0.976562 0.939844 0.968750 0.936719 0.966797 0.938281 0.964844 0.935156 0.960938 0.936719 0.945312 0.944531 0.937500 0.942969 0.935547 0.945312 0.932617 0.951562 0.932617 0.959375 0.920898 0.967187 0.915039 0.978125 0.915039 0.989062 0.926758 0.998437 0.926758
0 0.232813 0.825195 0.203125 0.807617 0.198437 0.807617 0.185938 0.797852 0.175781 0.779297 0.175781 0.757812 0.182031 0.732422 0.189844 0.724609 0.188281 0.720703 0.190625 0.715820 0.193750 0.719727 0.201563 0.711914 0.204687 0.713867 0.206250 0.704102 0.209375 0.708008 0.217188 0.704102 0.223438 0.711914 0.229687 0.711914 0.245312 0.725586 0.257031 0.742188 0.263281 0.757812 0.263281 0.798828 0.259375 0.801758 0.257812 0.797852 0.254688 0.797852 0.250781 0.804688 0.253906 0.820312 0.250000 0.823242 0.237500 0.821289 0.232813 0.825195
0 0.859375 0.508789 0.845313 0.504883 0.837500 0.506836 0.822656 0.490234 0.824219 0.484375 0.817969 0.472656 0.816406 0.457031 0.820312 0.448242 0.821875 0.450195 0.827344 0.445312 0.829688 0.438477 0.831250 0.442383 0.834375 0.438477 0.842187 0.440430 0.843750 0.436523 0.864062 0.440430 0.872656 0.451172 0.874219 0.458984 0.878906 0.462891 0.878906 0.474609 0.874219 0.496094 0.867969 0.501953 0.867188 0.506836 0.859375 0.508789
0 0.417187 0.678711 0.409375 0.674805 0.404687 0.666992 0.400000 0.670898 0.396875 0.665039 0.395313 0.666992 0.392969 0.664062 0.390625 0.655273 0.384375 0.655273 0.379688 0.651367 0.366406 0.623047 0.368750 0.614258 0.377344 0.613281 0.372656 0.607422 0.374219 0.595703 0.369531 0.595703 0.372656 0.582031 0.375781 0.578125 0.374219 0.570312 0.379688 0.569336 0.378906 0.564453 0.392188 0.553711 0.398438 0.557617 0.404687 0.557617 0.409375 0.553711 0.415625 0.553711 0.420312 0.559570 0.426563 0.557617 0.427344 0.560547 0.424219 0.564453 0.425781 0.568359 0.429688 0.571289 0.434375 0.569336 0.439844 0.580078 0.438281 0.582031 0.441406 0.591797 0.446875 0.592773 0.449219 0.597656 0.446094 0.605469 0.450781 0.609375 0.449219 0.613281 0.452344 0.617188 0.447656 0.619141 0.446094 0.636719 0.449219 0.650391 0.444531 0.662109 0.446094 0.664062 0.434375 0.674805 0.431250 0.670898 0.428125 0.674805 0.420312 0.674805 0.417187 0.678711
0 0.000000 0.256836 0.003125 0.250977 0.021875 0.239258 0.040625 0.239258 0.048438 0.241211 0.067187 0.256836 0.071875 0.256836 0.075781 0.271484 0.075781 0.291016 0.072656 0.300781 0.060937 0.313477 0.039062 0.327148 0.023438 0.327148 0.015625 0.323242 0.003906 0.306641 0.000000 0.295898
0 0.335938 0.768555 0.326562 0.768555 0.320312 0.764648 0.300781 0.740234 0.302344 0.732422 0.299219 0.718750 0.302344 0.708984 0.312500 0.694336 0.317188 0.694336 0.320312 0.690430 0.329688 0.690430 0.345313 0.698242 0.357031 0.720703 0.355469 0.742188 0.346094 0.759766 0.335938 0.768555
0 0.000000 0.196289 0.007812 0.192383 0.021875 0.192383 0.026562 0.186523 0.029687 0.186523 0.031250 0.180664 0.051562 0.180664 0.059375 0.186523 0.068750 0.188477 0.070312 0.192383 0.085938 0.198242 0.089844 0.203125 0.094531 0.218750 0.092969 0.240234 0.081250 0.250977 0.060937 0.250977 0.048438 0.241211 0.040625 0.239258 0.021875 0.239258 0.009375 0.245117 0.000000 0.243164
0 0.553125 0.389648 0.542188 0.387695 0.533594 0.376953 0.527344 0.361328 0.525781 0.343750 0.522656 0.339844 0.530469 0.320312 0.540625 0.313477 0.548438 0.315430 0.562500 0.329102 0.569531 0.337891 0.572656 0.347656 0.574219 0.369141 0.569531 0.375000 0.567969 0.382812 0.553125 0.389648
0 0.496875 0.133789 0.475000 0.133789 0.468750 0.127930 0.448437 0.125977 0.439844 0.117188 0.435156 0.107422 0.435156 0.091797 0.447656 0.076172 0.450000 0.067383 0.460938 0.065430 0.464062 0.069336 0.485938 0.069336 0.495312 0.059570 0.504687 0.059570 0.509375 0.051758 0.520312 0.049805 0.530469 0.072266 0.528906 0.103516 0.520312 0.118164 0.510938 0.124023 0.507812 0.129883 0.496875 0.133789
0 0.942187 0.401367 0.929688 0.401367 0.920312 0.389648 0.910156 0.382812 0.910156 0.332031 0.913281 0.312500 0.920312 0.301758 0.935937 0.303711 0.948438 0.311523 0.955469 0.322266 0.960156 0.335938 0.961719 0.361328 0.957031 0.382812 0.953906 0.390625 0.942187 0.401367
0 0.751563 0.581055 0.748437 0.581055 0.743750 0.575195 0.734375 0.573242 0.725000 0.565430 0.722656 0.560547 0.722656 0.548828 0.732812 0.534180 0.739062 0.530273 0.757812 0.528320 0.759375 0.532227 0.767188 0.534180 0.773438 0.540039 0.774219 0.546875 0.764844 0.570312 0.751563 0.581055
0 0.760938 0.663086 0.742188 0.661133 0.726562 0.651367 0.719531 0.640625 0.721094 0.621094 0.726562 0.616211 0.742188 0.612305 0.750000 0.614258 0.762500 0.627930 0.771875 0.629883 0.772656 0.648438 0.760938 0.663086
0 0.457813 0.516602 0.440625 0.514648 0.430469 0.503906 0.428906 0.472656 0.443750 0.452148 0.454688 0.450195 0.459375 0.446289 0.470313 0.446289 0.479687 0.459961 0.483594 0.460938 0.478906 0.464844 0.480469 0.482422 0.474219 0.501953 0.465625 0.512695 0.457813 0.516602
0 0.514062 0.512695 0.501563 0.512695 0.497656 0.507812 0.488281 0.482422 0.488281 0.468750 0.492969 0.453125 0.503125 0.438477 0.506250 0.438477 0.512500 0.430664 0.521875 0.430664 0.528906 0.435547 0.533594 0.447266 0.533594 0.480469 0.524219 0.503906 0.514062 0.512695
0 0.865625 0.891602 0.853125 0.889648 0.847656 0.882812 0.844531 0.865234 0.832031 0.857422 0.827344 0.843750 0.827344 0.828125 0.837500 0.809570 0.842187 0.809570 0.853906 0.796875 0.855469 0.773438 0.864062 0.760742 0.876563 0.752930 0.896875 0.752930 0.912500 0.764648 0.927344 0.783203 0.925781 0.785156 0.933594 0.796875 0.928906 0.798828 0.932031 0.814453 0.932031 0.837891 0.928906 0.839844 0.927344 0.865234 0.918750 0.875977 0.914062 0.875977 0.912500 0.872070 0.906250 0.870117 0.901563 0.870117 0.898438 0.874023 0.889062 0.874023 0.875000 0.881836 0.865625 0.891602
0 0.979688 0.346680 0.964063 0.344727 0.960156 0.339844 0.958594 0.324219 0.968750 0.305664 0.984375 0.303711 0.994531 0.310547 0.996094 0.328125 0.994531 0.335938 0.987500 0.344727 0.979688 0.346680
0 0.000000 0.967773 0.021875 0.983398 0.025781 0.990234 0.025781 0.998047
0 0.478906 0.998047 0.472656 0.988281 0.471094 0.976562 0.477344 0.968750 0.475781 0.964844 0.478906 0.960938 0.478906 0.947266 0.482812 0.946289 0.500000 0.924805 0.506250 0.924805 0.507812 0.928711 0.514062 0.928711 0.517188 0.924805 0.523438 0.924805 0.526563 0.928711 0.529687 0.926758 0.546094 0.949219 0.546094 0.957031 0.549219 0.962891 0.547656 0.966797 0.550781 0.968750 0.549219 0.982422 0.552344 0.988281 0.551562 0.991211 0.548438 0.989258 0.546094 0.992188 0.549219 0.998047
