0 0.806034 0.243269 0.798851 0.243269 0.789511 0.232692 0.786638 0.215385 0.788075 0.188462 0.795977 0.179808 0.808908 0.183654 0.816810 0.196154 0.818247 0.223077 0.815374 0.232692 0.806034 0.243269
0 0.738506 0.970192 0.729885 0.970192 0.720546 0.959615 0.721983 0.938462 0.734195 0.914423 0.739943 0.910577 0.750000 0.910577 0.756466 0.919231 0.756466 0.932692 0.744971 0.961538 0.738506 0.970192
0 0.000000 0.612500 0.003592 0.609615 0.005747 0.600962 0.017241 0.600962 0.033046 0.608654 0.036638 0.613462 0.038075 0.621154 0.036638 0.636538 0.031609 0.643269 0.024425 0.647115 0.010057 0.645192 0.000000 0.633654
0 0.981322 0.472115 0.954023 0.472115 0.948994 0.465385 0.948994 0.457692 0.954023 0.449038 0.959770 0.445192 0.992816 0.441346 0.994971 0.444231 0.994971 0.453846 0.990661 0.463462 0.981322 0.472115
0 0.867816 0.822115 0.859195 0.818269 0.855603 0.813462 0.854167 0.798077 0.858477 0.784615 0.866379 0.774038 0.872126 0.774038 0.881466 0.788462 0.881466 0.801923 0.875718 0.813462 0.867816 0.822115
0 0.817529 0.750962 0.811782 0.750962 0.802443 0.740385 0.802443 0.723077 0.820402 0.704808 0.827586 0.700962 0.836207 0.700962 0.843391 0.704808 0.846983 0.709615 0.846983 0.728846 0.817529 0.750962
0 0.000000 0.014423 0.007184 0.018269 0.016523 0.030769 0.029454 0.055769 0.028017 0.073077 0.021552 0.081731 0.005747 0.083654 0.000000 0.079808
0 0.367816 0.960577 0.343391 0.954808 0.336925 0.946154 0.336925 0.925000 0.347701 0.916346 0.364943 0.920192 0.374282 0.932692 0.377155 0.944231 0.377155 0.953846 0.373563 0.958654 0.367816 0.960577
0 0.153736 0.879808 0.139368 0.875962 0.129310 0.866346 0.122845 0.855769 0.124282 0.842308 0.139368 0.825962 0.158046 0.829808 0.167385 0.844231 0.167385 0.867308 0.153736 0.879808
0 0.079023 0.502885 0.067529 0.502885 0.051006 0.486538 0.051006 0.475000 0.042385 0.444231 0.033764 0.430769 0.036638 0.419231 0.047414 0.408654 0.063218 0.418269 0.072557 0.432692 0.084052 0.478846 0.084052 0.494231 0.079023 0.502885
0 0.507184 0.472115 0.488506 0.470192 0.477730 0.459615 0.476293 0.434615 0.482759 0.425962 0.500000 0.425962 0.515086 0.442308 0.515086 0.463462 0.507184 0.472115
0 0.340517 0.341346 0.333333 0.339423 0.329023 0.329808 0.320402 0.329808 0.309626 0.313462 0.309626 0.303846 0.316092 0.302885 0.321121 0.298077 0.320402 0.287500 0.331897 0.289423 0.345546 0.305769 0.348420 0.328846 0.345546 0.336538 0.340517 0.341346
0 0.264368 0.664423 0.251437 0.654808 0.235632 0.656731 0.232040 0.651923 0.232040 0.630769 0.237069 0.622115 0.254310 0.614423 0.258621 0.614423 0.262213 0.619231 0.263649 0.632692 0.269397 0.642308 0.269397 0.657692 0.264368 0.664423
0 0.956897 0.374038 0.941092 0.374038 0.933190 0.363462 0.931753 0.344231 0.935345 0.337500 0.939655 0.333654 0.949713 0.333654 0.956178 0.342308 0.960489 0.351923 0.960489 0.369231 0.956897 0.374038
0 0.448276 0.670192 0.436782 0.668269 0.426006 0.653846 0.421695 0.634615 0.428161 0.624038 0.438218 0.622115 0.448994 0.636538 0.454741 0.651923 0.454741 0.659615 0.453305 0.665385 0.448276 0.670192
0 0.739943 0.714423 0.724138 0.712500 0.717672 0.703846 0.717672 0.694231 0.731322 0.681731 0.737069 0.681731 0.750000 0.674038 0.761494 0.675962 0.767960 0.682692 0.767960 0.696154 0.762931 0.702885 0.739943 0.714423
0 0.169540 0.164423 0.158046 0.164423 0.148707 0.155769 0.145833 0.146154 0.145833 0.128846 0.150862 0.116346 0.168103 0.116346 0.176006 0.125000 0.177443 0.151923 0.169540 0.164423
0 0.043103 0.495192 0.033046 0.495192 0.027299 0.491346 0.010776 0.473077 0.002155 0.453846 0.000718 0.444231 0.000718 0.423077 0.004310 0.416346 0.027299 0.424038 0.042385 0.444231 0.051006 0.475000 0.051006 0.486538 0.043103 0.495192
0 0.143678 0.475962 0.137931 0.475962 0.128592 0.465385 0.131466 0.446154 0.142241 0.437500 0.162356 0.437500 0.170259 0.451923 0.156609 0.460577 0.149425 0.472115 0.143678 0.475962
0 0.178161 0.949038 0.168103 0.949038 0.160201 0.940385 0.158764 0.911538 0.163793 0.900962 0.182471 0.895192 0.188937 0.901923 0.188937 0.936538 0.183908 0.945192 0.178161 0.949038
0 0.047414 0.739423 0.037356 0.739423 0.032328 0.732692 0.032328 0.701923 0.036638 0.684615 0.041667 0.675962 0.045977 0.672115 0.060345 0.670192 0.065374 0.684615 0.065374 0.698077 0.055316 0.728846 0.047414 0.739423
0 0.738506 0.185577 0.734195 0.185577 0.729167 0.180769 0.723420 0.150000 0.726293 0.136538 0.732759 0.129808 0.745690 0.133654 0.752155 0.144231 0.753592 0.153846 0.747845 0.173077 0.738506 0.185577
0 0.271552 0.143269 0.258621 0.141346 0.250718 0.128846 0.249282 0.107692 0.251437 0.104808 0.257184 0.100962 0.267241 0.100962 0.272989 0.102885 0.278017 0.109615 0.280891 0.117308 0.280891 0.134615 0.271552 0.143269
0 0.823994 0.000000 0.826868 0.003846 0.826868 0.019231 0.823994 0.030769 0.814655 0.043269 0.793103 0.045192 0.785201 0.036538 0.786638 0.017308 0.803879 0.000000
0 0.334770 0.081731 0.327586 0.081731 0.322557 0.075000 0.318247 0.046154 0.319684 0.038462 0.326149 0.029808 0.333333 0.024038 0.340517 0.024038 0.346983 0.032692 0.348420 0.057692 0.345546 0.071154 0.334770 0.081731
0 0.418103 0.385577 0.410920 0.385577 0.407328 0.380769 0.407328 0.365385 0.413075 0.336538 0.419540 0.327885 0.431034 0.327885 0.436063 0.332692 0.438937 0.342308 0.438937 0.359615 0.423851 0.381731 0.418103 0.385577
0 0.304598 0.304808 0.298851 0.304808 0.295259 0.300000 0.295259 0.284615 0.300287 0.277885 0.308908 0.275962 0.314655 0.285577 0.319684 0.288462 0.321121 0.298077 0.316092 0.302885 0.304598 0.304808
0 0.706897 0.631731 0.698276 0.629808 0.693247 0.615385 0.691810 0.596154 0.693247 0.588462 0.698276 0.583654 0.711207 0.583654 0.714799 0.590385 0.714799 0.619231 0.711925 0.626923 0.706897 0.631731
0 0.899425 0.739423 0.892241 0.739423 0.887213 0.734615 0.882902 0.725000 0.882902 0.705769 0.885776 0.694231 0.892241 0.683654 0.897989 0.679808 0.906609 0.679808 0.915948 0.692308 0.914511 0.707692 0.907328 0.728846 0.899425 0.739423
0 0.000000 0.950962 0.002874 0.947115 0.010057 0.949038 0.019397 0.963462 0.023707 0.978846 0.023707 0.986538 0.018678 0.993269 0.005747 0.993269 0.000000 0.987500
0 0.303161 0.754808 0.291667 0.754808 0.279454 0.738462 0.276580 0.732692 0.276580 0.725000 0.280172 0.718269 0.306034 0.716346 0.316810 0.726923 0.313937 0.742308 0.303161 0.754808
0 0.936782 0.435577 0.925287 0.435577 0.918822 0.426923 0.918822 0.409615 0.932471 0.395192 0.942529 0.389423 0.958333 0.389423 0.964799 0.401923 0.964799 0.407692 0.960489 0.417308 0.936782 0.435577
0 0.758621 0.385577 0.742816 0.385577 0.727011 0.377885 0.713362 0.351923 0.714799 0.342308 0.722701 0.333654 0.734195 0.333654 0.751437 0.343269 0.765086 0.359615 0.767960 0.369231 0.766523 0.376923 0.758621 0.385577
0 0.458333 0.147115 0.446839 0.145192 0.443247 0.138462 0.443247 0.126923 0.450431 0.105769 0.461207 0.091346 0.472701 0.089423 0.480603 0.100000 0.480603 0.113462 0.470546 0.132692 0.458333 0.147115
0 0.968391 0.745192 0.956897 0.745192 0.948994 0.726923 0.947557 0.698077 0.952586 0.687500 0.962644 0.687500 0.973420 0.705769 0.974856 0.734615 0.968391 0.745192
0 0.630747 0.468269 0.619253 0.468269 0.612787 0.459615 0.612787 0.440385 0.620690 0.429808 0.633621 0.433654 0.637213 0.438462 0.634339 0.463462 0.630747 0.468269
0 0.636494 0.416346 0.614943 0.416346 0.603448 0.412500 0.595546 0.403846 0.595546 0.396154 0.600575 0.389423 0.610632 0.383654 0.639368 0.383654 0.644397 0.390385 0.645833 0.403846 0.636494 0.416346
0 0.331897 0.552885 0.324713 0.552885 0.315374 0.542308 0.313937 0.521154 0.318247 0.507692 0.326149 0.497115 0.339080 0.495192 0.346983 0.505769 0.348420 0.525000 0.342672 0.542308 0.331897 0.552885
0 0.316092 0.897115 0.303161 0.897115 0.285920 0.887500 0.280891 0.876923 0.280891 0.871154 0.291667 0.860577 0.301724 0.858654 0.308908 0.858654 0.320402 0.864423 0.326868 0.876923 0.326868 0.886538 0.316092 0.897115
0 0.448994 0.000000 0.448994 0.013462 0.446839 0.016346 0.436782 0.014423 0.426006 0.000000
0 0.606322 0.918269 0.597701 0.916346 0.585489 0.892308 0.586925 0.876923 0.596264 0.860577 0.604885 0.862500 0.611351 0.871154 0.617098 0.886538 0.615661 0.907692 0.606322 0.918269
0 0.353448 0.708654 0.334770 0.708654 0.326149 0.704808 0.315374 0.690385 0.316810 0.678846 0.327586 0.664423 0.343391 0.664423 0.352011 0.670192 0.358477 0.682692 0.358477 0.698077 0.353448 0.708654
0 0.538793 0.662500 0.522270 0.644231 0.525862 0.635577 0.538793 0.637500 0.542385 0.642308 0.543822 0.655769 0.538793 0.662500
0 0.709052 0.000000 0.709052 0.013462 0.699713 0.024038 0.692529 0.024038 0.687500 0.019231 0.684626 0.013462 0.683190 0.000000
0 0.261494 0.070192 0.250000 0.070192 0.229885 0.056731 0.224856 0.048077 0.224856 0.034615 0.229885 0.029808 0.247126 0.029808 0.257184 0.035577 0.263649 0.051923 0.263649 0.067308 0.261494 0.070192
0 0.471264 0.049038 0.462644 0.047115 0.456178 0.036538 0.456178 0.017308 0.461207 0.010577 0.468391 0.010577 0.476293 0.021154 0.477730 0.038462 0.471264 0.049038
0 0.998563 0.506731 0.985632 0.502885 0.979167 0.492308 0.979167 0.488462 0.984195 0.481731 0.998563 0.477885
0 0.731322 0.302885 0.715517 0.300962 0.711925 0.296154 0.711925 0.282692 0.724138 0.262500 0.732759 0.256731 0.741379 0.256731 0.746408 0.263462 0.746408 0.284615 0.738506 0.299038 0.731322 0.302885
0 0.264368 0.412500 0.251437 0.412500 0.244971 0.398077 0.246408 0.384615 0.254310 0.370192 0.265805 0.368269 0.272989 0.372115 0.278017 0.378846 0.276580 0.403846 0.271552 0.410577 0.264368 0.412500
0 0.104885 0.181731 0.096264 0.181731 0.086207 0.175962 0.078305 0.165385 0.073994 0.151923 0.073994 0.140385 0.079023 0.129808 0.093391 0.127885 0.100575 0.131731 0.109914 0.144231 0.112787 0.153846 0.112787 0.167308 0.104885 0.181731
0 0.915230 0.285577 0.910201 0.280769 0.905891 0.267308 0.904454 0.248077 0.909483 0.231731 0.913793 0.231731 0.924569 0.242308 0.926006 0.251923 0.934626 0.273077 0.932471 0.281731 0.918103 0.281731 0.915230 0.285577
0 0.857759 0.616346 0.847701 0.616346 0.842672 0.607692 0.844109 0.575000 0.848420 0.561538 0.853448 0.554808 0.859195 0.556731 0.867098 0.565385 0.867098 0.586538 0.864224 0.594231 0.864224 0.603846 0.857759 0.616346
0 0.275862 0.472115 0.270115 0.472115 0.266523 0.467308 0.266523 0.448077 0.269397 0.432692 0.278736 0.416346 0.291667 0.416346 0.298132 0.423077 0.296695 0.440385 0.285201 0.463462 0.275862 0.472115
0 0.255747 0.495192 0.248563 0.495192 0.240661 0.486538 0.234914 0.467308 0.234914 0.457692 0.237787 0.450000 0.245690 0.443269 0.252874 0.443269 0.263649 0.459615 0.263649 0.480769 0.260776 0.490385 0.255747 0.495192
0 0.393678 0.154808 0.387931 0.152885 0.384339 0.146154 0.384339 0.100000 0.390805 0.091346 0.397989 0.089423 0.404454 0.098077 0.404454 0.138462 0.401580 0.148077 0.393678 0.154808
0 0.261494 0.700962 0.242816 0.699038 0.232040 0.686538 0.230603 0.663462 0.235632 0.656731 0.251437 0.654808 0.266523 0.671154 0.267960 0.690385 0.261494 0.700962
0 0.903736 0.145192 0.895115 0.145192 0.891523 0.136538 0.891523 0.121154 0.897989 0.110577 0.906609 0.110577 0.911638 0.117308 0.911638 0.134615 0.903736 0.145192
0 0.734195 0.624038 0.722701 0.622115 0.717672 0.613462 0.716236 0.600000 0.719109 0.578846 0.724138 0.572115 0.731322 0.568269 0.740661 0.578846 0.742098 0.584615 0.740661 0.615385 0.734195 0.624038
0 0.514368 0.510577 0.489943 0.506731 0.478448 0.499038 0.473420 0.490385 0.473420 0.480769 0.484195 0.470192 0.505747 0.472115 0.517960 0.492308 0.517960 0.505769 0.514368 0.510577
0 0.830460 0.795192 0.823276 0.795192 0.813937 0.786538 0.813937 0.767308 0.821839 0.754808 0.833333 0.747115 0.850575 0.747115 0.854167 0.753846 0.852730 0.771154 0.837644 0.791346 0.830460 0.795192
0 0.428161 0.564423 0.418103 0.564423 0.405891 0.550000 0.405891 0.536538 0.408764 0.526923 0.416667 0.514423 0.422414 0.510577 0.432471 0.512500 0.443247 0.536538 0.441810 0.551923 0.428161 0.564423
0 0.880747 0.981731 0.873563 0.981731 0.867816 0.977885 0.855603 0.963462 0.854167 0.946154 0.864943 0.933654 0.882184 0.937500 0.888649 0.948077 0.892960 0.969231 0.886494 0.979808 0.880747 0.981731
0 0.385057 0.645192 0.376437 0.645192 0.371408 0.638462 0.369971 0.611538 0.372845 0.596154 0.376437 0.589423 0.390805 0.585577 0.400144 0.596154 0.404454 0.613462 0.401580 0.617308 0.398707 0.630769 0.389368 0.643269 0.385057 0.645192
0 0.998563 0.725962 0.982759 0.725962 0.977730 0.713462 0.977730 0.692308 0.982040 0.669231 0.988506 0.662500 0.994253 0.662500 0.998563 0.666346
0 0.080460 0.731731 0.073276 0.731731 0.069684 0.726923 0.066810 0.711538 0.068247 0.686538 0.076149 0.670192 0.090517 0.664423 0.095546 0.671154 0.095546 0.698077 0.088362 0.721154 0.080460 0.731731
0 0.398707 0.998077 0.402299 0.989423 0.409483 0.985577 0.419540 0.987500 0.427443 0.998077
0 0.594828 0.152885 0.586207 0.150962 0.581178 0.142308 0.582615 0.103846 0.590517 0.087500 0.600575 0.091346 0.608477 0.105769 0.608477 0.125000 0.604167 0.142308 0.600575 0.149038 0.594828 0.152885
0 0.216954 0.352885 0.206897 0.352885 0.189655 0.341346 0.181753 0.330769 0.183190 0.313462 0.189655 0.306731 0.201149 0.306731 0.212644 0.314423 0.221983 0.326923 0.223420 0.334615 0.223420 0.342308 0.216954 0.352885
0 0.382184 0.360577 0.370690 0.360577 0.363506 0.356731 0.357040 0.342308 0.359914 0.309615 0.369253 0.300962 0.380747 0.304808 0.390086 0.321154 0.388649 0.351923 0.382184 0.360577
0 0.968391 0.260577 0.952586 0.258654 0.947557 0.248077 0.947557 0.236538 0.950431 0.226923 0.956897 0.218269 0.965517 0.212500 0.972701 0.212500 0.980603 0.221154 0.980603 0.242308 0.977730 0.250000 0.968391 0.260577
0 0.590517 0.658654 0.580460 0.658654 0.571839 0.654808 0.565374 0.634615 0.573276 0.618269 0.589080 0.608654 0.600575 0.608654 0.611351 0.623077 0.611351 0.638462 0.606322 0.649038 0.590517 0.658654
0 0.137931 0.293269 0.120690 0.287500 0.112069 0.274038 0.104885 0.275962 0.102730 0.269231 0.105603 0.255769 0.113506 0.247115 0.122126 0.243269 0.132184 0.250962 0.142960 0.265385 0.147270 0.276923 0.144397 0.288462 0.137931 0.293269
0 0.091954 0.889423 0.086207 0.889423 0.079741 0.878846 0.079741 0.861538 0.083333 0.856731 0.094828 0.858654 0.099856 0.869231 0.099856 0.878846 0.091954 0.889423
0 0.429598 0.795192 0.418822 0.790385 0.417385 0.776923 0.426006 0.755769 0.435345 0.743269 0.442529 0.741346 0.446121 0.746154 0.444684 0.773077 0.441810 0.784615 0.436782 0.791346 0.429598 0.795192
0 0.471264 0.547115 0.459770 0.545192 0.453305 0.538462 0.453305 0.519231 0.475575 0.502885 0.491379 0.506731 0.493534 0.509615 0.493534 0.525000 0.489224 0.536538 0.481322 0.545192 0.471264 0.547115
0 0.672414 0.075962 0.665230 0.075962 0.651580 0.051923 0.650144 0.030769 0.656609 0.022115 0.668103 0.022115 0.674569 0.030769 0.678879 0.063462 0.672414 0.075962
0 0.998563 0.864423 0.997845 0.871154 0.992098 0.882692 0.979885 0.893269 0.972701 0.891346 0.964799 0.880769 0.964799 0.869231 0.971983 0.850000 0.978448 0.841346 0.992816 0.843269 0.998563 0.854808
0 0.308908 0.081731 0.297414 0.081731 0.288075 0.069231 0.285201 0.057692 0.285201 0.038462 0.288793 0.027885 0.300287 0.031731 0.311063 0.050000 0.313937 0.069231 0.312500 0.076923 0.308908 0.081731
0 0.558908 0.191346 0.550287 0.189423 0.545259 0.184615 0.536638 0.159615 0.539511 0.142308 0.548851 0.133654 0.553161 0.133654 0.558908 0.139423 0.568247 0.159615 0.566810 0.180769 0.558908 0.191346
0 0.408046 0.685577 0.397989 0.679808 0.390086 0.669231 0.390086 0.646154 0.391523 0.640385 0.399425 0.629808 0.403736 0.629808 0.408764 0.636538 0.415948 0.655769 0.415948 0.676923 0.408046 0.685577
0 0.090517 0.949038 0.086207 0.949038 0.081178 0.944231 0.079741 0.925000 0.073994 0.909615 0.075431 0.900000 0.081897 0.893269 0.096264 0.895192 0.104167 0.905769 0.098420 0.938462 0.090517 0.949038
0 0.941092 0.816346 0.926724 0.814423 0.913075 0.794231 0.913075 0.775000 0.920977 0.764423 0.936782 0.764423 0.945402 0.770192 0.950431 0.778846 0.954741 0.790385 0.954741 0.800000 0.949713 0.810577 0.941092 0.816346
0 0.946839 0.877885 0.922414 0.877885 0.916667 0.874038 0.914511 0.871154 0.914511 0.855769 0.922414 0.854808 0.925287 0.858654 0.945402 0.862500 0.947557 0.865385 0.946839 0.877885
0 0.492816 0.285577 0.484195 0.283654 0.477730 0.276923 0.477730 0.267308 0.480603 0.259615 0.495690 0.245192 0.515805 0.241346 0.520833 0.248077 0.519397 0.261538 0.492816 0.285577
0 0.344828 0.264423 0.333333 0.264423 0.312500 0.244231 0.309626 0.230769 0.317529 0.218269 0.329023 0.216346 0.346983 0.232692 0.352730 0.251923 0.344828 0.264423
0 0.921695 0.000000 0.931034 0.002885 0.943247 0.019231 0.944684 0.040385 0.935345 0.052885 0.920977 0.050962 0.901580 0.025000 0.900144 0.007692 0.910201 0.000000
0 0.984914 0.000000 0.989224 0.005769 0.989224 0.015385 0.981322 0.027885 0.972701 0.027885 0.965517 0.024038 0.948994 0.000000
0 0.652299 0.385577 0.629310 0.383654 0.626437 0.379808 0.616379 0.375962 0.609914 0.365385 0.609914 0.353846 0.613506 0.349038 0.626437 0.343269 0.646552 0.349038 0.660201 0.365385 0.658764 0.380769 0.652299 0.385577
0 0.244253 0.749038 0.239224 0.746154 0.240661 0.732692 0.252874 0.716346 0.261494 0.712500 0.266523 0.719231 0.262213 0.736538 0.244253 0.749038
0 0.896552 0.862500 0.879310 0.858654 0.872845 0.850000 0.874282 0.840385 0.876437 0.837500 0.883621 0.837500 0.897989 0.847115 0.900144 0.850000 0.900144 0.857692 0.896552 0.862500
0 0.958333 0.318269 0.945402 0.314423 0.940374 0.307692 0.940374 0.292308 0.949713 0.277885 0.958333 0.277885 0.961207 0.274038 0.969828 0.272115 0.974856 0.280769 0.976293 0.292308 0.969109 0.307692 0.958333 0.318269
0 0.968391 0.525962 0.945402 0.525962 0.938937 0.517308 0.940374 0.501923 0.943966 0.497115 0.951149 0.495192 0.974138 0.497115 0.977730 0.501923 0.977730 0.515385 0.968391 0.525962
0 0.395833 0.000000 0.395833 0.007692 0.390805 0.014423 0.383621 0.018269 0.372126 0.010577 0.363506 0.008654 0.357040 0.000000
0 0.382184 0.770192 0.375000 0.770192 0.371408 0.765385 0.371408 0.748077 0.383621 0.720192 0.399425 0.718269 0.404454 0.723077 0.404454 0.736538 0.399425 0.745192 0.390086 0.751923 0.387213 0.765385 0.382184 0.770192
0 0.561782 0.629808 0.554598 0.629808 0.539511 0.609615 0.539511 0.605769 0.543103 0.600962 0.554598 0.600962 0.561782 0.606731 0.565374 0.617308 0.565374 0.625000 0.561782 0.629808
0 0.126437 0.110577 0.102011 0.104808 0.094109 0.092308 0.094109 0.082692 0.102011 0.074038 0.127874 0.079808 0.135776 0.088462 0.137213 0.101923 0.132184 0.108654 0.126437 0.110577
0 0.822557 0.998077 0.823994 0.990385 0.833333 0.979808 0.844828 0.983654 0.852730 0.998077
0 0.998563 0.633654 0.985632 0.652885 0.977011 0.652885 0.974856 0.650000 0.974856 0.640385 0.992816 0.618269 0.998563 0.616346
0 0.979885 0.606731 0.968391 0.604808 0.956178 0.592308 0.956178 0.582692 0.962644 0.574038 0.979885 0.574038 0.992098 0.586538 0.992098 0.600000 0.988506 0.604808 0.979885 0.606731
0 0.502155 0.000000 0.499282 0.021154 0.495690 0.025962 0.481322 0.025962 0.477011 0.022115 0.473420 0.017308 0.470546 0.000000
0 0.249282 0.998077 0.242098 0.986538 0.242098 0.967308 0.248563 0.954808 0.262931 0.954808 0.269397 0.963462 0.269397 0.986538 0.262213 0.998077
0 0.156609 0.622115 0.150862 0.622115 0.144397 0.613462 0.142960 0.603846 0.145833 0.594231 0.160920 0.577885 0.182471 0.577885 0.184626 0.580769 0.183190 0.603846 0.169540 0.618269 0.156609 0.622115
0 0.951149 0.862500 0.935345 0.858654 0.926724 0.850962 0.923132 0.844231 0.923132 0.834615 0.931034 0.833654 0.948276 0.841346 0.951868 0.846154 0.951149 0.862500
0 0.622126 0.756731 0.602011 0.752885 0.592672 0.742308 0.586925 0.728846 0.586925 0.719231 0.591954 0.710577 0.606322 0.710577 0.614943 0.716346 0.627155 0.730769 0.628592 0.748077 0.622126 0.756731
0 0.653736 0.935577 0.643678 0.931731 0.631466 0.909615 0.631466 0.878846 0.637931 0.870192 0.646552 0.868269 0.652299 0.872115 0.658764 0.882692 0.660201 0.926923 0.653736 0.935577
0 0.181034 0.506731 0.169540 0.502885 0.151580 0.480769 0.150144 0.471154 0.156609 0.460577 0.169540 0.452885 0.182471 0.452885 0.190374 0.463462 0.191810 0.488462 0.181034 0.506731
0 0.696839 0.166346 0.688218 0.166346 0.681034 0.162500 0.676006 0.153846 0.670259 0.123077 0.679598 0.110577 0.693966 0.112500 0.703305 0.130769 0.706178 0.148077 0.701868 0.161538 0.696839 0.166346
0 0.564655 0.137500 0.556034 0.137500 0.549569 0.130769 0.548132 0.105769 0.557471 0.087500 0.571839 0.083654 0.579741 0.096154 0.579741 0.109615 0.575431 0.126923 0.564655 0.137500
0 0.136494 0.610577 0.125000 0.610577 0.116379 0.606731 0.108477 0.594231 0.108477 0.578846 0.120690 0.568269 0.146552 0.568269 0.151580 0.575000 0.153017 0.584615 0.145833 0.594231 0.142960 0.605769 0.136494 0.610577
0 0.831897 0.079808 0.818966 0.079808 0.806034 0.074038 0.801006 0.065385 0.801006 0.051923 0.808908 0.043269 0.818966 0.043269 0.834770 0.050962 0.838362 0.059615 0.838362 0.069231 0.836925 0.075000 0.831897 0.079808
0 0.558908 0.349038 0.540230 0.347115 0.529454 0.336538 0.529454 0.315385 0.534483 0.308654 0.550287 0.308654 0.561782 0.314423 0.568247 0.323077 0.568247 0.336538 0.558908 0.349038
0 0.000000 0.289423 0.011494 0.275962 0.018678 0.272115 0.030172 0.270192 0.035201 0.276923 0.033764 0.290385 0.012931 0.314423 0.002874 0.314423 0.000000 0.310577
0 0.216954 0.062500 0.201149 0.058654 0.189655 0.050962 0.184626 0.042308 0.183190 0.021154 0.188218 0.016346 0.193966 0.016346 0.216954 0.035577 0.221983 0.044231 0.221983 0.057692 0.216954 0.062500
0 0.525862 0.154808 0.510057 0.152885 0.507902 0.150000 0.507902 0.132692 0.513649 0.113462 0.515086 0.100000 0.521552 0.093269 0.537356 0.091346 0.543822 0.098077 0.543822 0.117308 0.535201 0.148077 0.525862 0.154808
0 0.211207 0.439423 0.206178 0.436538 0.206178 0.426923 0.214799 0.396154 0.222701 0.387500 0.231322 0.387500 0.234914 0.396154 0.232040 0.415385 0.211207 0.439423
0 0.971264 0.170192 0.961207 0.170192 0.950431 0.163462 0.947557 0.148077 0.947557 0.140385 0.949713 0.137500 0.964080 0.133654 0.969828 0.135577 0.973420 0.140385 0.976293 0.146154 0.976293 0.157692 0.974856 0.165385 0.971264 0.170192
0 0.454023 0.189423 0.446839 0.189423 0.438937 0.176923 0.438937 0.169231 0.442529 0.164423 0.448276 0.164423 0.455460 0.158654 0.461925 0.167308 0.461925 0.176923 0.454023 0.189423
0 0.142241 0.395192 0.109195 0.393269 0.104167 0.386538 0.104167 0.375000 0.109195 0.368269 0.120690 0.364423 0.145115 0.366346 0.150144 0.373077 0.151580 0.382692 0.142241 0.395192
0 0.600575 0.454808 0.579023 0.452885 0.560345 0.443269 0.552443 0.426923 0.553879 0.413462 0.557471 0.408654 0.576149 0.408654 0.590517 0.410577 0.596264 0.414423 0.605603 0.432692 0.605603 0.448077 0.600575 0.454808
0 0.152299 0.066346 0.127874 0.064423 0.113506 0.056731 0.108477 0.048077 0.108477 0.032692 0.113506 0.025962 0.126437 0.022115 0.145115 0.027885 0.152299 0.033654 0.159483 0.033654 0.163075 0.042308 0.163075 0.053846 0.159483 0.062500 0.152299 0.066346
0 0.252874 0.562500 0.242816 0.560577 0.239224 0.553846 0.239224 0.546154 0.243534 0.534615 0.260057 0.518269 0.280172 0.518269 0.283764 0.523077 0.282328 0.540385 0.265805 0.549038 0.257184 0.560577 0.252874 0.562500
0 0.222701 0.306731 0.209770 0.304808 0.194684 0.286538 0.193247 0.276923 0.196839 0.272115 0.211207 0.270192 0.219828 0.272115 0.229885 0.279808 0.233477 0.284615 0.232040 0.296154 0.227011 0.304808 0.222701 0.306731
0 0.235632 0.174038 0.221264 0.174038 0.214799 0.165385 0.214799 0.161538 0.221983 0.130769 0.231322 0.118269 0.241379 0.116346 0.250718 0.125000 0.250718 0.144231 0.246408 0.161538 0.235632 0.174038
0 0.890805 0.252885 0.873563 0.252885 0.867098 0.244231 0.867098 0.236538 0.869253 0.233654 0.875000 0.233654 0.890805 0.239423 0.892960 0.242308 0.892960 0.250000 0.890805 0.252885
0 0.975575 0.937500 0.966954 0.937500 0.948276 0.929808 0.940374 0.919231 0.941810 0.907692 0.954023 0.895192 0.969828 0.899038 0.982040 0.915385 0.983477 0.921154 0.983477 0.926923 0.975575 0.937500
0 0.573276 0.864423 0.561782 0.858654 0.556753 0.850000 0.555316 0.840385 0.555316 0.807692 0.556753 0.801923 0.564655 0.793269 0.574713 0.795192 0.585489 0.813462 0.584052 0.853846 0.573276 0.864423
0 0.527299 0.935577 0.520115 0.931731 0.513649 0.923077 0.509339 0.907692 0.509339 0.871154 0.517241 0.856731 0.526580 0.863462 0.538075 0.886538 0.536638 0.921154 0.535201 0.926923 0.527299 0.935577
0 0.468391 0.800962 0.455460 0.799038 0.447557 0.788462 0.448994 0.771154 0.461925 0.755769 0.465517 0.747115 0.482759 0.745192 0.487787 0.751923 0.489224 0.761538 0.486351 0.776923 0.479167 0.790385 0.468391 0.800962
0 0.998563 0.218269 0.987069 0.220192 0.983477 0.215385 0.983477 0.200000 0.991379 0.189423 0.998563 0.187500
0 0.580460 0.314423 0.550287 0.306731 0.540948 0.288462 0.540948 0.273077 0.545977 0.266346 0.560345 0.264423 0.576149 0.275962 0.585489 0.290385 0.585489 0.307692 0.580460 0.314423
0 0.266523 0.000000 0.265086 0.021154 0.257184 0.031731 0.251437 0.031731 0.243534 0.023077 0.237787 0.000000
0 0.750000 0.877885 0.738506 0.877885 0.724138 0.864423 0.711925 0.846154 0.710489 0.838462 0.716954 0.831731 0.724138 0.831731 0.751437 0.843269 0.759339 0.855769 0.759339 0.867308 0.750000 0.877885
0 0.752874 0.810577 0.716954 0.806731 0.704741 0.794231 0.703305 0.778846 0.706897 0.774038 0.719828 0.770192 0.729885 0.770192 0.745690 0.775962 0.753592 0.786538 0.755029 0.792308 0.755029 0.807692 0.752874 0.810577
0 0.205460 0.968269 0.195402 0.964423 0.190374 0.955769 0.190374 0.928846 0.192529 0.925962 0.202586 0.925962 0.209052 0.938462 0.210489 0.961538 0.205460 0.968269
0 0.412356 0.081731 0.406609 0.081731 0.400144 0.073077 0.394397 0.055769 0.394397 0.044231 0.405172 0.029808 0.412356 0.029808 0.418103 0.033654 0.426006 0.051923 0.426006 0.063462 0.412356 0.081731
0 0.215517 0.997115 0.193966 0.997115 0.182471 0.991346 0.178879 0.984615 0.180316 0.969231 0.183908 0.964423 0.196839 0.964423 0.208333 0.970192 0.219109 0.986538 0.215517 0.997115
0 0.462644 0.950962 0.443966 0.950962 0.439655 0.947115 0.428879 0.932692 0.427443 0.915385 0.433908 0.908654 0.468391 0.910577 0.473420 0.919231 0.474856 0.930769 0.473420 0.936538 0.462644 0.950962
0 0.403736 0.350962 0.397989 0.350962 0.392960 0.344231 0.392960 0.305769 0.395833 0.294231 0.402299 0.287500 0.406609 0.287500 0.413793 0.289423 0.417385 0.294231 0.417385 0.311538 0.413075 0.338462 0.403736 0.350962
0 0.942529 0.237500 0.931034 0.233654 0.928879 0.230769 0.927443 0.217308 0.928879 0.190385 0.938218 0.181731 0.943966 0.183654 0.948994 0.192308 0.948994 0.221154 0.946121 0.232692 0.942529 0.237500
0 0.531609 0.781731 0.522989 0.781731 0.517241 0.777885 0.506466 0.761538 0.507902 0.746154 0.512931 0.739423 0.520115 0.735577 0.528736 0.735577 0.540948 0.750000 0.540948 0.767308 0.538075 0.775000 0.531609 0.781731
0 0.270115 0.800962 0.254310 0.799038 0.244253 0.791346 0.234914 0.775000 0.233477 0.759615 0.238506 0.752885 0.242816 0.752885 0.261494 0.762500 0.275144 0.782692 0.276580 0.794231 0.270115 0.800962
0 0.215517 0.777885 0.201149 0.777885 0.183190 0.761538 0.177443 0.748077 0.177443 0.736538 0.183908 0.724038 0.204023 0.722115 0.214799 0.734615 0.220546 0.753846 0.220546 0.771154 0.215517 0.777885
0 0.399425 0.862500 0.386494 0.862500 0.364943 0.850962 0.359914 0.842308 0.359914 0.828846 0.364943 0.822115 0.373563 0.820192 0.403736 0.837500 0.407328 0.842308 0.408764 0.850000 0.399425 0.862500
0 0.817529 0.493269 0.810345 0.493269 0.802443 0.484615 0.798132 0.465385 0.798132 0.450000 0.804598 0.441346 0.811782 0.437500 0.818966 0.437500 0.824713 0.441346 0.829741 0.451923 0.828305 0.471154 0.822557 0.486538 0.817529 0.493269
0 0.000000 0.349038 0.014368 0.341346 0.020115 0.341346 0.028017 0.348077 0.028017 0.355769 0.017241 0.375962 0.010057 0.381731 0.000000 0.379808
0 0.772270 0.000000 0.765086 0.025000 0.751437 0.043269 0.744253 0.043269 0.734914 0.026923 0.737787 0.000000
0 0.998563 0.337500 0.991379 0.335577 0.987787 0.330769 0.989224 0.311538 0.998563 0.299038
0 0.982759 0.364423 0.969828 0.364423 0.966236 0.359615 0.961925 0.350000 0.961925 0.334615 0.965517 0.329808 0.977011 0.331731 0.986351 0.342308 0.986351 0.359615 0.982759 0.364423
0 0.846983 0.000000 0.848420 0.036538 0.845546 0.050000 0.839080 0.054808 0.821121 0.042308 0.821121 0.034615 0.826868 0.019231 0.828305 0.000000
0 0.481322 0.235577 0.474138 0.235577 0.469109 0.228846 0.469109 0.207692 0.474856 0.196154 0.480603 0.169231 0.491379 0.156731 0.498563 0.156731 0.503592 0.163462 0.505029 0.175000 0.502155 0.186538 0.502155 0.203846 0.492098 0.225000 0.481322 0.235577
0 0.265805 0.600962 0.252874 0.600962 0.247845 0.590385 0.247845 0.578846 0.253592 0.565385 0.271552 0.547115 0.283764 0.557692 0.285201 0.573077 0.282328 0.582692 0.265805 0.600962
0 0.998563 0.177885 0.992816 0.177885 0.984195 0.172115 0.976293 0.157692 0.976293 0.128846 0.982759 0.122115 0.998563 0.124038
0 0.109195 0.714423 0.100575 0.714423 0.098420 0.711538 0.098420 0.692308 0.102730 0.682692 0.105603 0.667308 0.113506 0.656731 0.119253 0.656731 0.128592 0.665385 0.125718 0.684615 0.114224 0.709615 0.109195 0.714423
0 0.423851 0.127885 0.409483 0.124038 0.405172 0.125962 0.404454 0.105769 0.410920 0.102885 0.419540 0.093269 0.432471 0.091346 0.437500 0.096154 0.438937 0.105769 0.436063 0.117308 0.429598 0.125962 0.423851 0.127885
0 0.047414 0.987500 0.034483 0.983654 0.022270 0.967308 0.020833 0.961538 0.022270 0.940385 0.027299 0.933654 0.035920 0.931731 0.051006 0.948077 0.053879 0.957692 0.053879 0.976923 0.047414 0.987500
0 0.830460 0.125962 0.821839 0.125962 0.816810 0.119231 0.816810 0.109615 0.827586 0.091346 0.834770 0.089423 0.842672 0.098077 0.842672 0.103846 0.835489 0.113462 0.835489 0.119231 0.830460 0.125962
0 0.231322 0.235577 0.219828 0.235577 0.209052 0.223077 0.204741 0.213462 0.207615 0.196154 0.215517 0.187500 0.227011 0.189423 0.237787 0.201923 0.240661 0.209615 0.239224 0.226923 0.231322 0.235577
0 0.272989 0.210577 0.265805 0.210577 0.257902 0.201923 0.256466 0.186538 0.262213 0.171154 0.268678 0.162500 0.280172 0.154808 0.288793 0.156731 0.295259 0.163462 0.299569 0.173077 0.298132 0.184615 0.283046 0.204808 0.272989 0.210577
0 0.155172 0.764423 0.139368 0.764423 0.128592 0.753846 0.124282 0.738462 0.124282 0.730769 0.127874 0.722115 0.145115 0.724038 0.150862 0.718269 0.162356 0.718269 0.165948 0.723077 0.168822 0.732692 0.165948 0.753846 0.155172 0.764423
0 0.375000 0.172115 0.366379 0.172115 0.361351 0.165385 0.361351 0.111538 0.364943 0.106731 0.370690 0.104808 0.375000 0.104808 0.382902 0.119231 0.382902 0.148077 0.378592 0.167308 0.375000 0.172115
0 0.181034 0.364423 0.160920 0.360577 0.154454 0.351923 0.150144 0.338462 0.156609 0.324038 0.172414 0.322115 0.181034 0.325962 0.181753 0.330769 0.193247 0.344231 0.181034 0.364423
0 0.301724 0.325962 0.290230 0.325962 0.279454 0.311538 0.278017 0.286538 0.283046 0.266346 0.290230 0.266346 0.301006 0.276923 0.295259 0.284615 0.295259 0.300000 0.298851 0.304808 0.309626 0.303846 0.309626 0.315385 0.301724 0.325962
0 0.679598 0.310577 0.668103 0.310577 0.663793 0.306731 0.660201 0.301923 0.658764 0.290385 0.663075 0.280769 0.679598 0.258654 0.688218 0.256731 0.693247 0.267308 0.688937 0.282692 0.688937 0.300000 0.679598 0.310577
0 0.156609 0.952885 0.143678 0.949038 0.135057 0.943269 0.131466 0.936538 0.131466 0.926923 0.133621 0.924038 0.153736 0.908654 0.158764 0.913462 0.158764 0.932692 0.161638 0.942308 0.161638 0.948077 0.156609 0.952885
0 0.215517 0.958654 0.210489 0.953846 0.210489 0.944231 0.206178 0.930769 0.211207 0.927885 0.220546 0.915385 0.219109 0.909615 0.221264 0.906731 0.235632 0.906731 0.242098 0.915385 0.242098 0.932692 0.236351 0.938462 0.236351 0.944231 0.232759 0.950962 0.225575 0.950962 0.215517 0.958654
0 0.096264 0.377885 0.086207 0.377885 0.080460 0.374038 0.078305 0.371154 0.079741 0.357692 0.084770 0.350962 0.094828 0.345192 0.117816 0.345192 0.121408 0.351923 0.121408 0.357692 0.114943 0.366346 0.104885 0.370192 0.096264 0.377885
0 0.329023 0.389423 0.323276 0.387500 0.318247 0.376923 0.316810 0.355769 0.327586 0.354808 0.331178 0.350000 0.332615 0.340385 0.339080 0.339423 0.341236 0.342308 0.339799 0.375000 0.329023 0.389423
0 0.107759 0.312500 0.102011 0.312500 0.096983 0.305769 0.096983 0.300000 0.104167 0.276923 0.106322 0.274038 0.112069 0.274038 0.117098 0.282692 0.117098 0.296154 0.114224 0.300000 0.114224 0.305769 0.107759 0.312500
0 0.296695 0.998077 0.296695 0.994231 0.304598 0.983654 0.321839 0.975962 0.339080 0.977885 0.345546 0.984615 0.349856 0.998077
0 0.788793 0.637500 0.777299 0.635577 0.766523 0.621154 0.766523 0.615385 0.762213 0.609615 0.763649 0.586538 0.771552 0.574038 0.781609 0.575962 0.790948 0.588462 0.795259 0.601923 0.798132 0.617308 0.795259 0.628846 0.788793 0.637500
0 0.166667 0.827885 0.156609 0.822115 0.137931 0.820192 0.132184 0.816346 0.125718 0.807692 0.125718 0.794231 0.132184 0.785577 0.147989 0.785577 0.160920 0.791346 0.167385 0.798077 0.173132 0.809615 0.173132 0.821154 0.166667 0.827885
0 0.139368 0.993269 0.125000 0.991346 0.114224 0.976923 0.114224 0.955769 0.119253 0.949038 0.136494 0.949038 0.145833 0.959615 0.147270 0.982692 0.139368 0.993269
0 0.502874 0.962500 0.491379 0.958654 0.484914 0.950000 0.486351 0.919231 0.489224 0.909615 0.497126 0.900962 0.505747 0.900962 0.510776 0.909615 0.510776 0.951923 0.502874 0.962500
0 0.494253 0.639423 0.488506 0.637500 0.486351 0.630769 0.495690 0.620192 0.502874 0.618269 0.508621 0.612500 0.514368 0.612500 0.517960 0.617308 0.519397 0.626923 0.517241 0.629808 0.512931 0.633654 0.500000 0.635577 0.494253 0.639423
0 0.599138 0.804808 0.587644 0.799038 0.577586 0.799038 0.573276 0.795192 0.568247 0.784615 0.568247 0.769231 0.577586 0.760577 0.586207 0.760577 0.593391 0.764423 0.601293 0.776923 0.604167 0.786538 0.602730 0.800000 0.599138 0.804808
0 0.885057 0.131731 0.875000 0.131731 0.867098 0.121154 0.867098 0.090385 0.873563 0.075962 0.886494 0.075962 0.891523 0.082692 0.894397 0.092308 0.892960 0.119231 0.891523 0.125000 0.885057 0.131731
0 0.935345 0.170192 0.923851 0.170192 0.920259 0.163462 0.920259 0.150000 0.923132 0.142308 0.932471 0.133654 0.941092 0.135577 0.944684 0.142308 0.941810 0.159615 0.935345 0.170192
0 0.679598 0.931731 0.666667 0.929808 0.658764 0.915385 0.658764 0.876923 0.660201 0.867308 0.665230 0.860577 0.673851 0.862500 0.684626 0.882692 0.686063 0.919231 0.679598 0.931731
0 0.837644 0.918269 0.831897 0.918269 0.825431 0.909615 0.823994 0.892308 0.828305 0.878846 0.834770 0.870192 0.847701 0.866346 0.855603 0.875000 0.855603 0.892308 0.849856 0.907692 0.844828 0.914423 0.837644 0.918269
0 0.711207 0.774038 0.692529 0.774038 0.687500 0.765385 0.690374 0.750000 0.701149 0.743269 0.716954 0.743269 0.728448 0.749038 0.736351 0.761538 0.736351 0.767308 0.732759 0.772115 0.719828 0.770192 0.711207 0.774038
0 0.883621 0.600962 0.873563 0.599038 0.867098 0.586538 0.867098 0.563462 0.871408 0.553846 0.877874 0.547115 0.890805 0.550962 0.895833 0.563462 0.894397 0.590385 0.889368 0.599038 0.883621 0.600962
0 0.649425 0.268269 0.642241 0.264423 0.635776 0.255769 0.634339 0.242308 0.637213 0.232692 0.642241 0.225962 0.647989 0.222115 0.656609 0.222115 0.660920 0.224038 0.668822 0.234615 0.668822 0.242308 0.661638 0.259615 0.649425 0.268269
0 0.445402 0.266346 0.438218 0.266346 0.432471 0.262500 0.427443 0.253846 0.428879 0.234615 0.439655 0.224038 0.449713 0.227885 0.453305 0.236538 0.450431 0.259615 0.445402 0.266346
0 0.074713 0.358654 0.064655 0.358654 0.059626 0.353846 0.058190 0.342308 0.062500 0.330769 0.079023 0.312500 0.094828 0.312500 0.099856 0.319231 0.099856 0.330769 0.074713 0.358654
0 0.658046 0.437500 0.652299 0.435577 0.645833 0.426923 0.642960 0.419231 0.645115 0.404808 0.656609 0.404808 0.660201 0.409615 0.661638 0.432692 0.658046 0.437500
0 0.170977 0.116346 0.155172 0.116346 0.148707 0.107692 0.145833 0.100000 0.145833 0.082692 0.149425 0.075962 0.170977 0.074038 0.183190 0.090385 0.183190 0.101923 0.180316 0.109615 0.176724 0.114423 0.170977 0.116346
0 0.218391 0.462500 0.212644 0.462500 0.210489 0.459615 0.210489 0.440385 0.218391 0.429808 0.231322 0.424038 0.237069 0.418269 0.244253 0.420192 0.247845 0.428846 0.225575 0.458654 0.218391 0.462500
0 0.327586 0.354808 0.310345 0.352885 0.308190 0.350000 0.308190 0.334615 0.311782 0.329808 0.329023 0.329808 0.332615 0.336538 0.332615 0.344231 0.327586 0.354808
0 0.021552 0.245192 0.015805 0.245192 0.009339 0.240385 0.009339 0.223077 0.012213 0.209615 0.022989 0.191346 0.037356 0.193269 0.039511 0.196154 0.039511 0.213462 0.029454 0.236538 0.021552 0.245192
0 0.636494 0.575962 0.620690 0.575962 0.610632 0.572115 0.602730 0.559615 0.604167 0.546154 0.612069 0.535577 0.619253 0.535577 0.629310 0.529808 0.636494 0.529808 0.649425 0.535577 0.657328 0.546154 0.658764 0.559615 0.650862 0.570192 0.636494 0.575962
0 0.054598 0.243269 0.045977 0.243269 0.039511 0.232692 0.038075 0.223077 0.039511 0.198077 0.044540 0.191346 0.056034 0.185577 0.064655 0.189423 0.068247 0.194231 0.068247 0.213462 0.062500 0.234615 0.054598 0.243269
0 0.053161 0.331731 0.044540 0.329808 0.039511 0.319231 0.036638 0.301923 0.041667 0.291346 0.047414 0.291346 0.053879 0.300000 0.058190 0.315385 0.058190 0.325000 0.053161 0.331731
0 0.402299 0.785577 0.392241 0.785577 0.388649 0.780769 0.388649 0.771154 0.392960 0.757692 0.403736 0.749038 0.411638 0.755769 0.413075 0.767308 0.408764 0.780769 0.402299 0.785577
0 0.900862 0.656731 0.892241 0.656731 0.881466 0.642308 0.881466 0.615385 0.889368 0.600962 0.897989 0.600962 0.901580 0.605769 0.901580 0.615385 0.910201 0.630769 0.910201 0.644231 0.900862 0.656731
0 0.849138 0.397115 0.827586 0.389423 0.819684 0.380769 0.815374 0.367308 0.815374 0.355769 0.821839 0.345192 0.837644 0.347115 0.843391 0.350962 0.854167 0.365385 0.858477 0.375000 0.858477 0.386538 0.854885 0.393269 0.849138 0.397115
0 0.844828 0.270192 0.834770 0.268269 0.825431 0.253846 0.823994 0.225000 0.837644 0.210577 0.844828 0.212500 0.852730 0.225000 0.849856 0.234615 0.852730 0.240385 0.854167 0.263462 0.844828 0.270192
0 0.685345 0.649038 0.675287 0.649038 0.660920 0.641346 0.657328 0.636538 0.658764 0.623077 0.666667 0.614423 0.682471 0.608654 0.689655 0.610577 0.694684 0.617308 0.697557 0.628846 0.694684 0.638462 0.685345 0.649038
0 0.488506 0.364423 0.482759 0.362500 0.479167 0.357692 0.479167 0.344231 0.487787 0.330769 0.492098 0.315385 0.498563 0.306731 0.504310 0.302885 0.512931 0.304808 0.517960 0.311538 0.513649 0.332692 0.494253 0.362500 0.488506 0.364423
