0 0.000000 0.504167 0.016667 0.509722 0.026389 0.519444 0.043056 0.563889 0.040278 0.594444 0.011111 0.626389 0.002778 0.623611 0.001389 0.630556 0.011111 0.634722 0.012500 0.627778 0.041667 0.604167 0.069444 0.601389 0.108333 0.618056 0.131944 0.644444 0.131944 0.677778 0.123611 0.691667 0.105556 0.704167 0.063889 0.720833 0.055556 0.729167 0.047222 0.729167 0.044444 0.734722 0.008333 0.734722 0.000000 0.729167
0 0.055556 0.537500 0.037500 0.533333 0.034722 0.519444 0.038889 0.512500 0.058333 0.509722 0.062500 0.513889 0.062500 0.530556 0.055556 0.537500
0 0.997222 0.048611 0.979167 0.047222 0.959722 0.025000 0.954167 0.000000
0 0.405556 0.301389 0.350000 0.301389 0.308333 0.284722 0.272222 0.262500 0.259722 0.247222 0.248611 0.222222 0.248611 0.191667 0.256944 0.180556 0.275000 0.170833 0.308333 0.170833 0.358333 0.190278 0.413889 0.223611 0.434722 0.241667 0.437500 0.269444 0.431944 0.283333 0.405556 0.301389
0 0.277778 0.723611 0.252778 0.715278 0.234722 0.700000 0.220833 0.669444 0.204167 0.655556 0.184722 0.619444 0.176389 0.588889 0.179167 0.575000 0.205556 0.556944 0.230556 0.554167 0.263889 0.568056 0.295833 0.597222 0.331944 0.647222 0.334722 0.683333 0.326389 0.700000 0.313889 0.712500 0.277778 0.723611
0 0.202778 0.334722 0.186111 0.334722 0.166667 0.323611 0.093056 0.241667 0.076389 0.208333 0.073611 0.169444 0.094444 0.148611 0.127778 0.151389 0.172222 0.184722 0.215278 0.244444 0.223611 0.261111 0.226389 0.308333 0.223611 0.316667 0.202778 0.334722
0 0.809722 0.997222 0.801389 0.975000 0.801389 0.950000 0.805556 0.943056 0.827778 0.934722 0.844444 0.934722 0.877778 0.945833 0.930556 0.984722 0.934722 0.997222
0 0.827778 0.256944 0.794444 0.256944 0.777778 0.248611 0.766667 0.248611 0.736111 0.229167 0.734722 0.222222 0.723611 0.213889 0.720833 0.150000 0.731944 0.125000 0.741667 0.118056 0.752778 0.112500 0.786111 0.112500 0.802778 0.118056 0.816667 0.126389 0.833333 0.145833 0.858333 0.159722 0.870833 0.177778 0.876389 0.202778 0.865278 0.230556 0.850000 0.245833 0.827778 0.256944
0 0.602778 0.245833 0.538889 0.237500 0.536111 0.231944 0.511111 0.226389 0.476389 0.200000 0.473611 0.166667 0.490278 0.147222 0.497222 0.129167 0.555556 0.137500 0.572222 0.145833 0.594444 0.148611 0.600000 0.154167 0.613889 0.151389 0.643056 0.175000 0.648611 0.186111 0.648611 0.216667 0.622222 0.237500 0.602778 0.245833
0 0.819444 0.798611 0.794444 0.795833 0.790278 0.786111 0.784722 0.786111 0.779167 0.772222 0.779167 0.744444 0.798611 0.677778 0.813889 0.656944 0.833333 0.645833 0.863889 0.637500 0.886111 0.640278 0.898611 0.650000 0.906944 0.666667 0.901389 0.697222 0.848611 0.775000 0.819444 0.798611
0 0.768056 0.000000 0.754167 0.058333 0.736111 0.079167 0.713889 0.084722 0.700000 0.084722 0.697222 0.079167 0.686111 0.076389 0.672222 0.065278 0.658333 0.062500 0.651389 0.055556 0.645833 0.041667 0.645833 0.005556 0.651389 0.000000
0 0.438889 0.448611 0.411111 0.448611 0.377778 0.434722 0.333333 0.404167 0.315278 0.386111 0.306944 0.369444 0.306944 0.347222 0.309722 0.336111 0.325000 0.318056 0.338889 0.309722 0.363889 0.304167 0.413889 0.309722 0.476389 0.350000 0.495833 0.380556 0.498611 0.416667 0.483333 0.434722 0.438889 0.448611
0 0.172222 0.576389 0.165278 0.575000 0.163889 0.551389 0.173611 0.555556 0.172222 0.576389
0 0.758333 0.415278 0.711111 0.412500 0.652778 0.384722 0.618056 0.350000 0.615278 0.338889 0.620833 0.333333 0.618056 0.330556 0.623611 0.316667 0.641667 0.301389 0.666667 0.298611 0.675000 0.293056 0.694444 0.293056 0.730556 0.304167 0.791667 0.334722 0.809722 0.358333 0.809722 0.386111 0.800000 0.401389 0.758333 0.415278
0 0.179167 0.000000 0.144444 0.029167 0.127778 0.037500 0.075000 0.034722 0.058333 0.026389 0.034722 0.000000
0 0.611111 0.968056 0.600000 0.968056 0.597222 0.959722 0.594444 0.962500 0.577778 0.954167 0.562500 0.933333 0.529167 0.838889 0.534722 0.800000 0.543056 0.786111 0.561111 0.770833 0.586111 0.773611 0.604167 0.791667 0.648611 0.897222 0.648611 0.927778 0.643056 0.941667 0.630556 0.954167 0.613889 0.954167 0.611111 0.968056
0 0.987500 0.997222 0.973611 0.988889 0.962500 0.969444 0.959722 0.930556 0.975000 0.912500 0.997222 0.912500
0 0.333333 0.965278 0.305556 0.965278 0.288889 0.956944 0.238889 0.945833 0.225000 0.937500 0.206944 0.919444 0.187500 0.888889 0.187500 0.852778 0.198611 0.838889 0.213889 0.829167 0.250000 0.826389 0.294444 0.848611 0.304167 0.858333 0.305556 0.870833 0.311111 0.868056 0.344444 0.879167 0.362500 0.900000 0.365278 0.933333 0.359722 0.944444 0.333333 0.965278
0 0.084722 0.997222 0.084722 0.947222 0.102778 0.923611 0.122222 0.915278 0.172222 0.915278 0.195833 0.936111 0.206944 0.963889 0.201389 0.980556 0.193056 0.988889 0.195833 0.997222
