0 0.996875 0.642578 0.968750 0.619141 0.957812 0.601562 0.957812 0.582031 0.970313 0.558594 0.981250 0.544922 0.996875 0.544922
0 0.465625 0.865234 0.368750 0.865234 0.332813 0.816406 0.329688 0.757812 0.340625 0.744141 0.365625 0.744141 0.406250 0.779297 0.487500 0.802734 0.504687 0.820312 0.504687 0.839844 0.493750 0.853516 0.465625 0.865234
0 0.134375 0.630859 0.106250 0.623047 0.092188 0.589844 0.092188 0.570312 0.115625 0.541016 0.159375 0.544922 0.184375 0.576172 0.193750 0.568359 0.206250 0.568359 0.210938 0.574219 0.210938 0.589844 0.203125 0.599609 0.187500 0.595703 0.168750 0.615234 0.146875 0.615234 0.134375 0.630859
0 0.053125 0.814453 0.031250 0.810547 0.017188 0.792969 0.017188 0.753906 0.032813 0.707031 0.043750 0.693359 0.078125 0.693359 0.104688 0.714844 0.110937 0.730469 0.114062 0.769531 0.103125 0.783203 0.053125 0.814453
0 0.875000 0.349609 0.859375 0.349609 0.850000 0.337891 0.843750 0.337891 0.829688 0.316406 0.832812 0.296875 0.842187 0.285156 0.842187 0.234375 0.850000 0.224609 0.875000 0.228516 0.895312 0.269531 0.892188 0.316406 0.875000 0.349609
0 0.718750 0.767578 0.700000 0.767578 0.695312 0.761719 0.698438 0.726562 0.712500 0.705078 0.725000 0.705078 0.742188 0.722656 0.742188 0.734375 0.718750 0.767578
0 0.715625 0.888672 0.698438 0.878906 0.692187 0.859375 0.692187 0.832031 0.700000 0.814453 0.725000 0.802734 0.754687 0.832031 0.754687 0.843750 0.715625 0.888672
0 0.342187 0.996094 0.362500 0.970703 0.371875 0.966797 0.396875 0.970703 0.410938 0.996094
0 0.571875 0.880859 0.543750 0.880859 0.539062 0.875000 0.542188 0.847656 0.535937 0.839844 0.535937 0.820312 0.556250 0.787109 0.568750 0.779297 0.596875 0.779297 0.615625 0.791016 0.632812 0.812500 0.632812 0.824219 0.609375 0.865234 0.581250 0.869141 0.571875 0.880859
0 0.212500 0.513672 0.201563 0.507812 0.201563 0.492188 0.182812 0.468750 0.179688 0.433594 0.207813 0.375000 0.221875 0.357422 0.250000 0.349609 0.267188 0.371094 0.267188 0.433594 0.248438 0.472656 0.248438 0.488281 0.242188 0.500000 0.234375 0.509766 0.212500 0.513672
0 0.925000 0.748047 0.915625 0.748047 0.893750 0.728516 0.879687 0.710938 0.879687 0.699219 0.906250 0.662109 0.934375 0.654297 0.951562 0.667969 0.960938 0.714844 0.953125 0.728516 0.925000 0.748047
0 0.615625 0.115234 0.601562 0.109375 0.601562 0.074219 0.621875 0.044922 0.643750 0.044922 0.654687 0.058594 0.654687 0.082031 0.650000 0.087891 0.634375 0.087891 0.615625 0.115234
0 0.887500 0.185547 0.875000 0.185547 0.864062 0.171875 0.860938 0.144531 0.885938 0.089844 0.896875 0.080078 0.912500 0.080078 0.920312 0.089844 0.914062 0.160156 0.896875 0.181641 0.887500 0.185547
0 0.725000 0.791016 0.717187 0.781250 0.717187 0.769531 0.743750 0.732422 0.759375 0.732422 0.792188 0.753906 0.792188 0.765625 0.784375 0.779297 0.725000 0.791016
0 0.160938 0.000000 0.179688 0.046875 0.185938 0.109375 0.170313 0.152344 0.150000 0.181641 0.103125 0.236328 0.071875 0.259766 0.040625 0.244141 0.026562 0.226562 0.020313 0.207031 0.012500 0.197266 0.000000 0.193359
0 0.996875 0.447266 0.990625 0.447266 0.960938 0.417969 0.960938 0.394531 0.975000 0.376953 0.996875 0.376953
0 0.035937 0.996094 0.032813 0.988281 0.035937 0.949219 0.029687 0.929688 0.053125 0.892578 0.075000 0.896484 0.098437 0.929688 0.114062 0.968750 0.114062 0.996094
0 0.996875 0.376953 0.981250 0.373047 0.968750 0.384766 0.964063 0.378906 0.964063 0.308594 0.978125 0.298828 0.996875 0.302734
0 0.996875 0.224609 0.981250 0.216797 0.973437 0.203125 0.976562 0.171875 0.987500 0.158203 0.996875 0.158203
0 0.648438 0.000000 0.645312 0.011719 0.626563 0.031250 0.626563 0.042969 0.615625 0.052734 0.590625 0.025391 0.584375 0.025391 0.579688 0.031250 0.576562 0.058594 0.562500 0.076172 0.531250 0.087891 0.509375 0.087891 0.495312 0.066406 0.492188 0.035156 0.506250 0.017578 0.521875 0.013672 0.535937 0.000000
0 0.996875 0.251953 0.987500 0.255859 0.982812 0.250000 0.985938 0.230469 0.996875 0.224609
0 0.796875 0.611328 0.781250 0.611328 0.768750 0.603516 0.760938 0.593750 0.760938 0.582031 0.775000 0.576172 0.790625 0.583984 0.801562 0.597656 0.796875 0.611328
0 0.996875 0.943359 0.959375 0.939453 0.951562 0.925781 0.951562 0.906250 0.984375 0.861328 0.996875 0.861328
0 0.000000 0.470703 0.029687 0.500000 0.029687 0.523438 0.000000 0.560547
0 0.778125 0.287109 0.771875 0.287109 0.760938 0.269531 0.760938 0.253906 0.776563 0.230469 0.776563 0.222656 0.793750 0.201172 0.809375 0.201172 0.831250 0.212891 0.842187 0.230469 0.842187 0.273438 0.834375 0.283203 0.815625 0.283203 0.790625 0.267578 0.778125 0.287109
0 0.996875 0.857422 0.957812 0.808594 0.957812 0.789062 0.964063 0.773438 0.981250 0.755859 0.996875 0.755859
0 0.687500 0.337891 0.668750 0.333984 0.645312 0.300781 0.645312 0.273438 0.651563 0.257812 0.662500 0.248047 0.690625 0.244141 0.710938 0.261719 0.710938 0.308594 0.704688 0.324219 0.687500 0.337891
0 0.284375 0.705078 0.246875 0.705078 0.231250 0.701172 0.223438 0.691406 0.223438 0.648438 0.254688 0.597656 0.254688 0.578125 0.265625 0.552734 0.278125 0.552734 0.292187 0.574219 0.289062 0.628906 0.295312 0.640625 0.295312 0.671875 0.292187 0.695312 0.284375 0.705078
0 0.320312 0.000000 0.320312 0.019531 0.312500 0.033203 0.306250 0.033203 0.296875 0.021484 0.278125 0.025391 0.273438 0.019531 0.276562 0.000000
0 0.743750 0.662109 0.723437 0.636719 0.726562 0.593750 0.759375 0.568359 0.787500 0.572266 0.790625 0.583984 0.775000 0.576172 0.760938 0.582031 0.760938 0.593750 0.779687 0.613281 0.770312 0.625000 0.770312 0.632812 0.743750 0.662109
0 0.921875 0.884766 0.868750 0.880859 0.864062 0.875000 0.864062 0.859375 0.884375 0.841797 0.918750 0.837891 0.932813 0.855469 0.932813 0.871094 0.921875 0.884766
0 0.771875 0.845703 0.759375 0.841797 0.723437 0.800781 0.723437 0.792969 0.728125 0.787109 0.765625 0.779297 0.790625 0.779297 0.798438 0.792969 0.798438 0.812500 0.789062 0.835938 0.771875 0.845703
