0 0.837644 0.277885 0.834770 0.274038 0.830460 0.274038 0.825431 0.267308 0.822557 0.259615 0.822557 0.242308 0.831178 0.205769 0.841954 0.199038 0.855603 0.217308 0.855603 0.226923 0.861351 0.236538 0.857040 0.244231 0.857040 0.263462 0.853448 0.268269 0.844828 0.270192 0.837644 0.277885
0 0.721264 0.550962 0.711207 0.549038 0.691810 0.526923 0.688937 0.496154 0.695402 0.487500 0.715517 0.487500 0.727730 0.503846 0.729167 0.536538 0.721264 0.550962
0 0.998563 0.654808 0.994253 0.658654 0.985632 0.658654 0.980603 0.651923 0.980603 0.634615 0.983477 0.623077 0.994253 0.614423 0.998563 0.614423
0 0.915230 0.991346 0.899425 0.989423 0.887931 0.979808 0.878592 0.967308 0.875718 0.946154 0.880029 0.930769 0.883621 0.925962 0.895115 0.925962 0.900862 0.929808 0.917385 0.950000 0.921695 0.965385 0.921695 0.978846 0.915230 0.991346
0 0.640086 0.000000 0.642960 0.021154 0.637931 0.027885 0.630747 0.029808 0.625000 0.029808 0.616379 0.022115 0.610632 0.022115 0.602011 0.016346 0.594109 0.003846 0.594109 0.000000
0 0.540230 0.252885 0.527299 0.247115 0.520833 0.234615 0.519397 0.213462 0.525862 0.197115 0.534483 0.197115 0.547414 0.202885 0.555316 0.217308 0.553879 0.240385 0.540230 0.252885
0 0.252874 0.397115 0.231322 0.395192 0.224856 0.390385 0.220546 0.384615 0.220546 0.380769 0.228448 0.368269 0.234195 0.364423 0.239943 0.364423 0.254310 0.354808 0.262931 0.354808 0.272270 0.365385 0.272270 0.375000 0.261494 0.391346 0.252874 0.397115
0 0.862069 0.487500 0.840517 0.487500 0.834052 0.480769 0.831178 0.463462 0.835489 0.448077 0.840517 0.441346 0.863506 0.439423 0.872845 0.448077 0.872845 0.467308 0.868534 0.480769 0.862069 0.487500
0 0.091954 0.631731 0.079023 0.631731 0.070402 0.627885 0.065374 0.621154 0.056753 0.598077 0.053879 0.584615 0.053879 0.559615 0.058190 0.546154 0.064655 0.539423 0.074713 0.537500 0.084770 0.541346 0.092672 0.550000 0.096983 0.565385 0.103448 0.568269 0.108477 0.575000 0.105603 0.580769 0.105603 0.609615 0.102730 0.619231 0.091954 0.631731
0 0.187500 0.000000 0.188937 0.011538 0.181034 0.018269 0.170977 0.014423 0.163075 0.003846 0.163075 0.000000
0 0.662356 0.341346 0.653017 0.328846 0.648707 0.305769 0.655891 0.280769 0.660920 0.275962 0.669540 0.275962 0.680316 0.284615 0.686063 0.315385 0.672414 0.335577 0.665230 0.337500 0.662356 0.341346
0 0.406609 0.950962 0.400144 0.948077 0.401580 0.925000 0.405172 0.920192 0.413075 0.926923 0.413075 0.940385 0.406609 0.950962
0 0.972701 0.447115 0.952586 0.447115 0.948994 0.444231 0.948276 0.408654 0.955460 0.412500 0.965517 0.404808 0.969828 0.408654 0.981322 0.408654 0.984914 0.413462 0.986351 0.432692 0.972701 0.447115
0 0.373563 0.274038 0.366379 0.272115 0.358477 0.261538 0.355603 0.242308 0.355603 0.228846 0.358477 0.217308 0.367816 0.206731 0.377874 0.208654 0.382902 0.219231 0.382902 0.263462 0.377874 0.272115 0.373563 0.274038
0 0.678161 0.637500 0.670977 0.637500 0.664511 0.628846 0.655891 0.603846 0.655891 0.590385 0.660201 0.576923 0.669540 0.568269 0.681034 0.572115 0.686782 0.577885 0.700431 0.603846 0.700431 0.617308 0.696121 0.625000 0.678161 0.637500
0 0.747126 0.097115 0.738506 0.095192 0.727011 0.085577 0.714080 0.083654 0.704741 0.071154 0.703305 0.048077 0.708333 0.037500 0.715517 0.033654 0.719828 0.041346 0.725575 0.037500 0.738506 0.039423 0.740661 0.046154 0.750718 0.057692 0.755029 0.069231 0.756466 0.082692 0.755029 0.088462 0.747126 0.097115
0 0.443966 0.941346 0.435345 0.939423 0.430316 0.930769 0.430316 0.921154 0.435345 0.914423 0.440374 0.917308 0.440374 0.923077 0.447557 0.932692 0.443966 0.941346
0 0.466954 0.318269 0.462644 0.318269 0.459052 0.311538 0.460489 0.298077 0.457615 0.294231 0.457615 0.282692 0.460489 0.271154 0.469828 0.262500 0.477011 0.264423 0.479885 0.268269 0.498563 0.268269 0.503592 0.276923 0.502155 0.290385 0.492816 0.299038 0.477011 0.304808 0.466954 0.318269
0 0.594828 0.950962 0.589080 0.950962 0.579741 0.938462 0.579741 0.928846 0.586207 0.922115 0.591954 0.922115 0.601293 0.930769 0.599856 0.944231 0.594828 0.950962
0 0.306034 0.506731 0.288793 0.502885 0.281609 0.497115 0.278017 0.488462 0.279454 0.473077 0.285201 0.461538 0.291667 0.452885 0.303161 0.445192 0.321839 0.454808 0.325431 0.459615 0.325431 0.469231 0.331178 0.475000 0.331178 0.478846 0.320402 0.489423 0.313218 0.502885 0.306034 0.506731
0 0.867816 0.424038 0.862069 0.422115 0.858477 0.417308 0.862787 0.400000 0.864224 0.378846 0.875000 0.372115 0.887931 0.375962 0.892960 0.386538 0.891523 0.400000 0.882184 0.416346 0.867816 0.424038
0 0.428161 0.295192 0.422414 0.295192 0.415948 0.286538 0.417385 0.265385 0.427443 0.244231 0.442529 0.227885 0.456897 0.225962 0.461925 0.238462 0.454741 0.267308 0.442529 0.285577 0.428161 0.295192
0 0.998563 0.983654 0.992816 0.981731 0.986351 0.973077 0.982040 0.955769 0.982040 0.944231 0.985632 0.939423 0.998563 0.939423
0 0.780172 0.250962 0.772989 0.250962 0.766523 0.240385 0.767960 0.217308 0.778017 0.194231 0.790230 0.177885 0.798851 0.175962 0.805316 0.188462 0.802443 0.209615 0.793822 0.234615 0.780172 0.250962
0 0.423851 0.531731 0.418103 0.529808 0.413075 0.523077 0.410201 0.500000 0.414511 0.488462 0.420977 0.479808 0.436782 0.479808 0.446121 0.492308 0.446121 0.507692 0.438218 0.525962 0.423851 0.531731
0 0.310345 0.247115 0.298851 0.243269 0.288075 0.223077 0.285201 0.203846 0.290230 0.191346 0.297414 0.189423 0.316092 0.193269 0.316810 0.198077 0.323994 0.205769 0.323994 0.232692 0.310345 0.247115
0 0.897989 0.687500 0.889368 0.687500 0.871408 0.669231 0.871408 0.659615 0.874282 0.653846 0.887931 0.639423 0.897989 0.643269 0.905891 0.657692 0.905891 0.675000 0.897989 0.687500
0 0.422414 0.725962 0.419540 0.722115 0.403736 0.724038 0.397270 0.715385 0.391523 0.696154 0.391523 0.680769 0.399425 0.666346 0.419540 0.668269 0.425287 0.672115 0.440374 0.692308 0.422414 0.725962
0 0.752874 0.702885 0.741379 0.702885 0.736351 0.696154 0.730603 0.676923 0.734914 0.646154 0.741379 0.635577 0.747126 0.631731 0.755747 0.633654 0.763649 0.644231 0.766523 0.661538 0.765086 0.684615 0.752874 0.702885
0 0.683908 0.379808 0.672414 0.379808 0.663075 0.369231 0.660201 0.344231 0.665230 0.337500 0.683908 0.331731 0.695402 0.335577 0.709052 0.346154 0.710489 0.351923 0.706178 0.367308 0.696839 0.377885 0.683908 0.379808
0 0.290230 0.570192 0.278736 0.568269 0.270833 0.557692 0.270833 0.540385 0.273707 0.532692 0.278736 0.524038 0.284483 0.520192 0.303161 0.520192 0.311782 0.524038 0.319684 0.538462 0.319684 0.550000 0.313218 0.558654 0.303161 0.560577 0.290230 0.570192
0 0.748563 0.202885 0.737069 0.199038 0.730603 0.184615 0.730603 0.151923 0.737069 0.141346 0.741379 0.139423 0.752874 0.143269 0.759339 0.155769 0.759339 0.188462 0.756466 0.196154 0.748563 0.202885
0 0.051724 0.374038 0.040230 0.370192 0.022270 0.351923 0.022270 0.336538 0.028736 0.324038 0.035920 0.320192 0.048851 0.320192 0.061063 0.330769 0.063937 0.346154 0.063937 0.363462 0.058908 0.372115 0.051724 0.374038
0 0.580460 0.183654 0.568966 0.181731 0.562500 0.173077 0.562500 0.165385 0.566810 0.148077 0.581178 0.115385 0.586207 0.110577 0.590517 0.110577 0.601293 0.119231 0.602730 0.140385 0.601293 0.146154 0.594109 0.153846 0.595546 0.163462 0.586925 0.169231 0.591236 0.178846 0.580460 0.183654
0 0.975575 0.908654 0.962644 0.906731 0.949713 0.899038 0.944684 0.892308 0.927443 0.855769 0.927443 0.848077 0.931034 0.843269 0.939655 0.843269 0.952586 0.850962 0.969828 0.866346 0.983477 0.884615 0.984914 0.900000 0.975575 0.908654
0 0.642241 0.125962 0.629310 0.125962 0.619971 0.109615 0.619971 0.084615 0.630747 0.072115 0.656609 0.075962 0.660201 0.080769 0.660201 0.088462 0.670259 0.101923 0.670259 0.109615 0.663793 0.120192 0.655172 0.124038 0.646552 0.122115 0.642241 0.125962
0 0.456178 0.000000 0.456178 0.013462 0.450431 0.023077 0.441092 0.031731 0.432471 0.033654 0.423851 0.043269 0.415230 0.043269 0.408764 0.032692 0.408764 0.015385 0.413075 0.000000
0 0.471264 0.666346 0.451149 0.664423 0.440374 0.653846 0.433190 0.640385 0.430316 0.628846 0.430316 0.617308 0.436782 0.606731 0.446839 0.604808 0.455460 0.610577 0.477730 0.638462 0.483477 0.651923 0.483477 0.661538 0.481322 0.664423 0.471264 0.666346
0 0.887931 0.774038 0.879310 0.774038 0.870690 0.768269 0.855603 0.748077 0.855603 0.740385 0.864943 0.731731 0.876437 0.731731 0.892241 0.739423 0.897270 0.748077 0.897270 0.759615 0.895833 0.765385 0.887931 0.774038
0 0.106322 0.766346 0.096264 0.766346 0.090517 0.762500 0.086925 0.757692 0.084052 0.746154 0.085489 0.719231 0.097701 0.704808 0.109195 0.706731 0.121408 0.728846 0.117098 0.753846 0.112069 0.762500 0.106322 0.766346
0 0.185345 0.885577 0.179598 0.885577 0.171695 0.875000 0.173132 0.869231 0.168822 0.863462 0.168822 0.846154 0.171695 0.834615 0.165230 0.831731 0.163075 0.828846 0.163793 0.824038 0.173851 0.833654 0.179598 0.831731 0.183908 0.825962 0.186063 0.826923 0.186063 0.834615 0.191810 0.848077 0.196121 0.875000 0.185345 0.885577
0 0.051724 0.281731 0.035920 0.281731 0.022989 0.274038 0.013649 0.263462 0.013649 0.250000 0.028736 0.233654 0.038793 0.233654 0.060345 0.247115 0.063937 0.253846 0.063937 0.267308 0.057471 0.277885 0.051724 0.281731
0 0.517241 0.274038 0.505747 0.272115 0.493534 0.255769 0.489224 0.244231 0.489224 0.219231 0.492816 0.214423 0.500000 0.212500 0.519397 0.238462 0.522270 0.248077 0.522270 0.263462 0.517241 0.274038
0 0.304598 0.679808 0.290230 0.679808 0.278736 0.672115 0.263649 0.651923 0.266523 0.638462 0.270115 0.633654 0.284483 0.633654 0.291667 0.641346 0.316092 0.639423 0.323276 0.643269 0.328305 0.651923 0.328305 0.657692 0.314655 0.675962 0.308908 0.675962 0.304598 0.679808
0 0.622126 0.206731 0.610632 0.206731 0.603448 0.202885 0.594109 0.190385 0.591236 0.176923 0.586925 0.169231 0.595546 0.163462 0.594109 0.153846 0.596264 0.150962 0.602011 0.152885 0.604885 0.149038 0.609195 0.149038 0.620690 0.152885 0.625718 0.159615 0.632902 0.184615 0.630029 0.200000 0.622126 0.206731
0 0.913793 0.527885 0.899425 0.525962 0.894397 0.517308 0.903017 0.505769 0.907328 0.486538 0.912356 0.479808 0.919540 0.479808 0.931753 0.496154 0.933190 0.515385 0.929598 0.516346 0.922414 0.510577 0.913793 0.527885
0 0.268678 0.949038 0.260057 0.947115 0.249282 0.928846 0.249282 0.882692 0.256466 0.878846 0.255029 0.869231 0.262931 0.862500 0.274425 0.862500 0.280891 0.875000 0.280891 0.882692 0.285201 0.892308 0.285201 0.905769 0.282328 0.917308 0.275144 0.930769 0.276580 0.940385 0.268678 0.949038
0 0.318966 0.987500 0.308908 0.983654 0.299569 0.971154 0.296695 0.959615 0.298132 0.925000 0.299569 0.919231 0.307471 0.910577 0.316092 0.912500 0.326868 0.926923 0.331178 0.944231 0.331178 0.975000 0.324713 0.985577 0.318966 0.987500
0 0.176724 0.116346 0.165230 0.114423 0.150862 0.106731 0.144397 0.098077 0.144397 0.086538 0.158046 0.074038 0.172414 0.072115 0.182471 0.077885 0.188937 0.086538 0.190374 0.098077 0.187500 0.105769 0.176724 0.116346
0 0.033046 0.825962 0.027299 0.825962 0.020833 0.819231 0.017960 0.803846 0.006466 0.788462 0.006466 0.778846 0.010057 0.772115 0.028736 0.770192 0.035920 0.772115 0.045259 0.780769 0.048132 0.788462 0.046695 0.805769 0.042385 0.817308 0.033046 0.825962
0 0.254310 0.870192 0.239943 0.866346 0.227730 0.853846 0.223420 0.842308 0.223420 0.821154 0.225575 0.818269 0.235632 0.816346 0.248563 0.831731 0.258621 0.833654 0.266523 0.840385 0.266523 0.851923 0.254310 0.870192
0 0.722701 0.331731 0.714080 0.331731 0.708333 0.327885 0.703305 0.321154 0.703305 0.311538 0.717672 0.294231 0.721983 0.284615 0.721983 0.278846 0.725575 0.274038 0.735632 0.274038 0.743534 0.282692 0.743534 0.300000 0.737787 0.317308 0.734195 0.322115 0.729885 0.322115 0.722701 0.331731
0 0.656609 0.914423 0.649425 0.914423 0.644397 0.909615 0.644397 0.867308 0.650862 0.858654 0.668103 0.854808 0.677443 0.861538 0.678879 0.878846 0.671695 0.900000 0.656609 0.914423
0 0.498563 0.168269 0.489943 0.168269 0.483477 0.159615 0.483477 0.140385 0.490661 0.125000 0.487787 0.101923 0.491379 0.093269 0.501437 0.093269 0.505029 0.100000 0.502155 0.113462 0.506466 0.121154 0.507902 0.136538 0.503592 0.146154 0.509339 0.151923 0.505029 0.161538 0.498563 0.168269
0 0.206897 0.760577 0.191092 0.750962 0.184626 0.740385 0.184626 0.711538 0.186063 0.705769 0.193966 0.695192 0.201149 0.695192 0.209052 0.703846 0.209052 0.709615 0.214799 0.725000 0.214799 0.736538 0.220546 0.740385 0.220546 0.750000 0.206897 0.760577
0 0.455460 0.204808 0.439655 0.200962 0.436063 0.196154 0.433190 0.184615 0.433190 0.169231 0.438937 0.130769 0.446839 0.122115 0.452586 0.124038 0.460489 0.140385 0.463362 0.192308 0.460489 0.200000 0.455460 0.204808
0 0.502155 0.998077 0.514368 0.983654 0.524425 0.985577 0.528017 0.990385 0.528017 0.998077
0 0.123563 0.968269 0.109195 0.966346 0.098420 0.951923 0.096983 0.946154 0.098420 0.921154 0.104885 0.912500 0.119253 0.904808 0.126437 0.904808 0.138649 0.917308 0.138649 0.928846 0.131466 0.940385 0.132902 0.957692 0.123563 0.968269
0 0.352730 0.998077 0.357040 0.978846 0.362787 0.967308 0.362787 0.961538 0.373563 0.950962 0.382184 0.950962 0.390086 0.957692 0.397270 0.976923 0.397270 0.992308 0.394397 0.998077
0 0.400862 0.837500 0.390805 0.837500 0.385776 0.830769 0.382902 0.817308 0.384339 0.798077 0.388649 0.786538 0.396552 0.777885 0.406609 0.779808 0.423132 0.800000 0.427443 0.809615 0.427443 0.819231 0.422414 0.825962 0.400862 0.837500
0 0.524425 0.162500 0.515805 0.160577 0.503592 0.146154 0.507902 0.132692 0.502155 0.109615 0.514368 0.097115 0.520115 0.097115 0.523707 0.101923 0.526580 0.115385 0.526580 0.130769 0.533764 0.142308 0.533764 0.151923 0.524425 0.162500
0 0.534483 0.870192 0.531609 0.866346 0.525862 0.870192 0.522989 0.866346 0.514368 0.868269 0.510776 0.863462 0.507902 0.855769 0.506466 0.828846 0.511494 0.820192 0.520115 0.818269 0.530172 0.824038 0.536638 0.832692 0.539511 0.842308 0.539511 0.855769 0.534483 0.870192
0 0.297414 0.331731 0.288793 0.329808 0.282328 0.321154 0.278017 0.309615 0.278017 0.301923 0.286638 0.273077 0.293103 0.264423 0.298851 0.264423 0.303161 0.258654 0.308908 0.258654 0.318247 0.269231 0.318247 0.286538 0.313937 0.298077 0.313937 0.313462 0.311063 0.323077 0.307471 0.327885 0.297414 0.331731
0 0.317529 0.116346 0.301724 0.112500 0.290948 0.100000 0.289511 0.084615 0.297414 0.070192 0.304598 0.066346 0.324713 0.068269 0.335489 0.076923 0.334052 0.094231 0.323994 0.111538 0.317529 0.116346
0 0.130747 0.862500 0.123563 0.862500 0.114943 0.856731 0.107040 0.844231 0.107040 0.832692 0.112787 0.819231 0.114224 0.807692 0.125000 0.797115 0.137213 0.803846 0.137213 0.809615 0.141523 0.815385 0.140086 0.826923 0.147270 0.834615 0.145115 0.841346 0.135776 0.846154 0.134339 0.857692 0.130747 0.862500
0 0.998563 0.862500 0.991379 0.860577 0.977730 0.842308 0.971983 0.825000 0.971983 0.811538 0.985632 0.797115 0.991379 0.799038 0.998563 0.808654
0 0.686782 0.862500 0.680316 0.857692 0.680316 0.846154 0.684626 0.830769 0.692529 0.818269 0.701149 0.810577 0.711207 0.806731 0.718391 0.806731 0.726293 0.813462 0.724856 0.828846 0.714080 0.843269 0.701149 0.854808 0.686782 0.862500
0 0.571839 0.233654 0.564655 0.233654 0.558190 0.226923 0.558190 0.217308 0.566810 0.198077 0.577586 0.191346 0.586207 0.191346 0.591954 0.195192 0.602730 0.215385 0.602730 0.225000 0.596264 0.231731 0.577586 0.229808 0.571839 0.233654
0 0.834770 0.589423 0.826149 0.587500 0.819684 0.576923 0.818247 0.553846 0.822557 0.538462 0.828305 0.528846 0.833333 0.524038 0.841954 0.522115 0.849856 0.532692 0.851293 0.538462 0.851293 0.561538 0.848420 0.565385 0.846983 0.584615 0.840517 0.583654 0.834770 0.589423
0 0.149425 0.568269 0.144397 0.563462 0.148707 0.551923 0.141523 0.546154 0.141523 0.540385 0.144397 0.536538 0.144397 0.523077 0.159483 0.514423 0.165230 0.514423 0.179598 0.522115 0.183190 0.526923 0.183190 0.551923 0.175287 0.558654 0.149425 0.568269
0 0.629310 0.341346 0.623563 0.339423 0.615661 0.330769 0.611351 0.321154 0.614224 0.313462 0.604167 0.303846 0.605603 0.292308 0.596983 0.286538 0.601293 0.275000 0.609195 0.266346 0.616379 0.268269 0.619971 0.273077 0.632902 0.298077 0.634339 0.336538 0.629310 0.341346
0 0.579023 0.450962 0.561782 0.449038 0.553879 0.440385 0.551006 0.432692 0.551006 0.415385 0.566092 0.391346 0.577586 0.393269 0.591236 0.423077 0.592672 0.440385 0.587644 0.447115 0.579023 0.450962
0 0.000000 0.122115 0.022989 0.120192 0.031609 0.133654 0.035920 0.133654 0.038075 0.163462 0.030172 0.175962 0.014368 0.181731 0.000000 0.162500
0 0.201149 0.260577 0.195402 0.260577 0.190374 0.255769 0.184626 0.242308 0.184626 0.232692 0.181753 0.225000 0.181753 0.213462 0.188218 0.204808 0.198276 0.200962 0.211207 0.204808 0.219109 0.219231 0.214799 0.244231 0.206897 0.256731 0.201149 0.260577
0 0.589080 0.981731 0.580460 0.981731 0.575431 0.975000 0.573994 0.967308 0.580460 0.954808 0.587644 0.950962 0.590517 0.950962 0.595546 0.961538 0.595546 0.973077 0.589080 0.981731
0 0.168103 0.825962 0.147989 0.825962 0.141523 0.817308 0.137213 0.809615 0.135776 0.796154 0.142241 0.783654 0.155172 0.785577 0.164511 0.796154 0.168822 0.805769 0.168103 0.825962
0 0.955460 0.412500 0.939655 0.404808 0.933190 0.396154 0.928879 0.375000 0.936782 0.362500 0.956897 0.381731 0.975575 0.377885 0.980603 0.382692 0.977011 0.408654 0.962644 0.404808 0.955460 0.412500
0 0.382184 0.156731 0.376437 0.156731 0.374282 0.153846 0.374282 0.142308 0.369971 0.121154 0.369971 0.088462 0.375000 0.081731 0.383621 0.093269 0.396552 0.102885 0.403017 0.119231 0.400144 0.126923 0.391523 0.134615 0.387213 0.150000 0.382184 0.156731
0 0.488506 0.081731 0.478448 0.079808 0.463362 0.059615 0.461925 0.034615 0.466236 0.019231 0.475575 0.008654 0.482759 0.012500 0.491379 0.024038 0.498563 0.025962 0.502155 0.036538 0.502155 0.044231 0.507902 0.051923 0.503592 0.057692 0.499282 0.073077 0.488506 0.081731
0 0.913793 0.118269 0.903736 0.118269 0.897270 0.107692 0.897270 0.100000 0.890805 0.091346 0.873563 0.093269 0.865661 0.088462 0.866379 0.083654 0.870690 0.087500 0.874282 0.082692 0.872845 0.055769 0.879310 0.047115 0.887931 0.041346 0.903736 0.043269 0.914511 0.055769 0.915948 0.071154 0.920259 0.078846 0.923132 0.105769 0.913793 0.118269
0 0.574713 0.570192 0.564655 0.570192 0.557471 0.564423 0.548132 0.546154 0.549569 0.526923 0.552443 0.521154 0.566092 0.510577 0.576149 0.512500 0.582615 0.521154 0.585489 0.532692 0.589799 0.538462 0.589799 0.548077 0.584052 0.561538 0.574713 0.570192
0 0.748563 0.054808 0.740661 0.046154 0.738506 0.039423 0.725575 0.037500 0.719828 0.041346 0.710489 0.026923 0.711925 0.017308 0.716954 0.010577 0.728448 0.010577 0.751437 0.027885 0.755029 0.032692 0.755029 0.048077 0.748563 0.054808
0 0.998563 0.608654 0.989943 0.606731 0.986351 0.600000 0.986351 0.578846 0.998563 0.572115
0 0.502874 0.454808 0.489943 0.449038 0.482040 0.438462 0.477730 0.425000 0.480603 0.390385 0.487069 0.381731 0.504310 0.393269 0.510776 0.409615 0.513649 0.425000 0.513649 0.442308 0.507184 0.452885 0.502874 0.454808
0 0.350575 0.170192 0.343391 0.170192 0.331897 0.160577 0.325431 0.148077 0.325431 0.138462 0.322557 0.132692 0.323994 0.109615 0.333333 0.095192 0.335489 0.101923 0.345546 0.115385 0.349856 0.132692 0.355603 0.140385 0.358477 0.150000 0.358477 0.159615 0.350575 0.170192
0 0.699713 0.197115 0.682471 0.189423 0.672414 0.193269 0.663793 0.191346 0.655891 0.178846 0.655891 0.161538 0.662356 0.152885 0.669540 0.150962 0.675287 0.145192 0.688218 0.147115 0.701149 0.154808 0.709052 0.167308 0.707615 0.175000 0.710489 0.178846 0.710489 0.186538 0.699713 0.197115
0 0.158046 0.614423 0.152299 0.614423 0.145833 0.607692 0.145833 0.603846 0.141523 0.598077 0.141523 0.586538 0.138649 0.582692 0.146552 0.568269 0.175287 0.558654 0.174569 0.565385 0.181753 0.573077 0.183190 0.590385 0.168103 0.608654 0.158046 0.614423
0 0.147989 0.675962 0.129310 0.674038 0.120690 0.668269 0.112787 0.657692 0.111351 0.638462 0.119253 0.624038 0.135057 0.625962 0.162356 0.643269 0.165948 0.648077 0.165948 0.657692 0.155172 0.672115 0.147989 0.675962
0 0.806034 0.320192 0.803161 0.320192 0.798132 0.313462 0.786638 0.286538 0.785201 0.269231 0.793103 0.258654 0.803161 0.260577 0.816810 0.276923 0.818247 0.282692 0.819684 0.294231 0.816810 0.305769 0.806034 0.320192
0 0.998563 0.712500 0.985632 0.727885 0.965517 0.727885 0.957615 0.713462 0.950431 0.690385 0.951868 0.678846 0.959770 0.668269 0.968391 0.664423 0.978448 0.666346 0.988506 0.679808 0.998563 0.683654
0 0.475575 0.935577 0.469109 0.928846 0.469109 0.911538 0.466236 0.907692 0.464799 0.896154 0.466954 0.893269 0.481322 0.895192 0.488506 0.889423 0.493534 0.896154 0.497845 0.925000 0.491379 0.933654 0.478448 0.931731 0.475575 0.935577
0 0.788793 0.443269 0.780172 0.443269 0.773707 0.436538 0.770833 0.415385 0.773707 0.398077 0.779454 0.384615 0.787356 0.377885 0.791667 0.377885 0.803879 0.394231 0.805316 0.423077 0.797414 0.437500 0.788793 0.443269
0 0.053161 0.899038 0.037356 0.899038 0.028017 0.886538 0.025144 0.878846 0.025144 0.869231 0.034483 0.854808 0.041667 0.850962 0.051724 0.850962 0.066810 0.871154 0.065374 0.886538 0.053161 0.899038
0 0.132184 0.258654 0.110632 0.258654 0.105603 0.251923 0.105603 0.242308 0.126437 0.214423 0.137931 0.208654 0.150862 0.208654 0.155891 0.217308 0.155891 0.234615 0.149425 0.245192 0.132184 0.258654
0 0.505747 0.972115 0.489943 0.972115 0.480603 0.965385 0.477730 0.959615 0.477730 0.951923 0.483477 0.940385 0.482040 0.932692 0.491379 0.933654 0.498563 0.924038 0.527299 0.925962 0.530891 0.932692 0.530891 0.948077 0.528017 0.955769 0.521552 0.964423 0.505747 0.972115
0 0.998563 0.020192 0.972701 0.018269 0.961925 0.007692 0.961925 0.000000
0 0.846983 0.000000 0.844109 0.015385 0.839080 0.020192 0.829023 0.016346 0.821121 0.005769 0.821121 0.000000
0 0.266523 0.000000 0.259339 0.017308 0.248563 0.024038 0.239224 0.019231 0.237787 0.000000
0 0.751437 0.560577 0.727730 0.526923 0.727730 0.513462 0.737069 0.497115 0.748563 0.497115 0.755747 0.499038 0.758621 0.502885 0.767241 0.500962 0.769397 0.507692 0.776580 0.513462 0.776580 0.521154 0.769397 0.542308 0.755747 0.552885 0.751437 0.560577
0 0.245690 0.875962 0.241379 0.870192 0.235632 0.870192 0.233477 0.867308 0.234914 0.863462 0.245690 0.868269 0.247845 0.871154 0.245690 0.875962
0 0.612069 0.591346 0.603448 0.591346 0.600575 0.587500 0.591954 0.587500 0.589799 0.584615 0.592672 0.576923 0.589799 0.559615 0.589799 0.532692 0.593391 0.525962 0.599138 0.525962 0.609195 0.533654 0.616379 0.529808 0.622126 0.539423 0.627155 0.542308 0.621408 0.551923 0.622845 0.576923 0.619971 0.584615 0.612069 0.591346
0 0.863506 0.308654 0.841954 0.306731 0.835489 0.296154 0.836925 0.278846 0.844828 0.270192 0.853448 0.268269 0.860632 0.262500 0.875000 0.266346 0.882902 0.278846 0.882902 0.290385 0.873563 0.304808 0.863506 0.308654
0 0.495690 0.904808 0.493534 0.903846 0.493534 0.896154 0.487787 0.886538 0.487787 0.876923 0.494253 0.858654 0.510057 0.858654 0.514368 0.868269 0.522989 0.866346 0.525144 0.869231 0.528017 0.876923 0.528017 0.886538 0.522989 0.893269 0.508621 0.893269 0.495690 0.904808
0 0.307471 0.385577 0.300287 0.383654 0.292385 0.373077 0.292385 0.361538 0.296695 0.344231 0.301724 0.337500 0.320402 0.337500 0.333333 0.333654 0.340517 0.335577 0.344109 0.342308 0.341236 0.355769 0.307471 0.385577
0 0.067529 0.954808 0.054598 0.952885 0.046695 0.940385 0.046695 0.928846 0.051006 0.915385 0.061782 0.904808 0.070402 0.904808 0.074713 0.910577 0.081897 0.910577 0.090517 0.916346 0.094109 0.925000 0.094109 0.932692 0.087644 0.947115 0.074713 0.949038 0.067529 0.954808
0 0.195402 0.337500 0.183908 0.337500 0.167385 0.321154 0.165948 0.307692 0.170977 0.297115 0.183908 0.289423 0.195402 0.289423 0.212644 0.291346 0.219109 0.298077 0.217672 0.305769 0.209052 0.317308 0.206178 0.326923 0.195402 0.337500
0 0.854885 0.643269 0.843391 0.641346 0.839799 0.634615 0.839799 0.621154 0.842672 0.605769 0.845546 0.601923 0.848420 0.565385 0.852011 0.560577 0.862787 0.573077 0.867098 0.586538 0.865661 0.628846 0.854885 0.643269
0 0.234195 0.910577 0.222701 0.906731 0.205460 0.906731 0.203305 0.903846 0.203305 0.890385 0.206178 0.882692 0.218391 0.870192 0.228448 0.872115 0.234195 0.868269 0.244253 0.872115 0.250718 0.886538 0.249282 0.896154 0.244253 0.904808 0.238506 0.902885 0.234195 0.910577
0 0.603448 0.347115 0.586207 0.347115 0.581178 0.342308 0.581178 0.332692 0.585489 0.315385 0.585489 0.292308 0.590517 0.283654 0.603448 0.289423 0.605603 0.292308 0.604167 0.303846 0.614224 0.313462 0.603448 0.347115
0 0.969828 0.089423 0.962644 0.089423 0.957615 0.080769 0.957615 0.048077 0.947557 0.032692 0.948994 0.025000 0.952586 0.020192 0.968391 0.020192 0.983477 0.042308 0.977730 0.080769 0.969828 0.089423
0 0.877874 0.247115 0.866379 0.243269 0.855603 0.226923 0.855603 0.217308 0.849856 0.209615 0.846983 0.194231 0.846983 0.184615 0.850575 0.179808 0.854885 0.177885 0.864943 0.185577 0.880029 0.203846 0.881466 0.213462 0.884339 0.217308 0.884339 0.234615 0.877874 0.247115
0 0.176724 0.833654 0.173851 0.833654 0.168822 0.826923 0.170259 0.798077 0.176724 0.791346 0.199713 0.797115 0.201868 0.800000 0.200431 0.813462 0.191092 0.825962 0.183908 0.825962 0.176724 0.833654
0 0.680316 0.998077 0.690374 0.975000 0.696121 0.953846 0.711207 0.937500 0.722701 0.935577 0.729885 0.939423 0.739224 0.950000 0.742098 0.955769 0.742098 0.965385 0.737787 0.976923 0.721264 0.991346 0.717672 0.998077
0 0.234195 0.479808 0.222701 0.479808 0.212644 0.472115 0.207615 0.463462 0.207615 0.448077 0.216236 0.434615 0.219109 0.421154 0.228448 0.412500 0.239943 0.416346 0.253592 0.434615 0.252155 0.457692 0.241379 0.475962 0.234195 0.479808
0 0.244253 0.779808 0.234195 0.779808 0.220546 0.759615 0.220546 0.734615 0.228448 0.725962 0.258621 0.724038 0.260776 0.726923 0.260776 0.736538 0.257902 0.753846 0.250718 0.773077 0.244253 0.779808
0 0.000000 0.935577 0.010057 0.935577 0.044540 0.966346 0.051006 0.975000 0.051006 0.986538 0.044540 0.995192 0.022989 0.995192 0.020833 0.998077
0 0.275862 0.772115 0.261494 0.772115 0.253592 0.763462 0.257902 0.753846 0.260776 0.728846 0.267241 0.729808 0.274425 0.722115 0.281609 0.722115 0.292385 0.732692 0.295259 0.751923 0.292385 0.761538 0.285920 0.770192 0.275862 0.772115
0 0.617816 0.393269 0.606322 0.391346 0.591236 0.376923 0.586925 0.363462 0.591954 0.345192 0.603448 0.347115 0.609195 0.343269 0.622126 0.345192 0.624282 0.348077 0.630029 0.359615 0.631466 0.380769 0.617816 0.393269
0 0.053161 0.175962 0.044540 0.174038 0.038075 0.165385 0.036638 0.130769 0.051724 0.104808 0.063218 0.102885 0.078305 0.123077 0.078305 0.136538 0.063937 0.167308 0.058908 0.174038 0.053161 0.175962
0 0.850575 0.931731 0.810345 0.927885 0.795977 0.920192 0.788075 0.905769 0.788075 0.888462 0.800287 0.872115 0.807471 0.870192 0.813218 0.864423 0.830460 0.862500 0.858477 0.894231 0.861351 0.917308 0.850575 0.931731
0 0.329023 0.745192 0.320402 0.745192 0.313218 0.741346 0.306753 0.730769 0.303879 0.715385 0.305316 0.690385 0.320402 0.666346 0.326149 0.672115 0.334770 0.670192 0.340517 0.674038 0.346983 0.686538 0.346983 0.700000 0.341236 0.713462 0.342672 0.730769 0.333333 0.743269 0.329023 0.745192
0 0.257184 0.572115 0.247126 0.570192 0.239943 0.560577 0.229885 0.556731 0.224856 0.550000 0.221983 0.542308 0.221983 0.532692 0.229885 0.518269 0.238506 0.514423 0.250000 0.516346 0.258621 0.522115 0.268678 0.535577 0.273707 0.534615 0.270833 0.540385 0.270833 0.557692 0.257184 0.572115
0 0.574713 0.743269 0.557471 0.743269 0.540230 0.733654 0.530891 0.721154 0.529454 0.715385 0.530891 0.696154 0.538793 0.687500 0.548851 0.685577 0.576149 0.704808 0.585489 0.721154 0.585489 0.732692 0.574713 0.743269
0 0.699713 0.783654 0.692529 0.783654 0.688937 0.778846 0.688937 0.769231 0.693247 0.755769 0.701868 0.736538 0.708333 0.727885 0.719828 0.724038 0.732040 0.738462 0.732040 0.753846 0.722701 0.768269 0.699713 0.783654
0 0.205460 0.670192 0.191092 0.668269 0.184626 0.659615 0.184626 0.638462 0.196839 0.622115 0.218391 0.616346 0.224856 0.623077 0.226293 0.636538 0.219109 0.655769 0.209770 0.668269 0.205460 0.670192
0 0.518678 0.550962 0.504310 0.547115 0.496408 0.534615 0.496408 0.521154 0.499282 0.515385 0.500718 0.501923 0.503592 0.494231 0.511494 0.485577 0.520115 0.487500 0.530891 0.501923 0.536638 0.521154 0.535201 0.542308 0.518678 0.550962
0 0.416667 0.618269 0.403736 0.618269 0.392241 0.612500 0.384339 0.601923 0.382902 0.586538 0.385776 0.580769 0.399425 0.568269 0.410920 0.568269 0.416667 0.572115 0.424569 0.584615 0.426006 0.600000 0.424569 0.609615 0.416667 0.618269
0 0.780172 0.085577 0.768678 0.083654 0.762213 0.071154 0.762213 0.065385 0.757902 0.055769 0.759339 0.040385 0.774425 0.020192 0.781609 0.020192 0.789511 0.030769 0.790948 0.075000 0.780172 0.085577
0 0.051724 0.462500 0.025862 0.458654 0.017960 0.453846 0.017960 0.444231 0.013649 0.436538 0.013649 0.425000 0.022989 0.408654 0.030172 0.408654 0.038793 0.402885 0.048851 0.400962 0.059626 0.411538 0.062500 0.417308 0.062500 0.450000 0.051724 0.462500
0 0.346264 0.512500 0.331897 0.508654 0.324713 0.497115 0.317529 0.504808 0.313937 0.501923 0.316810 0.494231 0.331178 0.478846 0.331178 0.475000 0.325431 0.469231 0.323994 0.457692 0.329023 0.454808 0.334770 0.460577 0.349138 0.443269 0.366379 0.445192 0.374282 0.453846 0.378592 0.463462 0.377155 0.484615 0.362069 0.502885 0.346264 0.512500
0 0.173132 0.998077 0.173132 0.992308 0.169540 0.987500 0.158046 0.979808 0.152299 0.979808 0.148707 0.975000 0.150144 0.953846 0.158046 0.945192 0.191092 0.947115 0.198994 0.955769 0.200431 0.980769 0.198994 0.986538 0.190374 0.998077
0 0.853448 0.104808 0.847701 0.102885 0.842672 0.092308 0.841236 0.069231 0.852011 0.050962 0.862069 0.049038 0.869253 0.058654 0.872845 0.059615 0.874282 0.082692 0.870690 0.087500 0.866379 0.083654 0.864224 0.094231 0.853448 0.104808
0 0.346983 0.000000 0.357040 0.011538 0.354167 0.028846 0.349138 0.035577 0.337644 0.035577 0.327586 0.029808 0.318247 0.015385 0.318247 0.000000
0 0.206178 0.998077 0.204741 0.990385 0.211207 0.977885 0.225575 0.974038 0.239943 0.964423 0.252874 0.966346 0.278736 0.983654 0.283764 0.990385 0.285201 0.998077
0 0.742816 0.937500 0.728448 0.935577 0.721264 0.929808 0.717672 0.923077 0.719109 0.913462 0.731322 0.897115 0.760057 0.879808 0.771552 0.879808 0.779454 0.892308 0.779454 0.898077 0.775144 0.907692 0.752874 0.935577 0.742816 0.937500
0 0.452586 0.745192 0.428161 0.743269 0.423132 0.736538 0.423132 0.725000 0.442529 0.689423 0.455460 0.685577 0.466954 0.687500 0.477730 0.698077 0.480603 0.711538 0.476293 0.725000 0.468391 0.735577 0.452586 0.745192
0 0.816092 0.675962 0.795977 0.666346 0.783764 0.650000 0.783764 0.632692 0.794540 0.614423 0.803161 0.614423 0.807471 0.618269 0.823994 0.644231 0.826868 0.669231 0.823276 0.674038 0.816092 0.675962
0 0.544540 0.650962 0.530172 0.647115 0.510776 0.617308 0.507902 0.609615 0.507902 0.596154 0.511494 0.591346 0.525862 0.589423 0.531609 0.593269 0.538793 0.606731 0.544540 0.606731 0.546695 0.609615 0.552443 0.626923 0.552443 0.640385 0.544540 0.650962
0 0.998563 0.472115 0.994253 0.470192 0.987787 0.459615 0.990661 0.448077 0.998563 0.443269
0 0.094828 0.210577 0.086207 0.210577 0.076868 0.200000 0.075431 0.192308 0.079741 0.180769 0.090517 0.166346 0.106322 0.154808 0.119253 0.152885 0.125000 0.156731 0.127155 0.159615 0.127155 0.171154 0.124282 0.178846 0.110632 0.199038 0.094828 0.210577
0 0.681034 0.504808 0.670977 0.502885 0.665948 0.496154 0.657328 0.461538 0.658764 0.451923 0.668103 0.439423 0.675287 0.437500 0.691092 0.441346 0.694684 0.446154 0.700431 0.465385 0.700431 0.480769 0.685345 0.502885 0.681034 0.504808
0 0.936782 0.897115 0.926724 0.895192 0.908046 0.881731 0.895833 0.863462 0.885776 0.834615 0.889368 0.829808 0.897989 0.829808 0.908046 0.845192 0.919540 0.856731 0.926724 0.854808 0.934626 0.871154 0.933190 0.875000 0.935345 0.874038 0.944684 0.890385 0.943966 0.893269 0.941092 0.889423 0.936782 0.897115
0 0.448276 0.864423 0.419540 0.862500 0.411638 0.853846 0.411638 0.848077 0.425287 0.829808 0.436782 0.824038 0.456897 0.825962 0.460489 0.832692 0.459052 0.848077 0.448276 0.864423
0 0.932471 0.566346 0.919540 0.564423 0.911638 0.555769 0.913075 0.528846 0.922414 0.510577 0.929598 0.516346 0.945402 0.516346 0.949713 0.510577 0.954023 0.510577 0.956178 0.519231 0.947557 0.540385 0.948994 0.550000 0.941092 0.560577 0.932471 0.566346
0 0.129310 0.589423 0.116379 0.587500 0.103448 0.568269 0.099138 0.568269 0.095546 0.561538 0.092672 0.550000 0.096983 0.546154 0.096983 0.536538 0.099856 0.528846 0.107759 0.520192 0.142960 0.528846 0.144397 0.536538 0.141523 0.540385 0.141523 0.546154 0.148707 0.551923 0.144397 0.559615 0.147270 0.567308 0.136494 0.585577 0.129310 0.589423
0 0.525144 0.000000 0.533764 0.038462 0.533764 0.050000 0.532328 0.055769 0.522989 0.066346 0.517241 0.064423 0.502155 0.044231 0.502155 0.036538 0.499282 0.030769 0.502155 0.000000
0 0.936782 0.458654 0.929598 0.458654 0.916667 0.441346 0.905891 0.432692 0.904454 0.423077 0.909483 0.414423 0.919540 0.408654 0.926724 0.408654 0.935345 0.418269 0.943966 0.422115 0.948994 0.421154 0.948994 0.444231 0.936782 0.458654
0 0.173851 0.414423 0.156609 0.412500 0.153017 0.409615 0.145833 0.394231 0.147270 0.378846 0.156609 0.368269 0.170977 0.366346 0.175287 0.362500 0.193966 0.368269 0.197557 0.373077 0.197557 0.378846 0.193247 0.396154 0.186782 0.406731 0.173851 0.414423
0 0.544540 0.900962 0.535920 0.900962 0.530891 0.892308 0.540230 0.849038 0.548851 0.849038 0.554598 0.852885 0.562500 0.863462 0.563937 0.869231 0.559626 0.888462 0.544540 0.900962
0 0.089080 0.354808 0.080460 0.352885 0.075431 0.346154 0.069684 0.313462 0.066810 0.309615 0.066810 0.300000 0.079023 0.287500 0.094828 0.289423 0.101293 0.298077 0.105603 0.309615 0.107040 0.328846 0.102730 0.344231 0.097701 0.350962 0.089080 0.354808
0 0.544540 0.364423 0.538793 0.364423 0.530891 0.355769 0.528017 0.338462 0.515086 0.319231 0.515086 0.309615 0.522989 0.300962 0.540230 0.299038 0.548132 0.307692 0.553879 0.336538 0.553879 0.350000 0.552443 0.357692 0.544540 0.364423
0 0.000000 0.699038 0.022989 0.683654 0.043103 0.683654 0.050287 0.687500 0.059626 0.703846 0.059626 0.719231 0.053161 0.727885 0.045977 0.731731 0.025862 0.727885 0.017241 0.741346 0.008621 0.747115 0.000000 0.747115
0 0.744253 0.612500 0.738506 0.610577 0.729167 0.598077 0.729167 0.578846 0.738506 0.564423 0.747126 0.556731 0.751437 0.560577 0.755747 0.552885 0.761494 0.549038 0.771552 0.556731 0.775144 0.563462 0.773707 0.582692 0.764368 0.600962 0.755747 0.608654 0.744253 0.612500
0 0.913793 0.393269 0.902299 0.389423 0.890086 0.373077 0.890086 0.367308 0.893678 0.362500 0.902299 0.360577 0.916667 0.339423 0.922414 0.339423 0.927443 0.346154 0.926006 0.373077 0.923132 0.382692 0.913793 0.393269
0 0.045977 0.049038 0.037356 0.049038 0.030172 0.045192 0.023707 0.036538 0.022270 0.026923 0.028736 0.020192 0.037356 0.020192 0.053161 0.012500 0.068966 0.014423 0.072557 0.019231 0.072557 0.025000 0.056034 0.045192 0.045977 0.049038
0 0.808190 0.998077 0.808190 0.994231 0.818966 0.983654 0.840517 0.985577 0.847701 0.991346 0.851293 0.998077
0 0.748563 0.395192 0.738506 0.391346 0.730603 0.376923 0.729167 0.342308 0.739943 0.324038 0.747126 0.324038 0.750718 0.328846 0.753592 0.348077 0.767960 0.363462 0.767960 0.375000 0.748563 0.395192
0 0.841954 0.822115 0.824713 0.820192 0.811063 0.805769 0.809626 0.794231 0.813937 0.782692 0.820402 0.774038 0.826149 0.770192 0.836207 0.772115 0.848420 0.786538 0.852730 0.798077 0.852730 0.809615 0.847701 0.818269 0.841954 0.822115
0 0.633621 0.675962 0.623563 0.675962 0.614224 0.663462 0.612787 0.626923 0.623563 0.612500 0.633621 0.614423 0.640805 0.620192 0.650144 0.638462 0.650144 0.651923 0.645833 0.665385 0.633621 0.675962
0 0.474138 0.841346 0.462644 0.839423 0.456897 0.825962 0.451149 0.825962 0.448994 0.823077 0.446121 0.807692 0.447557 0.796154 0.464080 0.779808 0.482759 0.774038 0.491379 0.775962 0.497845 0.782692 0.497845 0.801923 0.484914 0.830769 0.474138 0.841346
0 0.278736 0.277885 0.271552 0.277885 0.265805 0.272115 0.260776 0.253846 0.263649 0.225000 0.270115 0.212500 0.278736 0.212500 0.283046 0.216346 0.289511 0.238462 0.288075 0.261538 0.278736 0.277885
0 0.629310 0.810577 0.619253 0.810577 0.609914 0.800000 0.609914 0.784615 0.612787 0.776923 0.627874 0.754808 0.633621 0.750962 0.646552 0.750962 0.653736 0.754808 0.659483 0.749038 0.661638 0.753846 0.657328 0.761538 0.657328 0.776923 0.654454 0.784615 0.639368 0.804808 0.629310 0.810577
0 0.689655 0.131731 0.683908 0.129808 0.677443 0.121154 0.676006 0.100000 0.683190 0.080769 0.693966 0.074038 0.699713 0.075962 0.703305 0.082692 0.701868 0.111538 0.697557 0.123077 0.689655 0.131731
0 0.913793 0.235577 0.905172 0.235577 0.901580 0.230769 0.900144 0.205769 0.901580 0.196154 0.913075 0.176923 0.922414 0.175962 0.931753 0.190385 0.934626 0.209615 0.925287 0.225962 0.913793 0.235577
0 0.429598 0.387500 0.410920 0.383654 0.395833 0.367308 0.392960 0.344231 0.400862 0.331731 0.410920 0.325962 0.418103 0.327885 0.428161 0.333654 0.436063 0.346154 0.440374 0.359615 0.440374 0.375000 0.435345 0.383654 0.429598 0.387500
0 0.998563 0.389423 0.994971 0.386538 0.989224 0.371154 0.990661 0.350000 0.993534 0.342308 0.998563 0.337500
0 0.998563 0.095192 0.985632 0.095192 0.977730 0.076923 0.983477 0.048077 0.982040 0.038462 0.988506 0.033654 0.992816 0.039423 0.998563 0.039423
0 0.144397 0.998077 0.149425 0.989423 0.154454 0.986538 0.153736 0.979808 0.158046 0.979808 0.169540 0.987500 0.173132 0.992308 0.173132 0.998077
0 0.326149 0.839423 0.314655 0.839423 0.303161 0.831731 0.295259 0.817308 0.296695 0.801923 0.306034 0.789423 0.320402 0.781731 0.330460 0.781731 0.336925 0.790385 0.335489 0.819231 0.326149 0.839423
0 0.602011 0.664423 0.593391 0.664423 0.579023 0.654808 0.567529 0.652885 0.558190 0.638462 0.558190 0.617308 0.568966 0.608654 0.583333 0.608654 0.591954 0.612500 0.604167 0.628846 0.609914 0.644231 0.609914 0.655769 0.602011 0.664423
0 0.098420 0.998077 0.099856 0.988462 0.109195 0.977885 0.116379 0.974038 0.127874 0.975962 0.132184 0.981731 0.135057 0.981731 0.144397 0.998077
0 0.729885 0.479808 0.711207 0.477885 0.700431 0.467308 0.697557 0.457692 0.700431 0.453846 0.701868 0.438462 0.706897 0.431731 0.714080 0.431731 0.722701 0.443269 0.737069 0.447115 0.742098 0.453846 0.742098 0.469231 0.737069 0.475962 0.729885 0.479808
0 0.135776 0.000000 0.142960 0.015385 0.142960 0.032692 0.139368 0.039423 0.132184 0.043269 0.120690 0.041346 0.115661 0.034615 0.111351 0.021154 0.111351 0.003846 0.114224 0.000000
0 0.978448 0.304808 0.969828 0.304808 0.946121 0.286538 0.944684 0.278846 0.951149 0.264423 0.961207 0.258654 0.974138 0.258654 0.989224 0.269231 0.989224 0.290385 0.978448 0.304808
0 0.251437 0.133654 0.242816 0.133654 0.237787 0.128846 0.234914 0.117308 0.236351 0.100000 0.239224 0.088462 0.248563 0.072115 0.255747 0.068269 0.265805 0.068269 0.275144 0.078846 0.275144 0.094231 0.267960 0.115385 0.257184 0.129808 0.251437 0.133654
0 0.316092 0.193269 0.297414 0.189423 0.283046 0.193269 0.270833 0.176923 0.270833 0.167308 0.277299 0.156731 0.293103 0.156731 0.300287 0.150962 0.308908 0.150962 0.316810 0.159615 0.316810 0.171154 0.321121 0.180769 0.321121 0.186538 0.316092 0.193269
0 0.813218 0.508654 0.801724 0.504808 0.792385 0.490385 0.789511 0.478846 0.792385 0.463462 0.807471 0.445192 0.811782 0.445192 0.816810 0.450000 0.819684 0.467308 0.825431 0.482692 0.825431 0.496154 0.813218 0.508654
0 0.311063 0.000000 0.308190 0.013462 0.301724 0.020192 0.293103 0.018269 0.283764 0.000000
0 0.987069 0.177885 0.978448 0.175962 0.966954 0.154808 0.954023 0.150962 0.948994 0.146154 0.946121 0.134615 0.954023 0.122115 0.959770 0.118269 0.977011 0.120192 0.993534 0.134615 0.996408 0.144231 0.996408 0.157692 0.993534 0.163462 0.993534 0.171154 0.987069 0.177885
