0 0.880556 0.868056 0.858333 0.868056 0.830556 0.851389 0.812500 0.827778 0.790278 0.808333 0.779167 0.788889 0.779167 0.777778 0.781944 0.758333 0.797222 0.743056 0.838889 0.731944 0.875000 0.704167 0.897222 0.698611 0.909722 0.705556 0.931944 0.733333 0.937500 0.747222 0.937500 0.786111 0.912500 0.844444 0.880556 0.868056
0 0.268056 0.000000 0.262500 0.005556 0.262500 0.013889 0.284722 0.030556 0.298611 0.075000 0.318056 0.102778 0.320833 0.119444 0.320833 0.147222 0.288889 0.176389 0.280556 0.179167 0.250000 0.179167 0.225000 0.168056 0.204167 0.147222 0.195833 0.130556 0.193056 0.091667 0.198611 0.063889 0.208333 0.059722 0.231944 0.033333 0.219444 0.031944 0.191667 0.051389 0.161111 0.045833 0.137500 0.019444 0.131944 0.000000
0 0.694444 0.787500 0.688889 0.787500 0.680556 0.779167 0.672222 0.779167 0.648611 0.752778 0.637500 0.722222 0.637500 0.677778 0.651389 0.636111 0.670833 0.611111 0.694444 0.590278 0.716667 0.587500 0.736111 0.595833 0.751389 0.611111 0.759722 0.636111 0.762500 0.663889 0.754167 0.719444 0.737500 0.761111 0.719444 0.784722 0.694444 0.787500
0 0.516667 0.893056 0.461111 0.884722 0.436111 0.873611 0.379167 0.827778 0.379167 0.800000 0.411111 0.779167 0.452778 0.765278 0.513889 0.770833 0.536111 0.762500 0.561111 0.762500 0.579167 0.786111 0.576389 0.819444 0.556944 0.861111 0.516667 0.893056
0 0.493056 0.000000 0.452778 0.031944 0.413889 0.026389 0.402778 0.020833 0.384722 0.000000
0 0.997222 0.354167 0.977778 0.365278 0.966667 0.365278 0.941667 0.376389 0.897222 0.379167 0.888889 0.376389 0.876389 0.361111 0.865278 0.336111 0.865278 0.313889 0.886111 0.284722 0.941667 0.259722 0.997222 0.254167
0 0.527778 0.276389 0.491667 0.276389 0.475000 0.270833 0.455556 0.259722 0.418056 0.219444 0.418056 0.183333 0.423611 0.169444 0.472222 0.129167 0.511111 0.126389 0.547222 0.137500 0.576389 0.163889 0.587500 0.186111 0.590278 0.222222 0.579167 0.250000 0.569444 0.262500 0.527778 0.276389
0 0.115278 0.997222 0.120833 0.972222 0.133333 0.959722 0.161111 0.943056 0.191667 0.943056 0.202778 0.948611 0.240278 0.977778 0.248611 0.986111 0.251389 0.997222
0 0.000000 0.276389 0.022222 0.265278 0.038889 0.265278 0.061111 0.273611 0.088889 0.293056 0.106944 0.311111 0.118056 0.330556 0.131944 0.380556 0.126389 0.419444 0.100000 0.448611 0.080556 0.459722 0.050000 0.462500 0.027778 0.454167 0.019444 0.445833 0.000000 0.445833
0 0.837500 0.000000 0.837500 0.016667 0.818056 0.047222 0.800000 0.068056 0.788889 0.073611 0.761111 0.073611 0.743056 0.061111 0.743056 0.052778 0.734722 0.038889 0.734722 0.016667 0.729167 0.000000
0 0.537500 0.000000 0.545833 0.011111 0.548611 0.044444 0.530556 0.068056 0.511111 0.076389 0.494444 0.076389 0.469444 0.062500 0.462500 0.047222 0.462500 0.022222 0.493056 0.000000
0 0.740278 0.997222 0.747222 0.984722 0.758333 0.981944 0.783333 0.965278 0.811111 0.965278 0.841667 0.979167 0.851389 0.997222
0 0.000000 0.870833 0.016667 0.870833 0.038889 0.879167 0.095833 0.925000 0.118056 0.955556 0.120833 0.977778 0.115278 0.997222
0 0.600000 0.612500 0.583333 0.612500 0.559722 0.588889 0.548611 0.569444 0.548611 0.550000 0.540278 0.527778 0.543056 0.469444 0.562500 0.427778 0.595833 0.388889 0.598611 0.377778 0.616667 0.359722 0.641667 0.359722 0.659722 0.372222 0.670833 0.397222 0.670833 0.413889 0.662500 0.430556 0.662500 0.508333 0.643056 0.569444 0.629167 0.588889 0.600000 0.612500
0 0.825000 0.598611 0.780556 0.595833 0.751389 0.572222 0.751389 0.563889 0.731944 0.533333 0.726389 0.511111 0.726389 0.494444 0.744444 0.465278 0.772222 0.459722 0.802778 0.468056 0.838889 0.493056 0.856944 0.516667 0.862500 0.530556 0.859722 0.569444 0.844444 0.587500 0.833333 0.590278 0.825000 0.598611
0 0.150000 0.590278 0.127778 0.590278 0.095833 0.563889 0.095833 0.511111 0.112500 0.477778 0.141667 0.454167 0.188889 0.451389 0.222222 0.470833 0.237500 0.488889 0.248611 0.508333 0.248611 0.538889 0.238889 0.551389 0.222222 0.554167 0.194444 0.573611 0.166667 0.587500 0.150000 0.590278
0 0.188889 0.801389 0.141667 0.798611 0.094444 0.776389 0.059722 0.750000 0.045833 0.725000 0.045833 0.672222 0.066667 0.645833 0.077778 0.640278 0.091667 0.640278 0.130556 0.651389 0.219444 0.687500 0.254167 0.711111 0.262500 0.733333 0.262500 0.750000 0.254167 0.775000 0.241667 0.787500 0.233333 0.787500 0.211111 0.798611 0.188889 0.801389
0 0.672222 0.504167 0.665278 0.502778 0.666667 0.481944 0.681944 0.486111 0.681944 0.500000 0.672222 0.504167
0 0.997222 0.920833 0.958333 0.920833 0.941667 0.912500 0.918056 0.883333 0.920833 0.855556 0.944444 0.826389 0.958333 0.818056 0.997222 0.806944
0 0.304167 0.997222 0.306944 0.947222 0.341667 0.918056 0.402778 0.918056 0.433333 0.929167 0.455556 0.929167 0.484722 0.955556 0.484722 0.972222 0.465278 0.997222
0 0.241667 0.356944 0.225000 0.356944 0.201389 0.341667 0.156944 0.258333 0.151389 0.230556 0.156944 0.205556 0.175000 0.187500 0.219444 0.187500 0.268056 0.230556 0.270833 0.241667 0.281944 0.255556 0.287500 0.288889 0.284722 0.330556 0.258333 0.351389 0.241667 0.356944
0 0.997222 0.629167 0.919444 0.609722 0.890278 0.586111 0.881944 0.563889 0.881944 0.538889 0.902778 0.509722 0.925000 0.495833 0.936111 0.495833 0.941667 0.490278 0.963889 0.490278 0.997222 0.476389
0 0.516667 0.648611 0.488889 0.648611 0.461111 0.634722 0.433333 0.629167 0.413889 0.618056 0.390278 0.594444 0.390278 0.544444 0.401389 0.527778 0.423611 0.508333 0.391667 0.498611 0.370833 0.477778 0.370833 0.419444 0.376389 0.405556 0.397222 0.381944 0.441667 0.362500 0.480556 0.362500 0.502778 0.368056 0.523611 0.386111 0.531944 0.402778 0.531944 0.436111 0.512500 0.483333 0.488889 0.498611 0.450000 0.501389 0.443056 0.505556 0.443056 0.511111 0.452778 0.515278 0.469444 0.537500 0.525000 0.543056 0.537500 0.558333 0.537500 0.566667 0.554167 0.586111 0.559722 0.602778 0.556944 0.619444 0.538889 0.637500 0.516667 0.648611
