0 0.681034 0.983654 0.668103 0.981731 0.660201 0.969231 0.661638 0.959615 0.683908 0.933654 0.693966 0.929808 0.706897 0.931731 0.710489 0.938462 0.709052 0.955769 0.696839 0.972115 0.681034 0.983654
0 0.727011 0.849038 0.709770 0.847115 0.697557 0.830769 0.691810 0.815385 0.691810 0.803846 0.699713 0.791346 0.718391 0.789423 0.725575 0.793269 0.734195 0.793269 0.740661 0.800000 0.740661 0.828846 0.734914 0.840385 0.727011 0.849038
0 0.183908 0.356731 0.166667 0.349038 0.158764 0.338462 0.153017 0.321154 0.147270 0.313462 0.145833 0.303846 0.148707 0.300000 0.148707 0.294231 0.153736 0.287500 0.165230 0.289423 0.180316 0.317308 0.191810 0.330769 0.194684 0.338462 0.193247 0.348077 0.183908 0.356731
0 0.479885 0.366346 0.461207 0.364423 0.453305 0.353846 0.451868 0.340385 0.468391 0.324038 0.484195 0.325962 0.490661 0.334615 0.492098 0.350000 0.489224 0.357692 0.479885 0.366346
0 0.724138 0.700962 0.716954 0.699038 0.707615 0.686538 0.706178 0.673077 0.711925 0.655769 0.721264 0.643269 0.732759 0.633654 0.755747 0.633654 0.759339 0.640385 0.760776 0.651923 0.749282 0.680769 0.737069 0.695192 0.724138 0.700962
0 0.863506 0.454808 0.849138 0.452885 0.835489 0.434615 0.834052 0.413462 0.839080 0.402885 0.844828 0.399038 0.857759 0.400962 0.869971 0.417308 0.874282 0.428846 0.874282 0.444231 0.870690 0.450962 0.866379 0.450962 0.863506 0.454808
0 0.800287 0.360577 0.783046 0.356731 0.769397 0.342308 0.766523 0.326923 0.777299 0.308654 0.787356 0.304808 0.798851 0.304808 0.808908 0.310577 0.816810 0.321154 0.818247 0.336538 0.813937 0.350000 0.806034 0.358654 0.800287 0.360577
0 0.998563 0.572115 0.989943 0.581731 0.969828 0.581731 0.961207 0.575962 0.956178 0.565385 0.959052 0.544231 0.966954 0.533654 0.975575 0.533654 0.989943 0.543269 0.998563 0.543269
0 0.961207 0.800962 0.949713 0.800962 0.938937 0.784615 0.934626 0.769231 0.934626 0.755769 0.941092 0.743269 0.954023 0.743269 0.970546 0.769231 0.969109 0.786538 0.961207 0.800962
0 0.644397 0.000000 0.650144 0.005769 0.650144 0.017308 0.644397 0.025000 0.638649 0.048077 0.632184 0.056731 0.622126 0.056731 0.613506 0.052885 0.602730 0.036538 0.604167 0.025000 0.616379 0.010577 0.638649 0.000000
0 0.905172 0.091346 0.893678 0.091346 0.883621 0.081731 0.875718 0.063462 0.875718 0.055769 0.880747 0.049038 0.889368 0.047115 0.897989 0.037500 0.910920 0.035577 0.920259 0.053846 0.921695 0.073077 0.913793 0.087500 0.905172 0.091346
0 0.895115 0.637500 0.887931 0.637500 0.880029 0.628846 0.881466 0.605769 0.890086 0.584615 0.899425 0.572115 0.912356 0.562500 0.923851 0.564423 0.928879 0.571154 0.931753 0.584615 0.926006 0.609615 0.918103 0.622115 0.905172 0.627885 0.895115 0.637500
0 0.143678 0.058654 0.132184 0.054808 0.122845 0.042308 0.121408 0.030769 0.129310 0.016346 0.145115 0.014423 0.158764 0.026923 0.158764 0.044231 0.152299 0.052885 0.143678 0.058654
0 0.335489 0.000000 0.338362 0.015385 0.331178 0.042308 0.323276 0.050962 0.310345 0.052885 0.303879 0.042308 0.303879 0.034615 0.313937 0.013462 0.315374 0.000000
0 0.285920 0.791346 0.272989 0.789423 0.262213 0.776923 0.260776 0.769231 0.253592 0.759615 0.252155 0.732692 0.257184 0.725962 0.270115 0.725962 0.289511 0.742308 0.292385 0.776923 0.290948 0.784615 0.285920 0.791346
0 0.998563 0.706731 0.990661 0.701923 0.984914 0.671154 0.987787 0.661538 0.998563 0.650962
0 0.721983 0.998077 0.723420 0.984615 0.734195 0.972115 0.747126 0.966346 0.754310 0.968269 0.757184 0.964423 0.765805 0.970192 0.769397 0.978846 0.767960 0.998077
0 0.260057 0.695192 0.245690 0.695192 0.236351 0.688462 0.232040 0.676923 0.232040 0.651923 0.237069 0.645192 0.245690 0.647115 0.252874 0.656731 0.264368 0.649038 0.272989 0.649038 0.280891 0.659615 0.279454 0.676923 0.260057 0.695192
0 0.984195 0.308654 0.974856 0.300000 0.967672 0.286538 0.966236 0.278846 0.966236 0.261538 0.977011 0.245192 0.981322 0.243269 0.991379 0.245192 0.996408 0.255769 0.993534 0.267308 0.993534 0.294231 0.990661 0.301923 0.984195 0.308654
0 0.591954 0.814423 0.583333 0.814423 0.576868 0.805769 0.575431 0.788462 0.578305 0.778846 0.606322 0.750962 0.626437 0.750962 0.634339 0.763462 0.634339 0.773077 0.631466 0.780769 0.623563 0.791346 0.591954 0.814423
0 0.944684 0.998077 0.944684 0.994231 0.951149 0.985577 0.959770 0.979808 0.978448 0.981731 0.987787 0.992308 0.989224 0.998077
0 0.896552 0.191346 0.885057 0.189423 0.878592 0.180769 0.878592 0.167308 0.884339 0.150000 0.892241 0.139423 0.899425 0.135577 0.908046 0.135577 0.916667 0.145192 0.922414 0.147115 0.928879 0.155769 0.928879 0.167308 0.915230 0.181731 0.896552 0.191346
0 0.821121 0.998077 0.829023 0.983654 0.837644 0.983654 0.842672 0.992308 0.842672 0.998077
0 0.212644 0.322115 0.205460 0.322115 0.199713 0.318269 0.186782 0.306731 0.180316 0.296154 0.176006 0.282692 0.176006 0.271154 0.185345 0.256731 0.196839 0.256731 0.206897 0.262500 0.219109 0.280769 0.221983 0.288462 0.221983 0.307692 0.219109 0.315385 0.212644 0.322115
0 0.982759 0.881731 0.965517 0.881731 0.954741 0.867308 0.956178 0.836538 0.962644 0.827885 0.971264 0.827885 0.987787 0.846154 0.989224 0.871154 0.982759 0.881731
0 0.156609 0.250962 0.146552 0.247115 0.142960 0.242308 0.141523 0.234615 0.142960 0.198077 0.150862 0.189423 0.165230 0.191346 0.176006 0.207692 0.173132 0.234615 0.163793 0.247115 0.156609 0.250962
0 0.803161 0.583654 0.790230 0.581731 0.783764 0.573077 0.785201 0.557692 0.801724 0.527885 0.810345 0.522115 0.818966 0.522115 0.828305 0.532692 0.823994 0.544231 0.825431 0.553846 0.818247 0.571154 0.803161 0.583654
0 0.810345 0.247115 0.801724 0.247115 0.795977 0.243269 0.790948 0.236538 0.789511 0.223077 0.795259 0.207692 0.803161 0.197115 0.816092 0.191346 0.821839 0.193269 0.838362 0.213462 0.841236 0.230769 0.833333 0.245192 0.810345 0.247115
0 0.627874 0.695192 0.616379 0.691346 0.611351 0.682692 0.612787 0.655769 0.617816 0.647115 0.629310 0.639423 0.646552 0.639423 0.653736 0.643269 0.660201 0.657692 0.657328 0.676923 0.646552 0.687500 0.627874 0.695192
0 0.665230 0.916346 0.655172 0.914423 0.645833 0.903846 0.647270 0.884615 0.640086 0.875000 0.640086 0.863462 0.642960 0.857692 0.647989 0.850962 0.655172 0.847115 0.672414 0.854808 0.688218 0.852885 0.694684 0.863462 0.694684 0.871154 0.691810 0.876923 0.691810 0.892308 0.688937 0.900000 0.681034 0.908654 0.670977 0.910577 0.665230 0.916346
0 0.275144 0.998077 0.278736 0.991346 0.293103 0.985577 0.310345 0.987500 0.318966 0.991346 0.322557 0.998077
0 0.410920 0.302885 0.402299 0.299038 0.385776 0.280769 0.382902 0.261538 0.387931 0.254808 0.403736 0.254808 0.413793 0.264423 0.419540 0.266346 0.424569 0.273077 0.426006 0.282692 0.423132 0.292308 0.410920 0.302885
0 0.948276 0.387500 0.935345 0.385577 0.924569 0.373077 0.921695 0.359615 0.929598 0.345192 0.951149 0.343269 0.956897 0.345192 0.963362 0.353846 0.963362 0.369231 0.948276 0.387500
0 0.189655 0.554808 0.185345 0.554808 0.176724 0.543269 0.165230 0.543269 0.160201 0.536538 0.160201 0.525000 0.163075 0.515385 0.172414 0.504808 0.186782 0.506731 0.197557 0.521154 0.197557 0.544231 0.189655 0.554808
0 0.724138 0.216346 0.705460 0.216346 0.698994 0.209615 0.698994 0.178846 0.708333 0.166346 0.722701 0.160577 0.731322 0.160577 0.744971 0.176923 0.746408 0.186538 0.742098 0.200000 0.724138 0.216346
0 0.209052 0.000000 0.209052 0.009615 0.201149 0.020192 0.189655 0.016346 0.178879 0.000000
0 0.461207 0.847115 0.447557 0.838462 0.444684 0.817308 0.437500 0.801923 0.437500 0.788462 0.440374 0.780769 0.445402 0.775962 0.455460 0.775962 0.466954 0.781731 0.479167 0.803846 0.477730 0.826923 0.465517 0.845192 0.461207 0.847115
0 0.606322 0.620192 0.600575 0.620192 0.597701 0.616346 0.587644 0.620192 0.581178 0.611538 0.585489 0.594231 0.599138 0.574038 0.613506 0.562500 0.630747 0.564423 0.635776 0.573077 0.632902 0.592308 0.625000 0.604808 0.606322 0.620192
0 0.382184 0.875962 0.369253 0.875962 0.358477 0.867308 0.359914 0.840385 0.366379 0.833654 0.379310 0.827885 0.385057 0.827885 0.390086 0.832692 0.395833 0.851923 0.391523 0.869231 0.382184 0.875962
0 0.942529 0.454808 0.926724 0.452885 0.910201 0.438462 0.908764 0.419231 0.915230 0.406731 0.919540 0.402885 0.926724 0.402885 0.938218 0.408654 0.946121 0.419231 0.950431 0.442308 0.942529 0.454808
0 0.250000 0.406731 0.244253 0.406731 0.231322 0.395192 0.214080 0.385577 0.210489 0.380769 0.213362 0.361538 0.225575 0.350962 0.232759 0.350962 0.244253 0.360577 0.256466 0.380769 0.257902 0.388462 0.257902 0.400000 0.250000 0.406731
0 0.435345 0.729808 0.425287 0.729808 0.414511 0.717308 0.414511 0.692308 0.405891 0.671154 0.407328 0.657692 0.413793 0.650962 0.428161 0.650962 0.434626 0.673077 0.438937 0.678846 0.441810 0.717308 0.435345 0.729808
0 0.382184 0.925962 0.362069 0.925962 0.347701 0.922115 0.341236 0.913462 0.341236 0.903846 0.344109 0.896154 0.356322 0.883654 0.379310 0.883654 0.390805 0.893269 0.395833 0.901923 0.395833 0.915385 0.390805 0.922115 0.382184 0.925962
0 0.683908 0.054808 0.669540 0.052885 0.661638 0.038462 0.661638 0.030769 0.664511 0.023077 0.675287 0.010577 0.683908 0.006731 0.701149 0.008654 0.704741 0.013462 0.704741 0.032692 0.698276 0.045192 0.683908 0.054808
0 0.599138 0.743269 0.590517 0.743269 0.584770 0.739423 0.578305 0.730769 0.572557 0.715385 0.575431 0.688462 0.578305 0.680769 0.587644 0.670192 0.597701 0.670192 0.609914 0.684615 0.611351 0.690385 0.609914 0.700000 0.612787 0.709615 0.612787 0.723077 0.608477 0.734615 0.599138 0.743269
0 0.402299 0.079808 0.396552 0.079808 0.385776 0.069231 0.385776 0.055769 0.390086 0.036538 0.405172 0.014423 0.408046 0.014423 0.423132 0.026923 0.427443 0.050000 0.424569 0.061538 0.415230 0.074038 0.402299 0.079808
0 0.626437 0.383654 0.613506 0.383654 0.602730 0.367308 0.602730 0.355769 0.614943 0.329808 0.632184 0.331731 0.638649 0.340385 0.642960 0.353846 0.641523 0.373077 0.626437 0.383654
0 0.275862 0.068269 0.264368 0.066346 0.253592 0.048077 0.250718 0.030769 0.253592 0.021154 0.258621 0.014423 0.268678 0.014423 0.279454 0.026923 0.280891 0.061538 0.275862 0.068269
0 0.192529 0.458654 0.175287 0.456731 0.166667 0.450962 0.161638 0.444231 0.161638 0.440385 0.151580 0.430769 0.147270 0.413462 0.148707 0.407692 0.150862 0.404808 0.163793 0.404808 0.176724 0.412500 0.196121 0.450000 0.192529 0.458654
0 0.485632 0.106731 0.469828 0.104808 0.457615 0.084615 0.457615 0.073077 0.460489 0.065385 0.474138 0.049038 0.485632 0.049038 0.488506 0.052885 0.492816 0.052885 0.500718 0.071154 0.497845 0.078846 0.497845 0.092308 0.485632 0.106731
0 0.561782 0.508654 0.548851 0.506731 0.540948 0.498077 0.535201 0.486538 0.533764 0.463462 0.535201 0.457692 0.543103 0.447115 0.553161 0.445192 0.568966 0.450962 0.579741 0.467308 0.581178 0.486538 0.561782 0.508654
0 0.047414 0.104808 0.033046 0.104808 0.016523 0.090385 0.013649 0.082692 0.013649 0.067308 0.021552 0.054808 0.027299 0.050962 0.040230 0.050962 0.050287 0.058654 0.059626 0.071154 0.062500 0.078846 0.062500 0.090385 0.057471 0.099038 0.047414 0.104808
0 0.294540 0.266346 0.277299 0.262500 0.260057 0.249038 0.252874 0.247115 0.246408 0.238462 0.247845 0.219231 0.255747 0.212500 0.270115 0.212500 0.284483 0.222115 0.296695 0.236538 0.301006 0.246154 0.301006 0.259615 0.294540 0.266346
0 0.744253 0.262500 0.724138 0.260577 0.720546 0.255769 0.717672 0.242308 0.717672 0.232692 0.721983 0.223077 0.721983 0.217308 0.732759 0.210577 0.741379 0.200962 0.758621 0.204808 0.766523 0.219231 0.766523 0.234615 0.762213 0.248077 0.754310 0.256731 0.744253 0.262500
0 0.853448 0.141346 0.837644 0.139423 0.832615 0.128846 0.832615 0.123077 0.838362 0.109615 0.838362 0.094231 0.841954 0.089423 0.850575 0.085577 0.862069 0.085577 0.869253 0.093269 0.875000 0.093269 0.881466 0.100000 0.884339 0.125000 0.872126 0.137500 0.853448 0.141346
0 0.113506 0.787500 0.100575 0.785577 0.095546 0.775000 0.098420 0.738462 0.101293 0.728846 0.116379 0.708654 0.126437 0.708654 0.132184 0.712500 0.142241 0.710577 0.144397 0.715385 0.138649 0.728846 0.138649 0.742308 0.131466 0.765385 0.119253 0.783654 0.113506 0.787500
0 0.665230 0.114423 0.645115 0.112500 0.635057 0.106731 0.630029 0.096154 0.631466 0.082692 0.636494 0.075962 0.652299 0.064423 0.662356 0.066346 0.670977 0.072115 0.678879 0.086538 0.678879 0.100000 0.665230 0.114423
0 0.341954 0.145192 0.329023 0.143269 0.320402 0.137500 0.311063 0.125000 0.309626 0.111538 0.317529 0.102885 0.330460 0.102885 0.350575 0.106731 0.357759 0.112500 0.362787 0.119231 0.361351 0.132692 0.341954 0.145192
0 0.133621 0.579808 0.117816 0.577885 0.107040 0.569231 0.104167 0.550000 0.107040 0.534615 0.113506 0.525962 0.127874 0.535577 0.141523 0.555769 0.141523 0.573077 0.133621 0.579808
0 0.972701 0.089423 0.959770 0.081731 0.948994 0.065385 0.944684 0.053846 0.943247 0.028846 0.949713 0.018269 0.955460 0.018269 0.962644 0.024038 0.980603 0.050000 0.986351 0.063462 0.986351 0.078846 0.981322 0.085577 0.972701 0.089423
0 0.418103 0.581731 0.412356 0.579808 0.406609 0.568269 0.395833 0.557692 0.397270 0.540385 0.409483 0.529808 0.415230 0.529808 0.425287 0.535577 0.431753 0.550000 0.427443 0.573077 0.418103 0.581731
0 0.982759 0.727885 0.974138 0.727885 0.964080 0.718269 0.956897 0.716346 0.951868 0.707692 0.951868 0.694231 0.960489 0.667308 0.964080 0.662500 0.978448 0.662500 0.986351 0.673077 0.986351 0.684615 0.990661 0.694231 0.990661 0.717308 0.982759 0.727885
0 0.031609 0.395192 0.011494 0.395192 0.005029 0.382692 0.005029 0.373077 0.010057 0.368269 0.015805 0.370192 0.021552 0.362500 0.031609 0.364423 0.038075 0.376923 0.038075 0.388462 0.031609 0.395192
0 0.774425 0.118269 0.764368 0.118269 0.754310 0.112500 0.739224 0.094231 0.737787 0.078846 0.745690 0.066346 0.755747 0.062500 0.771552 0.062500 0.785201 0.076923 0.786638 0.100000 0.783764 0.109615 0.774425 0.118269
0 0.823276 0.072115 0.808908 0.070192 0.801006 0.057692 0.802443 0.050000 0.827586 0.016346 0.834770 0.012500 0.843391 0.012500 0.849856 0.028846 0.838362 0.057692 0.830460 0.068269 0.823276 0.072115
0 0.247126 0.606731 0.235632 0.604808 0.223420 0.586538 0.223420 0.571154 0.228448 0.564423 0.232759 0.564423 0.248563 0.552885 0.262931 0.552885 0.275862 0.558654 0.285201 0.569231 0.286638 0.580769 0.278736 0.597115 0.274425 0.597115 0.264368 0.604808 0.247126 0.606731
0 0.903736 0.910577 0.890805 0.908654 0.882902 0.898077 0.880029 0.890385 0.880029 0.875000 0.886494 0.864423 0.893678 0.860577 0.903736 0.847115 0.912356 0.845192 0.918822 0.851923 0.923132 0.863462 0.924569 0.884615 0.921695 0.894231 0.915230 0.902885 0.903736 0.910577
0 0.285920 0.302885 0.265805 0.299038 0.255029 0.288462 0.249282 0.275000 0.249282 0.257692 0.252874 0.247115 0.260057 0.249038 0.277299 0.262500 0.294540 0.266346 0.303879 0.276923 0.306753 0.290385 0.295977 0.300962 0.285920 0.302885
0 0.603448 0.202885 0.589080 0.202885 0.578305 0.188462 0.578305 0.173077 0.581178 0.163462 0.596264 0.141346 0.609195 0.147115 0.618534 0.169231 0.617098 0.186538 0.610632 0.197115 0.603448 0.202885
0 0.998563 0.922115 0.991379 0.922115 0.989224 0.919231 0.984914 0.907692 0.983477 0.892308 0.983477 0.880769 0.986351 0.875000 0.989943 0.870192 0.998563 0.868269
0 0.067529 0.156731 0.058908 0.156731 0.053879 0.151923 0.053879 0.136538 0.061063 0.119231 0.076149 0.100962 0.084770 0.097115 0.099138 0.099038 0.105603 0.109615 0.102730 0.123077 0.067529 0.156731
0 0.522989 0.162500 0.517241 0.162500 0.507902 0.153846 0.503592 0.134615 0.503592 0.121154 0.517241 0.102885 0.538793 0.097115 0.546695 0.105769 0.546695 0.136538 0.538793 0.149038 0.522989 0.162500
0 0.843391 0.691346 0.830460 0.691346 0.823276 0.687500 0.811063 0.673077 0.808190 0.665385 0.808190 0.655769 0.813937 0.638462 0.823276 0.625962 0.830460 0.622115 0.841954 0.622115 0.848420 0.632692 0.852730 0.671154 0.849856 0.682692 0.843391 0.691346
0 0.073276 0.049038 0.061782 0.045192 0.051006 0.030769 0.048132 0.017308 0.053161 0.006731 0.071839 0.004808 0.080460 0.010577 0.086925 0.021154 0.086925 0.034615 0.077586 0.047115 0.073276 0.049038
0 0.182471 0.881731 0.169540 0.877885 0.164511 0.871154 0.164511 0.863462 0.169540 0.854808 0.183908 0.847115 0.208333 0.839423 0.237069 0.839423 0.242816 0.843269 0.249282 0.855769 0.249282 0.859615 0.244253 0.866346 0.225575 0.875962 0.193966 0.877885 0.182471 0.881731
0 0.175287 0.933654 0.168103 0.933654 0.160920 0.927885 0.145115 0.927885 0.139368 0.924038 0.132902 0.915385 0.134339 0.901923 0.149425 0.889423 0.156609 0.887500 0.175287 0.889423 0.192529 0.897115 0.197557 0.907692 0.196121 0.913462 0.175287 0.933654
0 0.096264 0.656731 0.083333 0.654808 0.068966 0.645192 0.058190 0.628846 0.059626 0.615385 0.070402 0.604808 0.090517 0.606731 0.094828 0.610577 0.102730 0.623077 0.102730 0.628846 0.108477 0.638462 0.107040 0.648077 0.096264 0.656731
0 0.956897 0.333654 0.949713 0.333654 0.943247 0.325000 0.943247 0.309615 0.941092 0.306731 0.936782 0.306731 0.921695 0.294231 0.920259 0.282692 0.923851 0.277885 0.936782 0.268269 0.952586 0.270192 0.956178 0.273077 0.957615 0.288462 0.963362 0.301923 0.963362 0.321154 0.956897 0.333654
0 0.285920 0.493269 0.272989 0.489423 0.265086 0.478846 0.265086 0.467308 0.272270 0.457692 0.272270 0.451923 0.285920 0.437500 0.298851 0.433654 0.311782 0.437500 0.318247 0.450000 0.316810 0.473077 0.306034 0.487500 0.285920 0.493269
0 0.341954 0.727885 0.333333 0.725962 0.323994 0.713462 0.312500 0.682692 0.312500 0.665385 0.315374 0.659615 0.315374 0.651923 0.319684 0.642308 0.327586 0.635577 0.341954 0.637500 0.346983 0.644231 0.355603 0.671154 0.357040 0.705769 0.354167 0.715385 0.346264 0.725962 0.341954 0.727885
0 0.195402 0.145192 0.176724 0.143269 0.168103 0.139423 0.161638 0.130769 0.160201 0.117308 0.168103 0.108654 0.182471 0.104808 0.196839 0.104808 0.206897 0.108654 0.214799 0.119231 0.213362 0.128846 0.202586 0.143269 0.195402 0.145192
0 0.225575 0.235577 0.205460 0.229808 0.198994 0.219231 0.197557 0.203846 0.206897 0.195192 0.215517 0.195192 0.219828 0.191346 0.229885 0.191346 0.242816 0.199038 0.246408 0.205769 0.246408 0.217308 0.238506 0.227885 0.225575 0.235577
0 0.129310 0.458654 0.120690 0.458654 0.114943 0.454808 0.098420 0.430769 0.091236 0.407692 0.091236 0.394231 0.099138 0.381731 0.106322 0.379808 0.112069 0.383654 0.124282 0.403846 0.130029 0.419231 0.132902 0.438462 0.132902 0.450000 0.129310 0.458654
0 0.000000 0.625962 0.007184 0.625962 0.018678 0.635577 0.032328 0.659615 0.032328 0.667308 0.025862 0.677885 0.017241 0.681731 0.007184 0.681731 0.000000 0.677885
0 0.998563 0.837500 0.995690 0.841346 0.989943 0.841346 0.985632 0.845192 0.969109 0.826923 0.964799 0.809615 0.960489 0.801923 0.969828 0.787500 0.987069 0.791346 0.998563 0.804808
0 0.864943 0.541346 0.854885 0.541346 0.849856 0.534615 0.848420 0.507692 0.856322 0.481731 0.862069 0.475962 0.872126 0.475962 0.878592 0.482692 0.881466 0.490385 0.881466 0.503846 0.878592 0.511538 0.878592 0.523077 0.864943 0.541346
0 0.000000 0.514423 0.006466 0.519231 0.010057 0.531731 0.014368 0.531731 0.020833 0.538462 0.022270 0.550000 0.025862 0.554808 0.040230 0.549038 0.049569 0.557692 0.049569 0.573077 0.041667 0.583654 0.033046 0.583654 0.025862 0.575962 0.017241 0.579808 0.007184 0.579808 0.000000 0.574038
0 0.639368 0.504808 0.630747 0.500962 0.619971 0.482692 0.621408 0.455769 0.624282 0.448077 0.629310 0.443269 0.646552 0.445192 0.655891 0.461538 0.655891 0.473077 0.648707 0.498077 0.639368 0.504808
0 0.461207 0.185577 0.455460 0.183654 0.451868 0.178846 0.446121 0.157692 0.446121 0.150000 0.454023 0.135577 0.465517 0.133654 0.471264 0.137500 0.479167 0.150000 0.479167 0.171154 0.472701 0.179808 0.461207 0.185577
0 0.000000 0.008654 0.012931 0.012500 0.019397 0.021154 0.017960 0.038462 0.005747 0.052885 0.000000 0.054808
0 0.000000 0.906731 0.005747 0.912500 0.012931 0.912500 0.017960 0.919231 0.017960 0.925000 0.006466 0.950000 0.006466 0.953846 0.013649 0.961538 0.015086 0.971154 0.008621 0.985577 0.000000 0.989423
0 0.477011 0.683654 0.464080 0.683654 0.441092 0.675962 0.438218 0.677885 0.434626 0.673077 0.428879 0.653846 0.428879 0.638462 0.436782 0.627885 0.443966 0.624038 0.482759 0.625962 0.488506 0.629808 0.494971 0.646154 0.494971 0.653846 0.489224 0.663462 0.487787 0.671154 0.477011 0.683654
0 0.423851 0.245192 0.408046 0.241346 0.397270 0.228846 0.392960 0.211538 0.399425 0.200962 0.405172 0.199038 0.416667 0.202885 0.426006 0.213462 0.430316 0.225000 0.430316 0.240385 0.423851 0.245192
0 0.000000 0.795192 0.010057 0.779808 0.022989 0.772115 0.030172 0.772115 0.040948 0.786538 0.033764 0.807692 0.022989 0.820192 0.017241 0.824038 0.007184 0.824038 0.000000 0.816346
0 0.061782 0.325962 0.048851 0.318269 0.039511 0.305769 0.038075 0.282692 0.044540 0.266346 0.053161 0.264423 0.063218 0.270192 0.075431 0.292308 0.076868 0.303846 0.073994 0.313462 0.067529 0.324038 0.061782 0.325962
0 0.521552 0.547115 0.508621 0.545192 0.503592 0.538462 0.503592 0.523077 0.507902 0.507692 0.514368 0.499038 0.527299 0.497115 0.540948 0.507692 0.545259 0.523077 0.538793 0.533654 0.533046 0.535577 0.521552 0.547115
0 0.607759 0.291346 0.593391 0.285577 0.586925 0.271154 0.586925 0.246154 0.594828 0.231731 0.603448 0.233654 0.614224 0.248077 0.617098 0.257692 0.617098 0.280769 0.612069 0.289423 0.607759 0.291346
0 0.785920 0.054808 0.775862 0.054808 0.765805 0.049038 0.749282 0.030769 0.750718 0.023077 0.764368 0.010577 0.771552 0.008654 0.790230 0.018269 0.795259 0.032692 0.790948 0.050000 0.785920 0.054808
0 0.090517 0.862500 0.073276 0.862500 0.060345 0.854808 0.055316 0.846154 0.055316 0.832692 0.066092 0.820192 0.080460 0.816346 0.091954 0.827885 0.098420 0.840385 0.098420 0.851923 0.090517 0.862500
0 0.691092 0.337500 0.681034 0.337500 0.673851 0.333654 0.665948 0.323077 0.661638 0.309615 0.664511 0.292308 0.673851 0.281731 0.681034 0.277885 0.695402 0.279808 0.706178 0.296154 0.706178 0.317308 0.698994 0.330769 0.691092 0.337500
0 0.024425 0.356731 0.012931 0.352885 0.006466 0.338462 0.003592 0.315385 0.010057 0.308654 0.029454 0.336538 0.029454 0.350000 0.024425 0.356731
0 0.770115 0.922115 0.764368 0.918269 0.757184 0.918269 0.753592 0.913462 0.752155 0.905769 0.755029 0.892308 0.771552 0.864423 0.781609 0.860577 0.791667 0.862500 0.799569 0.875000 0.799569 0.886538 0.784483 0.912500 0.770115 0.922115
0 0.068966 0.529808 0.061782 0.529808 0.056753 0.523077 0.053879 0.500000 0.045259 0.478846 0.045259 0.469231 0.050287 0.462500 0.068966 0.466346 0.075431 0.475000 0.075431 0.480769 0.078305 0.484615 0.079741 0.503846 0.076868 0.523077 0.068966 0.529808
0 0.913793 0.383654 0.899425 0.383654 0.893678 0.379808 0.887213 0.369231 0.887213 0.350000 0.890086 0.336538 0.899425 0.324038 0.908046 0.324038 0.921695 0.340385 0.926006 0.350000 0.921695 0.359615 0.923132 0.367308 0.918822 0.371154 0.918822 0.376923 0.913793 0.383654
0 0.538075 0.000000 0.542385 0.007692 0.543822 0.019231 0.539511 0.032692 0.531609 0.041346 0.522989 0.039423 0.515086 0.026923 0.512213 0.017308 0.512213 0.003846 0.515086 0.000000
0 0.205460 0.816346 0.189655 0.816346 0.176724 0.810577 0.171695 0.798077 0.173132 0.786538 0.183908 0.775962 0.198276 0.772115 0.214080 0.774038 0.225575 0.779808 0.232040 0.788462 0.230603 0.803846 0.224138 0.810577 0.205460 0.816346
0 0.701149 0.443269 0.682471 0.441346 0.676006 0.432692 0.673132 0.421154 0.673132 0.409615 0.678879 0.394231 0.692529 0.379808 0.706897 0.385577 0.711925 0.396154 0.711925 0.423077 0.707615 0.436538 0.701149 0.443269
0 0.810345 0.835577 0.803161 0.835577 0.792385 0.821154 0.792385 0.813462 0.803879 0.790385 0.806753 0.778846 0.816092 0.766346 0.830460 0.764423 0.842672 0.778846 0.842672 0.786538 0.834052 0.798077 0.829741 0.809615 0.810345 0.835577
0 0.758621 0.460577 0.745690 0.458654 0.740661 0.451923 0.737787 0.442308 0.740661 0.413462 0.744971 0.401923 0.752874 0.393269 0.762931 0.393269 0.770833 0.401923 0.773707 0.411538 0.773707 0.417308 0.770833 0.421154 0.772270 0.440385 0.769397 0.448077 0.758621 0.460577
0 0.678161 0.747115 0.666667 0.745192 0.658764 0.734615 0.657328 0.723077 0.664511 0.690385 0.675287 0.677885 0.683908 0.677885 0.693247 0.690385 0.694684 0.721154 0.686063 0.738462 0.678161 0.747115
0 0.304598 0.835577 0.287356 0.835577 0.264368 0.820192 0.260776 0.813462 0.262213 0.800000 0.272989 0.789423 0.288793 0.791346 0.301724 0.804808 0.308190 0.817308 0.308190 0.830769 0.304598 0.835577
0 0.635057 0.433654 0.625000 0.433654 0.616379 0.429808 0.605603 0.419231 0.605603 0.400000 0.614943 0.383654 0.626437 0.383654 0.636494 0.377885 0.642960 0.384615 0.644397 0.423077 0.635057 0.433654
0 0.400144 0.998077 0.402299 0.991346 0.416667 0.981731 0.426724 0.981731 0.435345 0.985577 0.444684 0.998077
0 0.729885 0.579808 0.724138 0.579808 0.715517 0.574038 0.710489 0.565385 0.704741 0.546154 0.704741 0.534615 0.707615 0.526923 0.712644 0.520192 0.721264 0.516346 0.734195 0.518269 0.739943 0.522115 0.746408 0.536538 0.746408 0.557692 0.742098 0.569231 0.737069 0.575962 0.729885 0.579808
0 0.574713 0.995192 0.566092 0.993269 0.555316 0.980769 0.555316 0.961538 0.568966 0.947115 0.586207 0.943269 0.599138 0.945192 0.605603 0.957692 0.605603 0.969231 0.597701 0.977885 0.589080 0.979808 0.574713 0.995192
0 0.566092 0.416346 0.551724 0.412500 0.540948 0.396154 0.540948 0.373077 0.548851 0.358654 0.558908 0.356731 0.574713 0.366346 0.584052 0.382692 0.584052 0.400000 0.573276 0.412500 0.566092 0.416346
0 0.375718 0.000000 0.369971 0.021154 0.363506 0.031731 0.359195 0.033654 0.353448 0.033654 0.345546 0.026923 0.344109 0.000000
0 0.554598 0.304808 0.543103 0.304808 0.537356 0.300962 0.526580 0.273077 0.525144 0.255769 0.528017 0.246154 0.534483 0.239423 0.541667 0.239423 0.551724 0.252885 0.563218 0.256731 0.569684 0.269231 0.569684 0.290385 0.554598 0.304808
0 0.485632 0.481731 0.469828 0.481731 0.462644 0.477885 0.454741 0.463462 0.454741 0.451923 0.459770 0.443269 0.465517 0.439423 0.479885 0.435577 0.489943 0.425962 0.500000 0.425962 0.509339 0.434615 0.512213 0.455769 0.509339 0.463462 0.498563 0.475962 0.485632 0.481731
0 0.883621 0.950962 0.873563 0.950962 0.862069 0.939423 0.849856 0.921154 0.846983 0.903846 0.856322 0.887500 0.867816 0.889423 0.888649 0.913462 0.892960 0.925000 0.892960 0.932692 0.890086 0.942308 0.883621 0.950962
0 0.823276 0.850962 0.816092 0.850962 0.811063 0.844231 0.809626 0.836538 0.829741 0.809615 0.834052 0.798077 0.843391 0.785577 0.854885 0.779808 0.860632 0.781731 0.862787 0.784615 0.862787 0.800000 0.859914 0.805769 0.850575 0.818269 0.839080 0.825962 0.823276 0.850962
0 0.185345 0.700962 0.181753 0.698077 0.181753 0.692308 0.174569 0.684615 0.173132 0.678846 0.170977 0.675962 0.165230 0.675962 0.160201 0.667308 0.167385 0.659615 0.167385 0.644231 0.170259 0.634615 0.175287 0.627885 0.191092 0.624038 0.198994 0.630769 0.204741 0.648077 0.206178 0.688462 0.202586 0.697115 0.185345 0.700962
0 0.688218 0.658654 0.682471 0.658654 0.675287 0.652885 0.657328 0.625000 0.657328 0.603846 0.668103 0.589423 0.675287 0.591346 0.683190 0.601923 0.696121 0.623077 0.698994 0.632692 0.698994 0.642308 0.696121 0.650000 0.688218 0.658654
0 0.113506 0.237500 0.103448 0.237500 0.097701 0.233654 0.091236 0.221154 0.088362 0.200000 0.089799 0.182692 0.099138 0.170192 0.109195 0.170192 0.117098 0.180769 0.121408 0.196154 0.122845 0.221154 0.119971 0.230769 0.113506 0.237500
0 0.502874 0.839423 0.495690 0.839423 0.490661 0.834615 0.486351 0.811538 0.480603 0.801923 0.482040 0.780769 0.494971 0.771154 0.489224 0.761538 0.489224 0.753846 0.494253 0.745192 0.501437 0.745192 0.505029 0.750000 0.509339 0.782692 0.525144 0.805769 0.522270 0.819231 0.512931 0.831731 0.502874 0.839423
0 0.752874 0.760577 0.744253 0.760577 0.739943 0.756731 0.725575 0.756731 0.720546 0.751923 0.719109 0.740385 0.728448 0.727885 0.742816 0.718269 0.764368 0.716346 0.772270 0.725000 0.772270 0.738462 0.762931 0.752885 0.752874 0.760577
0 0.300287 0.397115 0.285920 0.395192 0.275144 0.384615 0.275144 0.373077 0.279454 0.367308 0.282328 0.353846 0.290230 0.345192 0.301724 0.347115 0.311063 0.359615 0.313937 0.369231 0.313937 0.384615 0.300287 0.397115
0 0.660920 0.254808 0.636494 0.252885 0.632184 0.250962 0.627155 0.240385 0.630029 0.217308 0.646552 0.197115 0.659483 0.206731 0.671695 0.226923 0.671695 0.244231 0.660920 0.254808
0 0.910920 0.287500 0.906609 0.287500 0.896552 0.279808 0.892960 0.275000 0.890086 0.263462 0.890086 0.253846 0.894397 0.244231 0.895833 0.232692 0.905172 0.220192 0.916667 0.224038 0.928879 0.242308 0.924569 0.265385 0.918822 0.273077 0.917385 0.280769 0.910920 0.287500
0 0.775862 0.970192 0.764368 0.970192 0.757184 0.964423 0.753592 0.957692 0.755029 0.942308 0.771552 0.920192 0.785920 0.910577 0.793103 0.912500 0.795259 0.915385 0.795259 0.936538 0.788075 0.957692 0.775862 0.970192
0 0.961207 0.274038 0.951149 0.270192 0.934626 0.250000 0.933190 0.234615 0.934626 0.223077 0.938218 0.218269 0.955460 0.216346 0.968391 0.224038 0.977730 0.234615 0.977730 0.244231 0.966236 0.261538 0.966236 0.269231 0.961207 0.274038
0 0.489943 0.743269 0.482759 0.743269 0.472701 0.735577 0.469109 0.730769 0.467672 0.723077 0.469109 0.696154 0.473420 0.686538 0.487069 0.672115 0.505029 0.696154 0.507902 0.703846 0.505029 0.725000 0.495690 0.739423 0.489943 0.743269
0 0.510057 0.908654 0.492816 0.904808 0.474856 0.882692 0.474856 0.873077 0.489943 0.852885 0.501437 0.849038 0.507184 0.854808 0.518678 0.854808 0.526580 0.863462 0.529454 0.880769 0.525144 0.892308 0.510057 0.908654
0 0.747126 0.847115 0.738506 0.847115 0.734914 0.842308 0.740661 0.828846 0.742098 0.809615 0.762931 0.787500 0.777299 0.783654 0.782328 0.790385 0.782328 0.800000 0.778017 0.809615 0.758621 0.839423 0.747126 0.847115
0 0.362069 0.489423 0.347701 0.487500 0.341236 0.475000 0.342672 0.465385 0.358477 0.448077 0.358477 0.434615 0.364943 0.424038 0.376437 0.424038 0.387213 0.432692 0.390086 0.440385 0.390086 0.450000 0.382902 0.463462 0.381466 0.471154 0.362069 0.489423
0 0.665230 0.214423 0.647270 0.196154 0.640086 0.178846 0.640086 0.173077 0.646552 0.160577 0.659483 0.154808 0.675287 0.158654 0.681753 0.171154 0.681753 0.178846 0.676006 0.188462 0.676006 0.205769 0.670977 0.212500 0.665230 0.214423
