0 0.863281 0.455078 0.835938 0.451172 0.826172 0.441406 0.822266 0.417969 0.828125 0.412109 0.847656 0.412109 0.861328 0.421875 0.869141 0.433594 0.869141 0.449219 0.863281 0.455078
0 0.480469 0.958984 0.464844 0.958984 0.447266 0.945312 0.451172 0.925781 0.468750 0.912109 0.503906 0.916016 0.505859 0.945312 0.480469 0.958984
0 0.972656 0.630859 0.949219 0.630859 0.925781 0.619141 0.919922 0.593750 0.929688 0.583984 0.949219 0.583984 0.972656 0.595703 0.982422 0.605469 0.982422 0.621094 0.972656 0.630859
0 0.609375 0.908203 0.583984 0.878906 0.580078 0.863281 0.589844 0.849609 0.601562 0.849609 0.626953 0.878906 0.626953 0.898438 0.609375 0.908203
0 0.113281 0.123047 0.085938 0.123047 0.068359 0.105469 0.068359 0.089844 0.078125 0.080078 0.097656 0.083984 0.119141 0.105469 0.113281 0.123047
0 0.753906 0.814453 0.742188 0.814453 0.720703 0.800781 0.716797 0.781250 0.722656 0.771484 0.750000 0.771484 0.759766 0.781250 0.763672 0.804688 0.753906 0.814453
0 0.601562 0.669922 0.578125 0.669922 0.564453 0.660156 0.556641 0.644531 0.562500 0.623047 0.578125 0.619141 0.607422 0.648438 0.607422 0.664062 0.601562 0.669922
0 0.867188 0.701172 0.847656 0.697266 0.822266 0.671875 0.818359 0.640625 0.828125 0.630859 0.851562 0.630859 0.876953 0.652344 0.880859 0.687500 0.867188 0.701172
0 0.917969 0.169922 0.894531 0.162109 0.884766 0.148438 0.884766 0.136719 0.894531 0.126953 0.910156 0.126953 0.916016 0.132812 0.923828 0.148438 0.923828 0.164062 0.917969 0.169922
0 0.617188 0.462891 0.589844 0.458984 0.568359 0.437500 0.560547 0.425781 0.560547 0.406250 0.570312 0.396484 0.585938 0.396484 0.623047 0.437500 0.623047 0.457031 0.617188 0.462891
0 0.398438 0.701172 0.386719 0.697266 0.373047 0.679688 0.376953 0.648438 0.390625 0.642578 0.414062 0.650391 0.419922 0.660156 0.419922 0.679688 0.398438 0.701172
0 0.281250 0.658203 0.250000 0.650391 0.232422 0.632812 0.238281 0.611328 0.265625 0.611328 0.287109 0.628906 0.291016 0.648438 0.281250 0.658203
0 0.179688 0.048828 0.160156 0.048828 0.144531 0.041016 0.138672 0.023438 0.144531 0.017578 0.179688 0.021484 0.185547 0.027344 0.185547 0.042969 0.179688 0.048828
0 0.218750 0.962891 0.187500 0.958984 0.173828 0.941406 0.177734 0.933594 0.195312 0.923828 0.218750 0.927734 0.232422 0.941406 0.232422 0.949219 0.218750 0.962891
0 0.433594 0.822266 0.414062 0.822266 0.404297 0.808594 0.404297 0.792969 0.421875 0.771484 0.433594 0.775391 0.439453 0.785156 0.433594 0.822266
0 0.935547 0.996094 0.935547 0.984375 0.953125 0.958984 0.964844 0.951172 0.988281 0.951172 0.994141 0.980469 0.986328 0.996094
0 0.949219 0.388672 0.929688 0.384766 0.912109 0.363281 0.912109 0.339844 0.917969 0.333984 0.933594 0.333984 0.947266 0.343750 0.955078 0.359375 0.955078 0.382812 0.949219 0.388672
0 0.574219 0.486328 0.550781 0.486328 0.535156 0.478516 0.525391 0.468750 0.525391 0.453125 0.542969 0.439453 0.582031 0.447266 0.587891 0.453125 0.587891 0.476562 0.574219 0.486328
0 0.578125 0.583984 0.548828 0.574219 0.541016 0.562500 0.542969 0.537109 0.578125 0.533203 0.595703 0.550781 0.595703 0.574219 0.578125 0.583984
0 0.121094 0.498047 0.097656 0.498047 0.082031 0.490234 0.072266 0.476562 0.076172 0.464844 0.085938 0.458984 0.117188 0.458984 0.130859 0.472656 0.130859 0.488281 0.121094 0.498047
0 0.335938 0.287109 0.320312 0.287109 0.294922 0.265625 0.300781 0.244141 0.312500 0.240234 0.341797 0.261719 0.345703 0.277344 0.335938 0.287109
0 0.484375 0.689453 0.464844 0.689453 0.445312 0.677734 0.439453 0.652344 0.460938 0.646484 0.476562 0.654297 0.494141 0.675781 0.484375 0.689453
0 0.781250 0.919922 0.742188 0.912109 0.736328 0.906250 0.736328 0.882812 0.750000 0.873047 0.777344 0.880859 0.791016 0.902344 0.781250 0.919922
0 0.886719 0.248047 0.851562 0.240234 0.845703 0.218750 0.863281 0.205078 0.886719 0.212891 0.900391 0.226562 0.900391 0.234375 0.886719 0.248047
0 0.845703 0.000000 0.845703 0.015625 0.832031 0.025391 0.820312 0.021484 0.806641 0.000000
0 0.132812 0.400391 0.097656 0.388672 0.080078 0.371094 0.080078 0.355469 0.089844 0.345703 0.128906 0.345703 0.154297 0.363281 0.154297 0.390625 0.132812 0.400391
0 0.902344 0.287109 0.878906 0.287109 0.863281 0.275391 0.853516 0.265625 0.853516 0.250000 0.859375 0.244141 0.878906 0.244141 0.890625 0.251953 0.904297 0.265625 0.902344 0.287109
