0 0.918750 0.478516 0.890625 0.478516 0.779687 0.316406 0.776563 0.292969 0.812500 0.248047 0.831250 0.248047 0.846875 0.267578 0.875000 0.279297 0.903125 0.314453 0.915625 0.318359 0.939063 0.343750 0.945312 0.367188 0.945312 0.460938 0.934375 0.474609 0.918750 0.478516
0 0.907813 0.996094 0.910937 0.957031 0.943750 0.908203 0.975000 0.900391 0.996875 0.919922
0 0.164062 0.996094 0.187500 0.974609 0.228125 0.974609 0.248438 0.996094
0 0.550000 0.853516 0.534375 0.853516 0.506250 0.837891 0.482812 0.808594 0.482812 0.765625 0.495312 0.750000 0.498437 0.703125 0.521875 0.666016 0.556250 0.650391 0.587500 0.654297 0.604688 0.675781 0.607812 0.687500 0.614062 0.726562 0.614062 0.804688 0.600000 0.822266 0.550000 0.853516
0 0.967187 0.000000 0.960938 0.015625 0.967187 0.035156 0.964063 0.070312 0.942187 0.101562 0.942187 0.109375 0.912500 0.142578 0.875000 0.154297 0.865625 0.146484 0.853125 0.150391 0.846875 0.142578 0.796875 0.134766 0.776563 0.113281 0.764062 0.054688 0.770312 0.000000
0 0.925000 0.779297 0.862500 0.775391 0.840625 0.759766 0.807813 0.722656 0.789062 0.671875 0.773438 0.648438 0.764062 0.609375 0.764062 0.531250 0.781250 0.501953 0.821875 0.486328 0.865625 0.490234 0.909375 0.517578 0.945312 0.574219 0.954688 0.601562 0.970313 0.625000 0.979688 0.660156 0.982812 0.699219 0.970313 0.738281 0.953125 0.759766 0.925000 0.779297
0 0.359375 0.435547 0.321875 0.431641 0.298438 0.406250 0.295312 0.347656 0.300000 0.341797 0.321875 0.333984 0.378125 0.333984 0.392188 0.347656 0.395313 0.414062 0.384375 0.427734 0.359375 0.435547
0 0.525000 0.490234 0.484375 0.482422 0.450000 0.455078 0.442188 0.437500 0.407813 0.394531 0.410938 0.382812 0.404687 0.375000 0.404687 0.355469 0.412500 0.345703 0.456250 0.345703 0.500000 0.373047 0.520312 0.398438 0.539062 0.445312 0.539062 0.468750 0.525000 0.490234
0 0.000000 0.107422 0.040625 0.134766 0.103125 0.154297 0.115625 0.166016 0.128125 0.166016 0.145313 0.183594 0.145313 0.191406 0.140625 0.197266 0.121875 0.197266 0.115625 0.205078 0.096875 0.208984 0.043750 0.181641 0.015625 0.177734 0.000000 0.166016
0 0.000000 0.251953 0.021875 0.251953 0.031250 0.236328 0.065625 0.236328 0.140625 0.259766 0.192188 0.324219 0.195312 0.402344 0.185938 0.414062 0.182812 0.441406 0.162500 0.466797 0.146875 0.470703 0.134375 0.482422 0.087500 0.482422 0.040625 0.458984 0.026562 0.441406 0.000000 0.388672
