0 0.218750 0.892578 0.207813 0.886719 0.207813 0.855469 0.221875 0.837891 0.243750 0.841797 0.254688 0.855469 0.254688 0.863281 0.218750 0.892578
0 0.284375 0.830078 0.231250 0.830078 0.210938 0.804688 0.210938 0.777344 0.229687 0.765625 0.232813 0.742188 0.253125 0.708984 0.271875 0.708984 0.284375 0.716797 0.320312 0.765625 0.304688 0.808594 0.284375 0.830078
0 0.175000 0.845703 0.162500 0.845703 0.139063 0.820312 0.135937 0.800781 0.143750 0.791016 0.181250 0.787109 0.192188 0.800781 0.195312 0.828125 0.175000 0.845703
0 0.051562 0.996094 0.048438 0.976562 0.056250 0.966797 0.075000 0.958984 0.121875 0.962891 0.132812 0.980469 0.132812 0.996094
0 0.596875 0.775391 0.568750 0.775391 0.560937 0.765625 0.548438 0.742188 0.551562 0.695312 0.578125 0.666016 0.621875 0.662109 0.639062 0.683594 0.642188 0.730469 0.628125 0.751953 0.596875 0.775391
0 0.456250 0.810547 0.434375 0.810547 0.423438 0.796875 0.420312 0.738281 0.431250 0.720703 0.454688 0.742188 0.454688 0.753906 0.464062 0.773438 0.464062 0.800781 0.456250 0.810547
0 0.396875 0.310547 0.368750 0.310547 0.353125 0.302734 0.342187 0.289062 0.342187 0.246094 0.362500 0.216797 0.381250 0.216797 0.396875 0.224609 0.421875 0.255859 0.451562 0.273438 0.434375 0.294922 0.396875 0.310547
0 0.148438 0.996094 0.148438 0.984375 0.142187 0.976562 0.159375 0.951172 0.178125 0.939453 0.204687 0.953125 0.207813 0.996094
0 0.578125 0.994141 0.564063 0.984375 0.568750 0.970703 0.582812 0.980469 0.578125 0.994141
0 0.365625 0.943359 0.337500 0.939453 0.326562 0.921875 0.326562 0.906250 0.337500 0.884766 0.368750 0.880859 0.373437 0.886719 0.379688 0.925781 0.365625 0.943359
0 0.431250 0.669922 0.415625 0.666016 0.400000 0.638672 0.367188 0.609375 0.367188 0.593750 0.371875 0.587891 0.409375 0.583984 0.432812 0.593750 0.454688 0.636719 0.435937 0.656250 0.431250 0.669922
0 0.468750 0.939453 0.432812 0.929688 0.426563 0.910156 0.429688 0.890625 0.450000 0.873047 0.487500 0.865234 0.509375 0.869141 0.520312 0.886719 0.517188 0.910156 0.509375 0.919922 0.500000 0.919922 0.468750 0.939453
0 0.996875 0.869141 0.989062 0.859375 0.976562 0.812500 0.985938 0.777344 0.996875 0.767578
0 0.143750 0.974609 0.132812 0.968750 0.132812 0.957031 0.126562 0.949219 0.131250 0.935547 0.150000 0.935547 0.154688 0.941406 0.154688 0.957031 0.143750 0.974609
0 0.340625 0.619141 0.326562 0.613281 0.334375 0.595703 0.348438 0.601562 0.340625 0.619141
0 0.859375 0.658203 0.850000 0.658203 0.832812 0.628906 0.840625 0.607422 0.859375 0.615234 0.873437 0.628906 0.873437 0.640625 0.859375 0.658203
0 0.912500 0.744141 0.903125 0.744141 0.870313 0.718750 0.870313 0.679688 0.885938 0.652344 0.900000 0.642578 0.914062 0.652344 0.914062 0.667969 0.942187 0.699219 0.923438 0.722656 0.923438 0.734375 0.912500 0.744141
0 0.159375 0.513672 0.146875 0.509766 0.128125 0.486328 0.114062 0.480469 0.110937 0.464844 0.098437 0.449219 0.106250 0.427734 0.156250 0.427734 0.162500 0.435547 0.196875 0.435547 0.201563 0.441406 0.201563 0.453125 0.185938 0.484375 0.159375 0.513672
0 0.996875 0.685547 0.978125 0.697266 0.970313 0.687500 0.970313 0.660156 0.964063 0.644531 0.967187 0.628906 0.996875 0.599609
0 0.071875 0.939453 0.037500 0.900391 0.025000 0.900391 0.007812 0.875000 0.021875 0.849609 0.043750 0.849609 0.070312 0.871094 0.082812 0.910156 0.071875 0.939453
0 0.737500 0.697266 0.726562 0.691406 0.726562 0.675781 0.740625 0.654297 0.750000 0.654297 0.754687 0.671875 0.737500 0.697266
0 0.106250 0.794922 0.090625 0.794922 0.076563 0.781250 0.076563 0.753906 0.100000 0.724609 0.168750 0.728516 0.173437 0.734375 0.173437 0.765625 0.168750 0.771484 0.137500 0.775391 0.106250 0.794922
0 0.159375 0.724609 0.137500 0.720703 0.126562 0.703125 0.126562 0.675781 0.131250 0.669922 0.159375 0.669922 0.171875 0.673828 0.179688 0.683594 0.176563 0.707031 0.159375 0.724609
0 0.796875 0.818359 0.765625 0.818359 0.742188 0.789062 0.739062 0.738281 0.759375 0.712891 0.784375 0.716797 0.800000 0.736328 0.818750 0.744141 0.832812 0.761719 0.832812 0.781250 0.826562 0.796875 0.796875 0.818359
0 0.996875 0.490234 0.978125 0.494141 0.951562 0.476562 0.962500 0.447266 0.971875 0.447266 0.996875 0.423828
0 0.267188 0.996094 0.278125 0.958984 0.296875 0.966797 0.304688 0.976562 0.292187 0.996094
