0 0.561111 0.976389 0.536111 0.976389 0.458333 0.956944 0.415278 0.925000 0.418056 0.916667 0.409722 0.908333 0.398611 0.841667 0.401389 0.827778 0.416667 0.809722 0.447222 0.806944 0.480556 0.818056 0.494444 0.815278 0.562500 0.863889 0.568056 0.872222 0.570833 0.905556 0.579167 0.922222 0.579167 0.950000 0.576389 0.961111 0.561111 0.976389
0 0.797222 0.518056 0.758333 0.518056 0.730556 0.512500 0.688889 0.498611 0.661111 0.481944 0.643056 0.452778 0.643056 0.438889 0.651389 0.416667 0.677778 0.395833 0.702778 0.395833 0.733333 0.406944 0.794444 0.443056 0.815278 0.469444 0.812500 0.502778 0.797222 0.518056
0 0.000000 0.626389 0.012500 0.650000 0.000000 0.706944
0 0.286111 0.759722 0.247222 0.754167 0.230556 0.740278 0.219444 0.737500 0.202778 0.723611 0.180556 0.715278 0.166667 0.704167 0.140278 0.663889 0.143056 0.633333 0.147222 0.629167 0.191667 0.626389 0.233333 0.643056 0.277778 0.673611 0.312500 0.716667 0.309722 0.744444 0.297222 0.756944 0.286111 0.759722
0 0.652778 0.795833 0.633333 0.795833 0.623611 0.783333 0.623611 0.763889 0.637500 0.741667 0.655556 0.723611 0.675000 0.712500 0.697222 0.701389 0.719444 0.698611 0.726389 0.705556 0.729167 0.716667 0.723611 0.766667 0.719444 0.770833 0.702778 0.765278 0.683333 0.781944 0.652778 0.795833
0 0.997222 0.651389 0.990278 0.644444 0.990278 0.616667 0.997222 0.612500
0 0.954167 0.000000 0.959722 0.005556 0.959722 0.013889 0.947222 0.018056 0.943056 0.027778 0.916667 0.054167 0.880556 0.065278 0.827778 0.065278 0.800000 0.054167 0.787500 0.041667 0.781944 0.025000 0.787500 0.000000
0 0.783333 0.818056 0.769444 0.815278 0.759722 0.805556 0.759722 0.794444 0.765278 0.783333 0.768056 0.744444 0.779167 0.733333 0.779167 0.722222 0.794444 0.718056 0.804167 0.725000 0.815278 0.747222 0.818056 0.783333 0.812500 0.797222 0.783333 0.818056
0 0.819444 0.412500 0.777778 0.409722 0.765278 0.397222 0.756944 0.377778 0.756944 0.358333 0.784722 0.322222 0.793056 0.305556 0.795833 0.283333 0.804167 0.272222 0.800000 0.268056 0.786111 0.273611 0.747222 0.276389 0.733333 0.270833 0.715278 0.252778 0.698611 0.219444 0.698611 0.147222 0.713889 0.131944 0.744444 0.112500 0.780556 0.112500 0.798611 0.125000 0.806944 0.147222 0.806944 0.163889 0.818056 0.172222 0.837500 0.205556 0.834722 0.222222 0.829167 0.227778 0.829167 0.241667 0.820833 0.258333 0.825000 0.262500 0.844444 0.254167 0.863889 0.254167 0.877778 0.259722 0.890278 0.269444 0.893056 0.286111 0.912500 0.305556 0.915278 0.313889 0.909722 0.344444 0.881944 0.386111 0.858333 0.401389 0.819444 0.412500
0 0.997222 0.565278 0.966667 0.565278 0.947222 0.548611 0.936111 0.545833 0.916667 0.523611 0.898611 0.513889 0.898611 0.488889 0.906944 0.475000 0.906944 0.466667 0.927778 0.445833 0.938889 0.443056 0.980556 0.448611 0.997222 0.473611
0 0.355556 0.573611 0.343056 0.566667 0.340278 0.550000 0.344444 0.545833 0.355556 0.545833 0.359722 0.550000 0.359722 0.569444 0.355556 0.573611
0 0.395833 0.000000 0.401389 0.013889 0.401389 0.036111 0.386111 0.056944 0.369444 0.065278 0.350000 0.065278 0.333333 0.056944 0.302778 0.056944 0.286111 0.048611 0.276389 0.036111 0.276389 0.000000
0 0.505556 0.368056 0.493056 0.363889 0.479167 0.336111 0.479167 0.311111 0.487500 0.300000 0.487500 0.291667 0.479167 0.288889 0.479167 0.277778 0.484722 0.272222 0.487500 0.252778 0.515278 0.211111 0.530556 0.195833 0.558333 0.193056 0.577778 0.176389 0.597222 0.176389 0.606944 0.188889 0.606944 0.222222 0.595833 0.255556 0.556944 0.322222 0.516667 0.362500 0.505556 0.368056
0 0.136111 0.926389 0.111111 0.926389 0.088889 0.912500 0.062500 0.877778 0.059722 0.861111 0.111111 0.820833 0.130556 0.812500 0.144444 0.812500 0.169444 0.823611 0.184722 0.841667 0.187500 0.877778 0.179167 0.894444 0.155556 0.918056 0.136111 0.926389
0 0.000000 0.237500 0.025000 0.234722 0.108333 0.262500 0.137500 0.277778 0.159722 0.300000 0.162500 0.316667 0.152778 0.331944 0.122222 0.337500 0.036111 0.331944 0.000000 0.309722
0 0.408333 0.359722 0.333333 0.337500 0.320833 0.325000 0.315278 0.311111 0.315278 0.277778 0.323611 0.269444 0.330556 0.251389 0.358333 0.237500 0.430556 0.215278 0.458333 0.218056 0.477778 0.229167 0.487500 0.241667 0.487500 0.261111 0.479167 0.277778 0.479167 0.288889 0.487500 0.291667 0.487500 0.300000 0.481944 0.302778 0.461111 0.343056 0.455556 0.343056 0.452778 0.337500 0.447222 0.345833 0.438889 0.345833 0.433333 0.351389 0.416667 0.351389 0.408333 0.359722
0 0.283333 0.612500 0.244444 0.573611 0.219444 0.562500 0.195833 0.541667 0.190278 0.502778 0.183333 0.495833 0.170833 0.513889 0.155556 0.526389 0.108333 0.543056 0.069444 0.543056 0.044444 0.531944 0.029167 0.513889 0.023611 0.497222 0.023611 0.480556 0.031944 0.461111 0.066667 0.429167 0.111111 0.412500 0.136111 0.412500 0.169444 0.429167 0.181944 0.444444 0.184722 0.472222 0.188889 0.476389 0.213889 0.448611 0.233333 0.440278 0.261111 0.443056 0.287500 0.475000 0.290278 0.513889 0.304167 0.530556 0.323611 0.566667 0.320833 0.588889 0.300000 0.609722 0.283333 0.612500
0 0.262500 0.000000 0.262500 0.036111 0.241667 0.056944 0.222222 0.068056 0.200000 0.073611 0.183333 0.070833 0.159722 0.047222 0.154167 0.036111 0.148611 0.000000
0 0.641667 0.923611 0.618056 0.902778 0.618056 0.838889 0.641667 0.795833 0.652778 0.795833 0.683333 0.781944 0.702778 0.765278 0.711111 0.765278 0.720833 0.772222 0.720833 0.786111 0.730556 0.795833 0.751389 0.802778 0.745833 0.838889 0.697222 0.887500 0.641667 0.923611
0 0.651389 0.997222 0.631944 0.969444 0.634722 0.933333 0.647222 0.918056 0.677778 0.901389 0.722222 0.862500 0.733333 0.854167 0.741667 0.854167 0.752778 0.843056 0.786111 0.845833 0.809722 0.866667 0.818056 0.880556 0.818056 0.913889 0.812500 0.930556 0.797222 0.948611 0.779167 0.958333 0.776389 0.986111 0.770833 0.997222
0 0.540278 0.000000 0.565278 0.027778 0.568056 0.047222 0.559722 0.072222 0.522222 0.093056 0.497222 0.093056 0.455556 0.084722 0.447222 0.081944 0.429167 0.063889 0.431944 0.033333 0.468056 0.000000
0 0.031944 0.000000 0.043056 0.019444 0.065278 0.044444 0.070833 0.080556 0.059722 0.105556 0.041667 0.129167 0.027778 0.137500 0.000000 0.137500
0 0.925000 0.743056 0.913889 0.740278 0.873611 0.700000 0.862500 0.655556 0.870833 0.611111 0.891667 0.590278 0.911111 0.581944 0.941667 0.595833 0.959722 0.619444 0.962500 0.658333 0.968056 0.669444 0.959722 0.727778 0.950000 0.737500 0.925000 0.743056
0 0.061111 0.859722 0.048611 0.850000 0.040278 0.825000 0.026389 0.805556 0.023611 0.783333 0.026389 0.761111 0.038889 0.745833 0.055556 0.734722 0.100000 0.734722 0.116667 0.740278 0.137500 0.758333 0.143056 0.788889 0.140278 0.802778 0.127778 0.815278 0.094444 0.831944 0.061111 0.859722
0 0.240278 0.997222 0.231944 0.986111 0.231944 0.963889 0.243056 0.941667 0.252778 0.931944 0.275000 0.920833 0.291667 0.920833 0.322222 0.912500 0.341667 0.915278 0.365278 0.933333 0.370833 0.961111 0.384722 0.980556 0.384722 0.991667 0.379167 0.997222
0 0.750000 0.801389 0.730556 0.795833 0.720833 0.786111 0.720833 0.769444 0.729167 0.741667 0.726389 0.708333 0.736111 0.698611 0.763889 0.695833 0.779167 0.713889 0.779167 0.733333 0.768056 0.744444 0.762500 0.791667 0.750000 0.801389
0 0.594444 0.645833 0.569444 0.643056 0.545833 0.622222 0.545833 0.583333 0.551389 0.575000 0.569444 0.556944 0.619444 0.540278 0.647222 0.540278 0.672222 0.551389 0.681944 0.563889 0.681944 0.577778 0.668056 0.608333 0.638889 0.631944 0.594444 0.645833
