0 0.628906 0.048828 0.615234 0.042969 0.621094 0.029297 0.638672 0.035156 0.628906 0.048828
0 0.820312 0.318359 0.792969 0.318359 0.783203 0.308594 0.779297 0.269531 0.789062 0.259766 0.816406 0.259766 0.830078 0.269531 0.830078 0.292969 0.820312 0.318359
0 0.449219 0.978516 0.429688 0.974609 0.416016 0.953125 0.419922 0.937500 0.445312 0.923828 0.457031 0.927734 0.470703 0.945312 0.466797 0.964844 0.449219 0.978516
0 0.644531 0.060547 0.630859 0.054688 0.636719 0.041016 0.650391 0.046875 0.644531 0.060547
0 0.320312 0.080078 0.304688 0.080078 0.283203 0.058594 0.283203 0.042969 0.289062 0.037109 0.316406 0.041016 0.337891 0.058594 0.337891 0.066406 0.320312 0.080078
0 0.457031 0.259766 0.425781 0.255859 0.416016 0.246094 0.416016 0.230469 0.425781 0.220703 0.457031 0.228516 0.462891 0.234375 0.457031 0.259766
0 0.472656 0.873047 0.453125 0.869141 0.447266 0.855469 0.460938 0.845703 0.472656 0.845703 0.478516 0.851562 0.478516 0.867188 0.472656 0.873047
0 0.660156 0.056641 0.652344 0.056641 0.646484 0.042969 0.656250 0.029297 0.669922 0.035156 0.669922 0.046875 0.660156 0.056641
0 0.644531 0.033203 0.630859 0.027344 0.636719 0.013672 0.650391 0.019531 0.644531 0.033203
0 0.000000 0.611328 0.027344 0.611328 0.033203 0.617188 0.033203 0.644531 0.015625 0.650391 0.013672 0.664062 0.000000 0.669922
0 0.667969 0.033203 0.650391 0.023438 0.656250 0.009766 0.673828 0.015625 0.667969 0.033203
0 0.664062 0.095703 0.640625 0.095703 0.634766 0.089844 0.634766 0.070312 0.644531 0.060547 0.660156 0.060547 0.669922 0.070312 0.669922 0.089844 0.664062 0.095703
0 0.101562 0.544922 0.078125 0.544922 0.064453 0.535156 0.064453 0.515625 0.074219 0.505859 0.093750 0.501953 0.103516 0.511719 0.107422 0.539062 0.101562 0.544922
0 0.460938 0.802734 0.453125 0.802734 0.443359 0.789062 0.453125 0.771484 0.478516 0.781250 0.474609 0.796875 0.460938 0.802734
0 0.386719 0.173828 0.359375 0.173828 0.349609 0.164062 0.349609 0.152344 0.363281 0.134766 0.378906 0.134766 0.396484 0.148438 0.396484 0.164062 0.386719 0.173828
0 0.691406 0.080078 0.675781 0.080078 0.669922 0.074219 0.679688 0.048828 0.691406 0.048828 0.701172 0.058594 0.701172 0.070312 0.691406 0.080078
0 0.000000 0.583984 0.019531 0.580078 0.029297 0.589844 0.023438 0.607422 0.000000 0.603516
0 0.583984 0.000000 0.578125 0.017578 0.554688 0.017578 0.544922 0.000000
0 0.333984 0.000000 0.353516 0.019531 0.343750 0.048828 0.328125 0.048828 0.318359 0.039062 0.318359 0.000000
0 0.410156 0.845703 0.398438 0.845703 0.392578 0.835938 0.392578 0.824219 0.410156 0.814453 0.416016 0.820312 0.410156 0.845703
