0 0.135220 0.637645 0.131289 0.637645 0.127358 0.629353 0.126179 0.630182 0.126179 0.616915 0.128145 0.612769 0.133648 0.609453 0.136006 0.611111 0.139544 0.620232 0.140330 0.630182 0.138365 0.631012 0.137972 0.635158 0.135220 0.637645
0 0.283805 0.703980 0.279088 0.700663 0.275550 0.693201 0.276730 0.685738 0.279874 0.685738 0.284984 0.694859 0.284984 0.701493 0.283805 0.703980
0 0.361635 0.690713 0.356132 0.689055 0.354167 0.684909 0.354167 0.679934 0.355346 0.677446 0.359277 0.677446 0.362814 0.686567 0.361635 0.690713
0 0.463050 0.654229 0.460299 0.650083 0.461085 0.638474 0.467767 0.627695 0.469340 0.627695 0.472091 0.633499 0.471305 0.641791 0.467767 0.650912 0.463050 0.654229
0 0.425314 0.654229 0.422956 0.654229 0.418632 0.645108 0.419025 0.632670 0.426101 0.634328 0.427280 0.636816 0.427280 0.646766 0.425314 0.654229
0 0.510220 0.645937 0.507469 0.640133 0.509041 0.630182 0.511792 0.626036 0.514544 0.633499 0.514544 0.640133 0.510220 0.645937
0 0.172956 0.488391 0.166667 0.488391 0.163129 0.484245 0.164308 0.468491 0.167453 0.466833 0.172563 0.472637 0.174135 0.477612 0.174135 0.485904 0.172956 0.488391
0 0.220912 0.684080 0.215409 0.684080 0.213443 0.678275 0.216195 0.670813 0.220912 0.667496 0.222877 0.671642 0.222877 0.679934 0.220912 0.684080
0 0.403302 0.483416 0.400157 0.483416 0.395047 0.470978 0.397013 0.468491 0.407233 0.468491 0.407626 0.475954 0.403302 0.483416
0 0.389151 0.448590 0.382862 0.448590 0.380896 0.444444 0.380896 0.437811 0.384434 0.427032 0.388365 0.428690 0.389544 0.432836 0.389151 0.448590
0 0.217767 0.465174 0.212264 0.465174 0.209513 0.457711 0.209513 0.446103 0.212264 0.438640 0.220126 0.438640 0.223664 0.446103 0.222877 0.457711 0.217767 0.465174
0 0.308962 0.781924 0.305031 0.781924 0.303066 0.777778 0.303066 0.764511 0.305031 0.758706 0.308176 0.758706 0.310928 0.766169 0.310928 0.774461 0.308962 0.781924
0 0.271226 0.488391 0.267296 0.488391 0.266116 0.485904 0.266116 0.477612 0.268868 0.470149 0.271226 0.470149 0.273978 0.475954 0.273978 0.482587 0.271226 0.488391
0 0.453616 0.536484 0.450472 0.536484 0.446934 0.530680 0.446934 0.522388 0.450472 0.511609 0.454796 0.517413 0.457154 0.527363 0.453616 0.536484
0 0.303459 0.712272 0.297956 0.712272 0.294811 0.708955 0.292453 0.710614 0.292060 0.703151 0.296384 0.694030 0.304245 0.694030 0.305425 0.696517 0.305425 0.706468 0.303459 0.712272
0 0.143082 0.574627 0.136792 0.574627 0.132075 0.569652 0.129324 0.560531 0.130896 0.550580 0.137579 0.549751 0.143082 0.556385 0.145833 0.563847 0.145833 0.568823 0.143082 0.574627
0 0.305818 0.398839 0.301887 0.398839 0.300708 0.396352 0.301101 0.378939 0.304245 0.380597 0.306211 0.384743 0.306997 0.396352 0.305818 0.398839
0 0.326258 0.765340 0.323899 0.765340 0.321934 0.759536 0.321934 0.741294 0.323113 0.738806 0.326258 0.738806 0.329796 0.749585 0.329796 0.757877 0.326258 0.765340
0 0.449686 0.504975 0.444182 0.503317 0.440645 0.495854 0.439858 0.489221 0.444969 0.481758 0.449686 0.483416 0.451651 0.492537 0.451651 0.500829 0.449686 0.504975
0 0.202830 0.708955 0.198113 0.707297 0.196934 0.696517 0.202830 0.687396 0.205189 0.687396 0.207940 0.694859 0.204796 0.706468 0.202830 0.708955
0 0.471698 0.418740 0.466981 0.418740 0.466588 0.409619 0.470912 0.402156 0.474057 0.402156 0.474450 0.412935 0.471698 0.418740
0 0.209906 0.445274 0.204403 0.443615 0.202437 0.439469 0.202437 0.432836 0.207547 0.423715 0.211478 0.425373 0.213443 0.431177 0.213443 0.437811 0.209906 0.445274
0 0.158805 0.563018 0.152516 0.563018 0.149371 0.561360 0.147406 0.557214 0.146619 0.552239 0.149371 0.539801 0.154088 0.538143 0.160770 0.547264 0.161557 0.555556 0.158805 0.563018
0 0.140723 0.700663 0.136792 0.700663 0.134041 0.696517 0.134041 0.686567 0.137579 0.679104 0.142296 0.680763 0.144261 0.686567 0.142689 0.696517 0.140723 0.700663
0 0.350629 0.790216 0.347877 0.787728 0.347091 0.781095 0.348270 0.778607 0.351808 0.782753 0.350629 0.790216
0 0.417453 0.383914 0.414308 0.383914 0.412343 0.378109 0.412343 0.371476 0.414308 0.364013 0.418632 0.371476 0.417453 0.383914
0 0.257075 0.481758 0.253931 0.481758 0.250000 0.476783 0.248821 0.469320 0.256289 0.468491 0.255896 0.470978 0.257469 0.474295 0.257075 0.481758
0 0.323899 0.445274 0.319969 0.443615 0.315645 0.436153 0.315252 0.422056 0.323113 0.425373 0.325865 0.431177 0.326651 0.441128 0.323899 0.445274
0 0.415094 0.465174 0.411950 0.465174 0.410770 0.459370 0.410770 0.454395 0.414308 0.448590 0.417846 0.452736 0.415094 0.465174
0 0.527516 0.456882 0.523585 0.456882 0.521619 0.452736 0.521619 0.449420 0.524371 0.443615 0.525943 0.443615 0.528695 0.449420 0.527516 0.456882
0 0.424528 0.577944 0.419811 0.576285 0.417846 0.570481 0.417846 0.565506 0.421384 0.558043 0.425708 0.565506 0.424528 0.577944
0 0.431604 0.629353 0.428459 0.629353 0.425708 0.620232 0.426494 0.611940 0.429245 0.606136 0.432783 0.615257 0.431604 0.629353
0 0.437107 0.480100 0.431211 0.469320 0.431211 0.462687 0.434748 0.456882 0.438679 0.458541 0.441431 0.469320 0.441431 0.474295 0.437107 0.480100
0 0.295597 0.430348 0.292453 0.428690 0.288129 0.421227 0.290094 0.412106 0.297170 0.410448 0.300708 0.417910 0.300708 0.422886 0.295597 0.430348
0 0.414308 0.534826 0.410377 0.534826 0.408412 0.530680 0.411164 0.514925 0.412736 0.514925 0.415487 0.522388 0.414308 0.534826
0 0.348270 0.470149 0.345126 0.470149 0.343947 0.467662 0.343947 0.454395 0.345912 0.448590 0.347484 0.448590 0.351022 0.457711 0.351022 0.464345 0.348270 0.470149
0 0.434748 0.538143 0.429638 0.533997 0.428852 0.527363 0.430031 0.524876 0.431604 0.524876 0.435928 0.532338 0.434748 0.538143
0 0.381289 0.778607 0.375393 0.776119 0.375393 0.771144 0.378145 0.765340 0.379717 0.765340 0.382469 0.771144 0.381289 0.778607
0 0.369497 0.748756 0.363208 0.747098 0.358884 0.739635 0.357311 0.733002 0.358491 0.717247 0.361635 0.717247 0.365959 0.723051 0.369890 0.739635 0.369497 0.748756
0 0.204403 0.672471 0.199686 0.670813 0.198506 0.668325 0.199292 0.663350 0.202830 0.657546 0.209906 0.657546 0.211085 0.661692 0.210299 0.668325 0.204403 0.672471
0 0.267296 0.415423 0.264151 0.415423 0.258648 0.410448 0.257469 0.407960 0.257469 0.398010 0.258648 0.395522 0.264937 0.397181 0.267689 0.402985 0.268475 0.412935 0.267296 0.415423
0 0.143082 0.612769 0.140723 0.612769 0.137972 0.606965 0.136399 0.593698 0.139151 0.589552 0.147013 0.587894 0.151336 0.593698 0.152123 0.603648 0.149371 0.611111 0.143082 0.612769
0 0.459119 0.564677 0.455189 0.564677 0.451651 0.555556 0.451651 0.550580 0.455189 0.546434 0.457547 0.539801 0.462657 0.548922 0.462657 0.558872 0.459119 0.564677
0 0.165094 0.737148 0.159591 0.737148 0.157626 0.734660 0.157626 0.729685 0.161164 0.720564 0.163522 0.720564 0.165487 0.718076 0.165094 0.715589 0.166667 0.715589 0.170991 0.724710 0.170991 0.728027 0.165094 0.737148
0 0.205189 0.514925 0.200079 0.507463 0.199292 0.494196 0.200472 0.490050 0.204403 0.491708 0.210299 0.504146 0.210299 0.509121 0.205189 0.514925
0 0.253145 0.735489 0.250393 0.733002 0.248035 0.721393 0.250000 0.707297 0.255503 0.708955 0.259041 0.719735 0.258255 0.728027 0.253145 0.735489
0 0.188679 0.553068 0.181604 0.553068 0.177280 0.543947 0.175708 0.530680 0.176887 0.528192 0.182390 0.528192 0.187107 0.533167 0.191431 0.543947 0.188679 0.553068
0 0.416667 0.621061 0.412736 0.619403 0.409984 0.613599 0.410377 0.606136 0.415881 0.604478 0.418632 0.610282 0.416667 0.621061
0 0.478774 0.602819 0.475629 0.597844 0.470912 0.599502 0.469733 0.595357 0.469733 0.590381 0.473270 0.576285 0.476808 0.578773 0.476808 0.583748 0.479953 0.597015 0.478774 0.602819
0 0.113994 0.604478 0.110456 0.601990 0.110456 0.593698 0.112421 0.589552 0.117138 0.586235 0.118318 0.592040 0.117531 0.597015 0.113994 0.604478
0 0.409591 0.445274 0.406447 0.445274 0.404481 0.437811 0.405267 0.422886 0.406447 0.420398 0.411557 0.424544 0.410770 0.442786 0.409591 0.445274
0 0.321541 0.465174 0.319182 0.465174 0.315645 0.459370 0.314858 0.447761 0.316038 0.443615 0.321934 0.447761 0.322720 0.462687 0.321541 0.465174
0 0.283805 0.438640 0.278302 0.436982 0.273978 0.426202 0.275943 0.412106 0.279088 0.413765 0.284198 0.429519 0.284984 0.436153 0.283805 0.438640
0 0.187893 0.473466 0.180818 0.473466 0.179638 0.470978 0.180425 0.459370 0.181604 0.456882 0.185535 0.456882 0.189858 0.464345 0.189858 0.469320 0.187893 0.473466
0 0.168239 0.529851 0.160377 0.529851 0.154088 0.524876 0.152123 0.519071 0.152123 0.510779 0.154874 0.506633 0.160377 0.508292 0.168632 0.522388 0.168239 0.529851
0 0.478774 0.664179 0.474843 0.664179 0.470519 0.656716 0.471698 0.645937 0.477987 0.644279 0.480739 0.648425 0.482311 0.656716 0.478774 0.664179
0 0.378931 0.425373 0.374214 0.423715 0.372248 0.417910 0.372248 0.409619 0.374214 0.402156 0.379717 0.402156 0.382469 0.407960 0.381682 0.421227 0.378931 0.425373
0 0.229560 0.710614 0.226415 0.710614 0.225236 0.708126 0.222877 0.696517 0.223270 0.690713 0.229560 0.689055 0.233097 0.696517 0.233097 0.701493 0.229560 0.710614
0 0.542453 0.495025 0.538522 0.493367 0.537343 0.489221 0.538129 0.480929 0.541667 0.476783 0.544025 0.478441 0.545204 0.482587 0.545204 0.487562 0.542453 0.495025
0 0.518868 0.596186 0.514151 0.596186 0.513758 0.587065 0.520440 0.576285 0.522013 0.576285 0.523192 0.578773 0.523192 0.587065 0.518868 0.596186
0 0.464623 0.624378 0.461478 0.624378 0.458726 0.618574 0.458726 0.603648 0.462264 0.597844 0.463836 0.597844 0.466588 0.605307 0.466588 0.620232 0.464623 0.624378
0 0.271226 0.685738 0.268868 0.685738 0.266903 0.681592 0.267296 0.669154 0.269654 0.669154 0.271619 0.673300 0.271226 0.685738
0 0.172170 0.571310 0.169025 0.567993 0.165487 0.557214 0.165487 0.548922 0.168239 0.541459 0.172956 0.543118 0.176494 0.555556 0.176494 0.560531 0.172170 0.571310
0 0.340409 0.722222 0.333333 0.720564 0.331368 0.716418 0.331368 0.706468 0.341981 0.707297 0.342374 0.718076 0.340409 0.722222
0 0.220126 0.781924 0.216588 0.777778 0.216588 0.772803 0.219340 0.766998 0.222091 0.769486 0.222091 0.776119 0.220126 0.781924
0 0.297956 0.773632 0.293239 0.770315 0.290487 0.764511 0.290487 0.756219 0.293239 0.748756 0.299528 0.748756 0.302280 0.752902 0.302280 0.761194 0.297956 0.773632
0 0.423742 0.516584 0.421384 0.516584 0.418632 0.510779 0.418239 0.501658 0.420597 0.501658 0.423349 0.507463 0.423742 0.516584
0 0.308176 0.465174 0.305031 0.465174 0.302673 0.461857 0.300708 0.454395 0.301887 0.451907 0.305818 0.451907 0.309355 0.459370 0.308176 0.465174
0 0.213050 0.541459 0.210692 0.541459 0.207940 0.533997 0.208726 0.525705 0.210692 0.521559 0.215016 0.525705 0.215016 0.537313 0.213050 0.541459
0 0.314465 0.687396 0.308962 0.685738 0.306997 0.681592 0.306997 0.673300 0.311321 0.670813 0.314858 0.679934 0.314465 0.687396
0 0.524371 0.511609 0.518868 0.509950 0.515330 0.502488 0.515330 0.494196 0.519654 0.491708 0.522013 0.495025 0.524764 0.500829 0.524371 0.511609
0 0.397013 0.390547 0.393868 0.390547 0.391903 0.386401 0.391903 0.378109 0.393082 0.375622 0.396619 0.376451 0.398192 0.383085 0.397013 0.390547
0 0.442610 0.455224 0.439465 0.455224 0.437500 0.451078 0.438286 0.441128 0.441038 0.433665 0.449686 0.436982 0.451651 0.441128 0.449686 0.448590 0.442610 0.455224
0 0.466981 0.727197 0.463836 0.727197 0.462657 0.724710 0.462657 0.716418 0.465409 0.710614 0.469733 0.714760 0.469733 0.719735 0.466981 0.727197
0 0.273585 0.770315 0.269654 0.768657 0.268475 0.762852 0.268475 0.747927 0.271226 0.742123 0.276336 0.749585 0.277123 0.756219 0.277123 0.764511 0.273585 0.770315
0 0.486635 0.493367 0.482311 0.489221 0.482311 0.480929 0.486635 0.468491 0.493711 0.470149 0.494104 0.480929 0.490959 0.485904 0.489780 0.491708 0.486635 0.493367
0 0.334906 0.750415 0.332547 0.750415 0.329796 0.742952 0.329796 0.729685 0.331761 0.725539 0.340016 0.728027 0.339230 0.742952 0.334906 0.750415
0 0.389151 0.720564 0.383648 0.720564 0.380896 0.716418 0.380896 0.701493 0.382075 0.699005 0.386792 0.695688 0.390330 0.701493 0.391116 0.716418 0.389151 0.720564
0 0.461478 0.500000 0.457547 0.500000 0.454009 0.494196 0.455189 0.478441 0.462264 0.476783 0.464230 0.480929 0.464230 0.497512 0.461478 0.500000
0 0.333333 0.463516 0.330975 0.463516 0.329009 0.454395 0.330975 0.446932 0.334119 0.448590 0.335299 0.452736 0.335299 0.457711 0.333333 0.463516
0 0.371855 0.387231 0.369104 0.383085 0.369104 0.373134 0.372642 0.367330 0.374607 0.371476 0.374607 0.376451 0.371855 0.387231
0 0.287736 0.481758 0.283805 0.481758 0.281053 0.475954 0.283805 0.465174 0.286164 0.463516 0.288129 0.466003 0.288915 0.479270 0.287736 0.481758
0 0.340409 0.488391 0.337264 0.488391 0.336085 0.485904 0.336085 0.479270 0.338836 0.470149 0.341588 0.474295 0.341588 0.485904 0.340409 0.488391
0 0.428459 0.460199 0.424528 0.460199 0.423349 0.457711 0.422956 0.441957 0.424528 0.443615 0.429245 0.440299 0.433569 0.444444 0.433569 0.451078 0.431997 0.456053 0.428459 0.460199
0 0.419811 0.483416 0.416274 0.480929 0.416274 0.472637 0.419418 0.467662 0.419025 0.465174 0.422170 0.465174 0.424135 0.469320 0.424921 0.475954 0.419811 0.483416
0 0.308176 0.375622 0.303852 0.368159 0.305031 0.357380 0.310142 0.364842 0.310142 0.371476 0.308176 0.375622
0 0.121855 0.566335 0.117925 0.564677 0.116745 0.555556 0.120283 0.548093 0.124214 0.548093 0.126179 0.550580 0.126179 0.557214 0.121855 0.566335
0 0.362421 0.480100 0.359277 0.480100 0.355739 0.472637 0.356918 0.465174 0.360063 0.465174 0.362814 0.470978 0.362421 0.480100
0 0.450472 0.475124 0.447327 0.475124 0.444575 0.467662 0.444575 0.462687 0.448113 0.455224 0.453616 0.450249 0.456368 0.456053 0.456368 0.466003 0.450472 0.475124
0 0.294811 0.793532 0.291667 0.793532 0.289701 0.789386 0.289701 0.779436 0.290881 0.775290 0.296777 0.777778 0.296777 0.789386 0.294811 0.793532
0 0.294025 0.405473 0.287736 0.403814 0.286557 0.401327 0.286557 0.393035 0.289308 0.382255 0.293239 0.382255 0.296777 0.391376 0.296777 0.399668 0.294025 0.405473
0 0.408805 0.652570 0.405267 0.640133 0.408019 0.634328 0.410377 0.634328 0.412343 0.640133 0.412343 0.645108 0.408805 0.652570
0 0.509434 0.495025 0.505503 0.495025 0.501965 0.487562 0.501965 0.477612 0.503145 0.475124 0.507862 0.475124 0.509041 0.480929 0.511399 0.484245 0.511399 0.489221 0.509434 0.495025
0 0.496069 0.672471 0.493318 0.668325 0.494497 0.654229 0.496855 0.654229 0.499607 0.658375 0.499607 0.665008 0.496069 0.672471
0 0.347484 0.770315 0.344340 0.770315 0.338443 0.762852 0.338443 0.749585 0.340409 0.745439 0.344340 0.745439 0.346698 0.750415 0.349450 0.751244 0.349450 0.762852 0.347484 0.770315
0 0.503145 0.470149 0.498428 0.470149 0.497248 0.466003 0.498821 0.452736 0.501572 0.448590 0.503931 0.448590 0.506682 0.454395 0.506682 0.464345 0.503145 0.470149
0 0.248428 0.511609 0.244104 0.499171 0.244104 0.487562 0.245283 0.485075 0.249607 0.490879 0.252752 0.502488 0.251965 0.509121 0.248428 0.511609
0 0.288522 0.684080 0.284984 0.681592 0.284984 0.673300 0.286950 0.669154 0.289701 0.674959 0.289701 0.681592 0.288522 0.684080
0 0.376572 0.705638 0.372642 0.703980 0.368318 0.696517 0.368318 0.684909 0.370283 0.680763 0.377358 0.682421 0.380110 0.688226 0.380110 0.694859 0.376572 0.705638
0 0.268082 0.390547 0.263758 0.383085 0.265723 0.373964 0.268082 0.373964 0.269261 0.378109 0.269261 0.388060 0.268082 0.390547
0 0.238208 0.500000 0.233491 0.500000 0.229953 0.495854 0.229953 0.482587 0.232704 0.475124 0.235063 0.476783 0.240173 0.487562 0.240173 0.494196 0.238208 0.500000
0 0.323899 0.786899 0.316824 0.786899 0.315645 0.784411 0.315645 0.776119 0.318396 0.768657 0.321541 0.768657 0.325079 0.774461 0.325079 0.784411 0.323899 0.786899
0 0.464623 0.446932 0.459906 0.446932 0.458726 0.444444 0.466195 0.428690 0.470126 0.430348 0.471305 0.436153 0.464623 0.446932
0 0.326258 0.732172 0.319969 0.732172 0.318789 0.729685 0.318789 0.714760 0.321541 0.708955 0.327044 0.707297 0.328223 0.709784 0.328223 0.728027 0.326258 0.732172
0 0.172170 0.685738 0.168239 0.680763 0.164701 0.669983 0.171384 0.662521 0.176101 0.662521 0.177280 0.665008 0.176494 0.679934 0.172170 0.685738
0 0.310535 0.742123 0.306997 0.739635 0.306211 0.719735 0.307390 0.715589 0.312107 0.715589 0.315645 0.724710 0.315645 0.733002 0.310535 0.742123
0 0.387579 0.473466 0.384827 0.472637 0.385220 0.456882 0.389544 0.464345 0.389544 0.470978 0.387579 0.473466
0 0.393082 0.511609 0.390330 0.509121 0.390330 0.502488 0.393082 0.495025 0.395047 0.499171 0.395047 0.507463 0.393082 0.511609
0 0.466981 0.684080 0.461478 0.684080 0.457154 0.676617 0.457154 0.666667 0.459513 0.661692 0.459119 0.659204 0.466195 0.660862 0.468947 0.666667 0.469733 0.673300 0.466981 0.684080
0 0.360849 0.766998 0.356132 0.766998 0.354167 0.762852 0.354167 0.751244 0.355346 0.748756 0.362814 0.749585 0.363601 0.761194 0.360849 0.766998
0 0.468553 0.475124 0.464623 0.475124 0.460299 0.467662 0.460299 0.457711 0.465409 0.450249 0.469340 0.450249 0.470519 0.454395 0.470519 0.464345 0.468553 0.475124
0 0.472484 0.695688 0.468553 0.695688 0.468160 0.686567 0.472484 0.679104 0.474057 0.679104 0.474450 0.689884 0.472484 0.695688
0 0.135220 0.669154 0.130503 0.669154 0.127752 0.665008 0.127752 0.656716 0.130503 0.647595 0.132862 0.650912 0.136792 0.650912 0.140330 0.658375 0.135220 0.669154
0 0.525943 0.549751 0.523585 0.549751 0.520833 0.542289 0.520833 0.527363 0.523585 0.519900 0.528695 0.533997 0.527909 0.543947 0.525943 0.549751
0 0.474843 0.566335 0.469340 0.566335 0.468160 0.562189 0.468160 0.547264 0.470126 0.541459 0.472484 0.541459 0.475236 0.547264 0.476808 0.557214 0.474843 0.566335
0 0.429245 0.503317 0.426887 0.501658 0.424921 0.495854 0.426101 0.485075 0.431604 0.485075 0.433569 0.489221 0.433569 0.495854 0.429245 0.503317
0 0.235849 0.443615 0.233491 0.443615 0.231525 0.437811 0.231525 0.422886 0.233491 0.418740 0.235849 0.418740 0.238601 0.427861 0.237814 0.439469 0.235849 0.443615
0 0.381289 0.398839 0.377752 0.396352 0.377752 0.384743 0.383648 0.367330 0.387186 0.376451 0.387186 0.384743 0.386399 0.389718 0.381289 0.398839
0 0.437107 0.577944 0.433962 0.576285 0.432783 0.572139 0.432783 0.563847 0.433962 0.561360 0.436321 0.561360 0.438286 0.565506 0.438286 0.575456 0.437107 0.577944
0 0.310535 0.446932 0.305031 0.445274 0.299135 0.431177 0.299135 0.424544 0.304245 0.423715 0.307390 0.427032 0.311714 0.437811 0.310535 0.446932
0 0.340409 0.418740 0.337264 0.418740 0.334513 0.412935 0.334513 0.402985 0.337264 0.393864 0.339623 0.393864 0.342374 0.404643 0.342374 0.412935 0.340409 0.418740
0 0.224843 0.750415 0.222484 0.750415 0.217767 0.740464 0.217374 0.734660 0.222484 0.723881 0.228774 0.722222 0.230739 0.728027 0.229167 0.736318 0.229953 0.737977 0.227594 0.746269 0.224843 0.750415
0 0.234277 0.718905 0.233884 0.714760 0.235456 0.708126 0.239780 0.699005 0.244497 0.697347 0.245676 0.699834 0.244497 0.710614 0.241352 0.715589 0.234277 0.718905
0 0.318396 0.710614 0.311321 0.710614 0.309355 0.704809 0.309355 0.698176 0.310535 0.695688 0.316824 0.695688 0.318789 0.699834 0.318396 0.710614
0 0.244497 0.476783 0.240566 0.476783 0.236242 0.469320 0.234670 0.464345 0.235063 0.446932 0.242138 0.453566 0.244890 0.459370 0.246462 0.469320 0.244497 0.476783
0 0.303459 0.743781 0.298742 0.743781 0.295991 0.739635 0.295204 0.726368 0.298742 0.718905 0.301887 0.718905 0.304638 0.724710 0.304638 0.737977 0.303459 0.743781
0 0.444182 0.606136 0.438679 0.606136 0.436714 0.603648 0.435928 0.590381 0.437893 0.586235 0.441038 0.586235 0.444575 0.592040 0.444182 0.606136
0 0.143868 0.541459 0.137579 0.539801 0.135613 0.535655 0.135613 0.530680 0.138365 0.524876 0.145440 0.519900 0.148978 0.525705 0.149764 0.532338 0.143868 0.541459
0 0.239780 0.685738 0.236635 0.685738 0.233884 0.681592 0.231525 0.674959 0.231918 0.667496 0.236635 0.667496 0.237814 0.669983 0.240173 0.678275 0.239780 0.685738
0 0.402516 0.728856 0.397013 0.728856 0.393475 0.721393 0.393475 0.708126 0.394654 0.702322 0.399371 0.700663 0.404481 0.711443 0.404481 0.723051 0.402516 0.728856
0 0.274371 0.728856 0.271619 0.719735 0.270833 0.711443 0.273585 0.702322 0.276730 0.705638 0.279481 0.714760 0.277123 0.724710 0.274371 0.728856
0 0.311321 0.425373 0.307390 0.425373 0.304638 0.417910 0.304638 0.409619 0.306604 0.403814 0.309748 0.402156 0.315645 0.407960 0.314072 0.419569 0.311321 0.425373
0 0.419025 0.443615 0.415881 0.443615 0.413915 0.437811 0.414701 0.422886 0.415881 0.418740 0.418239 0.417081 0.421384 0.418740 0.423349 0.422886 0.423349 0.431177 0.419025 0.443615
0 0.194969 0.576285 0.185535 0.572968 0.184355 0.565506 0.186321 0.561360 0.191824 0.563018 0.196148 0.570481 0.194969 0.576285
0 0.424528 0.408789 0.422170 0.408789 0.419418 0.402985 0.418632 0.389718 0.421384 0.385572 0.426101 0.383914 0.427280 0.386401 0.427280 0.396352 0.424528 0.408789
0 0.377358 0.451907 0.374214 0.451907 0.369497 0.446932 0.367531 0.442786 0.367531 0.434494 0.368711 0.432007 0.374214 0.432007 0.377752 0.441128 0.377358 0.451907
0 0.449686 0.700663 0.445755 0.699005 0.443789 0.694859 0.444575 0.679934 0.447327 0.674129 0.452044 0.674129 0.453223 0.676617 0.453223 0.688226 0.449686 0.700663
0 0.393868 0.750415 0.387579 0.750415 0.384041 0.744610 0.384041 0.733002 0.389937 0.723881 0.393082 0.723881 0.395833 0.729685 0.395833 0.741294 0.393868 0.750415
0 0.240566 0.526534 0.232704 0.519900 0.231525 0.512438 0.233491 0.508292 0.240566 0.509950 0.243318 0.517413 0.242531 0.524046 0.240566 0.526534
0 0.540881 0.587894 0.537736 0.587894 0.536557 0.585406 0.536557 0.575456 0.538522 0.572968 0.541667 0.572968 0.542846 0.575456 0.542846 0.583748 0.540881 0.587894
0 0.371069 0.675788 0.367925 0.674129 0.365959 0.669983 0.366352 0.662521 0.368711 0.662521 0.370676 0.666667 0.371069 0.675788
0 0.206761 0.747098 0.198113 0.747098 0.196148 0.742952 0.197720 0.731343 0.202830 0.722222 0.209906 0.722222 0.212657 0.729685 0.212657 0.736318 0.206761 0.747098
0 0.457547 0.639303 0.452830 0.639303 0.448506 0.631841 0.448506 0.621891 0.450472 0.616086 0.455975 0.617745 0.458726 0.623549 0.459513 0.631841 0.457547 0.639303
0 0.181604 0.748756 0.177280 0.747927 0.176887 0.730514 0.183569 0.734660 0.185142 0.742952 0.183962 0.747098 0.181604 0.748756
0 0.499214 0.647595 0.495676 0.645108 0.494890 0.631841 0.496855 0.624378 0.501572 0.622720 0.503538 0.631841 0.503538 0.640133 0.501572 0.645937 0.499214 0.647595
0 0.317610 0.398839 0.315252 0.398839 0.310928 0.388060 0.311714 0.379768 0.316038 0.372305 0.319575 0.381426 0.319575 0.393035 0.317610 0.398839
0 0.494497 0.460199 0.491352 0.460199 0.489387 0.454395 0.490173 0.441128 0.492138 0.438640 0.494497 0.438640 0.496462 0.446103 0.496462 0.452736 0.494497 0.460199
0 0.454403 0.581260 0.446541 0.579602 0.445362 0.577114 0.445362 0.570481 0.448899 0.566335 0.452044 0.566335 0.456368 0.573798 0.454403 0.581260
0 0.158805 0.496683 0.152516 0.493367 0.148978 0.485904 0.148978 0.480929 0.151730 0.478441 0.152516 0.473466 0.154874 0.473466 0.159198 0.482587 0.159984 0.494196 0.158805 0.496683
0 0.272799 0.795191 0.269654 0.795191 0.268475 0.792703 0.268475 0.781095 0.269654 0.778607 0.273978 0.782753 0.273978 0.792703 0.272799 0.795191
0 0.456761 0.435323 0.453223 0.429519 0.454796 0.409619 0.455975 0.407131 0.459119 0.408789 0.461871 0.416252 0.460299 0.427861 0.456761 0.435323
0 0.113994 0.635987 0.110849 0.635987 0.108097 0.630182 0.108097 0.623549 0.112421 0.616086 0.113994 0.619403 0.118711 0.617745 0.120676 0.621891 0.120676 0.626866 0.113994 0.635987
0 0.190252 0.697347 0.183962 0.694030 0.181211 0.688226 0.181211 0.681592 0.186321 0.674129 0.192610 0.675788 0.193789 0.688226 0.190252 0.697347
0 0.518868 0.475124 0.514937 0.475124 0.511399 0.467662 0.511399 0.461028 0.512579 0.458541 0.516509 0.458541 0.520047 0.466003 0.520047 0.472637 0.518868 0.475124
0 0.156447 0.591211 0.155660 0.587894 0.149764 0.582090 0.157233 0.567993 0.161950 0.567993 0.163915 0.572139 0.162343 0.585406 0.156447 0.591211
0 0.368711 0.718905 0.364780 0.718905 0.358884 0.709784 0.358884 0.699834 0.360849 0.695688 0.363994 0.695688 0.369890 0.708126 0.369890 0.716418 0.368711 0.718905
0 0.360063 0.456882 0.355346 0.455224 0.351808 0.446103 0.351808 0.436153 0.354560 0.430348 0.358491 0.432007 0.362814 0.442786 0.362814 0.454395 0.360063 0.456882
0 0.442610 0.523217 0.438679 0.523217 0.435142 0.514096 0.435928 0.504146 0.437893 0.500000 0.441038 0.500000 0.444575 0.507463 0.445362 0.514096 0.442610 0.523217
0 0.242925 0.747098 0.236635 0.747098 0.233884 0.742952 0.233884 0.731343 0.235456 0.724710 0.240566 0.718905 0.243711 0.720564 0.247248 0.731343 0.245676 0.741294 0.242925 0.747098
0 0.422956 0.753731 0.419025 0.753731 0.415487 0.749585 0.418239 0.732172 0.421384 0.732172 0.424135 0.736318 0.422956 0.753731
0 0.437107 0.403814 0.434748 0.403814 0.432783 0.399668 0.431997 0.388060 0.434748 0.382255 0.437107 0.382255 0.439858 0.386401 0.439858 0.396352 0.439072 0.401327 0.437107 0.403814
0 0.430031 0.682421 0.426101 0.682421 0.424135 0.678275 0.424135 0.666667 0.429245 0.652570 0.431604 0.652570 0.432783 0.660033 0.432783 0.676617 0.430031 0.682421
0 0.284591 0.790216 0.278695 0.787728 0.279088 0.771973 0.285770 0.772803 0.285770 0.787728 0.284591 0.790216
0 0.533805 0.523217 0.531053 0.520730 0.529481 0.512438 0.531447 0.506633 0.536164 0.504975 0.538915 0.510779 0.538915 0.514096 0.536164 0.521559 0.533805 0.523217
0 0.265723 0.745439 0.262579 0.745439 0.260613 0.737977 0.263758 0.719735 0.264937 0.717247 0.268082 0.717247 0.270047 0.728027 0.270047 0.739635 0.265723 0.745439
0 0.514151 0.558043 0.508255 0.555556 0.505896 0.547264 0.506289 0.538143 0.514937 0.539801 0.516903 0.543947 0.517689 0.552239 0.514151 0.558043
0 0.228774 0.483416 0.224057 0.483416 0.220519 0.475954 0.220519 0.462687 0.225629 0.451907 0.229560 0.453566 0.233884 0.462687 0.233884 0.472637 0.228774 0.483416
0 0.176887 0.519900 0.171384 0.518242 0.164701 0.505804 0.163915 0.499171 0.167453 0.493367 0.169811 0.493367 0.176101 0.496683 0.180031 0.501658 0.181211 0.507463 0.176887 0.519900
0 0.415094 0.733831 0.411164 0.733831 0.406840 0.729685 0.406840 0.723051 0.409591 0.708955 0.412736 0.708955 0.416274 0.714760 0.416274 0.731343 0.415094 0.733831
0 0.511006 0.581260 0.507862 0.581260 0.506682 0.578773 0.506682 0.568823 0.509434 0.564677 0.516509 0.564677 0.516903 0.573798 0.511006 0.581260
0 0.445755 0.730514 0.441824 0.730514 0.440645 0.728027 0.440645 0.716418 0.443396 0.708955 0.445755 0.708955 0.448506 0.714760 0.448506 0.723051 0.445755 0.730514
0 0.487421 0.428690 0.480346 0.428690 0.479167 0.426202 0.479167 0.416252 0.481132 0.413765 0.485849 0.413765 0.487814 0.417910 0.487421 0.428690
0 0.337264 0.781924 0.331761 0.781924 0.329403 0.778607 0.328223 0.776119 0.328223 0.767828 0.331761 0.766998 0.334119 0.760365 0.335692 0.760365 0.338443 0.767828 0.338443 0.779436 0.337264 0.781924
0 0.165094 0.627695 0.160377 0.627695 0.159591 0.624378 0.158019 0.626036 0.155267 0.618574 0.156053 0.605307 0.159591 0.597844 0.164308 0.602819 0.168632 0.613599 0.168632 0.620232 0.165094 0.627695
0 0.207547 0.569652 0.203616 0.569652 0.200865 0.563847 0.201258 0.553068 0.208726 0.553897 0.209513 0.563847 0.207547 0.569652
0 0.523585 0.624378 0.519654 0.624378 0.517689 0.620232 0.517689 0.611940 0.518868 0.609453 0.524764 0.611940 0.523585 0.624378
0 0.128931 0.602819 0.125786 0.601161 0.123821 0.597015 0.123821 0.583748 0.127358 0.574627 0.131289 0.576285 0.135613 0.585406 0.134041 0.598673 0.128931 0.602819
0 0.438679 0.644279 0.435928 0.641791 0.436714 0.623549 0.439465 0.614428 0.443396 0.614428 0.445362 0.620232 0.445362 0.630182 0.443789 0.636816 0.438679 0.644279
0 0.393082 0.699005 0.390330 0.691542 0.390723 0.675788 0.392296 0.675788 0.397406 0.684909 0.397406 0.688226 0.393082 0.699005
0 0.504717 0.617745 0.503145 0.617745 0.499607 0.610282 0.499607 0.600332 0.502358 0.594527 0.507075 0.594527 0.511399 0.600332 0.511399 0.610282 0.508648 0.616086 0.504717 0.617745
0 0.463836 0.397181 0.461478 0.397181 0.459513 0.393035 0.461478 0.385572 0.465016 0.389718 0.463836 0.397181
0 0.435535 0.712272 0.432390 0.712272 0.431211 0.709784 0.431211 0.693201 0.433176 0.682421 0.436321 0.682421 0.440645 0.693201 0.440645 0.703151 0.435535 0.712272
0 0.355346 0.395522 0.353774 0.395522 0.349450 0.386401 0.349450 0.371476 0.350629 0.368988 0.352987 0.368988 0.358097 0.379768 0.357311 0.389718 0.355346 0.395522
0 0.528302 0.495025 0.524764 0.489221 0.524764 0.480929 0.526730 0.475124 0.531840 0.477612 0.531840 0.490879 0.528302 0.495025
0 0.327830 0.488391 0.325472 0.488391 0.323506 0.484245 0.323506 0.479270 0.325472 0.473466 0.329796 0.475954 0.329796 0.485904 0.327830 0.488391
0 0.283805 0.757048 0.280267 0.754561 0.279481 0.746269 0.276336 0.739635 0.276730 0.733831 0.285377 0.733831 0.287343 0.736318 0.288129 0.751244 0.286950 0.755390 0.283805 0.757048
0 0.490566 0.539801 0.483884 0.535655 0.483884 0.527363 0.487421 0.519900 0.488994 0.523217 0.491352 0.521559 0.494104 0.525705 0.493318 0.535655 0.490566 0.539801
0 0.492138 0.626036 0.488994 0.626036 0.487814 0.620232 0.485456 0.616915 0.485456 0.608624 0.489780 0.602819 0.493711 0.602819 0.497248 0.613599 0.496462 0.618574 0.492138 0.626036
0 0.386792 0.417081 0.385613 0.406302 0.387579 0.397181 0.392296 0.397181 0.395833 0.401327 0.394654 0.407131 0.386792 0.417081
0 0.250000 0.451907 0.246855 0.451907 0.241745 0.439469 0.240959 0.429519 0.243711 0.423715 0.248428 0.423715 0.253538 0.434494 0.250000 0.451907
0 0.429245 0.604478 0.427673 0.604478 0.422563 0.593698 0.422956 0.586235 0.426887 0.586235 0.428066 0.588723 0.429638 0.595357 0.429245 0.604478
0 0.530660 0.571310 0.524371 0.571310 0.523192 0.563847 0.527516 0.559701 0.530660 0.553068 0.533805 0.553068 0.534984 0.560531 0.530660 0.571310
0 0.203616 0.650912 0.200865 0.646766 0.202044 0.634328 0.204403 0.634328 0.209513 0.641791 0.207547 0.647595 0.206761 0.645937 0.203616 0.650912
0 0.147799 0.725539 0.142689 0.723051 0.142689 0.718076 0.146226 0.710614 0.149371 0.710614 0.152123 0.714760 0.152123 0.718076 0.147799 0.725539
0 0.384434 0.680763 0.381289 0.680763 0.380110 0.678275 0.381289 0.660862 0.383648 0.660862 0.385613 0.666667 0.385613 0.678275 0.384434 0.680763
0 0.419811 0.679104 0.415881 0.677446 0.413915 0.673300 0.412343 0.665008 0.414308 0.657546 0.419418 0.658375 0.420991 0.665008 0.420991 0.674959 0.419811 0.679104
0 0.477987 0.534826 0.473664 0.527363 0.473664 0.519071 0.477201 0.508292 0.481918 0.506633 0.482311 0.524046 0.477987 0.534826
0 0.500000 0.591211 0.496069 0.591211 0.494890 0.588723 0.494104 0.575456 0.495283 0.572968 0.501179 0.572139 0.501965 0.588723 0.500000 0.591211
0 0.267296 0.468491 0.261006 0.468491 0.258648 0.465174 0.255896 0.459370 0.255896 0.451078 0.258648 0.446932 0.265723 0.451907 0.268475 0.459370 0.267296 0.468491
0 0.454403 0.665837 0.448899 0.664179 0.449292 0.661692 0.445362 0.653400 0.446541 0.640962 0.451258 0.642620 0.456368 0.648425 0.456368 0.661692 0.454403 0.665837
0 0.269654 0.445274 0.264151 0.443615 0.259041 0.434494 0.258255 0.426202 0.259434 0.422056 0.264151 0.420398 0.268475 0.424544 0.270833 0.432836 0.270833 0.442786 0.269654 0.445274
0 0.484277 0.710614 0.481132 0.710614 0.479953 0.706468 0.480739 0.699834 0.482704 0.697347 0.485456 0.701493 0.485456 0.708126 0.484277 0.710614
0 0.327830 0.699005 0.322327 0.697347 0.319575 0.691542 0.319575 0.683250 0.327044 0.684080 0.328223 0.688226 0.327830 0.699005
0 0.495283 0.511609 0.486635 0.509950 0.485456 0.507463 0.485456 0.500829 0.490566 0.493367 0.496855 0.490050 0.497248 0.497512 0.495283 0.511609
0 0.452830 0.402156 0.449686 0.402156 0.446934 0.398010 0.446148 0.389718 0.448113 0.385572 0.450472 0.385572 0.453223 0.389718 0.454009 0.399668 0.452830 0.402156
0 0.411164 0.415423 0.404481 0.404643 0.404481 0.396352 0.407233 0.392206 0.411950 0.390547 0.414701 0.394693 0.414701 0.406302 0.413915 0.411277 0.411164 0.415423
0 0.199686 0.480100 0.196148 0.470978 0.196148 0.464345 0.197720 0.456053 0.202044 0.451907 0.202830 0.448590 0.207154 0.456053 0.207940 0.461028 0.206368 0.472637 0.203616 0.478441 0.199686 0.480100
0 0.402516 0.528192 0.400157 0.528192 0.397406 0.524046 0.397406 0.519071 0.400157 0.511609 0.403695 0.514096 0.403695 0.524046 0.402516 0.528192
0 0.459119 0.713930 0.454403 0.713930 0.453223 0.711443 0.453223 0.699834 0.455975 0.690713 0.459906 0.690713 0.461871 0.696517 0.461085 0.708126 0.459119 0.713930
0 0.168239 0.654229 0.161164 0.652570 0.159984 0.650083 0.159984 0.641791 0.165881 0.634328 0.169811 0.634328 0.174921 0.641791 0.173742 0.649254 0.168239 0.654229
0 0.533019 0.604478 0.529088 0.604478 0.527909 0.601990 0.528302 0.591211 0.533412 0.592040 0.534198 0.600332 0.533019 0.604478
0 0.443396 0.558043 0.438286 0.548922 0.442610 0.536484 0.445755 0.538143 0.447720 0.543947 0.446934 0.552239 0.443396 0.558043
0 0.395440 0.775290 0.392296 0.775290 0.391116 0.772803 0.390330 0.764511 0.391509 0.762023 0.393082 0.762023 0.395833 0.767828 0.395440 0.775290
0 0.194182 0.526534 0.186321 0.524876 0.182783 0.519071 0.181997 0.510779 0.186321 0.504975 0.192610 0.504975 0.195755 0.508292 0.197720 0.517413 0.194182 0.526534
0 0.179245 0.599502 0.170597 0.597844 0.167060 0.583748 0.170597 0.579602 0.172170 0.582919 0.182390 0.582919 0.182783 0.588723 0.181211 0.592040 0.181997 0.593698 0.179245 0.599502
0 0.344340 0.700663 0.333333 0.699005 0.332154 0.696517 0.332940 0.683250 0.334119 0.680763 0.341195 0.682421 0.345519 0.693201 0.344340 0.700663
0 0.466195 0.538143 0.464623 0.538143 0.460299 0.530680 0.459906 0.511609 0.465802 0.515755 0.465016 0.517413 0.468160 0.525705 0.466195 0.538143
0 0.378145 0.743781 0.374214 0.743781 0.371462 0.734660 0.371462 0.716418 0.374214 0.712272 0.378145 0.712272 0.380110 0.718076 0.380110 0.734660 0.378145 0.743781
0 0.153302 0.647595 0.147799 0.647595 0.142689 0.636816 0.142689 0.631841 0.147013 0.624378 0.154874 0.626036 0.157626 0.631841 0.157626 0.636816 0.153302 0.647595
0 0.313679 0.766998 0.309355 0.757877 0.309355 0.749585 0.312500 0.744610 0.313679 0.738806 0.317610 0.738806 0.318789 0.741294 0.318789 0.759536 0.316824 0.765340 0.313679 0.766998
0 0.194969 0.445274 0.189465 0.445274 0.187500 0.441128 0.188286 0.434494 0.190252 0.430348 0.194182 0.428690 0.196148 0.431177 0.196934 0.441128 0.194969 0.445274
0 0.263365 0.780265 0.258648 0.780265 0.256682 0.772803 0.256682 0.762852 0.259434 0.750415 0.261792 0.750415 0.266903 0.766169 0.266116 0.774461 0.263365 0.780265
0 0.503145 0.531509 0.500000 0.531509 0.498821 0.527363 0.498821 0.510779 0.500786 0.504975 0.503931 0.504975 0.505896 0.510779 0.505896 0.525705 0.503145 0.531509
0 0.315252 0.488391 0.309355 0.479270 0.309355 0.474295 0.311321 0.470149 0.315645 0.480929 0.315252 0.488391
0 0.436321 0.433665 0.432390 0.433665 0.429245 0.430348 0.427280 0.424544 0.427280 0.414594 0.429245 0.408789 0.435928 0.411277 0.437500 0.417910 0.436321 0.433665
0 0.394654 0.659204 0.393868 0.655887 0.391903 0.655058 0.391903 0.648425 0.393868 0.642620 0.397799 0.642620 0.398192 0.650083 0.394654 0.659204
0 0.202044 0.546434 0.198113 0.546434 0.194575 0.537313 0.195362 0.530680 0.198899 0.524876 0.203223 0.533997 0.203223 0.543947 0.202044 0.546434
0 0.419025 0.717247 0.417060 0.714760 0.417846 0.709784 0.415487 0.701493 0.415487 0.694859 0.418239 0.687396 0.422956 0.685738 0.427280 0.696517 0.427280 0.704809 0.424528 0.712272 0.419025 0.717247
0 0.227201 0.435323 0.224057 0.433665 0.221305 0.427861 0.221305 0.419569 0.222484 0.417081 0.227594 0.424544 0.227201 0.435323
0 0.327830 0.423715 0.323899 0.423715 0.319575 0.416252 0.319575 0.407960 0.321541 0.400498 0.325472 0.398839 0.329796 0.404643 0.330582 0.416252 0.327830 0.423715
0 0.250786 0.768657 0.246855 0.768657 0.244104 0.762852 0.244104 0.756219 0.249214 0.743781 0.250786 0.743781 0.252358 0.738806 0.254717 0.738806 0.256682 0.742952 0.256682 0.749585 0.254324 0.756219 0.253538 0.764511 0.250786 0.768657
0 0.185535 0.665837 0.183962 0.665837 0.181211 0.656716 0.181211 0.648425 0.183962 0.645937 0.187893 0.647595 0.190645 0.655058 0.189858 0.660033 0.187107 0.660862 0.187500 0.663350 0.185535 0.665837
0 0.404874 0.762023 0.400943 0.762023 0.398192 0.757877 0.398978 0.742952 0.402516 0.738806 0.406447 0.738806 0.409984 0.742952 0.408412 0.757877 0.404874 0.762023
0 0.503145 0.436982 0.498821 0.434494 0.498821 0.424544 0.500000 0.422056 0.503931 0.422056 0.505110 0.424544 0.505110 0.434494 0.503145 0.436982
0 0.187107 0.735489 0.183569 0.729685 0.181997 0.721393 0.187107 0.707297 0.190252 0.705638 0.193789 0.713101 0.194575 0.723051 0.192610 0.732172 0.187107 0.735489
0 0.121069 0.665837 0.115566 0.665837 0.112814 0.661692 0.112814 0.653400 0.115566 0.647595 0.121069 0.645937 0.123035 0.648425 0.123035 0.660033 0.121069 0.665837
0 0.220126 0.718905 0.215409 0.718905 0.211871 0.711443 0.211871 0.701493 0.213050 0.699005 0.217767 0.697347 0.219733 0.701493 0.221305 0.708126 0.221305 0.716418 0.220126 0.718905
0 0.485849 0.599502 0.484277 0.599502 0.480739 0.590381 0.480739 0.580431 0.482704 0.574627 0.486635 0.574627 0.490959 0.585406 0.490173 0.593698 0.485849 0.599502
0 0.253145 0.687396 0.250786 0.687396 0.248821 0.683250 0.248821 0.674959 0.251572 0.670813 0.255110 0.674959 0.255110 0.683250 0.253145 0.687396
0 0.193396 0.500000 0.185535 0.500000 0.182390 0.496683 0.180425 0.490879 0.180425 0.484245 0.184748 0.478441 0.190252 0.480100 0.191038 0.476783 0.195362 0.485904 0.193396 0.500000
0 0.225629 0.518242 0.221698 0.518242 0.218947 0.512438 0.218947 0.505804 0.221698 0.500000 0.225629 0.501658 0.228381 0.509121 0.228381 0.512438 0.225629 0.518242
0 0.343553 0.448590 0.340409 0.448590 0.340016 0.446103 0.343947 0.426202 0.346698 0.423715 0.348664 0.429519 0.348664 0.437811 0.343553 0.448590
0 0.481918 0.456882 0.474057 0.456882 0.472877 0.449420 0.477987 0.438640 0.481918 0.438640 0.481918 0.456882
0 0.282233 0.463516 0.275943 0.463516 0.273978 0.461028 0.273978 0.454395 0.276730 0.443615 0.281447 0.443615 0.284984 0.449420 0.285770 0.456053 0.282233 0.463516
0 0.155660 0.677446 0.147799 0.677446 0.145833 0.673300 0.146619 0.660033 0.152516 0.650912 0.158019 0.655887 0.159984 0.661692 0.159984 0.669983 0.155660 0.677446
0 0.471698 0.513267 0.469340 0.513267 0.467374 0.507463 0.467374 0.492537 0.471698 0.488391 0.475629 0.488391 0.479167 0.494196 0.479167 0.497512 0.471698 0.513267
0 0.515723 0.533167 0.511792 0.533167 0.509827 0.527363 0.509827 0.515755 0.511006 0.513267 0.514151 0.513267 0.517689 0.520730 0.518475 0.525705 0.515723 0.533167
0 0.444182 0.427032 0.441431 0.424544 0.440645 0.412935 0.443396 0.403814 0.445755 0.403814 0.449292 0.411277 0.450079 0.421227 0.448113 0.425373 0.444182 0.427032
0 0.291667 0.742123 0.288915 0.736318 0.288915 0.733002 0.285377 0.728856 0.283412 0.723051 0.284198 0.714760 0.286164 0.712272 0.289308 0.713930 0.292060 0.719735 0.292846 0.739635 0.291667 0.742123
0 0.143082 0.511609 0.136792 0.508292 0.135613 0.502488 0.140723 0.495025 0.145047 0.504146 0.143082 0.511609
0 0.262579 0.508292 0.258648 0.508292 0.256682 0.504146 0.256682 0.499171 0.258648 0.495025 0.260220 0.495025 0.262972 0.500829 0.263758 0.505804 0.262579 0.508292
0 0.540881 0.548093 0.537736 0.548093 0.534984 0.543947 0.534984 0.537313 0.536164 0.534826 0.540881 0.534826 0.542060 0.537313 0.540881 0.548093
0 0.176101 0.715589 0.170597 0.713930 0.167846 0.709784 0.167060 0.701493 0.169025 0.695688 0.175314 0.692371 0.180031 0.699005 0.181211 0.698176 0.181997 0.706468 0.176101 0.715589
0 0.548742 0.567993 0.545597 0.567993 0.543632 0.563847 0.544811 0.556385 0.547956 0.556385 0.549921 0.560531 0.548742 0.567993
0 0.352987 0.745439 0.347484 0.745439 0.343947 0.739635 0.343160 0.729685 0.345912 0.722222 0.351415 0.722222 0.353381 0.728027 0.354953 0.741294 0.352987 0.745439
0 0.181604 0.631012 0.180031 0.627695 0.179245 0.629353 0.170991 0.621891 0.170204 0.615257 0.172956 0.607794 0.173742 0.609453 0.178459 0.606136 0.183176 0.609453 0.185142 0.613599 0.185928 0.620232 0.181604 0.631012
0 0.217767 0.498342 0.209513 0.489221 0.208726 0.475954 0.210692 0.470149 0.215409 0.475124 0.220519 0.487562 0.220519 0.494196 0.217767 0.498342
0 0.476415 0.626036 0.472484 0.624378 0.471305 0.618574 0.471305 0.611940 0.474057 0.607794 0.478381 0.611940 0.478381 0.620232 0.476415 0.626036
0 0.305818 0.504975 0.303459 0.504975 0.301494 0.499171 0.301494 0.494196 0.304245 0.488391 0.307783 0.494196 0.307783 0.499171 0.305818 0.504975
0 0.409591 0.705638 0.405660 0.703980 0.401336 0.691542 0.401336 0.688226 0.407233 0.679104 0.411164 0.682421 0.413129 0.688226 0.413129 0.694859 0.409984 0.699834 0.409591 0.705638
0 0.400943 0.465174 0.396226 0.461857 0.395047 0.457711 0.395047 0.451078 0.397013 0.441957 0.401730 0.443615 0.404481 0.452736 0.404481 0.461028 0.400943 0.465174
0 0.253931 0.423715 0.247642 0.420398 0.244890 0.414594 0.244104 0.407960 0.245283 0.403814 0.250786 0.405473 0.255110 0.412935 0.253931 0.423715
0 0.366352 0.410448 0.360063 0.410448 0.358097 0.404643 0.359670 0.391376 0.362421 0.383914 0.367138 0.383914 0.371462 0.398010 0.370676 0.402985 0.366352 0.410448
0 0.330189 0.395522 0.328223 0.394693 0.325079 0.384743 0.325079 0.374793 0.327830 0.368988 0.330975 0.372305 0.332940 0.378109 0.332940 0.391376 0.330189 0.395522
0 0.430818 0.730514 0.428459 0.730514 0.425708 0.726368 0.425708 0.718076 0.426887 0.715589 0.430818 0.715589 0.433569 0.721393 0.433569 0.724710 0.430818 0.730514
0 0.354560 0.423715 0.350629 0.423715 0.346305 0.414594 0.347091 0.404643 0.351415 0.397181 0.355346 0.398839 0.357311 0.404643 0.357311 0.412935 0.354560 0.423715
0 0.466981 0.592869 0.462264 0.592869 0.457940 0.587065 0.458726 0.578773 0.461478 0.576285 0.462264 0.571310 0.465409 0.571310 0.468160 0.578773 0.468160 0.590381 0.466981 0.592869
0 0.158805 0.705638 0.154874 0.703980 0.148978 0.693201 0.148978 0.688226 0.150943 0.684080 0.154088 0.680763 0.161950 0.680763 0.163129 0.683250 0.163129 0.694859 0.158805 0.705638
0 0.194182 0.637645 0.191431 0.633499 0.191431 0.625207 0.197327 0.616086 0.199292 0.620232 0.199292 0.628524 0.194182 0.637645
0 0.264937 0.712272 0.261006 0.710614 0.255896 0.699834 0.255896 0.691542 0.258648 0.685738 0.261792 0.685738 0.266116 0.693201 0.266903 0.706468 0.264937 0.712272
0 0.283805 0.388889 0.280660 0.388889 0.277909 0.383085 0.277909 0.378109 0.279874 0.373964 0.283805 0.373964 0.286557 0.378109 0.285770 0.384743 0.283805 0.388889
0 0.347484 0.395522 0.343553 0.395522 0.337657 0.383085 0.337657 0.376451 0.340409 0.370647 0.345126 0.372305 0.347877 0.379768 0.347484 0.395522
0 0.501572 0.561360 0.496855 0.561360 0.494890 0.558872 0.494890 0.547264 0.497642 0.536484 0.500786 0.538143 0.503538 0.545605 0.503538 0.558872 0.501572 0.561360
0 0.486635 0.567993 0.481132 0.566335 0.479953 0.563847 0.480739 0.547264 0.482704 0.544776 0.485849 0.546434 0.490173 0.558872 0.486635 0.567993
0 0.249214 0.788557 0.245676 0.786070 0.245676 0.781095 0.247642 0.776949 0.251179 0.777778 0.251179 0.784411 0.249214 0.788557
0 0.405660 0.675788 0.401730 0.675788 0.398192 0.666667 0.398978 0.660033 0.404088 0.652570 0.406840 0.658375 0.406840 0.673300 0.405660 0.675788
0 0.373428 0.471808 0.369497 0.471808 0.367531 0.466003 0.367531 0.461028 0.373428 0.461857 0.374607 0.466003 0.373428 0.471808
0 0.483491 0.679104 0.480346 0.679104 0.479167 0.676617 0.479560 0.669154 0.484277 0.669154 0.485456 0.671642 0.483491 0.679104
0 0.282233 0.415423 0.278302 0.413765 0.273978 0.406302 0.273978 0.396352 0.277516 0.390547 0.282626 0.399668 0.284198 0.406302 0.284198 0.411277 0.282233 0.415423
0 0.454403 0.607794 0.449686 0.607794 0.446148 0.601990 0.446148 0.595357 0.448113 0.589552 0.455189 0.589552 0.456368 0.592040 0.456368 0.600332 0.454403 0.607794
0 0.301887 0.485075 0.295991 0.479270 0.294418 0.474295 0.294811 0.463516 0.298742 0.465174 0.301494 0.470978 0.303066 0.475954 0.303066 0.482587 0.301887 0.485075
0 0.334119 0.441957 0.332547 0.441957 0.329009 0.431177 0.329796 0.424544 0.331761 0.422056 0.339230 0.426202 0.337657 0.439469 0.334119 0.441957
0 0.488208 0.645937 0.484277 0.645937 0.480739 0.638474 0.479953 0.628524 0.481918 0.622720 0.484277 0.622720 0.489387 0.630182 0.490173 0.640133 0.488208 0.645937
0 0.353774 0.717247 0.351415 0.717247 0.347091 0.711443 0.347091 0.704809 0.350629 0.699005 0.353381 0.701493 0.353774 0.717247
0 0.208333 0.766998 0.204796 0.762852 0.204796 0.756219 0.206761 0.750415 0.209906 0.747098 0.213836 0.748756 0.214230 0.757877 0.208333 0.766998
0 0.294811 0.455224 0.290487 0.452736 0.290487 0.444444 0.293239 0.436982 0.294811 0.436982 0.298349 0.444444 0.294811 0.455224
0 0.235063 0.771973 0.232704 0.771973 0.228381 0.766169 0.228381 0.759536 0.231132 0.750415 0.235063 0.750415 0.238601 0.756219 0.237028 0.767828 0.235063 0.771973
0 0.441824 0.679104 0.436714 0.673300 0.436321 0.652570 0.441824 0.650912 0.443003 0.658375 0.444575 0.660033 0.444575 0.666667 0.441824 0.679104
0 0.397013 0.435323 0.394261 0.434494 0.393475 0.417910 0.395440 0.412106 0.399371 0.410448 0.400550 0.416252 0.399764 0.429519 0.397013 0.435323
