0 0.381250 0.723633 0.378125 0.723633 0.373437 0.717773 0.360938 0.713867 0.353906 0.705078 0.355469 0.693359 0.350781 0.685547 0.350781 0.677734 0.353906 0.673828 0.357031 0.660156 0.362500 0.657227 0.371875 0.643555 0.396875 0.627930 0.406250 0.627930 0.419531 0.642578 0.419531 0.648438 0.424219 0.658203 0.422656 0.685547 0.419531 0.697266 0.409375 0.708008 0.401562 0.709961 0.396875 0.721680 0.387500 0.719727 0.381250 0.723633
0 0.803125 0.715820 0.795312 0.709961 0.784375 0.713867 0.774219 0.707031 0.767969 0.695312 0.766406 0.667969 0.771094 0.658203 0.785937 0.643555 0.825000 0.643555 0.830469 0.648438 0.835156 0.658203 0.836719 0.669922 0.841406 0.675781 0.836719 0.681641 0.836719 0.693359 0.829688 0.702148 0.814063 0.711914 0.806250 0.711914 0.803125 0.715820
0 0.767188 0.444336 0.759375 0.442383 0.748437 0.434570 0.744531 0.429688 0.741406 0.414062 0.750781 0.392578 0.762500 0.385742 0.789062 0.397461 0.796094 0.412109 0.794531 0.423828 0.789062 0.434570 0.782813 0.440430 0.767188 0.444336
0 0.089063 0.375977 0.081250 0.375977 0.060156 0.347656 0.053906 0.332031 0.055469 0.320312 0.052344 0.314453 0.057031 0.308594 0.058594 0.294922 0.060937 0.291992 0.071875 0.284180 0.081250 0.284180 0.084375 0.280273 0.096875 0.278320 0.110937 0.282227 0.121094 0.292969 0.125781 0.308594 0.125781 0.335938 0.114062 0.356445 0.100000 0.370117 0.089063 0.375977
0 0.354687 0.784180 0.331250 0.780273 0.316406 0.765625 0.313281 0.757812 0.313281 0.748047 0.310156 0.744141 0.310156 0.734375 0.318750 0.715820 0.332813 0.708008 0.343750 0.713867 0.350000 0.713867 0.357812 0.723633 0.365625 0.725586 0.377344 0.742188 0.377344 0.751953 0.371094 0.775391 0.367188 0.780273 0.354687 0.784180
0 0.331250 0.331055 0.320312 0.323242 0.315625 0.323242 0.297656 0.296875 0.296094 0.259766 0.301563 0.260742 0.307812 0.249023 0.312500 0.249023 0.317188 0.254883 0.325000 0.254883 0.329688 0.264648 0.338281 0.269531 0.342969 0.281250 0.342969 0.292969 0.346094 0.298828 0.342969 0.302734 0.339844 0.318359 0.333594 0.324219 0.331250 0.331055
0 0.567187 0.284180 0.554688 0.284180 0.550000 0.278320 0.531250 0.266602 0.519531 0.240234 0.522656 0.212891 0.540625 0.194336 0.545312 0.184570 0.571875 0.184570 0.585938 0.198242 0.590625 0.198242 0.602344 0.216797 0.605469 0.244141 0.600781 0.261719 0.587500 0.278320 0.567187 0.284180
0 0.281250 0.885742 0.267188 0.885742 0.255469 0.869141 0.255469 0.853516 0.274219 0.837891 0.272656 0.820312 0.275000 0.811523 0.290625 0.811523 0.292187 0.807617 0.303125 0.807617 0.307031 0.812500 0.305469 0.820312 0.308594 0.826172 0.308594 0.845703 0.303906 0.865234 0.293750 0.881836 0.285938 0.881836 0.281250 0.885742
0 0.290625 0.811523 0.271875 0.811523 0.255469 0.791016 0.253906 0.773438 0.265625 0.754883 0.287500 0.752930 0.296875 0.756836 0.302344 0.763672 0.305469 0.773438 0.305469 0.794922 0.300000 0.805664 0.292187 0.807617 0.290625 0.811523
0 0.185938 0.969727 0.170313 0.967773 0.167187 0.963867 0.140625 0.963867 0.128906 0.947266 0.125781 0.939453 0.125781 0.927734 0.165625 0.897461 0.179688 0.891602 0.198437 0.893555 0.234375 0.911133 0.239844 0.917969 0.239844 0.931641 0.232031 0.941406 0.232031 0.947266 0.220312 0.959961 0.212500 0.959961 0.201563 0.965820 0.190625 0.965820 0.185938 0.969727
0 0.765625 0.606445 0.759375 0.602539 0.740625 0.600586 0.716406 0.574219 0.713281 0.564453 0.714844 0.546875 0.726562 0.528320 0.746875 0.524414 0.759375 0.534180 0.765625 0.534180 0.780469 0.554688 0.783594 0.562500 0.782031 0.589844 0.775000 0.598633 0.770312 0.598633 0.765625 0.606445
0 0.087500 0.122070 0.071875 0.122070 0.062500 0.114258 0.043750 0.110352 0.035156 0.101562 0.030469 0.078125 0.043750 0.063477 0.090625 0.057617 0.102344 0.076172 0.102344 0.082031 0.094531 0.113281 0.087500 0.122070
0 0.926562 0.610352 0.914062 0.606445 0.903906 0.593750 0.902344 0.583984 0.897656 0.576172 0.897656 0.539062 0.908594 0.527344 0.914062 0.512695 0.928125 0.510742 0.934375 0.504883 0.943750 0.504883 0.954688 0.510742 0.964844 0.527344 0.969531 0.539062 0.967969 0.552734 0.957031 0.580078 0.949219 0.587891 0.947656 0.593750 0.926562 0.610352
0 0.639844 0.998047 0.645312 0.987305 0.657813 0.977539 0.667188 0.977539 0.675000 0.983398 0.701562 0.987305 0.710156 0.998047
0 0.062500 0.690430 0.032813 0.686523 0.019531 0.671875 0.016406 0.660156 0.010156 0.652344 0.007031 0.636719 0.007031 0.613281 0.008594 0.605469 0.020313 0.592773 0.034375 0.586914 0.051562 0.586914 0.083594 0.613281 0.088281 0.634766 0.088281 0.658203 0.091406 0.673828 0.062500 0.690430
0 0.124219 0.000000 0.126562 0.006836 0.137500 0.006836 0.150000 0.016602 0.153906 0.023438 0.155469 0.056641 0.142187 0.077148 0.114062 0.065430 0.102344 0.050781 0.102344 0.044922 0.096094 0.031250 0.097656 0.013672 0.101562 0.004883 0.110156 0.000000
0 0.903906 0.998047 0.902344 0.990234 0.908594 0.984375 0.911719 0.968750 0.922656 0.960938 0.921875 0.954102 0.939063 0.940430 0.968750 0.940430 0.981250 0.954102 0.989062 0.958008 0.991406 0.960938 0.991406 0.968750 0.998437 0.973633
0 0.471094 0.998047 0.472656 0.990234 0.467969 0.982422 0.472656 0.974609 0.469531 0.966797 0.489063 0.948242 0.500000 0.956055 0.506250 0.956055 0.514844 0.970703 0.516406 0.998047
0 0.268750 0.344727 0.253125 0.344727 0.244531 0.333984 0.241406 0.322266 0.241406 0.289062 0.246094 0.271484 0.247656 0.238281 0.249219 0.232422 0.256250 0.225586 0.271875 0.225586 0.283594 0.240234 0.285156 0.248047 0.289062 0.249023 0.296094 0.257812 0.297656 0.296875 0.282031 0.322266 0.278906 0.332031 0.280469 0.337891 0.268750 0.344727
0 0.895312 0.541992 0.879687 0.541992 0.871094 0.533203 0.872656 0.501953 0.877344 0.490234 0.885938 0.481445 0.909375 0.479492 0.912500 0.485352 0.917969 0.488281 0.917969 0.500000 0.908594 0.527344 0.895312 0.541992
0 0.254688 0.860352 0.245312 0.854492 0.235937 0.858398 0.221875 0.854492 0.207031 0.835938 0.208594 0.810547 0.214844 0.804688 0.216406 0.792969 0.220312 0.788086 0.226562 0.784180 0.232813 0.788086 0.242188 0.780273 0.253125 0.778320 0.255469 0.791016 0.274219 0.812500 0.274219 0.837891 0.265625 0.846680 0.259375 0.848633 0.255469 0.853516 0.254688 0.860352
0 0.854688 0.762695 0.839063 0.762695 0.820312 0.756836 0.803906 0.740234 0.802344 0.732422 0.802344 0.716797 0.806250 0.711914 0.814063 0.711914 0.829688 0.702148 0.836719 0.693359 0.836719 0.681641 0.842187 0.676758 0.856250 0.678711 0.871094 0.701172 0.875781 0.716797 0.875781 0.732422 0.871094 0.744141 0.862500 0.756836 0.854688 0.762695
0 0.551562 0.977539 0.517188 0.973633 0.507031 0.958984 0.505469 0.933594 0.510938 0.926758 0.518750 0.922852 0.550000 0.922852 0.561719 0.945312 0.561719 0.962891 0.558594 0.970703 0.551562 0.977539
0 0.579688 0.440430 0.570312 0.440430 0.562500 0.436523 0.539844 0.412109 0.541406 0.382812 0.553125 0.356445 0.573438 0.358398 0.578125 0.354492 0.590625 0.354492 0.606250 0.368164 0.613281 0.378906 0.610156 0.416016 0.605469 0.423828 0.603906 0.433594 0.601562 0.436523 0.582812 0.436523 0.579688 0.440430
