0 0.211207 0.443269 0.196839 0.439423 0.188937 0.426923 0.186063 0.415385 0.186063 0.396154 0.188937 0.388462 0.195402 0.377885 0.205460 0.370192 0.219828 0.374038 0.224856 0.380769 0.229167 0.398077 0.229167 0.413462 0.224856 0.430769 0.218391 0.439423 0.211207 0.443269
0 0.612069 0.691346 0.606322 0.689423 0.595546 0.675000 0.599856 0.657692 0.607759 0.649038 0.612069 0.652885 0.617816 0.650962 0.628592 0.667308 0.628592 0.676923 0.623563 0.683654 0.612069 0.691346
0 0.517241 0.956731 0.507184 0.956731 0.503592 0.951923 0.503592 0.940385 0.518678 0.920192 0.537356 0.918269 0.544540 0.920192 0.551006 0.926923 0.552443 0.936538 0.545977 0.947115 0.521552 0.952885 0.517241 0.956731
0 0.415230 0.291346 0.405891 0.282692 0.405891 0.269231 0.411638 0.250000 0.422414 0.239423 0.445402 0.247115 0.450431 0.259615 0.448994 0.267308 0.433908 0.285577 0.415230 0.291346
0 0.326149 0.808654 0.314655 0.808654 0.305316 0.796154 0.303879 0.778846 0.301006 0.771154 0.301006 0.753846 0.307471 0.747115 0.314655 0.749038 0.319684 0.755769 0.326868 0.775000 0.329741 0.801923 0.326149 0.808654
0 0.000000 0.241346 0.012931 0.229808 0.031609 0.229808 0.043822 0.246154 0.045259 0.263462 0.045259 0.267308 0.033046 0.285577 0.011494 0.287500 0.000000 0.281731
0 0.431034 0.370192 0.420977 0.368269 0.417385 0.361538 0.417385 0.351923 0.421695 0.338462 0.433908 0.322115 0.443966 0.314423 0.456897 0.314423 0.461925 0.325000 0.461925 0.332692 0.457615 0.344231 0.448276 0.356731 0.431034 0.370192
0 0.475575 0.277885 0.466954 0.275962 0.463362 0.271154 0.461925 0.251923 0.477011 0.224038 0.491379 0.214423 0.501437 0.214423 0.506466 0.223077 0.506466 0.242308 0.488506 0.270192 0.475575 0.277885
0 0.520115 0.433654 0.511494 0.433654 0.505029 0.425000 0.502155 0.403846 0.507902 0.384615 0.515805 0.374038 0.520115 0.370192 0.528736 0.370192 0.538075 0.382692 0.538075 0.396154 0.530891 0.421154 0.520115 0.433654
0 0.278736 0.993269 0.260057 0.989423 0.249282 0.976923 0.244971 0.961538 0.244971 0.950000 0.252874 0.937500 0.264368 0.937500 0.272989 0.941346 0.285201 0.955769 0.288075 0.963462 0.288075 0.978846 0.286638 0.984615 0.278736 0.993269
0 0.493534 0.000000 0.500718 0.007692 0.499282 0.026923 0.492816 0.035577 0.478448 0.039423 0.470546 0.028846 0.469109 0.007692 0.474138 0.000962 0.487787 0.000000
0 0.510057 0.349038 0.500000 0.349038 0.490661 0.338462 0.487787 0.332692 0.487787 0.315385 0.493534 0.301923 0.500000 0.295192 0.517241 0.289423 0.525862 0.293269 0.529454 0.298077 0.530891 0.313462 0.526580 0.332692 0.517241 0.345192 0.510057 0.349038
0 0.136494 0.510577 0.102011 0.504808 0.095546 0.492308 0.096983 0.480769 0.112069 0.468269 0.135057 0.472115 0.147270 0.490385 0.145833 0.501923 0.136494 0.510577
0 0.402299 0.750962 0.387931 0.749038 0.375718 0.736538 0.372845 0.726923 0.377874 0.710577 0.389368 0.704808 0.399425 0.704808 0.410920 0.708654 0.417385 0.717308 0.420259 0.725000 0.418822 0.736538 0.412356 0.745192 0.402299 0.750962
0 0.124282 0.000000 0.112069 0.006731 0.102011 0.004808 0.098420 0.000000
0 0.044540 0.850962 0.031609 0.850962 0.020115 0.839423 0.006466 0.819231 0.003592 0.811538 0.003592 0.792308 0.011494 0.781731 0.021552 0.779808 0.035920 0.787500 0.052443 0.815385 0.055316 0.838462 0.048851 0.849038 0.044540 0.850962
0 0.824713 0.749038 0.811782 0.747115 0.798851 0.739423 0.792385 0.728846 0.793822 0.721154 0.803161 0.712500 0.814655 0.712500 0.829023 0.716346 0.833333 0.720192 0.838362 0.726923 0.838362 0.738462 0.833333 0.745192 0.824713 0.749038
0 0.525862 0.650962 0.512931 0.650962 0.508621 0.647115 0.506466 0.644231 0.506466 0.628846 0.513649 0.611538 0.525862 0.595192 0.534483 0.589423 0.543103 0.589423 0.548132 0.594231 0.549569 0.600000 0.548132 0.619231 0.536638 0.638462 0.525862 0.650962
0 0.066092 0.212500 0.057471 0.212500 0.041667 0.202885 0.036638 0.196154 0.036638 0.184615 0.044540 0.172115 0.070402 0.160577 0.082615 0.169231 0.085489 0.176923 0.085489 0.186538 0.082615 0.194231 0.071839 0.208654 0.066092 0.212500
0 0.626437 0.766346 0.612069 0.764423 0.605603 0.751923 0.604167 0.738462 0.607759 0.729808 0.616379 0.724038 0.630747 0.722115 0.641523 0.732692 0.641523 0.751923 0.626437 0.766346
0 0.435345 0.902885 0.431034 0.902885 0.424569 0.894231 0.424569 0.880769 0.431034 0.868269 0.439655 0.866346 0.448994 0.878846 0.448994 0.890385 0.435345 0.902885
0 0.866379 0.929808 0.859195 0.925962 0.845546 0.901923 0.839799 0.882692 0.839799 0.873077 0.841236 0.867308 0.846264 0.862500 0.857759 0.862500 0.871408 0.878846 0.874282 0.886538 0.875718 0.915385 0.866379 0.929808
0 0.882184 0.679808 0.879310 0.679808 0.871408 0.671154 0.862787 0.651923 0.861351 0.626923 0.869253 0.610577 0.877155 0.611538 0.885776 0.625000 0.890086 0.638462 0.892960 0.669231 0.882184 0.679808
0 0.675287 0.600962 0.663793 0.597115 0.647270 0.571154 0.647270 0.557692 0.653736 0.550962 0.662356 0.549038 0.668103 0.552885 0.681753 0.573077 0.683190 0.594231 0.675287 0.600962
0 0.163793 0.625962 0.152299 0.624038 0.148707 0.619231 0.145833 0.607692 0.151580 0.592308 0.163793 0.574038 0.168103 0.570192 0.181034 0.572115 0.186063 0.582692 0.186063 0.598077 0.172414 0.620192 0.163793 0.625962
0 0.794540 0.410577 0.778736 0.410577 0.767960 0.398077 0.766523 0.384615 0.772989 0.372115 0.787356 0.370192 0.795977 0.374038 0.803879 0.382692 0.806753 0.390385 0.805316 0.400000 0.794540 0.410577
0 0.295977 0.581731 0.290230 0.579808 0.282328 0.569231 0.280891 0.546154 0.283764 0.536538 0.291667 0.525962 0.306034 0.522115 0.316810 0.534615 0.316810 0.553846 0.313218 0.566346 0.306034 0.575962 0.295977 0.581731
0 0.386494 0.860577 0.372126 0.858654 0.358477 0.844231 0.357040 0.821154 0.366379 0.802885 0.376437 0.800962 0.385057 0.806731 0.398707 0.826923 0.400144 0.846154 0.386494 0.860577
0 0.826868 0.000000 0.826868 0.019231 0.821839 0.024038 0.811782 0.024038 0.799569 0.007692 0.796695 0.000000
0 0.679598 0.374038 0.665230 0.372115 0.651580 0.355769 0.644397 0.332692 0.644397 0.325000 0.650862 0.312500 0.665230 0.314423 0.673851 0.322115 0.684626 0.338462 0.687500 0.346154 0.687500 0.365385 0.679598 0.374038
0 0.670977 0.672115 0.658046 0.672115 0.644397 0.655769 0.638649 0.638462 0.638649 0.625000 0.643678 0.614423 0.655172 0.614423 0.665230 0.620192 0.677443 0.638462 0.678879 0.659615 0.670977 0.672115
0 0.675287 0.250962 0.666667 0.250962 0.656609 0.245192 0.651580 0.238462 0.648707 0.211538 0.652299 0.204808 0.665230 0.200962 0.676006 0.209615 0.681753 0.223077 0.681753 0.240385 0.675287 0.250962
0 0.446839 0.583654 0.441092 0.581731 0.437500 0.575000 0.437500 0.550000 0.441092 0.543269 0.452586 0.547115 0.459770 0.539423 0.461925 0.548077 0.460489 0.567308 0.452586 0.579808 0.446839 0.583654
0 0.000000 0.102885 0.008621 0.106731 0.013649 0.115385 0.013649 0.123077 0.000000 0.137500
0 0.581897 0.993269 0.554598 0.985577 0.551006 0.976923 0.551006 0.969231 0.560345 0.956731 0.570402 0.950962 0.583333 0.947115 0.596264 0.950962 0.601293 0.957692 0.602730 0.967308 0.589080 0.987500 0.581897 0.993269
0 0.114943 0.372115 0.104885 0.372115 0.097701 0.368269 0.091236 0.361538 0.091236 0.353846 0.104885 0.335577 0.112069 0.335577 0.117816 0.329808 0.136494 0.329808 0.142960 0.340385 0.141523 0.350000 0.129310 0.364423 0.114943 0.372115
0 0.955460 0.685577 0.941092 0.685577 0.931753 0.676923 0.924569 0.653846 0.927443 0.638462 0.931034 0.633654 0.942529 0.633654 0.959052 0.659615 0.961925 0.667308 0.961925 0.678846 0.955460 0.685577
0 0.395115 0.231731 0.386494 0.231731 0.376437 0.225962 0.367098 0.211538 0.367098 0.200000 0.371408 0.186538 0.380747 0.172115 0.390805 0.166346 0.402299 0.170192 0.410201 0.182692 0.410201 0.211538 0.405891 0.221154 0.395115 0.231731
0 0.737069 0.143269 0.731322 0.143269 0.723420 0.134615 0.723420 0.117308 0.735632 0.099038 0.741379 0.095192 0.751437 0.095192 0.757902 0.103846 0.759339 0.115385 0.751437 0.129808 0.737069 0.143269
0 0.758621 0.706731 0.744253 0.706731 0.728448 0.697115 0.723420 0.684615 0.724856 0.675000 0.731322 0.670192 0.745690 0.670192 0.761494 0.677885 0.766523 0.686538 0.766523 0.694231 0.763649 0.701923 0.758621 0.706731
0 0.998563 0.910577 0.994253 0.910577 0.987069 0.902885 0.979167 0.892308 0.977730 0.886538 0.977730 0.878846 0.984195 0.868269 0.998563 0.860577
0 0.854885 0.283654 0.846264 0.281731 0.842672 0.276923 0.835489 0.257692 0.835489 0.236538 0.844828 0.220192 0.859195 0.222115 0.865661 0.236538 0.865661 0.263462 0.862787 0.275000 0.854885 0.283654
0 0.354885 0.645192 0.349138 0.643269 0.345546 0.638462 0.346983 0.617308 0.356322 0.606731 0.370690 0.604808 0.378592 0.617308 0.377155 0.630769 0.373563 0.635577 0.363506 0.637500 0.354885 0.645192
0 0.000000 0.922115 0.006466 0.932692 0.005029 0.951923 0.000000 0.966346
0 0.828305 0.998077 0.819684 0.986538 0.812500 0.967308 0.812500 0.951923 0.818966 0.943269 0.823276 0.943269 0.844109 0.975000 0.846983 0.990385 0.845546 0.998077
0 0.697557 0.000000 0.691092 0.008654 0.683908 0.010577 0.676724 0.006731 0.673132 0.000000
0 0.650862 0.795192 0.643678 0.795192 0.635776 0.784615 0.634339 0.767308 0.641523 0.757692 0.641523 0.748077 0.649425 0.731731 0.663793 0.729808 0.671695 0.740385 0.671695 0.755769 0.658764 0.786538 0.650862 0.795192
0 0.193966 0.804808 0.175287 0.802885 0.165230 0.797115 0.155891 0.784615 0.157328 0.771154 0.165230 0.764423 0.173851 0.762500 0.185345 0.764423 0.202586 0.774038 0.207615 0.782692 0.207615 0.792308 0.201149 0.800962 0.193966 0.804808
0 0.286638 0.000000 0.271552 0.006731 0.267241 0.004808 0.265086 0.000000
0 0.652299 0.460577 0.643678 0.460577 0.638649 0.453846 0.638649 0.436538 0.647989 0.418269 0.663793 0.408654 0.670977 0.410577 0.677443 0.419231 0.677443 0.436538 0.665230 0.454808 0.652299 0.460577
0 0.304598 0.091346 0.284483 0.087500 0.254310 0.064423 0.247845 0.051923 0.249282 0.042308 0.257184 0.035577 0.274425 0.035577 0.284483 0.037500 0.298851 0.045192 0.310345 0.056731 0.318247 0.069231 0.318247 0.078846 0.310345 0.089423 0.304598 0.091346
0 0.214080 0.699038 0.199713 0.697115 0.196121 0.684615 0.211207 0.658654 0.218391 0.656731 0.224856 0.663462 0.227730 0.676923 0.223420 0.690385 0.214080 0.699038
0 0.591954 0.352885 0.576149 0.350962 0.569684 0.342308 0.565374 0.330769 0.563937 0.321154 0.561063 0.317308 0.561063 0.303846 0.563937 0.292308 0.568966 0.285577 0.581897 0.287500 0.592672 0.305769 0.596983 0.321154 0.596983 0.336538 0.595546 0.348077 0.591954 0.352885
0 0.535920 0.081731 0.520115 0.079808 0.513649 0.069231 0.513649 0.057692 0.516523 0.048077 0.525862 0.033654 0.531609 0.029808 0.545977 0.029808 0.555316 0.042308 0.552443 0.061538 0.543103 0.075962 0.535920 0.081731
0 0.778736 0.835577 0.767241 0.833654 0.760776 0.821154 0.760776 0.813462 0.765086 0.801923 0.772989 0.791346 0.787356 0.787500 0.794540 0.791346 0.799569 0.798077 0.801006 0.815385 0.791667 0.829808 0.778736 0.835577
0 0.501437 0.860577 0.489943 0.856731 0.483477 0.846154 0.479167 0.823077 0.479167 0.809615 0.485632 0.799038 0.497126 0.800962 0.507184 0.810577 0.516523 0.825000 0.517960 0.844231 0.511494 0.854808 0.501437 0.860577
0 0.337644 0.962500 0.331897 0.962500 0.323276 0.956731 0.311063 0.938462 0.309626 0.925000 0.316092 0.916346 0.333333 0.912500 0.347701 0.918269 0.354167 0.926923 0.357040 0.934615 0.354167 0.950000 0.349138 0.956731 0.337644 0.962500
0 0.137931 0.933654 0.125000 0.931731 0.117098 0.921154 0.117098 0.911538 0.123563 0.900962 0.129310 0.897115 0.147989 0.897115 0.155891 0.905769 0.155891 0.915385 0.149425 0.925962 0.137931 0.933654
0 0.277299 0.156731 0.268678 0.156731 0.261494 0.152885 0.248563 0.139423 0.232759 0.131731 0.221983 0.119231 0.221983 0.107692 0.227011 0.100962 0.242816 0.099038 0.272989 0.112500 0.282328 0.123077 0.286638 0.132692 0.285201 0.148077 0.277299 0.156731
0 0.479885 0.150962 0.469828 0.150962 0.464080 0.147115 0.457615 0.138462 0.456178 0.119231 0.462644 0.108654 0.469828 0.102885 0.485632 0.099038 0.499282 0.113462 0.500718 0.121154 0.497845 0.134615 0.488506 0.147115 0.479885 0.150962
0 0.152299 0.724038 0.146552 0.724038 0.141523 0.719231 0.138649 0.701923 0.142960 0.682692 0.147989 0.675962 0.159483 0.675962 0.165948 0.682692 0.167385 0.700000 0.164511 0.713462 0.158046 0.722115 0.152299 0.724038
0 0.112069 0.335577 0.107759 0.335577 0.102011 0.325962 0.097701 0.324038 0.091236 0.315385 0.089799 0.307692 0.107759 0.285577 0.116379 0.281731 0.126437 0.283654 0.134339 0.292308 0.135776 0.303846 0.127155 0.323077 0.128592 0.328846 0.117816 0.329808 0.112069 0.335577
0 0.452586 0.547115 0.441092 0.543269 0.437500 0.532692 0.440374 0.517308 0.449713 0.504808 0.458333 0.508654 0.463362 0.519231 0.463362 0.528846 0.459052 0.534615 0.457615 0.542308 0.452586 0.547115
0 0.432471 0.972115 0.420977 0.968269 0.413075 0.955769 0.413075 0.946154 0.418822 0.932692 0.423851 0.927885 0.438218 0.929808 0.448994 0.944231 0.447557 0.961538 0.441092 0.968269 0.432471 0.972115
0 0.880747 0.477885 0.860632 0.477885 0.854885 0.474038 0.846983 0.461538 0.845546 0.446154 0.850575 0.439423 0.863506 0.433654 0.882184 0.435577 0.889368 0.441346 0.895833 0.451923 0.895833 0.459615 0.887931 0.472115 0.880747 0.477885
0 0.058190 0.000000 0.056753 0.009615 0.048851 0.022115 0.038793 0.031731 0.024425 0.037500 0.014368 0.035577 0.007902 0.025000 0.007902 0.013462 0.013649 0.000000
0 0.150862 0.166346 0.135057 0.164423 0.121408 0.146154 0.119971 0.132692 0.127874 0.118269 0.143678 0.118269 0.157328 0.136538 0.160201 0.144231 0.160201 0.155769 0.156609 0.162500 0.150862 0.166346
0 0.071839 0.652885 0.058908 0.652885 0.045259 0.638462 0.042385 0.630769 0.042385 0.613462 0.047414 0.606731 0.064655 0.604808 0.081178 0.623077 0.082615 0.642308 0.071839 0.652885
0 0.100575 0.612500 0.074713 0.612500 0.069684 0.603846 0.068247 0.586538 0.081897 0.574038 0.091954 0.570192 0.104885 0.572115 0.111351 0.580769 0.112787 0.596154 0.108477 0.605769 0.100575 0.612500
0 0.224138 0.631731 0.211207 0.629808 0.203305 0.623077 0.200431 0.603846 0.206897 0.593269 0.224138 0.587500 0.230603 0.596154 0.233477 0.613462 0.230603 0.623077 0.224138 0.631731
0 0.728448 0.483654 0.719828 0.483654 0.709770 0.477885 0.704741 0.471154 0.704741 0.459615 0.714080 0.445192 0.727011 0.445192 0.734195 0.449038 0.739224 0.455769 0.740661 0.461538 0.736351 0.476923 0.728448 0.483654
0 0.938218 0.974038 0.931034 0.974038 0.912356 0.962500 0.905891 0.953846 0.907328 0.938462 0.916667 0.929808 0.929598 0.929808 0.939655 0.935577 0.947557 0.946154 0.947557 0.955769 0.943247 0.969231 0.938218 0.974038
0 0.943966 0.581731 0.935345 0.581731 0.913793 0.566346 0.907328 0.557692 0.901580 0.536538 0.901580 0.526923 0.906609 0.518269 0.912356 0.514423 0.926724 0.514423 0.939655 0.522115 0.947557 0.532692 0.953305 0.555769 0.953305 0.569231 0.943966 0.581731
0 0.352730 0.998077 0.354885 0.993269 0.364943 0.993269 0.367098 0.998077
0 0.367098 0.000000 0.349138 0.025962 0.343391 0.029808 0.334770 0.029808 0.328305 0.017308 0.328305 0.009615 0.332615 0.000000
0 0.649425 0.281731 0.640805 0.281731 0.635057 0.277885 0.622845 0.259615 0.618534 0.248077 0.618534 0.234615 0.625000 0.225962 0.639368 0.225962 0.657328 0.253846 0.658764 0.273077 0.649425 0.281731
0 0.532328 0.998077 0.535920 0.989423 0.551724 0.989423 0.554598 0.985577 0.577586 0.991346 0.582615 0.998077
0 0.430316 0.000000 0.428879 0.009615 0.420977 0.020192 0.416667 0.022115 0.413793 0.022115 0.407328 0.013462 0.401580 0.000000
0 0.833333 0.552885 0.820402 0.550962 0.808190 0.540385 0.802443 0.528846 0.802443 0.517308 0.807471 0.508654 0.820402 0.502885 0.827586 0.502885 0.836207 0.508654 0.842672 0.517308 0.845546 0.525000 0.845546 0.540385 0.837644 0.550962 0.833333 0.552885
0 0.469828 0.889423 0.462644 0.887500 0.453305 0.867308 0.453305 0.859615 0.461207 0.852885 0.472701 0.852885 0.484914 0.865385 0.484914 0.875000 0.479167 0.884615 0.472701 0.885577 0.469828 0.889423
0 0.998563 0.816346 0.977011 0.829808 0.966954 0.827885 0.960489 0.817308 0.961925 0.803846 0.969828 0.793269 0.984195 0.783654 0.998563 0.781731
0 0.294540 0.639423 0.284483 0.637500 0.276580 0.626923 0.273707 0.615385 0.275144 0.609615 0.283046 0.599038 0.297414 0.595192 0.305316 0.603846 0.306753 0.615385 0.302443 0.623077 0.302443 0.628846 0.294540 0.639423
0 0.818966 0.127885 0.813218 0.125962 0.798132 0.100000 0.795259 0.078846 0.800287 0.070192 0.811782 0.070192 0.818247 0.078846 0.818247 0.098077 0.828305 0.115385 0.828305 0.123077 0.818966 0.127885
0 0.691092 0.116346 0.685345 0.116346 0.676006 0.107692 0.674569 0.096154 0.677443 0.088462 0.704023 0.072115 0.712644 0.074038 0.717672 0.082692 0.717672 0.090385 0.705460 0.110577 0.695402 0.112500 0.691092 0.116346
0 0.787356 0.985577 0.783046 0.985577 0.778017 0.980769 0.772270 0.961538 0.772270 0.926923 0.780172 0.912500 0.787356 0.914423 0.793822 0.923077 0.798132 0.938462 0.798132 0.965385 0.793822 0.978846 0.787356 0.985577
0 0.364943 0.477885 0.357759 0.477885 0.352011 0.474038 0.331897 0.437500 0.321839 0.450962 0.313218 0.450962 0.306753 0.442308 0.302443 0.423077 0.302443 0.390385 0.308908 0.379808 0.318966 0.379808 0.326868 0.390385 0.329741 0.405769 0.328305 0.413462 0.334770 0.425962 0.349138 0.422115 0.361351 0.432692 0.369971 0.455769 0.369971 0.469231 0.364943 0.477885
0 0.627874 0.487500 0.613506 0.485577 0.598420 0.471154 0.595546 0.463462 0.595546 0.448077 0.599138 0.443269 0.610632 0.441346 0.631466 0.457692 0.634339 0.465385 0.634339 0.476923 0.627874 0.487500
0 0.587644 0.847115 0.571839 0.837500 0.561063 0.817308 0.558190 0.798077 0.559626 0.790385 0.571839 0.777885 0.577586 0.777885 0.586925 0.786538 0.595546 0.811538 0.596983 0.828846 0.594109 0.838462 0.587644 0.847115
0 0.744253 0.389423 0.735632 0.387500 0.724856 0.373077 0.720546 0.359615 0.720546 0.346154 0.724138 0.339423 0.731322 0.337500 0.742816 0.345192 0.752155 0.357692 0.753592 0.378846 0.744253 0.389423
0 0.929598 0.327885 0.919540 0.327885 0.905891 0.313462 0.901580 0.300000 0.901580 0.282692 0.906609 0.272115 0.920977 0.270192 0.926724 0.274038 0.938937 0.292308 0.941810 0.303846 0.940374 0.319231 0.929598 0.327885
0 0.000000 0.670192 0.004310 0.666346 0.015805 0.668269 0.020833 0.676923 0.020833 0.690385 0.023707 0.700000 0.023707 0.709615 0.015805 0.720192 0.005747 0.720192 0.000000 0.716346
0 0.452586 0.922115 0.443966 0.922115 0.440374 0.917308 0.440374 0.911538 0.446121 0.901923 0.446121 0.894231 0.448276 0.891346 0.452586 0.891346 0.459052 0.900000 0.459052 0.911538 0.452586 0.922115
0 0.918822 0.000000 0.913793 0.006731 0.906609 0.008654 0.887213 0.000000
0 0.455460 0.072115 0.441092 0.072115 0.433190 0.061538 0.431753 0.050000 0.439655 0.037500 0.452586 0.037500 0.458333 0.041346 0.463362 0.050000 0.464799 0.057692 0.461925 0.065385 0.455460 0.072115
0 0.652299 0.920192 0.649425 0.920192 0.641523 0.907692 0.641523 0.890385 0.644397 0.880769 0.649425 0.874038 0.658046 0.870192 0.672414 0.870192 0.685345 0.877885 0.691810 0.886538 0.694684 0.900000 0.688218 0.910577 0.678161 0.914423 0.656609 0.914423 0.652299 0.920192
0 0.586925 0.000000 0.576149 0.004808 0.568247 0.000000
0 0.313218 0.304808 0.300287 0.304808 0.293822 0.298077 0.290948 0.290385 0.290948 0.267308 0.293822 0.263462 0.296695 0.248077 0.310345 0.227885 0.317529 0.222115 0.329023 0.222115 0.334052 0.225000 0.339799 0.236538 0.338362 0.261538 0.329741 0.286538 0.318966 0.300962 0.313218 0.304808
0 0.478448 0.916346 0.472701 0.916346 0.467672 0.911538 0.467672 0.905769 0.461925 0.894231 0.462644 0.887500 0.469828 0.889423 0.472701 0.885577 0.478448 0.885577 0.482040 0.890385 0.483477 0.907692 0.478448 0.916346
0 0.102011 0.477885 0.086207 0.474038 0.081178 0.467308 0.081178 0.459615 0.078305 0.453846 0.078305 0.442308 0.082615 0.430769 0.091954 0.422115 0.102011 0.422115 0.110632 0.425962 0.121408 0.438462 0.125718 0.450000 0.125718 0.453846 0.117816 0.468269 0.112069 0.468269 0.102011 0.477885
0 0.804598 0.643269 0.793103 0.641346 0.783764 0.628846 0.785201 0.609615 0.790230 0.602885 0.797414 0.599038 0.808908 0.600962 0.817529 0.606731 0.822557 0.615385 0.822557 0.625000 0.818247 0.634615 0.811782 0.641346 0.804598 0.643269
