0 0.236328 0.000000 0.240234 0.015625 0.230469 0.025391 0.199219 0.025391 0.193359 0.011719 0.205078 0.000000
0 0.673828 0.000000 0.667969 0.009766 0.644531 0.009766 0.638672 0.000000
0 0.718750 0.302734 0.710938 0.302734 0.697266 0.289062 0.703125 0.271484 0.720703 0.277344 0.724609 0.296875 0.718750 0.302734
0 0.890625 0.095703 0.875000 0.095703 0.869141 0.078125 0.882812 0.064453 0.902344 0.064453 0.908203 0.082031 0.890625 0.095703
0 0.328125 0.111328 0.312500 0.111328 0.306641 0.097656 0.339844 0.068359 0.347656 0.068359 0.357422 0.085938 0.343750 0.103516 0.328125 0.111328
0 0.488281 0.400391 0.474609 0.394531 0.474609 0.371094 0.488281 0.353516 0.503906 0.353516 0.517578 0.363281 0.517578 0.378906 0.488281 0.400391
0 0.488281 0.560547 0.457031 0.560547 0.451172 0.550781 0.468750 0.537109 0.480469 0.537109 0.494141 0.546875 0.488281 0.560547
0 0.648438 0.091797 0.634766 0.085938 0.634766 0.074219 0.644531 0.064453 0.660156 0.064453 0.666016 0.078125 0.648438 0.091797
0 0.425781 0.197266 0.408203 0.191406 0.408203 0.156250 0.425781 0.138672 0.441406 0.134766 0.451172 0.152344 0.451172 0.175781 0.425781 0.197266
0 0.460938 0.279297 0.445312 0.275391 0.431641 0.261719 0.437500 0.240234 0.460938 0.236328 0.478516 0.242188 0.482422 0.265625 0.460938 0.279297
0 0.357422 0.000000 0.369141 0.011719 0.369141 0.031250 0.363281 0.037109 0.351562 0.037109 0.333984 0.023438 0.333984 0.000000
0 0.578125 0.673828 0.539062 0.654297 0.525391 0.636719 0.539062 0.626953 0.566406 0.626953 0.587891 0.652344 0.587891 0.667969 0.578125 0.673828
0 0.652344 0.138672 0.634766 0.132812 0.634766 0.097656 0.640625 0.091797 0.652344 0.091797 0.662109 0.101562 0.662109 0.128906 0.652344 0.138672
0 0.742188 0.310547 0.726562 0.310547 0.720703 0.304688 0.720703 0.277344 0.726562 0.271484 0.742188 0.271484 0.751953 0.281250 0.742188 0.310547
0 0.687500 0.888672 0.656250 0.884766 0.654297 0.867188 0.671875 0.849609 0.707031 0.849609 0.716797 0.859375 0.716797 0.871094 0.687500 0.888672
0 0.890625 0.509766 0.880859 0.507812 0.880859 0.492188 0.886719 0.482422 0.910156 0.470703 0.919922 0.480469 0.919922 0.496094 0.890625 0.509766
0 0.320312 0.529297 0.308594 0.525391 0.291016 0.503906 0.294922 0.476562 0.320312 0.458984 0.330078 0.464844 0.345703 0.492188 0.345703 0.511719 0.320312 0.529297
0 0.996094 0.142578 0.988281 0.142578 0.970703 0.121094 0.970703 0.101562 0.986328 0.089844 0.982422 0.085938 0.988281 0.083984 0.996094 0.095703
0 0.566406 0.126953 0.552734 0.117188 0.552734 0.101562 0.558594 0.095703 0.572266 0.101562 0.572266 0.121094 0.566406 0.126953
0 0.996094 0.095703 0.978516 0.078125 0.978516 0.050781 0.996094 0.037109
0 0.996094 0.771484 0.980469 0.791016 0.966797 0.789062 0.974609 0.765625 0.984375 0.755859 0.992188 0.755859 0.996094 0.763672
0 0.503906 0.544922 0.464844 0.533203 0.455078 0.523438 0.455078 0.500000 0.460938 0.494141 0.480469 0.494141 0.509766 0.519531 0.509766 0.539062 0.503906 0.544922
0 0.457031 0.931641 0.425781 0.927734 0.419922 0.921875 0.419922 0.910156 0.437500 0.888672 0.455078 0.894531 0.451172 0.910156 0.462891 0.917969 0.457031 0.931641
0 0.535156 0.986328 0.507812 0.986328 0.498047 0.976562 0.494141 0.945312 0.503906 0.935547 0.515625 0.935547 0.533203 0.949219 0.533203 0.960938 0.541016 0.968750 0.535156 0.986328
0 0.886719 0.173828 0.873047 0.167969 0.878906 0.154297 0.892578 0.160156 0.886719 0.173828
0 0.402344 0.193359 0.382812 0.193359 0.373047 0.183594 0.373047 0.148438 0.386719 0.130859 0.417969 0.126953 0.423828 0.144531 0.408203 0.156250 0.408203 0.187500 0.402344 0.193359
0 0.847656 0.611328 0.832031 0.611328 0.826172 0.605469 0.826172 0.585938 0.832031 0.580078 0.849609 0.585938 0.853516 0.605469 0.847656 0.611328
0 0.644531 0.330078 0.617188 0.326172 0.603516 0.312500 0.603516 0.304688 0.609375 0.298828 0.628906 0.298828 0.646484 0.316406 0.644531 0.330078
0 0.757812 0.052734 0.716797 0.023438 0.718750 0.005859 0.738281 0.001953 0.748047 0.007812 0.751953 0.023438 0.763672 0.035156 0.757812 0.052734
0 0.617188 0.068359 0.599609 0.062500 0.595703 0.042969 0.601562 0.037109 0.609375 0.037109 0.623047 0.054688 0.617188 0.068359
0 0.812500 0.326172 0.794922 0.320312 0.794922 0.304688 0.808594 0.294922 0.820312 0.294922 0.830078 0.312500 0.812500 0.326172
0 0.671875 0.224609 0.648438 0.224609 0.638672 0.203125 0.642578 0.179688 0.652344 0.169922 0.683594 0.173828 0.693359 0.183594 0.697266 0.207031 0.671875 0.224609
0 0.785156 0.162109 0.773438 0.162109 0.763672 0.152344 0.763672 0.117188 0.773438 0.107422 0.789062 0.107422 0.794922 0.113281 0.794922 0.121094 0.783203 0.128906 0.783203 0.140625 0.791016 0.148438 0.785156 0.162109
0 0.138672 0.996094 0.130859 0.984375 0.130859 0.949219 0.136719 0.943359 0.152344 0.943359 0.158203 0.949219 0.166016 0.984375 0.177734 0.996094
0 0.230469 0.064453 0.208984 0.050781 0.208984 0.031250 0.238281 0.021484 0.244141 0.054688 0.230469 0.064453
0 0.937500 0.208984 0.921875 0.208984 0.908203 0.191406 0.908203 0.171875 0.921875 0.158203 0.937500 0.158203 0.951172 0.175781 0.951172 0.191406 0.937500 0.208984
0 0.390625 0.048828 0.367188 0.048828 0.361328 0.042969 0.371094 0.017578 0.394531 0.017578 0.400391 0.023438 0.390625 0.048828
0 0.794922 0.000000 0.802734 0.007812 0.802734 0.023438 0.796875 0.029297 0.759766 0.000000
0 0.417969 0.580078 0.371094 0.572266 0.361328 0.558594 0.361328 0.542969 0.371094 0.533203 0.417969 0.541016 0.427734 0.554688 0.427734 0.570312 0.417969 0.580078
0 0.871094 0.142578 0.857422 0.136719 0.863281 0.123047 0.876953 0.128906 0.871094 0.142578
0 0.191406 0.068359 0.173828 0.062500 0.171875 0.033203 0.191406 0.029297 0.197266 0.035156 0.191406 0.068359
0 0.722656 0.900391 0.707031 0.900391 0.693359 0.886719 0.718750 0.869141 0.734375 0.869141 0.740234 0.886719 0.722656 0.900391
0 0.449219 0.970703 0.429688 0.970703 0.423828 0.964844 0.419922 0.933594 0.425781 0.927734 0.458984 0.933594 0.458984 0.960938 0.449219 0.970703
0 0.824219 0.560547 0.812500 0.560547 0.794922 0.542969 0.800781 0.513672 0.818359 0.527344 0.830078 0.546875 0.824219 0.560547
0 0.875000 0.576172 0.855469 0.576172 0.849609 0.570312 0.845703 0.546875 0.851562 0.541016 0.867188 0.541016 0.880859 0.554688 0.880859 0.570312 0.875000 0.576172
0 0.996094 0.712891 0.984375 0.724609 0.949219 0.736328 0.933594 0.728516 0.919922 0.710938 0.919922 0.679688 0.937500 0.658203 0.972656 0.650391 0.996094 0.666016
0 0.925781 0.896484 0.906250 0.892578 0.888672 0.867188 0.888672 0.851562 0.902344 0.837891 0.914062 0.837891 0.939453 0.867188 0.939453 0.878906 0.925781 0.896484
0 0.781250 0.599609 0.779297 0.582031 0.796875 0.564453 0.808594 0.568359 0.810547 0.582031 0.781250 0.599609
0 0.111328 0.000000 0.109375 0.025391 0.082031 0.021484 0.068359 0.000000
0 0.957031 0.263672 0.933594 0.263672 0.923828 0.253906 0.923828 0.234375 0.933594 0.228516 0.957031 0.228516 0.966797 0.238281 0.966797 0.253906 0.957031 0.263672
0 0.593750 0.068359 0.580078 0.062500 0.585938 0.044922 0.599609 0.050781 0.593750 0.068359
0 0.601562 0.107422 0.580078 0.097656 0.580078 0.089844 0.597656 0.076172 0.615234 0.085938 0.615234 0.101562 0.601562 0.107422
0 0.632812 0.521484 0.603516 0.503906 0.607422 0.488281 0.617188 0.478516 0.632812 0.482422 0.650391 0.500000 0.650391 0.507812 0.632812 0.521484
0 0.402344 0.224609 0.388672 0.218750 0.394531 0.205078 0.408203 0.210938 0.402344 0.224609
0 0.632812 0.482422 0.625000 0.482422 0.603516 0.457031 0.609375 0.443359 0.617188 0.443359 0.638672 0.464844 0.632812 0.482422
0 0.210938 0.119141 0.177734 0.101562 0.191406 0.080078 0.199219 0.080078 0.205078 0.097656 0.220703 0.105469 0.210938 0.119141
0 0.519531 0.037109 0.496094 0.033203 0.494141 0.019531 0.515625 0.001953 0.531250 0.001953 0.544922 0.015625 0.535156 0.029297 0.519531 0.037109
0 0.785156 0.994141 0.769531 0.994141 0.763672 0.980469 0.783203 0.964844 0.789062 0.951172 0.800781 0.951172 0.806641 0.957031 0.802734 0.976562 0.785156 0.994141
0 0.568359 0.996094 0.585938 0.974609 0.595703 0.984375 0.595703 0.996094
0 0.269531 0.248047 0.250000 0.248047 0.244141 0.242188 0.240234 0.222656 0.246094 0.216797 0.265625 0.216797 0.271484 0.222656 0.275391 0.242188 0.269531 0.248047
