0 0.121094 0.333984 0.099609 0.332031 0.099609 0.316406 0.113281 0.302734 0.130859 0.312500 0.130859 0.328125 0.121094 0.333984
0 0.808594 0.509766 0.771484 0.507812 0.775391 0.472656 0.789062 0.458984 0.804688 0.458984 0.818359 0.472656 0.818359 0.488281 0.808594 0.509766
0 0.058594 0.283203 0.041016 0.277344 0.029297 0.250000 0.044922 0.242188 0.041016 0.234375 0.054688 0.216797 0.074219 0.216797 0.095703 0.238281 0.095703 0.261719 0.085938 0.279297 0.066406 0.275391 0.058594 0.283203
0 0.589844 0.240234 0.550781 0.240234 0.537109 0.230469 0.533203 0.203125 0.546875 0.185547 0.578125 0.181641 0.607422 0.207031 0.607422 0.222656 0.589844 0.240234
0 0.500000 0.330078 0.486328 0.324219 0.482422 0.289062 0.515625 0.255859 0.539062 0.255859 0.544922 0.273438 0.533203 0.285156 0.533203 0.308594 0.500000 0.330078
0 0.539062 0.970703 0.519531 0.970703 0.503906 0.962891 0.494141 0.949219 0.494141 0.933594 0.500000 0.923828 0.531250 0.904297 0.554688 0.904297 0.572266 0.914062 0.576172 0.929688 0.572266 0.945312 0.539062 0.970703
0 0.152344 0.291016 0.144531 0.291016 0.128906 0.271484 0.115234 0.265625 0.121094 0.251953 0.136719 0.251953 0.158203 0.269531 0.158203 0.285156 0.152344 0.291016
0 0.257812 0.533203 0.242188 0.533203 0.224609 0.523438 0.224609 0.500000 0.238281 0.482422 0.261719 0.486328 0.263672 0.496094 0.275391 0.503906 0.271484 0.527344 0.257812 0.533203
0 0.375000 0.216797 0.355469 0.216797 0.349609 0.203125 0.375000 0.189453 0.386719 0.173828 0.398438 0.173828 0.404297 0.179688 0.404297 0.195312 0.375000 0.216797
0 0.781250 0.419922 0.765625 0.419922 0.759766 0.410156 0.763672 0.394531 0.777344 0.384766 0.791016 0.394531 0.791016 0.410156 0.781250 0.419922
0 0.625000 0.548828 0.599609 0.546875 0.599609 0.519531 0.609375 0.505859 0.625000 0.505859 0.634766 0.515625 0.630859 0.542969 0.625000 0.548828
0 0.375000 0.748047 0.351562 0.744141 0.341797 0.734375 0.333984 0.710938 0.333984 0.679688 0.359375 0.654297 0.371094 0.654297 0.398438 0.669922 0.412109 0.691406 0.412109 0.718750 0.386719 0.744141 0.375000 0.748047
0 0.648438 0.646484 0.634766 0.640625 0.640625 0.626953 0.654297 0.632812 0.648438 0.646484
0 0.335938 0.494141 0.312500 0.490234 0.306641 0.476562 0.316406 0.451172 0.347656 0.443359 0.349609 0.468750 0.345703 0.484375 0.335938 0.494141
0 0.367188 0.384766 0.355469 0.384766 0.345703 0.367188 0.345703 0.339844 0.355469 0.330078 0.371094 0.330078 0.376953 0.335938 0.376953 0.367188 0.367188 0.384766
0 0.410156 0.900391 0.394531 0.900391 0.388672 0.894531 0.384766 0.882812 0.394531 0.869141 0.416016 0.875000 0.410156 0.900391
0 0.617188 0.634766 0.603516 0.632812 0.607422 0.617188 0.601562 0.607422 0.576172 0.609375 0.580078 0.597656 0.597656 0.583984 0.617188 0.591797 0.626953 0.605469 0.626953 0.625000 0.617188 0.634766
0 0.648438 0.412109 0.625000 0.412109 0.603516 0.390625 0.603516 0.378906 0.625000 0.349609 0.640625 0.349609 0.650391 0.359375 0.650391 0.378906 0.658203 0.390625 0.648438 0.412109
0 0.308594 0.263672 0.283203 0.261719 0.283203 0.242188 0.300781 0.224609 0.312500 0.224609 0.322266 0.234375 0.318359 0.257812 0.308594 0.263672
0 0.417969 0.630859 0.402344 0.630859 0.388672 0.613281 0.384766 0.601562 0.394531 0.591797 0.406250 0.587891 0.419922 0.597656 0.423828 0.621094 0.417969 0.630859
0 0.933594 0.240234 0.919922 0.234375 0.925781 0.220703 0.939453 0.226562 0.933594 0.240234
0 0.589844 0.517578 0.574219 0.517578 0.568359 0.511719 0.572266 0.484375 0.560547 0.476562 0.566406 0.462891 0.582031 0.462891 0.591797 0.476562 0.595703 0.511719 0.589844 0.517578
0 0.753906 0.490234 0.736328 0.480469 0.736328 0.464844 0.746094 0.451172 0.769531 0.447266 0.775391 0.464844 0.753906 0.490234
0 0.351562 0.306641 0.320312 0.306641 0.302734 0.281250 0.312500 0.271484 0.351562 0.275391 0.357422 0.281250 0.357422 0.300781 0.351562 0.306641
0 0.125000 0.431641 0.109375 0.431641 0.103516 0.414062 0.119141 0.386719 0.140625 0.373047 0.154297 0.394531 0.142578 0.417969 0.125000 0.431641
0 0.359375 0.197266 0.339844 0.197266 0.330078 0.187500 0.330078 0.171875 0.355469 0.150391 0.382812 0.150391 0.388672 0.167969 0.380859 0.183594 0.359375 0.197266
0 0.679688 0.408203 0.669922 0.406250 0.669922 0.390625 0.650391 0.378906 0.650391 0.351562 0.660156 0.341797 0.691406 0.341797 0.697266 0.347656 0.697266 0.398438 0.679688 0.408203
0 0.140625 0.302734 0.105469 0.291016 0.095703 0.281250 0.095703 0.269531 0.113281 0.263672 0.128906 0.271484 0.146484 0.292969 0.140625 0.302734
0 0.542969 0.513672 0.531250 0.513672 0.517578 0.500000 0.513672 0.484375 0.519531 0.478516 0.531250 0.478516 0.548828 0.500000 0.542969 0.513672
0 0.375000 0.548828 0.357422 0.539062 0.357422 0.523438 0.367188 0.513672 0.386719 0.513672 0.396484 0.531250 0.386719 0.544922 0.375000 0.548828
0 0.902344 0.654297 0.886719 0.654297 0.876953 0.644531 0.876953 0.621094 0.882812 0.615234 0.894531 0.615234 0.908203 0.632812 0.908203 0.648438 0.902344 0.654297
0 0.636719 0.201172 0.628906 0.201172 0.615234 0.187500 0.621094 0.173828 0.638672 0.179688 0.642578 0.195312 0.636719 0.201172
0 0.285156 0.353516 0.261719 0.353516 0.259766 0.339844 0.273438 0.322266 0.289062 0.314453 0.302734 0.324219 0.302734 0.339844 0.285156 0.353516
0 0.402344 0.451172 0.384766 0.449219 0.382812 0.423828 0.394531 0.419922 0.402344 0.408203 0.443359 0.414062 0.429688 0.416016 0.431641 0.433594 0.402344 0.451172
0 0.636719 0.869141 0.623047 0.863281 0.628906 0.849609 0.642578 0.855469 0.636719 0.869141
0 0.574219 0.662109 0.566406 0.662109 0.552734 0.648438 0.552734 0.625000 0.570312 0.607422 0.601562 0.607422 0.607422 0.617188 0.603516 0.636719 0.574219 0.662109
0 0.082031 0.330078 0.066406 0.330078 0.048828 0.320312 0.048828 0.308594 0.070312 0.287109 0.089844 0.287109 0.095703 0.296875 0.095703 0.316406 0.082031 0.330078
0 0.644531 0.169922 0.628906 0.169922 0.623047 0.156250 0.628906 0.150391 0.644531 0.150391 0.650391 0.156250 0.644531 0.169922
0 0.679688 0.962891 0.648438 0.962891 0.630859 0.941406 0.626953 0.910156 0.652344 0.884766 0.671875 0.888672 0.677734 0.902344 0.693359 0.914062 0.693359 0.953125 0.679688 0.962891
0 0.527344 0.439453 0.501953 0.429688 0.494141 0.394531 0.511719 0.376953 0.542969 0.373047 0.548828 0.378906 0.548828 0.402344 0.541016 0.425781 0.527344 0.439453
0 0.921875 0.599609 0.906250 0.599609 0.892578 0.582031 0.892578 0.570312 0.902344 0.560547 0.921875 0.560547 0.927734 0.566406 0.927734 0.593750 0.921875 0.599609
0 0.000000 0.271484 0.015625 0.255859 0.029297 0.277344 0.029297 0.296875 0.015625 0.302734 0.000000 0.294922
0 0.500000 0.568359 0.488281 0.568359 0.466797 0.546875 0.466797 0.539062 0.484375 0.525391 0.500000 0.525391 0.505859 0.531250 0.505859 0.562500 0.500000 0.568359
0 0.445312 0.412109 0.421875 0.408203 0.412109 0.398438 0.408203 0.371094 0.417969 0.361328 0.429688 0.361328 0.455078 0.375000 0.455078 0.394531 0.445312 0.412109
0 0.535156 0.623047 0.519531 0.623047 0.505859 0.613281 0.505859 0.589844 0.523438 0.576172 0.544922 0.593750 0.535156 0.623047
0 0.429688 0.861328 0.410156 0.861328 0.404297 0.847656 0.423828 0.820312 0.437500 0.814453 0.447266 0.824219 0.447266 0.839844 0.429688 0.861328
0 0.253906 0.322266 0.220703 0.316406 0.212891 0.289062 0.222656 0.279297 0.242188 0.279297 0.263672 0.292969 0.263672 0.312500 0.253906 0.322266
0 0.093750 0.548828 0.066406 0.548828 0.044922 0.531250 0.044922 0.507812 0.058594 0.494141 0.101562 0.498047 0.119141 0.515625 0.119141 0.531250 0.093750 0.548828
0 0.582031 0.427734 0.566406 0.427734 0.556641 0.417969 0.556641 0.402344 0.570312 0.392578 0.578125 0.392578 0.591797 0.406250 0.591797 0.421875 0.582031 0.427734
0 0.484375 0.599609 0.464844 0.599609 0.458984 0.593750 0.455078 0.562500 0.460938 0.556641 0.476562 0.556641 0.494141 0.570312 0.494141 0.589844 0.484375 0.599609
0 0.566406 0.513672 0.548828 0.507812 0.541016 0.492188 0.546875 0.474609 0.572266 0.484375 0.572266 0.507812 0.566406 0.513672
0 0.277344 0.232422 0.265625 0.232422 0.251953 0.214844 0.251953 0.207031 0.265625 0.193359 0.277344 0.197266 0.287109 0.214844 0.277344 0.232422
0 0.468750 0.314453 0.457031 0.314453 0.451172 0.300781 0.439453 0.292969 0.439453 0.285156 0.455078 0.273438 0.455078 0.250000 0.460938 0.244141 0.484375 0.244141 0.494141 0.253906 0.494141 0.273438 0.482422 0.289062 0.482422 0.300781 0.468750 0.314453
0 0.636719 0.298828 0.628906 0.298828 0.623047 0.285156 0.626953 0.269531 0.640625 0.259766 0.660156 0.263672 0.666016 0.281250 0.636719 0.298828
0 0.636719 0.228516 0.619141 0.222656 0.625000 0.205078 0.642578 0.210938 0.636719 0.228516
0 0.957031 0.607422 0.927734 0.593750 0.929688 0.576172 0.949219 0.576172 0.962891 0.589844 0.957031 0.607422
0 0.425781 0.517578 0.406250 0.517578 0.380859 0.496094 0.386719 0.474609 0.402344 0.470703 0.423828 0.480469 0.431641 0.492188 0.431641 0.511719 0.425781 0.517578
0 0.343750 0.361328 0.326172 0.355469 0.326172 0.320312 0.332031 0.314453 0.349609 0.320312 0.343750 0.361328
0 0.707031 0.548828 0.691406 0.548828 0.677734 0.539062 0.673828 0.519531 0.683594 0.505859 0.707031 0.513672 0.716797 0.523438 0.707031 0.548828
0 0.730469 0.658203 0.712891 0.656250 0.705078 0.640625 0.716797 0.617188 0.697266 0.605469 0.701172 0.589844 0.714844 0.576172 0.732422 0.578125 0.728516 0.609375 0.750000 0.611328 0.755859 0.617188 0.755859 0.628906 0.730469 0.658203
0 0.925781 0.654297 0.908203 0.644531 0.908203 0.621094 0.914062 0.615234 0.927734 0.621094 0.931641 0.648438 0.925781 0.654297
0 0.000000 0.236328 0.017578 0.246094 0.013672 0.261719 0.000000 0.271484
