0 0.153125 0.443359 0.115625 0.439453 0.101562 0.429688 0.098437 0.414062 0.112500 0.400391 0.128125 0.408203 0.146875 0.408203 0.160938 0.421875 0.160938 0.433594 0.153125 0.443359
0 0.850000 0.205078 0.787500 0.201172 0.768750 0.193359 0.760938 0.183594 0.760938 0.171875 0.771875 0.162109 0.818750 0.169922 0.850000 0.185547 0.854688 0.191406 0.850000 0.205078
0 0.896875 0.951172 0.878125 0.947266 0.848437 0.910156 0.845313 0.882812 0.850000 0.876953 0.862500 0.876953 0.893750 0.896484 0.907813 0.914062 0.907813 0.929688 0.896875 0.951172
0 0.231250 0.251953 0.200000 0.251953 0.195312 0.242188 0.200000 0.236328 0.234375 0.232422 0.239063 0.242188 0.231250 0.251953
0 0.546875 0.732422 0.515625 0.732422 0.507812 0.718750 0.507812 0.703125 0.515625 0.693359 0.537500 0.697266 0.554688 0.710938 0.554688 0.722656 0.546875 0.732422
0 0.112500 0.490234 0.096875 0.490234 0.089063 0.480469 0.089063 0.445312 0.103125 0.431641 0.118750 0.439453 0.123438 0.449219 0.123438 0.480469 0.112500 0.490234
0 0.643750 0.537109 0.590625 0.537109 0.582812 0.515625 0.600000 0.505859 0.634375 0.505859 0.648438 0.519531 0.643750 0.537109
0 0.284375 0.580078 0.271875 0.580078 0.251563 0.554688 0.251563 0.539062 0.259375 0.525391 0.284375 0.529297 0.298438 0.542969 0.301563 0.558594 0.284375 0.580078
0 0.976562 0.996094 0.970313 0.988281 0.970313 0.972656 0.978125 0.962891 0.996875 0.966797
0 0.000000 0.302734 0.020313 0.316406 0.015625 0.330078 0.000000 0.330078
0 0.603125 0.986328 0.593750 0.986328 0.582812 0.972656 0.582812 0.964844 0.603125 0.962891 0.603125 0.986328
0 0.000000 0.529297 0.018750 0.509766 0.043750 0.509766 0.051562 0.523438 0.051562 0.562500 0.043750 0.572266 0.031250 0.580078 0.015625 0.580078 0.000000 0.556641
0 0.996875 0.154297 0.985938 0.144531 0.985938 0.132812 0.996875 0.126953
0 0.368750 0.712891 0.337500 0.708984 0.320312 0.687500 0.320312 0.675781 0.331250 0.662109 0.350000 0.658203 0.371875 0.666016 0.389062 0.683594 0.392188 0.695312 0.368750 0.712891
0 0.440625 0.716797 0.412500 0.712891 0.400000 0.705078 0.392188 0.695312 0.389062 0.679688 0.393750 0.673828 0.406250 0.673828 0.428125 0.689453 0.440625 0.689453 0.440625 0.716797
0 0.851562 0.996094 0.839063 0.972656 0.846875 0.955078 0.896875 0.978516 0.907813 0.996094
0 0.601562 0.996094 0.601562 0.988281 0.625000 0.966797 0.639062 0.972656 0.639062 0.996094
0 0.359375 0.208984 0.315625 0.205078 0.295312 0.183594 0.295312 0.171875 0.300000 0.166016 0.315625 0.166016 0.325000 0.173828 0.356250 0.181641 0.364063 0.191406 0.359375 0.208984
0 0.465625 0.896484 0.400000 0.896484 0.392188 0.882812 0.392188 0.871094 0.403125 0.861328 0.443750 0.861328 0.470313 0.886719 0.465625 0.896484
0 0.134375 0.666016 0.109375 0.658203 0.101562 0.648438 0.101562 0.640625 0.125000 0.615234 0.137500 0.619141 0.151562 0.636719 0.148438 0.652344 0.134375 0.666016
0 0.096875 0.587891 0.078125 0.587891 0.067187 0.574219 0.067187 0.562500 0.081250 0.548828 0.125000 0.541016 0.129688 0.546875 0.126562 0.566406 0.096875 0.587891
0 0.515625 0.841797 0.459375 0.841797 0.454688 0.832031 0.475000 0.810547 0.503125 0.810547 0.520312 0.832031 0.515625 0.841797
0 0.703125 0.572266 0.671875 0.568359 0.667188 0.558594 0.684375 0.544922 0.706250 0.544922 0.710938 0.562500 0.703125 0.572266
0 0.346875 0.779297 0.340625 0.779297 0.314063 0.742188 0.307812 0.726562 0.312500 0.708984 0.346875 0.724609 0.357812 0.742188 0.346875 0.779297
0 0.621875 0.197266 0.581250 0.193359 0.570312 0.179688 0.570312 0.171875 0.575000 0.166016 0.596875 0.169922 0.625000 0.158203 0.640625 0.162109 0.648438 0.179688 0.621875 0.197266
0 0.537500 0.486328 0.518750 0.482422 0.514062 0.468750 0.546875 0.423828 0.562500 0.416016 0.570312 0.425781 0.567187 0.453125 0.550000 0.478516 0.537500 0.486328
0 0.818750 0.994141 0.809375 0.994141 0.804688 0.976562 0.804688 0.941406 0.812500 0.923828 0.820312 0.929688 0.818750 0.994141
0 0.209375 0.162109 0.165625 0.142578 0.148438 0.121094 0.139063 0.097656 0.146875 0.091797 0.196875 0.126953 0.214062 0.148438 0.209375 0.162109
0 0.106250 0.197266 0.068750 0.193359 0.060937 0.183594 0.060937 0.164062 0.068750 0.154297 0.100000 0.138672 0.131250 0.142578 0.151562 0.164062 0.146875 0.181641 0.106250 0.197266
0 0.996875 0.904297 0.987500 0.912109 0.956250 0.904297 0.945312 0.890625 0.939063 0.871094 0.939063 0.832031 0.956250 0.830078 0.996875 0.853516
0 0.175000 0.619141 0.162500 0.619141 0.157812 0.613281 0.157812 0.597656 0.171875 0.576172 0.184375 0.576172 0.189062 0.582031 0.189062 0.597656 0.175000 0.619141
0 0.068750 0.119141 0.062500 0.119141 0.042188 0.097656 0.035937 0.082031 0.040625 0.068359 0.068750 0.080078 0.079687 0.093750 0.079687 0.105469 0.068750 0.119141
0 0.687500 0.330078 0.668750 0.326172 0.657813 0.312500 0.657813 0.300781 0.671875 0.287109 0.700000 0.283203 0.704688 0.289062 0.704688 0.308594 0.687500 0.330078
0 0.134375 0.599609 0.123438 0.593750 0.131250 0.580078 0.142187 0.585938 0.134375 0.599609
