0 0.000000 0.081944 0.025000 0.090278 0.034722 0.100000 0.056944 0.141667 0.087500 0.180556 0.093056 0.200000 0.090278 0.219444 0.080556 0.229167 0.066667 0.229167 0.027778 0.212500 0.011111 0.218056 0.000000 0.229167
0 0.784722 0.997222 0.776389 0.988889 0.768056 0.966667 0.768056 0.947222 0.776389 0.927778 0.800000 0.912500 0.825000 0.906944 0.852778 0.881944 0.869444 0.873611 0.886111 0.876389 0.909722 0.897222 0.920833 0.916667 0.923611 0.950000 0.918056 0.977778 0.908333 0.990278 0.895833 0.997222
0 0.297222 0.484722 0.272222 0.481944 0.248611 0.458333 0.220833 0.391667 0.220833 0.363889 0.233333 0.351389 0.250000 0.348611 0.268056 0.330556 0.276389 0.311111 0.297222 0.293056 0.325000 0.290278 0.344444 0.293056 0.361111 0.298611 0.381944 0.319444 0.395833 0.347222 0.398611 0.386111 0.377778 0.406944 0.348611 0.425000 0.331944 0.461111 0.319444 0.476389 0.297222 0.484722
0 0.336111 0.668056 0.311111 0.668056 0.283333 0.659722 0.261111 0.643056 0.241667 0.634722 0.220833 0.608333 0.223611 0.580556 0.236111 0.568056 0.252778 0.562500 0.288889 0.565278 0.322222 0.579167 0.351389 0.616667 0.356944 0.633333 0.356944 0.652778 0.336111 0.668056
0 0.000000 0.934722 0.019444 0.945833 0.036111 0.945833 0.059722 0.963889 0.056944 0.997222
0 0.215278 0.997222 0.215278 0.983333 0.223611 0.961111 0.247222 0.934722 0.258333 0.929167 0.277778 0.929167 0.319444 0.948611 0.351389 0.977778 0.351389 0.988889 0.356944 0.997222
0 0.000000 0.401389 0.055556 0.437500 0.081944 0.469444 0.081944 0.494444 0.063889 0.518056 0.030556 0.526389 0.000000 0.526389
0 0.997222 0.456944 0.973611 0.430556 0.962500 0.394444 0.965278 0.363889 0.981944 0.338889 0.987500 0.313889 0.997222 0.298611
0 0.497222 0.934722 0.483333 0.934722 0.479167 0.930556 0.479167 0.911111 0.486111 0.904167 0.500000 0.904167 0.506944 0.911111 0.506944 0.927778 0.497222 0.934722
0 0.663889 0.959722 0.654167 0.955556 0.658333 0.945833 0.668056 0.950000 0.663889 0.959722
0 0.208333 0.198611 0.183333 0.195833 0.147222 0.179167 0.091667 0.168056 0.068056 0.155556 0.045833 0.122222 0.043056 0.083333 0.048611 0.066667 0.069444 0.040278 0.080556 0.031944 0.094444 0.029167 0.133333 0.031944 0.161111 0.059722 0.234722 0.119444 0.248611 0.147222 0.245833 0.163889 0.222222 0.193056 0.208333 0.198611
0 0.409722 0.000000 0.355556 0.018056 0.327778 0.018056 0.313889 0.009722 0.309722 0.000000
0 0.400000 0.437500 0.390278 0.433333 0.394444 0.423611 0.404167 0.427778 0.400000 0.437500
0 0.366667 0.490278 0.358333 0.490278 0.348611 0.480556 0.348611 0.466667 0.380556 0.437500 0.408333 0.440278 0.418056 0.455556 0.418056 0.466667 0.394444 0.476389 0.383333 0.476389 0.366667 0.490278
0 0.997222 0.631944 0.968056 0.591667 0.968056 0.583333 0.962500 0.577778 0.962500 0.544444 0.970833 0.525000 0.986111 0.512500 0.997222 0.512500
0 0.547222 0.243056 0.513889 0.240278 0.494444 0.231944 0.479167 0.216667 0.468056 0.188889 0.462500 0.147222 0.465278 0.102778 0.473611 0.083333 0.486111 0.070833 0.502778 0.062500 0.533333 0.065278 0.551389 0.083333 0.573611 0.130556 0.579167 0.169444 0.579167 0.219444 0.569444 0.231944 0.547222 0.243056
0 0.997222 0.890278 0.983333 0.884722 0.973611 0.875000 0.956944 0.841667 0.959722 0.777778 0.970833 0.758333 0.997222 0.734722
0 0.669444 0.704167 0.647222 0.704167 0.613889 0.690278 0.587500 0.663889 0.568056 0.633333 0.568056 0.572222 0.590278 0.519444 0.611111 0.501389 0.636111 0.504167 0.683333 0.520833 0.715278 0.561111 0.726389 0.591667 0.726389 0.641667 0.712500 0.672222 0.686111 0.695833 0.669444 0.704167
0 0.006944 0.000000 0.012500 0.025000 0.000000 0.048611
0 0.454167 0.997222 0.459722 0.983333 0.479167 0.966667 0.490278 0.938889 0.506944 0.927778 0.506944 0.911111 0.515278 0.894444 0.527778 0.881944 0.583333 0.851389 0.647222 0.834722 0.663889 0.837500 0.679167 0.852778 0.679167 0.883333 0.655556 0.912500 0.590278 0.952778 0.581944 0.972222 0.587500 0.997222
0 0.854167 0.000000 0.862500 0.022222 0.859722 0.066667 0.845833 0.091667 0.830556 0.101389 0.802778 0.101389 0.783333 0.090278 0.768056 0.075000 0.754167 0.047222 0.754167 0.000000
0 0.730556 0.312500 0.697222 0.312500 0.686111 0.306944 0.659722 0.277778 0.648611 0.247222 0.640278 0.197222 0.637500 0.141667 0.645833 0.122222 0.655556 0.112500 0.675000 0.104167 0.702778 0.112500 0.734722 0.147222 0.756944 0.205556 0.756944 0.277778 0.751389 0.291667 0.730556 0.312500
