0 0.000000 0.904167 0.004167 0.905556 0.015278 0.947222 0.015278 0.977778 0.006944 0.997222
0 0.726389 0.000000 0.697222 0.023611 0.672222 0.034722 0.644444 0.034722 0.626389 0.016667 0.626389 0.000000
0 0.594444 0.145833 0.584722 0.141667 0.584722 0.133333 0.600000 0.126389 0.604167 0.136111 0.594444 0.145833
0 0.616667 0.131944 0.605556 0.131944 0.595833 0.125000 0.595833 0.108333 0.602778 0.101389 0.613889 0.112500 0.626389 0.113889 0.626389 0.125000 0.616667 0.131944
0 0.000000 0.176389 0.016667 0.184722 0.040278 0.208333 0.056944 0.236111 0.056944 0.272222 0.051389 0.286111 0.019444 0.323611 0.000000 0.329167
0 0.208333 0.168056 0.202778 0.168056 0.195833 0.155556 0.205556 0.145833 0.216667 0.145833 0.218056 0.158333 0.208333 0.168056
0 0.806944 0.000000 0.815278 0.011111 0.818056 0.025000 0.815278 0.108333 0.801389 0.136111 0.775000 0.154167 0.752778 0.154167 0.741667 0.148611 0.718056 0.122222 0.701389 0.086111 0.701389 0.063889 0.706944 0.047222 0.720833 0.025000 0.748611 0.000000
0 0.547222 0.031944 0.534722 0.027778 0.536111 0.018056 0.547222 0.018056 0.551389 0.022222 0.547222 0.031944
0 0.029167 0.000000 0.037500 0.019444 0.051389 0.033333 0.051389 0.072222 0.045833 0.100000 0.037500 0.119444 0.037500 0.130556 0.030556 0.137500 0.005556 0.137500 0.000000 0.131944
0 0.861111 0.615278 0.844444 0.609722 0.831944 0.591667 0.831944 0.538889 0.826389 0.530556 0.831944 0.522222 0.843056 0.472222 0.856944 0.447222 0.869444 0.437500 0.891667 0.437500 0.908333 0.448611 0.926389 0.472222 0.923611 0.544444 0.918056 0.561111 0.901389 0.575000 0.901389 0.586111 0.893056 0.600000 0.875000 0.612500 0.861111 0.615278
0 0.990278 0.970833 0.997222 0.970833 0.997222 0.997222 0.990278 0.997222
0 0.044444 0.368056 0.036111 0.368056 0.029167 0.361111 0.029167 0.352778 0.038889 0.343056 0.051389 0.347222 0.051389 0.361111 0.044444 0.368056
0 0.852778 0.412500 0.841667 0.409722 0.826389 0.394444 0.795833 0.333333 0.795833 0.291667 0.806944 0.272222 0.838889 0.243056 0.875000 0.245833 0.895833 0.263889 0.901389 0.277778 0.901389 0.305556 0.887500 0.355556 0.887500 0.380556 0.863889 0.406944 0.852778 0.412500
0 0.558333 0.279167 0.531944 0.277778 0.531944 0.263889 0.547222 0.248611 0.570833 0.250000 0.570833 0.263889 0.562500 0.269444 0.558333 0.279167
0 0.438889 0.284722 0.426389 0.280556 0.426389 0.263889 0.430556 0.259722 0.438889 0.259722 0.445833 0.266667 0.445833 0.275000 0.438889 0.284722
0 0.536111 0.329167 0.502778 0.326389 0.472222 0.312500 0.468056 0.305556 0.470833 0.283333 0.480556 0.273611 0.505556 0.273611 0.533333 0.284722 0.547222 0.284722 0.556944 0.300000 0.556944 0.311111 0.536111 0.329167
0 0.311111 0.390278 0.280556 0.390278 0.266667 0.384722 0.248611 0.369444 0.240278 0.355556 0.245833 0.322222 0.258333 0.306944 0.302778 0.281944 0.355556 0.268056 0.402778 0.265278 0.409722 0.272222 0.409722 0.300000 0.404167 0.313889 0.383333 0.329167 0.366667 0.331944 0.340278 0.369444 0.325000 0.384722 0.311111 0.390278
0 0.997222 0.095833 0.966667 0.079167 0.926389 0.044444 0.909722 0.011111 0.909722 0.000000
0 0.213889 0.134722 0.161111 0.134722 0.136111 0.129167 0.120833 0.111111 0.123611 0.083333 0.131944 0.069444 0.172222 0.034722 0.208333 0.026389 0.250000 0.031944 0.279167 0.052778 0.279167 0.083333 0.250000 0.123611 0.213889 0.134722
0 0.627778 0.112500 0.613889 0.112500 0.601389 0.097222 0.608333 0.079167 0.643056 0.097222 0.643056 0.102778 0.627778 0.112500
0 0.180556 0.462500 0.138889 0.462500 0.122222 0.451389 0.108333 0.448611 0.063889 0.426389 0.051389 0.413889 0.043056 0.394444 0.043056 0.377778 0.051389 0.358333 0.072222 0.340278 0.083333 0.337500 0.122222 0.337500 0.155556 0.351389 0.173611 0.372222 0.198611 0.419444 0.198611 0.447222 0.188889 0.459722 0.180556 0.462500
0 0.519444 0.268056 0.477778 0.265278 0.466667 0.259722 0.431944 0.219444 0.426389 0.202778 0.434722 0.186111 0.423611 0.169444 0.423611 0.155556 0.429167 0.138889 0.441667 0.126389 0.472222 0.120833 0.494444 0.129167 0.531944 0.166667 0.540278 0.188889 0.543056 0.236111 0.531944 0.261111 0.519444 0.268056
0 0.277778 0.290278 0.250000 0.281944 0.222222 0.262500 0.206944 0.244444 0.201389 0.227778 0.201389 0.188889 0.209722 0.166667 0.222222 0.151389 0.247222 0.137500 0.288889 0.098611 0.316667 0.081944 0.330556 0.081944 0.348611 0.100000 0.354167 0.147222 0.373611 0.180556 0.373611 0.200000 0.362500 0.227778 0.325000 0.268056 0.300000 0.284722 0.277778 0.290278
0 0.119444 0.645833 0.088889 0.645833 0.069444 0.640278 0.041667 0.623611 0.026389 0.608333 0.012500 0.566667 0.018056 0.547222 0.030556 0.534722 0.052778 0.526389 0.086111 0.531944 0.125000 0.556944 0.151389 0.583333 0.156944 0.600000 0.151389 0.622222 0.133333 0.640278 0.119444 0.645833
0 0.997222 0.848611 0.975000 0.868056 0.938889 0.876389 0.927778 0.870833 0.909722 0.850000 0.895833 0.819444 0.901389 0.763889 0.925000 0.731944 0.936111 0.726389 0.969444 0.726389 0.997222 0.737500
0 0.444444 0.479167 0.402778 0.476389 0.365278 0.447222 0.362500 0.430556 0.348611 0.416667 0.348611 0.397222 0.361111 0.381944 0.419444 0.359722 0.438889 0.359722 0.465278 0.375000 0.493056 0.422222 0.493056 0.441667 0.480556 0.462500 0.444444 0.479167
0 0.619444 0.373611 0.602778 0.373611 0.586111 0.362500 0.550000 0.351389 0.543056 0.344444 0.545833 0.322222 0.555556 0.312500 0.569444 0.309722 0.575000 0.304167 0.633333 0.312500 0.656944 0.330556 0.656944 0.355556 0.650000 0.365278 0.619444 0.373611
0 0.163889 0.848611 0.127778 0.845833 0.098611 0.827778 0.084722 0.805556 0.090278 0.769444 0.119444 0.737500 0.141667 0.726389 0.177778 0.718056 0.213889 0.718056 0.244444 0.726389 0.256944 0.736111 0.265278 0.750000 0.262500 0.788889 0.211111 0.831944 0.163889 0.848611
0 0.166667 0.993056 0.144444 0.993056 0.118056 0.972222 0.109722 0.944444 0.112500 0.913889 0.138889 0.884722 0.166667 0.868056 0.211111 0.865278 0.237500 0.886111 0.240278 0.925000 0.188889 0.981944 0.166667 0.993056
0 0.563889 0.723611 0.547222 0.723611 0.529167 0.700000 0.526389 0.672222 0.512500 0.644444 0.512500 0.613889 0.519444 0.604167 0.541667 0.593056 0.575000 0.562500 0.588889 0.556944 0.613889 0.556944 0.634722 0.575000 0.637500 0.583333 0.637500 0.605556 0.629167 0.638889 0.609722 0.677778 0.563889 0.723611
0 0.151389 0.000000 0.131944 0.013889 0.116667 0.037500 0.105556 0.043056 0.069444 0.043056 0.054167 0.027778 0.054167 0.000000
0 0.887500 0.997222 0.884722 0.941667 0.900000 0.923611 0.916667 0.912500 0.944444 0.918056 0.962500 0.941667 0.962500 0.966667 0.948611 0.997222
0 0.534722 0.997222 0.534722 0.975000 0.540278 0.958333 0.559722 0.927778 0.577778 0.909722 0.608333 0.893056 0.633333 0.893056 0.648611 0.908333 0.654167 0.927778 0.651389 0.997222
0 0.806944 0.997222 0.809722 0.983333 0.829167 0.952778 0.841667 0.940278 0.863889 0.934722 0.877778 0.934722 0.884722 0.941667 0.887500 0.997222
0 0.408333 0.612500 0.391667 0.612500 0.377778 0.606944 0.365278 0.594444 0.356944 0.572222 0.356944 0.561111 0.387500 0.525000 0.395833 0.508333 0.411111 0.493056 0.436111 0.484722 0.480556 0.479167 0.486111 0.473611 0.516667 0.476389 0.526389 0.494444 0.526389 0.505556 0.518056 0.527778 0.490278 0.572222 0.444444 0.604167 0.408333 0.612500
0 0.997222 0.254167 0.986111 0.259722 0.969444 0.259722 0.950000 0.251389 0.934722 0.236111 0.937500 0.197222 0.956944 0.169444 0.980556 0.145833 0.997222 0.137500
0 0.997222 0.654167 0.963889 0.643056 0.954167 0.630556 0.948611 0.611111 0.948611 0.594444 0.965278 0.561111 0.997222 0.529167
0 0.800000 0.937500 0.786111 0.937500 0.775000 0.931944 0.762500 0.916667 0.765278 0.897222 0.787500 0.858333 0.793056 0.838889 0.790278 0.791667 0.798611 0.769444 0.813889 0.754167 0.833333 0.743056 0.855556 0.743056 0.875000 0.751389 0.890278 0.769444 0.895833 0.780556 0.895833 0.805556 0.870833 0.863889 0.848611 0.886111 0.820833 0.925000 0.800000 0.937500
0 0.897222 0.204167 0.875000 0.204167 0.859722 0.186111 0.859722 0.075000 0.881944 0.027778 0.888889 0.020833 0.911111 0.020833 0.926389 0.044444 0.951389 0.066667 0.951389 0.086111 0.943056 0.144444 0.920833 0.180556 0.897222 0.204167
