0 0.744444 0.190278 0.722222 0.190278 0.709722 0.177778 0.709722 0.066667 0.713889 0.059722 0.741667 0.045833 0.775000 0.018056 0.786111 0.012500 0.802778 0.012500 0.823611 0.041667 0.829167 0.075000 0.798611 0.130556 0.768056 0.169444 0.744444 0.190278
0 0.997222 0.843056 0.977778 0.834722 0.962500 0.816667 0.956944 0.802778 0.956944 0.788889 0.965278 0.769444 0.980556 0.754167 0.997222 0.745833
0 0.927778 0.545833 0.855556 0.543056 0.833333 0.523611 0.827778 0.523611 0.806944 0.497222 0.806944 0.466667 0.812500 0.444444 0.838889 0.429167 0.875000 0.426389 0.897222 0.434722 0.922222 0.434722 0.927778 0.440278 0.963889 0.451389 0.976389 0.463889 0.981944 0.483333 0.987500 0.488889 0.987500 0.511111 0.961111 0.537500 0.927778 0.545833
0 0.000000 0.548611 0.013889 0.545833 0.033333 0.551389 0.055556 0.551389 0.083333 0.562500 0.101389 0.577778 0.112500 0.605556 0.109722 0.622222 0.093056 0.638889 0.104167 0.658333 0.104167 0.677778 0.109722 0.680556 0.109722 0.691667 0.091667 0.709722 0.041667 0.704167 0.027778 0.695833 0.008333 0.693056 0.001389 0.688889 0.001389 0.680556 0.006944 0.677778 0.000000 0.673611
0 0.751389 0.997222 0.748611 0.972222 0.763889 0.951389 0.844444 0.912500 0.883333 0.912500 0.916667 0.929167 0.937500 0.952778 0.934722 0.997222
0 0.997222 0.240278 0.980556 0.240278 0.966667 0.229167 0.940278 0.194444 0.937500 0.177778 0.929167 0.163889 0.931944 0.161111 0.926389 0.130556 0.929167 0.105556 0.940278 0.083333 0.963889 0.065278 0.997222 0.056944
0 0.000000 0.748611 0.045833 0.786111 0.056944 0.800000 0.068056 0.827778 0.062500 0.863889 0.052778 0.876389 0.033333 0.887500 0.000000 0.884722
0 0.000000 0.054167 0.030556 0.045833 0.052778 0.031944 0.075000 0.029167 0.104167 0.047222 0.112500 0.069444 0.109722 0.094444 0.083333 0.120833 0.063889 0.131944 0.041667 0.140278 0.027778 0.140278 0.019444 0.145833 0.002778 0.145833 0.000000 0.140278
0 0.997222 0.420833 0.983333 0.431944 0.963889 0.434722 0.961111 0.440278 0.938889 0.437500 0.922222 0.426389 0.905556 0.426389 0.902778 0.420833 0.900000 0.426389 0.869444 0.426389 0.863889 0.418056 0.836111 0.412500 0.819444 0.401389 0.809722 0.380556 0.809722 0.363889 0.823611 0.327778 0.855556 0.293056 0.862500 0.291667 0.863889 0.284722 0.880556 0.287500 0.925000 0.309722 0.980556 0.323611 0.997222 0.340278
0 0.170833 0.997222 0.168056 0.972222 0.176389 0.961111 0.191667 0.945833 0.219444 0.937500 0.250000 0.937500 0.291667 0.951389 0.327778 0.973611 0.351389 0.997222
0 0.616667 0.298611 0.611111 0.298611 0.537500 0.250000 0.537500 0.230556 0.547222 0.215278 0.561111 0.206944 0.605556 0.206944 0.626389 0.219444 0.637500 0.236111 0.637500 0.269444 0.616667 0.298611
0 0.330556 0.648611 0.266667 0.648611 0.244444 0.643056 0.209722 0.613889 0.204167 0.594444 0.198611 0.591667 0.198611 0.580556 0.204167 0.577778 0.209722 0.541667 0.230556 0.515278 0.252778 0.501389 0.313889 0.495833 0.341667 0.504167 0.368056 0.525000 0.381944 0.561111 0.388889 0.562500 0.393056 0.569444 0.393056 0.602778 0.363889 0.634722 0.358333 0.634722 0.350000 0.643056 0.336111 0.643056 0.330556 0.648611
0 0.605556 0.920833 0.577778 0.918056 0.555556 0.909722 0.537500 0.891667 0.523611 0.869444 0.523611 0.822222 0.537500 0.794444 0.569444 0.768056 0.616667 0.754167 0.636111 0.759722 0.638889 0.756944 0.650000 0.762500 0.655556 0.770833 0.677778 0.776389 0.695833 0.791667 0.701389 0.802778 0.701389 0.822222 0.695833 0.827778 0.690278 0.855556 0.670833 0.880556 0.627778 0.912500 0.605556 0.920833
0 0.555556 0.368056 0.527778 0.365278 0.505556 0.343056 0.491667 0.343056 0.476389 0.325000 0.476389 0.305556 0.508333 0.287500 0.530556 0.256944 0.563889 0.265278 0.597222 0.290278 0.609722 0.305556 0.609722 0.325000 0.595833 0.350000 0.569444 0.365278 0.555556 0.368056
0 0.847222 0.295833 0.830556 0.295833 0.808333 0.281944 0.779167 0.252778 0.759722 0.219444 0.759722 0.186111 0.765278 0.183333 0.776389 0.155556 0.794444 0.134722 0.811111 0.126389 0.838889 0.126389 0.861111 0.140278 0.872222 0.154167 0.902778 0.170833 0.911111 0.170833 0.945833 0.200000 0.954167 0.216667 0.954167 0.247222 0.944444 0.262500 0.902778 0.284722 0.863889 0.284722 0.847222 0.295833
0 0.169444 0.484722 0.136111 0.484722 0.111111 0.476389 0.090278 0.455556 0.084722 0.438889 0.084722 0.402778 0.098611 0.375000 0.118056 0.355556 0.118056 0.350000 0.144444 0.326389 0.163889 0.318056 0.172222 0.309722 0.205556 0.309722 0.236111 0.320833 0.256944 0.341667 0.268056 0.375000 0.265278 0.408333 0.256944 0.430556 0.227778 0.465278 0.197222 0.479167 0.169444 0.484722
0 0.658333 0.340278 0.644444 0.340278 0.629167 0.330556 0.623611 0.316667 0.623611 0.297222 0.629167 0.286111 0.643056 0.275000 0.645833 0.241667 0.668056 0.213889 0.686111 0.201389 0.708333 0.201389 0.737500 0.230556 0.750000 0.251389 0.772222 0.256944 0.784722 0.269444 0.793056 0.283333 0.793056 0.308333 0.769444 0.337500 0.741667 0.337500 0.716667 0.318056 0.658333 0.340278
0 0.545833 0.000000 0.551389 0.047222 0.540278 0.066667 0.522222 0.081944 0.497222 0.081944 0.463889 0.065278 0.413889 0.070833 0.412500 0.061111 0.398611 0.041667 0.398611 0.016667 0.411111 0.001389 0.418056 0.000000
