0 0.175781 0.216797 0.148438 0.216797 0.142578 0.210938 0.156250 0.181641 0.183594 0.177734 0.193359 0.187500 0.189453 0.207031 0.175781 0.216797
0 0.621094 0.310547 0.597656 0.310547 0.583984 0.300781 0.576172 0.289062 0.576172 0.265625 0.593750 0.240234 0.628906 0.228516 0.650391 0.246094 0.650391 0.257812 0.638672 0.300781 0.621094 0.310547
0 0.000000 0.380859 0.013672 0.398438 0.013672 0.414062 0.000000 0.435547
0 0.177734 0.000000 0.189453 0.035156 0.183594 0.060547 0.164062 0.060547 0.142578 0.042969 0.146484 0.000000
0 0.816406 0.642578 0.810547 0.640625 0.810547 0.625000 0.818359 0.582031 0.847656 0.576172 0.861328 0.593750 0.857422 0.625000 0.816406 0.642578
0 0.660156 0.740234 0.638672 0.726562 0.638672 0.695312 0.652344 0.685547 0.664062 0.685547 0.681641 0.699219 0.673828 0.730469 0.660156 0.740234
0 0.679688 0.615234 0.664062 0.615234 0.658203 0.605469 0.683594 0.587891 0.689453 0.605469 0.679688 0.615234
0 0.617188 0.623047 0.607422 0.613281 0.607422 0.601562 0.640625 0.591797 0.646484 0.605469 0.621094 0.615234 0.617188 0.623047
0 0.542969 0.771484 0.519531 0.771484 0.513672 0.765625 0.513672 0.746094 0.531250 0.728516 0.542969 0.732422 0.552734 0.746094 0.552734 0.765625 0.542969 0.771484
0 0.017578 0.996094 0.013672 0.972656 0.021484 0.957031 0.042969 0.939453 0.066406 0.939453 0.093750 0.955078 0.103516 0.968750 0.103516 0.996094
0 0.613281 0.775391 0.583984 0.769531 0.583984 0.750000 0.589844 0.744141 0.619141 0.750000 0.613281 0.775391
0 0.644531 0.642578 0.623047 0.640625 0.619141 0.617188 0.648438 0.603516 0.654297 0.617188 0.644531 0.642578
0 0.082031 0.443359 0.062500 0.443359 0.046875 0.435547 0.041016 0.429688 0.041016 0.406250 0.062500 0.380859 0.097656 0.365234 0.113281 0.365234 0.130859 0.378906 0.130859 0.402344 0.121094 0.419922 0.082031 0.443359
0 0.054688 0.650391 0.037109 0.640625 0.033203 0.628906 0.041016 0.593750 0.048828 0.589844 0.044922 0.617188 0.050781 0.630859 0.085938 0.630859 0.091797 0.625000 0.091797 0.605469 0.080078 0.593750 0.080078 0.570312 0.072266 0.566406 0.082031 0.564453 0.087891 0.570312 0.087891 0.593750 0.107422 0.605469 0.107422 0.617188 0.089844 0.638672 0.054688 0.650391
0 0.398438 0.185547 0.378906 0.185547 0.373047 0.167969 0.386719 0.150391 0.402344 0.142578 0.421875 0.142578 0.431641 0.152344 0.431641 0.171875 0.398438 0.185547
0 0.355469 0.158203 0.349609 0.152344 0.353516 0.136719 0.363281 0.126953 0.375000 0.126953 0.376953 0.132812 0.361328 0.144531 0.355469 0.158203
0 0.898438 0.255859 0.871094 0.251953 0.849609 0.230469 0.841797 0.203125 0.851562 0.185547 0.867188 0.177734 0.886719 0.177734 0.912109 0.199219 0.916016 0.226562 0.898438 0.255859
0 0.667969 0.291016 0.646484 0.289062 0.646484 0.265625 0.671875 0.251953 0.681641 0.257812 0.685547 0.269531 0.681641 0.281250 0.667969 0.291016
0 0.074219 0.634766 0.050781 0.630859 0.044922 0.617188 0.044922 0.597656 0.052734 0.582031 0.062500 0.580078 0.070312 0.568359 0.080078 0.570312 0.080078 0.593750 0.091797 0.605469 0.091797 0.625000 0.074219 0.634766
0 0.460938 0.517578 0.445312 0.513672 0.431641 0.500000 0.423828 0.484375 0.423828 0.464844 0.433594 0.455078 0.464844 0.443359 0.474609 0.449219 0.474609 0.464844 0.490234 0.476562 0.490234 0.484375 0.482422 0.492188 0.482422 0.503906 0.460938 0.517578
0 0.375000 0.837891 0.359375 0.837891 0.349609 0.828125 0.349609 0.800781 0.341797 0.792969 0.341797 0.777344 0.351562 0.767578 0.371094 0.767578 0.396484 0.789062 0.392578 0.824219 0.375000 0.837891
0 0.804688 0.630859 0.796875 0.630859 0.783203 0.617188 0.783203 0.593750 0.792969 0.591797 0.804688 0.576172 0.816406 0.576172 0.814453 0.621094 0.804688 0.630859
0 0.324219 0.845703 0.294922 0.816406 0.298828 0.792969 0.316406 0.775391 0.339844 0.779297 0.349609 0.800781 0.349609 0.832031 0.339844 0.841797 0.324219 0.845703
0 0.625000 0.599609 0.607422 0.589844 0.607422 0.574219 0.613281 0.568359 0.632812 0.568359 0.638672 0.574219 0.638672 0.593750 0.625000 0.599609
0 0.277344 0.478516 0.250000 0.470703 0.232422 0.453125 0.236328 0.429688 0.253906 0.416016 0.269531 0.416016 0.292969 0.427734 0.310547 0.449219 0.300781 0.470703 0.277344 0.478516
0 0.128906 0.333984 0.101562 0.330078 0.076172 0.308594 0.076172 0.281250 0.085938 0.267578 0.113281 0.263672 0.142578 0.292969 0.142578 0.312500 0.128906 0.333984
0 0.140625 0.185547 0.128906 0.185547 0.095703 0.164062 0.091797 0.128906 0.117188 0.103516 0.144531 0.103516 0.162109 0.128906 0.158203 0.148438 0.142578 0.167969 0.140625 0.185547
0 0.224609 0.000000 0.207031 0.041016 0.189453 0.039062 0.177734 0.000000
