0 0.373047 0.996094 0.365234 0.972656 0.365234 0.945312 0.378906 0.931641 0.421875 0.931641 0.435547 0.945312 0.439453 0.976562 0.423828 0.996094
0 0.207031 0.744141 0.183594 0.744141 0.158203 0.722656 0.158203 0.695312 0.171875 0.677734 0.199219 0.677734 0.220703 0.691406 0.212891 0.738281 0.207031 0.744141
0 0.269531 0.935547 0.253906 0.935547 0.236328 0.914062 0.244141 0.890625 0.261719 0.876953 0.277344 0.884766 0.287109 0.898438 0.287109 0.921875 0.269531 0.935547
0 0.718750 0.568359 0.707031 0.560547 0.683594 0.568359 0.662109 0.554688 0.658203 0.523438 0.683594 0.490234 0.703125 0.490234 0.740234 0.535156 0.718750 0.568359
0 0.656250 0.103516 0.628906 0.103516 0.603516 0.085938 0.603516 0.050781 0.617188 0.037109 0.656250 0.033203 0.685547 0.062500 0.685547 0.082031 0.656250 0.103516
0 0.855469 0.896484 0.843750 0.896484 0.814453 0.871094 0.814453 0.843750 0.835938 0.830078 0.882812 0.830078 0.896484 0.847656 0.896484 0.863281 0.882812 0.880859 0.855469 0.896484
0 0.769531 0.345703 0.742188 0.341797 0.708984 0.316406 0.705078 0.292969 0.722656 0.271484 0.753906 0.275391 0.791016 0.296875 0.791016 0.324219 0.769531 0.345703
0 0.679688 0.228516 0.671875 0.228516 0.623047 0.191406 0.623047 0.171875 0.632812 0.158203 0.664062 0.150391 0.705078 0.171875 0.712891 0.183594 0.712891 0.207031 0.679688 0.228516
0 0.996094 0.955078 0.972656 0.974609 0.949219 0.974609 0.923828 0.949219 0.923828 0.937500 0.949219 0.912109 0.984375 0.916016 0.996094 0.927734
0 0.105469 0.904297 0.078125 0.900391 0.052734 0.875000 0.048828 0.863281 0.052734 0.824219 0.070312 0.806641 0.089844 0.798828 0.121094 0.802734 0.140625 0.814453 0.154297 0.832031 0.150391 0.878906 0.105469 0.904297
0 0.824219 0.486328 0.785156 0.478516 0.759766 0.449219 0.759766 0.417969 0.769531 0.404297 0.808594 0.400391 0.826172 0.417969 0.837891 0.441406 0.841797 0.472656 0.824219 0.486328
0 0.625000 0.916016 0.582031 0.908203 0.568359 0.898438 0.568359 0.878906 0.589844 0.853516 0.617188 0.853516 0.638672 0.875000 0.638672 0.902344 0.625000 0.916016
0 0.187500 0.662109 0.156250 0.662109 0.142578 0.648438 0.142578 0.625000 0.156250 0.611328 0.203125 0.607422 0.216797 0.621094 0.216797 0.640625 0.187500 0.662109
0 0.494141 0.996094 0.478516 0.976562 0.470703 0.949219 0.474609 0.933594 0.484375 0.923828 0.511719 0.923828 0.533203 0.945312 0.541016 0.976562 0.529297 0.996094
0 0.511719 0.181641 0.472656 0.181641 0.429688 0.162109 0.419922 0.152344 0.419922 0.109375 0.429688 0.099609 0.500000 0.099609 0.519531 0.107422 0.525391 0.113281 0.525391 0.164062 0.511719 0.181641
0 0.410156 0.935547 0.382812 0.935547 0.365234 0.910156 0.369141 0.878906 0.402344 0.857422 0.433594 0.865234 0.451172 0.890625 0.451172 0.914062 0.437500 0.927734 0.410156 0.935547
0 0.414062 0.732422 0.371094 0.732422 0.337891 0.691406 0.341797 0.648438 0.359375 0.630859 0.402344 0.630859 0.408203 0.636719 0.419922 0.660156 0.416016 0.703125 0.423828 0.714844 0.414062 0.732422
0 0.029297 0.000000 0.060547 0.023438 0.056641 0.050781 0.042969 0.064453 0.015625 0.076172 0.000000 0.072266
0 0.941406 0.595703 0.902344 0.591797 0.880859 0.566406 0.880859 0.550781 0.902344 0.521484 0.929688 0.517578 0.943359 0.527344 0.955078 0.582031 0.941406 0.595703
0 0.250000 0.419922 0.234375 0.419922 0.216797 0.398438 0.216797 0.390625 0.234375 0.373047 0.250000 0.376953 0.263672 0.394531 0.263672 0.406250 0.250000 0.419922
0 0.000000 0.552734 0.013672 0.558594 0.021484 0.597656 0.007812 0.615234 0.000000 0.615234
0 0.785156 0.611328 0.757812 0.611328 0.720703 0.578125 0.724609 0.554688 0.738281 0.537109 0.769531 0.537109 0.798828 0.554688 0.806641 0.585938 0.802734 0.601562 0.785156 0.611328
0 0.648438 0.802734 0.609375 0.794922 0.595703 0.773438 0.603516 0.750000 0.644531 0.720703 0.681641 0.757812 0.669922 0.789062 0.648438 0.802734
0 0.000000 0.732422 0.009766 0.738281 0.009766 0.750000 0.025391 0.773438 0.015625 0.791016 0.000000 0.794922
0 0.691406 0.439453 0.679688 0.435547 0.662109 0.414062 0.662109 0.386719 0.683594 0.369141 0.707031 0.369141 0.728516 0.382812 0.728516 0.410156 0.710938 0.431641 0.691406 0.439453
0 0.320312 0.861328 0.300781 0.857422 0.279297 0.832031 0.275391 0.796875 0.292969 0.779297 0.324219 0.779297 0.339844 0.794922 0.347656 0.794922 0.361328 0.812500 0.357422 0.835938 0.320312 0.861328
0 0.085938 0.787109 0.078125 0.787109 0.052734 0.765625 0.048828 0.722656 0.058594 0.693359 0.101562 0.689453 0.126953 0.707031 0.134766 0.722656 0.134766 0.742188 0.117188 0.771484 0.085938 0.787109
0 0.734375 0.841797 0.708984 0.828125 0.708984 0.796875 0.730469 0.775391 0.753906 0.771484 0.767578 0.781250 0.775391 0.820312 0.753906 0.837891 0.734375 0.841797
0 0.214844 0.873047 0.207031 0.873047 0.185547 0.855469 0.181641 0.804688 0.191406 0.802734 0.203125 0.814453 0.222656 0.818359 0.234375 0.791016 0.248047 0.828125 0.248047 0.851562 0.234375 0.865234 0.214844 0.873047
0 0.484375 0.486328 0.449219 0.470703 0.443359 0.464844 0.443359 0.449219 0.457031 0.419922 0.496094 0.412109 0.509766 0.421875 0.517578 0.437500 0.517578 0.460938 0.500000 0.482422 0.484375 0.486328
0 0.730469 0.962891 0.714844 0.958984 0.685547 0.921875 0.689453 0.902344 0.710938 0.873047 0.742188 0.876953 0.763672 0.902344 0.763672 0.925781 0.755859 0.941406 0.730469 0.962891
0 0.910156 0.462891 0.878906 0.462891 0.873047 0.457031 0.869141 0.410156 0.882812 0.388672 0.906250 0.384766 0.935547 0.414062 0.935547 0.441406 0.910156 0.462891
0 0.787109 0.996094 0.787109 0.980469 0.779297 0.968750 0.783203 0.953125 0.800781 0.931641 0.828125 0.927734 0.847656 0.931641 0.869141 0.957031 0.869141 0.984375 0.861328 0.996094
0 0.570312 0.720703 0.539062 0.716797 0.517578 0.691406 0.521484 0.664062 0.542969 0.646484 0.562500 0.646484 0.580078 0.660156 0.583984 0.710938 0.570312 0.720703
0 0.152344 0.080078 0.125000 0.080078 0.103516 0.062500 0.099609 0.027344 0.117188 0.009766 0.156250 0.009766 0.173828 0.027344 0.169922 0.058594 0.152344 0.080078
0 0.476562 0.740234 0.441406 0.736328 0.419922 0.726562 0.423828 0.714844 0.416016 0.703125 0.416016 0.683594 0.419922 0.664062 0.433594 0.650391 0.484375 0.658203 0.490234 0.664062 0.494141 0.718750 0.490234 0.730469 0.476562 0.740234
0 0.941406 0.353516 0.925781 0.353516 0.888672 0.328125 0.888672 0.308594 0.917969 0.279297 0.941406 0.283203 0.970703 0.316406 0.966797 0.332031 0.941406 0.353516
0 0.914062 0.248047 0.871094 0.248047 0.863281 0.240234 0.847656 0.240234 0.830078 0.218750 0.830078 0.187500 0.847656 0.173828 0.898438 0.173828 0.923828 0.199219 0.927734 0.210938 0.927734 0.234375 0.914062 0.248047
0 0.863281 0.798828 0.832031 0.798828 0.810547 0.781250 0.810547 0.730469 0.804688 0.724609 0.765625 0.728516 0.755859 0.718750 0.744141 0.695312 0.744141 0.675781 0.761719 0.654297 0.777344 0.646484 0.808594 0.650391 0.822266 0.664062 0.826172 0.710938 0.832031 0.716797 0.863281 0.720703 0.892578 0.750000 0.892578 0.773438 0.863281 0.798828
0 0.488281 0.837891 0.472656 0.837891 0.435547 0.812500 0.435547 0.800781 0.472656 0.771484 0.496094 0.771484 0.505859 0.781250 0.505859 0.796875 0.513672 0.808594 0.509766 0.820312 0.488281 0.837891
0 0.408203 0.000000 0.394531 0.009766 0.375000 0.009766 0.365234 0.000000
0 0.222656 0.818359 0.203125 0.814453 0.173828 0.792969 0.173828 0.769531 0.179688 0.763672 0.203125 0.755859 0.222656 0.759766 0.236328 0.773438 0.236328 0.789062 0.222656 0.818359
0 0.691406 0.755859 0.679688 0.755859 0.664062 0.744141 0.646484 0.718750 0.650391 0.683594 0.679688 0.662109 0.703125 0.662109 0.728516 0.683594 0.724609 0.734375 0.707031 0.751953 0.691406 0.755859
0 0.603516 0.996094 0.599609 0.976562 0.625000 0.951172 0.648438 0.955078 0.666016 0.968750 0.666016 0.996094
0 0.472656 0.076172 0.433594 0.076172 0.427734 0.070312 0.423828 0.042969 0.441406 0.017578 0.468750 0.017578 0.490234 0.035156 0.494141 0.058594 0.472656 0.076172
0 0.785156 0.087891 0.753906 0.080078 0.736328 0.054688 0.744141 0.023438 0.757812 0.005859 0.769531 0.001953 0.789062 0.009766 0.810547 0.039062 0.810547 0.070312 0.785156 0.087891
0 0.976562 0.748047 0.941406 0.748047 0.910156 0.732422 0.892578 0.710938 0.892578 0.687500 0.917969 0.658203 0.941406 0.658203 0.960938 0.666016 0.994141 0.695312 0.994141 0.726562 0.976562 0.748047
0 0.275391 0.996094 0.281250 0.986328 0.308594 0.986328 0.314453 0.996094
0 0.996094 0.849609 0.972656 0.853516 0.947266 0.832031 0.947266 0.804688 0.955078 0.792969 0.968750 0.779297 0.996094 0.775391
0 0.289062 0.119141 0.281250 0.119141 0.255859 0.089844 0.259766 0.050781 0.273438 0.033203 0.308594 0.033203 0.330078 0.054688 0.330078 0.082031 0.304688 0.111328 0.289062 0.119141
0 0.300781 0.759766 0.261719 0.748047 0.248047 0.730469 0.248047 0.707031 0.269531 0.681641 0.304688 0.685547 0.318359 0.703125 0.314453 0.718750 0.322266 0.726562 0.322266 0.742188 0.300781 0.759766
0 0.621094 0.541016 0.597656 0.541016 0.582031 0.521484 0.568359 0.515625 0.568359 0.484375 0.578125 0.474609 0.593750 0.466797 0.632812 0.466797 0.642578 0.476562 0.646484 0.515625 0.621094 0.541016
0 0.566406 0.486328 0.552734 0.476562 0.552734 0.449219 0.564453 0.437500 0.564453 0.429688 0.574219 0.419922 0.585938 0.427734 0.613281 0.419922 0.630859 0.437500 0.634766 0.464844 0.593750 0.466797 0.566406 0.486328
0 0.660156 0.677734 0.638672 0.656250 0.642578 0.621094 0.652344 0.607422 0.675781 0.607422 0.701172 0.625000 0.708984 0.652344 0.699219 0.662109 0.679688 0.662109 0.660156 0.677734
0 0.103516 0.996094 0.107422 0.972656 0.164062 0.916016 0.191406 0.916016 0.212891 0.929688 0.224609 0.949219 0.228516 0.996094
0 0.625000 0.349609 0.589844 0.349609 0.560547 0.328125 0.560547 0.277344 0.582031 0.259766 0.613281 0.263672 0.642578 0.300781 0.642578 0.332031 0.625000 0.349609
