0 0.666016 0.295410 0.653320 0.295410 0.650391 0.294434 0.645020 0.289062 0.644043 0.279297 0.647461 0.273926 0.657227 0.271973 0.668457 0.278320 0.672363 0.286133 0.672363 0.290039 0.668945 0.294434 0.666016 0.295410
0 0.301758 0.392090 0.291992 0.392090 0.289551 0.389648 0.289551 0.386719 0.297852 0.378418 0.309570 0.370605 0.311035 0.372070 0.311035 0.382812 0.307129 0.388672 0.301758 0.392090
0 0.784180 0.899902 0.782227 0.899902 0.773926 0.889648 0.774902 0.872070 0.779297 0.867676 0.783691 0.870117 0.786621 0.883789 0.786621 0.897461 0.784180 0.899902
0 0.876953 0.499512 0.866211 0.499512 0.863770 0.497070 0.865723 0.489258 0.873047 0.481934 0.882812 0.483887 0.887207 0.487305 0.886230 0.496094 0.883789 0.498535 0.876953 0.499512
0 0.223633 0.190918 0.218750 0.190918 0.215332 0.187500 0.214355 0.184570 0.217773 0.180176 0.225586 0.180176 0.228027 0.182617 0.229004 0.186523 0.223633 0.190918
0 0.541992 0.931152 0.533203 0.931152 0.529297 0.929199 0.524902 0.922852 0.524902 0.918945 0.525879 0.914062 0.530273 0.909668 0.544922 0.906738 0.546387 0.908203 0.545410 0.914062 0.547363 0.916016 0.547363 0.924805 0.541992 0.931152
0 0.023438 0.254395 0.017578 0.254395 0.016113 0.252930 0.016113 0.248047 0.018555 0.243652 0.023438 0.243652 0.025879 0.246094 0.025879 0.251953 0.023438 0.254395
0 0.528320 0.748535 0.520508 0.748535 0.511230 0.742188 0.511230 0.728516 0.517578 0.723145 0.524414 0.723145 0.528320 0.725098 0.534668 0.733398 0.534668 0.742188 0.528320 0.748535
0 0.567383 0.646973 0.559570 0.644043 0.553223 0.637695 0.552246 0.629883 0.554688 0.627441 0.566406 0.626465 0.574707 0.633789 0.574707 0.641602 0.567383 0.646973
0 0.545898 0.785645 0.542480 0.784180 0.542480 0.778320 0.543945 0.776855 0.548340 0.778320 0.548340 0.783203 0.545898 0.785645
0 0.532227 0.781738 0.521484 0.778809 0.516113 0.771484 0.516113 0.758789 0.521484 0.753418 0.524414 0.753418 0.528320 0.756348 0.532227 0.756348 0.537598 0.760742 0.537598 0.774414 0.532227 0.781738
0 0.712891 0.190918 0.704102 0.190918 0.698730 0.185547 0.697754 0.175781 0.703125 0.167480 0.710938 0.167480 0.714844 0.169434 0.718262 0.173828 0.718262 0.184570 0.712891 0.190918
0 0.267578 0.994629 0.261719 0.993652 0.257324 0.989258 0.256348 0.979492 0.262695 0.971191 0.273438 0.970215 0.277832 0.972656 0.279785 0.981445 0.277832 0.987305 0.273438 0.991699 0.270508 0.991699 0.267578 0.994629
0 0.773438 0.929199 0.769043 0.927734 0.769043 0.922852 0.772461 0.919434 0.775391 0.919434 0.777832 0.921875 0.777832 0.924805 0.773438 0.929199
0 0.321289 0.333496 0.316406 0.333496 0.310547 0.331543 0.308105 0.329102 0.305176 0.319336 0.309570 0.312988 0.321289 0.311035 0.330566 0.321289 0.330566 0.328125 0.327148 0.331543 0.321289 0.333496
0 0.502930 0.756348 0.499512 0.754883 0.500977 0.750488 0.504395 0.751953 0.502930 0.756348
0 0.817383 0.305176 0.811523 0.305176 0.803223 0.299805 0.803223 0.296875 0.805664 0.294434 0.808594 0.294434 0.812500 0.288574 0.815430 0.289551 0.820801 0.295898 0.820801 0.301758 0.817383 0.305176
0 0.790039 0.895996 0.787598 0.894531 0.789551 0.885742 0.794922 0.879395 0.799805 0.879395 0.801270 0.880859 0.801270 0.884766 0.790039 0.895996
0 0.681641 0.169434 0.674805 0.168457 0.669434 0.161133 0.669434 0.146484 0.671387 0.142578 0.675781 0.139160 0.679688 0.139160 0.686035 0.145508 0.687988 0.150391 0.687988 0.163086 0.681641 0.169434
0 0.911133 0.335449 0.899414 0.335449 0.892090 0.328125 0.892090 0.324219 0.896484 0.317871 0.901367 0.314941 0.911133 0.314941 0.917480 0.320312 0.917480 0.331055 0.911133 0.335449
0 0.792969 0.905762 0.790527 0.904297 0.790527 0.899414 0.794922 0.896973 0.796387 0.898438 0.796387 0.902344 0.792969 0.905762
0 0.499023 0.909668 0.486328 0.908691 0.479980 0.903320 0.479980 0.897461 0.484375 0.894043 0.493164 0.891113 0.506836 0.892090 0.510254 0.895508 0.510254 0.899414 0.505859 0.905762 0.499023 0.909668
0 0.499023 0.760254 0.495117 0.760254 0.489746 0.754883 0.493164 0.749512 0.499512 0.752930 0.500488 0.758789 0.499023 0.760254
0 0.493652 0.999023 0.493652 0.994141 0.495117 0.992676 0.499512 0.994141 0.499512 0.999023
0 0.171875 0.684082 0.166992 0.684082 0.164551 0.681641 0.164551 0.676758 0.166016 0.675293 0.171875 0.675293 0.174316 0.677734 0.174316 0.681641 0.171875 0.684082
0 0.372070 0.708496 0.356445 0.705566 0.351074 0.701172 0.351074 0.699219 0.357422 0.695801 0.375977 0.695801 0.379883 0.697754 0.381348 0.699219 0.381348 0.704102 0.376953 0.707520 0.372070 0.708496
0 0.540039 0.783691 0.536133 0.783691 0.532715 0.781250 0.538086 0.771973 0.542480 0.773438 0.542480 0.781250 0.540039 0.783691
0 0.623047 0.359863 0.618164 0.359863 0.616699 0.358398 0.616699 0.352539 0.618164 0.351074 0.624023 0.351074 0.625488 0.352539 0.625488 0.357422 0.623047 0.359863
0 0.232422 0.271973 0.223633 0.271973 0.208008 0.268066 0.206543 0.266602 0.206543 0.262695 0.217773 0.254395 0.227539 0.253418 0.234863 0.262695 0.234863 0.269531 0.232422 0.271973
0 0.573242 0.080566 0.564453 0.080566 0.557129 0.076172 0.558105 0.063477 0.560547 0.060059 0.570312 0.059082 0.571777 0.060547 0.575684 0.072266 0.575684 0.078125 0.573242 0.080566
0 0.471191 0.999023 0.461426 0.989258 0.461426 0.985352 0.466797 0.978027 0.472656 0.977051 0.477539 0.977051 0.487793 0.986328 0.488770 0.993164 0.479980 0.999023
0 0.702148 0.799316 0.695312 0.798340 0.692871 0.795898 0.692871 0.792969 0.695312 0.789551 0.704102 0.790527 0.705566 0.791992 0.705566 0.794922 0.702148 0.799316
0 0.876953 0.433105 0.873047 0.433105 0.869629 0.430664 0.865723 0.419922 0.876953 0.412598 0.888672 0.409668 0.895020 0.415039 0.893066 0.424805 0.887695 0.431152 0.876953 0.433105
0 0.988281 0.315918 0.982422 0.314941 0.978027 0.307617 0.978027 0.298828 0.979980 0.294922 0.985352 0.290527 0.991211 0.290527 0.995605 0.294922 0.997559 0.301758 0.994629 0.310547 0.988281 0.315918
0 0.842773 0.364746 0.835938 0.364746 0.831055 0.361816 0.827637 0.358398 0.828613 0.355469 0.825195 0.354004 0.823730 0.351562 0.831055 0.345215 0.837891 0.342285 0.844727 0.342285 0.847656 0.344238 0.853027 0.350586 0.853027 0.358398 0.848633 0.362793 0.842773 0.364746
0 0.617188 0.058105 0.614258 0.058105 0.611816 0.054688 0.612793 0.048828 0.616211 0.044434 0.623047 0.042480 0.627441 0.045898 0.628418 0.049805 0.623047 0.056152 0.617188 0.058105
0 0.904297 0.393066 0.899414 0.393066 0.895508 0.391113 0.890137 0.381836 0.890137 0.375000 0.892090 0.370117 0.898438 0.362793 0.901367 0.362793 0.907227 0.366699 0.911621 0.372070 0.912598 0.375977 0.912598 0.383789 0.908691 0.390625 0.904297 0.393066
0 0.499023 0.993652 0.495605 0.992188 0.493652 0.984375 0.495117 0.980957 0.500000 0.980957 0.502441 0.984375 0.502441 0.989258 0.499023 0.993652
0 0.510254 0.999023 0.510254 0.997070 0.513672 0.994629 0.525391 0.994629 0.530762 0.999023
0 0.999023 0.213379 0.994629 0.210938 0.991699 0.203125 0.992676 0.191406 0.994629 0.187500 0.999023 0.185059
0 0.794922 0.294434 0.789062 0.293457 0.786621 0.291016 0.786621 0.286133 0.791016 0.282715 0.796875 0.282715 0.799316 0.286133 0.799316 0.291016 0.794922 0.294434
0 0.434570 0.367676 0.430176 0.364258 0.430176 0.347656 0.434570 0.342285 0.436523 0.342285 0.439453 0.345215 0.445312 0.345215 0.446777 0.346680 0.446777 0.355469 0.444824 0.359375 0.434570 0.367676
0 0.589844 0.549316 0.583984 0.548340 0.581543 0.545898 0.580566 0.541992 0.583984 0.537598 0.587891 0.535645 0.592773 0.535645 0.596191 0.539062 0.597168 0.542969 0.594727 0.547363 0.589844 0.549316
0 0.760742 0.402832 0.756836 0.401855 0.753418 0.396484 0.752441 0.392578 0.754883 0.390137 0.757812 0.390137 0.763184 0.396484 0.763184 0.400391 0.760742 0.402832
0 0.541016 0.951660 0.534180 0.951660 0.531738 0.949219 0.530762 0.941406 0.533203 0.938965 0.540039 0.937988 0.545410 0.941406 0.545410 0.947266 0.541016 0.951660
0 0.846680 0.448730 0.833008 0.445801 0.830566 0.443359 0.832520 0.438477 0.842773 0.433105 0.853516 0.433105 0.854980 0.437500 0.846680 0.448730
0 0.350586 0.787598 0.346680 0.787598 0.344238 0.783203 0.348633 0.777832 0.356445 0.775879 0.357910 0.777344 0.357910 0.782227 0.350586 0.787598
0 0.372070 0.727051 0.366211 0.726074 0.357910 0.717773 0.354980 0.709961 0.356445 0.705566 0.371094 0.708496 0.377441 0.708008 0.376465 0.718750 0.372070 0.727051
0 0.178711 0.680176 0.174316 0.679688 0.172363 0.675781 0.173828 0.672363 0.180664 0.672363 0.182129 0.673828 0.182129 0.677734 0.178711 0.680176
0 0.535156 0.757324 0.528320 0.756348 0.526855 0.754883 0.526855 0.750977 0.530273 0.748535 0.536133 0.748535 0.537598 0.750000 0.537598 0.754883 0.535156 0.757324
0 0.078125 0.620605 0.069336 0.620605 0.065918 0.617188 0.065918 0.610352 0.067871 0.605469 0.077148 0.598145 0.082031 0.601074 0.085449 0.606445 0.085449 0.612305 0.083496 0.616211 0.078125 0.620605
0 0.206055 0.257324 0.201172 0.257324 0.195801 0.254883 0.194824 0.241211 0.201172 0.231934 0.209961 0.229980 0.217285 0.235352 0.219238 0.242188 0.206055 0.257324
0 0.633789 0.353027 0.622070 0.348145 0.618652 0.343750 0.626953 0.337402 0.634766 0.338379 0.641113 0.344727 0.641113 0.348633 0.633789 0.353027
0 0.592773 0.096191 0.583008 0.094238 0.576660 0.087891 0.576660 0.081055 0.581055 0.076660 0.587891 0.076660 0.596191 0.083984 0.597168 0.091797 0.592773 0.096191
0 0.235352 0.260254 0.233398 0.260254 0.227539 0.253418 0.220703 0.253418 0.210938 0.258301 0.209473 0.256836 0.209473 0.252930 0.219727 0.241699 0.228516 0.241699 0.232910 0.245117 0.236816 0.250977 0.236816 0.258789 0.235352 0.260254
0 0.256836 0.422363 0.248047 0.422363 0.242188 0.419434 0.233887 0.412109 0.233887 0.406250 0.238281 0.400879 0.252930 0.399902 0.258301 0.402344 0.257324 0.412109 0.260254 0.416016 0.260254 0.419922 0.256836 0.422363
0 0.238281 0.674316 0.231445 0.674316 0.229004 0.671875 0.227051 0.666016 0.228027 0.661133 0.234375 0.656738 0.239258 0.657715 0.243652 0.662109 0.242676 0.669922 0.238281 0.674316
