0 0.887500 0.884766 0.873437 0.878906 0.878125 0.865234 0.892188 0.871094 0.887500 0.884766
0 0.771875 0.556641 0.756250 0.556641 0.742188 0.539062 0.742188 0.527344 0.729688 0.511719 0.729688 0.500000 0.740625 0.474609 0.750000 0.474609 0.784375 0.455078 0.804688 0.484375 0.804688 0.507812 0.771875 0.556641
0 0.351562 0.000000 0.351562 0.011719 0.343750 0.021484 0.325000 0.021484 0.309375 0.033203 0.295312 0.023438 0.292187 0.000000
0 0.640625 0.138672 0.618750 0.134766 0.593750 0.099609 0.556250 0.087891 0.542188 0.066406 0.539062 0.039062 0.559375 0.021484 0.603125 0.013672 0.615625 0.017578 0.646875 0.052734 0.662500 0.052734 0.673438 0.066406 0.673438 0.105469 0.650000 0.134766 0.640625 0.138672
0 0.237500 0.291016 0.200000 0.291016 0.185938 0.277344 0.182812 0.242188 0.185938 0.230469 0.203125 0.208984 0.221875 0.208984 0.248438 0.234375 0.251563 0.269531 0.237500 0.291016
0 0.840625 0.447266 0.809375 0.447266 0.798438 0.433594 0.801562 0.406250 0.792188 0.394531 0.792188 0.378906 0.831250 0.337891 0.842187 0.343750 0.842187 0.355469 0.854688 0.382812 0.854688 0.425781 0.840625 0.447266
0 0.743750 0.248047 0.706250 0.236328 0.682813 0.203125 0.692187 0.167969 0.721875 0.138672 0.743750 0.138672 0.767188 0.183594 0.767188 0.199219 0.743750 0.248047
0 0.193750 0.119141 0.179688 0.105469 0.182812 0.046875 0.176563 0.039062 0.176563 0.023438 0.184375 0.013672 0.206250 0.013672 0.231250 0.029297 0.242188 0.046875 0.242188 0.105469 0.234375 0.115234 0.203125 0.111328 0.193750 0.119141
0 0.393750 0.154297 0.381250 0.154297 0.362500 0.142578 0.348438 0.121094 0.354687 0.089844 0.368750 0.072266 0.387500 0.072266 0.410938 0.093750 0.410938 0.132812 0.393750 0.154297
0 0.835938 0.996094 0.823438 0.957031 0.823438 0.906250 0.826562 0.894531 0.843750 0.876953 0.856250 0.876953 0.875000 0.888672 0.892188 0.921875 0.898438 0.957031 0.889062 0.996094
0 0.371875 0.462891 0.362500 0.462891 0.348438 0.449219 0.345313 0.417969 0.339062 0.406250 0.339062 0.378906 0.353125 0.349609 0.393750 0.345703 0.418750 0.333984 0.425000 0.341797 0.450000 0.345703 0.479687 0.375000 0.482812 0.406250 0.471875 0.419922 0.440625 0.427734 0.400000 0.451172 0.378125 0.455078 0.371875 0.462891
0 0.098437 0.000000 0.092188 0.031250 0.068750 0.064453 0.043750 0.060547 0.029687 0.046875 0.020313 0.023438 0.026562 0.000000
0 0.996875 0.439453 0.979688 0.425781 0.964063 0.394531 0.964063 0.371094 0.996875 0.345703
0 0.465625 0.228516 0.437500 0.228516 0.418750 0.216797 0.414062 0.210938 0.414062 0.179688 0.421875 0.169922 0.456250 0.169922 0.465625 0.181641 0.481250 0.185547 0.485938 0.210938 0.478125 0.224609 0.465625 0.228516
0 0.762500 0.400391 0.740625 0.400391 0.726562 0.382812 0.720313 0.343750 0.726562 0.316406 0.739062 0.300781 0.739062 0.292969 0.753125 0.279297 0.765625 0.279297 0.776563 0.292969 0.773438 0.328125 0.781250 0.337891 0.790625 0.330078 0.803125 0.330078 0.814063 0.351562 0.778125 0.396484 0.762500 0.400391
0 0.868750 0.236328 0.857812 0.230469 0.857812 0.214844 0.893750 0.162109 0.903125 0.162109 0.898438 0.203125 0.868750 0.236328
0 0.179688 0.000000 0.168750 0.017578 0.146875 0.017578 0.139063 0.000000
0 0.309375 0.212891 0.278125 0.205078 0.260937 0.183594 0.257812 0.171875 0.257812 0.125000 0.293750 0.099609 0.321875 0.103516 0.339062 0.125000 0.335938 0.187500 0.318750 0.208984 0.309375 0.212891
0 0.484375 0.185547 0.465625 0.181641 0.456250 0.169922 0.421875 0.169922 0.417187 0.164062 0.417187 0.148438 0.440625 0.119141 0.471875 0.119141 0.495312 0.148438 0.495312 0.164062 0.484375 0.185547
0 0.825000 0.548828 0.812500 0.548828 0.789062 0.535156 0.804688 0.507812 0.804688 0.488281 0.821875 0.474609 0.840625 0.474609 0.850000 0.458984 0.862500 0.455078 0.885938 0.503906 0.859375 0.537109 0.825000 0.548828
0 0.996875 0.759766 0.973437 0.808594 0.934375 0.861328 0.915625 0.873047 0.900000 0.873047 0.884375 0.865234 0.873437 0.851562 0.870313 0.820312 0.851562 0.800781 0.848437 0.769531 0.835938 0.746094 0.835938 0.734375 0.823438 0.722656 0.817187 0.710938 0.820312 0.699219 0.810937 0.687500 0.817187 0.671875 0.820312 0.605469 0.868750 0.560547 0.906250 0.560547 0.918750 0.576172 0.937500 0.583984 0.970313 0.617188 0.970313 0.625000 0.985938 0.640625 0.996875 0.669922
0 0.000000 0.205078 0.009375 0.201172 0.031250 0.236328 0.053125 0.240234 0.059375 0.248047 0.075000 0.248047 0.087500 0.271484 0.107813 0.289062 0.101562 0.308594 0.101562 0.332031 0.071875 0.373047 0.000000 0.373047
0 0.293750 0.529297 0.285938 0.523438 0.285938 0.507812 0.290625 0.501953 0.301563 0.507812 0.301563 0.519531 0.293750 0.529297
0 0.796875 0.044922 0.784375 0.044922 0.770312 0.023438 0.784375 0.013672 0.803125 0.013672 0.807813 0.027344 0.796875 0.044922
0 0.628125 0.646484 0.593750 0.642578 0.576562 0.625000 0.564063 0.601562 0.560937 0.570312 0.575000 0.544922 0.600000 0.544922 0.639062 0.605469 0.639062 0.621094 0.628125 0.646484
0 0.821875 0.216797 0.796875 0.208984 0.782813 0.187500 0.785937 0.148438 0.779687 0.140625 0.779687 0.101562 0.782813 0.089844 0.806250 0.068359 0.859375 0.076172 0.870313 0.085938 0.870313 0.097656 0.857812 0.121094 0.857812 0.136719 0.839063 0.164062 0.829688 0.207031 0.821875 0.216797
0 0.296875 0.333984 0.284375 0.330078 0.279687 0.316406 0.282813 0.300781 0.293750 0.287109 0.303125 0.287109 0.307812 0.300781 0.296875 0.333984
0 0.618750 0.482422 0.593750 0.478516 0.584375 0.455078 0.562500 0.451172 0.551562 0.437500 0.554688 0.398438 0.587500 0.369141 0.600000 0.349609 0.609375 0.345703 0.625000 0.345703 0.634375 0.353516 0.651563 0.382812 0.648438 0.402344 0.632812 0.421875 0.632812 0.468750 0.618750 0.482422
0 0.912500 0.353516 0.884375 0.345703 0.876563 0.335938 0.879687 0.285156 0.912500 0.259766 0.940625 0.263672 0.951562 0.277344 0.951562 0.316406 0.912500 0.353516
