0 0.156609 0.120192 0.149425 0.120192 0.140805 0.114423 0.135776 0.105769 0.134339 0.090385 0.138649 0.075000 0.145115 0.064423 0.153736 0.058654 0.162356 0.058654 0.171695 0.067308 0.174569 0.075000 0.174569 0.090385 0.168822 0.107692 0.156609 0.120192
0 0.552443 0.998077 0.549569 0.990385 0.551006 0.961538 0.558908 0.949038 0.564655 0.945192 0.574713 0.947115 0.586925 0.965385 0.594109 0.984615 0.594109 0.998077
0 0.748563 0.889423 0.738506 0.889423 0.731322 0.885577 0.719109 0.871154 0.713362 0.857692 0.713362 0.840385 0.718391 0.833654 0.735632 0.833654 0.747126 0.841346 0.755029 0.851923 0.759339 0.865385 0.759339 0.876923 0.752874 0.887500 0.748563 0.889423
0 0.564655 0.677885 0.551724 0.677885 0.547414 0.674038 0.539511 0.663462 0.535201 0.650000 0.533764 0.621154 0.535201 0.615385 0.543103 0.604808 0.553161 0.604808 0.558908 0.608654 0.569684 0.621154 0.573994 0.630769 0.576868 0.655769 0.573994 0.669231 0.564655 0.677885
0 0.073276 0.216346 0.057471 0.214423 0.043822 0.198077 0.040948 0.190385 0.040948 0.167308 0.051724 0.152885 0.064655 0.156731 0.073994 0.169231 0.081178 0.184615 0.084052 0.203846 0.079023 0.212500 0.073276 0.216346
0 0.287356 0.420192 0.275862 0.416346 0.273707 0.413462 0.273707 0.401923 0.284483 0.377885 0.291667 0.372115 0.297414 0.372115 0.302443 0.376923 0.303879 0.398077 0.298851 0.408654 0.287356 0.420192
0 0.618534 0.998077 0.619971 0.986538 0.629310 0.975962 0.642241 0.977885 0.655891 0.998077
0 0.548851 0.281731 0.541667 0.279808 0.536638 0.273077 0.533764 0.265385 0.535201 0.246154 0.544540 0.225962 0.554598 0.216346 0.566092 0.214423 0.573994 0.226923 0.572557 0.253846 0.560345 0.277885 0.548851 0.281731
0 0.392241 0.845192 0.377874 0.843269 0.368534 0.830769 0.368534 0.819231 0.379310 0.806731 0.400862 0.808654 0.408046 0.812500 0.411638 0.819231 0.411638 0.828846 0.407328 0.836538 0.392241 0.845192
0 0.340517 0.429808 0.330460 0.427885 0.321121 0.413462 0.322557 0.390385 0.334770 0.379808 0.341954 0.381731 0.349856 0.396154 0.349856 0.417308 0.340517 0.429808
0 0.613506 0.306731 0.580460 0.299038 0.573994 0.288462 0.575431 0.280769 0.579023 0.275962 0.589080 0.274038 0.593391 0.270192 0.602011 0.270192 0.616379 0.275962 0.622845 0.288462 0.622845 0.296154 0.613506 0.306731
0 0.000000 0.585577 0.009339 0.592308 0.009339 0.605769 0.000000 0.616346
0 0.553879 0.000000 0.551006 0.019231 0.538793 0.037500 0.534483 0.039423 0.525862 0.039423 0.517960 0.028846 0.515086 0.017308 0.515086 0.005769 0.517960 0.000000
0 0.306034 0.758654 0.295977 0.756731 0.291667 0.752885 0.282328 0.740385 0.280891 0.730769 0.278017 0.726923 0.278017 0.707692 0.287356 0.691346 0.297414 0.693269 0.306034 0.700962 0.313937 0.711538 0.321121 0.730769 0.322557 0.738462 0.319684 0.751923 0.314655 0.756731 0.306034 0.758654
0 0.741379 0.320192 0.727011 0.320192 0.718391 0.314423 0.713362 0.307692 0.711925 0.288462 0.715517 0.283654 0.727011 0.281731 0.737069 0.283654 0.744253 0.289423 0.747845 0.294231 0.749282 0.309615 0.741379 0.320192
0 0.602011 0.545192 0.590517 0.543269 0.578305 0.530769 0.576868 0.509615 0.583333 0.500962 0.600575 0.499038 0.613506 0.502885 0.617098 0.507692 0.617098 0.528846 0.612069 0.537500 0.602011 0.545192
0 0.926724 0.118269 0.912356 0.118269 0.907328 0.113462 0.904454 0.105769 0.905891 0.094231 0.918103 0.081731 0.933908 0.081731 0.941092 0.085577 0.946121 0.092308 0.944684 0.103846 0.926724 0.118269
0 0.788793 0.600962 0.778736 0.597115 0.769397 0.580769 0.769397 0.557692 0.777299 0.549038 0.788793 0.549038 0.798851 0.558654 0.811063 0.576923 0.811063 0.584615 0.807471 0.591346 0.800287 0.597115 0.788793 0.600962
0 0.785920 0.724038 0.778736 0.724038 0.772270 0.717308 0.766523 0.700000 0.766523 0.692308 0.774425 0.677885 0.784483 0.670192 0.794540 0.668269 0.805316 0.678846 0.805316 0.692308 0.798132 0.709615 0.785920 0.724038
0 0.772989 0.450962 0.770115 0.450962 0.763649 0.442308 0.759339 0.425000 0.765086 0.396154 0.771552 0.387500 0.778736 0.385577 0.785201 0.396154 0.786638 0.425000 0.782328 0.444231 0.778736 0.449038 0.772989 0.450962
0 0.841954 0.252885 0.830460 0.252885 0.818247 0.238462 0.811063 0.217308 0.812500 0.196154 0.817529 0.187500 0.831897 0.185577 0.839080 0.189423 0.855603 0.211538 0.858477 0.232692 0.850575 0.247115 0.846264 0.247115 0.841954 0.252885
0 0.413793 0.962500 0.403736 0.958654 0.398707 0.951923 0.398707 0.934615 0.403017 0.921154 0.415230 0.904808 0.420977 0.900962 0.431034 0.900962 0.440374 0.911538 0.441810 0.917308 0.438937 0.940385 0.426724 0.954808 0.413793 0.962500
0 0.129310 0.445192 0.120690 0.441346 0.114224 0.432692 0.111351 0.425000 0.111351 0.405769 0.114224 0.398077 0.126437 0.383654 0.136494 0.383654 0.144397 0.394231 0.145833 0.421154 0.141523 0.432692 0.133621 0.443269 0.129310 0.445192
0 0.685345 0.797115 0.676724 0.793269 0.670259 0.784615 0.667385 0.775000 0.668822 0.751923 0.671695 0.744231 0.681034 0.735577 0.686782 0.737500 0.691810 0.744231 0.697557 0.761538 0.694684 0.788462 0.685345 0.797115
