0 0.927778 0.762500 0.863889 0.748611 0.815278 0.722222 0.809722 0.708333 0.798611 0.700000 0.790278 0.672222 0.790278 0.658333 0.795833 0.647222 0.793056 0.644444 0.808333 0.623611 0.827778 0.615278 0.852778 0.615278 0.869444 0.620833 0.886111 0.629167 0.913889 0.656944 0.916667 0.654167 0.948611 0.680556 0.962500 0.708333 0.962500 0.727778 0.954167 0.744444 0.941667 0.756944 0.927778 0.762500
0 0.072222 0.215278 0.038889 0.215278 0.020833 0.202778 0.012500 0.177778 0.012500 0.130556 0.020833 0.113889 0.055556 0.070833 0.080556 0.056944 0.105556 0.056944 0.131944 0.080556 0.137500 0.122222 0.109722 0.180556 0.088889 0.204167 0.072222 0.215278
0 0.677778 0.498611 0.652778 0.495833 0.633333 0.484722 0.604167 0.458333 0.598611 0.436111 0.612500 0.408333 0.641667 0.381944 0.711111 0.365278 0.730556 0.365278 0.769444 0.387500 0.784722 0.413889 0.784722 0.425000 0.770833 0.450000 0.747222 0.462500 0.744444 0.468056 0.736111 0.468056 0.722222 0.481944 0.677778 0.498611
0 0.000000 0.468056 0.038889 0.468056 0.075000 0.481944 0.106944 0.505556 0.118056 0.519444 0.129167 0.547222 0.120833 0.583333 0.097222 0.604167 0.075000 0.606944 0.016667 0.593056 0.000000 0.593056
0 0.733333 0.340278 0.711111 0.340278 0.683333 0.323611 0.670833 0.300000 0.670833 0.283333 0.681944 0.258333 0.702778 0.237500 0.716667 0.231944 0.738889 0.201389 0.769444 0.190278 0.808333 0.190278 0.833333 0.201389 0.848611 0.216667 0.855556 0.231944 0.866667 0.229167 0.887500 0.241667 0.893056 0.252778 0.893056 0.288889 0.890278 0.297222 0.872222 0.312500 0.833333 0.315278 0.816667 0.306944 0.802778 0.306944 0.733333 0.340278
0 0.258333 0.634722 0.236111 0.634722 0.222222 0.629167 0.195833 0.600000 0.184722 0.566667 0.184722 0.525000 0.198611 0.491667 0.222222 0.473611 0.244444 0.468056 0.258333 0.470833 0.269444 0.481944 0.272222 0.479167 0.288889 0.490278 0.301389 0.508333 0.301389 0.522222 0.306944 0.527778 0.301389 0.594444 0.293056 0.611111 0.277778 0.626389 0.258333 0.634722
0 0.698611 0.000000 0.704167 0.016667 0.701389 0.055556 0.677778 0.087500 0.658333 0.093056 0.630556 0.093056 0.611111 0.087500 0.586111 0.070833 0.572222 0.068056 0.566667 0.059722 0.530556 0.043056 0.512500 0.025000 0.498611 0.000000
0 0.173611 0.997222 0.179167 0.983333 0.200000 0.959722 0.233333 0.940278 0.244444 0.940278 0.275000 0.954167 0.302778 0.954167 0.305556 0.959722 0.319444 0.962500 0.340278 0.980556 0.345833 0.997222
0 0.000000 0.670833 0.027778 0.668056 0.091667 0.679167 0.119444 0.693056 0.134722 0.708333 0.143056 0.727778 0.143056 0.738889 0.131944 0.763889 0.102778 0.784722 0.075000 0.793056 0.027778 0.793056 0.000000 0.787500
0 0.365278 0.000000 0.365278 0.022222 0.356944 0.027778 0.359722 0.036111 0.351389 0.044444 0.345833 0.061111 0.333333 0.073611 0.325000 0.073611 0.288889 0.106944 0.269444 0.109722 0.263889 0.109722 0.261111 0.104167 0.252778 0.106944 0.231944 0.080556 0.231944 0.000000
0 0.486111 0.348611 0.458333 0.340278 0.429167 0.319444 0.406944 0.291667 0.406944 0.283333 0.395833 0.275000 0.376389 0.230556 0.376389 0.166667 0.388889 0.151389 0.422222 0.134722 0.447222 0.134722 0.479167 0.161111 0.487500 0.172222 0.487500 0.180556 0.498611 0.202778 0.501389 0.227778 0.495833 0.230556 0.509722 0.238889 0.540278 0.288889 0.540278 0.308333 0.534722 0.322222 0.519444 0.337500 0.486111 0.348611
0 0.654167 0.997222 0.659722 0.975000 0.672222 0.959722 0.730556 0.926389 0.763889 0.918056 0.786111 0.920833 0.816667 0.937500 0.843056 0.969444 0.845833 0.997222
0 0.308333 0.954167 0.266667 0.948611 0.222222 0.923611 0.209722 0.905556 0.204167 0.888889 0.204167 0.850000 0.218056 0.822222 0.238889 0.806944 0.269444 0.804167 0.305556 0.818056 0.337500 0.861111 0.345833 0.891667 0.345833 0.925000 0.333333 0.943056 0.308333 0.954167
0 0.454167 0.997222 0.445833 0.963889 0.448611 0.944444 0.468056 0.897222 0.486111 0.879167 0.522222 0.862500 0.544444 0.870833 0.562500 0.888889 0.562500 0.894444 0.579167 0.916667 0.579167 0.947222 0.569444 0.959722 0.562500 0.961111 0.576389 0.986111 0.576389 0.997222
0 0.591667 0.104167 0.576389 0.100000 0.577778 0.084722 0.590278 0.088889 0.591667 0.104167
0 0.155556 0.323611 0.125000 0.320833 0.122222 0.312500 0.100000 0.306944 0.081944 0.283333 0.084722 0.236111 0.101389 0.211111 0.125000 0.190278 0.175000 0.193056 0.177778 0.198611 0.202778 0.206944 0.226389 0.233333 0.223611 0.266667 0.206944 0.294444 0.191667 0.309722 0.155556 0.323611
0 0.997222 0.951389 0.986111 0.951389 0.975000 0.962500 0.933333 0.981944 0.869444 0.979167 0.845833 0.961111 0.851389 0.930556 0.863889 0.909722 0.880556 0.901389 0.908333 0.895833 0.941667 0.873611 0.952778 0.876389 0.955556 0.870833 0.980556 0.856944 0.997222 0.859722
0 0.550000 0.745833 0.519444 0.740278 0.511111 0.729167 0.498611 0.722222 0.484722 0.680556 0.484722 0.638889 0.509722 0.588889 0.533333 0.568056 0.544444 0.562500 0.586111 0.562500 0.600000 0.570833 0.620833 0.594444 0.626389 0.613889 0.626389 0.666667 0.618056 0.691667 0.598611 0.725000 0.586111 0.734722 0.550000 0.745833
0 0.836111 0.912500 0.819444 0.912500 0.816667 0.906944 0.813889 0.909722 0.811111 0.904167 0.802778 0.904167 0.794444 0.895833 0.791667 0.898611 0.781944 0.891667 0.776389 0.883333 0.776389 0.866667 0.784722 0.852778 0.791667 0.854167 0.813889 0.834722 0.836111 0.806944 0.877778 0.784722 0.908333 0.781944 0.913889 0.787500 0.930556 0.790278 0.959722 0.830556 0.956944 0.855556 0.927778 0.881944 0.902778 0.895833 0.836111 0.912500
0 0.879167 0.000000 0.894444 0.006944 0.904167 0.016667 0.906944 0.027778 0.915278 0.033333 0.931944 0.077778 0.931944 0.102778 0.923611 0.125000 0.911111 0.140278 0.883333 0.151389 0.833333 0.154167 0.808333 0.151389 0.777778 0.140278 0.754167 0.116667 0.740278 0.072222 0.743056 0.019444 0.754167 0.000000
