0 0.722656 0.326172 0.691406 0.326172 0.679688 0.318359 0.669922 0.304688 0.669922 0.289062 0.683594 0.279297 0.707031 0.275391 0.734375 0.279297 0.748047 0.300781 0.722656 0.326172
0 0.337891 0.996094 0.347656 0.986328 0.363281 0.986328 0.384766 0.996094
0 0.472656 0.474609 0.449219 0.470703 0.435547 0.457031 0.435547 0.445312 0.453125 0.427734 0.488281 0.431641 0.501953 0.445312 0.494141 0.464844 0.472656 0.474609
0 0.539062 0.802734 0.511719 0.802734 0.498047 0.789062 0.498047 0.773438 0.515625 0.759766 0.546875 0.759766 0.560547 0.781250 0.539062 0.802734
0 0.484375 0.076172 0.468750 0.076172 0.462891 0.070312 0.462891 0.054688 0.468750 0.048828 0.486328 0.050781 0.484375 0.076172
0 0.296875 0.349609 0.269531 0.349609 0.259766 0.339844 0.259766 0.328125 0.273438 0.318359 0.292969 0.322266 0.302734 0.332031 0.296875 0.349609
0 0.191406 0.826172 0.171875 0.826172 0.166016 0.820312 0.166016 0.796875 0.171875 0.791016 0.197266 0.796875 0.197266 0.820312 0.191406 0.826172
0 0.117188 0.693359 0.080078 0.687500 0.080078 0.667969 0.087891 0.656250 0.101562 0.642578 0.121094 0.634766 0.152344 0.642578 0.158203 0.648438 0.158203 0.664062 0.150391 0.675781 0.136719 0.689453 0.117188 0.693359
0 0.496094 0.958984 0.449219 0.955078 0.451172 0.925781 0.468750 0.912109 0.503906 0.916016 0.513672 0.925781 0.517578 0.941406 0.507812 0.955078 0.496094 0.958984
0 0.125000 0.326172 0.113281 0.326172 0.087891 0.308594 0.087891 0.292969 0.097656 0.279297 0.109375 0.279297 0.138672 0.296875 0.138672 0.316406 0.125000 0.326172
0 0.277344 0.564453 0.242188 0.564453 0.228516 0.550781 0.232422 0.535156 0.246094 0.525391 0.281250 0.529297 0.291016 0.539062 0.291016 0.550781 0.277344 0.564453
