0 0.178125 0.298828 0.167187 0.292969 0.167187 0.273438 0.171875 0.267578 0.184375 0.267578 0.201563 0.281250 0.196875 0.291016 0.178125 0.298828
0 0.000000 0.767578 0.004687 0.761719 0.004687 0.738281 0.021875 0.728516 0.029687 0.746094 0.029687 0.792969 0.001563 0.820312 0.000000 0.869141
0 0.640625 0.193359 0.612500 0.185547 0.607812 0.167969 0.615625 0.158203 0.628125 0.158203 0.639062 0.144531 0.639062 0.125000 0.653125 0.119141 0.657813 0.132812 0.642188 0.152344 0.657813 0.171875 0.657813 0.179688 0.640625 0.193359
0 0.334375 0.263672 0.296875 0.259766 0.273438 0.222656 0.276562 0.203125 0.287500 0.197266 0.312500 0.224609 0.343750 0.220703 0.354687 0.234375 0.354687 0.246094 0.334375 0.263672
0 0.234375 0.208984 0.217188 0.199219 0.221875 0.185547 0.228125 0.185547 0.239063 0.199219 0.234375 0.208984
0 0.225000 0.701172 0.209375 0.701172 0.171875 0.673828 0.154688 0.644531 0.154688 0.625000 0.168750 0.615234 0.203125 0.630859 0.220312 0.652344 0.232813 0.687500 0.225000 0.701172
0 0.146875 0.154297 0.117188 0.125000 0.117188 0.105469 0.131250 0.083984 0.162500 0.091797 0.176563 0.113281 0.176563 0.140625 0.165625 0.150391 0.146875 0.154297
0 0.968750 0.705078 0.937500 0.705078 0.932813 0.687500 0.920312 0.683594 0.917188 0.664062 0.968750 0.662109 0.982812 0.675781 0.982812 0.691406 0.968750 0.705078
0 0.906250 0.283203 0.853125 0.279297 0.834375 0.263672 0.784375 0.240234 0.773438 0.218750 0.781250 0.208984 0.803125 0.208984 0.862500 0.236328 0.890625 0.236328 0.914062 0.261719 0.906250 0.283203
0 0.703125 0.294922 0.678125 0.294922 0.667188 0.277344 0.660937 0.246094 0.671875 0.232422 0.687500 0.228516 0.707812 0.257812 0.710938 0.285156 0.703125 0.294922
0 0.996875 0.185547 0.987500 0.185547 0.946875 0.138672 0.934375 0.138672 0.926562 0.121094 0.934375 0.107422 0.940625 0.107422 0.984375 0.119141 0.996875 0.130859
0 0.996875 0.044922 0.956250 0.037109 0.942187 0.023438 0.942187 0.011719 0.946875 0.005859 0.990625 0.005859 0.996875 0.013672
0 0.281250 0.740234 0.256250 0.740234 0.242188 0.726562 0.242188 0.667969 0.246875 0.662109 0.285938 0.675781 0.292187 0.691406 0.292187 0.730469 0.281250 0.740234
0 0.481250 0.494141 0.434375 0.482422 0.423438 0.468750 0.423438 0.457031 0.426563 0.441406 0.471875 0.388672 0.487500 0.384766 0.507812 0.421875 0.507812 0.460938 0.481250 0.494141
0 0.693750 0.404297 0.665625 0.404297 0.654687 0.394531 0.648438 0.371094 0.659375 0.349609 0.678125 0.349609 0.706250 0.361328 0.714063 0.371094 0.714063 0.382812 0.693750 0.404297
0 0.525000 0.958984 0.506250 0.958984 0.493750 0.943359 0.476562 0.933594 0.476562 0.914062 0.485938 0.906250 0.490625 0.892578 0.531250 0.896484 0.545312 0.910156 0.545312 0.945312 0.525000 0.958984
0 0.662500 0.294922 0.637500 0.294922 0.618750 0.283203 0.604688 0.265625 0.604688 0.253906 0.612500 0.244141 0.640625 0.248047 0.667188 0.273438 0.667188 0.289062 0.662500 0.294922
0 0.996875 0.783203 0.979688 0.765625 0.982812 0.734375 0.996875 0.724609
0 0.240625 0.333984 0.228125 0.333984 0.223438 0.328125 0.226562 0.296875 0.237500 0.279297 0.262500 0.287109 0.270313 0.296875 0.270313 0.308594 0.240625 0.333984
0 0.996875 0.669922 0.978125 0.669922 0.954688 0.644531 0.962500 0.619141 0.996875 0.615234
0 0.790625 0.119141 0.771875 0.115234 0.764062 0.101562 0.768750 0.095703 0.787500 0.095703 0.795312 0.109375 0.790625 0.119141
0 0.093750 0.732422 0.065625 0.728516 0.039062 0.714844 0.071875 0.658203 0.103125 0.658203 0.129688 0.679688 0.129688 0.703125 0.115625 0.720703 0.093750 0.732422
0 0.584375 0.947266 0.545312 0.945312 0.543750 0.888672 0.584375 0.884766 0.598437 0.894531 0.601562 0.921875 0.598437 0.933594 0.584375 0.947266
0 0.225000 0.177734 0.190625 0.169922 0.179688 0.152344 0.182812 0.121094 0.203125 0.087891 0.225000 0.091797 0.242188 0.113281 0.242188 0.148438 0.225000 0.177734
0 0.589063 0.000000 0.589063 0.011719 0.570312 0.042969 0.567187 0.062500 0.546875 0.064453 0.542188 0.058594 0.542188 0.042969 0.548438 0.031250 0.548438 0.007812 0.554688 0.000000
0 0.584375 0.294922 0.568750 0.294922 0.543750 0.279297 0.539062 0.273438 0.542188 0.250000 0.556250 0.240234 0.596875 0.244141 0.601562 0.250000 0.601562 0.273438 0.584375 0.294922
0 0.425000 0.072266 0.396875 0.068359 0.385937 0.054688 0.373437 0.023438 0.373437 0.007812 0.378125 0.001953 0.412500 0.001953 0.442188 0.031250 0.439063 0.054688 0.425000 0.072266
0 0.065625 0.267578 0.034375 0.267578 0.029687 0.261719 0.029687 0.234375 0.050000 0.205078 0.075000 0.212891 0.085938 0.226562 0.085938 0.238281 0.065625 0.267578
0 0.018750 0.611328 0.004687 0.605469 0.004687 0.582031 0.009375 0.576172 0.021875 0.576172 0.029687 0.585938 0.026562 0.601562 0.018750 0.611328
0 0.587500 0.068359 0.571875 0.068359 0.567187 0.062500 0.570312 0.050781 0.596875 0.017578 0.615625 0.017578 0.626563 0.035156 0.587500 0.068359
0 0.532813 0.000000 0.528125 0.013672 0.496875 0.013672 0.492188 0.000000
0 0.575000 0.154297 0.559375 0.154297 0.542188 0.136719 0.542188 0.128906 0.606250 0.076172 0.628125 0.068359 0.632812 0.078125 0.614062 0.101562 0.598437 0.132812 0.575000 0.154297
0 0.746875 0.244141 0.718750 0.240234 0.707812 0.222656 0.710938 0.207031 0.715625 0.201172 0.771875 0.201172 0.779687 0.210938 0.773438 0.222656 0.746875 0.244141
0 0.906250 0.669922 0.895312 0.664062 0.889062 0.632812 0.906250 0.619141 0.940625 0.619141 0.945312 0.625000 0.945312 0.648438 0.931250 0.662109 0.912500 0.662109 0.906250 0.669922
0 0.625000 0.427734 0.596875 0.416016 0.576562 0.390625 0.573438 0.363281 0.587500 0.341797 0.609375 0.341797 0.635938 0.367188 0.642188 0.414062 0.625000 0.427734
0 0.565625 0.392578 0.537500 0.392578 0.520312 0.378906 0.504687 0.343750 0.504687 0.300781 0.509375 0.294922 0.553125 0.294922 0.592187 0.328125 0.587500 0.341797 0.576562 0.347656 0.573438 0.382812 0.565625 0.392578
0 0.375000 0.060547 0.359375 0.060547 0.354687 0.054688 0.342187 0.019531 0.346875 0.005859 0.365625 0.005859 0.370312 0.011719 0.370312 0.035156 0.379688 0.050781 0.375000 0.060547
0 0.868750 0.755859 0.837500 0.751953 0.823438 0.730469 0.823438 0.710938 0.831250 0.701172 0.850000 0.701172 0.853125 0.693359 0.878125 0.693359 0.895312 0.710938 0.895312 0.722656 0.882812 0.738281 0.882812 0.746094 0.868750 0.755859
0 0.118750 0.193359 0.084375 0.189453 0.073438 0.171875 0.073438 0.148438 0.081250 0.138672 0.121875 0.146484 0.126562 0.152344 0.126562 0.183594 0.118750 0.193359
0 0.043750 0.205078 0.006250 0.197266 0.001563 0.191406 0.001563 0.160156 0.009375 0.154297 0.021875 0.166016 0.037500 0.169922 0.048438 0.187500 0.043750 0.205078
0 0.000000 0.646484 0.009375 0.634766 0.034375 0.634766 0.053125 0.642578 0.064062 0.656250 0.064062 0.675781 0.037500 0.716797 0.015625 0.716797 0.000000 0.705078
0 0.946875 0.095703 0.909375 0.091797 0.898438 0.082031 0.898438 0.074219 0.906250 0.064453 0.937500 0.068359 0.951562 0.082031 0.946875 0.095703
0 0.850000 0.701172 0.825000 0.697266 0.823438 0.683594 0.831250 0.673828 0.871875 0.666016 0.876563 0.675781 0.873437 0.687500 0.853125 0.693359 0.850000 0.701172
0 0.996875 0.091797 0.990625 0.091797 0.960938 0.062500 0.965625 0.052734 0.996875 0.056641
0 0.393750 0.888672 0.368750 0.888672 0.357812 0.878906 0.348438 0.851562 0.348438 0.820312 0.359375 0.806641 0.384375 0.818359 0.401562 0.839844 0.407813 0.863281 0.393750 0.888672
0 0.900000 0.591797 0.862500 0.587891 0.854688 0.578125 0.854688 0.566406 0.871875 0.548828 0.903125 0.548828 0.923438 0.574219 0.900000 0.591797
0 0.340625 0.955078 0.328125 0.955078 0.304688 0.929688 0.304688 0.894531 0.312500 0.884766 0.334375 0.884766 0.350000 0.892578 0.364063 0.910156 0.364063 0.937500 0.340625 0.955078
0 0.728125 0.505859 0.700000 0.505859 0.687500 0.498047 0.682813 0.492188 0.685937 0.464844 0.700000 0.451172 0.746875 0.455078 0.754687 0.464844 0.754687 0.476562 0.728125 0.505859
0 0.943750 0.865234 0.918750 0.865234 0.909375 0.857422 0.896875 0.857422 0.887500 0.841797 0.870313 0.828125 0.870313 0.800781 0.890625 0.783203 0.928125 0.787109 0.932813 0.792969 0.932813 0.820312 0.951562 0.847656 0.943750 0.865234
0 0.389062 0.996094 0.401562 0.957031 0.415625 0.939453 0.434375 0.935547 0.439063 0.949219 0.432812 0.980469 0.414062 0.996094
0 0.900000 0.158203 0.878125 0.154297 0.856250 0.138672 0.846875 0.138672 0.839063 0.128906 0.839063 0.117188 0.843750 0.111328 0.859375 0.111328 0.884375 0.119141 0.901563 0.140625 0.904687 0.152344 0.900000 0.158203
0 0.453125 0.880859 0.434375 0.880859 0.417187 0.867188 0.410938 0.847656 0.410938 0.824219 0.425000 0.802734 0.462500 0.810547 0.490625 0.822266 0.498437 0.832031 0.498437 0.839844 0.471875 0.873047 0.453125 0.880859
0 0.000000 0.310547 0.014063 0.316406 0.010937 0.328125 0.000000 0.333984
0 0.246875 0.271484 0.226562 0.261719 0.223438 0.230469 0.231250 0.220703 0.262500 0.220703 0.279687 0.238281 0.275000 0.251953 0.246875 0.271484
0 0.337500 0.544922 0.290625 0.541016 0.271875 0.521484 0.256250 0.517578 0.239063 0.500000 0.248438 0.464844 0.256250 0.455078 0.290625 0.458984 0.303125 0.462891 0.325000 0.482422 0.342187 0.500000 0.348438 0.523438 0.348438 0.531250 0.337500 0.544922
0 0.148438 0.000000 0.154688 0.007812 0.154688 0.023438 0.140625 0.044922 0.131250 0.048828 0.115625 0.048828 0.101562 0.035156 0.101562 0.015625 0.107813 0.000000
0 0.823438 0.996094 0.814063 0.984375 0.814063 0.964844 0.825000 0.958984 0.859375 0.958984 0.910937 0.996094
0 0.470313 0.000000 0.482812 0.019531 0.482812 0.035156 0.468750 0.056641 0.453125 0.056641 0.442188 0.046875 0.442188 0.023438 0.426563 0.000000
0 0.043750 0.517578 0.009375 0.517578 0.004687 0.511719 0.007812 0.464844 0.037500 0.435547 0.068750 0.423828 0.106250 0.427734 0.114062 0.437500 0.110937 0.460938 0.096875 0.470703 0.062500 0.474609 0.054688 0.484375 0.057813 0.500000 0.043750 0.517578
0 0.045312 0.996094 0.042188 0.976562 0.050000 0.966797 0.065625 0.955078 0.096875 0.947266 0.107813 0.964844 0.076563 0.996094
0 0.150000 0.810547 0.125000 0.810547 0.112500 0.802734 0.098437 0.781250 0.092188 0.753906 0.100000 0.744141 0.140625 0.748047 0.157812 0.773438 0.157812 0.800781 0.150000 0.810547
0 0.034375 0.556641 0.009375 0.556641 0.004687 0.542969 0.028125 0.521484 0.043750 0.521484 0.048438 0.527344 0.048438 0.542969 0.034375 0.556641
0 0.409375 0.154297 0.393750 0.154297 0.385937 0.144531 0.385937 0.093750 0.393750 0.083984 0.425000 0.087891 0.439063 0.105469 0.439063 0.117188 0.429688 0.136719 0.409375 0.154297
0 0.290625 0.908203 0.281250 0.908203 0.264062 0.878906 0.260937 0.847656 0.268750 0.833984 0.287500 0.837891 0.310937 0.867188 0.310937 0.886719 0.303125 0.900391 0.290625 0.908203
0 0.528125 0.544922 0.493750 0.544922 0.479687 0.527344 0.476562 0.500000 0.493750 0.482422 0.515625 0.486328 0.532813 0.515625 0.532813 0.539062 0.528125 0.544922
0 0.981250 0.962891 0.921875 0.931641 0.914062 0.914062 0.914062 0.890625 0.925000 0.880859 0.946875 0.880859 0.968750 0.896484 0.982812 0.921875 0.985938 0.957031 0.981250 0.962891
0 0.234375 0.986328 0.212500 0.986328 0.195312 0.964844 0.195312 0.953125 0.206250 0.935547 0.221875 0.935547 0.235937 0.953125 0.239063 0.980469 0.234375 0.986328
0 0.300000 0.087891 0.278125 0.083984 0.254688 0.070312 0.254688 0.031250 0.259375 0.025391 0.303125 0.021484 0.314063 0.035156 0.310937 0.074219 0.300000 0.087891
0 0.429688 0.996094 0.435937 0.953125 0.445312 0.929688 0.475000 0.927734 0.478125 0.935547 0.510938 0.960938 0.510938 0.992188 0.481250 0.990234 0.467187 0.996094
0 0.540625 0.669922 0.493750 0.666016 0.450000 0.634766 0.420312 0.601562 0.414062 0.582031 0.418750 0.576172 0.443750 0.576172 0.456250 0.591797 0.468750 0.595703 0.496875 0.634766 0.537500 0.646484 0.545312 0.656250 0.540625 0.669922
0 0.981250 0.224609 0.956250 0.220703 0.935937 0.195312 0.920312 0.164062 0.920312 0.144531 0.925000 0.138672 0.946875 0.138672 0.989062 0.187500 0.989062 0.214844 0.981250 0.224609
0 0.621875 0.541016 0.612500 0.541016 0.595313 0.515625 0.595313 0.484375 0.603125 0.470703 0.618750 0.470703 0.632812 0.492188 0.632812 0.519531 0.621875 0.541016
0 0.653125 0.357422 0.625000 0.357422 0.607812 0.339844 0.604688 0.308594 0.612500 0.291016 0.650000 0.298828 0.670312 0.320312 0.667188 0.339844 0.653125 0.357422
0 0.090625 0.119141 0.071875 0.119141 0.064062 0.109375 0.060937 0.074219 0.068750 0.060547 0.078125 0.060547 0.090625 0.048828 0.106250 0.048828 0.129688 0.066406 0.129688 0.085938 0.115625 0.107422 0.090625 0.119141
0 0.237500 0.076172 0.218750 0.076172 0.210938 0.066406 0.210938 0.050781 0.231250 0.013672 0.240625 0.013672 0.248438 0.023438 0.248438 0.062500 0.237500 0.076172
0 0.312500 0.462891 0.240625 0.451172 0.232813 0.429688 0.232813 0.410156 0.246875 0.396484 0.271875 0.396484 0.278125 0.404297 0.290625 0.404297 0.314063 0.429688 0.317188 0.457031 0.312500 0.462891
0 0.606250 0.619141 0.587500 0.615234 0.576562 0.597656 0.576562 0.578125 0.584375 0.560547 0.600000 0.560547 0.620313 0.585938 0.614062 0.609375 0.606250 0.619141
0 0.156250 0.701172 0.143750 0.701172 0.132812 0.687500 0.132812 0.675781 0.104688 0.652344 0.101562 0.625000 0.109375 0.615234 0.137500 0.603516 0.146875 0.603516 0.154688 0.613281 0.154688 0.652344 0.167187 0.667969 0.167187 0.687500 0.156250 0.701172
0 0.631250 0.240234 0.606250 0.240234 0.581250 0.228516 0.573438 0.210938 0.581250 0.201172 0.606250 0.201172 0.635938 0.222656 0.631250 0.240234
0 0.062500 0.794922 0.050000 0.794922 0.035937 0.781250 0.035937 0.757812 0.050000 0.736328 0.071875 0.740234 0.076563 0.746094 0.076563 0.781250 0.062500 0.794922
0 0.093750 0.404297 0.081250 0.404297 0.067187 0.390625 0.067187 0.375000 0.084375 0.357422 0.104688 0.375000 0.104688 0.390625 0.093750 0.404297
0 0.943750 0.271484 0.915625 0.271484 0.914062 0.253906 0.925000 0.240234 0.940625 0.240234 0.948438 0.250000 0.948438 0.265625 0.943750 0.271484
0 0.334375 0.771484 0.317188 0.757812 0.307812 0.734375 0.292187 0.714844 0.292187 0.703125 0.300000 0.693359 0.325000 0.697266 0.345313 0.714844 0.348438 0.746094 0.334375 0.771484
0 0.412500 0.556641 0.390625 0.556641 0.364063 0.527344 0.364063 0.500000 0.375000 0.486328 0.406250 0.482422 0.435937 0.507812 0.435937 0.539062 0.412500 0.556641
0 0.287500 0.673828 0.278125 0.673828 0.265625 0.658203 0.234375 0.654297 0.207813 0.617188 0.225000 0.603516 0.253125 0.599609 0.300000 0.619141 0.307812 0.632812 0.307812 0.644531 0.304688 0.656250 0.287500 0.673828
0 0.425000 0.201172 0.409375 0.201172 0.404687 0.187500 0.407813 0.175781 0.443750 0.130859 0.481250 0.107422 0.487500 0.107422 0.501563 0.125000 0.501563 0.140625 0.490625 0.154297 0.425000 0.201172
0 0.184375 0.927734 0.165625 0.923828 0.151562 0.906250 0.145313 0.890625 0.145313 0.871094 0.150000 0.865234 0.171875 0.865234 0.198437 0.898438 0.198437 0.914062 0.184375 0.927734
0 0.325000 0.154297 0.309375 0.154297 0.304688 0.148438 0.295312 0.128906 0.295312 0.113281 0.300000 0.107422 0.334375 0.103516 0.345313 0.113281 0.342187 0.136719 0.325000 0.154297
0 0.910937 0.996094 0.887500 0.982422 0.867188 0.960938 0.867188 0.941406 0.875000 0.931641 0.887500 0.931641 0.921875 0.947266 0.970313 0.996094
0 0.996875 0.845703 0.975000 0.845703 0.965625 0.833984 0.959375 0.833984 0.948438 0.820312 0.945312 0.789062 0.950000 0.783203 0.971875 0.779297 0.990625 0.783203 0.996875 0.791016
0 0.290625 0.021484 0.271875 0.021484 0.260937 0.007812 0.265625 0.001953 0.293750 0.001953 0.298438 0.011719 0.290625 0.021484
0 0.743750 0.369141 0.721875 0.369141 0.709375 0.361328 0.681250 0.341797 0.673438 0.332031 0.673438 0.320312 0.681250 0.310547 0.712500 0.302734 0.734375 0.314453 0.751563 0.335938 0.754687 0.347656 0.754687 0.359375 0.743750 0.369141
0 0.290625 0.837891 0.278125 0.837891 0.267188 0.828125 0.267188 0.796875 0.284375 0.767578 0.300000 0.755859 0.309375 0.755859 0.326562 0.781250 0.326562 0.796875 0.303125 0.830078 0.290625 0.837891
0 0.375000 0.154297 0.350000 0.154297 0.342187 0.144531 0.345313 0.113281 0.334375 0.103516 0.325000 0.103516 0.317188 0.085938 0.317188 0.062500 0.321875 0.056641 0.350000 0.068359 0.379688 0.097656 0.385937 0.109375 0.385937 0.140625 0.375000 0.154297
0 0.087500 0.857422 0.056250 0.853516 0.042188 0.835938 0.056250 0.818359 0.090625 0.826172 0.101562 0.843750 0.087500 0.857422
0 0.810937 0.000000 0.810937 0.031250 0.796875 0.056641 0.784375 0.056641 0.775000 0.044922 0.768750 0.044922 0.756250 0.056641 0.734375 0.056641 0.718750 0.033203 0.696875 0.029297 0.692187 0.023438 0.707812 0.000000
0 0.487500 0.775391 0.456250 0.775391 0.448437 0.769531 0.445312 0.742188 0.459375 0.720703 0.490625 0.716797 0.504687 0.726562 0.507812 0.753906 0.487500 0.775391
0 0.290625 0.595703 0.268750 0.595703 0.225000 0.572266 0.210938 0.546875 0.210938 0.519531 0.225000 0.505859 0.246875 0.505859 0.262500 0.525391 0.284375 0.533203 0.304688 0.562500 0.304688 0.582031 0.290625 0.595703
0 0.809375 0.681641 0.775000 0.681641 0.767188 0.667969 0.796875 0.654297 0.825000 0.658203 0.829688 0.664062 0.825000 0.673828 0.809375 0.681641
0 0.231250 0.822266 0.209375 0.822266 0.195312 0.812500 0.189062 0.796875 0.192188 0.773438 0.225000 0.744141 0.251563 0.757812 0.248438 0.800781 0.231250 0.822266
0 0.425000 0.693359 0.403125 0.693359 0.389062 0.683594 0.382812 0.636719 0.390625 0.626953 0.431250 0.630859 0.454688 0.656250 0.451562 0.671875 0.425000 0.693359
0 0.415625 0.791016 0.393750 0.791016 0.371875 0.775391 0.364063 0.761719 0.367188 0.726562 0.390625 0.705078 0.412500 0.705078 0.423438 0.730469 0.426563 0.777344 0.415625 0.791016
0 0.384375 0.611328 0.350000 0.607422 0.332813 0.585938 0.332813 0.566406 0.346875 0.548828 0.356250 0.548828 0.384375 0.568359 0.395313 0.585938 0.395313 0.601562 0.384375 0.611328
0 0.092188 0.000000 0.085938 0.027344 0.075000 0.041016 0.054688 0.023438 0.054688 0.007812 0.060937 0.000000
0 0.996875 0.544922 0.959375 0.541016 0.951562 0.531250 0.951562 0.519531 0.959375 0.505859 0.996875 0.509766
0 0.051562 0.000000 0.037500 0.021484 0.021875 0.017578 0.010937 0.000000
0 0.100000 0.576172 0.056250 0.576172 0.048438 0.562500 0.056250 0.552734 0.071875 0.552734 0.084375 0.537109 0.090625 0.537109 0.103125 0.544922 0.110937 0.558594 0.100000 0.576172
0 0.462500 0.927734 0.453125 0.927734 0.445312 0.917969 0.442188 0.890625 0.456250 0.876953 0.471875 0.873047 0.500000 0.837891 0.509375 0.837891 0.514062 0.843750 0.514062 0.863281 0.490625 0.884766 0.476562 0.914062 0.462500 0.927734
0 0.906250 0.236328 0.868750 0.236328 0.846875 0.212891 0.831250 0.212891 0.806250 0.201172 0.792188 0.187500 0.789062 0.175781 0.793750 0.169922 0.815625 0.166016 0.850000 0.166016 0.875000 0.173828 0.881250 0.181641 0.896875 0.185547 0.907813 0.199219 0.914062 0.226562 0.906250 0.236328
0 0.212500 0.029297 0.193750 0.025391 0.185938 0.007812 0.190625 0.001953 0.212500 0.001953 0.217188 0.007812 0.217188 0.023438 0.212500 0.029297
0 0.384375 0.701172 0.334375 0.701172 0.309375 0.685547 0.301563 0.671875 0.307812 0.636719 0.312500 0.630859 0.334375 0.630859 0.378125 0.646484 0.389062 0.660156 0.389062 0.695312 0.384375 0.701172
0 0.412500 0.462891 0.400000 0.462891 0.378125 0.447266 0.357812 0.410156 0.364063 0.359375 0.387500 0.333984 0.415625 0.333984 0.434375 0.341797 0.457813 0.378906 0.457813 0.406250 0.412500 0.462891
0 0.925000 0.720703 0.912500 0.720703 0.890625 0.708984 0.873437 0.691406 0.876563 0.675781 0.890625 0.666016 0.903125 0.666016 0.921875 0.685547 0.928125 0.685547 0.932813 0.691406 0.932813 0.707031 0.925000 0.720703
0 0.107813 0.996094 0.104688 0.988281 0.121875 0.958984 0.153125 0.955078 0.157812 0.968750 0.126562 0.996094
0 0.156250 0.548828 0.134375 0.548828 0.107813 0.523438 0.112500 0.513672 0.128125 0.513672 0.137500 0.521484 0.142187 0.511719 0.135937 0.503906 0.135937 0.492188 0.146875 0.482422 0.160938 0.500000 0.167187 0.535156 0.156250 0.548828
0 0.540625 0.611328 0.500000 0.607422 0.479687 0.582031 0.470313 0.554688 0.475000 0.548828 0.506250 0.548828 0.515625 0.556641 0.531250 0.556641 0.548438 0.582031 0.548438 0.601562 0.540625 0.611328
0 0.775000 0.283203 0.753125 0.279297 0.748437 0.261719 0.756250 0.251953 0.778125 0.251953 0.782813 0.257812 0.782813 0.273438 0.775000 0.283203
