0 0.000000 0.720192 0.005029 0.726923 0.007902 0.736538 0.005029 0.771154 0.000000 0.781731
0 0.117816 0.279808 0.110632 0.279808 0.093391 0.272115 0.084052 0.261538 0.078305 0.244231 0.078305 0.226923 0.087644 0.212500 0.109195 0.204808 0.150862 0.204808 0.162356 0.208654 0.171695 0.217308 0.176006 0.234615 0.171695 0.246154 0.165230 0.254808 0.150862 0.262500 0.135057 0.275962 0.117816 0.279808
0 0.558908 0.843269 0.544540 0.843269 0.532328 0.830769 0.525144 0.805769 0.516523 0.792308 0.516523 0.778846 0.517960 0.773077 0.537356 0.749038 0.551724 0.741346 0.568966 0.741346 0.576149 0.745192 0.586925 0.761538 0.589799 0.771154 0.589799 0.790385 0.586925 0.805769 0.578305 0.825000 0.570402 0.835577 0.558908 0.843269
0 0.571839 0.585577 0.560345 0.585577 0.540948 0.565385 0.538075 0.555769 0.538075 0.530769 0.545259 0.511538 0.558908 0.493269 0.563218 0.489423 0.576149 0.487500 0.591954 0.495192 0.604167 0.509615 0.608477 0.523077 0.609914 0.538462 0.608477 0.546154 0.586207 0.579808 0.571839 0.585577
0 0.290230 0.597115 0.278736 0.597115 0.257184 0.587500 0.251437 0.587500 0.241379 0.577885 0.226293 0.557692 0.223420 0.550000 0.221983 0.532692 0.224856 0.523077 0.235632 0.512500 0.251437 0.510577 0.270115 0.518269 0.280172 0.527885 0.284483 0.527885 0.304598 0.543269 0.313937 0.557692 0.315374 0.575000 0.300287 0.593269 0.290230 0.597115
0 0.752874 0.949038 0.739943 0.949038 0.732040 0.940385 0.730603 0.934615 0.730603 0.925000 0.740661 0.898077 0.752874 0.875962 0.758621 0.875962 0.783046 0.858654 0.791667 0.856731 0.789511 0.876923 0.782328 0.898077 0.773707 0.913462 0.772270 0.923077 0.763649 0.940385 0.752874 0.949038
0 0.778736 0.702885 0.764368 0.702885 0.757184 0.697115 0.746408 0.678846 0.742098 0.663462 0.742098 0.628846 0.744971 0.617308 0.752155 0.601923 0.764368 0.589423 0.777299 0.589423 0.783046 0.593269 0.793822 0.609615 0.798132 0.632692 0.801006 0.655769 0.798132 0.676923 0.793822 0.690385 0.778736 0.702885
0 0.000000 0.922115 0.005747 0.914423 0.018678 0.904808 0.033046 0.904808 0.048851 0.910577 0.063218 0.918269 0.072557 0.928846 0.079741 0.944231 0.079741 0.957692 0.078305 0.963462 0.068966 0.972115 0.053161 0.975962 0.031609 0.975962 0.000000 0.952885
0 0.998563 0.216346 0.997845 0.221154 0.991379 0.229808 0.981322 0.235577 0.954023 0.235577 0.943966 0.231731 0.936063 0.221154 0.934626 0.215385 0.936063 0.182692 0.955460 0.156731 0.981322 0.133654 0.998563 0.129808
0 0.000000 0.325962 0.020115 0.316346 0.040230 0.316346 0.051724 0.322115 0.056753 0.332692 0.055316 0.351923 0.049569 0.365385 0.015805 0.404808 0.000000 0.410577
0 0.079023 0.543269 0.060345 0.541346 0.049569 0.528846 0.046695 0.521154 0.048132 0.492308 0.056753 0.471154 0.070402 0.450962 0.083333 0.439423 0.100575 0.437500 0.114224 0.448077 0.117098 0.457692 0.117098 0.475000 0.108477 0.503846 0.098420 0.526923 0.090517 0.537500 0.079023 0.543269
0 0.357759 0.777885 0.334770 0.777885 0.322557 0.765385 0.319684 0.757692 0.319684 0.738462 0.333333 0.714423 0.347701 0.702885 0.362069 0.697115 0.383621 0.697115 0.400862 0.704808 0.411638 0.717308 0.414511 0.725000 0.414511 0.734615 0.409483 0.747115 0.390805 0.764423 0.373563 0.768269 0.357759 0.777885
0 0.385776 0.000000 0.385776 0.013462 0.382902 0.021154 0.375000 0.031731 0.359195 0.043269 0.344828 0.047115 0.321839 0.047115 0.306034 0.052885 0.283046 0.050962 0.275862 0.047115 0.265805 0.035577 0.263649 0.030769 0.263649 0.005769 0.266523 0.000000
0 0.672414 0.877885 0.662356 0.877885 0.655172 0.874038 0.638649 0.848077 0.632902 0.828846 0.632902 0.796154 0.635776 0.782692 0.642960 0.763462 0.652299 0.754808 0.662356 0.754808 0.670977 0.760577 0.681753 0.776923 0.687500 0.796154 0.688937 0.844231 0.683190 0.865385 0.672414 0.877885
0 0.170977 0.775962 0.129310 0.772115 0.119253 0.766346 0.098420 0.744231 0.092672 0.726923 0.094109 0.717308 0.099138 0.708654 0.110632 0.700962 0.126437 0.700962 0.147989 0.710577 0.169540 0.729808 0.181753 0.746154 0.183190 0.761538 0.176724 0.772115 0.170977 0.775962
0 0.758621 0.875962 0.751437 0.875962 0.750718 0.873077 0.753592 0.865385 0.753592 0.851923 0.760776 0.826923 0.772989 0.808654 0.780172 0.802885 0.794540 0.806731 0.801006 0.815385 0.801006 0.826923 0.792385 0.855769 0.783046 0.858654 0.758621 0.875962
0 0.837644 0.966346 0.824713 0.966346 0.815374 0.955769 0.815374 0.925000 0.823276 0.912500 0.837644 0.899038 0.846264 0.897115 0.859195 0.887500 0.880747 0.879808 0.883621 0.875962 0.899425 0.875962 0.905891 0.884615 0.907328 0.894231 0.904454 0.905769 0.885057 0.935577 0.864943 0.952885 0.837644 0.966346
0 0.702586 0.602885 0.691092 0.600962 0.674569 0.584615 0.668822 0.567308 0.664511 0.530769 0.664511 0.500000 0.668822 0.471154 0.674569 0.455769 0.686782 0.443269 0.696839 0.443269 0.702586 0.447115 0.713362 0.461538 0.724856 0.492308 0.734914 0.544231 0.734914 0.567308 0.732040 0.578846 0.714080 0.599038 0.702586 0.602885
0 0.745690 0.270192 0.735632 0.268269 0.726293 0.251923 0.726293 0.200000 0.732040 0.180769 0.747126 0.156731 0.757184 0.149038 0.765805 0.149038 0.776580 0.161538 0.779454 0.169231 0.779454 0.200000 0.775144 0.219231 0.763649 0.250000 0.752874 0.266346 0.745690 0.270192
0 0.240661 0.998077 0.241379 0.995192 0.254310 0.987500 0.272989 0.989423 0.284483 0.995192 0.285201 0.998077
0 0.456897 0.487500 0.442529 0.481731 0.433908 0.470192 0.423851 0.466346 0.418103 0.460577 0.413075 0.451923 0.410201 0.440385 0.411638 0.432692 0.424569 0.421154 0.424569 0.392308 0.431034 0.383654 0.441092 0.377885 0.461207 0.381731 0.476293 0.405769 0.477730 0.413462 0.477730 0.444231 0.474856 0.465385 0.471983 0.469231 0.471983 0.475000 0.466954 0.481731 0.456897 0.487500
0 0.452586 0.204808 0.439655 0.204808 0.430316 0.192308 0.426006 0.180769 0.423132 0.159615 0.426006 0.134615 0.436063 0.109615 0.448276 0.093269 0.462644 0.085577 0.474138 0.083654 0.490661 0.100000 0.496408 0.123077 0.494971 0.136538 0.482040 0.176923 0.462644 0.199038 0.452586 0.204808
0 0.118534 0.000000 0.117098 0.023077 0.107759 0.031731 0.097701 0.033654 0.087644 0.033654 0.073276 0.025962 0.065374 0.015385 0.059626 0.000000
0 0.935345 0.802885 0.908046 0.800962 0.901580 0.792308 0.901580 0.767308 0.905891 0.755769 0.919540 0.739423 0.938218 0.725962 0.961207 0.724038 0.972701 0.729808 0.979167 0.742308 0.979167 0.751923 0.967672 0.775000 0.966236 0.782692 0.954023 0.795192 0.935345 0.802885
0 0.747845 0.000000 0.746408 0.023077 0.742098 0.034615 0.733477 0.051923 0.719828 0.064423 0.702586 0.064423 0.696839 0.060577 0.684626 0.040385 0.684626 0.019231 0.688937 0.000000
