0 0.453125 0.974609 0.445312 0.974609 0.435547 0.960938 0.435547 0.945312 0.441406 0.939453 0.449219 0.939453 0.462891 0.957031 0.453125 0.974609
0 0.070312 0.826172 0.050781 0.826172 0.033203 0.804688 0.033203 0.789062 0.050781 0.775391 0.078125 0.775391 0.099609 0.792969 0.095703 0.812500 0.085938 0.822266 0.070312 0.826172
0 0.746094 0.322266 0.726562 0.322266 0.697266 0.300781 0.697266 0.289062 0.707031 0.275391 0.742188 0.275391 0.763672 0.292969 0.763672 0.312500 0.746094 0.322266
0 0.250000 0.943359 0.218750 0.939453 0.208984 0.925781 0.208984 0.910156 0.246094 0.884766 0.261719 0.884766 0.283203 0.902344 0.283203 0.914062 0.269531 0.931641 0.250000 0.943359
0 0.679688 0.123047 0.652344 0.119141 0.638672 0.105469 0.638672 0.093750 0.648438 0.083984 0.683594 0.083984 0.693359 0.093750 0.693359 0.109375 0.679688 0.123047
0 0.996094 0.162109 0.980469 0.162109 0.951172 0.132812 0.951172 0.113281 0.960938 0.099609 0.996094 0.099609
0 0.343750 0.419922 0.326172 0.410156 0.326172 0.382812 0.339844 0.369141 0.355469 0.365234 0.369141 0.378906 0.369141 0.398438 0.355469 0.416016 0.343750 0.419922
0 0.300781 0.271484 0.277344 0.267578 0.271484 0.261719 0.271484 0.246094 0.289062 0.232422 0.320312 0.232422 0.330078 0.242188 0.330078 0.257812 0.300781 0.271484
0 0.542969 0.677734 0.527344 0.677734 0.517578 0.667969 0.517578 0.636719 0.535156 0.615234 0.550781 0.615234 0.560547 0.625000 0.560547 0.660156 0.542969 0.677734
0 0.218750 0.619141 0.203125 0.619141 0.185547 0.593750 0.185547 0.582031 0.203125 0.556641 0.222656 0.556641 0.232422 0.570312 0.232422 0.605469 0.218750 0.619141
0 0.179688 0.048828 0.156250 0.048828 0.146484 0.039062 0.146484 0.023438 0.167969 0.005859 0.187500 0.005859 0.197266 0.019531 0.197266 0.031250 0.179688 0.048828
0 0.464844 0.126953 0.433594 0.123047 0.419922 0.109375 0.423828 0.093750 0.433594 0.083984 0.449219 0.087891 0.470703 0.105469 0.470703 0.121094 0.464844 0.126953
0 0.691406 0.419922 0.671875 0.419922 0.662109 0.402344 0.691406 0.376953 0.718750 0.376953 0.724609 0.390625 0.691406 0.419922
0 0.804688 0.740234 0.785156 0.740234 0.755859 0.718750 0.751953 0.691406 0.761719 0.681641 0.792969 0.689453 0.810547 0.707031 0.814453 0.722656 0.804688 0.740234
0 0.656250 0.326172 0.621094 0.326172 0.611328 0.316406 0.611328 0.304688 0.628906 0.291016 0.652344 0.291016 0.662109 0.304688 0.662109 0.320312 0.656250 0.326172
0 0.605469 0.451172 0.589844 0.451172 0.580078 0.441406 0.580078 0.425781 0.593750 0.412109 0.609375 0.412109 0.619141 0.421875 0.619141 0.437500 0.605469 0.451172
0 0.414062 0.111328 0.382812 0.111328 0.373047 0.101562 0.373047 0.089844 0.390625 0.076172 0.414062 0.076172 0.427734 0.089844 0.414062 0.111328
0 0.996094 0.576172 0.982422 0.558594 0.982422 0.546875 0.996094 0.533203
0 0.914062 0.869141 0.894531 0.865234 0.869141 0.839844 0.869141 0.824219 0.875000 0.818359 0.902344 0.822266 0.923828 0.843750 0.923828 0.859375 0.914062 0.869141
0 0.816406 0.142578 0.796875 0.142578 0.779297 0.128906 0.779297 0.109375 0.789062 0.099609 0.820312 0.103516 0.826172 0.109375 0.826172 0.132812 0.816406 0.142578
0 0.386719 0.525391 0.367188 0.525391 0.353516 0.511719 0.353516 0.496094 0.378906 0.470703 0.398438 0.466797 0.412109 0.476562 0.412109 0.500000 0.386719 0.525391
0 0.996094 0.783203 0.976562 0.787109 0.960938 0.779297 0.943359 0.761719 0.943359 0.742188 0.957031 0.732422 0.968750 0.732422 0.996094 0.751953
0 0.855469 0.478516 0.843750 0.478516 0.818359 0.453125 0.824219 0.435547 0.839844 0.435547 0.861328 0.453125 0.861328 0.472656 0.855469 0.478516
0 0.375000 0.771484 0.367188 0.771484 0.345703 0.742188 0.349609 0.714844 0.363281 0.701172 0.382812 0.701172 0.400391 0.714844 0.400391 0.742188 0.392578 0.757812 0.375000 0.771484
0 0.000000 0.962891 0.007812 0.955078 0.042969 0.958984 0.048828 0.964844 0.048828 0.984375 0.037109 0.996094
0 0.171875 0.193359 0.152344 0.189453 0.142578 0.171875 0.160156 0.158203 0.187500 0.154297 0.201172 0.171875 0.195312 0.181641 0.171875 0.193359
0 0.730469 0.458984 0.699219 0.458984 0.677734 0.437500 0.677734 0.421875 0.691406 0.419922 0.707031 0.408203 0.726562 0.384766 0.734375 0.384766 0.751953 0.406250 0.751953 0.441406 0.730469 0.458984
0 0.109375 0.333984 0.085938 0.333984 0.070312 0.326172 0.064453 0.320312 0.064453 0.304688 0.085938 0.287109 0.117188 0.294922 0.126953 0.304688 0.126953 0.320312 0.109375 0.333984
0 0.937500 0.720703 0.921875 0.720703 0.898438 0.708984 0.884766 0.695312 0.884766 0.679688 0.902344 0.669922 0.933594 0.681641 0.951172 0.699219 0.951172 0.710938 0.937500 0.720703
0 0.687500 0.962891 0.667969 0.962891 0.646484 0.945312 0.646484 0.925781 0.652344 0.919922 0.675781 0.919922 0.701172 0.941406 0.687500 0.962891
0 0.093750 0.521484 0.076172 0.511719 0.076172 0.496094 0.093750 0.474609 0.105469 0.474609 0.115234 0.484375 0.115234 0.503906 0.093750 0.521484
0 0.406250 0.947266 0.390625 0.947266 0.373047 0.933594 0.373047 0.925781 0.394531 0.908203 0.417969 0.908203 0.427734 0.917969 0.423828 0.933594 0.406250 0.947266
0 0.679688 0.560547 0.648438 0.560547 0.634766 0.546875 0.634766 0.531250 0.640625 0.525391 0.671875 0.525391 0.689453 0.539062 0.689453 0.550781 0.679688 0.560547
0 0.519531 0.728516 0.500000 0.724609 0.482422 0.703125 0.478516 0.679688 0.488281 0.669922 0.500000 0.669922 0.525391 0.695312 0.529297 0.714844 0.519531 0.728516
0 0.855469 0.443359 0.826172 0.429688 0.822266 0.410156 0.828125 0.404297 0.839844 0.400391 0.865234 0.421875 0.865234 0.433594 0.855469 0.443359
0 0.691406 0.857422 0.679688 0.857422 0.658203 0.832031 0.654297 0.800781 0.667969 0.791016 0.687500 0.794922 0.705078 0.820312 0.708984 0.843750 0.691406 0.857422
0 0.777344 0.857422 0.757812 0.857422 0.728516 0.839844 0.724609 0.816406 0.738281 0.802734 0.757812 0.806641 0.779297 0.828125 0.783203 0.851562 0.777344 0.857422
0 0.507812 0.990234 0.494141 0.984375 0.494141 0.968750 0.503906 0.958984 0.515625 0.958984 0.521484 0.964844 0.521484 0.980469 0.507812 0.990234
0 0.054688 0.904297 0.023438 0.900391 0.013672 0.890625 0.013672 0.878906 0.023438 0.869141 0.058594 0.873047 0.064453 0.890625 0.054688 0.904297
0 0.824219 0.103516 0.789062 0.099609 0.783203 0.093750 0.783203 0.070312 0.789062 0.064453 0.816406 0.064453 0.833984 0.085938 0.824219 0.103516
0 0.468750 0.544922 0.449219 0.544922 0.439453 0.535156 0.439453 0.511719 0.460938 0.494141 0.488281 0.490234 0.501953 0.503906 0.501953 0.519531 0.468750 0.544922
