0 0.596875 0.896484 0.581250 0.896484 0.567187 0.886719 0.564063 0.832031 0.584375 0.806641 0.625000 0.787109 0.650000 0.787109 0.668750 0.798828 0.673438 0.804688 0.673438 0.851562 0.650000 0.873047 0.625000 0.876953 0.596875 0.896484
0 0.037500 0.259766 0.018750 0.259766 0.004687 0.230469 0.004687 0.210938 0.028125 0.189453 0.043750 0.193359 0.054688 0.207031 0.051562 0.242188 0.037500 0.259766
0 0.614062 0.996094 0.625000 0.974609 0.640625 0.974609 0.659375 0.939453 0.681250 0.931641 0.690625 0.916016 0.721875 0.916016 0.740625 0.927734 0.764062 0.960938 0.757812 0.996094
0 0.081250 0.576172 0.071875 0.576172 0.064062 0.566406 0.064062 0.531250 0.079687 0.453125 0.103125 0.412109 0.115625 0.412109 0.132812 0.394531 0.135937 0.371094 0.143750 0.357422 0.162500 0.357422 0.167187 0.363281 0.170313 0.390625 0.148438 0.410156 0.157812 0.449219 0.142187 0.496094 0.107813 0.531250 0.101562 0.550781 0.081250 0.576172
0 0.996875 0.525391 0.975000 0.517578 0.962500 0.494141 0.946875 0.490234 0.939063 0.480469 0.935937 0.449219 0.926562 0.425781 0.929688 0.406250 0.946875 0.380859 0.996875 0.357422
0 0.387500 0.763672 0.325000 0.759766 0.307812 0.738281 0.310937 0.707031 0.317188 0.695312 0.317188 0.671875 0.350000 0.626953 0.390625 0.607422 0.421875 0.607422 0.440625 0.615234 0.450000 0.626953 0.459375 0.626953 0.479687 0.652344 0.479687 0.687500 0.467187 0.699219 0.459375 0.716797 0.443750 0.728516 0.434375 0.728516 0.418750 0.751953 0.387500 0.763672
0 0.521875 0.845703 0.475000 0.845703 0.465625 0.837891 0.453125 0.837891 0.423438 0.804688 0.423438 0.792969 0.446875 0.755859 0.487500 0.736328 0.500000 0.720703 0.596875 0.720703 0.606250 0.728516 0.614062 0.746094 0.610938 0.773438 0.587500 0.798828 0.543750 0.822266 0.521875 0.845703
0 0.868750 0.869141 0.831250 0.861328 0.810937 0.839844 0.804688 0.816406 0.812500 0.806641 0.831250 0.798828 0.850000 0.806641 0.887500 0.806641 0.898438 0.843750 0.868750 0.869141
0 0.315625 0.251953 0.309375 0.251953 0.304688 0.234375 0.289062 0.222656 0.301563 0.195312 0.301563 0.167969 0.306250 0.162109 0.346875 0.162109 0.354687 0.171875 0.357812 0.210938 0.337500 0.240234 0.321875 0.244141 0.315625 0.251953
0 0.212500 0.677734 0.203125 0.677734 0.198437 0.664062 0.235937 0.605469 0.248438 0.566406 0.248438 0.527344 0.254688 0.519531 0.254688 0.507812 0.281250 0.486328 0.315625 0.478516 0.329688 0.500000 0.332813 0.527344 0.290625 0.560547 0.251563 0.609375 0.245312 0.628906 0.212500 0.677734
0 0.521875 0.294922 0.471875 0.279297 0.448437 0.257812 0.448437 0.164062 0.456250 0.154297 0.475000 0.146484 0.503125 0.107422 0.528125 0.107422 0.556250 0.138672 0.565625 0.142578 0.603125 0.134766 0.607812 0.167969 0.595313 0.218750 0.537500 0.291016 0.521875 0.294922
0 0.565625 0.564453 0.503125 0.552734 0.467187 0.496094 0.467187 0.453125 0.518750 0.380859 0.556250 0.353516 0.568750 0.361328 0.581250 0.353516 0.600000 0.357422 0.609375 0.373047 0.620313 0.378906 0.623437 0.402344 0.631250 0.412109 0.668750 0.388672 0.673438 0.394531 0.673438 0.476562 0.664062 0.503906 0.659375 0.509766 0.621875 0.509766 0.617188 0.515625 0.614062 0.546875 0.606250 0.556641 0.590625 0.541016 0.581250 0.556641 0.565625 0.564453
0 0.789062 0.996094 0.815625 0.990234 0.837500 0.990234 0.842187 0.996094
0 0.790625 0.591797 0.743750 0.591797 0.685937 0.539062 0.685937 0.515625 0.701562 0.488281 0.707812 0.460938 0.731250 0.431641 0.753125 0.427734 0.771875 0.416016 0.793750 0.416016 0.809375 0.423828 0.828125 0.439453 0.840625 0.458984 0.853125 0.462891 0.864062 0.488281 0.864062 0.542969 0.846875 0.564453 0.834375 0.572266 0.803125 0.576172 0.790625 0.591797
0 0.000000 0.310547 0.021875 0.306641 0.050000 0.322266 0.064062 0.339844 0.064062 0.359375 0.048438 0.402344 0.000000 0.505859
0 0.996875 0.673828 0.984375 0.673828 0.975000 0.681641 0.887500 0.681641 0.881250 0.673828 0.848437 0.660156 0.848437 0.632812 0.853125 0.626953 0.868750 0.626953 0.896875 0.615234 0.996875 0.615234
0 0.045312 0.000000 0.040625 0.009766 0.028125 0.013672 0.020313 0.023438 0.014063 0.046875 0.000000 0.064453
0 0.121875 0.251953 0.096875 0.251953 0.079687 0.230469 0.076563 0.210938 0.082812 0.195312 0.100000 0.177734 0.106250 0.177734 0.146875 0.119141 0.175000 0.099609 0.200000 0.091797 0.243750 0.091797 0.267188 0.109375 0.276562 0.140625 0.273438 0.167969 0.259375 0.185547 0.243750 0.197266 0.184375 0.189453 0.156250 0.228516 0.140625 0.244141 0.121875 0.251953
0 0.664062 0.000000 0.651563 0.058594 0.614062 0.105469 0.607812 0.128906 0.593750 0.138672 0.568750 0.142578 0.556250 0.138672 0.528125 0.107422 0.510938 0.105469 0.510938 0.062500 0.485938 0.050781 0.485938 0.000000
0 0.000000 0.091797 0.015625 0.087891 0.031250 0.072266 0.046875 0.072266 0.059375 0.064453 0.071875 0.064453 0.076563 0.070312 0.037500 0.115234 0.031250 0.115234 0.012500 0.138672 0.000000 0.142578
0 0.212500 0.736328 0.201563 0.730469 0.204687 0.687500 0.226562 0.664062 0.232813 0.644531 0.257812 0.609375 0.257812 0.601562 0.290625 0.560547 0.306250 0.548828 0.334375 0.537109 0.353125 0.537109 0.357812 0.542969 0.357812 0.566406 0.337500 0.580078 0.314063 0.613281 0.307812 0.632812 0.259375 0.681641 0.228125 0.728516 0.212500 0.736328
0 0.171875 0.677734 0.150000 0.677734 0.145313 0.671875 0.164062 0.625000 0.164062 0.597656 0.185938 0.554688 0.204687 0.500000 0.234375 0.474609 0.250000 0.474609 0.257812 0.484375 0.257812 0.503906 0.248438 0.527344 0.248438 0.566406 0.235937 0.605469 0.196875 0.666016 0.171875 0.677734
0 0.125000 0.689453 0.106250 0.689453 0.098437 0.660156 0.109375 0.646484 0.134375 0.630859 0.145313 0.617188 0.148438 0.597656 0.159375 0.591797 0.164062 0.597656 0.164062 0.625000 0.154688 0.640625 0.154688 0.652344 0.145313 0.664062 0.145313 0.671875 0.125000 0.689453
