0 0.078125 0.138672 0.058594 0.138672 0.041016 0.113281 0.052734 0.085938 0.062500 0.080078 0.082031 0.083984 0.095703 0.097656 0.091797 0.128906 0.078125 0.138672
0 0.253906 0.982422 0.230469 0.982422 0.220703 0.972656 0.216797 0.957031 0.224609 0.941406 0.269531 0.908203 0.296875 0.908203 0.306641 0.917969 0.302734 0.949219 0.281250 0.970703 0.253906 0.982422
0 0.382812 0.412109 0.359375 0.412109 0.353516 0.390625 0.378906 0.365234 0.398438 0.365234 0.408203 0.386719 0.382812 0.412109
0 0.789062 0.986328 0.777344 0.982422 0.759766 0.960938 0.763672 0.937500 0.777344 0.923828 0.792969 0.923828 0.806641 0.945312 0.806641 0.968750 0.789062 0.986328
0 0.996094 0.501953 0.980469 0.513672 0.964844 0.513672 0.955078 0.503906 0.955078 0.488281 0.968750 0.474609 0.996094 0.470703
0 0.152344 0.087891 0.144531 0.087891 0.130859 0.070312 0.130859 0.050781 0.144531 0.041016 0.166016 0.062500 0.162109 0.078125 0.152344 0.087891
0 0.816406 0.185547 0.789062 0.181641 0.767578 0.167969 0.763672 0.148438 0.773438 0.134766 0.800781 0.130859 0.826172 0.152344 0.826172 0.167969 0.816406 0.185547
0 0.847656 0.419922 0.835938 0.419922 0.810547 0.402344 0.806641 0.394531 0.816406 0.380859 0.832031 0.376953 0.857422 0.398438 0.847656 0.419922
0 0.945312 0.107422 0.929688 0.103516 0.916016 0.085938 0.916016 0.066406 0.925781 0.052734 0.945312 0.052734 0.958984 0.062500 0.962891 0.089844 0.945312 0.107422
0 0.382812 0.498047 0.371094 0.498047 0.353516 0.484375 0.357422 0.460938 0.378906 0.447266 0.398438 0.451172 0.404297 0.460938 0.400391 0.484375 0.382812 0.498047
0 0.300781 0.666016 0.285156 0.662109 0.275391 0.652344 0.275391 0.636719 0.289062 0.623047 0.308594 0.619141 0.330078 0.632812 0.330078 0.652344 0.320312 0.662109 0.300781 0.666016
0 0.361328 0.000000 0.339844 0.013672 0.320312 0.013672 0.310547 0.000000
