0 0.753906 0.294922 0.736328 0.289062 0.732422 0.269531 0.750000 0.255859 0.761719 0.255859 0.767578 0.273438 0.753906 0.294922
0 0.519531 0.302734 0.507812 0.302734 0.490234 0.289062 0.494141 0.265625 0.511719 0.251953 0.531250 0.255859 0.548828 0.281250 0.535156 0.298828 0.519531 0.302734
0 0.351562 0.142578 0.339844 0.142578 0.330078 0.125000 0.351562 0.103516 0.367188 0.103516 0.373047 0.121094 0.351562 0.142578
0 0.613281 0.056641 0.580078 0.035156 0.576172 0.011719 0.582031 0.005859 0.589844 0.005859 0.619141 0.035156 0.623047 0.046875 0.613281 0.056641
0 0.511719 0.021484 0.488281 0.021484 0.482422 0.007812 0.488281 0.001953 0.511719 0.001953 0.517578 0.007812 0.511719 0.021484
0 0.753906 0.580078 0.718750 0.580078 0.708984 0.562500 0.726562 0.544922 0.746094 0.544922 0.759766 0.566406 0.753906 0.580078
0 0.804688 0.033203 0.777344 0.029297 0.771484 0.011719 0.792969 0.001953 0.810547 0.019531 0.804688 0.033203
0 0.601562 0.146484 0.589844 0.146484 0.580078 0.136719 0.580078 0.121094 0.593750 0.107422 0.625000 0.111328 0.630859 0.125000 0.601562 0.146484
0 0.457031 0.455078 0.439453 0.445312 0.439453 0.421875 0.445312 0.416016 0.462891 0.425781 0.462891 0.449219 0.457031 0.455078
0 0.671875 0.259766 0.654297 0.250000 0.654297 0.234375 0.660156 0.228516 0.673828 0.238281 0.677734 0.253906 0.671875 0.259766
0 0.468750 0.681641 0.460938 0.681641 0.447266 0.667969 0.447266 0.644531 0.457031 0.630859 0.466797 0.636719 0.474609 0.667969 0.468750 0.681641
0 0.789062 0.123047 0.777344 0.123047 0.755859 0.105469 0.751953 0.093750 0.761719 0.083984 0.773438 0.083984 0.791016 0.097656 0.794922 0.117188 0.789062 0.123047
0 0.851562 0.119141 0.832031 0.119141 0.826172 0.113281 0.826172 0.093750 0.832031 0.087891 0.867188 0.087891 0.873047 0.093750 0.869141 0.109375 0.851562 0.119141
0 0.097656 0.310547 0.082031 0.310547 0.076172 0.304688 0.080078 0.273438 0.085938 0.267578 0.109375 0.267578 0.119141 0.285156 0.119141 0.292969 0.097656 0.310547
0 0.042969 0.228516 0.019531 0.228516 0.009766 0.214844 0.009766 0.199219 0.021484 0.187500 0.021484 0.179688 0.035156 0.169922 0.042969 0.169922 0.056641 0.183594 0.056641 0.207031 0.042969 0.228516
0 0.421875 0.119141 0.408203 0.109375 0.412109 0.093750 0.425781 0.080078 0.445312 0.080078 0.455078 0.093750 0.455078 0.105469 0.421875 0.119141
0 0.628906 0.111328 0.611328 0.105469 0.611328 0.089844 0.617188 0.083984 0.634766 0.093750 0.628906 0.111328
0 0.851562 0.349609 0.828125 0.349609 0.822266 0.343750 0.822266 0.316406 0.828125 0.310547 0.847656 0.310547 0.857422 0.324219 0.857422 0.343750 0.851562 0.349609
0 0.601562 0.318359 0.576172 0.308594 0.576172 0.292969 0.589844 0.283203 0.609375 0.283203 0.615234 0.289062 0.615234 0.304688 0.601562 0.318359
0 0.222656 0.205078 0.195312 0.201172 0.185547 0.191406 0.185547 0.175781 0.191406 0.169922 0.234375 0.173828 0.253906 0.166016 0.259766 0.171875 0.255859 0.183594 0.222656 0.205078
0 0.292969 0.259766 0.285156 0.259766 0.267578 0.238281 0.267578 0.230469 0.281250 0.216797 0.296875 0.216797 0.302734 0.222656 0.302734 0.246094 0.292969 0.259766
0 0.484375 0.576172 0.472656 0.576172 0.455078 0.562500 0.455078 0.546875 0.464844 0.537109 0.476562 0.537109 0.490234 0.546875 0.494141 0.566406 0.484375 0.576172
0 0.804688 0.318359 0.792969 0.318359 0.783203 0.304688 0.794922 0.285156 0.816406 0.263672 0.824219 0.263672 0.830078 0.281250 0.804688 0.318359
0 0.242188 0.365234 0.201172 0.343750 0.201172 0.324219 0.210938 0.314453 0.238281 0.318359 0.259766 0.339844 0.259766 0.351562 0.242188 0.365234
0 0.683594 0.076172 0.660156 0.076172 0.654297 0.070312 0.650391 0.058594 0.660156 0.044922 0.679688 0.044922 0.685547 0.050781 0.689453 0.070312 0.683594 0.076172
0 0.435547 0.996094 0.435547 0.988281 0.449219 0.978516 0.468750 0.978516 0.486328 0.996094
0 0.226562 0.259766 0.207031 0.259766 0.197266 0.238281 0.210938 0.228516 0.230469 0.232422 0.236328 0.250000 0.226562 0.259766
0 0.542969 0.048828 0.535156 0.048828 0.521484 0.035156 0.527344 0.021484 0.539062 0.021484 0.548828 0.031250 0.542969 0.048828
0 0.843750 0.087891 0.828125 0.087891 0.822266 0.082031 0.830078 0.054688 0.814453 0.042969 0.814453 0.031250 0.847656 0.017578 0.857422 0.027344 0.857422 0.039062 0.845703 0.050781 0.849609 0.078125 0.843750 0.087891
0 0.386719 0.447266 0.371094 0.447266 0.357422 0.437500 0.357422 0.421875 0.382812 0.400391 0.396484 0.410156 0.396484 0.437500 0.386719 0.447266
0 0.558594 0.365234 0.531250 0.361328 0.525391 0.343750 0.531250 0.337891 0.558594 0.341797 0.564453 0.347656 0.558594 0.365234
0 0.550781 0.435547 0.535156 0.431641 0.525391 0.421875 0.531250 0.404297 0.554688 0.400391 0.560547 0.406250 0.560547 0.425781 0.550781 0.435547
0 0.726562 0.162109 0.718750 0.162109 0.701172 0.140625 0.701172 0.125000 0.714844 0.115234 0.730469 0.119141 0.740234 0.132812 0.740234 0.144531 0.726562 0.162109
0 0.625000 0.271484 0.589844 0.267578 0.583984 0.250000 0.597656 0.240234 0.628906 0.244141 0.634766 0.261719 0.625000 0.271484
0 0.484375 0.240234 0.472656 0.240234 0.462891 0.226562 0.488281 0.197266 0.496094 0.197266 0.505859 0.207031 0.505859 0.222656 0.484375 0.240234
0 0.476562 0.474609 0.458984 0.468750 0.464844 0.451172 0.482422 0.457031 0.476562 0.474609
0 0.500000 0.060547 0.464844 0.056641 0.458984 0.050781 0.458984 0.031250 0.464844 0.025391 0.492188 0.025391 0.505859 0.046875 0.500000 0.060547
0 0.000000 0.302734 0.009766 0.308594 0.013672 0.347656 0.013672 0.367188 0.000000 0.373047
0 0.671875 0.193359 0.652344 0.189453 0.642578 0.179688 0.638672 0.148438 0.644531 0.142578 0.664062 0.142578 0.669922 0.148438 0.669922 0.160156 0.681641 0.175781 0.671875 0.193359
0 0.609375 0.185547 0.574219 0.185547 0.564453 0.175781 0.568359 0.160156 0.574219 0.154297 0.597656 0.154297 0.615234 0.171875 0.609375 0.185547
0 0.898438 0.205078 0.871094 0.205078 0.865234 0.199219 0.865234 0.183594 0.875000 0.173828 0.894531 0.173828 0.904297 0.183594 0.904297 0.199219 0.898438 0.205078
0 0.769531 0.373047 0.744141 0.355469 0.750000 0.337891 0.777344 0.337891 0.787109 0.347656 0.787109 0.359375 0.769531 0.373047
0 0.312500 0.478516 0.281250 0.478516 0.263672 0.457031 0.292969 0.435547 0.312500 0.435547 0.326172 0.449219 0.326172 0.460938 0.312500 0.478516
0 0.675781 0.404297 0.656250 0.400391 0.646484 0.382812 0.656250 0.369141 0.687500 0.361328 0.701172 0.378906 0.701172 0.390625 0.675781 0.404297
0 0.062500 0.412109 0.046875 0.412109 0.037109 0.398438 0.037109 0.386719 0.046875 0.376953 0.058594 0.376953 0.068359 0.386719 0.068359 0.406250 0.062500 0.412109
0 0.871094 0.326172 0.859375 0.326172 0.837891 0.300781 0.843750 0.287109 0.855469 0.287109 0.869141 0.300781 0.876953 0.312500 0.871094 0.326172
0 0.738281 0.076172 0.718750 0.072266 0.712891 0.058594 0.742188 0.041016 0.748047 0.046875 0.748047 0.066406 0.738281 0.076172
