0 0.427778 0.654167 0.400000 0.654167 0.387500 0.647222 0.373611 0.616667 0.373611 0.600000 0.379167 0.583333 0.404167 0.550000 0.415278 0.491667 0.433333 0.476389 0.452778 0.473611 0.472222 0.479167 0.487500 0.491667 0.493056 0.502778 0.493056 0.530556 0.484722 0.544444 0.484722 0.575000 0.473611 0.602778 0.456944 0.627778 0.427778 0.654167
0 0.000000 0.456944 0.012500 0.466667 0.020833 0.480556 0.015278 0.494444 0.015278 0.516667 0.008333 0.523611 0.000000 0.520833
0 0.000000 0.779167 0.011111 0.776389 0.030556 0.781944 0.048611 0.797222 0.051389 0.805556 0.051389 0.836111 0.029167 0.891667 0.013889 0.909722 0.000000 0.918056
0 0.219444 0.176389 0.205556 0.176389 0.186111 0.168056 0.170833 0.155556 0.156944 0.133333 0.151389 0.113889 0.154167 0.091667 0.159722 0.080556 0.177778 0.065278 0.194444 0.062500 0.213889 0.068056 0.237500 0.094444 0.248611 0.122222 0.245833 0.155556 0.219444 0.176389
0 0.222222 0.362500 0.205556 0.359722 0.175000 0.343056 0.159722 0.327778 0.158333 0.320833 0.145833 0.313889 0.145833 0.302778 0.134722 0.300000 0.134722 0.294444 0.140278 0.291667 0.123611 0.263889 0.112500 0.227778 0.112500 0.211111 0.120833 0.202778 0.120833 0.191667 0.127778 0.184722 0.138889 0.184722 0.152778 0.193056 0.175000 0.198611 0.208333 0.223611 0.213889 0.223611 0.223611 0.236111 0.248611 0.300000 0.251389 0.333333 0.243056 0.341667 0.243056 0.347222 0.222222 0.362500
0 0.544444 0.756944 0.505556 0.754167 0.475000 0.731944 0.454167 0.708333 0.448611 0.697222 0.448611 0.663889 0.463889 0.645833 0.480556 0.634722 0.508333 0.637500 0.544444 0.659722 0.558333 0.662500 0.575000 0.681944 0.593056 0.694444 0.595833 0.716667 0.584722 0.741667 0.569444 0.751389 0.544444 0.756944
0 0.812500 0.000000 0.834722 0.047222 0.837500 0.094444 0.816667 0.120833 0.802778 0.126389 0.750000 0.123611 0.733333 0.115278 0.698611 0.077778 0.684722 0.047222 0.687500 0.027778 0.705556 0.006944 0.718056 0.000000
0 0.613889 0.545833 0.588889 0.545833 0.583333 0.540278 0.558333 0.537500 0.540278 0.525000 0.515278 0.491667 0.509722 0.480556 0.512500 0.438889 0.518056 0.425000 0.533333 0.406944 0.552778 0.398611 0.569444 0.398611 0.591667 0.409722 0.604167 0.422222 0.609722 0.441667 0.626389 0.466667 0.645833 0.486111 0.645833 0.519444 0.613889 0.545833
0 0.359722 0.997222 0.354167 0.986111 0.356944 0.925000 0.365278 0.905556 0.388889 0.890278 0.411111 0.890278 0.427778 0.895833 0.448611 0.916667 0.459722 0.950000 0.459722 0.977778 0.454167 0.997222
0 0.197222 0.743056 0.161111 0.743056 0.152778 0.737500 0.136111 0.737500 0.111111 0.718056 0.095833 0.697222 0.095833 0.688889 0.087500 0.675000 0.090278 0.636111 0.095833 0.619444 0.130556 0.590278 0.172222 0.590278 0.219444 0.609722 0.248611 0.636111 0.256944 0.652778 0.256944 0.697222 0.248611 0.705556 0.245833 0.716667 0.230556 0.731944 0.197222 0.743056
0 0.997222 0.712500 0.988889 0.723611 0.955556 0.737500 0.916667 0.737500 0.897222 0.723611 0.873611 0.697222 0.876389 0.652778 0.900000 0.626389 0.930556 0.618056 0.947222 0.606944 0.977778 0.606944 0.997222 0.620833
0 0.436111 0.881944 0.419444 0.881944 0.411111 0.873611 0.400000 0.873611 0.394444 0.868056 0.380556 0.865278 0.340278 0.830556 0.320833 0.786111 0.320833 0.758333 0.327778 0.748611 0.350000 0.737500 0.372222 0.740278 0.383333 0.745833 0.422222 0.784722 0.459722 0.813889 0.459722 0.861111 0.436111 0.881944
0 0.411111 0.356944 0.380556 0.356944 0.372222 0.351389 0.354167 0.330556 0.343056 0.308333 0.340278 0.291667 0.331944 0.283333 0.329167 0.233333 0.344444 0.209722 0.377778 0.190278 0.408333 0.193056 0.412500 0.205556 0.431944 0.222222 0.437500 0.272222 0.443056 0.283333 0.443056 0.322222 0.434722 0.344444 0.427778 0.351389 0.411111 0.356944
0 0.997222 0.137500 0.984722 0.130556 0.966667 0.104167 0.936111 0.084722 0.915278 0.058333 0.912500 0.019444 0.923611 0.000000
0 0.127778 0.587500 0.094444 0.587500 0.075000 0.581944 0.048611 0.558333 0.037500 0.530556 0.037500 0.480556 0.048611 0.469444 0.055556 0.451389 0.066667 0.440278 0.091667 0.426389 0.116667 0.429167 0.126389 0.438889 0.131944 0.450000 0.134722 0.488889 0.162500 0.522222 0.156944 0.555556 0.127778 0.587500
0 0.825000 0.531944 0.811111 0.531944 0.791667 0.523611 0.761111 0.504167 0.738889 0.479167 0.713889 0.465278 0.690278 0.438889 0.693056 0.413889 0.711111 0.398611 0.769444 0.384722 0.786111 0.387500 0.802778 0.398611 0.825000 0.423611 0.833333 0.426389 0.848611 0.441667 0.856944 0.466667 0.856944 0.483333 0.848611 0.505556 0.825000 0.531944
0 0.997222 0.309722 0.966667 0.301389 0.945833 0.280556 0.945833 0.261111 0.961111 0.245833 0.997222 0.237500
0 0.647222 0.276389 0.588889 0.265278 0.569444 0.251389 0.558333 0.248611 0.531944 0.219444 0.523611 0.200000 0.523611 0.163889 0.531944 0.147222 0.550000 0.129167 0.583333 0.123611 0.630556 0.140278 0.676389 0.186111 0.693056 0.219444 0.693056 0.247222 0.683333 0.259722 0.661111 0.273611 0.647222 0.276389
0 0.236111 0.965278 0.211111 0.962500 0.183333 0.934722 0.150000 0.920833 0.129167 0.897222 0.126389 0.866667 0.131944 0.838889 0.145833 0.816667 0.166667 0.801389 0.191667 0.795833 0.216667 0.798611 0.230556 0.804167 0.248611 0.825000 0.248611 0.833333 0.254167 0.838889 0.256944 0.872222 0.262500 0.883333 0.262500 0.900000 0.256944 0.919444 0.256944 0.941667 0.236111 0.965278
