0 0.433594 0.849609 0.402344 0.845703 0.388672 0.820312 0.392578 0.785156 0.414062 0.771484 0.441406 0.779297 0.458984 0.800781 0.458984 0.828125 0.433594 0.849609
0 0.492188 0.529297 0.468750 0.529297 0.455078 0.515625 0.447266 0.503906 0.447266 0.488281 0.457031 0.478516 0.480469 0.478516 0.494141 0.492188 0.498047 0.523438 0.492188 0.529297
0 0.781250 0.556641 0.738281 0.548828 0.724609 0.519531 0.732422 0.496094 0.750000 0.482422 0.785156 0.482422 0.810547 0.507812 0.810547 0.527344 0.802734 0.542969 0.781250 0.556641
0 0.457031 0.544922 0.433594 0.544922 0.416016 0.527344 0.412109 0.500000 0.421875 0.490234 0.445312 0.490234 0.455078 0.515625 0.474609 0.531250 0.457031 0.544922
0 0.878906 0.232422 0.855469 0.232422 0.833984 0.214844 0.837891 0.191406 0.863281 0.173828 0.886719 0.173828 0.896484 0.187500 0.896484 0.214844 0.878906 0.232422
0 0.371094 0.150391 0.347656 0.150391 0.332031 0.142578 0.326172 0.128906 0.326172 0.105469 0.355469 0.072266 0.382812 0.076172 0.396484 0.097656 0.396484 0.128906 0.371094 0.150391
0 0.996094 0.810547 0.986328 0.804688 0.982422 0.781250 0.982422 0.750000 0.996094 0.744141
0 0.396484 0.996094 0.400391 0.984375 0.417969 0.974609 0.441406 0.974609 0.451172 0.984375 0.451172 0.996094
0 0.644531 0.966797 0.613281 0.958984 0.607422 0.937500 0.636719 0.900391 0.660156 0.900391 0.673828 0.917969 0.673828 0.937500 0.666016 0.953125 0.644531 0.966797
0 0.476562 0.662109 0.449219 0.662109 0.435547 0.644531 0.431641 0.613281 0.435547 0.601562 0.449219 0.591797 0.488281 0.587891 0.501953 0.605469 0.505859 0.628906 0.476562 0.662109
0 0.828125 0.857422 0.804688 0.857422 0.779297 0.828125 0.779297 0.804688 0.800781 0.779297 0.816406 0.775391 0.835938 0.783203 0.849609 0.800781 0.849609 0.835938 0.828125 0.857422
0 0.404297 0.000000 0.398438 0.017578 0.375000 0.025391 0.355469 0.025391 0.333984 0.000000
0 0.228516 0.996094 0.232422 0.968750 0.261719 0.947266 0.285156 0.955078 0.294922 0.964844 0.298828 0.996094
0 0.628906 0.751953 0.599609 0.722656 0.599609 0.691406 0.625000 0.658203 0.652344 0.654297 0.667969 0.662109 0.677734 0.675781 0.677734 0.718750 0.656250 0.744141 0.628906 0.751953
