0 0.949713 0.604808 0.938218 0.604808 0.929598 0.600962 0.913793 0.589423 0.908046 0.581731 0.905172 0.581731 0.894397 0.569231 0.884339 0.551923 0.880029 0.534615 0.881466 0.521154 0.887931 0.508654 0.899425 0.502885 0.922414 0.506731 0.942529 0.520192 0.959052 0.540385 0.966236 0.555769 0.967672 0.575000 0.961925 0.594231 0.949713 0.604808
0 0.000000 0.254808 0.007902 0.228846 0.018678 0.218269 0.030172 0.220192 0.045977 0.227885 0.061063 0.246154 0.069684 0.269231 0.069684 0.311538 0.065374 0.323077 0.054598 0.331731 0.047414 0.331731 0.028736 0.322115 0.013649 0.305769 0.005029 0.290385 0.000000 0.274038
0 0.184626 0.000000 0.184626 0.019231 0.178879 0.038462 0.170977 0.049038 0.153736 0.056731 0.139368 0.054808 0.123563 0.045192 0.094109 0.011538 0.092672 0.000000
0 0.022270 0.998077 0.028017 0.971154 0.048851 0.945192 0.067529 0.929808 0.083333 0.929808 0.089080 0.924038 0.103448 0.922115 0.107759 0.918269 0.111351 0.919231 0.113506 0.925962 0.116379 0.922115 0.122845 0.926923 0.125718 0.938462 0.124282 0.940385 0.128592 0.948077 0.128592 0.955769 0.137213 0.967308 0.137213 0.975000 0.134339 0.978846 0.135776 0.986538 0.125718 0.998077
0 0.711207 0.331731 0.693966 0.329808 0.686063 0.319231 0.684626 0.292308 0.693247 0.267308 0.718391 0.239423 0.742816 0.227885 0.757184 0.231731 0.763649 0.240385 0.769397 0.255769 0.769397 0.271154 0.765086 0.284615 0.739943 0.316346 0.729885 0.324038 0.711207 0.331731
0 0.783046 0.162500 0.770115 0.162500 0.756466 0.151923 0.752155 0.140385 0.752155 0.125000 0.755029 0.119231 0.771552 0.097115 0.788793 0.083654 0.817529 0.074038 0.833333 0.077885 0.841236 0.088462 0.844109 0.098077 0.844109 0.109615 0.836925 0.126923 0.830460 0.135577 0.804598 0.154808 0.783046 0.162500
0 0.248563 0.645192 0.231322 0.641346 0.219828 0.629808 0.207615 0.611538 0.198994 0.584615 0.197557 0.550000 0.201868 0.530769 0.207615 0.519231 0.219828 0.506731 0.228448 0.504808 0.245690 0.514423 0.260776 0.540385 0.262213 0.548077 0.266523 0.550000 0.273707 0.576923 0.273707 0.609615 0.270833 0.623077 0.262931 0.637500 0.248563 0.645192
0 0.949713 0.785577 0.931034 0.781731 0.918822 0.767308 0.914511 0.751923 0.915948 0.734615 0.923132 0.715385 0.936782 0.700962 0.954023 0.693269 0.981322 0.695192 0.993534 0.709615 0.996408 0.717308 0.997845 0.726923 0.994971 0.740385 0.982040 0.763462 0.974138 0.772115 0.961207 0.781731 0.949713 0.785577
0 0.998563 0.329808 0.989224 0.321154 0.982040 0.300000 0.983477 0.273077 0.988506 0.266346 0.998563 0.262500
0 0.590517 0.956731 0.579023 0.954808 0.571121 0.944231 0.563937 0.915385 0.562500 0.886538 0.573994 0.851923 0.583333 0.839423 0.596264 0.835577 0.607040 0.844231 0.617098 0.869231 0.618534 0.901923 0.617098 0.913462 0.609914 0.934615 0.599138 0.950962 0.590517 0.956731
0 0.502874 0.224038 0.497126 0.224038 0.495690 0.218269 0.466954 0.218269 0.449713 0.204808 0.443247 0.188462 0.443247 0.175000 0.447557 0.163462 0.458333 0.152885 0.487069 0.145192 0.504310 0.147115 0.512931 0.150962 0.520115 0.158654 0.530172 0.154808 0.529454 0.167308 0.526580 0.169231 0.528017 0.184615 0.525144 0.200000 0.517241 0.212500 0.508621 0.216346 0.502874 0.224038
0 0.709770 0.700962 0.695402 0.699038 0.680316 0.682692 0.678879 0.663462 0.688218 0.649038 0.696839 0.643269 0.728448 0.633654 0.742816 0.633654 0.757902 0.642308 0.760776 0.650000 0.760776 0.659615 0.752874 0.674038 0.739943 0.679808 0.709770 0.700962
0 0.830460 0.727885 0.816092 0.724038 0.802443 0.709615 0.799569 0.690385 0.803879 0.675000 0.810345 0.666346 0.823276 0.660577 0.849138 0.660577 0.863506 0.668269 0.872845 0.688462 0.871408 0.700000 0.875718 0.705769 0.874282 0.713462 0.866379 0.720192 0.854885 0.722115 0.850575 0.725962 0.830460 0.727885
0 0.998563 0.489423 0.984914 0.461538 0.980603 0.440385 0.984914 0.421154 0.991379 0.414423 0.998563 0.412500
0 0.543103 0.356731 0.533046 0.356731 0.519397 0.344231 0.513649 0.326923 0.513649 0.303846 0.520833 0.275000 0.525144 0.267308 0.533046 0.256731 0.544540 0.249038 0.557471 0.245192 0.570402 0.250962 0.575431 0.257692 0.578305 0.263462 0.579741 0.286538 0.575431 0.307692 0.563937 0.338462 0.543103 0.356731
0 0.408046 0.950962 0.395115 0.945192 0.387213 0.930769 0.385776 0.888462 0.391523 0.853846 0.397270 0.838462 0.408046 0.825962 0.419540 0.825962 0.428879 0.836538 0.434626 0.848077 0.434626 0.892308 0.426006 0.928846 0.416667 0.943269 0.408046 0.950962
0 0.548851 0.095192 0.535920 0.095192 0.515805 0.087500 0.507184 0.087500 0.497845 0.069231 0.497845 0.055769 0.500718 0.048077 0.507184 0.037500 0.528736 0.016346 0.540230 0.010577 0.567529 0.006731 0.586207 0.014423 0.592672 0.021154 0.598420 0.036538 0.598420 0.053846 0.594109 0.065385 0.589080 0.074038 0.581897 0.079808 0.563218 0.085577 0.556034 0.093269 0.548851 0.095192
0 0.300287 0.497115 0.291667 0.497115 0.275144 0.478846 0.269397 0.467308 0.260776 0.434615 0.262213 0.403846 0.267960 0.388462 0.278736 0.377885 0.287356 0.377885 0.298851 0.385577 0.306753 0.396154 0.315374 0.421154 0.318247 0.440385 0.318247 0.461538 0.315374 0.476923 0.309626 0.488462 0.300287 0.497115
0 0.000000 0.524038 0.010057 0.508654 0.022989 0.499038 0.037356 0.497115 0.053161 0.508654 0.081178 0.550000 0.089799 0.576923 0.091236 0.611538 0.086925 0.628846 0.082615 0.630769 0.081178 0.642308 0.074713 0.650962 0.056034 0.649038 0.053161 0.643269 0.041667 0.645192 0.030891 0.634615 0.020115 0.612500 0.017241 0.612500 0.012931 0.604808 0.007902 0.601923 0.000000 0.575962
0 0.370690 0.891346 0.357759 0.891346 0.352011 0.887500 0.344109 0.875000 0.338362 0.851923 0.339799 0.832692 0.348420 0.798077 0.364224 0.759615 0.376437 0.745192 0.386494 0.745192 0.394397 0.753846 0.403017 0.784615 0.404454 0.798077 0.398707 0.828846 0.401580 0.832692 0.391523 0.853846 0.388649 0.876923 0.385057 0.872115 0.370690 0.891346
0 0.397989 0.456731 0.390805 0.456731 0.380029 0.448077 0.375718 0.436538 0.375718 0.409615 0.384339 0.367308 0.392960 0.344231 0.406609 0.322115 0.419540 0.318269 0.426724 0.322115 0.436063 0.336538 0.437500 0.371154 0.433190 0.382692 0.428879 0.407692 0.414511 0.446154 0.409483 0.452885 0.397989 0.456731
0 0.147989 0.462500 0.127874 0.462500 0.114943 0.454808 0.108477 0.444231 0.096983 0.413462 0.095546 0.398077 0.091236 0.384615 0.091236 0.369231 0.099856 0.344231 0.110632 0.333654 0.125000 0.331731 0.133621 0.337500 0.142960 0.350000 0.155891 0.384615 0.161638 0.407692 0.163075 0.438462 0.161638 0.448077 0.147989 0.462500
0 0.951149 0.327885 0.941092 0.325962 0.934626 0.317308 0.931753 0.261538 0.942529 0.249038 0.954023 0.245192 0.959770 0.247115 0.963362 0.251923 0.969109 0.275000 0.964799 0.298077 0.964799 0.311538 0.958333 0.324038 0.951149 0.327885
