0 0.370312 0.996094 0.384375 0.970703 0.400000 0.962891 0.428125 0.966797 0.439063 0.980469 0.442188 0.996094
0 0.512500 0.826172 0.503125 0.826172 0.492188 0.812500 0.500000 0.798828 0.512500 0.794922 0.517188 0.800781 0.520312 0.812500 0.512500 0.826172
0 0.300000 0.544922 0.285938 0.539062 0.293750 0.521484 0.307812 0.527344 0.300000 0.544922
0 0.484375 0.919922 0.468750 0.919922 0.454688 0.898438 0.454688 0.875000 0.468750 0.853516 0.487500 0.853516 0.501563 0.871094 0.501563 0.894531 0.484375 0.919922
0 0.606250 0.458984 0.595313 0.449219 0.593750 0.380859 0.618750 0.380859 0.629687 0.398438 0.629687 0.414062 0.617188 0.433594 0.617188 0.445312 0.606250 0.458984
0 0.593750 0.576172 0.578125 0.576172 0.562500 0.560547 0.540625 0.556641 0.526563 0.542969 0.526563 0.503906 0.546875 0.458984 0.562500 0.455078 0.571875 0.466797 0.581250 0.466797 0.590625 0.486328 0.626563 0.507812 0.626563 0.531250 0.610938 0.558594 0.593750 0.576172
0 0.000000 0.939453 0.012500 0.939453 0.020313 0.949219 0.017188 0.988281 0.010937 0.996094
0 0.414062 0.000000 0.417187 0.074219 0.396875 0.099609 0.371875 0.095703 0.356250 0.072266 0.326562 0.046875 0.326562 0.011719 0.339062 0.000000
0 0.056250 0.876953 0.039062 0.871094 0.023438 0.835938 0.023438 0.816406 0.040625 0.794922 0.065625 0.802734 0.082812 0.824219 0.085938 0.835938 0.082812 0.863281 0.056250 0.876953
0 0.571875 0.970703 0.537500 0.962891 0.523438 0.937500 0.535937 0.910156 0.550000 0.896484 0.584375 0.904297 0.592187 0.917969 0.589063 0.953125 0.571875 0.970703
0 0.293750 0.650391 0.278125 0.650391 0.264062 0.636719 0.264062 0.601562 0.281250 0.564453 0.287500 0.564453 0.296875 0.576172 0.318750 0.564453 0.348438 0.593750 0.348438 0.605469 0.321875 0.646484 0.300000 0.642578 0.293750 0.650391
0 0.762500 0.712891 0.740625 0.701172 0.729688 0.687500 0.729688 0.660156 0.750000 0.638672 0.778125 0.638672 0.789062 0.652344 0.789062 0.675781 0.782813 0.699219 0.762500 0.712891
0 0.000000 0.037109 0.020313 0.062500 0.029687 0.089844 0.026562 0.132812 0.015625 0.146484 0.000000 0.146484
0 0.684375 0.908203 0.665625 0.908203 0.639062 0.890625 0.635938 0.859375 0.653125 0.830078 0.678125 0.826172 0.698438 0.851562 0.698438 0.882812 0.684375 0.908203
0 0.103125 0.603516 0.065625 0.603516 0.057813 0.593750 0.057813 0.574219 0.075000 0.544922 0.093750 0.544922 0.117188 0.566406 0.117188 0.585938 0.103125 0.603516
0 0.707812 0.996094 0.704688 0.953125 0.728125 0.939453 0.743750 0.939453 0.764062 0.960938 0.760938 0.996094
0 0.157812 0.996094 0.160938 0.972656 0.168750 0.958984 0.206250 0.966797 0.214062 0.976562 0.217188 0.996094
0 0.728125 0.849609 0.706250 0.849609 0.689063 0.828125 0.689063 0.800781 0.709375 0.767578 0.734375 0.771484 0.751563 0.796875 0.751563 0.820312 0.728125 0.849609
0 0.212500 0.939453 0.187500 0.939453 0.167187 0.910156 0.160938 0.898438 0.160938 0.875000 0.168750 0.865234 0.200000 0.865234 0.221875 0.873047 0.229687 0.882812 0.232813 0.902344 0.212500 0.939453
0 0.165625 0.423828 0.146875 0.416016 0.135937 0.386719 0.139063 0.335938 0.143750 0.330078 0.175000 0.333984 0.182812 0.347656 0.182812 0.410156 0.165625 0.423828
0 0.100000 0.826172 0.084375 0.826172 0.060937 0.796875 0.064062 0.773438 0.093750 0.748047 0.106250 0.748047 0.120313 0.761719 0.120313 0.789062 0.100000 0.826172
0 0.760938 0.996094 0.764062 0.960938 0.771875 0.951172 0.837500 0.951172 0.842187 0.957031 0.839063 0.996094
0 0.915625 0.775391 0.881250 0.775391 0.865625 0.759766 0.843750 0.751953 0.826562 0.730469 0.823438 0.707031 0.846875 0.654297 0.901563 0.718750 0.903125 0.732422 0.923438 0.750000 0.926562 0.761719 0.915625 0.775391
0 0.979688 0.996094 0.964063 0.976562 0.964063 0.941406 0.981250 0.919922 0.996875 0.927734
0 0.759375 0.623047 0.728125 0.623047 0.706250 0.607422 0.698438 0.589844 0.701562 0.550781 0.750000 0.517578 0.765625 0.525391 0.782813 0.554688 0.782813 0.593750 0.776563 0.609375 0.759375 0.623047
0 0.409375 0.900391 0.400000 0.900391 0.389062 0.886719 0.382812 0.863281 0.382812 0.835938 0.403125 0.814453 0.450000 0.822266 0.467187 0.851562 0.454688 0.875000 0.454688 0.890625 0.409375 0.900391
0 0.165625 0.134766 0.150000 0.134766 0.126562 0.121094 0.126562 0.082031 0.134375 0.068359 0.150000 0.056641 0.175000 0.052734 0.185938 0.066406 0.185938 0.113281 0.165625 0.134766
0 0.946875 0.916016 0.931250 0.916016 0.917188 0.898438 0.914062 0.882812 0.914062 0.847656 0.934375 0.818359 0.956250 0.818359 0.970313 0.839844 0.967187 0.871094 0.946875 0.916016
0 0.096875 0.146484 0.075000 0.146484 0.064062 0.132812 0.057813 0.113281 0.054688 0.054688 0.071875 0.037109 0.087500 0.037109 0.107813 0.074219 0.110937 0.121094 0.096875 0.146484
0 0.796875 0.927734 0.746875 0.916016 0.735938 0.902344 0.735938 0.867188 0.742188 0.851562 0.768750 0.818359 0.787500 0.822266 0.796875 0.810547 0.806250 0.810547 0.829688 0.839844 0.832812 0.859375 0.817187 0.902344 0.796875 0.927734
0 0.000000 0.869141 0.031250 0.861328 0.054688 0.882812 0.054688 0.902344 0.043750 0.919922 0.015625 0.923828 0.000000 0.908203
0 0.584375 0.869141 0.570312 0.855469 0.567187 0.843750 0.573438 0.808594 0.596875 0.783203 0.615625 0.783203 0.628125 0.791016 0.632812 0.796875 0.629687 0.816406 0.610938 0.835938 0.600000 0.865234 0.584375 0.869141
0 0.109375 0.681641 0.093750 0.681641 0.067187 0.660156 0.060937 0.648438 0.060937 0.613281 0.065625 0.603516 0.106250 0.603516 0.129688 0.636719 0.129688 0.656250 0.109375 0.681641
0 0.920312 0.996094 0.904687 0.972656 0.904687 0.957031 0.914062 0.921875 0.925000 0.908203 0.931250 0.916016 0.946875 0.916016 0.960938 0.945312 0.960938 0.964844 0.948438 0.996094
0 0.956250 0.791016 0.945312 0.785156 0.950000 0.771484 0.960938 0.777344 0.956250 0.791016
0 0.634375 0.755859 0.621875 0.755859 0.598437 0.714844 0.598437 0.699219 0.614062 0.675781 0.614062 0.652344 0.621875 0.638672 0.643750 0.642578 0.660937 0.675781 0.657813 0.703125 0.648438 0.714844 0.642188 0.746094 0.634375 0.755859
0 0.228125 0.775391 0.203125 0.775391 0.190625 0.763672 0.178125 0.763672 0.170313 0.753906 0.148438 0.707031 0.148438 0.664062 0.153125 0.658203 0.175000 0.666016 0.206250 0.666016 0.242188 0.703125 0.248438 0.761719 0.228125 0.775391
0 0.996875 0.896484 0.993750 0.919922 0.976562 0.894531 0.985938 0.824219 0.996875 0.814453
0 0.000000 0.396484 0.037500 0.400391 0.045312 0.410156 0.048438 0.468750 0.057813 0.492188 0.048438 0.511719 0.043750 0.517578 0.028125 0.517578 0.000000 0.458984
0 0.156250 0.521484 0.131250 0.517578 0.110937 0.484375 0.110937 0.437500 0.131250 0.416016 0.146875 0.416016 0.167187 0.429688 0.173437 0.500000 0.156250 0.521484
0 0.114062 0.000000 0.090625 0.041016 0.071875 0.037109 0.059375 0.048828 0.035937 0.027344 0.039062 0.000000
0 0.000000 0.544922 0.007812 0.558594 0.007812 0.597656 0.000000 0.603516
0 0.346875 0.728516 0.328125 0.728516 0.318750 0.720703 0.304688 0.699219 0.304688 0.683594 0.317188 0.660156 0.317188 0.648438 0.348438 0.605469 0.345313 0.589844 0.362500 0.576172 0.382812 0.613281 0.382812 0.640625 0.389062 0.664062 0.379688 0.707031 0.346875 0.728516
0 0.475000 0.732422 0.450000 0.732422 0.435937 0.710938 0.439063 0.664062 0.445312 0.648438 0.459375 0.638672 0.478125 0.638672 0.484375 0.650391 0.496875 0.650391 0.510938 0.687500 0.510938 0.699219 0.475000 0.732422
0 0.540625 0.662109 0.534375 0.662109 0.518750 0.638672 0.489063 0.617188 0.489063 0.605469 0.503125 0.587891 0.531250 0.587891 0.551562 0.613281 0.551562 0.640625 0.540625 0.662109
0 0.090625 0.494141 0.059375 0.494141 0.051562 0.480469 0.045312 0.414062 0.056250 0.400391 0.075000 0.404297 0.110937 0.441406 0.114062 0.476562 0.106250 0.490234 0.090625 0.494141
0 0.584375 0.466797 0.571875 0.466797 0.554688 0.441406 0.554688 0.398438 0.578125 0.373047 0.587500 0.373047 0.595313 0.394531 0.595313 0.453125 0.584375 0.466797
0 0.309375 0.810547 0.281250 0.806641 0.270313 0.796875 0.273438 0.761719 0.287500 0.744141 0.306250 0.748047 0.320312 0.765625 0.323437 0.789062 0.309375 0.810547
0 0.000000 0.611328 0.004687 0.632812 0.048438 0.679688 0.048438 0.703125 0.034375 0.732422 0.000000 0.732422
0 0.039062 0.996094 0.039062 0.976562 0.060937 0.929688 0.060937 0.914062 0.090625 0.900391 0.104688 0.910156 0.123438 0.957031 0.117188 0.996094
