0 0.703125 0.919922 0.683594 0.919922 0.669922 0.906250 0.669922 0.894531 0.675781 0.888672 0.695312 0.888672 0.708984 0.906250 0.703125 0.919922
0 0.199219 0.439453 0.181641 0.429688 0.181641 0.417969 0.191406 0.404297 0.210938 0.404297 0.220703 0.414062 0.220703 0.425781 0.199219 0.439453
0 0.996094 0.912109 0.982422 0.902344 0.982422 0.878906 0.996094 0.865234
0 0.566406 0.099609 0.542969 0.099609 0.521484 0.078125 0.517578 0.058594 0.527344 0.048828 0.542969 0.048828 0.572266 0.066406 0.576172 0.089844 0.566406 0.099609
0 0.738281 0.603516 0.714844 0.603516 0.705078 0.593750 0.708984 0.570312 0.730469 0.556641 0.746094 0.564453 0.755859 0.582031 0.755859 0.589844 0.738281 0.603516
0 0.187500 0.599609 0.179688 0.599609 0.166016 0.585938 0.166016 0.566406 0.179688 0.544922 0.203125 0.544922 0.208984 0.550781 0.208984 0.574219 0.201172 0.589844 0.187500 0.599609
0 0.609375 0.884766 0.595703 0.875000 0.595703 0.863281 0.621094 0.845703 0.632812 0.849609 0.638672 0.855469 0.634766 0.867188 0.609375 0.884766
0 0.996094 0.509766 0.986328 0.503906 0.986328 0.468750 0.996094 0.455078
0 0.578125 0.615234 0.531250 0.607422 0.525391 0.593750 0.546875 0.576172 0.570312 0.580078 0.583984 0.589844 0.583984 0.609375 0.578125 0.615234
0 0.558594 0.791016 0.546875 0.791016 0.537109 0.777344 0.554688 0.763672 0.578125 0.759766 0.583984 0.777344 0.558594 0.791016
0 0.386719 0.380859 0.367188 0.380859 0.361328 0.375000 0.361328 0.355469 0.378906 0.337891 0.396484 0.347656 0.396484 0.367188 0.386719 0.380859
0 0.316406 0.548828 0.294922 0.539062 0.294922 0.519531 0.316406 0.494141 0.332031 0.490234 0.341797 0.500000 0.337891 0.523438 0.330078 0.539062 0.316406 0.548828
0 0.656250 0.083984 0.636719 0.083984 0.630859 0.078125 0.630859 0.062500 0.640625 0.052734 0.660156 0.052734 0.666016 0.058594 0.669922 0.070312 0.656250 0.083984
0 0.000000 0.958984 0.011719 0.958984 0.029297 0.972656 0.023438 0.990234 0.000000 0.990234
0 0.148438 0.701172 0.130859 0.695312 0.130859 0.683594 0.144531 0.669922 0.162109 0.679688 0.162109 0.691406 0.148438 0.701172
0 0.890625 0.833984 0.863281 0.833984 0.853516 0.816406 0.871094 0.802734 0.894531 0.802734 0.904297 0.812500 0.904297 0.824219 0.890625 0.833984
0 0.835938 0.958984 0.804688 0.958984 0.791016 0.933594 0.796875 0.927734 0.835938 0.927734 0.845703 0.941406 0.835938 0.958984
0 0.828125 0.802734 0.820312 0.802734 0.798828 0.785156 0.798828 0.777344 0.816406 0.755859 0.833984 0.761719 0.837891 0.792969 0.828125 0.802734
0 0.761719 0.728516 0.750000 0.728516 0.730469 0.716797 0.716797 0.695312 0.730469 0.685547 0.757812 0.689453 0.775391 0.707031 0.775391 0.714844 0.761719 0.728516
0 0.191406 0.990234 0.175781 0.990234 0.162109 0.976562 0.167969 0.958984 0.179688 0.958984 0.197266 0.976562 0.191406 0.990234
0 0.671875 0.470703 0.636719 0.466797 0.630859 0.449219 0.644531 0.439453 0.664062 0.443359 0.677734 0.460938 0.671875 0.470703
0 0.927734 0.000000 0.914062 0.013672 0.898438 0.013672 0.888672 0.000000
0 0.394531 0.662109 0.375000 0.662109 0.365234 0.652344 0.365234 0.640625 0.375000 0.630859 0.386719 0.630859 0.400391 0.644531 0.394531 0.662109
0 0.960938 0.494141 0.945312 0.494141 0.939453 0.488281 0.939453 0.464844 0.949219 0.455078 0.964844 0.455078 0.974609 0.464844 0.974609 0.476562 0.960938 0.494141
0 0.300781 0.658203 0.292969 0.658203 0.279297 0.636719 0.279297 0.621094 0.289062 0.607422 0.310547 0.621094 0.310547 0.640625 0.300781 0.658203
0 0.882812 0.068359 0.871094 0.068359 0.853516 0.054688 0.853516 0.035156 0.867188 0.025391 0.882812 0.029297 0.896484 0.046875 0.882812 0.068359
0 0.070312 0.767578 0.058594 0.767578 0.048828 0.757812 0.048828 0.738281 0.078125 0.724609 0.087891 0.734375 0.087891 0.750000 0.070312 0.767578
0 0.457031 0.466797 0.439453 0.460938 0.439453 0.445312 0.453125 0.419922 0.472656 0.416016 0.482422 0.433594 0.478516 0.445312 0.457031 0.466797
0 0.621094 0.947266 0.589844 0.943359 0.583984 0.925781 0.593750 0.916016 0.625000 0.916016 0.634766 0.925781 0.634766 0.937500 0.621094 0.947266
0 0.199219 0.958984 0.175781 0.958984 0.169922 0.941406 0.179688 0.931641 0.195312 0.927734 0.205078 0.941406 0.199219 0.958984
0 0.195312 0.853516 0.171875 0.853516 0.162109 0.843750 0.162109 0.824219 0.167969 0.818359 0.183594 0.818359 0.197266 0.832031 0.201172 0.847656 0.195312 0.853516
0 0.246094 0.970703 0.226562 0.970703 0.224609 0.953125 0.242188 0.935547 0.261719 0.935547 0.267578 0.949219 0.246094 0.970703
0 0.734375 0.818359 0.714844 0.818359 0.708984 0.812500 0.708984 0.796875 0.726562 0.779297 0.742188 0.779297 0.748047 0.785156 0.748047 0.804688 0.734375 0.818359
0 0.742188 0.759766 0.726562 0.759766 0.716797 0.750000 0.716797 0.738281 0.726562 0.724609 0.746094 0.724609 0.751953 0.730469 0.751953 0.746094 0.742188 0.759766
0 0.425781 0.642578 0.414062 0.642578 0.400391 0.632812 0.400391 0.605469 0.414062 0.583984 0.421875 0.583984 0.435547 0.605469 0.435547 0.628906 0.425781 0.642578
0 0.539062 0.759766 0.523438 0.755859 0.513672 0.746094 0.513672 0.734375 0.527344 0.724609 0.546875 0.728516 0.556641 0.738281 0.556641 0.750000 0.539062 0.759766
0 0.576172 0.996094 0.568359 0.988281 0.568359 0.972656 0.582031 0.958984 0.601562 0.955078 0.611328 0.964844 0.611328 0.980469 0.595703 0.996094
0 0.439453 0.996094 0.453125 0.978516 0.464844 0.978516 0.474609 0.996094
0 0.494141 0.996094 0.503906 0.974609 0.519531 0.974609 0.533203 0.996094
0 0.607422 0.000000 0.603516 0.015625 0.593750 0.025391 0.582031 0.021484 0.568359 0.007812 0.568359 0.000000
0 0.113281 0.955078 0.074219 0.947266 0.060547 0.933594 0.060547 0.925781 0.066406 0.919922 0.113281 0.923828 0.123047 0.933594 0.123047 0.945312 0.113281 0.955078
0 0.394531 0.923828 0.380859 0.917969 0.384766 0.890625 0.390625 0.884766 0.406250 0.884766 0.416016 0.906250 0.394531 0.923828
0 0.875000 0.677734 0.851562 0.677734 0.833984 0.660156 0.843750 0.650391 0.867188 0.646484 0.884766 0.660156 0.875000 0.677734
0 0.880859 0.996094 0.880859 0.988281 0.894531 0.978516 0.906250 0.982422 0.912109 0.996094
0 0.160156 0.732422 0.144531 0.732422 0.134766 0.722656 0.136719 0.701172 0.160156 0.693359 0.166016 0.699219 0.166016 0.726562 0.160156 0.732422
0 0.847656 0.923828 0.835938 0.923828 0.826172 0.914062 0.826172 0.890625 0.843750 0.869141 0.867188 0.865234 0.880859 0.878906 0.880859 0.894531 0.863281 0.916016 0.847656 0.923828
0 0.441406 0.533203 0.429688 0.533203 0.416016 0.519531 0.416016 0.503906 0.425781 0.494141 0.441406 0.494141 0.447266 0.500000 0.447266 0.527344 0.441406 0.533203
0 0.562500 0.873047 0.546875 0.873047 0.533203 0.859375 0.533203 0.843750 0.539062 0.837891 0.562500 0.845703 0.572266 0.855469 0.562500 0.873047
0 0.937500 0.486328 0.923828 0.484375 0.912109 0.460938 0.912109 0.449219 0.921875 0.435547 0.935547 0.445312 0.943359 0.460938 0.937500 0.486328
0 0.324219 0.955078 0.312500 0.955078 0.302734 0.945312 0.302734 0.925781 0.312500 0.916016 0.337891 0.929688 0.333984 0.945312 0.324219 0.955078
0 0.208984 0.996094 0.208984 0.980469 0.218750 0.970703 0.238281 0.970703 0.251953 0.984375 0.251953 0.996094
0 0.230469 0.630859 0.222656 0.630859 0.208984 0.617188 0.208984 0.597656 0.226562 0.580078 0.238281 0.580078 0.244141 0.585938 0.244141 0.617188 0.230469 0.630859
0 0.863281 0.232422 0.843750 0.232422 0.833984 0.222656 0.843750 0.193359 0.855469 0.193359 0.865234 0.203125 0.869141 0.226562 0.863281 0.232422
0 0.578125 0.646484 0.558594 0.646484 0.531250 0.634766 0.521484 0.617188 0.531250 0.607422 0.574219 0.615234 0.583984 0.628906 0.578125 0.646484
