0 0.078125 0.580078 0.058594 0.580078 0.044922 0.566406 0.044922 0.539062 0.062500 0.513672 0.078125 0.505859 0.097656 0.505859 0.111328 0.515625 0.119141 0.546875 0.078125 0.580078
0 0.429688 0.416016 0.427734 0.406250 0.412109 0.390625 0.417969 0.376953 0.451172 0.382812 0.451172 0.398438 0.429688 0.416016
0 0.460938 0.123047 0.443359 0.113281 0.443359 0.082031 0.457031 0.068359 0.484375 0.060547 0.498047 0.074219 0.478516 0.082031 0.478516 0.093750 0.466797 0.105469 0.460938 0.123047
0 0.449219 0.380859 0.425781 0.380859 0.419922 0.375000 0.416016 0.355469 0.425781 0.345703 0.441406 0.349609 0.455078 0.363281 0.449219 0.380859
0 0.296875 0.982422 0.281250 0.982422 0.267578 0.972656 0.273438 0.955078 0.289062 0.958984 0.298828 0.968750 0.296875 0.982422
0 0.515625 0.185547 0.496094 0.185547 0.486328 0.175781 0.496094 0.158203 0.515625 0.154297 0.525391 0.160156 0.529297 0.175781 0.515625 0.185547
0 0.734375 0.591797 0.699219 0.587891 0.677734 0.558594 0.677734 0.527344 0.703125 0.505859 0.730469 0.505859 0.746094 0.513672 0.763672 0.539062 0.767578 0.558594 0.759766 0.574219 0.734375 0.591797
0 0.230469 0.447266 0.208984 0.441406 0.208984 0.414062 0.218750 0.404297 0.234375 0.404297 0.244141 0.414062 0.244141 0.437500 0.230469 0.447266
0 0.410156 0.392578 0.390625 0.392578 0.384766 0.386719 0.388672 0.371094 0.406250 0.361328 0.416016 0.363281 0.416016 0.386719 0.410156 0.392578
0 0.972656 0.646484 0.941406 0.646484 0.923828 0.636719 0.916016 0.617188 0.916016 0.589844 0.929688 0.572266 0.953125 0.572266 0.958984 0.585938 0.976562 0.595703 0.986328 0.609375 0.986328 0.625000 0.972656 0.646484
0 0.507812 0.392578 0.500000 0.380859 0.484375 0.384766 0.480469 0.392578 0.466797 0.363281 0.484375 0.353516 0.507812 0.353516 0.513672 0.363281 0.513672 0.386719 0.507812 0.392578
0 0.507812 0.138672 0.492188 0.138672 0.478516 0.121094 0.478516 0.101562 0.496094 0.083984 0.519531 0.091797 0.525391 0.105469 0.517578 0.128906 0.507812 0.138672
0 0.312500 0.982422 0.298828 0.980469 0.294922 0.957031 0.287109 0.949219 0.287109 0.937500 0.300781 0.927734 0.324219 0.927734 0.333984 0.941406 0.326172 0.968750 0.312500 0.982422
0 0.996094 0.439453 0.976562 0.447266 0.957031 0.439453 0.951172 0.425781 0.951172 0.406250 0.962891 0.386719 0.976562 0.373047 0.992188 0.373047 0.996094 0.380859
0 0.421875 0.431641 0.398438 0.431641 0.380859 0.414062 0.386719 0.392578 0.414062 0.392578 0.427734 0.406250 0.421875 0.431641
