0 0.516667 0.245833 0.505556 0.240278 0.491667 0.243056 0.459722 0.222222 0.448611 0.194444 0.451389 0.191667 0.445833 0.186111 0.448611 0.161111 0.462500 0.130556 0.473611 0.119444 0.494444 0.081944 0.522222 0.062500 0.555556 0.059722 0.572222 0.068056 0.587500 0.086111 0.595833 0.111111 0.612500 0.133333 0.612500 0.138889 0.601389 0.169444 0.584722 0.197222 0.576389 0.202778 0.576389 0.208333 0.561111 0.220833 0.552778 0.220833 0.527778 0.237500 0.519444 0.237500 0.516667 0.245833
0 0.933333 0.668056 0.922222 0.668056 0.918056 0.663889 0.916667 0.648611 0.940278 0.647222 0.940278 0.661111 0.933333 0.668056
0 0.177778 0.373611 0.138889 0.373611 0.094444 0.354167 0.081944 0.341667 0.081944 0.305556 0.094444 0.293056 0.133333 0.270833 0.154167 0.238889 0.172222 0.220833 0.191667 0.212500 0.225000 0.215278 0.256944 0.247222 0.262500 0.277778 0.248611 0.300000 0.243056 0.319444 0.220833 0.352778 0.200000 0.368056 0.177778 0.373611
0 0.470833 0.997222 0.459722 0.941667 0.459722 0.905556 0.472222 0.884722 0.480556 0.884722 0.502778 0.873611 0.522222 0.873611 0.538889 0.881944 0.573611 0.916667 0.587500 0.961111 0.584722 0.997222
0 0.726389 0.997222 0.715278 0.991667 0.715278 0.977778 0.727778 0.959722 0.747222 0.951389 0.775000 0.951389 0.813889 0.970833 0.844444 0.973611 0.881944 0.997222
0 0.286111 0.865278 0.261111 0.865278 0.244444 0.856944 0.204167 0.816667 0.195833 0.791667 0.195833 0.761111 0.227778 0.734722 0.313889 0.695833 0.338889 0.695833 0.372222 0.709722 0.393056 0.733333 0.398611 0.750000 0.395833 0.794444 0.366667 0.823611 0.352778 0.829167 0.341667 0.840278 0.286111 0.865278
0 0.000000 0.520833 0.022222 0.512500 0.052778 0.520833 0.070833 0.538889 0.079167 0.561111 0.076389 0.600000 0.065278 0.622222 0.059722 0.647222 0.025000 0.684722 0.000000 0.698611
0 0.997222 0.726389 0.983333 0.720833 0.973611 0.705556 0.973611 0.675000 0.987500 0.647222 0.980556 0.651389 0.944444 0.651389 0.909722 0.622222 0.912500 0.594444 0.940278 0.538889 0.952778 0.523611 0.969444 0.512500 0.997222 0.504167
0 0.733333 0.284722 0.697222 0.284722 0.669444 0.276389 0.654167 0.261111 0.645833 0.244444 0.645833 0.222222 0.654167 0.202778 0.694444 0.165278 0.719444 0.154167 0.763889 0.156944 0.808333 0.179167 0.820833 0.194444 0.823611 0.213889 0.812500 0.238889 0.802778 0.248611 0.763889 0.276389 0.733333 0.284722
0 0.905556 0.573611 0.891667 0.570833 0.876389 0.552778 0.876389 0.530556 0.883333 0.523611 0.902778 0.523611 0.918056 0.541667 0.918056 0.558333 0.905556 0.573611
0 0.000000 0.920833 0.001389 0.958333 0.016667 0.965278 0.023611 0.975000 0.026389 0.997222
0 0.741667 0.820833 0.722222 0.815278 0.695833 0.791667 0.676389 0.755556 0.673611 0.741667 0.673611 0.697222 0.684722 0.669444 0.691667 0.662500 0.702778 0.662500 0.733333 0.651389 0.761111 0.656944 0.784722 0.680556 0.781944 0.688889 0.790278 0.697222 0.781944 0.780556 0.776389 0.797222 0.763889 0.812500 0.741667 0.820833
0 0.375000 0.595833 0.327778 0.595833 0.286111 0.576389 0.273611 0.563889 0.259722 0.530556 0.256944 0.497222 0.277778 0.473611 0.297222 0.465278 0.338889 0.465278 0.369444 0.476389 0.380556 0.476389 0.411111 0.451389 0.436111 0.448611 0.462500 0.475000 0.470833 0.491667 0.462500 0.558333 0.408333 0.587500 0.375000 0.595833
0 0.863889 0.909722 0.847222 0.901389 0.843056 0.908333 0.843056 0.897222 0.831944 0.883333 0.826389 0.861111 0.829167 0.833333 0.837500 0.811111 0.834722 0.808333 0.840278 0.802778 0.845833 0.761111 0.854167 0.736111 0.880556 0.715278 0.902778 0.712500 0.925000 0.726389 0.951389 0.761111 0.954167 0.797222 0.943056 0.819444 0.912500 0.852778 0.909722 0.875000 0.898611 0.891667 0.883333 0.904167 0.863889 0.909722
0 0.950000 0.520833 0.936111 0.520833 0.923611 0.505556 0.923611 0.486111 0.927778 0.479167 0.950000 0.476389 0.965278 0.491667 0.965278 0.508333 0.950000 0.520833
0 0.616667 0.798611 0.575000 0.795833 0.544444 0.776389 0.533333 0.776389 0.500000 0.759722 0.481944 0.741667 0.481944 0.719444 0.495833 0.697222 0.516667 0.684722 0.563889 0.684722 0.586111 0.690278 0.627778 0.690278 0.650000 0.698611 0.659722 0.711111 0.662500 0.744444 0.645833 0.777778 0.630556 0.793056 0.616667 0.798611
0 0.126389 0.000000 0.125000 0.004167 0.102778 0.009722 0.094444 0.006944 0.063889 0.018056 0.036111 0.018056 0.025000 0.023611 0.005556 0.018056 0.000000 0.009722
0 0.461111 0.729167 0.419444 0.729167 0.409722 0.719444 0.404167 0.702778 0.404167 0.680556 0.426389 0.638889 0.452778 0.612500 0.488889 0.593056 0.525000 0.590278 0.536111 0.584722 0.561111 0.584722 0.580556 0.593056 0.590278 0.608333 0.590278 0.622222 0.577778 0.626389 0.570833 0.638889 0.538889 0.670833 0.491667 0.695833 0.484722 0.711111 0.461111 0.729167
0 0.523611 0.000000 0.500000 0.034722 0.466667 0.048611 0.436111 0.048611 0.391667 0.031944 0.373611 0.013889 0.370833 0.000000
0 0.840278 0.000000 0.837500 0.038889 0.826389 0.058333 0.800000 0.081944 0.755556 0.095833 0.711111 0.095833 0.680556 0.076389 0.663889 0.070833 0.648611 0.036111 0.645833 0.000000
0 0.594444 0.512500 0.561111 0.512500 0.547222 0.506944 0.529167 0.491667 0.515278 0.458333 0.526389 0.413889 0.547222 0.387500 0.566667 0.376389 0.633333 0.359722 0.661111 0.362500 0.672222 0.368056 0.690278 0.388889 0.690278 0.402778 0.695833 0.413889 0.693056 0.438889 0.670833 0.466667 0.647222 0.484722 0.616667 0.504167 0.594444 0.512500
0 0.218056 0.997222 0.212500 0.994444 0.212500 0.986111 0.233333 0.965278 0.247222 0.959722 0.297222 0.962500 0.320833 0.983333 0.329167 0.997222
