0 0.546875 0.986328 0.511719 0.986328 0.482422 0.941406 0.486328 0.921875 0.507812 0.900391 0.527344 0.896484 0.550781 0.904297 0.576172 0.929688 0.580078 0.945312 0.572266 0.968750 0.546875 0.986328
0 0.996094 0.037109 0.980469 0.048828 0.953125 0.052734 0.939453 0.039062 0.931641 0.019531 0.933594 0.009766 0.949219 0.001953 0.996094 0.005859
0 0.996094 0.904297 0.953125 0.900391 0.939453 0.886719 0.931641 0.867188 0.931641 0.843750 0.953125 0.818359 0.996094 0.814453
0 0.929688 0.669922 0.906250 0.666016 0.884766 0.640625 0.884766 0.613281 0.910156 0.591797 0.937500 0.599609 0.958984 0.628906 0.955078 0.652344 0.929688 0.669922
0 0.597656 0.166016 0.582031 0.162109 0.568359 0.148438 0.548828 0.109375 0.556641 0.082031 0.578125 0.064453 0.609375 0.064453 0.625000 0.072266 0.646484 0.101562 0.642578 0.136719 0.617188 0.158203 0.597656 0.166016
0 0.851562 0.166016 0.824219 0.162109 0.806641 0.148438 0.814453 0.117188 0.814453 0.062500 0.820312 0.056641 0.867188 0.056641 0.876953 0.066406 0.876953 0.078125 0.892578 0.093750 0.892578 0.109375 0.880859 0.128906 0.876953 0.152344 0.851562 0.166016
0 0.906250 0.357422 0.875000 0.353516 0.849609 0.324219 0.861328 0.285156 0.861328 0.261719 0.878906 0.244141 0.906250 0.244141 0.921875 0.251953 0.939453 0.277344 0.931641 0.332031 0.906250 0.357422
0 0.144531 0.244141 0.117188 0.240234 0.099609 0.222656 0.099609 0.195312 0.125000 0.169922 0.167969 0.166016 0.185547 0.183594 0.185547 0.214844 0.167969 0.236328 0.144531 0.244141
0 0.800781 0.314453 0.777344 0.314453 0.761719 0.306641 0.744141 0.281250 0.744141 0.261719 0.751953 0.246094 0.777344 0.224609 0.808594 0.224609 0.832031 0.236328 0.841797 0.250000 0.841797 0.277344 0.833984 0.296875 0.824219 0.306641 0.800781 0.314453
0 0.667969 0.458984 0.636719 0.451172 0.619141 0.433594 0.615234 0.378906 0.628906 0.365234 0.652344 0.365234 0.667969 0.373047 0.712891 0.414062 0.712891 0.425781 0.667969 0.458984
0 0.000000 0.533203 0.019531 0.517578 0.046875 0.517578 0.068359 0.539062 0.068359 0.562500 0.050781 0.583984 0.019531 0.583984 0.000000 0.564453
0 0.996094 0.345703 0.982422 0.324219 0.982422 0.304688 0.996094 0.287109
0 0.619141 0.996094 0.619141 0.988281 0.636719 0.970703 0.652344 0.966797 0.679688 0.970703 0.710938 0.986328 0.716797 0.996094
0 0.910156 0.470703 0.882812 0.470703 0.867188 0.462891 0.849609 0.441406 0.849609 0.402344 0.871094 0.373047 0.917969 0.376953 0.939453 0.394531 0.947266 0.410156 0.943359 0.441406 0.910156 0.470703
0 0.144531 0.919922 0.109375 0.916016 0.083984 0.882812 0.083984 0.859375 0.105469 0.833984 0.152344 0.833984 0.177734 0.863281 0.173828 0.898438 0.144531 0.919922
0 0.675781 0.298828 0.636719 0.294922 0.615234 0.273438 0.611328 0.261719 0.615234 0.226562 0.644531 0.205078 0.683594 0.208984 0.708984 0.242188 0.708984 0.273438 0.675781 0.298828
0 0.892578 0.000000 0.888672 0.015625 0.878906 0.025391 0.863281 0.033203 0.832031 0.029297 0.824219 0.037109 0.792969 0.029297 0.771484 0.000000
0 0.000000 0.912109 0.021484 0.929688 0.025391 0.941406 0.017578 0.968750 0.000000 0.978516
0 0.320312 0.904297 0.296875 0.904297 0.275391 0.890625 0.267578 0.875000 0.267578 0.855469 0.277344 0.841797 0.320312 0.837891 0.337891 0.851562 0.341797 0.875000 0.320312 0.904297
0 0.996094 0.751953 0.980469 0.751953 0.958984 0.726562 0.962891 0.687500 0.972656 0.677734 0.996094 0.673828
0 0.814453 0.996094 0.830078 0.953125 0.851562 0.935547 0.878906 0.935547 0.896484 0.949219 0.900391 0.996094
0 0.710938 0.736328 0.679688 0.732422 0.666016 0.710938 0.669922 0.695312 0.699219 0.673828 0.714844 0.677734 0.732422 0.699219 0.728516 0.718750 0.710938 0.736328
0 0.703125 0.572266 0.675781 0.568359 0.662109 0.546875 0.666016 0.531250 0.691406 0.513672 0.710938 0.513672 0.732422 0.531250 0.732422 0.546875 0.703125 0.572266
0 0.908203 0.996094 0.912109 0.984375 0.945312 0.958984 0.976562 0.958984 0.996094 0.970703
0 0.738281 0.166016 0.714844 0.162109 0.701172 0.148438 0.701172 0.082031 0.726562 0.052734 0.761719 0.048828 0.791016 0.074219 0.794922 0.109375 0.787109 0.136719 0.773438 0.154297 0.738281 0.166016
0 0.875000 0.888672 0.851562 0.888672 0.826172 0.867188 0.826172 0.851562 0.839844 0.837891 0.859375 0.833984 0.880859 0.847656 0.888672 0.867188 0.875000 0.888672
0 0.359375 0.068359 0.335938 0.068359 0.322266 0.054688 0.322266 0.031250 0.335938 0.013672 0.359375 0.013672 0.380859 0.035156 0.380859 0.046875 0.359375 0.068359
0 0.205078 0.996094 0.205078 0.984375 0.230469 0.966797 0.261719 0.974609 0.279297 0.988281 0.279297 0.996094
0 0.392578 0.996094 0.392578 0.976562 0.400391 0.960938 0.429688 0.943359 0.445312 0.943359 0.462891 0.953125 0.482422 0.980469 0.482422 0.996094
0 0.416016 0.000000 0.402344 0.013672 0.382812 0.013672 0.357422 0.000000
0 0.996094 0.220703 0.953125 0.224609 0.927734 0.199219 0.919922 0.167969 0.919922 0.136719 0.933594 0.119141 0.968750 0.119141 0.980469 0.107422 0.996094 0.107422
0 0.255859 0.000000 0.251953 0.011719 0.238281 0.021484 0.191406 0.017578 0.166016 0.000000
