0 0.576389 0.000000 0.576389 0.008333 0.598611 0.052778 0.598611 0.097222 0.581944 0.133333 0.550000 0.162500 0.527778 0.162500 0.500000 0.140278 0.490278 0.127778 0.481944 0.102778 0.479167 0.080556 0.487500 0.050000 0.487500 0.030556 0.515278 0.000000
0 0.666667 0.887500 0.633333 0.887500 0.613889 0.881944 0.595833 0.869444 0.590278 0.855556 0.604167 0.811111 0.606944 0.763889 0.616667 0.754167 0.630556 0.748611 0.634722 0.750000 0.626389 0.755556 0.626389 0.761111 0.650000 0.770833 0.670833 0.794444 0.679167 0.811111 0.701389 0.827778 0.698611 0.850000 0.687500 0.869444 0.666667 0.887500
0 0.766667 0.504167 0.755556 0.504167 0.730556 0.493056 0.693056 0.461111 0.676389 0.422222 0.679167 0.400000 0.675000 0.395833 0.663889 0.412500 0.644444 0.423611 0.611111 0.420833 0.587500 0.400000 0.570833 0.375000 0.568056 0.311111 0.573611 0.286111 0.590278 0.261111 0.608333 0.245833 0.627778 0.243056 0.652778 0.254167 0.687500 0.291667 0.690278 0.319444 0.681944 0.344444 0.681944 0.369444 0.677778 0.373611 0.684722 0.372222 0.684722 0.358333 0.695833 0.338889 0.713889 0.320833 0.733333 0.312500 0.772222 0.315278 0.800000 0.331944 0.815278 0.350000 0.829167 0.386111 0.826389 0.461111 0.815278 0.483333 0.802778 0.493056 0.766667 0.504167
0 0.291667 0.576389 0.266667 0.576389 0.247222 0.568056 0.231944 0.552778 0.229167 0.480556 0.231944 0.463889 0.248611 0.436111 0.259722 0.402778 0.280556 0.381944 0.319444 0.381944 0.336111 0.393056 0.345833 0.405556 0.354167 0.427778 0.359722 0.488889 0.348611 0.516667 0.331944 0.541667 0.302778 0.570833 0.291667 0.576389
0 0.213889 0.229167 0.163889 0.229167 0.144444 0.220833 0.126389 0.200000 0.123611 0.177778 0.134722 0.133333 0.143056 0.116667 0.169444 0.090278 0.177778 0.087500 0.208333 0.090278 0.227778 0.104167 0.248611 0.130556 0.245833 0.133333 0.254167 0.152778 0.254167 0.194444 0.245833 0.211111 0.233333 0.223611 0.213889 0.229167
0 0.927778 0.351389 0.905556 0.351389 0.883333 0.340278 0.848611 0.302778 0.834722 0.280556 0.820833 0.238889 0.820833 0.225000 0.826389 0.205556 0.831944 0.202778 0.829167 0.200000 0.841667 0.190278 0.858333 0.184722 0.886111 0.187500 0.902778 0.195833 0.905556 0.193056 0.929167 0.211111 0.943056 0.233333 0.965278 0.255556 0.970833 0.269444 0.970833 0.302778 0.954167 0.333333 0.941667 0.345833 0.933333 0.345833 0.927778 0.351389
0 0.898611 0.997222 0.898611 0.988889 0.840278 0.930556 0.815278 0.880556 0.806944 0.838889 0.806944 0.811111 0.812500 0.786111 0.826389 0.761111 0.844444 0.748611 0.858333 0.745833 0.883333 0.748611 0.902778 0.756944 0.952778 0.793056 0.962500 0.805556 0.959722 0.808333 0.966667 0.809722 0.979167 0.822222 0.981944 0.836111 0.997222 0.851389
0 0.702778 0.820833 0.688889 0.820833 0.659722 0.780556 0.650000 0.770833 0.627778 0.762500 0.626389 0.755556 0.638889 0.751389 0.661111 0.734722 0.680556 0.734722 0.719444 0.745833 0.734722 0.766667 0.734722 0.791667 0.727778 0.806944 0.702778 0.820833
0 0.175000 0.420833 0.147222 0.418056 0.126389 0.400000 0.115278 0.380556 0.115278 0.352778 0.134722 0.280556 0.140278 0.277778 0.145833 0.261111 0.161111 0.254167 0.188889 0.254167 0.197222 0.259722 0.212500 0.277778 0.226389 0.305556 0.226389 0.363889 0.220833 0.380556 0.200000 0.404167 0.175000 0.420833
0 0.101389 0.000000 0.115278 0.013889 0.126389 0.038889 0.129167 0.094444 0.123611 0.102778 0.123611 0.116667 0.112500 0.138889 0.091667 0.162500 0.077778 0.168056 0.050000 0.165278 0.041667 0.170833 0.015278 0.147222 0.015278 0.136111 0.009722 0.133333 0.001389 0.108333 0.001389 0.066667 0.009722 0.044444 0.009722 0.027778 0.015278 0.016667 0.034722 0.000000
0 0.733333 0.204167 0.711111 0.204167 0.677778 0.190278 0.654167 0.166667 0.645833 0.141667 0.643056 0.097222 0.651389 0.066667 0.651389 0.050000 0.661111 0.034722 0.688889 0.020833 0.708333 0.020833 0.733333 0.029167 0.756944 0.061111 0.759722 0.080556 0.765278 0.088889 0.770833 0.122222 0.768056 0.158333 0.754167 0.188889 0.733333 0.204167
0 0.655556 0.684722 0.633333 0.684722 0.622222 0.679167 0.606944 0.661111 0.595833 0.633333 0.573611 0.605556 0.568056 0.566667 0.575000 0.554167 0.586111 0.551389 0.584722 0.547222 0.600000 0.537500 0.602778 0.540278 0.608333 0.534722 0.636111 0.534722 0.652778 0.540278 0.673611 0.558333 0.681944 0.572222 0.690278 0.611111 0.687500 0.636111 0.679167 0.661111 0.655556 0.684722
0 0.404167 0.000000 0.431944 0.041667 0.443056 0.102778 0.434722 0.152778 0.422222 0.168056 0.408333 0.173611 0.388889 0.173611 0.375000 0.168056 0.359722 0.155556 0.345833 0.133333 0.340278 0.100000 0.331944 0.086111 0.331944 0.038889 0.340278 0.011111 0.354167 0.000000
0 0.000000 0.862500 0.006944 0.866667 0.012500 0.880556 0.025000 0.893056 0.031944 0.894444 0.040278 0.908333 0.037500 0.933333 0.016667 0.945833 0.000000 0.948611
0 0.997222 0.073611 0.991667 0.081944 0.980556 0.081944 0.952778 0.073611 0.931944 0.055556 0.929167 0.041667 0.923611 0.038889 0.923611 0.011111 0.929167 0.000000
0 0.266667 0.787500 0.202778 0.784722 0.201389 0.777778 0.187500 0.766667 0.179167 0.752778 0.179167 0.730556 0.195833 0.708333 0.204167 0.683333 0.216667 0.670833 0.250000 0.656944 0.291667 0.651389 0.302778 0.656944 0.318056 0.675000 0.320833 0.711111 0.309722 0.727778 0.309722 0.755556 0.301389 0.769444 0.288889 0.779167 0.266667 0.787500
0 0.466667 0.790278 0.430556 0.790278 0.394444 0.770833 0.381944 0.761111 0.381944 0.750000 0.368056 0.722222 0.368056 0.691667 0.373611 0.675000 0.370833 0.672222 0.379167 0.655556 0.390278 0.644444 0.390278 0.638889 0.406944 0.627778 0.405556 0.623611 0.422222 0.618056 0.427778 0.620833 0.436111 0.615278 0.450000 0.615278 0.477778 0.631944 0.501389 0.658333 0.512500 0.688889 0.515278 0.722222 0.509722 0.750000 0.491667 0.773611 0.472222 0.787500 0.469444 0.784722 0.466667 0.790278
0 0.741667 0.701389 0.719444 0.698611 0.704167 0.686111 0.704167 0.652778 0.729167 0.616667 0.733333 0.593056 0.752778 0.601389 0.783333 0.604167 0.790278 0.608333 0.795833 0.622222 0.795833 0.650000 0.787500 0.663889 0.755556 0.698611 0.741667 0.701389
0 0.422222 0.370833 0.394444 0.365278 0.381944 0.350000 0.370833 0.319444 0.370833 0.263889 0.376389 0.227778 0.398611 0.194444 0.419444 0.173611 0.447222 0.168056 0.469444 0.184722 0.475000 0.184722 0.481944 0.194444 0.490278 0.213889 0.490278 0.230556 0.484722 0.233333 0.487500 0.255556 0.468056 0.330556 0.459722 0.336111 0.459722 0.341667 0.438889 0.365278 0.422222 0.370833
0 0.775000 0.601389 0.752778 0.601389 0.738889 0.593056 0.727778 0.593056 0.698611 0.563889 0.684722 0.541667 0.679167 0.522222 0.679167 0.500000 0.691667 0.487500 0.713889 0.487500 0.765278 0.541667 0.779167 0.575000 0.779167 0.597222 0.775000 0.601389
