0 0.119253 0.443269 0.110632 0.439423 0.105603 0.430769 0.102730 0.396154 0.109914 0.369231 0.114943 0.362500 0.122126 0.358654 0.129310 0.362500 0.132902 0.369231 0.132902 0.400000 0.128592 0.430769 0.119253 0.443269
0 0.646552 0.460577 0.633621 0.460577 0.621408 0.444231 0.621408 0.428846 0.624282 0.419231 0.637931 0.404808 0.655172 0.406731 0.664511 0.421154 0.664511 0.434615 0.661638 0.446154 0.653736 0.456731 0.646552 0.460577
0 0.896552 0.862500 0.886494 0.858654 0.882902 0.853846 0.880029 0.842308 0.862787 0.825000 0.861351 0.813462 0.873563 0.797115 0.885057 0.795192 0.897989 0.800962 0.898707 0.807692 0.910201 0.821154 0.913075 0.836538 0.911638 0.848077 0.906609 0.856731 0.896552 0.862500
0 0.854885 0.508654 0.846264 0.506731 0.834770 0.497115 0.828305 0.484615 0.828305 0.473077 0.834770 0.462500 0.853448 0.447115 0.860632 0.445192 0.869971 0.461538 0.869971 0.486538 0.862787 0.501923 0.854885 0.508654
0 0.484195 0.172115 0.461207 0.168269 0.446839 0.158654 0.438937 0.148077 0.434626 0.136538 0.434626 0.121154 0.439655 0.108654 0.454023 0.099038 0.477011 0.099038 0.485632 0.102885 0.489943 0.108654 0.498563 0.110577 0.513649 0.128846 0.515086 0.146154 0.509339 0.157692 0.497126 0.168269 0.484195 0.172115
0 0.942529 0.558654 0.929598 0.552885 0.920259 0.528846 0.920259 0.519231 0.929598 0.510577 0.942529 0.512500 0.951868 0.528846 0.948994 0.546154 0.942529 0.558654
0 0.238506 0.714423 0.232759 0.712500 0.227730 0.705769 0.220546 0.686538 0.219109 0.651923 0.224138 0.641346 0.234195 0.641346 0.239943 0.645192 0.247845 0.655769 0.253592 0.669231 0.255029 0.688462 0.252155 0.701923 0.247126 0.710577 0.238506 0.714423
0 0.948276 0.243269 0.941092 0.243269 0.933190 0.234615 0.927443 0.221154 0.927443 0.213462 0.932471 0.206731 0.938218 0.204808 0.959770 0.204808 0.966954 0.208654 0.973420 0.217308 0.976293 0.228846 0.971264 0.235577 0.955460 0.237500 0.948276 0.243269
0 0.931034 0.472115 0.916667 0.472115 0.907328 0.457692 0.903017 0.446154 0.903017 0.436538 0.910920 0.425962 0.928161 0.418269 0.941092 0.418269 0.956178 0.430769 0.956178 0.446154 0.946839 0.458654 0.931034 0.472115
0 0.698276 0.566346 0.673851 0.562500 0.667385 0.555769 0.665948 0.513462 0.672414 0.504808 0.689655 0.504808 0.703305 0.525000 0.703305 0.557692 0.698276 0.566346
0 0.590517 0.762500 0.568966 0.762500 0.566810 0.759615 0.563937 0.751923 0.563937 0.738462 0.571839 0.722115 0.580460 0.720192 0.601293 0.740385 0.601293 0.751923 0.590517 0.762500
0 0.998563 0.545192 0.993534 0.538462 0.994971 0.513462 0.998563 0.510577
0 0.140805 0.345192 0.130747 0.345192 0.122126 0.337500 0.117816 0.337500 0.112069 0.333654 0.108477 0.325000 0.109914 0.313462 0.118534 0.290385 0.123563 0.281731 0.130747 0.275962 0.139368 0.277885 0.147270 0.288462 0.151580 0.307692 0.150144 0.328846 0.145833 0.340385 0.140805 0.345192
0 0.831897 0.839423 0.811782 0.839423 0.804598 0.835577 0.796695 0.825000 0.796695 0.815385 0.806753 0.803846 0.813218 0.789423 0.829023 0.787500 0.841236 0.801923 0.844109 0.809615 0.844109 0.825000 0.831897 0.839423
0 0.202586 0.399038 0.195402 0.397115 0.186063 0.384615 0.176006 0.361538 0.176006 0.344231 0.178879 0.334615 0.183908 0.329808 0.191092 0.331731 0.201868 0.346154 0.207615 0.363462 0.209052 0.388462 0.207615 0.394231 0.202586 0.399038
0 0.685345 0.162500 0.669540 0.160577 0.663075 0.153846 0.660201 0.146154 0.660201 0.128846 0.663075 0.119231 0.670977 0.110577 0.682471 0.112500 0.691810 0.126923 0.691810 0.148077 0.690374 0.155769 0.685345 0.162500
0 0.537356 0.529808 0.530172 0.527885 0.525144 0.521154 0.525144 0.511538 0.528017 0.505769 0.538793 0.489423 0.545977 0.483654 0.563218 0.485577 0.572557 0.503846 0.571121 0.509615 0.561782 0.520192 0.556034 0.520192 0.553161 0.524038 0.547414 0.524038 0.537356 0.529808
0 0.113506 0.970192 0.090517 0.970192 0.079023 0.962500 0.075431 0.955769 0.075431 0.944231 0.084770 0.931731 0.091954 0.927885 0.099138 0.927885 0.110632 0.933654 0.122845 0.950000 0.119971 0.963462 0.113506 0.970192
0 0.730603 0.998077 0.726293 0.971154 0.729167 0.961538 0.735632 0.954808 0.745690 0.954808 0.759339 0.967308 0.759339 0.973077 0.763649 0.980769 0.760776 0.986538 0.763649 0.998077
0 0.275862 0.445192 0.261494 0.441346 0.247845 0.413462 0.250718 0.396154 0.261494 0.383654 0.277299 0.385577 0.285201 0.396154 0.289511 0.407692 0.289511 0.423077 0.283764 0.436538 0.275862 0.445192
0 0.464080 0.504808 0.452586 0.500962 0.445402 0.502885 0.436063 0.494231 0.431753 0.465385 0.436782 0.458654 0.448276 0.458654 0.456897 0.466346 0.471264 0.470192 0.479167 0.478846 0.480603 0.490385 0.474138 0.499038 0.464080 0.504808
0 0.134339 0.998077 0.135776 0.990385 0.142241 0.983654 0.153736 0.989423 0.165230 0.985577 0.173851 0.991346 0.177443 0.998077
0 0.998563 0.895192 0.992816 0.895192 0.989224 0.890385 0.986351 0.882692 0.987787 0.867308 0.975575 0.860577 0.971983 0.853846 0.974856 0.844231 0.987069 0.829808 0.994253 0.829808 0.998563 0.835577
0 0.090517 0.079808 0.074713 0.079808 0.066092 0.074038 0.059626 0.061538 0.059626 0.050000 0.062500 0.040385 0.070402 0.033654 0.074713 0.025962 0.091954 0.027885 0.106322 0.037500 0.109914 0.044231 0.109914 0.059615 0.097701 0.075962 0.090517 0.079808
0 0.806034 0.660577 0.797414 0.660577 0.787356 0.654808 0.776580 0.642308 0.769397 0.623077 0.769397 0.609615 0.774425 0.602885 0.793103 0.604808 0.806753 0.617308 0.813937 0.638462 0.813937 0.650000 0.806034 0.660577
0 0.369253 0.758654 0.357759 0.758654 0.343391 0.750962 0.334052 0.734615 0.335489 0.721154 0.343391 0.712500 0.369253 0.712500 0.376437 0.718269 0.382902 0.726923 0.382902 0.742308 0.376437 0.754808 0.369253 0.758654
0 0.727011 0.856731 0.715517 0.856731 0.709770 0.843269 0.692529 0.835577 0.688937 0.830769 0.688937 0.809615 0.696839 0.799038 0.706897 0.795192 0.722701 0.797115 0.733477 0.811538 0.734914 0.838462 0.727011 0.856731
0 0.195402 0.685577 0.185345 0.685577 0.176724 0.679808 0.170259 0.673077 0.164511 0.661538 0.161638 0.651923 0.160201 0.617308 0.163075 0.609615 0.168103 0.604808 0.176724 0.602885 0.185345 0.606731 0.191810 0.613462 0.201868 0.634615 0.204741 0.650000 0.204741 0.671154 0.203305 0.676923 0.195402 0.685577
0 0.883621 0.462500 0.872126 0.462500 0.864224 0.453846 0.858477 0.432692 0.858477 0.413462 0.862069 0.408654 0.872126 0.410577 0.880747 0.418269 0.889368 0.420192 0.900144 0.434615 0.894397 0.450000 0.883621 0.462500
0 0.000000 0.799038 0.007184 0.800962 0.015086 0.811538 0.013649 0.826923 0.000000 0.839423
0 0.731322 0.397115 0.725575 0.397115 0.714080 0.389423 0.707615 0.378846 0.706178 0.357692 0.710489 0.344231 0.715517 0.337500 0.727011 0.335577 0.736351 0.344231 0.737787 0.386538 0.731322 0.397115
0 0.630747 0.952885 0.613506 0.949038 0.599138 0.939423 0.594109 0.932692 0.592672 0.903846 0.597701 0.897115 0.610632 0.895192 0.617816 0.899038 0.627155 0.917308 0.637213 0.928846 0.638649 0.944231 0.635057 0.950962 0.630747 0.952885
0 0.110632 0.922115 0.102011 0.920192 0.096983 0.913462 0.095546 0.903846 0.084052 0.888462 0.084052 0.875000 0.093391 0.862500 0.110632 0.870192 0.120690 0.868269 0.125718 0.876923 0.124282 0.896154 0.110632 0.922115
0 0.946839 0.354808 0.919540 0.343269 0.905891 0.321154 0.903017 0.313462 0.903017 0.301923 0.909483 0.295192 0.913793 0.295192 0.933908 0.308654 0.951868 0.334615 0.953305 0.348077 0.946839 0.354808
0 0.949713 0.074038 0.943966 0.072115 0.937500 0.061538 0.937500 0.050000 0.943247 0.034615 0.951149 0.024038 0.964080 0.014423 0.972701 0.012500 0.981322 0.016346 0.983477 0.019231 0.982040 0.030769 0.959052 0.065385 0.949713 0.074038
0 0.260057 0.608654 0.250000 0.608654 0.241379 0.602885 0.234914 0.584615 0.236351 0.573077 0.242098 0.561538 0.248563 0.552885 0.254310 0.550962 0.260057 0.550962 0.270115 0.558654 0.276580 0.573077 0.275144 0.594231 0.268678 0.602885 0.260057 0.608654
0 0.392241 0.152885 0.379310 0.152885 0.372845 0.144231 0.371408 0.130769 0.381466 0.098077 0.389368 0.087500 0.396552 0.085577 0.405172 0.089423 0.408764 0.094231 0.414511 0.109615 0.414511 0.119231 0.407328 0.136538 0.392241 0.152885
0 0.178161 0.912500 0.152299 0.912500 0.145115 0.908654 0.140086 0.898077 0.140086 0.882692 0.143678 0.875962 0.156609 0.879808 0.162356 0.879808 0.166667 0.875962 0.181034 0.877885 0.186063 0.888462 0.186063 0.901923 0.178161 0.912500
0 0.150862 0.139423 0.137931 0.139423 0.130029 0.130769 0.130029 0.109615 0.142241 0.087500 0.146552 0.087500 0.158046 0.077885 0.169540 0.077885 0.177443 0.090385 0.176006 0.103846 0.168822 0.121154 0.158046 0.135577 0.150862 0.139423
0 0.326149 0.583654 0.318966 0.583654 0.314655 0.579808 0.309626 0.571154 0.305316 0.555769 0.305316 0.544231 0.309626 0.530769 0.311063 0.513462 0.318966 0.500962 0.323276 0.499038 0.329023 0.500962 0.334052 0.507692 0.336925 0.525000 0.334052 0.569231 0.326149 0.583654
0 0.557471 0.260577 0.544540 0.258654 0.530172 0.247115 0.525144 0.234615 0.526580 0.223077 0.545977 0.208654 0.558908 0.208654 0.566092 0.212500 0.573994 0.234615 0.571121 0.246154 0.561782 0.258654 0.557471 0.260577
0 0.724138 0.474038 0.711207 0.472115 0.704741 0.465385 0.701868 0.457692 0.703305 0.430769 0.707615 0.419231 0.714080 0.410577 0.721264 0.410577 0.729167 0.421154 0.729167 0.428846 0.733477 0.440385 0.732040 0.465385 0.724138 0.474038
0 0.632184 0.770192 0.617816 0.762500 0.609914 0.751923 0.607040 0.719231 0.609914 0.709615 0.616379 0.700962 0.627874 0.700962 0.635057 0.706731 0.639368 0.706731 0.650144 0.725000 0.648707 0.730769 0.651580 0.738462 0.648707 0.755769 0.637931 0.768269 0.632184 0.770192
0 0.727011 0.675962 0.714080 0.675962 0.704023 0.668269 0.683908 0.670192 0.674569 0.659615 0.676006 0.646154 0.679598 0.641346 0.683908 0.641346 0.691092 0.631731 0.712644 0.633654 0.730603 0.655769 0.730603 0.671154 0.727011 0.675962
0 0.695402 0.795192 0.682471 0.793269 0.672414 0.783654 0.659483 0.779808 0.654454 0.767308 0.657328 0.753846 0.663793 0.747115 0.670977 0.747115 0.699713 0.766346 0.704741 0.773077 0.704741 0.786538 0.695402 0.795192
0 0.752874 0.550962 0.741379 0.550962 0.735632 0.547115 0.723420 0.528846 0.720546 0.511538 0.727011 0.500962 0.734195 0.499038 0.744253 0.502885 0.748563 0.508654 0.758621 0.512500 0.765086 0.521154 0.765086 0.538462 0.752874 0.550962
0 0.742816 0.774038 0.725575 0.774038 0.720546 0.767308 0.720546 0.750000 0.731322 0.735577 0.744253 0.729808 0.757184 0.729808 0.765086 0.738462 0.766523 0.748077 0.757184 0.762500 0.742816 0.774038
0 0.978448 0.177885 0.964080 0.174038 0.959770 0.168269 0.949713 0.162500 0.933190 0.142308 0.930316 0.126923 0.936782 0.114423 0.961207 0.114423 0.982040 0.132692 0.987787 0.146154 0.989224 0.157692 0.987787 0.169231 0.978448 0.177885
0 0.998563 0.727885 0.993534 0.723077 0.993534 0.709615 0.998563 0.702885
0 0.375718 0.998077 0.371408 0.992308 0.371408 0.986538 0.358477 0.973077 0.361351 0.955769 0.372126 0.945192 0.386494 0.945192 0.395833 0.959615 0.397270 0.978846 0.387213 0.998077
0 0.054598 0.252885 0.048851 0.250962 0.043822 0.242308 0.043822 0.228846 0.049569 0.205769 0.058190 0.186538 0.064655 0.177885 0.070402 0.174038 0.080460 0.174038 0.088362 0.182692 0.089799 0.188462 0.086925 0.211538 0.078305 0.230769 0.068966 0.243269 0.054598 0.252885
0 0.784483 0.991346 0.772989 0.991346 0.767241 0.987500 0.759339 0.973077 0.759339 0.948077 0.775862 0.931731 0.791667 0.935577 0.798132 0.946154 0.793822 0.976923 0.784483 0.991346
0 0.705460 0.302885 0.692529 0.300962 0.683190 0.282692 0.683190 0.261538 0.688218 0.254808 0.695402 0.252885 0.704023 0.256731 0.712644 0.266346 0.718391 0.268269 0.724856 0.276923 0.724856 0.292308 0.719828 0.297115 0.709770 0.297115 0.705460 0.302885
0 0.159483 0.483654 0.142241 0.479808 0.137213 0.471154 0.137213 0.444231 0.142960 0.425000 0.146552 0.420192 0.158046 0.422115 0.164511 0.430769 0.168822 0.444231 0.168822 0.469231 0.165948 0.476923 0.159483 0.483654
0 0.665230 0.118269 0.645115 0.110577 0.638649 0.101923 0.637213 0.090385 0.642241 0.083654 0.660920 0.081731 0.678161 0.093269 0.687500 0.105769 0.687500 0.113462 0.685345 0.116346 0.678161 0.110577 0.670977 0.110577 0.665230 0.118269
0 0.535920 0.443269 0.525862 0.441346 0.519397 0.434615 0.516523 0.426923 0.516523 0.415385 0.519397 0.403846 0.528736 0.389423 0.541667 0.383654 0.549569 0.396154 0.549569 0.417308 0.545259 0.432692 0.535920 0.443269
0 0.893678 0.506731 0.882184 0.504808 0.878592 0.500000 0.877155 0.486538 0.878592 0.463462 0.883621 0.462500 0.892241 0.450962 0.896552 0.450962 0.903017 0.463462 0.905891 0.490385 0.904454 0.498077 0.899425 0.504808 0.893678 0.506731
0 0.902299 0.631731 0.887931 0.625962 0.887213 0.619231 0.874282 0.605769 0.875718 0.600000 0.869971 0.588462 0.869971 0.576923 0.880747 0.562500 0.890805 0.562500 0.898707 0.573077 0.901580 0.590385 0.910201 0.613462 0.908764 0.625000 0.902299 0.631731
0 0.209770 0.981731 0.203305 0.975000 0.200431 0.967308 0.200431 0.955769 0.208333 0.937500 0.214799 0.946154 0.214799 0.955769 0.217672 0.961538 0.209770 0.981731
0 0.572557 0.998077 0.576868 0.982692 0.580460 0.977885 0.589080 0.974038 0.604885 0.977885 0.617816 0.985577 0.621408 0.990385 0.621408 0.998077
0 0.824713 0.316346 0.816092 0.314423 0.809626 0.305769 0.808190 0.292308 0.811063 0.284615 0.826149 0.268269 0.833333 0.264423 0.844828 0.266346 0.849856 0.273077 0.849856 0.288462 0.834770 0.312500 0.824713 0.316346
0 0.571839 0.704808 0.558908 0.704808 0.537356 0.695192 0.529454 0.682692 0.529454 0.655769 0.534483 0.649038 0.541667 0.645192 0.551724 0.645192 0.558908 0.649038 0.569684 0.663462 0.576868 0.682692 0.576868 0.698077 0.571839 0.704808
0 0.660920 0.181731 0.652299 0.177885 0.642960 0.167308 0.641523 0.153846 0.646552 0.145192 0.660201 0.142308 0.665948 0.157692 0.665948 0.176923 0.660920 0.181731
0 0.518678 0.627885 0.482759 0.625962 0.477730 0.617308 0.479167 0.605769 0.487069 0.593269 0.501437 0.585577 0.522989 0.587500 0.530891 0.596154 0.532328 0.607692 0.530891 0.617308 0.518678 0.627885
0 0.389368 0.502885 0.379310 0.502885 0.373563 0.499038 0.365661 0.490385 0.364224 0.480769 0.364224 0.463462 0.367098 0.451923 0.375000 0.439423 0.380747 0.435577 0.389368 0.437500 0.395833 0.446154 0.401580 0.461538 0.400144 0.488462 0.389368 0.502885
0 0.597701 0.658654 0.590517 0.656731 0.584052 0.650000 0.579741 0.638462 0.579741 0.625000 0.589080 0.606731 0.599138 0.600962 0.607759 0.600962 0.612787 0.605769 0.617098 0.615385 0.618534 0.634615 0.610632 0.650962 0.597701 0.658654
0 0.581897 0.608654 0.551724 0.608654 0.543822 0.594231 0.543822 0.580769 0.546695 0.573077 0.556034 0.564423 0.584770 0.568269 0.592672 0.578846 0.592672 0.594231 0.581897 0.608654
0 0.231322 0.508654 0.219828 0.506731 0.204741 0.488462 0.200431 0.473077 0.201868 0.459615 0.206897 0.452885 0.228448 0.452885 0.237787 0.467308 0.240661 0.492308 0.231322 0.508654
0 0.000000 0.647115 0.002874 0.643269 0.010057 0.643269 0.017960 0.653846 0.017960 0.667308 0.020115 0.670192 0.027299 0.670192 0.030891 0.675000 0.033764 0.684615 0.033764 0.696154 0.029454 0.705769 0.024425 0.712500 0.017241 0.714423 0.007902 0.698077 0.007902 0.682692 0.000000 0.674038
0 0.472701 0.566346 0.464080 0.566346 0.453305 0.557692 0.448994 0.538462 0.450431 0.517308 0.452586 0.514423 0.461207 0.514423 0.471264 0.520192 0.477011 0.520192 0.489224 0.532692 0.487787 0.546154 0.480603 0.559615 0.472701 0.566346
0 0.670977 0.852885 0.665230 0.852885 0.647989 0.843269 0.644397 0.836538 0.644397 0.830769 0.660920 0.812500 0.676724 0.814423 0.684626 0.832692 0.680316 0.842308 0.670977 0.852885
0 0.880747 0.364423 0.867816 0.358654 0.847701 0.339423 0.841236 0.330769 0.841236 0.323077 0.850575 0.314423 0.864943 0.312500 0.870690 0.312500 0.882184 0.322115 0.892960 0.336538 0.895833 0.344231 0.895833 0.353846 0.890805 0.360577 0.880747 0.364423
0 0.919540 0.566346 0.903736 0.564423 0.896552 0.560577 0.891523 0.553846 0.891523 0.544231 0.897989 0.535577 0.906609 0.535577 0.913793 0.539423 0.923132 0.551923 0.923132 0.559615 0.919540 0.566346
0 0.344828 0.972115 0.333333 0.972115 0.326868 0.963462 0.328305 0.936538 0.338362 0.905769 0.341954 0.900962 0.347701 0.900962 0.357040 0.913462 0.358477 0.921154 0.352730 0.957692 0.344828 0.972115
0 0.711207 0.402885 0.693966 0.400962 0.688218 0.393269 0.681034 0.389423 0.669540 0.389423 0.663075 0.382692 0.664511 0.373077 0.675287 0.362500 0.681034 0.362500 0.695402 0.354808 0.702586 0.356731 0.706178 0.359615 0.707615 0.378846 0.713362 0.388462 0.713362 0.400000 0.711207 0.402885
0 0.375000 0.639423 0.369253 0.639423 0.360632 0.631731 0.349856 0.615385 0.346983 0.592308 0.350575 0.587500 0.357759 0.583654 0.362069 0.587500 0.366379 0.585577 0.380747 0.589423 0.392960 0.603846 0.392960 0.630769 0.387931 0.635577 0.375000 0.639423
0 0.998563 0.814423 0.992098 0.803846 0.992098 0.796154 0.982040 0.784615 0.982040 0.775000 0.988506 0.764423 0.998563 0.764423
0 0.239943 0.308654 0.231322 0.304808 0.224856 0.296154 0.221983 0.280769 0.226293 0.271154 0.235632 0.262500 0.254310 0.264423 0.260776 0.271154 0.262213 0.278846 0.255029 0.300000 0.250000 0.306731 0.239943 0.308654
0 0.431034 0.987500 0.418103 0.985577 0.405891 0.969231 0.404454 0.951923 0.416667 0.929808 0.432471 0.931731 0.438937 0.940385 0.441810 0.950000 0.440374 0.976923 0.431034 0.987500
0 0.206897 0.235577 0.199713 0.233654 0.196121 0.226923 0.197557 0.215385 0.206178 0.196154 0.216954 0.183654 0.225575 0.183654 0.231322 0.187500 0.236351 0.196154 0.237787 0.213462 0.229885 0.224038 0.206897 0.235577
0 0.260057 0.902885 0.252874 0.902885 0.246408 0.892308 0.246408 0.861538 0.249282 0.851923 0.249282 0.840385 0.257902 0.813462 0.264368 0.804808 0.272989 0.802885 0.278017 0.807692 0.278017 0.842308 0.275144 0.850000 0.270833 0.884615 0.260057 0.902885
0 0.537356 0.756731 0.530172 0.754808 0.525144 0.748077 0.523707 0.734615 0.529454 0.713462 0.537356 0.706731 0.543103 0.706731 0.556753 0.723077 0.558190 0.740385 0.553161 0.747115 0.548851 0.747115 0.537356 0.756731
0 0.435345 0.870192 0.425287 0.868269 0.418822 0.859615 0.411638 0.840385 0.411638 0.815385 0.422414 0.800962 0.431034 0.802885 0.447557 0.825000 0.447557 0.850000 0.441810 0.863462 0.435345 0.870192
0 0.850575 0.193269 0.830460 0.193269 0.823276 0.189423 0.815374 0.176923 0.816810 0.165385 0.826149 0.154808 0.840517 0.147115 0.866379 0.145192 0.872845 0.153846 0.875718 0.169231 0.866379 0.185577 0.850575 0.193269
0 0.781609 0.058654 0.770115 0.058654 0.764368 0.054808 0.759339 0.046154 0.759339 0.038462 0.763649 0.025000 0.772989 0.014423 0.788793 0.004808 0.794540 0.004808 0.801006 0.011538 0.801006 0.028846 0.792385 0.046154 0.781609 0.058654
0 0.668103 0.327885 0.652299 0.325962 0.642960 0.313462 0.642960 0.296154 0.645833 0.288462 0.658046 0.275962 0.676724 0.283654 0.684626 0.294231 0.683190 0.313462 0.676724 0.322115 0.668103 0.327885
0 0.025862 0.139423 0.014368 0.139423 0.007902 0.132692 0.005029 0.119231 0.006466 0.111538 0.020115 0.095192 0.028736 0.089423 0.037356 0.087500 0.045977 0.091346 0.052443 0.100000 0.051006 0.123077 0.037356 0.135577 0.025862 0.139423
0 0.252874 0.183654 0.241379 0.181731 0.236351 0.175000 0.234914 0.167308 0.236351 0.148077 0.240661 0.132692 0.251437 0.122115 0.257184 0.124038 0.260776 0.128846 0.265086 0.153846 0.262213 0.173077 0.252874 0.183654
0 0.492816 0.949038 0.485632 0.949038 0.477730 0.940385 0.469109 0.915385 0.469109 0.900000 0.473420 0.886538 0.478448 0.879808 0.488506 0.881731 0.493534 0.888462 0.500718 0.909615 0.502155 0.934615 0.500718 0.940385 0.492816 0.949038
0 0.424569 0.000000 0.426006 0.007692 0.423132 0.017308 0.416667 0.025962 0.409483 0.029808 0.402299 0.027885 0.395833 0.019231 0.387213 0.000000
0 0.850575 0.760577 0.839080 0.760577 0.829023 0.754808 0.823994 0.744231 0.822557 0.717308 0.826868 0.705769 0.831897 0.699038 0.839080 0.695192 0.844828 0.695192 0.853448 0.700962 0.862787 0.726923 0.861351 0.748077 0.856322 0.756731 0.850575 0.760577
0 0.316092 0.950962 0.307471 0.950962 0.293822 0.932692 0.293822 0.926923 0.299569 0.915385 0.313218 0.900962 0.330460 0.904808 0.335489 0.911538 0.335489 0.917308 0.328305 0.936538 0.328305 0.946154 0.323276 0.945192 0.316092 0.950962
0 0.323276 0.674038 0.314655 0.674038 0.293103 0.658654 0.288075 0.651923 0.288075 0.634615 0.295977 0.620192 0.304598 0.614423 0.314655 0.614423 0.328305 0.628846 0.329741 0.663462 0.323276 0.674038
0 0.071839 0.902885 0.060345 0.902885 0.048132 0.886538 0.048132 0.875000 0.053879 0.857692 0.063218 0.847115 0.071839 0.849038 0.078305 0.859615 0.079741 0.892308 0.071839 0.902885
0 0.000000 0.977885 0.011494 0.970192 0.035920 0.972115 0.043103 0.975962 0.052443 0.988462 0.053879 0.998077
0 0.660920 0.897115 0.656609 0.897115 0.647989 0.879808 0.635776 0.873077 0.635776 0.865385 0.642241 0.856731 0.660920 0.854808 0.676006 0.867308 0.676006 0.873077 0.678879 0.876923 0.677443 0.882692 0.670977 0.891346 0.665230 0.891346 0.660920 0.897115
0 0.362069 0.843269 0.349138 0.843269 0.343391 0.837500 0.335489 0.825000 0.335489 0.807692 0.346264 0.795192 0.375000 0.793269 0.382902 0.801923 0.384339 0.807692 0.377155 0.823077 0.362069 0.843269
0 0.923851 0.824038 0.913793 0.824038 0.898707 0.807692 0.898707 0.786538 0.916667 0.766346 0.923851 0.766346 0.926724 0.770192 0.932471 0.770192 0.946839 0.777885 0.953305 0.786538 0.954741 0.794231 0.952586 0.802885 0.938218 0.806731 0.923851 0.824038
0 0.833333 0.624038 0.820402 0.622115 0.811782 0.616346 0.805316 0.607692 0.803879 0.600000 0.817529 0.575962 0.831897 0.564423 0.839080 0.562500 0.846983 0.571154 0.846983 0.588462 0.844109 0.607692 0.834052 0.619231 0.833333 0.624038
0 0.665230 0.514423 0.653736 0.512500 0.650144 0.498077 0.642960 0.488462 0.644397 0.475000 0.653736 0.464423 0.662356 0.464423 0.678161 0.472115 0.684626 0.480769 0.683190 0.494231 0.665230 0.514423
0 0.383621 0.591346 0.366379 0.585577 0.362069 0.587500 0.357040 0.582692 0.352730 0.569231 0.352730 0.551923 0.357759 0.541346 0.363506 0.537500 0.373563 0.537500 0.379310 0.541346 0.385776 0.551923 0.390086 0.569231 0.390086 0.582692 0.383621 0.591346
0 0.952586 0.697115 0.939655 0.695192 0.923851 0.687500 0.917385 0.676923 0.918822 0.661538 0.929598 0.650962 0.948276 0.650962 0.955460 0.654808 0.960489 0.661538 0.960489 0.665385 0.966236 0.671154 0.967672 0.682692 0.961207 0.693269 0.952586 0.697115
0 0.998563 0.104808 0.992816 0.108654 0.984914 0.100000 0.986351 0.086538 0.982040 0.080769 0.982040 0.053846 0.985632 0.049038 0.994253 0.045192 0.998563 0.047115
0 0.952586 0.962500 0.933908 0.956731 0.926006 0.948077 0.924569 0.942308 0.927443 0.917308 0.932471 0.908654 0.941092 0.900962 0.955460 0.902885 0.961925 0.913462 0.961925 0.944231 0.964799 0.948077 0.964799 0.953846 0.959770 0.960577 0.952586 0.962500
0 0.564655 0.935577 0.548851 0.933654 0.537356 0.925962 0.532328 0.919231 0.528017 0.907692 0.528017 0.896154 0.530891 0.886538 0.540230 0.875962 0.560345 0.875962 0.567529 0.879808 0.572557 0.886538 0.572557 0.901923 0.579741 0.909615 0.581178 0.919231 0.574713 0.931731 0.564655 0.935577
0 0.712644 0.610577 0.704023 0.608654 0.696839 0.600962 0.691810 0.594231 0.691810 0.584615 0.700431 0.567308 0.703305 0.555769 0.709770 0.549038 0.716954 0.549038 0.721264 0.550962 0.727730 0.561538 0.729167 0.592308 0.718391 0.608654 0.712644 0.610577
0 0.857759 0.095192 0.847701 0.095192 0.838362 0.086538 0.838362 0.055769 0.845546 0.048077 0.847701 0.041346 0.859195 0.031731 0.864943 0.031731 0.869253 0.025962 0.892241 0.025962 0.900144 0.040385 0.894397 0.067308 0.882902 0.082692 0.882902 0.090385 0.880747 0.093269 0.876437 0.093269 0.870690 0.087500 0.867816 0.091346 0.857759 0.095192
0 0.089080 0.733654 0.074713 0.725962 0.063937 0.711538 0.059626 0.692308 0.059626 0.665385 0.067529 0.654808 0.074713 0.656731 0.082615 0.667308 0.092672 0.694231 0.092672 0.701923 0.095546 0.707692 0.095546 0.726923 0.089080 0.733654
0 0.500000 0.747115 0.494253 0.745192 0.483477 0.732692 0.477730 0.715385 0.479167 0.696154 0.487069 0.685577 0.494253 0.685577 0.505747 0.693269 0.512213 0.701923 0.510776 0.730769 0.506466 0.742308 0.500000 0.747115
0 0.066092 0.450962 0.057471 0.450962 0.049569 0.440385 0.048132 0.413462 0.052443 0.401923 0.052443 0.386538 0.055316 0.378846 0.063218 0.368269 0.070402 0.364423 0.076149 0.366346 0.079741 0.371154 0.081178 0.400000 0.078305 0.419231 0.073994 0.430769 0.073994 0.440385 0.066092 0.450962
0 0.362069 0.906731 0.357759 0.906731 0.344109 0.884615 0.342672 0.861538 0.350575 0.843269 0.362069 0.843269 0.368534 0.851923 0.374282 0.869231 0.369971 0.898077 0.362069 0.906731
0 0.669540 0.368269 0.662356 0.366346 0.655891 0.359615 0.655891 0.342308 0.663793 0.333654 0.675287 0.331731 0.686782 0.322115 0.693966 0.322115 0.700431 0.334615 0.700431 0.344231 0.696121 0.353846 0.681034 0.362500 0.675287 0.362500 0.669540 0.368269
0 0.169540 0.837500 0.155172 0.835577 0.147270 0.825000 0.141523 0.809615 0.138649 0.798077 0.138649 0.782692 0.146552 0.768269 0.158046 0.770192 0.171695 0.794231 0.176006 0.809615 0.176006 0.823077 0.169540 0.837500
0 0.505747 0.814423 0.488506 0.808654 0.479167 0.796154 0.477730 0.780769 0.488506 0.770192 0.498563 0.768269 0.515805 0.777885 0.522270 0.794231 0.522270 0.803846 0.515805 0.810577 0.505747 0.814423
0 0.817529 0.487500 0.811782 0.487500 0.805316 0.478846 0.796695 0.453846 0.796695 0.438462 0.804598 0.422115 0.818966 0.422115 0.826868 0.432692 0.826868 0.473077 0.823994 0.480769 0.817529 0.487500
0 0.811782 0.572115 0.798851 0.570192 0.795259 0.565385 0.788075 0.542308 0.789511 0.515385 0.800287 0.499038 0.811782 0.500962 0.819684 0.511538 0.823994 0.526923 0.822557 0.557692 0.811782 0.572115
0 0.928161 0.754808 0.915230 0.754808 0.906609 0.750962 0.894397 0.736538 0.895833 0.719231 0.903736 0.708654 0.920977 0.702885 0.932471 0.710577 0.941810 0.723077 0.944684 0.732692 0.943247 0.742308 0.936782 0.750962 0.928161 0.754808
0 0.801724 0.379808 0.787356 0.377885 0.780891 0.363462 0.779454 0.330769 0.782328 0.321154 0.787356 0.314423 0.797414 0.314423 0.803161 0.318269 0.811063 0.330769 0.809626 0.365385 0.801724 0.379808
0 0.660920 0.591346 0.650862 0.591346 0.645115 0.587500 0.635776 0.571154 0.635776 0.551923 0.640086 0.532692 0.643678 0.527885 0.652299 0.527885 0.662356 0.541346 0.665948 0.542308 0.671695 0.576923 0.668822 0.584615 0.660920 0.591346
0 0.130747 0.652885 0.117816 0.649038 0.108477 0.636538 0.101293 0.617308 0.099856 0.594231 0.110632 0.579808 0.117816 0.579808 0.125000 0.585577 0.134339 0.601923 0.141523 0.621154 0.142960 0.638462 0.135057 0.650962 0.130747 0.652885
0 0.998563 0.339423 0.992816 0.337500 0.987787 0.330769 0.987787 0.323077 0.985632 0.320192 0.972701 0.322115 0.964080 0.304808 0.955460 0.302885 0.950431 0.294231 0.950431 0.282692 0.958333 0.274038 0.972701 0.272115 0.984195 0.279808 0.998563 0.283654
0 0.714080 0.731731 0.699713 0.727885 0.687500 0.707692 0.680316 0.686538 0.680316 0.676923 0.683908 0.670192 0.704023 0.668269 0.714799 0.676923 0.713362 0.680769 0.717672 0.686538 0.721983 0.700000 0.720546 0.723077 0.714080 0.731731
0 0.131466 0.000000 0.127155 0.011538 0.116379 0.020192 0.094828 0.016346 0.084052 0.003846 0.084052 0.000000
0 0.760057 0.602885 0.748563 0.600962 0.742098 0.594231 0.739224 0.586538 0.740661 0.567308 0.757184 0.545192 0.774425 0.543269 0.783764 0.553846 0.783764 0.567308 0.776580 0.582692 0.760057 0.602885
0 0.727011 0.225962 0.715517 0.225962 0.702586 0.220192 0.693247 0.207692 0.694684 0.194231 0.706897 0.181731 0.716954 0.175962 0.731322 0.179808 0.736351 0.186538 0.739224 0.196154 0.739224 0.213462 0.727011 0.225962
0 0.870690 0.649038 0.844828 0.647115 0.835489 0.636538 0.834052 0.619231 0.844109 0.607692 0.846264 0.597115 0.853448 0.600962 0.870690 0.602885 0.887213 0.619231 0.885776 0.638462 0.870690 0.649038
0 0.409483 0.718269 0.389368 0.716346 0.373563 0.706731 0.365661 0.694231 0.367098 0.684615 0.373563 0.675962 0.387931 0.670192 0.393678 0.670192 0.406609 0.677885 0.413075 0.684615 0.417385 0.694231 0.417385 0.709615 0.413793 0.716346 0.409483 0.718269
0 0.630747 0.202885 0.613506 0.202885 0.604885 0.197115 0.595546 0.186538 0.591236 0.175000 0.592672 0.159615 0.610632 0.135577 0.620690 0.135577 0.629310 0.141346 0.638649 0.159615 0.641523 0.186538 0.630747 0.202885
0 0.998563 0.597115 0.988506 0.608654 0.974138 0.606731 0.965517 0.600962 0.953305 0.584615 0.950431 0.569231 0.958333 0.556731 0.964080 0.554808 0.981322 0.562500 0.998563 0.575962
0 0.833333 0.991346 0.824713 0.991346 0.818247 0.982692 0.818247 0.957692 0.821839 0.950962 0.829023 0.947115 0.834770 0.939423 0.849138 0.939423 0.857040 0.948077 0.857040 0.959615 0.854167 0.967308 0.833333 0.991346
0 0.324713 0.891346 0.316092 0.891346 0.313937 0.888462 0.311063 0.878846 0.311063 0.853846 0.315374 0.830769 0.323276 0.820192 0.334770 0.820192 0.336925 0.828846 0.341236 0.834615 0.335489 0.848077 0.336925 0.871154 0.324713 0.891346
0 0.318966 0.402885 0.311782 0.400962 0.305316 0.392308 0.302443 0.382692 0.303879 0.365385 0.308190 0.353846 0.318966 0.339423 0.324713 0.335577 0.336207 0.335577 0.345546 0.348077 0.344109 0.369231 0.334770 0.389423 0.329023 0.397115 0.318966 0.402885
0 0.242098 0.998077 0.244971 0.982692 0.255747 0.972115 0.262931 0.972115 0.268678 0.975962 0.276580 0.986538 0.279454 0.998077
0 0.586207 0.410577 0.574713 0.408654 0.566810 0.390385 0.569684 0.346154 0.574713 0.337500 0.580460 0.333654 0.589799 0.342308 0.596983 0.363462 0.595546 0.396154 0.586207 0.410577
0 0.596264 0.287500 0.581897 0.287500 0.575431 0.280769 0.571121 0.269231 0.571121 0.244231 0.573994 0.228846 0.581897 0.220192 0.587644 0.220192 0.603448 0.227885 0.615661 0.242308 0.614224 0.265385 0.602011 0.283654 0.596264 0.287500
0 0.237069 0.970192 0.227011 0.970192 0.221264 0.966346 0.214799 0.955769 0.214799 0.946154 0.210489 0.938462 0.210489 0.926923 0.218391 0.908654 0.228448 0.910577 0.230603 0.919231 0.243534 0.936538 0.243534 0.953846 0.237069 0.970192
0 0.419540 0.631731 0.408046 0.629808 0.401580 0.621154 0.397270 0.607692 0.395833 0.569231 0.408046 0.549038 0.418103 0.549038 0.424569 0.561538 0.423132 0.588462 0.430316 0.605769 0.430316 0.613462 0.427443 0.623077 0.419540 0.631731
0 0.681034 0.974038 0.670977 0.972115 0.654454 0.953846 0.654454 0.926923 0.662356 0.916346 0.679598 0.912500 0.686063 0.921154 0.686063 0.936538 0.691810 0.946154 0.691810 0.961538 0.685345 0.972115 0.681034 0.974038
