0 0.176563 0.000000 0.156250 0.029297 0.146875 0.033203 0.093750 0.025391 0.075000 0.017578 0.057813 0.000000
0 0.731250 0.833984 0.709375 0.826172 0.689063 0.800781 0.685937 0.789062 0.689063 0.742188 0.701562 0.707031 0.740625 0.654297 0.790625 0.658203 0.809375 0.669922 0.820312 0.687500 0.823438 0.710938 0.801562 0.726562 0.807813 0.746094 0.796875 0.755859 0.765625 0.763672 0.760938 0.769531 0.770312 0.781250 0.773438 0.796875 0.731250 0.833984
0 0.606250 0.888672 0.587500 0.884766 0.570312 0.867188 0.557813 0.832031 0.557813 0.816406 0.573438 0.773438 0.584375 0.759766 0.628125 0.755859 0.637500 0.759766 0.648438 0.777344 0.651563 0.835938 0.648438 0.847656 0.625000 0.876953 0.606250 0.888672
0 0.806250 0.955078 0.778125 0.951172 0.764062 0.937500 0.764062 0.929688 0.775000 0.919922 0.800000 0.923828 0.810937 0.941406 0.806250 0.955078
0 0.860938 0.996094 0.865625 0.986328 0.887500 0.974609 0.918750 0.978516 0.929688 0.996094
0 0.996875 0.931641 0.973437 0.898438 0.964063 0.867188 0.970313 0.820312 0.981250 0.802734 0.996875 0.798828
0 0.996875 0.134766 0.982812 0.097656 0.985938 0.070312 0.996875 0.048828
0 0.893750 0.294922 0.884375 0.294922 0.870313 0.281250 0.854688 0.246094 0.854688 0.148438 0.867188 0.105469 0.896875 0.068359 0.925000 0.064453 0.951562 0.109375 0.957812 0.132812 0.957812 0.183594 0.945312 0.218750 0.942187 0.246094 0.909375 0.287109 0.893750 0.294922
0 0.790625 0.658203 0.743750 0.658203 0.726562 0.640625 0.720313 0.625000 0.720313 0.582031 0.739062 0.496094 0.750000 0.482422 0.771875 0.474609 0.803125 0.486328 0.825000 0.501953 0.848437 0.531250 0.873437 0.585938 0.870313 0.617188 0.856250 0.634766 0.815625 0.634766 0.790625 0.658203
0 0.828125 0.880859 0.820312 0.875000 0.823438 0.859375 0.865625 0.822266 0.871875 0.822266 0.879687 0.808594 0.879687 0.792969 0.915625 0.744141 0.934375 0.728516 0.956250 0.728516 0.970313 0.738281 0.967187 0.765625 0.903125 0.857422 0.893750 0.861328 0.895312 0.851562 0.887500 0.849609 0.859375 0.873047 0.828125 0.880859
0 0.060937 0.996094 0.060937 0.968750 0.068750 0.955078 0.090625 0.955078 0.120313 0.988281 0.120313 0.996094
0 0.996875 0.431641 0.928125 0.494141 0.871875 0.576172 0.839063 0.519531 0.842187 0.492188 0.851562 0.472656 0.928125 0.408203 0.996875 0.306641
0 0.643750 0.759766 0.590625 0.755859 0.570312 0.718750 0.570312 0.679688 0.585938 0.632812 0.607812 0.597656 0.637500 0.560547 0.662500 0.556641 0.689063 0.593750 0.692187 0.664062 0.685937 0.703125 0.676562 0.726562 0.665625 0.744141 0.643750 0.759766
0 0.757812 0.996094 0.745313 0.972656 0.750000 0.958984 0.762500 0.958984 0.775000 0.970703 0.800000 0.966797 0.810937 0.980469 0.814063 0.996094
0 0.309375 0.916016 0.271875 0.916016 0.254688 0.898438 0.248438 0.875000 0.251563 0.851562 0.271875 0.826172 0.293750 0.810547 0.325000 0.810547 0.331250 0.802734 0.381250 0.802734 0.396875 0.806641 0.410938 0.820312 0.404687 0.843750 0.375000 0.876953 0.309375 0.916016
