0 0.506250 0.408203 0.496875 0.408203 0.467187 0.378906 0.470313 0.347656 0.493750 0.330078 0.537500 0.333984 0.542188 0.363281 0.521875 0.380859 0.520312 0.390625 0.506250 0.408203
0 0.437500 0.912109 0.400000 0.884766 0.348438 0.828125 0.342187 0.816406 0.342187 0.800781 0.350000 0.787109 0.375000 0.779297 0.387500 0.783203 0.407813 0.804688 0.426563 0.839844 0.448437 0.867188 0.448437 0.898438 0.437500 0.912109
0 0.687500 0.408203 0.668750 0.408203 0.654687 0.390625 0.614062 0.289062 0.614062 0.269531 0.623437 0.238281 0.646875 0.212891 0.659375 0.212891 0.693750 0.232422 0.720313 0.277344 0.720313 0.296875 0.726562 0.312500 0.723437 0.371094 0.715625 0.392578 0.687500 0.408203
0 0.562500 0.888672 0.531250 0.888672 0.514062 0.859375 0.523438 0.820312 0.543750 0.798828 0.571875 0.798828 0.589063 0.816406 0.589063 0.863281 0.562500 0.888672
0 0.475000 0.513672 0.460938 0.511719 0.454688 0.496094 0.454688 0.464844 0.462500 0.451172 0.475000 0.443359 0.490625 0.443359 0.495312 0.449219 0.492188 0.492188 0.475000 0.513672
0 0.868750 0.916016 0.846875 0.916016 0.832812 0.898438 0.823438 0.867188 0.831250 0.845703 0.862500 0.833984 0.887500 0.845703 0.895312 0.855469 0.895312 0.890625 0.881250 0.912109 0.868750 0.916016
0 0.171875 0.666016 0.150000 0.654297 0.126562 0.621094 0.129688 0.597656 0.140625 0.587891 0.187500 0.591797 0.201563 0.609375 0.204687 0.628906 0.198437 0.648438 0.171875 0.666016
0 0.734375 0.830078 0.728125 0.830078 0.701562 0.800781 0.704688 0.773438 0.718750 0.755859 0.734375 0.755859 0.751563 0.777344 0.751563 0.812500 0.734375 0.830078
0 0.996875 0.275391 0.984375 0.259766 0.968750 0.251953 0.945312 0.214844 0.948438 0.167969 0.942187 0.160156 0.942187 0.136719 0.953125 0.123047 0.971875 0.126953 0.996875 0.177734
0 0.815625 0.134766 0.800000 0.134766 0.782813 0.105469 0.779687 0.070312 0.796875 0.048828 0.806250 0.052734 0.820312 0.078125 0.823438 0.121094 0.815625 0.134766
0 0.525000 0.548828 0.506250 0.541016 0.498437 0.515625 0.512500 0.470703 0.525000 0.458984 0.543750 0.458984 0.553125 0.462891 0.564063 0.480469 0.564063 0.507812 0.546875 0.537109 0.525000 0.548828
0 0.996875 0.994141 0.975000 0.990234 0.967187 0.980469 0.967187 0.964844 0.971875 0.958984 0.981250 0.951172 0.996875 0.951172
0 0.692187 0.000000 0.687500 0.009766 0.671875 0.017578 0.643750 0.009766 0.637500 0.017578 0.625000 0.017578 0.607812 0.000000
0 0.418750 0.814453 0.389062 0.785156 0.389062 0.773438 0.404687 0.738281 0.407813 0.718750 0.418750 0.705078 0.431250 0.701172 0.442188 0.714844 0.442188 0.730469 0.448437 0.738281 0.451562 0.757812 0.418750 0.814453
0 0.668750 0.138672 0.650000 0.138672 0.642188 0.132812 0.639062 0.105469 0.650000 0.076172 0.662500 0.080078 0.676562 0.097656 0.676562 0.117188 0.668750 0.138672
0 0.581250 0.416016 0.571875 0.416016 0.557813 0.402344 0.557813 0.359375 0.584375 0.322266 0.625000 0.333984 0.632812 0.343750 0.629687 0.371094 0.581250 0.416016
0 0.643750 0.091797 0.632812 0.085938 0.637500 0.056641 0.651563 0.062500 0.643750 0.091797
0 0.925000 0.271484 0.912500 0.271484 0.889062 0.250000 0.885938 0.195312 0.876563 0.187500 0.876563 0.179688 0.887500 0.166016 0.909375 0.150391 0.923438 0.156250 0.920312 0.179688 0.932813 0.210938 0.932813 0.253906 0.925000 0.271484
0 0.550000 0.630859 0.525000 0.626953 0.520312 0.621094 0.523438 0.601562 0.540625 0.580078 0.545312 0.582031 0.556250 0.556641 0.571875 0.556641 0.582812 0.574219 0.582812 0.601562 0.575000 0.615234 0.550000 0.630859
0 0.312500 0.474609 0.293750 0.474609 0.267188 0.445312 0.264062 0.398438 0.281250 0.376953 0.293750 0.380859 0.323437 0.414062 0.326562 0.433594 0.312500 0.474609
0 0.831250 0.658203 0.812500 0.654297 0.801562 0.636719 0.792188 0.542969 0.776563 0.503906 0.782813 0.480469 0.796875 0.466797 0.832812 0.500000 0.867188 0.562500 0.860938 0.632812 0.846875 0.654297 0.831250 0.658203
0 0.000000 0.470703 0.023438 0.488281 0.023438 0.496094 0.010937 0.511719 0.020313 0.546875 0.006250 0.544922 0.003125 0.564453 0.000000 0.548828
0 0.125000 0.994141 0.023438 0.992188 0.071875 0.970703 0.096875 0.970703 0.125000 0.986328 0.125000 0.994141
0 0.368750 0.416016 0.350000 0.408203 0.329688 0.386719 0.332813 0.367188 0.343750 0.353516 0.371875 0.349609 0.379688 0.355469 0.385937 0.371094 0.385937 0.390625 0.379688 0.406250 0.368750 0.416016
0 0.196875 0.541016 0.181250 0.537109 0.156250 0.517578 0.129688 0.480469 0.129688 0.460938 0.146875 0.431641 0.162500 0.431641 0.173437 0.445312 0.179688 0.468750 0.192188 0.488281 0.214062 0.507812 0.214062 0.519531 0.196875 0.541016
0 0.687500 0.130859 0.673438 0.105469 0.681250 0.091797 0.695312 0.097656 0.695312 0.121094 0.687500 0.130859
0 0.353125 0.900391 0.318750 0.896484 0.295312 0.863281 0.298438 0.843750 0.309375 0.833984 0.331250 0.833984 0.362500 0.845703 0.373437 0.859375 0.373437 0.871094 0.370312 0.886719 0.353125 0.900391
0 0.771875 0.982422 0.753125 0.978516 0.739062 0.945312 0.739062 0.902344 0.753125 0.884766 0.762500 0.884766 0.771875 0.896484 0.778125 0.896484 0.798438 0.917969 0.814063 0.945312 0.800000 0.970703 0.771875 0.982422
0 0.375000 0.623047 0.312500 0.623047 0.304688 0.574219 0.325000 0.544922 0.337500 0.537109 0.371875 0.541016 0.389062 0.566406 0.395313 0.601562 0.387500 0.619141 0.375000 0.623047
0 0.437500 0.607422 0.409375 0.607422 0.398438 0.601562 0.385937 0.562500 0.390625 0.537109 0.409375 0.525391 0.425000 0.525391 0.443750 0.533203 0.457813 0.546875 0.464062 0.566406 0.451562 0.593750 0.437500 0.607422
0 0.865625 0.169922 0.859375 0.162109 0.837500 0.158203 0.829688 0.140625 0.829688 0.113281 0.856250 0.083984 0.871875 0.083984 0.892188 0.105469 0.885938 0.148438 0.865625 0.169922
0 0.490625 0.888672 0.484375 0.888672 0.475000 0.869141 0.460938 0.867188 0.460938 0.859375 0.470313 0.851562 0.468750 0.837891 0.462500 0.837891 0.453125 0.853516 0.445312 0.851562 0.442188 0.820312 0.450000 0.806641 0.459375 0.806641 0.479687 0.828125 0.492188 0.867188 0.490625 0.888672
0 0.637500 0.580078 0.618750 0.576172 0.604688 0.558594 0.598437 0.542969 0.598437 0.523438 0.628125 0.494141 0.646875 0.490234 0.657813 0.503906 0.664062 0.542969 0.651563 0.570312 0.637500 0.580078
0 0.807813 0.000000 0.803125 0.009766 0.778125 0.025391 0.753125 0.017578 0.745313 0.000000
0 0.525000 0.814453 0.500000 0.814453 0.492188 0.804688 0.479687 0.777344 0.479687 0.757812 0.487500 0.748047 0.506250 0.748047 0.535937 0.769531 0.539062 0.792969 0.525000 0.814453
0 0.957812 0.000000 0.953125 0.017578 0.940625 0.017578 0.921875 0.029297 0.920312 0.050781 0.912500 0.056641 0.900000 0.056641 0.892188 0.046875 0.892188 0.039062 0.907813 0.027344 0.892188 0.015625 0.889062 0.000000
0 0.346875 0.748047 0.303125 0.748047 0.292187 0.738281 0.301563 0.683594 0.309375 0.666016 0.337500 0.666016 0.359375 0.681641 0.370312 0.699219 0.367188 0.726562 0.346875 0.748047
0 0.678125 0.994141 0.628125 0.994141 0.614062 0.960938 0.621875 0.947266 0.653125 0.943359 0.673438 0.960938 0.678125 0.994141
0 0.000000 0.322266 0.001563 0.304688 0.009375 0.291016 0.017188 0.300781 0.014063 0.335938 0.026562 0.363281 0.026562 0.382812 0.012500 0.392578 0.000000 0.373047
0 0.109375 0.611328 0.081250 0.603516 0.064062 0.570312 0.067187 0.542969 0.078125 0.525391 0.090625 0.517578 0.118750 0.517578 0.137500 0.529297 0.151562 0.550781 0.151562 0.570312 0.131250 0.595703 0.109375 0.611328
0 0.606250 0.939453 0.582812 0.929688 0.579688 0.910156 0.587500 0.900391 0.609375 0.900391 0.620313 0.910156 0.620313 0.925781 0.606250 0.939453
0 0.068750 0.783203 0.053125 0.783203 0.042188 0.773438 0.032813 0.746094 0.032813 0.730469 0.050000 0.701172 0.090625 0.697266 0.104688 0.710938 0.114062 0.746094 0.103125 0.763672 0.068750 0.783203
0 0.634375 0.142578 0.620313 0.132812 0.620313 0.109375 0.625000 0.103516 0.634375 0.103516 0.639062 0.113281 0.639062 0.136719 0.634375 0.142578
0 0.996875 0.150391 0.979688 0.132812 0.970313 0.113281 0.973437 0.078125 0.984375 0.064453 0.996875 0.060547
0 0.703125 0.720703 0.684375 0.720703 0.660937 0.699219 0.657813 0.671875 0.664062 0.664062 0.667188 0.640625 0.675000 0.630859 0.700000 0.626953 0.726562 0.667969 0.717187 0.707031 0.703125 0.720703
0 0.451562 0.996094 0.448437 0.968750 0.462500 0.947266 0.500000 0.951172 0.510938 0.964844 0.507812 0.996094
0 0.996875 0.060547 0.975000 0.068359 0.964063 0.058594 0.954688 0.035156 0.960938 0.000000
0 0.225000 0.744141 0.184375 0.728516 0.164062 0.707031 0.164062 0.679688 0.175000 0.662109 0.203125 0.650391 0.221875 0.658203 0.232813 0.671875 0.235937 0.722656 0.225000 0.744141
0 0.200000 0.857422 0.184375 0.833984 0.160938 0.812500 0.157812 0.761719 0.160938 0.746094 0.175000 0.728516 0.193750 0.728516 0.231250 0.748047 0.242188 0.769531 0.242188 0.796875 0.235937 0.812500 0.200000 0.857422
