0 0.695312 0.154297 0.679688 0.154297 0.646484 0.128906 0.646484 0.105469 0.656250 0.095703 0.683594 0.095703 0.716797 0.113281 0.716797 0.136719 0.707031 0.150391 0.695312 0.154297
0 0.380859 0.996094 0.369141 0.984375 0.369141 0.964844 0.386719 0.947266 0.410156 0.943359 0.427734 0.957031 0.427734 0.976562 0.410156 0.994141 0.400391 0.996094
0 0.996094 0.591797 0.988281 0.603516 0.968750 0.611328 0.951172 0.601562 0.951172 0.578125 0.958984 0.558594 0.976562 0.544922 0.992188 0.544922 0.996094 0.552734
0 0.996094 0.537109 0.978516 0.527344 0.978516 0.503906 0.992188 0.498047 0.996094 0.505859
0 0.873047 0.000000 0.873047 0.015625 0.855469 0.029297 0.839844 0.029297 0.828125 0.021484 0.818359 0.000000
0 0.375000 0.369141 0.349609 0.367188 0.341797 0.339844 0.341797 0.304688 0.347656 0.294922 0.367188 0.294922 0.388672 0.312500 0.392578 0.339844 0.384766 0.363281 0.375000 0.369141
0 0.140625 0.306641 0.117188 0.306641 0.107422 0.296875 0.103516 0.257812 0.121094 0.236328 0.140625 0.236328 0.158203 0.257812 0.158203 0.285156 0.140625 0.306641
0 0.277344 0.494141 0.253906 0.494141 0.244141 0.480469 0.236328 0.464844 0.236328 0.441406 0.242188 0.435547 0.265625 0.439453 0.283203 0.460938 0.283203 0.488281 0.277344 0.494141
0 0.175781 0.900391 0.158203 0.894531 0.164062 0.876953 0.181641 0.882812 0.175781 0.900391
0 0.167969 0.861328 0.136719 0.861328 0.126953 0.851562 0.130859 0.812500 0.160156 0.791016 0.195312 0.791016 0.210938 0.798828 0.216797 0.808594 0.212891 0.839844 0.195312 0.853516 0.167969 0.861328
0 0.875000 0.865234 0.863281 0.865234 0.853516 0.851562 0.857422 0.820312 0.890625 0.794922 0.910156 0.791016 0.917969 0.794922 0.927734 0.808594 0.919922 0.839844 0.875000 0.865234
