0 0.544444 0.509722 0.534722 0.505556 0.534722 0.494444 0.538889 0.490278 0.548611 0.500000 0.544444 0.509722
0 0.419444 0.495833 0.406944 0.491667 0.413889 0.476389 0.423611 0.480556 0.423611 0.491667 0.419444 0.495833
0 0.402778 0.495833 0.391667 0.495833 0.379167 0.486111 0.376389 0.463889 0.391667 0.445833 0.416667 0.437500 0.420833 0.450000 0.402778 0.495833
0 0.540278 0.997222 0.554167 0.961111 0.594444 0.915278 0.636111 0.895833 0.672222 0.895833 0.686111 0.901389 0.701389 0.916667 0.704167 0.936111 0.693056 0.969444 0.662500 0.997222
0 0.866667 0.268056 0.833333 0.268056 0.813889 0.259722 0.791667 0.240278 0.784722 0.219444 0.784722 0.191667 0.798611 0.161111 0.819444 0.140278 0.850000 0.126389 0.877778 0.120833 0.891667 0.123611 0.915278 0.141667 0.926389 0.161111 0.929167 0.188889 0.912500 0.225000 0.866667 0.268056
0 0.522222 0.506944 0.511111 0.506944 0.506944 0.502778 0.513889 0.490278 0.526389 0.494444 0.522222 0.506944
0 0.970833 0.997222 0.940278 0.947222 0.923611 0.908333 0.920833 0.872222 0.934722 0.847222 0.950000 0.837500 0.997222 0.840278
0 0.469444 0.487500 0.463889 0.487500 0.459722 0.477778 0.477778 0.459722 0.481944 0.472222 0.469444 0.487500
0 0.530556 0.409722 0.515278 0.405556 0.519444 0.390278 0.530556 0.390278 0.534722 0.394444 0.534722 0.405556 0.530556 0.409722
0 0.000000 0.484722 0.011111 0.487500 0.026389 0.502778 0.040278 0.533333 0.040278 0.558333 0.026389 0.605556 0.018056 0.627778 0.000000 0.645833
0 0.463889 0.868056 0.436111 0.868056 0.404167 0.844444 0.393056 0.822222 0.381944 0.775000 0.381944 0.747222 0.393056 0.708333 0.408333 0.693056 0.427778 0.684722 0.455556 0.690278 0.469444 0.698611 0.487500 0.716667 0.506944 0.755556 0.506944 0.813889 0.484722 0.850000 0.463889 0.868056
0 0.683333 0.395833 0.644444 0.393056 0.627778 0.384722 0.605556 0.370833 0.579167 0.341667 0.562500 0.305556 0.562500 0.269444 0.577778 0.251389 0.591667 0.245833 0.641667 0.251389 0.698611 0.313889 0.715278 0.344444 0.715278 0.372222 0.700000 0.387500 0.683333 0.395833
0 0.894444 0.531944 0.866667 0.531944 0.852778 0.523611 0.836111 0.520833 0.768056 0.472222 0.754167 0.444444 0.751389 0.411111 0.754167 0.394444 0.775000 0.362500 0.800000 0.348611 0.830556 0.348611 0.861111 0.359722 0.891667 0.384722 0.929167 0.425000 0.940278 0.450000 0.940278 0.494444 0.934722 0.511111 0.922222 0.523611 0.913889 0.529167 0.894444 0.531944
0 0.613889 0.506944 0.586111 0.501389 0.573611 0.491667 0.573611 0.486111 0.583333 0.476389 0.597222 0.479167 0.608333 0.468056 0.616667 0.468056 0.626389 0.477778 0.626389 0.491667 0.613889 0.506944
0 0.419444 0.556944 0.400000 0.556944 0.387500 0.544444 0.384722 0.519444 0.391667 0.509722 0.400000 0.509722 0.406944 0.519444 0.406944 0.527778 0.426389 0.538889 0.419444 0.556944
0 0.291667 0.676389 0.263889 0.673611 0.251389 0.661111 0.220833 0.613889 0.209722 0.588889 0.209722 0.547222 0.215278 0.536111 0.233333 0.523611 0.272222 0.520833 0.291667 0.531944 0.304167 0.544444 0.315278 0.577778 0.340278 0.616667 0.340278 0.636111 0.331944 0.655556 0.316667 0.668056 0.291667 0.676389
0 0.000000 0.751389 0.038889 0.751389 0.052778 0.759722 0.076389 0.788889 0.076389 0.813889 0.059722 0.858333 0.000000 0.918056
0 0.098611 0.000000 0.118056 0.025000 0.134722 0.069444 0.134722 0.122222 0.123611 0.150000 0.113889 0.159722 0.100000 0.165278 0.063889 0.168056 0.011111 0.145833 0.000000 0.134722
0 0.683333 0.226389 0.641667 0.223611 0.618056 0.202778 0.606944 0.175000 0.606944 0.144444 0.612500 0.130556 0.636111 0.109722 0.663889 0.098611 0.691667 0.093056 0.736111 0.093056 0.752778 0.098611 0.770833 0.122222 0.768056 0.163889 0.762500 0.177778 0.747222 0.195833 0.727778 0.204167 0.713889 0.220833 0.683333 0.226389
0 0.697222 0.806944 0.663889 0.806944 0.644444 0.795833 0.627778 0.784722 0.584722 0.738889 0.565278 0.705556 0.565278 0.694444 0.556944 0.680556 0.556944 0.652778 0.572222 0.634722 0.608333 0.631944 0.652778 0.643056 0.702778 0.665278 0.734722 0.697222 0.754167 0.733333 0.754167 0.761111 0.738889 0.787500 0.722222 0.798611 0.697222 0.806944
0 0.469444 0.418056 0.459722 0.413889 0.456944 0.402778 0.456944 0.391667 0.463889 0.381944 0.476389 0.394444 0.476389 0.411111 0.469444 0.418056
0 0.163889 0.520833 0.141667 0.520833 0.133333 0.515278 0.118056 0.497222 0.109722 0.475000 0.109722 0.388889 0.118056 0.361111 0.127778 0.348611 0.158333 0.348611 0.177778 0.359722 0.195833 0.383333 0.209722 0.427778 0.209722 0.461111 0.198611 0.488889 0.172222 0.518056 0.163889 0.520833
0 0.997222 0.826389 0.979167 0.811111 0.973611 0.797222 0.945833 0.761111 0.937500 0.738889 0.937500 0.713889 0.945833 0.691667 0.966667 0.673611 0.997222 0.668056
0 0.486111 0.518056 0.473611 0.513889 0.473611 0.500000 0.477778 0.495833 0.488889 0.495833 0.493056 0.500000 0.493056 0.508333 0.486111 0.518056
0 0.376389 0.000000 0.376389 0.033333 0.347222 0.070833 0.330556 0.084722 0.302778 0.093056 0.288889 0.104167 0.255556 0.109722 0.216667 0.106944 0.176389 0.072222 0.170833 0.036111 0.186111 0.009722 0.209722 0.000000
0 0.523611 0.000000 0.531944 0.008333 0.537500 0.025000 0.531944 0.066667 0.508333 0.090278 0.486111 0.098611 0.466667 0.098611 0.433333 0.090278 0.404167 0.069444 0.387500 0.044444 0.387500 0.022222 0.395833 0.000000
0 0.508333 0.443056 0.486111 0.443056 0.481944 0.438889 0.481944 0.413889 0.487500 0.397222 0.502778 0.384722 0.511111 0.384722 0.518056 0.391667 0.515278 0.416667 0.509722 0.422222 0.512500 0.438889 0.508333 0.443056
0 0.009722 0.997222 0.018056 0.966667 0.038889 0.948611 0.083333 0.951389 0.101389 0.966667 0.112500 0.997222
0 0.488889 0.490278 0.479167 0.486111 0.486111 0.476389 0.502778 0.470833 0.509722 0.477778 0.505556 0.484722 0.488889 0.490278
0 0.277778 0.959722 0.258333 0.956944 0.236111 0.943056 0.218056 0.925000 0.206944 0.891667 0.206944 0.850000 0.220833 0.819444 0.247222 0.795833 0.269444 0.790278 0.297222 0.798611 0.318056 0.819444 0.331944 0.841667 0.337500 0.886111 0.334722 0.905556 0.326389 0.922222 0.302778 0.945833 0.277778 0.959722
0 0.536111 0.476389 0.526389 0.469444 0.523611 0.455556 0.530556 0.443056 0.543056 0.450000 0.543056 0.466667 0.536111 0.476389
