0 0.045259 0.000000 0.052443 0.009615 0.055316 0.023077 0.053879 0.059615 0.056753 0.073077 0.056753 0.090385 0.049569 0.113462 0.041667 0.124038 0.031609 0.129808 0.022989 0.129808 0.014368 0.124038 0.007902 0.115385 0.003592 0.103846 0.002155 0.098077 0.003592 0.090385 0.000000 0.079808
0 0.334770 0.808654 0.326149 0.808654 0.313218 0.799038 0.301724 0.795192 0.292385 0.778846 0.292385 0.725000 0.306034 0.706731 0.317529 0.697115 0.330460 0.695192 0.340517 0.699038 0.349856 0.713462 0.354167 0.726923 0.355603 0.775000 0.349856 0.792308 0.334770 0.808654
0 0.690374 0.998077 0.697557 0.976923 0.708333 0.962500 0.721264 0.954808 0.729885 0.956731 0.739224 0.967308 0.744971 0.978846 0.747845 0.998077
0 0.000000 0.810577 0.012931 0.799038 0.035920 0.799038 0.048851 0.804808 0.061063 0.825000 0.061063 0.834615 0.055316 0.848077 0.035920 0.872115 0.022989 0.879808 0.000000 0.881731
0 0.780172 0.237500 0.755747 0.237500 0.751437 0.231731 0.737069 0.224038 0.727730 0.205769 0.729167 0.188462 0.738506 0.175962 0.742816 0.174038 0.774425 0.174038 0.781609 0.177885 0.793822 0.198077 0.793822 0.215385 0.780172 0.237500
0 0.800287 0.143269 0.781609 0.143269 0.754310 0.127885 0.747845 0.119231 0.746408 0.094231 0.750718 0.078846 0.757184 0.070192 0.775862 0.060577 0.798851 0.062500 0.817529 0.072115 0.825431 0.082692 0.825431 0.115385 0.811782 0.139423 0.800287 0.143269
0 0.133621 0.325962 0.122126 0.322115 0.115661 0.311538 0.107040 0.269231 0.107040 0.240385 0.109914 0.225000 0.119253 0.206731 0.129310 0.200962 0.137931 0.202885 0.145833 0.211538 0.151580 0.225000 0.154454 0.242308 0.154454 0.280769 0.151580 0.298077 0.141523 0.319231 0.133621 0.325962
0 0.517241 0.168269 0.479885 0.168269 0.471983 0.157692 0.470546 0.142308 0.474856 0.128846 0.482759 0.118269 0.489943 0.116346 0.497126 0.104808 0.502874 0.100962 0.514368 0.097115 0.537356 0.099038 0.552443 0.115385 0.553879 0.136538 0.544540 0.154808 0.517241 0.168269
0 0.428879 0.000000 0.426006 0.023077 0.416667 0.039423 0.393678 0.054808 0.382184 0.058654 0.366379 0.054808 0.355603 0.042308 0.352730 0.034615 0.354167 0.019231 0.361351 0.000000
0 0.830460 0.616346 0.800287 0.610577 0.787356 0.599038 0.775144 0.580769 0.769397 0.553846 0.769397 0.540385 0.773707 0.525000 0.780172 0.516346 0.797414 0.506731 0.810345 0.508654 0.818966 0.514423 0.836925 0.542308 0.849856 0.578846 0.849856 0.598077 0.840517 0.614423 0.830460 0.616346
0 0.182471 0.958654 0.168103 0.958654 0.159483 0.954808 0.147270 0.940385 0.142960 0.925000 0.131466 0.911538 0.131466 0.894231 0.136494 0.885577 0.158046 0.875962 0.188218 0.877885 0.209770 0.883654 0.224856 0.900000 0.221983 0.917308 0.182471 0.958654
0 0.464080 0.635577 0.449713 0.633654 0.441810 0.619231 0.438937 0.601923 0.441810 0.563462 0.451868 0.538462 0.466954 0.518269 0.475575 0.510577 0.485632 0.508654 0.495690 0.516346 0.500718 0.526923 0.503592 0.584615 0.497845 0.601923 0.479885 0.625962 0.464080 0.635577
0 0.873563 0.943269 0.866379 0.941346 0.849138 0.927885 0.836925 0.909615 0.828305 0.882692 0.826868 0.865385 0.832615 0.842308 0.844828 0.825962 0.853448 0.822115 0.862069 0.822115 0.869253 0.825962 0.881466 0.842308 0.895833 0.886538 0.894397 0.911538 0.890086 0.928846 0.883621 0.937500 0.873563 0.943269
0 0.812500 0.000000 0.807471 0.006731 0.794540 0.014423 0.775862 0.014423 0.765805 0.008654 0.760776 0.000000
0 0.181034 0.500962 0.165230 0.499038 0.158764 0.490385 0.153017 0.471154 0.153017 0.448077 0.158764 0.415385 0.165948 0.392308 0.176724 0.377885 0.186782 0.375962 0.193966 0.379808 0.207615 0.400000 0.209052 0.442308 0.206178 0.461538 0.198994 0.484615 0.189655 0.497115 0.181034 0.500962
0 0.550287 0.408654 0.518678 0.404808 0.502874 0.397115 0.494971 0.386538 0.493534 0.380769 0.497845 0.363462 0.508621 0.350962 0.538793 0.335577 0.576149 0.331731 0.591954 0.339423 0.598420 0.348077 0.601293 0.357692 0.599856 0.369231 0.595546 0.378846 0.573276 0.400962 0.550287 0.408654
0 0.266523 0.998077 0.275862 0.987500 0.283046 0.983654 0.298851 0.983654 0.306034 0.974038 0.317529 0.968269 0.339080 0.968269 0.360632 0.974038 0.377874 0.985577 0.384339 0.998077
0 0.474138 0.895192 0.461207 0.893269 0.457615 0.888462 0.450431 0.873077 0.441810 0.844231 0.443247 0.801923 0.446121 0.792308 0.455460 0.781731 0.468391 0.783654 0.476293 0.792308 0.490661 0.840385 0.489224 0.871154 0.483477 0.884615 0.474138 0.895192
0 0.517241 0.856731 0.502874 0.854808 0.489224 0.838462 0.474856 0.790385 0.474856 0.780769 0.471983 0.775000 0.473420 0.759615 0.476293 0.751923 0.485632 0.743269 0.505747 0.743269 0.517241 0.750962 0.528017 0.769231 0.530891 0.782692 0.532328 0.828846 0.525144 0.848077 0.517241 0.856731
0 0.059626 0.998077 0.059626 0.976923 0.062500 0.969231 0.063937 0.948077 0.073276 0.933654 0.081897 0.931731 0.102011 0.933654 0.112787 0.946154 0.118534 0.961538 0.118534 0.998077
0 0.653736 0.268269 0.623563 0.266346 0.591954 0.250962 0.585489 0.234615 0.588362 0.217308 0.604885 0.200962 0.619253 0.195192 0.647989 0.193269 0.662356 0.199038 0.678879 0.215385 0.683190 0.225000 0.683190 0.238462 0.680316 0.251923 0.673851 0.260577 0.653736 0.268269
0 0.567529 0.741346 0.556034 0.741346 0.543103 0.733654 0.535201 0.723077 0.529454 0.700000 0.530891 0.671154 0.538075 0.650000 0.550287 0.631731 0.560345 0.625962 0.571839 0.625962 0.581897 0.631731 0.591236 0.650000 0.592672 0.661538 0.588362 0.719231 0.583333 0.729808 0.567529 0.741346
0 0.107759 0.718269 0.077586 0.710577 0.061063 0.698077 0.052443 0.673077 0.052443 0.657692 0.060345 0.641346 0.067529 0.635577 0.083333 0.629808 0.103448 0.629808 0.117816 0.637500 0.131466 0.651923 0.138649 0.669231 0.138649 0.686538 0.135776 0.698077 0.125000 0.710577 0.107759 0.718269
