0 0.559375 0.814453 0.525000 0.810547 0.485938 0.765625 0.476562 0.722656 0.479687 0.687500 0.496875 0.662109 0.537500 0.666016 0.567187 0.710938 0.582812 0.765625 0.582812 0.792969 0.559375 0.814453
0 0.259375 0.939453 0.243750 0.939453 0.218750 0.927734 0.210938 0.917969 0.201563 0.882812 0.210938 0.847656 0.221875 0.833984 0.237500 0.826172 0.287500 0.833984 0.310937 0.863281 0.307812 0.902344 0.296875 0.916016 0.259375 0.939453
0 0.751563 0.996094 0.732812 0.980469 0.710938 0.941406 0.701562 0.898438 0.715625 0.880859 0.746875 0.884766 0.753125 0.892578 0.771875 0.896484 0.821875 0.947266 0.843750 0.947266 0.864062 0.968750 0.876563 0.996094
0 0.937500 0.662109 0.887500 0.650391 0.839063 0.605469 0.832812 0.593750 0.829688 0.566406 0.832812 0.535156 0.840625 0.525391 0.862500 0.513672 0.890625 0.521484 0.948438 0.585938 0.954688 0.625000 0.948438 0.648438 0.937500 0.662109
0 0.828125 0.755859 0.815625 0.755859 0.806250 0.748047 0.793750 0.751953 0.767188 0.718750 0.773438 0.640625 0.784375 0.626953 0.818750 0.623047 0.839063 0.644531 0.857812 0.687500 0.857812 0.730469 0.843750 0.748047 0.828125 0.755859
0 0.275000 0.767578 0.259375 0.767578 0.246875 0.759766 0.242188 0.746094 0.220312 0.718750 0.220312 0.710938 0.192188 0.691406 0.192188 0.656250 0.198437 0.636719 0.218750 0.615234 0.225000 0.615234 0.235937 0.628906 0.239063 0.644531 0.253125 0.666016 0.300000 0.677734 0.329688 0.718750 0.329688 0.734375 0.315625 0.759766 0.281250 0.759766 0.275000 0.767578
0 0.743750 0.619141 0.731250 0.615234 0.704688 0.589844 0.707812 0.578125 0.725000 0.560547 0.751563 0.593750 0.751563 0.605469 0.743750 0.619141
0 0.000000 0.927734 0.017188 0.968750 0.014063 0.996094
0 0.381250 0.630859 0.359375 0.607422 0.340625 0.603516 0.331250 0.591797 0.309375 0.587891 0.296875 0.576172 0.281250 0.576172 0.239063 0.546875 0.220312 0.503906 0.220312 0.468750 0.237500 0.431641 0.256250 0.419922 0.278125 0.419922 0.309375 0.443359 0.335938 0.472656 0.342187 0.488281 0.367188 0.519531 0.367188 0.535156 0.382812 0.570312 0.382812 0.601562 0.389062 0.621094 0.381250 0.630859
0 0.996875 0.185547 0.971875 0.197266 0.918750 0.201172 0.884375 0.181641 0.870313 0.164062 0.864062 0.132812 0.870313 0.039062 0.889062 0.023438 0.889062 0.000000
0 0.765625 0.439453 0.746875 0.439453 0.737500 0.431641 0.721875 0.412109 0.696875 0.396484 0.684375 0.369141 0.654687 0.343750 0.654687 0.320312 0.671875 0.291016 0.696875 0.294922 0.720313 0.324219 0.726562 0.347656 0.764062 0.386719 0.773438 0.417969 0.773438 0.429688 0.765625 0.439453
0 0.996875 0.322266 0.953125 0.330078 0.928125 0.322266 0.914062 0.304688 0.914062 0.277344 0.931250 0.244141 0.981250 0.216797 0.996875 0.220703
0 0.809375 0.384766 0.793750 0.384766 0.776563 0.367188 0.773438 0.355469 0.784375 0.345703 0.809375 0.349609 0.817187 0.363281 0.817187 0.375000 0.809375 0.384766
0 0.654687 0.996094 0.648438 0.984375 0.648438 0.968750 0.662500 0.943359 0.675000 0.943359 0.690625 0.955078 0.710938 0.984375 0.710938 0.996094
0 0.593750 0.439453 0.579688 0.425781 0.573438 0.390625 0.581250 0.373047 0.609375 0.373047 0.623437 0.394531 0.623437 0.417969 0.612500 0.435547 0.593750 0.439453
0 0.996875 0.529297 0.937500 0.490234 0.921875 0.486328 0.903125 0.466797 0.890625 0.462891 0.846875 0.427734 0.831250 0.427734 0.826562 0.417969 0.862500 0.396484 0.903125 0.400391 0.937500 0.412109 0.996875 0.455078
