0 0.033046 0.172115 0.018678 0.168269 0.015086 0.159615 0.015086 0.146154 0.027299 0.125962 0.035920 0.122115 0.044540 0.112500 0.058908 0.110577 0.075431 0.126923 0.076868 0.140385 0.067529 0.156731 0.047414 0.168269 0.038793 0.168269 0.033046 0.172115
0 0.369971 0.998077 0.372845 0.984615 0.381466 0.969231 0.392241 0.956731 0.418103 0.945192 0.433908 0.947115 0.444684 0.959615 0.447557 0.969231 0.447557 0.984615 0.443247 0.998077
0 0.885057 0.772115 0.872126 0.772115 0.859195 0.766346 0.844828 0.749038 0.837644 0.745192 0.829741 0.732692 0.826868 0.719231 0.828305 0.705769 0.844828 0.679808 0.850575 0.679808 0.856322 0.670192 0.873563 0.670192 0.886494 0.674038 0.900144 0.686538 0.904454 0.698077 0.903017 0.753846 0.893678 0.768269 0.885057 0.772115
0 0.591954 0.227885 0.573276 0.222115 0.562500 0.207692 0.555316 0.188462 0.539511 0.173077 0.538075 0.155769 0.540948 0.151923 0.540948 0.142308 0.547414 0.124038 0.556034 0.125962 0.566810 0.144231 0.566810 0.163462 0.573994 0.171154 0.573994 0.176923 0.577586 0.181731 0.602011 0.181731 0.608477 0.190385 0.609914 0.209615 0.602011 0.224038 0.596264 0.224038 0.591954 0.227885
0 0.998563 0.350962 0.984195 0.339423 0.971264 0.333654 0.965517 0.325962 0.951149 0.318269 0.943247 0.307692 0.944684 0.292308 0.958333 0.275962 0.975575 0.268269 0.998563 0.268269
0 0.166667 0.968269 0.153736 0.968269 0.147989 0.964423 0.135057 0.950962 0.125718 0.934615 0.124282 0.915385 0.127155 0.905769 0.139368 0.889423 0.145115 0.885577 0.155172 0.883654 0.169540 0.887500 0.180316 0.900000 0.183190 0.907692 0.183190 0.950000 0.175287 0.964423 0.166667 0.968269
0 0.245690 0.187500 0.235632 0.187500 0.222701 0.181731 0.213362 0.169231 0.211925 0.153846 0.217672 0.132692 0.228448 0.120192 0.239943 0.114423 0.261494 0.116346 0.281609 0.125962 0.288075 0.138462 0.285201 0.157692 0.271552 0.174038 0.245690 0.187500
0 0.566092 0.281731 0.550287 0.281731 0.541667 0.275962 0.539511 0.273077 0.540948 0.257692 0.534483 0.247115 0.528017 0.244231 0.523707 0.228846 0.517960 0.219231 0.517960 0.209615 0.520833 0.203846 0.531609 0.187500 0.541667 0.179808 0.547414 0.179808 0.555316 0.188462 0.562500 0.203846 0.562500 0.211538 0.569684 0.219231 0.568247 0.226923 0.570402 0.229808 0.577586 0.227885 0.586207 0.233654 0.602011 0.227885 0.605603 0.234615 0.598420 0.250000 0.592672 0.253846 0.586207 0.266346 0.566092 0.281731
0 0.998563 0.577885 0.985632 0.575962 0.979885 0.570192 0.966954 0.572115 0.956897 0.564423 0.948276 0.564423 0.942529 0.556731 0.929598 0.554808 0.918822 0.544231 0.914511 0.532692 0.914511 0.511538 0.917385 0.501923 0.926724 0.489423 0.941092 0.483654 0.946839 0.477885 0.965517 0.477885 0.984195 0.487500 0.998563 0.499038
0 0.998563 0.202885 0.990661 0.184615 0.993534 0.159615 0.996408 0.153846 0.994971 0.130769 0.997845 0.125000 0.996408 0.111538 0.998563 0.108654
0 0.542385 0.000000 0.540230 0.004808 0.517241 0.018269 0.507184 0.018269 0.498563 0.014423 0.493534 0.007692 0.492098 0.000000
0 0.812500 0.998077 0.791667 0.972115 0.783046 0.966346 0.776580 0.957692 0.775144 0.944231 0.784483 0.933654 0.791667 0.929808 0.797414 0.931731 0.818247 0.953846 0.829741 0.975000 0.829741 0.992308 0.826868 0.998077
0 0.558908 0.625962 0.528736 0.622115 0.502874 0.608654 0.493534 0.594231 0.492098 0.578846 0.510057 0.554808 0.520115 0.549038 0.525862 0.549038 0.540230 0.539423 0.576149 0.537500 0.600575 0.543269 0.607759 0.549038 0.618534 0.567308 0.618534 0.575000 0.614224 0.580769 0.614224 0.584615 0.600575 0.602885 0.579023 0.610577 0.558908 0.625962
0 0.537356 0.179808 0.530891 0.176923 0.530891 0.171154 0.535920 0.164423 0.539511 0.167308 0.540948 0.175000 0.537356 0.179808
0 0.383621 0.445192 0.360632 0.441346 0.348420 0.428846 0.344109 0.413462 0.323994 0.392308 0.322557 0.373077 0.327586 0.362500 0.339080 0.356731 0.366379 0.358654 0.395115 0.370192 0.404454 0.380769 0.408764 0.392308 0.411638 0.421154 0.399425 0.441346 0.383621 0.445192
0 0.495690 0.299038 0.489943 0.297115 0.486351 0.292308 0.492816 0.279808 0.495690 0.279808 0.503592 0.288462 0.495690 0.299038
0 0.834770 0.162500 0.821839 0.156731 0.815374 0.148077 0.812500 0.138462 0.819684 0.115385 0.818247 0.107692 0.823994 0.101923 0.823994 0.096154 0.826868 0.092308 0.826868 0.082692 0.863506 0.052885 0.892241 0.056731 0.903017 0.071154 0.905891 0.078846 0.904454 0.094231 0.900144 0.107692 0.856322 0.152885 0.834770 0.162500
0 0.664511 0.998077 0.671695 0.975000 0.682471 0.966346 0.698276 0.968269 0.706178 0.980769 0.709052 0.998077
0 0.326868 0.000000 0.326868 0.017308 0.317529 0.031731 0.301724 0.027885 0.290948 0.011538 0.289511 0.000000
0 0.326149 0.491346 0.303161 0.491346 0.285920 0.487500 0.275862 0.489423 0.260057 0.477885 0.256466 0.463462 0.260776 0.442308 0.277299 0.424038 0.297414 0.416346 0.314655 0.416346 0.336207 0.427885 0.348420 0.442308 0.349856 0.463462 0.337644 0.485577 0.326149 0.491346
0 0.489943 0.649038 0.484914 0.646154 0.484914 0.640385 0.488506 0.635577 0.492816 0.635577 0.494971 0.642308 0.489943 0.649038
0 0.790948 0.000000 0.793822 0.005769 0.786638 0.034615 0.771552 0.052885 0.765805 0.052885 0.751437 0.066346 0.738506 0.060577 0.734914 0.055769 0.732040 0.044231 0.724856 0.034615 0.729167 0.007692 0.732759 0.002885 0.738506 0.000962 0.744253 0.002885 0.746408 0.000000
0 0.617816 0.214423 0.613506 0.214423 0.608477 0.205769 0.608477 0.201923 0.613506 0.197115 0.617816 0.197115 0.624282 0.205769 0.617816 0.214423
0 0.614943 0.058654 0.607759 0.058654 0.605603 0.051923 0.609195 0.047115 0.614943 0.047115 0.617098 0.050000 0.614943 0.058654
0 0.279454 0.998077 0.301724 0.964423 0.320402 0.954808 0.329023 0.954808 0.339080 0.960577 0.354167 0.982692 0.357040 0.998077
0 0.416667 0.912500 0.395115 0.912500 0.387931 0.908654 0.382902 0.901923 0.378592 0.888462 0.378592 0.878846 0.387213 0.848077 0.399425 0.829808 0.422414 0.816346 0.452586 0.812500 0.461207 0.818269 0.469109 0.830769 0.469109 0.851923 0.461925 0.875000 0.443966 0.897115 0.431034 0.906731 0.416667 0.912500
0 0.712644 0.472115 0.696839 0.472115 0.687500 0.461538 0.684626 0.451923 0.686063 0.425000 0.690374 0.419231 0.694684 0.403846 0.715517 0.374038 0.728448 0.366346 0.742816 0.366346 0.750000 0.372115 0.755029 0.380769 0.757902 0.396154 0.757902 0.413462 0.728448 0.462500 0.712644 0.472115
0 0.216954 0.437500 0.205460 0.435577 0.200431 0.428846 0.193247 0.403846 0.193247 0.392308 0.197557 0.375000 0.205460 0.360577 0.214080 0.354808 0.231322 0.356731 0.252874 0.372115 0.263649 0.388462 0.270833 0.407692 0.263649 0.423077 0.257184 0.429808 0.242816 0.431731 0.238506 0.427885 0.232759 0.427885 0.216954 0.437500
0 0.593391 0.145192 0.566092 0.143269 0.556753 0.128846 0.553879 0.111538 0.566810 0.080769 0.574713 0.072115 0.584770 0.064423 0.614943 0.058654 0.632902 0.073077 0.637213 0.084615 0.635776 0.103846 0.628592 0.119231 0.616379 0.135577 0.609195 0.141346 0.593391 0.145192
0 0.525862 0.297115 0.504310 0.291346 0.494971 0.278846 0.494971 0.269231 0.490661 0.259615 0.490661 0.251923 0.495690 0.231731 0.504310 0.225962 0.512931 0.225962 0.520115 0.229808 0.526580 0.236538 0.528017 0.244231 0.536638 0.253846 0.539511 0.273077 0.536638 0.284615 0.525862 0.297115
0 0.272270 0.000000 0.258621 0.020192 0.245690 0.025962 0.238506 0.035577 0.231322 0.039423 0.224138 0.039423 0.204023 0.025962 0.196121 0.000000
0 0.227011 0.674038 0.214080 0.672115 0.200431 0.659615 0.198994 0.638462 0.206178 0.619231 0.221264 0.597115 0.241379 0.579808 0.261494 0.577885 0.277299 0.583654 0.289511 0.603846 0.289511 0.621154 0.285201 0.634615 0.275862 0.647115 0.255747 0.660577 0.227011 0.674038
0 0.591954 0.464423 0.577586 0.464423 0.570402 0.460577 0.563937 0.451923 0.562500 0.401923 0.566810 0.390385 0.579023 0.374038 0.593391 0.362500 0.606322 0.356731 0.629310 0.358654 0.640086 0.371154 0.642960 0.378846 0.642960 0.394231 0.640086 0.407692 0.622126 0.443269 0.612069 0.452885 0.591954 0.464423
0 0.959770 0.185577 0.951149 0.179808 0.945402 0.181731 0.937500 0.173077 0.931753 0.155769 0.931753 0.121154 0.940374 0.096154 0.954023 0.079808 0.975575 0.077885 0.985632 0.083654 0.993534 0.094231 0.994971 0.103846 0.997845 0.107692 0.997845 0.125000 0.993534 0.142308 0.987787 0.150000 0.987787 0.161538 0.978448 0.172115 0.968391 0.179808 0.964080 0.179808 0.959770 0.185577
0 0.477011 0.222115 0.451149 0.218269 0.440374 0.201923 0.441810 0.176923 0.446121 0.165385 0.474138 0.129808 0.481322 0.124038 0.485632 0.124038 0.489943 0.118269 0.500000 0.118269 0.506466 0.144231 0.519397 0.167308 0.519397 0.171154 0.512213 0.192308 0.501437 0.210577 0.477011 0.222115
0 0.613506 0.229808 0.607040 0.225000 0.610632 0.214423 0.614943 0.214423 0.618534 0.219231 0.618534 0.223077 0.613506 0.229808
0 0.780172 0.147115 0.768678 0.143269 0.760776 0.130769 0.760776 0.119231 0.763649 0.113462 0.763649 0.076923 0.769397 0.061538 0.777299 0.050962 0.785920 0.045192 0.795977 0.043269 0.798851 0.047115 0.804598 0.047115 0.815374 0.059615 0.818247 0.090385 0.815374 0.094231 0.813937 0.107692 0.805316 0.130769 0.795977 0.141346 0.780172 0.147115
0 0.621408 0.998077 0.625000 0.991346 0.630747 0.991346 0.633621 0.987500 0.640805 0.989423 0.647270 0.998077
0 0.474138 0.758654 0.465517 0.754808 0.457615 0.742308 0.459052 0.717308 0.464799 0.701923 0.472701 0.691346 0.498563 0.672115 0.511494 0.668269 0.524425 0.670192 0.540948 0.684615 0.548132 0.700000 0.548132 0.715385 0.542385 0.732692 0.534483 0.745192 0.518678 0.752885 0.492816 0.752885 0.474138 0.758654
0 0.234914 0.998077 0.221983 0.986538 0.220546 0.967308 0.224856 0.940385 0.229167 0.932692 0.237787 0.896154 0.242098 0.886538 0.254310 0.872115 0.261494 0.868269 0.275862 0.868269 0.285201 0.876923 0.289511 0.888462 0.289511 0.915385 0.283764 0.928846 0.288075 0.938462 0.273707 0.976923 0.257902 0.998077
0 0.521552 0.162500 0.515805 0.162500 0.506466 0.144231 0.502155 0.126923 0.502155 0.109615 0.511494 0.097115 0.522989 0.089423 0.540230 0.089423 0.551006 0.100000 0.551006 0.119231 0.535201 0.151923 0.521552 0.162500
0 0.620690 0.197115 0.616379 0.197115 0.607040 0.184615 0.607040 0.161538 0.599856 0.150000 0.599856 0.146154 0.617816 0.133654 0.626437 0.133654 0.630747 0.127885 0.639368 0.127885 0.644397 0.134615 0.642960 0.148077 0.647270 0.155769 0.645833 0.173077 0.635057 0.191346 0.625000 0.191346 0.620690 0.197115
0 0.070402 0.391346 0.056034 0.391346 0.047414 0.385577 0.033764 0.369231 0.029454 0.357692 0.026580 0.338462 0.029454 0.313462 0.032328 0.303846 0.044540 0.289423 0.064655 0.289423 0.078305 0.307692 0.079741 0.317308 0.084052 0.323077 0.086925 0.336538 0.086925 0.369231 0.081897 0.379808 0.070402 0.391346
0 0.593391 0.183654 0.587644 0.179808 0.577586 0.181731 0.573994 0.176923 0.572557 0.157692 0.576149 0.152885 0.587644 0.149038 0.596983 0.153846 0.602730 0.165385 0.602730 0.173077 0.599138 0.181731 0.593391 0.183654
0 0.971264 0.643269 0.949713 0.635577 0.922414 0.639423 0.909483 0.633654 0.898707 0.621154 0.895833 0.613462 0.895833 0.592308 0.900144 0.582692 0.900144 0.576923 0.910920 0.560577 0.916667 0.556731 0.923851 0.556731 0.936782 0.558654 0.939655 0.562500 0.956897 0.564423 0.979885 0.579808 0.987787 0.592308 0.990661 0.617308 0.989224 0.625000 0.978448 0.639423 0.971264 0.643269
0 0.106322 0.895192 0.091954 0.895192 0.087644 0.891346 0.079023 0.893269 0.067529 0.877885 0.043103 0.864423 0.033764 0.850000 0.035201 0.842308 0.043103 0.835577 0.057471 0.835577 0.060345 0.839423 0.064655 0.839423 0.077586 0.831731 0.091954 0.831731 0.107759 0.841346 0.124282 0.865385 0.124282 0.878846 0.117816 0.887500 0.106322 0.895192
0 0.202586 0.849038 0.185345 0.847115 0.169540 0.835577 0.160201 0.823077 0.157328 0.813462 0.158764 0.798077 0.160201 0.792308 0.170977 0.777885 0.181034 0.772115 0.208333 0.772115 0.231322 0.781731 0.236351 0.786538 0.240661 0.798077 0.240661 0.809615 0.233477 0.826923 0.219828 0.841346 0.202586 0.849038
0 0.000000 0.847115 0.031609 0.854808 0.048851 0.868269 0.067529 0.877885 0.079741 0.894231 0.081178 0.905769 0.073276 0.914423 0.067529 0.914423 0.058908 0.920192 0.050287 0.920192 0.030172 0.912500 0.011494 0.897115 0.000000 0.893269
0 0.474138 0.289423 0.461207 0.289423 0.452586 0.283654 0.434626 0.255769 0.431753 0.228846 0.435345 0.220192 0.451149 0.218269 0.464080 0.229808 0.478448 0.220192 0.493534 0.215385 0.493534 0.246154 0.487787 0.259615 0.484914 0.275000 0.474138 0.289423
0 0.563218 0.533654 0.558190 0.530769 0.560345 0.524038 0.565374 0.526923 0.563218 0.533654
0 0.714080 0.916346 0.699713 0.916346 0.685345 0.910577 0.670259 0.894231 0.668822 0.873077 0.673132 0.859615 0.678161 0.852885 0.699713 0.839423 0.718391 0.831731 0.745690 0.835577 0.758621 0.841346 0.769397 0.851923 0.773707 0.865385 0.772270 0.878846 0.758621 0.899038 0.714080 0.916346
0 0.702586 0.635577 0.689655 0.635577 0.676006 0.621154 0.671695 0.607692 0.673132 0.571154 0.680316 0.553846 0.699713 0.533654 0.716954 0.524038 0.732759 0.524038 0.742098 0.532692 0.747845 0.548077 0.747845 0.565385 0.743534 0.586538 0.734914 0.603846 0.718391 0.625962 0.702586 0.635577
0 0.564655 0.339423 0.558190 0.334615 0.558190 0.328846 0.555316 0.325000 0.557471 0.318269 0.563218 0.318269 0.569684 0.325000 0.569684 0.330769 0.564655 0.339423
0 0.683908 0.429808 0.677443 0.425000 0.677443 0.413462 0.681034 0.408654 0.691810 0.413462 0.683908 0.429808
0 0.896552 0.274038 0.875000 0.270192 0.847701 0.254808 0.836925 0.236538 0.836925 0.219231 0.839799 0.213462 0.846264 0.204808 0.859195 0.199038 0.876437 0.200962 0.880747 0.195192 0.883621 0.195192 0.890805 0.204808 0.910920 0.208654 0.918103 0.214423 0.924569 0.230769 0.924569 0.251923 0.915230 0.266346 0.896552 0.274038
0 0.068966 0.645192 0.060345 0.645192 0.044540 0.635577 0.033764 0.617308 0.029454 0.603846 0.028017 0.575000 0.032328 0.561538 0.041667 0.547115 0.054598 0.537500 0.067529 0.537500 0.079023 0.543269 0.089799 0.557692 0.095546 0.576923 0.095546 0.600000 0.091236 0.619231 0.080460 0.637500 0.068966 0.645192
0 0.386494 0.956731 0.380029 0.951923 0.382184 0.947115 0.388649 0.950000 0.386494 0.956731
0 0.540230 0.356731 0.535201 0.353846 0.537356 0.347115 0.542385 0.350000 0.540230 0.356731
