0 0.804688 0.435547 0.781250 0.431641 0.751953 0.414062 0.763672 0.398438 0.763672 0.363281 0.769531 0.357422 0.796875 0.353516 0.818359 0.375000 0.822266 0.425781 0.804688 0.435547
0 0.816406 0.267578 0.789062 0.263672 0.775391 0.246094 0.775391 0.218750 0.796875 0.197266 0.824219 0.205078 0.837891 0.222656 0.837891 0.246094 0.816406 0.267578
0 0.433594 0.685547 0.398438 0.681641 0.373047 0.648438 0.373047 0.628906 0.394531 0.607422 0.414062 0.599609 0.437500 0.611328 0.455078 0.632812 0.455078 0.664062 0.433594 0.685547
0 0.648438 0.822266 0.609375 0.814453 0.583984 0.785156 0.583984 0.769531 0.609375 0.740234 0.636719 0.736328 0.669922 0.769531 0.669922 0.804688 0.648438 0.822266
0 0.330078 0.000000 0.322266 0.031250 0.312500 0.041016 0.289062 0.048828 0.277344 0.044922 0.255859 0.019531 0.255859 0.000000
0 0.121094 0.384766 0.085938 0.384766 0.060547 0.355469 0.064453 0.339844 0.080078 0.324219 0.080078 0.312500 0.097656 0.298828 0.128906 0.310547 0.146484 0.332031 0.146484 0.359375 0.121094 0.384766
0 0.359375 0.392578 0.328125 0.392578 0.318359 0.382812 0.310547 0.343750 0.328125 0.330078 0.359375 0.330078 0.369141 0.339844 0.373047 0.375000 0.359375 0.392578
0 0.058594 0.767578 0.044922 0.761719 0.050781 0.748047 0.064453 0.753906 0.058594 0.767578
0 0.148438 0.623047 0.128906 0.619141 0.107422 0.605469 0.107422 0.558594 0.121094 0.537109 0.164062 0.537109 0.177734 0.546875 0.185547 0.562500 0.185547 0.578125 0.173828 0.589844 0.173828 0.601562 0.148438 0.623047
0 0.480469 0.251953 0.447266 0.250000 0.447266 0.203125 0.439453 0.195312 0.468750 0.166016 0.496094 0.169922 0.509766 0.191406 0.525391 0.203125 0.521484 0.226562 0.507812 0.240234 0.480469 0.251953
0 0.886719 0.861328 0.867188 0.861328 0.849609 0.843750 0.849609 0.808594 0.861328 0.796875 0.869141 0.769531 0.878906 0.759766 0.898438 0.751953 0.921875 0.751953 0.939453 0.769531 0.935547 0.796875 0.916016 0.820312 0.912109 0.843750 0.886719 0.861328
0 0.261719 0.298828 0.253906 0.298828 0.244141 0.281250 0.205078 0.242188 0.208984 0.222656 0.230469 0.205078 0.261719 0.205078 0.298828 0.226562 0.294922 0.253906 0.271484 0.277344 0.271484 0.289062 0.261719 0.298828
0 0.355469 0.525391 0.328125 0.521484 0.306641 0.492188 0.310547 0.460938 0.339844 0.443359 0.371094 0.451172 0.384766 0.480469 0.376953 0.511719 0.355469 0.525391
0 0.000000 0.576172 0.027344 0.568359 0.046875 0.580078 0.058594 0.580078 0.072266 0.601562 0.068359 0.621094 0.042969 0.642578 0.015625 0.638672 0.000000 0.626953
0 0.125000 0.513672 0.089844 0.501953 0.068359 0.472656 0.072266 0.457031 0.128906 0.412109 0.138672 0.421875 0.134766 0.441406 0.150391 0.460938 0.154297 0.480469 0.150391 0.492188 0.125000 0.513672
0 0.226562 0.412109 0.218750 0.412109 0.197266 0.394531 0.193359 0.363281 0.218750 0.337891 0.238281 0.330078 0.267578 0.351562 0.271484 0.375000 0.226562 0.412109
0 0.554688 0.189453 0.527344 0.189453 0.513672 0.175781 0.513672 0.160156 0.531250 0.146484 0.542969 0.146484 0.564453 0.175781 0.554688 0.189453
0 0.839844 0.916016 0.824219 0.916016 0.818359 0.910156 0.818359 0.898438 0.828125 0.888672 0.839844 0.888672 0.849609 0.902344 0.839844 0.916016
0 0.281250 0.455078 0.250000 0.455078 0.232422 0.441406 0.228516 0.429688 0.228516 0.410156 0.265625 0.376953 0.289062 0.376953 0.306641 0.394531 0.302734 0.437500 0.281250 0.455078
0 0.843750 0.505859 0.816406 0.505859 0.791016 0.488281 0.787109 0.457031 0.808594 0.431641 0.847656 0.427734 0.859375 0.431641 0.869141 0.445312 0.865234 0.476562 0.843750 0.505859
0 0.230469 0.544922 0.207031 0.544922 0.185547 0.515625 0.185547 0.500000 0.203125 0.486328 0.230469 0.486328 0.248047 0.503906 0.251953 0.519531 0.230469 0.544922
0 0.300781 0.712891 0.287109 0.707031 0.292969 0.689453 0.306641 0.695312 0.300781 0.712891
0 0.996094 0.341797 0.982422 0.316406 0.982422 0.285156 0.996094 0.271484
0 0.191406 0.736328 0.164062 0.736328 0.154297 0.726562 0.150391 0.699219 0.134766 0.683594 0.134766 0.656250 0.152344 0.638672 0.175781 0.630859 0.195312 0.630859 0.212891 0.648438 0.220703 0.671875 0.220703 0.710938 0.191406 0.736328
0 0.687500 0.142578 0.667969 0.142578 0.642578 0.121094 0.623047 0.097656 0.619141 0.078125 0.625000 0.072266 0.687500 0.072266 0.712891 0.093750 0.716797 0.109375 0.708984 0.128906 0.687500 0.142578
0 0.996094 0.705078 0.984375 0.712891 0.964844 0.708984 0.943359 0.691406 0.931641 0.671875 0.931641 0.652344 0.949219 0.638672 0.996094 0.642578
0 0.097656 0.845703 0.062500 0.845703 0.037109 0.820312 0.037109 0.800781 0.050781 0.783203 0.066406 0.775391 0.085938 0.775391 0.107422 0.789062 0.115234 0.816406 0.111328 0.832031 0.097656 0.845703
0 0.511719 0.416016 0.482422 0.394531 0.478516 0.371094 0.496094 0.345703 0.542969 0.337891 0.556641 0.363281 0.560547 0.394531 0.542969 0.412109 0.523438 0.404297 0.511719 0.416016
0 0.417969 0.271484 0.398438 0.271484 0.392578 0.265625 0.392578 0.230469 0.414062 0.205078 0.441406 0.197266 0.447266 0.203125 0.447266 0.250000 0.417969 0.271484
0 0.843750 0.154297 0.816406 0.146484 0.794922 0.117188 0.798828 0.082031 0.816406 0.064453 0.835938 0.056641 0.867188 0.064453 0.888672 0.085938 0.892578 0.097656 0.888672 0.121094 0.867188 0.142578 0.843750 0.154297
0 0.537109 0.996094 0.554688 0.974609 0.609375 0.978516 0.615234 0.996094
0 0.914062 0.611328 0.882812 0.611328 0.853516 0.570312 0.853516 0.550781 0.882812 0.521484 0.910156 0.521484 0.935547 0.542969 0.939453 0.578125 0.914062 0.611328
0 0.320312 0.791016 0.285156 0.791016 0.263672 0.769531 0.283203 0.734375 0.304688 0.716797 0.324219 0.716797 0.345703 0.734375 0.345703 0.769531 0.332031 0.787109 0.320312 0.791016
0 0.498047 0.000000 0.498047 0.011719 0.484375 0.025391 0.460938 0.033203 0.445312 0.029297 0.431641 0.015625 0.431641 0.000000
0 0.808594 0.697266 0.781250 0.689453 0.767578 0.667969 0.771484 0.640625 0.804688 0.611328 0.824219 0.619141 0.845703 0.644531 0.845703 0.667969 0.808594 0.697266
0 0.710938 0.255859 0.687500 0.251953 0.677734 0.242188 0.677734 0.218750 0.691406 0.197266 0.707031 0.197266 0.724609 0.218750 0.724609 0.242188 0.710938 0.255859
0 0.320312 0.337891 0.277344 0.306641 0.259766 0.300781 0.271484 0.289062 0.271484 0.277344 0.294922 0.253906 0.300781 0.236328 0.335938 0.244141 0.369141 0.281250 0.369141 0.296875 0.353516 0.328125 0.328125 0.330078 0.320312 0.337891
0 0.675781 0.361328 0.636719 0.353516 0.595703 0.316406 0.591797 0.292969 0.605469 0.267578 0.652344 0.267578 0.681641 0.292969 0.697266 0.316406 0.697266 0.343750 0.687500 0.357422 0.675781 0.361328
0 0.957031 0.947266 0.945312 0.947266 0.931641 0.929688 0.957031 0.912109 0.980469 0.912109 0.990234 0.925781 0.976562 0.939453 0.957031 0.947266
0 0.890625 0.330078 0.851562 0.330078 0.833984 0.312500 0.833984 0.296875 0.855469 0.263672 0.886719 0.263672 0.916016 0.285156 0.916016 0.304688 0.890625 0.330078
0 0.738281 0.419922 0.718750 0.419922 0.697266 0.398438 0.693359 0.371094 0.714844 0.353516 0.750000 0.353516 0.763672 0.363281 0.763672 0.398438 0.738281 0.419922
0 0.810547 0.996094 0.820312 0.982422 0.832031 0.978516 0.847656 0.978516 0.861328 0.996094
0 0.960938 0.490234 0.917969 0.486328 0.908203 0.472656 0.912109 0.429688 0.945312 0.412109 0.976562 0.419922 0.990234 0.441406 0.990234 0.464844 0.960938 0.490234
0 0.257812 0.615234 0.246094 0.615234 0.220703 0.593750 0.216797 0.574219 0.238281 0.556641 0.257812 0.556641 0.279297 0.574219 0.279297 0.597656 0.257812 0.615234
