0 0.211207 0.102885 0.192529 0.102885 0.175287 0.099038 0.158764 0.088462 0.153017 0.075000 0.153017 0.050000 0.155891 0.040385 0.165230 0.027885 0.183908 0.018269 0.206897 0.016346 0.225575 0.022115 0.237787 0.034615 0.237787 0.042308 0.240661 0.048077 0.239224 0.076923 0.228448 0.093269 0.211207 0.102885
0 0.472701 0.662500 0.461207 0.662500 0.448994 0.650000 0.444684 0.617308 0.446121 0.603846 0.466954 0.572115 0.479885 0.560577 0.489943 0.560577 0.498563 0.564423 0.505029 0.575000 0.506466 0.590385 0.499282 0.607692 0.492098 0.617308 0.486351 0.644231 0.472701 0.662500
0 0.633621 0.475962 0.604885 0.474038 0.599138 0.464423 0.594109 0.463462 0.592672 0.440385 0.599138 0.424038 0.606322 0.420192 0.649425 0.422115 0.650862 0.418269 0.653736 0.418269 0.655891 0.421154 0.657328 0.432692 0.661638 0.440385 0.660201 0.455769 0.652299 0.468269 0.633621 0.475962
0 0.821121 0.998077 0.808908 0.989423 0.795259 0.971154 0.792385 0.955769 0.793822 0.946154 0.801724 0.933654 0.816092 0.925962 0.846264 0.929808 0.875000 0.943269 0.882902 0.953846 0.887213 0.965385 0.885776 0.984615 0.875718 0.998077
0 0.492816 0.231731 0.482759 0.229808 0.474856 0.213462 0.474856 0.200000 0.470546 0.190385 0.470546 0.163462 0.473420 0.144231 0.476293 0.132692 0.487069 0.116346 0.500000 0.106731 0.515805 0.106731 0.524425 0.114423 0.529454 0.123077 0.529454 0.151923 0.523707 0.171154 0.522270 0.184615 0.513649 0.209615 0.504310 0.224038 0.492816 0.231731
0 0.234195 0.285577 0.221264 0.285577 0.214080 0.279808 0.198994 0.248077 0.201868 0.234615 0.201868 0.217308 0.207615 0.198077 0.207615 0.182692 0.212644 0.175962 0.218391 0.175962 0.228448 0.168269 0.239943 0.170192 0.250718 0.182692 0.255029 0.192308 0.260776 0.223077 0.260776 0.248077 0.257902 0.261538 0.234195 0.285577
0 0.698276 0.539423 0.678161 0.539423 0.668103 0.533654 0.657328 0.519231 0.654454 0.490385 0.658764 0.465385 0.664511 0.451923 0.672414 0.441346 0.693966 0.427885 0.709770 0.427885 0.716954 0.431731 0.726293 0.444231 0.732040 0.455769 0.734914 0.476923 0.732040 0.498077 0.726293 0.513462 0.714080 0.529808 0.698276 0.539423
0 0.043103 0.470192 0.030172 0.470192 0.021552 0.462500 0.007902 0.428846 0.006466 0.388462 0.013649 0.363462 0.020115 0.358654 0.030172 0.358654 0.038793 0.362500 0.047414 0.372115 0.058190 0.388462 0.068247 0.413462 0.069684 0.430769 0.063937 0.450000 0.051724 0.466346 0.043103 0.470192
0 0.311782 0.193269 0.298851 0.191346 0.292385 0.182692 0.290948 0.161538 0.295259 0.134615 0.314655 0.106731 0.326149 0.099038 0.336207 0.087500 0.346264 0.081731 0.363506 0.083654 0.367098 0.090385 0.367098 0.113462 0.362787 0.126923 0.352730 0.144231 0.351293 0.157692 0.334770 0.179808 0.311782 0.193269
0 0.998563 0.950962 0.994971 0.940385 0.994971 0.930769 0.998563 0.924038
0 0.916667 0.233654 0.902299 0.231731 0.891523 0.217308 0.882902 0.188462 0.877155 0.163462 0.875718 0.146154 0.877155 0.138462 0.887931 0.125962 0.903736 0.125962 0.909483 0.129808 0.915230 0.127885 0.917385 0.136538 0.927443 0.150000 0.937500 0.180769 0.938937 0.198077 0.934626 0.215385 0.928161 0.225962 0.916667 0.233654
0 0.390805 0.143269 0.383621 0.143269 0.376437 0.131731 0.371408 0.128846 0.367098 0.113462 0.367098 0.090385 0.384339 0.063462 0.394397 0.030769 0.409483 0.012500 0.422414 0.010577 0.428161 0.014423 0.434626 0.026923 0.436063 0.044231 0.433190 0.053846 0.433190 0.065385 0.415948 0.115385 0.400862 0.137500 0.390805 0.143269
0 0.234195 0.654808 0.218391 0.650962 0.206178 0.636538 0.203305 0.626923 0.203305 0.586538 0.210489 0.563462 0.225575 0.537500 0.238506 0.527885 0.250000 0.527885 0.258621 0.531731 0.266523 0.544231 0.272270 0.567308 0.272270 0.584615 0.265086 0.621154 0.259339 0.634615 0.248563 0.647115 0.234195 0.654808
0 0.114943 0.529808 0.103448 0.527885 0.093391 0.516346 0.083333 0.510577 0.071121 0.492308 0.063937 0.448077 0.071121 0.428846 0.086207 0.414423 0.099138 0.412500 0.122126 0.427885 0.132902 0.448077 0.138649 0.465385 0.140086 0.480769 0.132902 0.501923 0.131466 0.515385 0.123563 0.525962 0.114943 0.529808
0 0.179598 0.441346 0.170977 0.441346 0.155172 0.431731 0.135776 0.405769 0.127155 0.384615 0.122845 0.365385 0.122845 0.350000 0.127874 0.343269 0.133621 0.339423 0.146552 0.341346 0.182471 0.374038 0.193966 0.379808 0.204741 0.392308 0.209052 0.401923 0.207615 0.417308 0.199713 0.429808 0.188218 0.439423 0.179598 0.441346
0 0.136494 0.897115 0.127874 0.897115 0.119253 0.891346 0.111351 0.880769 0.102730 0.846154 0.107040 0.786538 0.105603 0.759615 0.109914 0.744231 0.120690 0.731731 0.130747 0.733654 0.138649 0.742308 0.157328 0.775000 0.163075 0.796154 0.163075 0.828846 0.157328 0.865385 0.148707 0.884615 0.136494 0.897115
0 0.458333 0.360577 0.432471 0.360577 0.426006 0.350000 0.424569 0.326923 0.433190 0.294231 0.437500 0.288462 0.446121 0.263462 0.456897 0.249038 0.471264 0.243269 0.481322 0.249038 0.489224 0.265385 0.489224 0.298077 0.473420 0.340385 0.458333 0.360577
0 0.670259 0.000000 0.671695 0.011538 0.667385 0.040385 0.655891 0.061538 0.642241 0.074038 0.625000 0.068269 0.617098 0.053846 0.614224 0.042308 0.615661 0.000000
0 0.897989 0.550962 0.876437 0.549038 0.867098 0.532692 0.867098 0.480769 0.869971 0.457692 0.877155 0.434615 0.885057 0.425962 0.895115 0.425962 0.903017 0.434615 0.911638 0.453846 0.914511 0.467308 0.914511 0.523077 0.908764 0.540385 0.897989 0.550962
0 0.339080 0.699038 0.326149 0.699038 0.316092 0.693269 0.309626 0.684615 0.305316 0.671154 0.303879 0.650000 0.308190 0.617308 0.319684 0.582692 0.329023 0.570192 0.336207 0.566346 0.346264 0.566346 0.359914 0.584615 0.362787 0.598077 0.365661 0.601923 0.367098 0.621154 0.364224 0.646154 0.359914 0.655769 0.354167 0.682692 0.346264 0.695192 0.339080 0.699038
0 0.998563 0.410577 0.981322 0.412500 0.975575 0.408654 0.969109 0.400000 0.966236 0.384615 0.967672 0.365385 0.977730 0.348077 0.977730 0.344231 0.987069 0.333654 0.998563 0.325962
0 0.000000 0.550962 0.006466 0.559615 0.007902 0.578846 0.015086 0.601923 0.016523 0.615385 0.015086 0.661538 0.005747 0.677885 0.000000 0.677885
0 0.322557 0.998077 0.329741 0.971154 0.347701 0.949038 0.360632 0.949038 0.372845 0.961538 0.378592 0.976923 0.378592 0.998077
0 0.077586 0.997115 0.066092 0.991346 0.056753 0.978846 0.052443 0.967308 0.048132 0.948077 0.048132 0.901923 0.052443 0.886538 0.061782 0.872115 0.081897 0.868269 0.099856 0.890385 0.107040 0.909615 0.109914 0.938462 0.107040 0.953846 0.098420 0.976923 0.087644 0.991346 0.077586 0.997115
0 0.998563 0.783654 0.985632 0.799038 0.954023 0.802885 0.943966 0.797115 0.937500 0.782692 0.937500 0.771154 0.941810 0.761538 0.972701 0.718269 0.981322 0.712500 0.992816 0.712500 0.998563 0.718269
0 0.376437 0.706731 0.367816 0.706731 0.360632 0.700962 0.354167 0.688462 0.354167 0.678846 0.359914 0.655769 0.368534 0.636538 0.382184 0.624038 0.396552 0.622115 0.427443 0.665385 0.431753 0.686538 0.426724 0.697115 0.412356 0.704808 0.385057 0.700962 0.376437 0.706731
0 0.175287 0.268269 0.160920 0.268269 0.156609 0.264423 0.142960 0.244231 0.132902 0.219231 0.131466 0.190385 0.135776 0.180769 0.145115 0.172115 0.170977 0.166346 0.191092 0.174038 0.196121 0.178846 0.197557 0.188462 0.203305 0.198077 0.200431 0.240385 0.188218 0.260577 0.175287 0.268269
0 0.451149 0.570192 0.442529 0.570192 0.435345 0.564423 0.431753 0.559615 0.430316 0.542308 0.436063 0.526923 0.444684 0.488462 0.458333 0.468269 0.474138 0.464423 0.483477 0.476923 0.487787 0.490385 0.486351 0.513462 0.477730 0.536538 0.469109 0.551923 0.459770 0.564423 0.451149 0.570192
0 0.193247 0.998077 0.201868 0.969231 0.211207 0.956731 0.227011 0.949038 0.235632 0.952885 0.247845 0.971154 0.252155 0.986538 0.252155 0.998077
0 0.642241 0.879808 0.633621 0.879808 0.622126 0.874038 0.613506 0.866346 0.601293 0.846154 0.596983 0.832692 0.596983 0.821154 0.604885 0.802885 0.619253 0.795192 0.640805 0.799038 0.650862 0.804808 0.666667 0.820192 0.677443 0.836538 0.680316 0.844231 0.680316 0.855769 0.673851 0.866346 0.665230 0.872115 0.642241 0.879808
0 0.423851 0.885577 0.410920 0.883654 0.400862 0.877885 0.391523 0.867308 0.384339 0.853846 0.382902 0.834615 0.385776 0.825000 0.393678 0.814423 0.406609 0.808654 0.419540 0.808654 0.441092 0.814423 0.451868 0.825000 0.454741 0.832692 0.454741 0.851923 0.450431 0.863462 0.439655 0.877885 0.423851 0.885577
0 0.583333 0.431731 0.574713 0.431731 0.560345 0.422115 0.552443 0.411538 0.548132 0.396154 0.548132 0.380769 0.561063 0.346154 0.570402 0.331731 0.580460 0.322115 0.591954 0.316346 0.606322 0.318269 0.625718 0.336538 0.631466 0.353846 0.630029 0.371154 0.625718 0.384615 0.610632 0.412500 0.594828 0.427885 0.587644 0.427885 0.583333 0.431731
0 0.762931 0.724038 0.744253 0.720192 0.734914 0.709615 0.732040 0.700000 0.732040 0.675000 0.739224 0.653846 0.754310 0.627885 0.770115 0.614423 0.787356 0.612500 0.801006 0.625000 0.806753 0.640385 0.809626 0.653846 0.806753 0.680769 0.801006 0.694231 0.781609 0.718269 0.762931 0.724038
0 0.770115 0.135577 0.744253 0.131731 0.735632 0.125962 0.727730 0.115385 0.724856 0.105769 0.729167 0.084615 0.742816 0.066346 0.758621 0.056731 0.784483 0.058654 0.811782 0.074038 0.818247 0.088462 0.816810 0.107692 0.807471 0.120192 0.798851 0.125962 0.770115 0.135577
