0 0.576562 0.996094 0.579688 0.953125 0.592187 0.925781 0.603125 0.916016 0.631250 0.916016 0.662500 0.931641 0.682813 0.953125 0.689063 0.996094
0 0.076563 0.000000 0.085938 0.011719 0.085938 0.035156 0.079687 0.042969 0.079687 0.078125 0.053125 0.099609 0.043750 0.099609 0.014063 0.062500 0.014063 0.042969 0.023438 0.019531 0.039062 0.000000
0 0.978125 0.142578 0.953125 0.142578 0.948438 0.136719 0.948438 0.121094 0.971875 0.087891 0.987500 0.083984 0.995313 0.101562 0.995313 0.117188 0.992188 0.128906 0.978125 0.142578
0 0.887500 0.423828 0.846875 0.416016 0.835938 0.402344 0.835938 0.378906 0.848437 0.343750 0.875000 0.318359 0.903125 0.322266 0.926562 0.351562 0.920312 0.398438 0.909375 0.412109 0.887500 0.423828
0 0.184375 0.556641 0.168750 0.556641 0.167187 0.546875 0.151562 0.527344 0.148438 0.503906 0.162500 0.482422 0.187500 0.482422 0.204687 0.503906 0.204687 0.527344 0.198437 0.542969 0.184375 0.556641
0 0.700000 0.744141 0.678125 0.740234 0.654687 0.703125 0.651563 0.675781 0.659375 0.666016 0.696875 0.662109 0.717187 0.683594 0.720313 0.730469 0.700000 0.744141
0 0.065625 0.150391 0.046875 0.150391 0.042188 0.144531 0.042188 0.128906 0.050000 0.119141 0.084375 0.115234 0.089063 0.121094 0.089063 0.140625 0.065625 0.150391
0 0.409375 0.798828 0.396875 0.798828 0.392188 0.792969 0.385937 0.761719 0.376563 0.750000 0.376563 0.726562 0.387500 0.712891 0.421875 0.701172 0.446875 0.701172 0.471875 0.740234 0.484375 0.744141 0.498437 0.761719 0.498437 0.789062 0.493750 0.794922 0.440625 0.787109 0.418750 0.791016 0.409375 0.798828
0 0.996875 0.888672 0.950000 0.947266 0.934375 0.947266 0.929688 0.941406 0.932813 0.910156 0.954688 0.855469 0.970313 0.839844 0.981250 0.818359 0.996875 0.814453
0 0.912500 0.220703 0.900000 0.220703 0.892188 0.210938 0.882812 0.191406 0.879687 0.164062 0.882812 0.113281 0.906250 0.072266 0.912500 0.072266 0.935937 0.105469 0.935937 0.136719 0.948438 0.156250 0.942187 0.183594 0.912500 0.220703
0 0.353125 0.923828 0.331250 0.919922 0.323437 0.910156 0.323437 0.890625 0.348438 0.867188 0.348438 0.847656 0.354687 0.832031 0.368750 0.818359 0.378125 0.818359 0.389062 0.832031 0.382812 0.890625 0.353125 0.923828
0 0.234375 0.494141 0.203125 0.486328 0.195312 0.472656 0.198437 0.429688 0.212500 0.412109 0.237500 0.412109 0.246875 0.416016 0.254688 0.429688 0.251563 0.468750 0.234375 0.494141
0 0.996875 0.240234 0.981250 0.244141 0.975000 0.236328 0.962500 0.236328 0.953125 0.244141 0.940625 0.244141 0.935937 0.238281 0.935937 0.222656 0.956250 0.201172 0.978125 0.197266 0.990625 0.177734 0.996875 0.177734
0 0.357812 0.000000 0.367188 0.011719 0.367188 0.035156 0.351562 0.058594 0.348438 0.093750 0.343750 0.099609 0.318750 0.099609 0.307812 0.082031 0.307812 0.050781 0.320312 0.015625 0.335938 0.000000
0 0.393750 0.220703 0.375000 0.220703 0.353125 0.208984 0.332813 0.175781 0.332813 0.144531 0.342187 0.125000 0.362500 0.103516 0.393750 0.107422 0.423438 0.140625 0.429688 0.156250 0.429688 0.183594 0.393750 0.220703
0 0.478125 0.595703 0.445312 0.574219 0.442188 0.531250 0.471875 0.482422 0.490625 0.478516 0.501563 0.488281 0.510938 0.515625 0.504687 0.523438 0.498437 0.570312 0.478125 0.595703
0 0.529687 0.996094 0.520312 0.960938 0.523438 0.933594 0.537500 0.919922 0.546875 0.919922 0.562500 0.896484 0.575000 0.896484 0.582812 0.914062 0.576562 0.996094
0 0.000000 0.701172 0.015625 0.685547 0.043750 0.685547 0.057813 0.699219 0.073438 0.734375 0.073438 0.753906 0.068750 0.759766 0.054688 0.753906 0.046875 0.732422 0.035937 0.742188 0.035937 0.769531 0.048438 0.785156 0.048438 0.804688 0.043750 0.810547 0.021875 0.806641 0.007812 0.792969 0.000000 0.775391
0 0.264062 0.000000 0.270313 0.007812 0.270313 0.023438 0.259375 0.041016 0.237500 0.052734 0.212500 0.052734 0.201563 0.039062 0.201563 0.023438 0.223438 0.000000
0 0.137500 0.798828 0.125000 0.783203 0.106250 0.794922 0.101562 0.789062 0.098437 0.734375 0.109375 0.712891 0.121875 0.712891 0.145313 0.734375 0.142187 0.792969 0.137500 0.798828
0 0.146875 0.416016 0.131250 0.416016 0.101562 0.394531 0.098437 0.363281 0.118750 0.318359 0.150000 0.314453 0.171875 0.326172 0.182812 0.343750 0.182812 0.363281 0.167187 0.398438 0.146875 0.416016
0 0.996875 0.396484 0.981250 0.400391 0.960938 0.375000 0.960938 0.335938 0.968750 0.326172 0.981250 0.333984 0.996875 0.326172
0 0.150000 0.599609 0.140625 0.599609 0.132812 0.589844 0.107813 0.539062 0.110937 0.519531 0.128125 0.505859 0.143750 0.505859 0.154688 0.535156 0.167187 0.546875 0.157812 0.589844 0.150000 0.599609
0 0.556250 0.337891 0.528125 0.337891 0.509375 0.326172 0.498437 0.308594 0.498437 0.296875 0.521875 0.271484 0.537500 0.271484 0.564063 0.300781 0.564063 0.328125 0.556250 0.337891
0 0.150000 0.314453 0.140625 0.314453 0.126562 0.292969 0.129688 0.253906 0.117188 0.214844 0.117188 0.187500 0.125000 0.173828 0.134375 0.169922 0.171875 0.177734 0.193750 0.193359 0.201563 0.207031 0.198437 0.257812 0.159375 0.310547 0.150000 0.314453
0 0.434375 0.505859 0.415625 0.501953 0.398438 0.476562 0.398438 0.437500 0.421875 0.408203 0.453125 0.404297 0.467187 0.445312 0.467187 0.476562 0.453125 0.498047 0.434375 0.505859
0 0.703125 0.583984 0.684375 0.580078 0.673438 0.562500 0.679688 0.539062 0.712500 0.509766 0.743750 0.513672 0.751563 0.527344 0.751563 0.546875 0.745313 0.562500 0.731250 0.580078 0.703125 0.583984
0 0.000000 0.896484 0.020313 0.914062 0.042188 0.949219 0.042188 0.980469 0.035937 0.996094
0 0.675000 0.908203 0.653125 0.908203 0.642188 0.898438 0.642188 0.851562 0.651563 0.824219 0.659375 0.814453 0.718750 0.818359 0.723437 0.824219 0.726562 0.851562 0.684375 0.904297 0.675000 0.908203
0 0.042188 0.996094 0.042188 0.976562 0.050000 0.966797 0.112500 0.970703 0.129688 0.996094
0 0.762500 0.751953 0.740625 0.748047 0.720313 0.730469 0.717187 0.699219 0.726562 0.679688 0.746875 0.662109 0.778125 0.666016 0.792188 0.691406 0.792188 0.714844 0.785937 0.730469 0.762500 0.751953
0 0.996875 0.470703 0.992188 0.476562 0.995313 0.496094 0.981250 0.513672 0.959375 0.513672 0.945312 0.496094 0.935937 0.472656 0.939063 0.429688 0.953125 0.412109 0.981250 0.416016 0.996875 0.435547
0 0.665625 0.259766 0.618750 0.259766 0.604688 0.242188 0.604688 0.222656 0.615625 0.208984 0.631250 0.205078 0.650000 0.189453 0.671875 0.193359 0.682813 0.210938 0.682813 0.230469 0.665625 0.259766
0 0.775000 0.810547 0.743750 0.806641 0.739062 0.800781 0.739062 0.777344 0.743750 0.771484 0.778125 0.767578 0.793750 0.736328 0.806250 0.736328 0.810937 0.742188 0.810937 0.757812 0.801562 0.781250 0.775000 0.810547
0 0.284375 0.501953 0.262500 0.501953 0.242188 0.488281 0.242188 0.480469 0.251563 0.468750 0.251563 0.445312 0.259375 0.423828 0.284375 0.427734 0.307812 0.449219 0.307812 0.472656 0.301563 0.488281 0.284375 0.501953
0 0.000000 0.072266 0.006250 0.064453 0.015625 0.064453 0.039062 0.093750 0.035937 0.125000 0.025000 0.138672 0.015625 0.138672 0.000000 0.115234
0 0.081250 0.658203 0.059375 0.658203 0.050000 0.650391 0.042188 0.628906 0.026562 0.609375 0.023438 0.578125 0.034375 0.560547 0.046875 0.552734 0.071875 0.556641 0.104688 0.597656 0.104688 0.617188 0.098437 0.625000 0.095312 0.644531 0.090625 0.654297 0.081250 0.658203
0 0.040625 0.443359 0.004687 0.398438 0.004687 0.367188 0.021875 0.345703 0.053125 0.345703 0.075000 0.357422 0.085938 0.375000 0.085938 0.402344 0.040625 0.443359
0 0.750000 0.943359 0.735938 0.937500 0.735938 0.886719 0.743750 0.873047 0.754687 0.867188 0.751563 0.851562 0.765625 0.845703 0.778125 0.869141 0.796875 0.869141 0.807813 0.878906 0.810937 0.906250 0.781250 0.931641 0.750000 0.943359
0 0.753125 0.388672 0.715625 0.388672 0.695312 0.367188 0.695312 0.339844 0.701562 0.324219 0.721875 0.298828 0.734375 0.298828 0.743750 0.287109 0.762500 0.287109 0.773438 0.304688 0.773438 0.339844 0.753125 0.388672
0 0.000000 0.177734 0.012500 0.158203 0.031250 0.158203 0.057813 0.183594 0.057813 0.218750 0.028125 0.236328 0.012500 0.232422 0.000000 0.208984
0 0.265625 0.279297 0.225000 0.259766 0.210938 0.234375 0.210938 0.199219 0.243750 0.146484 0.256250 0.146484 0.260937 0.152344 0.257812 0.207031 0.275000 0.216797 0.289062 0.242188 0.285938 0.261719 0.265625 0.279297
0 0.843750 0.255859 0.821875 0.255859 0.817187 0.242188 0.842187 0.179688 0.842187 0.136719 0.846875 0.130859 0.859375 0.130859 0.879687 0.156250 0.882812 0.203125 0.870313 0.230469 0.870313 0.246094 0.865625 0.251953 0.843750 0.255859
0 0.265625 0.611328 0.250000 0.611328 0.223438 0.585938 0.220312 0.562500 0.228125 0.552734 0.268750 0.548828 0.273438 0.554688 0.270313 0.605469 0.265625 0.611328
0 0.621875 0.685547 0.600000 0.685547 0.587500 0.677734 0.557813 0.640625 0.539062 0.605469 0.545312 0.546875 0.575000 0.517578 0.603125 0.517578 0.631250 0.560547 0.650000 0.568359 0.664062 0.589844 0.660937 0.640625 0.621875 0.685547
0 0.075000 0.357422 0.045312 0.339844 0.042188 0.316406 0.053125 0.279297 0.078125 0.255859 0.093750 0.251953 0.107813 0.269531 0.107813 0.304688 0.101562 0.328125 0.075000 0.357422
0 0.596875 0.841797 0.581250 0.841797 0.568750 0.833984 0.554688 0.812500 0.554688 0.773438 0.560937 0.753906 0.571875 0.744141 0.596875 0.748047 0.610938 0.769531 0.610938 0.828125 0.596875 0.841797
0 0.742188 0.996094 0.742188 0.949219 0.753125 0.939453 0.765625 0.939453 0.800000 0.919922 0.820312 0.894531 0.829688 0.875000 0.829688 0.863281 0.834375 0.857422 0.846875 0.857422 0.851562 0.863281 0.851562 0.949219 0.814063 0.996094
0 0.504687 0.000000 0.545312 0.039062 0.542188 0.085938 0.528125 0.111328 0.509375 0.111328 0.476562 0.066406 0.470313 0.023438 0.473438 0.000000
0 0.996875 0.666016 0.962500 0.685547 0.925000 0.685547 0.904687 0.667969 0.901563 0.632812 0.909375 0.623047 0.918750 0.623047 0.937500 0.595703 0.946875 0.595703 0.984375 0.619141 0.996875 0.634766
0 0.000000 0.552734 0.007812 0.558594 0.014063 0.585938 0.007812 0.656250 0.000000 0.666016
0 0.734375 0.669922 0.715625 0.666016 0.679688 0.628906 0.676562 0.597656 0.684375 0.587891 0.706250 0.580078 0.734375 0.580078 0.770312 0.617188 0.782813 0.640625 0.782813 0.652344 0.771875 0.666016 0.746875 0.662109 0.734375 0.669922
0 0.143750 0.982422 0.118750 0.978516 0.110937 0.968750 0.107813 0.898438 0.131250 0.888672 0.140625 0.869141 0.150000 0.869141 0.156250 0.876953 0.175000 0.876953 0.185938 0.890625 0.185938 0.906250 0.179688 0.937500 0.170313 0.957031 0.143750 0.982422
0 0.814063 0.996094 0.834375 0.970703 0.875000 0.978516 0.879687 0.996094
0 0.996875 0.591797 0.985938 0.585938 0.976562 0.562500 0.976562 0.519531 0.990625 0.501953 0.996875 0.517578
0 0.337500 0.587891 0.312500 0.583984 0.307812 0.578125 0.307812 0.527344 0.325000 0.505859 0.356250 0.501953 0.364063 0.515625 0.364063 0.546875 0.370312 0.570312 0.337500 0.587891
0 0.809375 0.236328 0.803125 0.236328 0.778125 0.197266 0.762500 0.185547 0.740625 0.181641 0.729688 0.167969 0.729688 0.148438 0.737500 0.130859 0.756250 0.115234 0.765625 0.115234 0.828125 0.123047 0.835938 0.132812 0.842187 0.148438 0.842187 0.179688 0.829688 0.214844 0.809375 0.236328
0 0.887500 0.787109 0.867188 0.777344 0.867188 0.738281 0.881250 0.705078 0.912500 0.697266 0.932813 0.714844 0.948438 0.746094 0.948438 0.757812 0.934375 0.775391 0.896875 0.779297 0.887500 0.787109
0 0.250000 0.091797 0.218750 0.091797 0.214062 0.085938 0.214062 0.062500 0.221875 0.052734 0.237500 0.052734 0.262500 0.041016 0.270313 0.054688 0.270313 0.070312 0.250000 0.091797
0 0.090625 0.494141 0.065625 0.490234 0.042188 0.460938 0.042188 0.441406 0.081250 0.404297 0.103125 0.404297 0.110937 0.414062 0.123438 0.453125 0.090625 0.494141
0 0.481250 0.685547 0.445312 0.671875 0.442188 0.640625 0.450000 0.623047 0.481250 0.619141 0.500000 0.626953 0.517188 0.648438 0.517188 0.671875 0.509375 0.681641 0.481250 0.685547
0 0.621875 0.208984 0.596875 0.201172 0.579688 0.179688 0.576562 0.148438 0.587500 0.130859 0.606250 0.130859 0.618750 0.115234 0.637500 0.111328 0.673438 0.148438 0.673438 0.160156 0.653125 0.189453 0.621875 0.208984
0 0.137500 0.849609 0.128125 0.849609 0.107813 0.824219 0.107813 0.792969 0.118750 0.783203 0.125000 0.783203 0.148438 0.816406 0.145313 0.839844 0.137500 0.849609
0 0.139063 0.996094 0.139063 0.988281 0.162500 0.966797 0.181250 0.935547 0.193750 0.935547 0.207813 0.949219 0.223438 0.980469 0.220312 0.996094
0 0.234375 0.158203 0.214062 0.152344 0.204687 0.140625 0.204687 0.121094 0.218750 0.103516 0.271875 0.099609 0.276562 0.113281 0.234375 0.158203
0 0.800000 0.619141 0.768750 0.615234 0.754687 0.597656 0.754687 0.574219 0.762500 0.560547 0.778125 0.560547 0.804688 0.585938 0.807813 0.609375 0.800000 0.619141
0 0.596875 0.306641 0.565625 0.302734 0.535937 0.269531 0.520312 0.230469 0.520312 0.195312 0.525000 0.189453 0.556250 0.193359 0.585938 0.207031 0.589063 0.238281 0.603125 0.248047 0.610938 0.261719 0.610938 0.285156 0.596875 0.306641
0 0.000000 0.271484 0.009375 0.271484 0.020313 0.281250 0.020313 0.300781 0.000000 0.322266
0 0.954688 0.000000 0.957812 0.074219 0.940625 0.103516 0.934375 0.103516 0.920312 0.082031 0.920312 0.046875 0.887500 0.013672 0.882812 0.000000
0 0.840625 0.361328 0.818750 0.349609 0.798438 0.324219 0.801562 0.289062 0.810937 0.265625 0.821875 0.255859 0.843750 0.255859 0.848437 0.261719 0.848437 0.289062 0.859375 0.302734 0.871875 0.302734 0.876563 0.308594 0.876563 0.316406 0.865625 0.330078 0.859375 0.330078 0.840625 0.361328
0 0.471875 0.396484 0.437500 0.388672 0.426563 0.371094 0.432812 0.324219 0.432812 0.269531 0.437500 0.263672 0.459375 0.263672 0.464062 0.269531 0.460938 0.300781 0.482812 0.335938 0.479687 0.386719 0.471875 0.396484
0 0.621875 0.517578 0.565625 0.517578 0.556250 0.513672 0.542188 0.492188 0.539062 0.460938 0.545312 0.437500 0.568750 0.404297 0.600000 0.400391 0.614062 0.417969 0.614062 0.437500 0.607812 0.453125 0.612500 0.458984 0.631250 0.455078 0.645312 0.476562 0.645312 0.500000 0.621875 0.517578
0 0.271875 0.822266 0.259375 0.822266 0.250000 0.814453 0.232813 0.777344 0.229687 0.746094 0.232813 0.734375 0.243750 0.724609 0.281250 0.720703 0.296875 0.728516 0.307812 0.742188 0.307812 0.761719 0.292187 0.785156 0.285938 0.808594 0.271875 0.822266
0 0.228125 0.400391 0.218750 0.400391 0.189062 0.363281 0.192188 0.328125 0.218750 0.259766 0.231250 0.259766 0.243750 0.271484 0.259375 0.275391 0.285938 0.300781 0.285938 0.316406 0.276562 0.335938 0.273438 0.359375 0.250000 0.388672 0.228125 0.400391
0 0.404687 0.996094 0.407813 0.968750 0.431250 0.955078 0.453125 0.958984 0.467187 0.976562 0.473438 0.996094
0 0.231250 0.935547 0.206250 0.935547 0.195312 0.917969 0.195312 0.894531 0.234375 0.845703 0.259375 0.841797 0.276562 0.855469 0.276562 0.894531 0.253125 0.923828 0.231250 0.935547
0 0.671875 0.478516 0.646875 0.478516 0.639062 0.468750 0.632812 0.457031 0.632812 0.421875 0.662500 0.380859 0.684375 0.380859 0.704688 0.402344 0.707812 0.449219 0.693750 0.466797 0.671875 0.478516
0 0.309375 0.423828 0.290625 0.423828 0.273438 0.394531 0.270313 0.371094 0.273438 0.355469 0.281250 0.345703 0.303125 0.345703 0.320312 0.375000 0.320312 0.410156 0.309375 0.423828
0 0.128125 0.095703 0.103125 0.087891 0.092188 0.070312 0.089063 0.031250 0.100000 0.017578 0.128125 0.013672 0.143750 0.021484 0.154688 0.039062 0.154688 0.074219 0.140625 0.091797 0.128125 0.095703
0 0.871875 0.501953 0.840625 0.501953 0.809375 0.482422 0.800000 0.482422 0.792188 0.468750 0.792188 0.453125 0.806250 0.435547 0.868750 0.443359 0.882812 0.457031 0.882812 0.484375 0.871875 0.501953
0 0.131250 0.708984 0.112500 0.705078 0.096875 0.693359 0.089063 0.679688 0.089063 0.656250 0.098437 0.625000 0.106250 0.615234 0.137500 0.619141 0.151562 0.628906 0.151562 0.667969 0.142187 0.699219 0.131250 0.708984
