0 0.428879 0.998077 0.438218 0.985577 0.445402 0.987500 0.448994 0.998077
0 0.600575 0.762500 0.589080 0.762500 0.564655 0.752885 0.558190 0.742308 0.561063 0.730769 0.570402 0.720192 0.590517 0.716346 0.605603 0.736538 0.605603 0.751923 0.600575 0.762500
0 0.168103 0.333654 0.153736 0.333654 0.143678 0.327885 0.135776 0.319231 0.134339 0.300000 0.142241 0.285577 0.155172 0.277885 0.165230 0.275962 0.179598 0.277885 0.184626 0.284615 0.186063 0.300000 0.181753 0.305769 0.177443 0.323077 0.168103 0.333654
0 0.234195 0.368269 0.222701 0.368269 0.205460 0.358654 0.201868 0.353846 0.198994 0.344231 0.201868 0.325000 0.205460 0.318269 0.209770 0.314423 0.228448 0.314423 0.239943 0.320192 0.253592 0.336538 0.256466 0.342308 0.256466 0.351923 0.251437 0.358654 0.234195 0.368269
0 0.425287 0.910577 0.416667 0.910577 0.410201 0.903846 0.407328 0.890385 0.404454 0.886538 0.404454 0.873077 0.414511 0.850000 0.428161 0.831731 0.433908 0.827885 0.445402 0.829808 0.456178 0.840385 0.456178 0.851923 0.441810 0.871154 0.433190 0.892308 0.431753 0.901923 0.425287 0.910577
0 0.367816 0.814423 0.360632 0.812500 0.357040 0.807692 0.357040 0.786538 0.365661 0.751923 0.372126 0.743269 0.377874 0.741346 0.384339 0.751923 0.384339 0.763462 0.390086 0.769231 0.390086 0.792308 0.380747 0.808654 0.367816 0.814423
0 0.840517 0.695192 0.836207 0.695192 0.832615 0.690385 0.836925 0.648077 0.849138 0.633654 0.863506 0.633654 0.869253 0.639423 0.877874 0.641346 0.881466 0.650000 0.880029 0.673077 0.869253 0.683654 0.852011 0.683654 0.840517 0.695192
0 0.502874 0.056731 0.497126 0.056731 0.477011 0.043269 0.466236 0.028846 0.466236 0.013462 0.472701 0.006731 0.482759 0.006731 0.485632 0.010577 0.492816 0.010577 0.504310 0.018269 0.512213 0.032692 0.512213 0.042308 0.509339 0.051923 0.502874 0.056731
0 0.305316 0.000000 0.312500 0.019231 0.312500 0.030769 0.304598 0.043269 0.300287 0.045192 0.288793 0.045192 0.274425 0.035577 0.262213 0.015385 0.260776 0.000000
0 0.505747 0.681731 0.489943 0.679808 0.480603 0.667308 0.476293 0.650000 0.482759 0.635577 0.495690 0.629808 0.507184 0.629808 0.520833 0.644231 0.520833 0.669231 0.505747 0.681731
0 0.053161 0.477885 0.043103 0.475962 0.035201 0.465385 0.035201 0.450000 0.047414 0.431731 0.063218 0.422115 0.068966 0.422115 0.075431 0.434615 0.072557 0.455769 0.063218 0.472115 0.053161 0.477885
0 0.074713 0.533654 0.063218 0.533654 0.051006 0.519231 0.043822 0.492308 0.045259 0.484615 0.050287 0.477885 0.063218 0.472115 0.072557 0.484615 0.073994 0.496154 0.081178 0.513462 0.081178 0.525000 0.074713 0.533654
0 0.449713 0.906731 0.443966 0.906731 0.438937 0.900000 0.434626 0.890385 0.436063 0.884615 0.441810 0.871154 0.454023 0.854808 0.458333 0.854808 0.462644 0.849038 0.472701 0.845192 0.477730 0.851923 0.476293 0.867308 0.464799 0.878846 0.454741 0.901923 0.449713 0.906731
0 0.208333 0.754808 0.195402 0.754808 0.188937 0.746154 0.184626 0.730769 0.187500 0.707692 0.195402 0.699038 0.211207 0.699038 0.219109 0.715385 0.217672 0.742308 0.208333 0.754808
0 0.653736 0.402885 0.635057 0.399038 0.627874 0.393269 0.619971 0.380769 0.617098 0.367308 0.618534 0.351923 0.627874 0.339423 0.643678 0.337500 0.652299 0.347115 0.657328 0.348077 0.655891 0.353846 0.664511 0.371154 0.665948 0.388462 0.658046 0.400962 0.653736 0.402885
0 0.429598 0.506731 0.409483 0.506731 0.396552 0.497115 0.392960 0.486538 0.400862 0.475962 0.433908 0.470192 0.441092 0.466346 0.448276 0.466346 0.460489 0.478846 0.463362 0.488462 0.456897 0.497115 0.429598 0.506731
0 0.866379 0.181731 0.852011 0.177885 0.839799 0.165385 0.839799 0.142308 0.846264 0.133654 0.856322 0.131731 0.859195 0.127885 0.869253 0.127885 0.874282 0.134615 0.874282 0.173077 0.866379 0.181731
0 0.738506 0.902885 0.716954 0.899038 0.701149 0.889423 0.694684 0.880769 0.691810 0.871154 0.698276 0.862500 0.708333 0.860577 0.744253 0.870192 0.749282 0.878846 0.749282 0.890385 0.742816 0.900962 0.738506 0.902885
0 0.435345 0.231731 0.429598 0.231731 0.421695 0.223077 0.420259 0.209615 0.426006 0.196154 0.443966 0.175962 0.460489 0.192308 0.461925 0.203846 0.456897 0.210577 0.448276 0.214423 0.435345 0.231731
0 0.466954 0.733654 0.452586 0.733654 0.448276 0.729808 0.432471 0.725962 0.426006 0.717308 0.426006 0.711538 0.433908 0.702885 0.448276 0.695192 0.471264 0.697115 0.484914 0.709615 0.484914 0.719231 0.481322 0.725962 0.466954 0.733654
0 0.739943 0.431731 0.731322 0.431731 0.726293 0.425000 0.724856 0.415385 0.733477 0.400000 0.740661 0.378846 0.744253 0.374038 0.755747 0.372115 0.761494 0.375962 0.766523 0.384615 0.765086 0.403846 0.751437 0.424038 0.739943 0.431731
0 0.893678 0.552885 0.877874 0.550962 0.868534 0.536538 0.868534 0.523077 0.877874 0.508654 0.886494 0.502885 0.903736 0.500962 0.913075 0.511538 0.914511 0.528846 0.905172 0.545192 0.893678 0.552885
0 0.283046 0.610577 0.274425 0.606731 0.270833 0.601923 0.269397 0.580769 0.278736 0.566346 0.290230 0.568269 0.295259 0.575000 0.295259 0.600000 0.290230 0.608654 0.283046 0.610577
0 0.399425 0.195192 0.385057 0.193269 0.379310 0.187500 0.364943 0.187500 0.358477 0.175000 0.358477 0.163462 0.359914 0.157692 0.367816 0.150962 0.379310 0.150962 0.382902 0.146154 0.387213 0.126923 0.393678 0.118269 0.409483 0.116346 0.418822 0.125000 0.423132 0.136538 0.421695 0.165385 0.418822 0.175000 0.399425 0.195192
0 0.594828 0.327885 0.587644 0.327885 0.580460 0.316346 0.573276 0.316346 0.562500 0.303846 0.563937 0.282692 0.570402 0.270192 0.583333 0.270192 0.598420 0.292308 0.599856 0.313462 0.598420 0.323077 0.594828 0.327885
0 0.662356 0.349038 0.652299 0.347115 0.640086 0.330769 0.640086 0.315385 0.642960 0.307692 0.647989 0.302885 0.659483 0.302885 0.665230 0.308654 0.678161 0.308654 0.683190 0.315385 0.683190 0.325000 0.666667 0.347115 0.662356 0.349038
0 0.073994 0.000000 0.071121 0.023077 0.060345 0.035577 0.050287 0.033654 0.040948 0.021154 0.038075 0.000000
0 0.047414 0.902885 0.030172 0.900962 0.022270 0.892308 0.017960 0.875000 0.017960 0.861538 0.028736 0.847115 0.040230 0.847115 0.051724 0.852885 0.061063 0.869231 0.061063 0.894231 0.056034 0.900962 0.047414 0.902885
0 0.492098 0.998077 0.490661 0.975000 0.497845 0.955769 0.512931 0.939423 0.520115 0.935577 0.530172 0.935577 0.538075 0.944231 0.539511 0.950000 0.539511 0.973077 0.535201 0.988462 0.529454 0.998077
0 0.663793 0.733654 0.655172 0.731731 0.650144 0.723077 0.647270 0.711538 0.647270 0.686538 0.650144 0.678846 0.659483 0.670192 0.670977 0.677885 0.678161 0.675962 0.683190 0.694231 0.683190 0.703846 0.677443 0.719231 0.670977 0.729808 0.663793 0.733654
0 0.843391 0.122115 0.829023 0.118269 0.822557 0.107692 0.822557 0.088462 0.825431 0.082692 0.825431 0.071154 0.831897 0.058654 0.841954 0.058654 0.851293 0.073077 0.849856 0.086538 0.845546 0.096154 0.848420 0.103846 0.848420 0.117308 0.843391 0.122115
0 0.317529 0.845192 0.295977 0.843269 0.286638 0.826923 0.286638 0.815385 0.308908 0.791346 0.318966 0.793269 0.325431 0.803846 0.326868 0.828846 0.322557 0.840385 0.317529 0.845192
0 0.040230 0.295192 0.028736 0.295192 0.012213 0.273077 0.007902 0.253846 0.012213 0.238462 0.015805 0.233654 0.030172 0.233654 0.043822 0.244231 0.043822 0.257692 0.049569 0.269231 0.049569 0.282692 0.040230 0.295192
0 0.491379 0.239423 0.488506 0.239423 0.480603 0.228846 0.477730 0.215385 0.483477 0.200000 0.495690 0.193269 0.500000 0.187500 0.515805 0.193269 0.519397 0.201923 0.519397 0.211538 0.515805 0.216346 0.498563 0.222115 0.491379 0.239423
0 0.600575 0.954808 0.591954 0.954808 0.584052 0.948077 0.581178 0.938462 0.581178 0.926923 0.584052 0.919231 0.590517 0.910577 0.597701 0.906731 0.625000 0.900962 0.631466 0.911538 0.628592 0.923077 0.609195 0.949038 0.600575 0.954808
0 0.518678 0.868269 0.494253 0.868269 0.489224 0.861538 0.490661 0.817308 0.494253 0.812500 0.507184 0.810577 0.515805 0.814423 0.529454 0.832692 0.530891 0.848077 0.518678 0.868269
0 0.076149 0.645192 0.063937 0.634615 0.062500 0.613462 0.068247 0.601923 0.076149 0.593269 0.091954 0.591346 0.097701 0.595192 0.102730 0.603846 0.104167 0.626923 0.097701 0.637500 0.090517 0.643269 0.084770 0.641346 0.076149 0.645192
0 0.816092 0.343269 0.804598 0.341346 0.793822 0.328846 0.795259 0.307692 0.808908 0.293269 0.839080 0.293269 0.845546 0.303846 0.844109 0.321154 0.827586 0.339423 0.816092 0.343269
0 0.354885 0.954808 0.334770 0.954808 0.328305 0.948077 0.328305 0.932692 0.334052 0.919231 0.335489 0.905769 0.346264 0.887500 0.356322 0.887500 0.362787 0.898077 0.365661 0.911538 0.365661 0.934615 0.354885 0.954808
0 0.534483 0.497115 0.514368 0.497115 0.503592 0.484615 0.502155 0.467308 0.511494 0.450962 0.525862 0.454808 0.545977 0.452885 0.551006 0.457692 0.552443 0.469231 0.548132 0.484615 0.534483 0.497115
0 0.448276 0.110577 0.435345 0.110577 0.418822 0.098077 0.418822 0.094231 0.411638 0.084615 0.407328 0.069231 0.413793 0.056731 0.420977 0.054808 0.425287 0.058654 0.436782 0.060577 0.450431 0.075000 0.457615 0.090385 0.457615 0.096154 0.454741 0.103846 0.448276 0.110577
0 0.265805 0.100962 0.258621 0.100962 0.256466 0.098077 0.256466 0.086538 0.260776 0.076923 0.260776 0.069231 0.256466 0.061538 0.256466 0.050000 0.260057 0.045192 0.264368 0.045192 0.267241 0.049038 0.271552 0.045192 0.284483 0.045192 0.289511 0.050000 0.292385 0.057692 0.279454 0.075000 0.279454 0.090385 0.265805 0.100962
0 0.349138 0.700962 0.344828 0.700962 0.338362 0.694231 0.338362 0.678846 0.345546 0.665385 0.348420 0.638462 0.356322 0.625962 0.370690 0.625962 0.377155 0.632692 0.377155 0.638462 0.385776 0.648077 0.384339 0.667308 0.369253 0.687500 0.349138 0.700962
0 0.678161 0.231731 0.660920 0.231731 0.649425 0.222115 0.640086 0.205769 0.640086 0.190385 0.643678 0.185577 0.658046 0.185577 0.676724 0.191346 0.687500 0.213462 0.686063 0.225000 0.678161 0.231731
0 0.887931 0.618269 0.875000 0.618269 0.867816 0.614423 0.859914 0.600000 0.865661 0.576923 0.877874 0.566346 0.895115 0.570192 0.898707 0.576923 0.898707 0.594231 0.895833 0.607692 0.887931 0.618269
0 0.879310 0.239423 0.867816 0.239423 0.856322 0.233654 0.845546 0.217308 0.846983 0.203846 0.857759 0.187500 0.883621 0.185577 0.893678 0.189423 0.900144 0.198077 0.903017 0.205769 0.903017 0.221154 0.900144 0.226923 0.896552 0.231731 0.879310 0.239423
0 0.583333 0.820192 0.564655 0.818269 0.553161 0.810577 0.539511 0.792308 0.539511 0.775000 0.547414 0.766346 0.558908 0.766346 0.563218 0.770192 0.570402 0.770192 0.591954 0.779808 0.599856 0.790385 0.599856 0.805769 0.591954 0.816346 0.583333 0.820192
0 0.086207 0.360577 0.080460 0.360577 0.076149 0.356731 0.063937 0.340385 0.058190 0.326923 0.056753 0.313462 0.061063 0.303846 0.070402 0.293269 0.077586 0.295192 0.081178 0.300000 0.091236 0.323077 0.092672 0.348077 0.089799 0.357692 0.086207 0.360577
0 0.770115 0.208654 0.762931 0.208654 0.752155 0.201923 0.749282 0.190385 0.744971 0.184615 0.743534 0.169231 0.741379 0.166346 0.736351 0.169231 0.736351 0.175000 0.739224 0.178846 0.739224 0.192308 0.735632 0.197115 0.728448 0.195192 0.719109 0.184615 0.719109 0.167308 0.713362 0.153846 0.724138 0.133654 0.729885 0.133654 0.734195 0.139423 0.741379 0.139423 0.747126 0.147115 0.755747 0.149038 0.759339 0.153846 0.763649 0.165385 0.778017 0.188462 0.778017 0.200000 0.770115 0.208654
0 0.168103 0.481731 0.158046 0.479808 0.148707 0.457692 0.148707 0.428846 0.153017 0.413462 0.162356 0.400962 0.170977 0.400962 0.177443 0.409615 0.180316 0.423077 0.177443 0.463462 0.174569 0.473077 0.168103 0.481731
0 0.745690 0.087500 0.738506 0.087500 0.731322 0.070192 0.712644 0.074038 0.706178 0.065385 0.707615 0.046154 0.712644 0.039423 0.727011 0.033654 0.735632 0.039423 0.742816 0.050962 0.752874 0.050962 0.759339 0.059615 0.757902 0.073077 0.752874 0.081731 0.745690 0.087500
0 0.655172 0.275962 0.646552 0.275962 0.640086 0.269231 0.641523 0.253846 0.634339 0.244231 0.630029 0.232692 0.630029 0.228846 0.635057 0.222115 0.640805 0.222115 0.653736 0.229808 0.667385 0.246154 0.670259 0.253846 0.668822 0.267308 0.662356 0.274038 0.655172 0.275962
0 0.043822 0.998077 0.057471 0.977885 0.065374 0.982692 0.066810 0.998077
0 0.604885 0.674038 0.587644 0.672115 0.579741 0.657692 0.582615 0.638462 0.596264 0.624038 0.612069 0.627885 0.619971 0.638462 0.619971 0.655769 0.612069 0.668269 0.604885 0.674038
0 0.755747 0.610577 0.738506 0.604808 0.723420 0.584615 0.719109 0.569231 0.720546 0.559615 0.725575 0.550962 0.734195 0.547115 0.742816 0.549038 0.751437 0.554808 0.763649 0.573077 0.767960 0.594231 0.765086 0.601923 0.755747 0.610577
0 0.000000 0.643269 0.006466 0.650000 0.010776 0.661538 0.007902 0.678846 0.000000 0.685577
0 0.301724 0.097115 0.288793 0.097115 0.283046 0.095192 0.279454 0.090385 0.279454 0.075000 0.294540 0.054808 0.316092 0.041346 0.333333 0.041346 0.344109 0.051923 0.342672 0.065385 0.333333 0.081731 0.323276 0.089423 0.301724 0.097115
0 0.544540 0.393269 0.541667 0.393269 0.529454 0.376923 0.529454 0.359615 0.535920 0.347115 0.545977 0.345192 0.551724 0.349038 0.567529 0.349038 0.576868 0.359615 0.576868 0.367308 0.573276 0.374038 0.558908 0.375962 0.553161 0.385577 0.544540 0.393269
0 0.216954 0.070192 0.212644 0.070192 0.207615 0.063462 0.209052 0.048077 0.213362 0.042308 0.213362 0.030769 0.218391 0.025962 0.227011 0.025962 0.232759 0.020192 0.239943 0.020192 0.249282 0.036538 0.249282 0.050000 0.241379 0.060577 0.228448 0.062500 0.216954 0.070192
0 0.000000 0.527885 0.004310 0.527885 0.015805 0.535577 0.033764 0.559615 0.035201 0.573077 0.030172 0.581731 0.015805 0.583654 0.000000 0.570192
0 0.645115 0.175962 0.617816 0.175962 0.611351 0.169231 0.609914 0.157692 0.632184 0.129808 0.637931 0.127885 0.645115 0.131731 0.650144 0.138462 0.650144 0.142308 0.657328 0.150000 0.654454 0.157692 0.654454 0.167308 0.645115 0.175962
0 0.946839 0.124038 0.932471 0.122115 0.921695 0.109615 0.924569 0.090385 0.939655 0.079808 0.962644 0.077885 0.971983 0.090385 0.973420 0.101923 0.970546 0.109615 0.961207 0.120192 0.946839 0.124038
0 0.251437 0.531731 0.239943 0.531731 0.231322 0.527885 0.220546 0.515385 0.216236 0.503846 0.216236 0.496154 0.221264 0.485577 0.231322 0.479808 0.239943 0.479808 0.248563 0.483654 0.257902 0.496154 0.260776 0.505769 0.260776 0.519231 0.259339 0.525000 0.251437 0.531731
0 0.998563 0.350962 0.992816 0.354808 0.981322 0.352885 0.974856 0.344231 0.970546 0.330769 0.970546 0.311538 0.974856 0.292308 0.982759 0.281731 0.987069 0.279808 0.992816 0.279808 0.998563 0.285577
0 0.114943 0.062500 0.107759 0.060577 0.103448 0.062500 0.091236 0.050000 0.086925 0.011538 0.091954 0.004808 0.102730 0.009615 0.105603 0.017308 0.107040 0.034615 0.117098 0.048077 0.117098 0.059615 0.114943 0.062500
0 0.918822 0.000000 0.915230 0.010577 0.903736 0.020192 0.896552 0.018269 0.890086 0.009615 0.888649 0.000000
0 0.142241 0.599038 0.136494 0.595192 0.129310 0.595192 0.111351 0.559615 0.117098 0.536538 0.122126 0.531731 0.135057 0.535577 0.150144 0.557692 0.153017 0.580769 0.142241 0.599038
0 0.625000 0.466346 0.616379 0.466346 0.609195 0.460577 0.594109 0.428846 0.596983 0.403846 0.602011 0.395192 0.610632 0.395192 0.614943 0.399038 0.621408 0.407692 0.630029 0.426923 0.632902 0.453846 0.625000 0.466346
0 0.225575 0.689423 0.214080 0.689423 0.197557 0.657692 0.194684 0.644231 0.191810 0.640385 0.191810 0.621154 0.198276 0.612500 0.208333 0.612500 0.218391 0.622115 0.226293 0.634615 0.232040 0.651923 0.232040 0.678846 0.225575 0.689423
0 0.764368 0.125962 0.754310 0.125962 0.750718 0.121154 0.750718 0.096154 0.780172 0.070192 0.787356 0.079808 0.795259 0.084615 0.796695 0.105769 0.791667 0.112500 0.772989 0.116346 0.764368 0.125962
0 0.806034 0.083654 0.791667 0.083654 0.779454 0.069231 0.775144 0.059615 0.773707 0.028846 0.778017 0.017308 0.783046 0.012500 0.800287 0.014423 0.809626 0.025000 0.812500 0.032692 0.812500 0.061538 0.809626 0.067308 0.809626 0.076923 0.806034 0.083654
0 0.479885 0.200962 0.474138 0.200962 0.465517 0.193269 0.461207 0.193269 0.443247 0.175000 0.441810 0.157692 0.448276 0.145192 0.462644 0.141346 0.474138 0.147115 0.489943 0.149038 0.500000 0.154808 0.506466 0.163462 0.507902 0.175000 0.505029 0.180769 0.495690 0.193269 0.479885 0.200962
0 0.719828 0.777885 0.706178 0.769231 0.706178 0.753846 0.721264 0.733654 0.735632 0.729808 0.738506 0.725962 0.754310 0.724038 0.766523 0.736538 0.767960 0.746154 0.760057 0.762500 0.745690 0.772115 0.719828 0.777885
0 0.214080 0.937500 0.205460 0.935577 0.198994 0.925000 0.196121 0.888462 0.198994 0.878846 0.215517 0.858654 0.232040 0.873077 0.237787 0.892308 0.232040 0.915385 0.221264 0.931731 0.214080 0.937500
0 0.238506 0.870192 0.228448 0.870192 0.215517 0.858654 0.195402 0.850962 0.187500 0.840385 0.186063 0.828846 0.191092 0.822115 0.202586 0.814423 0.216954 0.814423 0.232759 0.824038 0.247845 0.842308 0.246408 0.861538 0.238506 0.870192
0 0.321839 0.235577 0.314655 0.235577 0.308190 0.228846 0.303879 0.205769 0.296695 0.190385 0.298132 0.182692 0.303161 0.175962 0.313218 0.183654 0.327586 0.179808 0.339799 0.198077 0.338362 0.213462 0.321839 0.235577
0 0.346264 0.449038 0.341954 0.449038 0.339080 0.445192 0.321839 0.447115 0.306034 0.441346 0.293822 0.428846 0.292385 0.421154 0.303161 0.406731 0.308908 0.402885 0.320402 0.400962 0.323276 0.404808 0.330460 0.404808 0.350575 0.420192 0.360632 0.424038 0.364224 0.430769 0.359195 0.441346 0.346264 0.449038
0 0.130747 0.050962 0.122126 0.050962 0.118534 0.042308 0.119971 0.036538 0.129310 0.024038 0.133621 0.024038 0.137213 0.032692 0.134339 0.036538 0.134339 0.046154 0.130747 0.050962
0 0.561782 0.568269 0.553161 0.566346 0.542385 0.551923 0.540948 0.534615 0.542385 0.528846 0.550287 0.518269 0.558908 0.512500 0.571839 0.512500 0.579741 0.521154 0.582615 0.532692 0.576868 0.553846 0.568966 0.564423 0.561782 0.568269
0 0.436782 0.602885 0.426724 0.602885 0.414511 0.590385 0.414511 0.576923 0.418822 0.567308 0.428161 0.556731 0.441092 0.549038 0.465517 0.550962 0.470546 0.561538 0.467672 0.580769 0.458333 0.591346 0.436782 0.602885
0 0.693966 0.124038 0.676724 0.122115 0.670259 0.115385 0.676006 0.090385 0.670259 0.069231 0.672414 0.062500 0.678161 0.062500 0.682471 0.068269 0.693966 0.064423 0.703305 0.076923 0.704741 0.090385 0.701868 0.103846 0.697557 0.109615 0.697557 0.119231 0.693966 0.124038
0 0.708333 0.256731 0.696839 0.254808 0.690374 0.244231 0.690374 0.228846 0.686063 0.223077 0.686063 0.209615 0.695402 0.200962 0.714080 0.200962 0.719109 0.209615 0.717672 0.223077 0.720546 0.226923 0.720546 0.234615 0.714799 0.242308 0.714799 0.250000 0.708333 0.256731
0 0.172414 0.704808 0.155172 0.704808 0.147270 0.696154 0.147270 0.661538 0.159483 0.643269 0.166667 0.637500 0.181034 0.635577 0.189655 0.643269 0.194684 0.644231 0.198994 0.661538 0.187500 0.692308 0.172414 0.704808
0 0.854885 0.452885 0.848420 0.448077 0.843391 0.437500 0.829023 0.433654 0.825431 0.426923 0.825431 0.417308 0.829741 0.401923 0.836207 0.393269 0.850575 0.385577 0.864943 0.389423 0.872845 0.400000 0.872845 0.407692 0.875718 0.413462 0.875718 0.425000 0.869971 0.442308 0.866379 0.447115 0.854885 0.452885
0 0.081897 0.693269 0.064655 0.689423 0.042385 0.667308 0.033764 0.648077 0.035201 0.634615 0.040230 0.627885 0.061782 0.631731 0.082615 0.651923 0.088362 0.665385 0.088362 0.684615 0.081897 0.693269
0 0.472701 0.339423 0.464080 0.337500 0.459052 0.328846 0.459052 0.321154 0.487069 0.285577 0.492816 0.281731 0.500000 0.283654 0.503592 0.290385 0.503592 0.300000 0.496408 0.313462 0.494971 0.321154 0.488506 0.329808 0.472701 0.339423
0 0.942529 0.610577 0.935345 0.608654 0.930316 0.601923 0.928879 0.590385 0.934626 0.573077 0.939655 0.564423 0.949713 0.556731 0.964080 0.554808 0.967672 0.561538 0.969109 0.578846 0.969109 0.590385 0.966236 0.598077 0.958333 0.606731 0.942529 0.610577
0 0.000000 0.739423 0.007184 0.739423 0.015086 0.748077 0.015086 0.755769 0.009339 0.767308 0.005747 0.772115 0.000000 0.774038
0 0.250718 0.998077 0.250718 0.950000 0.258621 0.935577 0.264368 0.935577 0.270833 0.944231 0.275144 0.955769 0.279454 0.975000 0.278017 0.998077
0 0.459770 0.320192 0.456897 0.316346 0.446839 0.314423 0.440374 0.305769 0.438937 0.296154 0.445402 0.283654 0.449713 0.283654 0.462644 0.270192 0.472701 0.268269 0.482040 0.278846 0.482040 0.284615 0.484914 0.288462 0.459770 0.320192
0 0.831897 0.689423 0.818966 0.685577 0.810345 0.668269 0.800287 0.672115 0.793822 0.669231 0.790948 0.650000 0.800287 0.631731 0.823276 0.631731 0.831178 0.640385 0.832615 0.650000 0.835489 0.653846 0.835489 0.671154 0.832615 0.676923 0.831897 0.689423
0 0.298851 0.325962 0.290230 0.325962 0.272989 0.310577 0.257902 0.290385 0.256466 0.275000 0.262931 0.268269 0.272989 0.268269 0.288793 0.274038 0.298851 0.283654 0.303879 0.290385 0.306753 0.300000 0.306753 0.315385 0.298851 0.325962
0 0.655172 0.620192 0.637931 0.616346 0.630029 0.603846 0.628592 0.594231 0.624282 0.588462 0.624282 0.582692 0.625718 0.571154 0.630747 0.564423 0.645115 0.564423 0.664511 0.592308 0.665948 0.605769 0.655172 0.620192
0 0.497126 0.935577 0.489943 0.933654 0.480603 0.915385 0.482040 0.884615 0.483477 0.878846 0.492816 0.866346 0.510057 0.868269 0.515086 0.884615 0.512213 0.905769 0.506466 0.926923 0.497126 0.935577
0 0.000000 0.950962 0.005747 0.945192 0.015805 0.945192 0.023707 0.955769 0.022270 0.976923 0.016523 0.998077
0 0.484195 0.416346 0.477011 0.414423 0.469109 0.403846 0.463362 0.384615 0.464799 0.375000 0.479885 0.360577 0.498563 0.360577 0.503592 0.371154 0.499282 0.382692 0.497845 0.400000 0.491379 0.410577 0.484195 0.416346
0 0.839080 0.899038 0.826149 0.899038 0.804598 0.887500 0.788075 0.869231 0.785201 0.861538 0.786638 0.853846 0.793103 0.849038 0.801724 0.849038 0.834770 0.864423 0.844109 0.875000 0.846983 0.882692 0.846983 0.890385 0.839080 0.899038
0 0.690374 0.998077 0.686063 0.957692 0.692529 0.943269 0.706897 0.945192 0.714799 0.955769 0.726293 0.990385 0.726293 0.998077
0 0.923851 0.962500 0.916667 0.962500 0.908764 0.951923 0.907328 0.925000 0.917385 0.888462 0.923851 0.877885 0.931034 0.875962 0.938937 0.888462 0.938937 0.923077 0.934626 0.948077 0.923851 0.962500
0 0.751437 0.520192 0.745690 0.520192 0.740661 0.515385 0.737787 0.505769 0.737787 0.492308 0.740661 0.478846 0.750000 0.464423 0.755747 0.462500 0.773707 0.476923 0.776580 0.498077 0.765805 0.512500 0.751437 0.520192
0 0.254310 0.460577 0.247126 0.460577 0.240661 0.451923 0.234914 0.426923 0.224856 0.415385 0.224856 0.407692 0.227011 0.404808 0.232759 0.404808 0.238506 0.414423 0.241379 0.414423 0.247126 0.431731 0.252874 0.429808 0.259339 0.438462 0.260776 0.451923 0.254310 0.460577
0 0.673851 0.183654 0.666667 0.183654 0.654454 0.167308 0.657328 0.148077 0.661638 0.136538 0.666667 0.131731 0.676724 0.129808 0.681034 0.133654 0.683908 0.129808 0.691092 0.129808 0.694684 0.134615 0.694684 0.148077 0.686063 0.159615 0.681753 0.175000 0.673851 0.183654
0 0.530172 0.266346 0.527299 0.266346 0.522270 0.259615 0.522270 0.250000 0.526580 0.240385 0.534483 0.233654 0.557471 0.229808 0.559626 0.238462 0.571121 0.248077 0.571121 0.255769 0.566092 0.260577 0.541667 0.260577 0.530172 0.266346
0 0.708333 0.508654 0.696839 0.506731 0.678879 0.482692 0.676006 0.461538 0.688218 0.445192 0.695402 0.445192 0.701149 0.449038 0.719109 0.473077 0.720546 0.498077 0.715517 0.504808 0.708333 0.508654
0 0.727730 0.000000 0.727730 0.005769 0.721264 0.012500 0.708333 0.008654 0.698276 0.010577 0.691092 0.016346 0.685345 0.025962 0.681034 0.027885 0.675287 0.027885 0.667385 0.015385 0.667385 0.007692 0.673132 0.000000
0 0.222701 0.208654 0.204023 0.208654 0.196839 0.204808 0.184626 0.188462 0.183190 0.169231 0.188218 0.162500 0.202586 0.156731 0.212644 0.156731 0.225575 0.168269 0.231322 0.166346 0.234914 0.171154 0.232040 0.182692 0.232040 0.196154 0.222701 0.208654
0 0.412356 0.854808 0.399425 0.854808 0.392960 0.846154 0.391523 0.830769 0.401580 0.805769 0.409483 0.793269 0.413793 0.789423 0.423851 0.789423 0.427443 0.796154 0.428879 0.830769 0.412356 0.854808
0 0.587644 0.243269 0.573276 0.243269 0.566092 0.235577 0.560345 0.233654 0.546695 0.219231 0.546695 0.207692 0.558908 0.197115 0.571839 0.197115 0.576149 0.193269 0.587644 0.195192 0.589799 0.198077 0.589799 0.213462 0.595546 0.223077 0.595546 0.234615 0.587644 0.243269
0 0.683908 0.383654 0.676724 0.383654 0.671695 0.376923 0.667385 0.367308 0.667385 0.359615 0.671695 0.346154 0.681034 0.333654 0.689655 0.331731 0.706178 0.357692 0.706178 0.365385 0.699713 0.375962 0.695402 0.375962 0.683908 0.383654
0 0.758621 0.341346 0.752874 0.339423 0.744971 0.325000 0.750718 0.300000 0.758621 0.285577 0.771552 0.274038 0.787356 0.275962 0.793822 0.284615 0.790948 0.307692 0.772989 0.333654 0.758621 0.341346
0 0.147989 0.952885 0.139368 0.952885 0.132902 0.944231 0.128592 0.934615 0.127155 0.919231 0.140086 0.871154 0.147989 0.856731 0.158046 0.852885 0.167385 0.873077 0.165948 0.894231 0.161638 0.909615 0.161638 0.925000 0.157328 0.946154 0.153736 0.950962 0.147989 0.952885
0 0.389368 0.343269 0.373563 0.337500 0.365661 0.325000 0.365661 0.317308 0.371408 0.303846 0.382184 0.293269 0.393678 0.293269 0.400862 0.297115 0.406609 0.300962 0.415948 0.315385 0.415948 0.326923 0.410920 0.333654 0.395115 0.337500 0.389368 0.343269
0 0.555316 0.998077 0.560345 0.991346 0.570402 0.991346 0.574713 0.993269 0.576868 0.998077
0 0.189655 0.618269 0.178161 0.618269 0.173132 0.607692 0.165948 0.600000 0.164511 0.592308 0.170977 0.574038 0.182471 0.562500 0.192529 0.560577 0.203305 0.573077 0.204741 0.592308 0.201868 0.601923 0.189655 0.618269
0 0.543822 0.000000 0.543822 0.034615 0.537356 0.045192 0.528736 0.045192 0.522270 0.038462 0.519397 0.023077 0.516523 0.019231 0.516523 0.000000
0 0.000000 0.358654 0.011494 0.352885 0.018678 0.352885 0.023707 0.359615 0.023707 0.376923 0.007184 0.400962 0.000000 0.400962
0 0.547414 0.206731 0.541667 0.206731 0.535920 0.199038 0.528017 0.194231 0.528017 0.180769 0.522270 0.171154 0.522270 0.163462 0.528736 0.152885 0.537356 0.152885 0.544540 0.145192 0.549569 0.148077 0.548132 0.165385 0.545259 0.171154 0.554598 0.179808 0.563218 0.181731 0.566810 0.186538 0.564655 0.197115 0.558908 0.197115 0.547414 0.206731
0 0.622845 0.998077 0.619971 0.992308 0.619971 0.976923 0.622845 0.969231 0.628592 0.963462 0.633621 0.952885 0.642241 0.947115 0.649425 0.950962 0.658764 0.967308 0.655891 0.998077
0 0.553161 0.314423 0.548851 0.314423 0.545259 0.309615 0.543822 0.292308 0.539511 0.284615 0.540948 0.271154 0.547414 0.266346 0.557471 0.268269 0.565374 0.280769 0.562500 0.303846 0.553161 0.314423
0 0.785201 0.998077 0.770833 0.982692 0.767960 0.973077 0.767960 0.959615 0.777299 0.947115 0.798851 0.949038 0.805316 0.955769 0.805316 0.963462 0.802443 0.969231 0.803879 0.982692 0.795259 0.998077
0 0.586207 0.112500 0.574713 0.112500 0.568966 0.108654 0.565374 0.101923 0.565374 0.084615 0.579023 0.062500 0.590517 0.056731 0.603448 0.058654 0.609914 0.067308 0.611351 0.078846 0.599856 0.092308 0.596983 0.101923 0.586207 0.112500
0 0.958333 0.177885 0.926724 0.175962 0.920259 0.169231 0.917385 0.161538 0.918822 0.150000 0.926724 0.139423 0.936782 0.131731 0.946839 0.129808 0.952586 0.133654 0.970546 0.155769 0.969109 0.169231 0.964080 0.175962 0.958333 0.177885
0 0.389368 0.258654 0.375000 0.250962 0.368534 0.236538 0.359195 0.227885 0.354167 0.219231 0.352730 0.205769 0.357040 0.196154 0.364943 0.187500 0.372126 0.189423 0.376437 0.197115 0.383621 0.193269 0.397989 0.195192 0.398707 0.203846 0.407328 0.215385 0.408764 0.228846 0.403017 0.248077 0.389368 0.258654
0 0.056034 0.712500 0.048851 0.712500 0.035920 0.706731 0.025862 0.710577 0.014368 0.710577 0.006466 0.701923 0.006466 0.690385 0.014368 0.679808 0.024425 0.672115 0.040230 0.672115 0.047414 0.677885 0.056034 0.679808 0.065374 0.690385 0.065374 0.705769 0.056034 0.712500
0 0.061782 0.818269 0.048851 0.816346 0.030891 0.801923 0.028017 0.796154 0.028017 0.780769 0.031609 0.774038 0.041667 0.766346 0.056034 0.764423 0.069684 0.775000 0.075431 0.788462 0.075431 0.801923 0.067529 0.814423 0.061782 0.818269
0 0.181753 0.000000 0.183190 0.026923 0.178879 0.040385 0.166667 0.054808 0.149425 0.058654 0.142960 0.050000 0.144397 0.030769 0.147270 0.019231 0.158764 0.000000
0 0.132184 0.177885 0.114943 0.175962 0.099138 0.166346 0.086925 0.148077 0.088362 0.132692 0.097701 0.124038 0.107759 0.124038 0.130747 0.137500 0.142960 0.155769 0.142960 0.169231 0.137931 0.175962 0.132184 0.177885
0 0.320402 0.183654 0.313218 0.183654 0.301006 0.173077 0.302443 0.142308 0.314655 0.124038 0.327586 0.122115 0.334052 0.128846 0.335489 0.134615 0.336925 0.169231 0.331897 0.177885 0.320402 0.183654
0 0.329023 0.537500 0.311782 0.535577 0.298132 0.519231 0.296695 0.513462 0.296695 0.503846 0.301006 0.490385 0.307471 0.481731 0.317529 0.475962 0.327586 0.475962 0.336207 0.479808 0.352730 0.501923 0.351293 0.521154 0.344828 0.529808 0.329023 0.537500
0 0.278736 0.412500 0.268678 0.412500 0.260057 0.402885 0.257184 0.402885 0.252155 0.396154 0.250718 0.386538 0.254310 0.381731 0.262931 0.377885 0.290230 0.379808 0.293822 0.386538 0.293822 0.398077 0.278736 0.412500
0 0.867098 0.000000 0.867098 0.005769 0.864224 0.009615 0.865661 0.017308 0.860632 0.024038 0.850575 0.020192 0.845546 0.013462 0.842672 0.000000
0 0.099138 0.502885 0.086207 0.499038 0.076868 0.490385 0.071121 0.463462 0.075431 0.434615 0.082615 0.425000 0.084052 0.417308 0.089080 0.412500 0.097701 0.414423 0.104167 0.428846 0.104167 0.451923 0.107040 0.459615 0.109914 0.488462 0.099138 0.502885
0 0.899425 0.787500 0.889368 0.787500 0.877155 0.775000 0.872845 0.761538 0.875718 0.744231 0.880029 0.732692 0.895115 0.716346 0.913793 0.710577 0.921695 0.721154 0.923132 0.726923 0.918822 0.767308 0.906609 0.783654 0.899425 0.787500
