0 0.410156 0.611328 0.376953 0.597656 0.373047 0.578125 0.378906 0.568359 0.402344 0.564453 0.423828 0.585938 0.423828 0.601562 0.410156 0.611328
0 0.375000 0.810547 0.355469 0.810547 0.337891 0.800781 0.333984 0.789062 0.343750 0.771484 0.382812 0.763672 0.396484 0.773438 0.396484 0.800781 0.375000 0.810547
0 0.296875 0.619141 0.265625 0.611328 0.248047 0.593750 0.236328 0.570312 0.236328 0.550781 0.246094 0.541016 0.273438 0.537109 0.318359 0.574219 0.318359 0.601562 0.296875 0.619141
0 0.000000 0.873047 0.013672 0.878906 0.013672 0.898438 0.000000 0.908203
0 0.597656 0.162109 0.574219 0.158203 0.548828 0.128906 0.541016 0.085938 0.554688 0.072266 0.570312 0.076172 0.603516 0.121094 0.607422 0.156250 0.597656 0.162109
0 0.449219 0.513672 0.429688 0.509766 0.412109 0.492188 0.408203 0.472656 0.414062 0.466797 0.437500 0.466797 0.455078 0.484375 0.458984 0.503906 0.449219 0.513672
0 0.187500 0.115234 0.164062 0.111328 0.150391 0.097656 0.146484 0.066406 0.152344 0.060547 0.179688 0.056641 0.197266 0.070312 0.205078 0.097656 0.187500 0.115234
0 0.246094 0.986328 0.195312 0.982422 0.185547 0.968750 0.185547 0.953125 0.203125 0.935547 0.218750 0.931641 0.265625 0.935547 0.275391 0.949219 0.275391 0.968750 0.246094 0.986328
0 0.089844 0.279297 0.046875 0.267578 0.029297 0.250000 0.025391 0.210938 0.035156 0.197266 0.066406 0.193359 0.099609 0.214844 0.111328 0.234375 0.111328 0.261719 0.089844 0.279297
0 0.875000 0.119141 0.851562 0.119141 0.841797 0.113281 0.833984 0.082031 0.847656 0.064453 0.871094 0.064453 0.884766 0.078125 0.888672 0.093750 0.875000 0.119141
0 0.406250 0.404297 0.386719 0.404297 0.369141 0.390625 0.361328 0.367188 0.371094 0.353516 0.386719 0.353516 0.408203 0.371094 0.416016 0.394531 0.406250 0.404297
0 0.855469 0.322266 0.843750 0.322266 0.826172 0.296875 0.826172 0.273438 0.835938 0.263672 0.851562 0.263672 0.865234 0.285156 0.865234 0.312500 0.855469 0.322266
0 0.597656 0.599609 0.564453 0.585938 0.564453 0.558594 0.585938 0.537109 0.597656 0.537109 0.619141 0.562500 0.615234 0.585938 0.597656 0.599609
