0 0.758333 0.970833 0.730556 0.970833 0.686111 0.959722 0.625000 0.959722 0.602778 0.954167 0.573611 0.930556 0.559722 0.908333 0.556944 0.877778 0.575000 0.859722 0.591667 0.854167 0.630556 0.865278 0.638889 0.876389 0.675000 0.898611 0.727778 0.901389 0.750000 0.912500 0.765278 0.927778 0.770833 0.941667 0.770833 0.958333 0.758333 0.970833
0 0.813889 0.898611 0.797222 0.895833 0.775000 0.884722 0.754167 0.863889 0.745833 0.841667 0.754167 0.816667 0.772222 0.804167 0.800000 0.798611 0.811111 0.787500 0.844444 0.784722 0.861111 0.773611 0.886111 0.773611 0.900000 0.779167 0.912500 0.802778 0.912500 0.830556 0.866667 0.876389 0.833333 0.893056 0.822222 0.890278 0.813889 0.898611
0 0.700000 0.368056 0.669444 0.365278 0.619444 0.340278 0.601389 0.319444 0.595833 0.297222 0.595833 0.280556 0.620833 0.241667 0.623611 0.188889 0.629167 0.177778 0.650000 0.156944 0.658333 0.154167 0.675000 0.154167 0.688889 0.159722 0.709722 0.177778 0.737500 0.247222 0.737500 0.325000 0.729167 0.344444 0.700000 0.368056
0 0.327778 0.904167 0.311111 0.904167 0.269444 0.881944 0.254167 0.861111 0.251389 0.830556 0.269444 0.809722 0.319444 0.804167 0.352778 0.759722 0.386111 0.754167 0.406944 0.772222 0.412500 0.783333 0.409722 0.808333 0.401389 0.816667 0.398611 0.827778 0.381944 0.844444 0.373611 0.869444 0.352778 0.890278 0.327778 0.904167
0 0.113889 0.251389 0.104167 0.247222 0.108333 0.237500 0.118056 0.241667 0.113889 0.251389
0 0.343056 0.997222 0.340278 0.963889 0.358333 0.940278 0.377778 0.929167 0.405556 0.931944 0.429167 0.955556 0.434722 0.972222 0.451389 0.988889 0.454167 0.997222
0 0.997222 0.123611 0.966667 0.118056 0.930556 0.101389 0.893056 0.069444 0.890278 0.027778 0.898611 0.008333 0.906944 0.000000
0 0.533333 0.701389 0.500000 0.695833 0.472222 0.679167 0.448611 0.655556 0.440278 0.616667 0.451389 0.588889 0.491667 0.556944 0.519444 0.548611 0.572222 0.548611 0.600000 0.559722 0.615278 0.572222 0.634722 0.613889 0.634722 0.652778 0.626389 0.669444 0.611111 0.681944 0.580556 0.687500 0.569444 0.695833 0.541667 0.695833 0.533333 0.701389
0 0.162500 0.000000 0.125000 0.004167 0.101389 0.000000
0 0.058333 0.665278 0.022222 0.662500 0.009722 0.650000 0.006944 0.625000 0.018056 0.602778 0.026389 0.552778 0.037500 0.538889 0.052778 0.526389 0.063889 0.526389 0.072222 0.520833 0.097222 0.520833 0.106944 0.527778 0.112500 0.544444 0.106944 0.613889 0.098611 0.636111 0.086111 0.648611 0.058333 0.665278
0 0.416667 0.531944 0.388889 0.531944 0.369444 0.520833 0.352778 0.504167 0.347222 0.504167 0.320833 0.475000 0.304167 0.438889 0.304167 0.411111 0.312500 0.391667 0.322222 0.381944 0.336111 0.376389 0.369444 0.376389 0.375000 0.381944 0.386111 0.381944 0.408333 0.398611 0.419444 0.401389 0.443056 0.430556 0.445833 0.441667 0.459722 0.455556 0.462500 0.486111 0.454167 0.502778 0.441667 0.518056 0.416667 0.531944
0 0.872222 0.712500 0.861111 0.712500 0.822222 0.693056 0.806944 0.675000 0.781944 0.616667 0.781944 0.580556 0.794444 0.565278 0.813889 0.559722 0.833333 0.562500 0.852778 0.579167 0.866667 0.584722 0.893056 0.613889 0.909722 0.652778 0.912500 0.672222 0.898611 0.697222 0.883333 0.709722 0.872222 0.712500
0 0.227778 0.268056 0.191667 0.268056 0.166667 0.262500 0.129167 0.225000 0.112500 0.194444 0.104167 0.155556 0.106944 0.130556 0.126389 0.094444 0.147222 0.073611 0.180556 0.073611 0.206944 0.094444 0.212500 0.113889 0.218056 0.119444 0.218056 0.136111 0.254167 0.183333 0.254167 0.241667 0.248611 0.255556 0.227778 0.268056
0 0.184722 0.997222 0.187500 0.983333 0.194444 0.976389 0.241667 0.951389 0.277778 0.918056 0.305556 0.920833 0.326389 0.936111 0.340278 0.963889 0.343056 0.997222
0 0.913889 0.462500 0.883333 0.462500 0.859722 0.438889 0.859722 0.427778 0.854167 0.419444 0.859722 0.388889 0.859722 0.313889 0.868056 0.291667 0.877778 0.279167 0.891667 0.273611 0.933333 0.270833 0.941667 0.273611 0.959722 0.294444 0.968056 0.330556 0.956944 0.355556 0.956944 0.380556 0.945833 0.419444 0.934722 0.436111 0.931944 0.450000 0.913889 0.462500
0 0.577778 0.493056 0.550000 0.490278 0.533333 0.481944 0.520833 0.469444 0.509722 0.450000 0.504167 0.427778 0.506944 0.394444 0.513889 0.381944 0.530556 0.370833 0.555556 0.368056 0.572222 0.373611 0.594444 0.359722 0.619444 0.359722 0.645833 0.380556 0.665278 0.405556 0.670833 0.416667 0.668056 0.444444 0.641667 0.470833 0.577778 0.493056
0 0.309722 0.000000 0.336111 0.015278 0.368056 0.044444 0.373611 0.052778 0.376389 0.072222 0.373611 0.091667 0.359722 0.113889 0.319444 0.148611 0.294444 0.159722 0.275000 0.159722 0.252778 0.148611 0.229167 0.119444 0.223611 0.097222 0.212500 0.080556 0.206944 0.041667 0.198611 0.025000 0.198611 0.000000
0 0.997222 0.504167 0.986111 0.506944 0.966667 0.501389 0.948611 0.480556 0.940278 0.452778 0.943056 0.422222 0.954167 0.391667 0.975000 0.368056 0.997222 0.359722
0 0.213889 0.693056 0.163889 0.670833 0.155556 0.670833 0.126389 0.644444 0.112500 0.622222 0.118056 0.566667 0.136111 0.543056 0.166667 0.526389 0.197222 0.529167 0.227778 0.540278 0.241667 0.548611 0.258333 0.568056 0.263889 0.568056 0.284722 0.594444 0.284722 0.625000 0.262500 0.658333 0.238889 0.681944 0.213889 0.693056
0 0.000000 0.284722 0.008333 0.287500 0.029167 0.311111 0.037500 0.341667 0.051389 0.358333 0.062500 0.391667 0.059722 0.419444 0.050000 0.434722 0.030556 0.448611 0.008333 0.448611 0.000000 0.443056
0 0.620833 0.997222 0.623611 0.986111 0.641667 0.973611 0.675000 0.973611 0.708333 0.990278 0.712500 0.997222
0 0.484722 0.000000 0.481944 0.008333 0.466667 0.023611 0.433333 0.048611 0.391667 0.045833 0.362500 0.019444 0.354167 0.000000
