0 0.027299 0.933654 0.017241 0.933654 0.010776 0.928846 0.006466 0.919231 0.007902 0.905769 0.014368 0.897115 0.022989 0.895192 0.031609 0.881731 0.040230 0.875962 0.058908 0.875962 0.065374 0.886538 0.065374 0.894231 0.061063 0.907692 0.044540 0.925962 0.027299 0.933654
0 0.935345 0.310577 0.918103 0.300962 0.912356 0.300962 0.904454 0.292308 0.904454 0.273077 0.910920 0.264423 0.925287 0.264423 0.936063 0.273077 0.937500 0.280769 0.943247 0.288462 0.943247 0.298077 0.935345 0.310577
0 0.952586 0.847115 0.942529 0.847115 0.936063 0.840385 0.933190 0.830769 0.934626 0.813462 0.938937 0.794231 0.949713 0.777885 0.966954 0.772115 0.977730 0.786538 0.976293 0.815385 0.959052 0.842308 0.952586 0.847115
0 0.748563 0.631731 0.737069 0.631731 0.726293 0.617308 0.723420 0.605769 0.726293 0.598077 0.732040 0.592308 0.732759 0.583654 0.735632 0.583654 0.741379 0.575962 0.754310 0.570192 0.760776 0.578846 0.765086 0.590385 0.765086 0.603846 0.762213 0.617308 0.748563 0.631731
0 0.080460 0.475962 0.074713 0.475962 0.066092 0.470192 0.058190 0.457692 0.053879 0.444231 0.053879 0.428846 0.058190 0.405769 0.066092 0.393269 0.070402 0.391346 0.077586 0.393269 0.094109 0.415385 0.094109 0.438462 0.089799 0.467308 0.080460 0.475962
0 0.221264 0.935577 0.212644 0.935577 0.207615 0.928846 0.206178 0.911538 0.214799 0.861538 0.221264 0.850962 0.228448 0.850962 0.234914 0.859615 0.237787 0.869231 0.239224 0.901923 0.234914 0.921154 0.228448 0.931731 0.221264 0.935577
0 0.492816 0.650962 0.485632 0.650962 0.479885 0.647115 0.471983 0.636538 0.461925 0.609615 0.461925 0.590385 0.471264 0.577885 0.479885 0.579808 0.488506 0.595192 0.497126 0.599038 0.500718 0.603846 0.502155 0.638462 0.492816 0.650962
0 0.505747 0.791346 0.497126 0.791346 0.487787 0.776923 0.482040 0.761538 0.479167 0.740385 0.482040 0.730769 0.487069 0.725962 0.492816 0.725962 0.502155 0.738462 0.510776 0.759615 0.512213 0.780769 0.505747 0.791346
0 0.513649 0.998077 0.517241 0.991346 0.527299 0.987500 0.540230 0.989423 0.545259 0.998077
0 0.964080 0.291346 0.955460 0.289423 0.950431 0.280769 0.951868 0.253846 0.956897 0.247115 0.971264 0.245192 0.980603 0.253846 0.982040 0.265385 0.974856 0.280769 0.964080 0.291346
0 0.821839 0.591346 0.811782 0.589423 0.805316 0.580769 0.802443 0.567308 0.802443 0.542308 0.808908 0.533654 0.816092 0.529808 0.826149 0.533654 0.832615 0.542308 0.835489 0.561538 0.838362 0.565385 0.838362 0.571154 0.834052 0.576923 0.834052 0.580769 0.829023 0.587500 0.821839 0.591346
0 0.535920 0.345192 0.525862 0.345192 0.491379 0.331731 0.479885 0.324038 0.467672 0.307692 0.467672 0.300000 0.479885 0.287500 0.489943 0.285577 0.505747 0.287500 0.518678 0.297115 0.533046 0.297115 0.553879 0.323077 0.553879 0.332692 0.550287 0.339423 0.535920 0.345192
0 0.210489 0.998077 0.222701 0.977885 0.229885 0.977885 0.246408 0.998077
0 0.215517 0.252885 0.198276 0.250962 0.188937 0.236538 0.188937 0.219231 0.194684 0.203846 0.206897 0.189423 0.215517 0.183654 0.231322 0.185577 0.237787 0.196154 0.236351 0.215385 0.226293 0.242308 0.215517 0.252885
0 0.402299 0.224038 0.383621 0.218269 0.362069 0.200962 0.352730 0.184615 0.354167 0.173077 0.362069 0.166346 0.379310 0.166346 0.389368 0.170192 0.405172 0.181731 0.415948 0.198077 0.415948 0.211538 0.408046 0.222115 0.402299 0.224038
0 0.285201 0.998077 0.283764 0.982692 0.286638 0.975000 0.294540 0.968269 0.303161 0.966346 0.318966 0.975962 0.326868 0.988462 0.329741 0.998077
0 0.706897 0.952885 0.698276 0.952885 0.693247 0.944231 0.691810 0.917308 0.702586 0.895192 0.722701 0.889423 0.729167 0.898077 0.733477 0.911538 0.733477 0.923077 0.721264 0.943269 0.706897 0.952885
0 0.534483 0.608654 0.528736 0.608654 0.525144 0.603846 0.525144 0.596154 0.529454 0.586538 0.530891 0.555769 0.541667 0.543269 0.551724 0.543269 0.556753 0.551923 0.556753 0.567308 0.545259 0.596154 0.534483 0.608654
0 0.514368 0.943269 0.505747 0.941346 0.500718 0.936538 0.497845 0.930769 0.499282 0.917308 0.508621 0.904808 0.528736 0.889423 0.538793 0.891346 0.543822 0.898077 0.543822 0.909615 0.539511 0.923077 0.524425 0.937500 0.514368 0.943269
0 0.626437 0.920192 0.616379 0.920192 0.607759 0.914423 0.596983 0.898077 0.596983 0.876923 0.599856 0.873077 0.601293 0.861538 0.606322 0.854808 0.620690 0.852885 0.626437 0.856731 0.635776 0.876923 0.637213 0.900000 0.632902 0.911538 0.626437 0.920192
0 0.426724 0.520192 0.405172 0.518269 0.390086 0.501923 0.388649 0.482692 0.397989 0.468269 0.403736 0.464423 0.422414 0.464423 0.440374 0.475000 0.443247 0.480769 0.441810 0.503846 0.426724 0.520192
0 0.968391 0.558654 0.956897 0.556731 0.944684 0.536538 0.944684 0.523077 0.951868 0.494231 0.961207 0.483654 0.971264 0.487500 0.980603 0.505769 0.980603 0.532692 0.976293 0.538462 0.976293 0.548077 0.968391 0.558654
0 0.867816 0.060577 0.854885 0.060577 0.827586 0.045192 0.821121 0.034615 0.819684 0.019231 0.826149 0.010577 0.834770 0.006731 0.850575 0.006731 0.862069 0.010577 0.872126 0.018269 0.878592 0.032692 0.878592 0.048077 0.872126 0.058654 0.867816 0.060577
0 0.917385 0.998077 0.920259 0.982692 0.929598 0.972115 0.939655 0.974038 0.946121 0.982692 0.950431 0.998077
0 0.909483 0.704808 0.899425 0.704808 0.890805 0.697115 0.885776 0.690385 0.880029 0.671154 0.882902 0.651923 0.887931 0.643269 0.896552 0.637500 0.912356 0.639423 0.914511 0.648077 0.921695 0.657692 0.921695 0.684615 0.909483 0.704808
0 0.287356 0.827885 0.284483 0.827885 0.279454 0.819231 0.269397 0.759615 0.270833 0.750000 0.275862 0.743269 0.283046 0.745192 0.289511 0.753846 0.298132 0.776923 0.298132 0.815385 0.291667 0.825962 0.287356 0.827885
0 0.087644 0.666346 0.077586 0.666346 0.071839 0.662500 0.065374 0.651923 0.065374 0.636538 0.070402 0.627885 0.100575 0.610577 0.114943 0.612500 0.125718 0.623077 0.127155 0.642308 0.120690 0.654808 0.103448 0.664423 0.087644 0.666346
0 0.228448 0.689423 0.218391 0.689423 0.210489 0.680769 0.203305 0.651923 0.204741 0.625000 0.207615 0.617308 0.218391 0.604808 0.227011 0.604808 0.234195 0.610577 0.240661 0.619231 0.243534 0.632692 0.240661 0.667308 0.228448 0.689423
0 0.714080 0.675962 0.695402 0.674038 0.689655 0.670192 0.683190 0.657692 0.684626 0.650000 0.694684 0.630769 0.706897 0.620192 0.718391 0.620192 0.724138 0.624038 0.730603 0.638462 0.727730 0.661538 0.721264 0.672115 0.714080 0.675962
0 0.753592 0.998077 0.756466 0.980769 0.773707 0.946154 0.801724 0.910577 0.807471 0.906731 0.821839 0.906731 0.827586 0.910577 0.834052 0.923077 0.835489 0.946154 0.826868 0.975000 0.813937 0.998077
0 0.599138 0.710577 0.581897 0.708654 0.576868 0.698077 0.578305 0.684615 0.604885 0.662500 0.619253 0.662500 0.625718 0.675000 0.624282 0.690385 0.610632 0.704808 0.599138 0.710577
0 0.998563 0.639423 0.992816 0.639423 0.984914 0.625000 0.986351 0.613462 0.998563 0.604808
0 0.601293 0.998077 0.595546 0.988462 0.595546 0.980769 0.602011 0.968269 0.613506 0.962500 0.626437 0.964423 0.640805 0.975962 0.647270 0.986538 0.647270 0.998077
0 0.998563 0.414423 0.988506 0.412500 0.984195 0.408654 0.974856 0.394231 0.973420 0.386538 0.976293 0.375000 0.979885 0.370192 0.985632 0.366346 0.998563 0.366346
0 0.446839 0.779808 0.431034 0.779808 0.414511 0.765385 0.413075 0.746154 0.420977 0.731731 0.438218 0.729808 0.456178 0.750000 0.457615 0.765385 0.446839 0.779808
0 0.820402 0.858654 0.808908 0.858654 0.801006 0.844231 0.802443 0.821154 0.808908 0.810577 0.827586 0.814423 0.835489 0.823077 0.835489 0.838462 0.820402 0.858654
0 0.238506 0.514423 0.228448 0.514423 0.216236 0.501923 0.209052 0.459615 0.212644 0.458654 0.219828 0.449038 0.227011 0.449038 0.242816 0.477885 0.254310 0.481731 0.259339 0.488462 0.259339 0.496154 0.255747 0.504808 0.251437 0.508654 0.244253 0.508654 0.238506 0.514423
0 0.801724 0.725962 0.791667 0.724038 0.785201 0.711538 0.788075 0.698077 0.798851 0.683654 0.810345 0.675962 0.830460 0.674038 0.840517 0.677885 0.852011 0.687500 0.859914 0.698077 0.861351 0.703846 0.859914 0.711538 0.852011 0.720192 0.807471 0.722115 0.801724 0.725962
0 0.287356 0.456731 0.276580 0.446154 0.272270 0.432692 0.272270 0.419231 0.283046 0.404808 0.291667 0.404808 0.296695 0.411538 0.299569 0.425000 0.303161 0.429808 0.317529 0.429808 0.323994 0.436538 0.323994 0.442308 0.313218 0.452885 0.287356 0.456731
0 0.785920 0.897115 0.771552 0.895192 0.765086 0.878846 0.765086 0.861538 0.777299 0.845192 0.788793 0.849038 0.798132 0.867308 0.796695 0.884615 0.785920 0.897115
0 0.705460 0.475962 0.686782 0.474038 0.678879 0.463462 0.678879 0.457692 0.683190 0.444231 0.695402 0.429808 0.702586 0.424038 0.716954 0.420192 0.727730 0.430769 0.729167 0.451923 0.721264 0.468269 0.705460 0.475962
0 0.823276 0.435577 0.818966 0.435577 0.811782 0.429808 0.806753 0.419231 0.806753 0.407692 0.809626 0.398077 0.820402 0.383654 0.827586 0.379808 0.839080 0.377885 0.846264 0.381731 0.852730 0.398077 0.851293 0.405769 0.836207 0.427885 0.823276 0.435577
0 0.119253 0.799038 0.107759 0.795192 0.099856 0.784615 0.098420 0.778846 0.099856 0.755769 0.105603 0.744231 0.114943 0.735577 0.140805 0.735577 0.147270 0.742308 0.148707 0.761538 0.144397 0.773077 0.132184 0.791346 0.119253 0.799038
0 0.998563 0.970192 0.988506 0.979808 0.984195 0.975962 0.977011 0.975962 0.969828 0.972115 0.963362 0.963462 0.959052 0.950000 0.960489 0.921154 0.963362 0.911538 0.968391 0.904808 0.985632 0.904808 0.998563 0.920192
0 0.768678 0.333654 0.755747 0.333654 0.731322 0.324038 0.714799 0.305769 0.714799 0.294231 0.721264 0.285577 0.725575 0.285577 0.737069 0.277885 0.752874 0.279808 0.771552 0.289423 0.785201 0.305769 0.786638 0.319231 0.780172 0.329808 0.768678 0.333654
0 0.295977 0.322115 0.272989 0.320192 0.259339 0.303846 0.259339 0.290385 0.274425 0.270192 0.285920 0.264423 0.297414 0.264423 0.314655 0.274038 0.323994 0.286538 0.325431 0.305769 0.321839 0.312500 0.317529 0.316346 0.295977 0.322115
0 0.145115 0.125962 0.125000 0.124038 0.117816 0.120192 0.112787 0.113462 0.111351 0.109615 0.112787 0.080769 0.122126 0.072115 0.140805 0.066346 0.158046 0.066346 0.170977 0.072115 0.181753 0.090385 0.181753 0.100000 0.178879 0.107692 0.168103 0.120192 0.152299 0.122115 0.145115 0.125962
0 0.294540 0.122115 0.280172 0.122115 0.255747 0.112500 0.243534 0.096154 0.244971 0.082692 0.252874 0.074038 0.274425 0.072115 0.293103 0.083654 0.302443 0.094231 0.305316 0.101923 0.303879 0.113462 0.294540 0.122115
0 0.354885 0.706731 0.346264 0.704808 0.339799 0.696154 0.329741 0.653846 0.329741 0.642308 0.332615 0.634615 0.340517 0.625962 0.364943 0.624038 0.369971 0.630769 0.374282 0.663462 0.367098 0.690385 0.354885 0.706731
0 0.206897 0.516346 0.196839 0.516346 0.191092 0.512500 0.184626 0.501923 0.187500 0.457692 0.193966 0.445192 0.201149 0.445192 0.207615 0.453846 0.216236 0.501923 0.219109 0.505769 0.216954 0.510577 0.212644 0.508654 0.206897 0.516346
0 0.665230 0.910577 0.655172 0.908654 0.642960 0.894231 0.641523 0.875000 0.644397 0.853846 0.647989 0.849038 0.663793 0.847115 0.673851 0.839423 0.685345 0.841346 0.691810 0.851923 0.691810 0.867308 0.687500 0.876923 0.687500 0.882692 0.679598 0.899038 0.665230 0.910577
0 0.735632 0.583654 0.724138 0.579808 0.717672 0.571154 0.719109 0.551923 0.728448 0.537500 0.732759 0.537500 0.745690 0.522115 0.752874 0.520192 0.757184 0.514423 0.770115 0.514423 0.775144 0.521154 0.775144 0.536538 0.769397 0.551923 0.755747 0.570192 0.741379 0.575962 0.735632 0.583654
0 0.998563 0.731731 0.995690 0.731731 0.990661 0.725000 0.987787 0.715385 0.989224 0.701923 0.995690 0.693269 0.998563 0.693269
0 0.078305 0.998077 0.076868 0.990385 0.082615 0.963462 0.097701 0.941346 0.114943 0.941346 0.118534 0.948077 0.118534 0.955769 0.105603 0.992308 0.101293 0.998077
0 0.152299 0.400962 0.140805 0.400962 0.131466 0.388462 0.132902 0.351923 0.137213 0.344231 0.137213 0.336538 0.139368 0.333654 0.143678 0.335577 0.146552 0.331731 0.159483 0.333654 0.167385 0.344231 0.171695 0.359615 0.171695 0.373077 0.168822 0.384615 0.160920 0.395192 0.152299 0.400962
0 0.000000 0.283654 0.012931 0.274038 0.028736 0.272115 0.040230 0.275962 0.051006 0.294231 0.048132 0.317308 0.035920 0.333654 0.012931 0.343269 0.000000 0.341346
0 0.862069 0.264423 0.844828 0.262500 0.839799 0.253846 0.839799 0.238462 0.846983 0.221154 0.863506 0.199038 0.875000 0.187500 0.886494 0.187500 0.892960 0.198077 0.891523 0.219231 0.878592 0.248077 0.862069 0.264423
0 0.583333 0.810577 0.571839 0.810577 0.564655 0.806731 0.556753 0.796154 0.556753 0.780769 0.561782 0.772115 0.568966 0.766346 0.583333 0.760577 0.597701 0.762500 0.607040 0.775000 0.602730 0.796154 0.594828 0.804808 0.583333 0.810577
0 0.410920 0.399038 0.393678 0.397115 0.377874 0.391346 0.368534 0.380769 0.368534 0.363462 0.376437 0.356731 0.402299 0.356731 0.423851 0.362500 0.434626 0.371154 0.436063 0.382692 0.429598 0.393269 0.410920 0.399038
0 0.614943 0.593269 0.606322 0.589423 0.599856 0.580769 0.596983 0.571154 0.598420 0.557692 0.605603 0.540385 0.616379 0.525962 0.623563 0.522115 0.633621 0.522115 0.641523 0.532692 0.640086 0.550000 0.630029 0.578846 0.622126 0.589423 0.614943 0.593269
0 0.795977 0.825962 0.784483 0.824038 0.776580 0.813462 0.775144 0.800000 0.780891 0.782692 0.788075 0.773077 0.790948 0.761538 0.800287 0.750962 0.810345 0.749038 0.822557 0.759615 0.828305 0.784615 0.819684 0.803846 0.821839 0.814423 0.808908 0.810577 0.801724 0.824038 0.795977 0.825962
0 0.314655 0.570192 0.291667 0.568269 0.286638 0.561538 0.285201 0.542308 0.293103 0.527885 0.311782 0.524038 0.330460 0.529808 0.336925 0.538462 0.335489 0.551923 0.321839 0.566346 0.314655 0.570192
0 0.540230 0.700962 0.533046 0.699038 0.528017 0.692308 0.526580 0.669231 0.532328 0.653846 0.538793 0.645192 0.553161 0.639423 0.563937 0.650000 0.565374 0.661538 0.558190 0.684615 0.548851 0.697115 0.540230 0.700962
0 0.665230 0.612500 0.655172 0.610577 0.644397 0.598077 0.644397 0.578846 0.648707 0.567308 0.656609 0.556731 0.663793 0.552885 0.669540 0.554808 0.681034 0.568269 0.687500 0.571154 0.687500 0.582692 0.683190 0.594231 0.672414 0.610577 0.665230 0.612500
0 0.250000 0.400962 0.229885 0.399038 0.221983 0.388462 0.223420 0.365385 0.234195 0.347115 0.252874 0.349038 0.260057 0.354808 0.270833 0.371154 0.270833 0.382692 0.260057 0.395192 0.250000 0.400962
0 0.980603 0.998077 0.980603 0.992308 0.986351 0.980769 0.998563 0.970192
0 0.686782 0.779808 0.674569 0.773077 0.674569 0.761538 0.683908 0.749038 0.691092 0.747115 0.699713 0.739423 0.712644 0.735577 0.732759 0.735577 0.737787 0.740385 0.737787 0.751923 0.728448 0.762500 0.704023 0.775962 0.686782 0.779808
0 0.731322 0.906731 0.729167 0.898077 0.713362 0.875000 0.711925 0.869231 0.711925 0.857692 0.725575 0.843269 0.738506 0.845192 0.755029 0.871154 0.755029 0.882692 0.752155 0.888462 0.742816 0.899038 0.735632 0.899038 0.731322 0.906731
0 0.920977 0.537500 0.912356 0.537500 0.903736 0.531731 0.897270 0.521154 0.892960 0.503846 0.894397 0.486538 0.898707 0.471154 0.903736 0.462500 0.910920 0.458654 0.915230 0.458654 0.921695 0.467308 0.928879 0.496154 0.927443 0.528846 0.920977 0.537500
0 0.563218 0.435577 0.553161 0.433654 0.546695 0.426923 0.539511 0.398077 0.542385 0.378846 0.547414 0.372115 0.558908 0.366346 0.570402 0.368269 0.574713 0.372115 0.585489 0.394231 0.585489 0.409615 0.579741 0.423077 0.573276 0.431731 0.563218 0.435577
