0 0.189453 0.996094 0.175781 0.994141 0.162109 0.980469 0.158203 0.941406 0.171875 0.919922 0.191406 0.912109 0.222656 0.916016 0.244141 0.941406 0.244141 0.968750 0.220703 0.996094
0 0.109375 0.716797 0.078125 0.712891 0.056641 0.683594 0.056641 0.675781 0.082031 0.650391 0.105469 0.654297 0.123047 0.675781 0.123047 0.691406 0.109375 0.716797
0 0.117188 0.857422 0.099609 0.851562 0.087891 0.824219 0.087891 0.816406 0.099609 0.804688 0.087891 0.773438 0.097656 0.755859 0.117188 0.759766 0.134766 0.777344 0.134766 0.789062 0.150391 0.808594 0.138672 0.847656 0.117188 0.857422
0 0.355469 0.525391 0.343750 0.525391 0.326172 0.507812 0.322266 0.492188 0.335938 0.478516 0.359375 0.482422 0.369141 0.492188 0.369141 0.515625 0.355469 0.525391
0 0.572266 0.000000 0.583984 0.011719 0.583984 0.035156 0.558594 0.056641 0.535156 0.056641 0.517578 0.042969 0.513672 0.007812 0.521484 0.000000
0 0.214844 0.392578 0.179688 0.384766 0.166016 0.371094 0.162109 0.335938 0.175781 0.314453 0.222656 0.294922 0.251953 0.320312 0.255859 0.343750 0.248047 0.351562 0.248047 0.367188 0.226562 0.388672 0.214844 0.392578
0 0.000000 0.900391 0.027344 0.896484 0.041016 0.906250 0.037109 0.933594 0.015625 0.955078 0.000000 0.951172
0 0.136719 0.623047 0.109375 0.623047 0.095703 0.609375 0.099609 0.558594 0.128906 0.544922 0.164062 0.548828 0.169922 0.554688 0.166016 0.601562 0.136719 0.623047
0 0.761719 0.572266 0.734375 0.572266 0.720703 0.562500 0.720703 0.531250 0.750000 0.513672 0.765625 0.513672 0.775391 0.527344 0.775391 0.558594 0.761719 0.572266
0 0.681641 0.996094 0.658203 0.964844 0.658203 0.949219 0.710938 0.900391 0.722656 0.900391 0.751953 0.925781 0.755859 0.964844 0.720703 0.996094
0 0.917969 0.857422 0.906250 0.857422 0.892578 0.843750 0.892578 0.824219 0.914062 0.802734 0.933594 0.802734 0.943359 0.812500 0.943359 0.847656 0.917969 0.857422
0 0.960938 0.634766 0.945312 0.634766 0.939453 0.628906 0.935547 0.597656 0.941406 0.591797 0.970703 0.605469 0.970703 0.625000 0.960938 0.634766
0 0.281250 0.560547 0.261719 0.560547 0.253906 0.552734 0.234375 0.552734 0.228516 0.546875 0.216797 0.531250 0.216797 0.507812 0.226562 0.494141 0.269531 0.486328 0.291016 0.503906 0.294922 0.535156 0.291016 0.550781 0.281250 0.560547
0 0.886719 0.669922 0.871094 0.669922 0.841797 0.656250 0.833984 0.636719 0.851562 0.615234 0.878906 0.611328 0.904297 0.636719 0.900391 0.656250 0.886719 0.669922
0 0.339844 0.111328 0.328125 0.111328 0.310547 0.097656 0.310547 0.070312 0.328125 0.052734 0.347656 0.052734 0.365234 0.070312 0.357422 0.097656 0.339844 0.111328
0 0.507812 0.580078 0.480469 0.580078 0.455078 0.550781 0.455078 0.531250 0.472656 0.513672 0.496094 0.513672 0.521484 0.539062 0.521484 0.566406 0.507812 0.580078
0 0.957031 0.205078 0.933594 0.205078 0.919922 0.191406 0.919922 0.171875 0.933594 0.158203 0.972656 0.154297 0.978516 0.160156 0.978516 0.187500 0.957031 0.205078
0 0.976562 0.603516 0.947266 0.593750 0.947266 0.578125 0.957031 0.568359 0.968750 0.568359 0.982422 0.578125 0.982422 0.597656 0.976562 0.603516
0 0.453125 0.505859 0.429688 0.505859 0.408203 0.488281 0.408203 0.464844 0.437500 0.439453 0.464844 0.439453 0.482422 0.453125 0.474609 0.492188 0.453125 0.505859
0 0.890625 0.787109 0.863281 0.783203 0.818359 0.734375 0.818359 0.710938 0.835938 0.693359 0.878906 0.697266 0.919922 0.730469 0.919922 0.765625 0.890625 0.787109
0 0.445312 0.134766 0.416016 0.121094 0.416016 0.097656 0.433594 0.080078 0.464844 0.083984 0.478516 0.097656 0.478516 0.117188 0.468750 0.126953 0.445312 0.134766
0 0.304688 0.685547 0.285156 0.681641 0.251953 0.652344 0.251953 0.636719 0.261719 0.626953 0.296875 0.623047 0.310547 0.632812 0.318359 0.667969 0.304688 0.685547
0 0.480469 0.623047 0.468750 0.623047 0.451172 0.609375 0.451172 0.589844 0.457031 0.583984 0.488281 0.583984 0.494141 0.589844 0.494141 0.609375 0.480469 0.623047
0 0.394531 0.791016 0.378906 0.791016 0.357422 0.769531 0.357422 0.746094 0.371094 0.728516 0.398438 0.728516 0.412109 0.742188 0.412109 0.773438 0.394531 0.791016
0 0.242188 0.759766 0.203125 0.759766 0.189453 0.742188 0.205078 0.699219 0.205078 0.675781 0.230469 0.650391 0.250000 0.650391 0.271484 0.679688 0.259766 0.699219 0.259766 0.714844 0.248047 0.730469 0.248047 0.753906 0.242188 0.759766
0 0.656250 0.634766 0.632812 0.634766 0.615234 0.621094 0.615234 0.585938 0.636719 0.564453 0.664062 0.564453 0.685547 0.589844 0.685547 0.613281 0.656250 0.634766
0 0.812500 0.595703 0.781250 0.591797 0.767578 0.570312 0.789062 0.541016 0.820312 0.544922 0.830078 0.554688 0.830078 0.582031 0.812500 0.595703
0 0.773438 0.693359 0.746094 0.689453 0.728516 0.667969 0.728516 0.652344 0.753906 0.626953 0.777344 0.630859 0.794922 0.652344 0.791016 0.679688 0.773438 0.693359
0 0.968750 0.111328 0.953125 0.111328 0.935547 0.093750 0.927734 0.078125 0.933594 0.064453 0.960938 0.064453 0.978516 0.078125 0.978516 0.101562 0.968750 0.111328
0 0.210938 0.611328 0.183594 0.611328 0.173828 0.593750 0.173828 0.550781 0.203125 0.529297 0.214844 0.529297 0.228516 0.542969 0.236328 0.570312 0.232422 0.601562 0.210938 0.611328
0 0.996094 0.630859 0.976562 0.630859 0.970703 0.625000 0.972656 0.603516 0.984375 0.595703 0.996094 0.603516
0 0.000000 0.521484 0.007812 0.521484 0.021484 0.535156 0.021484 0.558594 0.000000 0.576172
0 0.667969 0.693359 0.648438 0.693359 0.634766 0.683594 0.634766 0.648438 0.648438 0.634766 0.695312 0.623047 0.708984 0.640625 0.708984 0.671875 0.695312 0.685547 0.675781 0.685547 0.667969 0.693359
0 0.582031 0.587891 0.548828 0.570312 0.544922 0.546875 0.566406 0.525391 0.593750 0.521484 0.615234 0.535156 0.615234 0.558594 0.593750 0.583984 0.582031 0.587891
0 0.703125 0.431641 0.675781 0.427734 0.666016 0.417969 0.666016 0.390625 0.679688 0.373047 0.707031 0.373047 0.724609 0.398438 0.724609 0.414062 0.703125 0.431641
0 0.808594 0.916016 0.800781 0.916016 0.779297 0.894531 0.779297 0.855469 0.800781 0.830078 0.820312 0.833984 0.832031 0.822266 0.839844 0.822266 0.857422 0.835938 0.865234 0.851562 0.865234 0.871094 0.853516 0.882812 0.853516 0.898438 0.843750 0.908203 0.808594 0.916016
0 0.964844 0.912109 0.941406 0.912109 0.923828 0.898438 0.912109 0.878906 0.914062 0.857422 0.945312 0.849609 0.978516 0.882812 0.974609 0.902344 0.964844 0.912109
0 0.972656 0.791016 0.949219 0.783203 0.935547 0.761719 0.935547 0.722656 0.957031 0.705078 0.972656 0.708984 0.982422 0.718750 0.986328 0.773438 0.972656 0.791016
0 0.001953 0.996094 0.009766 0.968750 0.031250 0.951172 0.060547 0.953125 0.076172 0.972656 0.076172 0.996094
0 0.394531 0.697266 0.363281 0.693359 0.345703 0.671875 0.345703 0.640625 0.371094 0.615234 0.390625 0.615234 0.396484 0.621094 0.404297 0.656250 0.400391 0.691406 0.394531 0.697266
0 0.949219 0.482422 0.929688 0.482422 0.916016 0.468750 0.916016 0.449219 0.923828 0.433594 0.941406 0.419922 0.957031 0.419922 0.970703 0.437500 0.966797 0.460938 0.949219 0.482422
0 0.000000 0.326172 0.027344 0.302734 0.046875 0.298828 0.080078 0.328125 0.080078 0.335938 0.060547 0.347656 0.064453 0.375000 0.058594 0.380859 0.023438 0.384766 0.009766 0.375000 0.000000 0.357422
0 0.687500 0.744141 0.660156 0.744141 0.642578 0.726562 0.650391 0.703125 0.675781 0.685547 0.695312 0.685547 0.705078 0.695312 0.705078 0.714844 0.687500 0.744141
0 0.000000 0.646484 0.011719 0.634766 0.031250 0.634766 0.048828 0.656250 0.048828 0.671875 0.031250 0.689453 0.015625 0.689453 0.000000 0.673828
0 0.808594 0.494141 0.792969 0.494141 0.771484 0.476562 0.771484 0.457031 0.789062 0.439453 0.804688 0.439453 0.826172 0.457031 0.826172 0.476562 0.808594 0.494141
0 0.273438 0.841797 0.257812 0.837891 0.248047 0.828125 0.248047 0.812500 0.265625 0.791016 0.289062 0.787109 0.306641 0.800781 0.306641 0.820312 0.273438 0.841797
0 0.291016 0.996094 0.279297 0.933594 0.279297 0.906250 0.285156 0.900391 0.316406 0.904297 0.345703 0.933594 0.353516 0.976562 0.345703 0.996094
0 0.820312 0.544922 0.792969 0.544922 0.783203 0.535156 0.792969 0.505859 0.816406 0.505859 0.822266 0.511719 0.826172 0.539062 0.820312 0.544922
0 0.398438 0.970703 0.375000 0.966797 0.365234 0.953125 0.365234 0.921875 0.390625 0.896484 0.414062 0.900391 0.431641 0.917969 0.427734 0.949219 0.398438 0.970703
0 0.351562 0.607422 0.332031 0.607422 0.314453 0.597656 0.314453 0.570312 0.324219 0.556641 0.347656 0.556641 0.365234 0.574219 0.365234 0.589844 0.351562 0.607422
0 0.738281 0.822266 0.695312 0.814453 0.681641 0.796875 0.689453 0.769531 0.707031 0.751953 0.730469 0.755859 0.759766 0.777344 0.755859 0.808594 0.738281 0.822266
0 0.925781 0.166016 0.894531 0.162109 0.888672 0.156250 0.892578 0.125000 0.906250 0.115234 0.921875 0.115234 0.951172 0.132812 0.951172 0.152344 0.925781 0.166016
0 0.332031 0.779297 0.312500 0.775391 0.294922 0.757812 0.294922 0.726562 0.320312 0.701172 0.339844 0.701172 0.361328 0.714844 0.357422 0.757812 0.343750 0.775391 0.332031 0.779297
