0 0.232422 0.996094 0.236328 0.976562 0.250000 0.970703 0.261719 0.974609 0.279297 0.996094
0 0.425781 0.103516 0.406250 0.095703 0.396484 0.082031 0.404297 0.062500 0.417969 0.048828 0.437500 0.044922 0.451172 0.054688 0.455078 0.066406 0.447266 0.085938 0.425781 0.103516
0 0.859375 0.568359 0.832031 0.564453 0.826172 0.558594 0.826172 0.539062 0.855469 0.521484 0.886719 0.525391 0.892578 0.531250 0.892578 0.546875 0.878906 0.560547 0.859375 0.568359
0 0.976562 0.783203 0.953125 0.783203 0.914062 0.771484 0.896484 0.753906 0.896484 0.738281 0.914062 0.724609 0.929688 0.724609 0.976562 0.740234 0.994141 0.757812 0.994141 0.769531 0.976562 0.783203
0 0.992188 0.947266 0.982422 0.933594 0.982422 0.917969 0.988281 0.912109 0.994141 0.914062 0.992188 0.947266
0 0.406250 0.146484 0.386719 0.146484 0.373047 0.136719 0.369141 0.097656 0.382812 0.083984 0.394531 0.083984 0.419922 0.105469 0.419922 0.121094 0.406250 0.146484
0 0.660156 0.291016 0.646484 0.285156 0.642578 0.242188 0.652344 0.228516 0.667969 0.224609 0.685547 0.230469 0.689453 0.265625 0.675781 0.283203 0.660156 0.291016
0 0.734375 0.048828 0.718750 0.048828 0.701172 0.039062 0.701172 0.015625 0.718750 0.001953 0.750000 0.001953 0.759766 0.011719 0.755859 0.031250 0.734375 0.048828
0 0.253906 0.126953 0.236328 0.117188 0.236328 0.085938 0.257812 0.056641 0.269531 0.056641 0.296875 0.037109 0.314453 0.050781 0.310547 0.078125 0.281250 0.115234 0.253906 0.126953
0 0.335938 0.884766 0.312500 0.880859 0.298828 0.871094 0.294922 0.851562 0.304688 0.841797 0.335938 0.837891 0.353516 0.851562 0.353516 0.871094 0.335938 0.884766
0 0.992188 0.310547 0.982422 0.300781 0.992188 0.271484 0.992188 0.310547
0 0.000000 0.103516 0.017578 0.128906 0.017578 0.156250 0.000000 0.173828
0 0.113281 0.556641 0.082031 0.552734 0.068359 0.539062 0.074219 0.513672 0.101562 0.505859 0.125000 0.513672 0.134766 0.523438 0.134766 0.542969 0.113281 0.556641
0 0.000000 0.353516 0.013672 0.363281 0.013672 0.382812 0.000000 0.396484
0 0.261719 0.798828 0.218750 0.787109 0.208984 0.773438 0.208984 0.753906 0.230469 0.740234 0.253906 0.748047 0.275391 0.773438 0.271484 0.792969 0.261719 0.798828
0 0.681641 0.996094 0.699219 0.970703 0.710938 0.970703 0.732422 0.996094
