0 0.289062 0.423828 0.242188 0.419922 0.236328 0.414062 0.236328 0.398438 0.250000 0.384766 0.265625 0.384766 0.294922 0.410156 0.289062 0.423828
0 0.277344 0.306641 0.265625 0.306641 0.255859 0.292969 0.255859 0.253906 0.261719 0.248047 0.281250 0.248047 0.287109 0.253906 0.287109 0.292969 0.277344 0.306641
0 0.285156 0.458984 0.273438 0.458984 0.257812 0.447266 0.248047 0.429688 0.253906 0.423828 0.273438 0.423828 0.285156 0.431641 0.291016 0.437500 0.291016 0.453125 0.285156 0.458984
0 0.378906 0.275391 0.367188 0.275391 0.357422 0.265625 0.357422 0.242188 0.363281 0.236328 0.376953 0.242188 0.376953 0.253906 0.384766 0.261719 0.378906 0.275391
0 0.078125 0.376953 0.054688 0.373047 0.048828 0.355469 0.062500 0.345703 0.082031 0.345703 0.087891 0.359375 0.078125 0.376953
0 0.312500 0.455078 0.298828 0.445312 0.298828 0.429688 0.304688 0.423828 0.320312 0.423828 0.330078 0.433594 0.330078 0.445312 0.312500 0.455078
0 0.246094 0.146484 0.222656 0.146484 0.197266 0.132812 0.205078 0.097656 0.222656 0.083984 0.250000 0.087891 0.259766 0.105469 0.259766 0.132812 0.246094 0.146484
0 0.453125 0.591797 0.439453 0.585938 0.439453 0.574219 0.449219 0.564453 0.472656 0.564453 0.478516 0.578125 0.453125 0.591797
0 0.375000 0.416016 0.359375 0.416016 0.353516 0.410156 0.353516 0.394531 0.382812 0.384766 0.388672 0.390625 0.388672 0.406250 0.375000 0.416016
0 0.367188 0.662109 0.333984 0.652344 0.333984 0.640625 0.343750 0.626953 0.373047 0.644531 0.367188 0.662109
0 0.257812 0.642578 0.246094 0.642578 0.240234 0.632812 0.240234 0.609375 0.250000 0.595703 0.265625 0.595703 0.275391 0.613281 0.275391 0.628906 0.257812 0.642578
0 0.363281 0.623047 0.337891 0.613281 0.337891 0.597656 0.343750 0.591797 0.363281 0.591797 0.369141 0.597656 0.369141 0.617188 0.363281 0.623047
0 0.476562 0.541016 0.453125 0.541016 0.439453 0.531250 0.439453 0.523438 0.445312 0.517578 0.476562 0.521484 0.482422 0.527344 0.476562 0.541016
0 0.472656 0.560547 0.437500 0.560547 0.427734 0.542969 0.433594 0.537109 0.472656 0.541016 0.478516 0.546875 0.472656 0.560547
0 0.207031 0.310547 0.193359 0.304688 0.189453 0.277344 0.210938 0.263672 0.222656 0.263672 0.232422 0.269531 0.240234 0.296875 0.207031 0.310547
0 0.347656 0.412109 0.330078 0.406250 0.326172 0.386719 0.335938 0.376953 0.351562 0.380859 0.353516 0.363281 0.363281 0.353516 0.390625 0.353516 0.396484 0.371094 0.367188 0.392578 0.355469 0.388672 0.347656 0.412109
0 0.093750 0.392578 0.082031 0.392578 0.076172 0.378906 0.087891 0.367188 0.091797 0.351562 0.105469 0.345703 0.111328 0.351562 0.111328 0.371094 0.093750 0.392578
0 0.296875 0.412109 0.259766 0.378906 0.265625 0.361328 0.281250 0.369141 0.300781 0.365234 0.310547 0.375000 0.310547 0.402344 0.296875 0.412109
0 0.066406 0.458984 0.044922 0.449219 0.041016 0.425781 0.050781 0.408203 0.070312 0.400391 0.080078 0.410156 0.083984 0.425781 0.076172 0.453125 0.066406 0.458984
0 0.398438 0.263672 0.390625 0.263672 0.380859 0.250000 0.380859 0.234375 0.386719 0.228516 0.394531 0.228516 0.404297 0.242188 0.404297 0.257812 0.398438 0.263672
0 0.996094 0.666016 0.978516 0.648438 0.978516 0.617188 0.996094 0.611328
0 0.304688 0.298828 0.287109 0.289062 0.289062 0.255859 0.300781 0.255859 0.314453 0.273438 0.304688 0.298828
