0 0.727778 0.120833 0.666667 0.118056 0.648611 0.100000 0.648611 0.063889 0.656944 0.047222 0.686111 0.020833 0.730556 0.006944 0.775000 0.009722 0.798611 0.030556 0.804167 0.041667 0.804167 0.072222 0.795833 0.088889 0.777778 0.106944 0.758333 0.115278 0.727778 0.120833
0 0.155556 0.670833 0.133333 0.668056 0.094444 0.640278 0.059722 0.591667 0.059722 0.547222 0.068056 0.533333 0.086111 0.518056 0.111111 0.515278 0.141667 0.526389 0.173611 0.555556 0.201389 0.602778 0.201389 0.627778 0.195833 0.636111 0.176389 0.650000 0.163889 0.668056 0.155556 0.670833
0 0.556944 0.997222 0.534722 0.980556 0.515278 0.938889 0.506944 0.930556 0.506944 0.894444 0.515278 0.877778 0.536111 0.859722 0.575000 0.851389 0.586111 0.851389 0.613889 0.862500 0.650000 0.887500 0.676389 0.913889 0.687500 0.947222 0.681944 0.966667 0.684722 0.986111 0.676389 0.997222
0 0.850000 0.920833 0.819444 0.915278 0.790278 0.886111 0.773611 0.855556 0.776389 0.836111 0.797222 0.806944 0.827778 0.790278 0.844444 0.787500 0.891667 0.795833 0.909722 0.813889 0.920833 0.838889 0.912500 0.880556 0.872222 0.912500 0.850000 0.920833
0 0.894444 0.573611 0.872222 0.573611 0.861111 0.562500 0.838889 0.554167 0.829167 0.544444 0.829167 0.511111 0.856944 0.450000 0.880556 0.423611 0.922222 0.423611 0.937500 0.436111 0.945833 0.452778 0.945833 0.488889 0.937500 0.511111 0.926389 0.516667 0.909722 0.561111 0.894444 0.573611
0 0.802778 0.743056 0.777778 0.740278 0.766667 0.734722 0.741667 0.718056 0.720833 0.694444 0.706944 0.672222 0.706944 0.650000 0.725000 0.629167 0.747222 0.620833 0.797222 0.620833 0.811111 0.623611 0.837500 0.638889 0.851389 0.669444 0.848611 0.694444 0.837500 0.716667 0.822222 0.731944 0.802778 0.743056
0 0.908333 0.270833 0.880556 0.265278 0.838889 0.218056 0.801389 0.191667 0.804167 0.169444 0.820833 0.150000 0.852778 0.118056 0.883333 0.104167 0.902778 0.104167 0.925000 0.115278 0.937500 0.127778 0.945833 0.155556 0.948611 0.205556 0.943056 0.230556 0.931944 0.252778 0.908333 0.270833
0 0.511111 0.712500 0.480556 0.712500 0.450000 0.698611 0.384722 0.644444 0.370833 0.613889 0.370833 0.586111 0.380556 0.570833 0.408333 0.551389 0.447222 0.551389 0.483333 0.573611 0.518056 0.605556 0.548611 0.650000 0.548611 0.677778 0.530556 0.704167 0.511111 0.712500
0 0.948611 0.000000 0.913889 0.026389 0.901389 0.019444 0.887500 0.000000
0 0.887500 0.000000 0.890278 0.002778 0.879167 0.019444 0.861111 0.037500 0.847222 0.043056 0.815278 0.027778 0.806944 0.013889 0.806944 0.000000
0 0.997222 0.826389 0.966667 0.831944 0.955556 0.826389 0.931944 0.797222 0.931944 0.777778 0.959722 0.736111 0.968056 0.700000 0.977778 0.693056 0.997222 0.690278
0 0.997222 0.204167 0.977778 0.198611 0.962500 0.183333 0.956944 0.169444 0.956944 0.152778 0.965278 0.125000 0.987500 0.080556 0.997222 0.070833
0 0.651389 0.000000 0.640278 0.025000 0.622222 0.040278 0.608333 0.045833 0.597222 0.045833 0.577778 0.034722 0.561111 0.031944 0.545833 0.019444 0.534722 0.000000
0 0.000000 0.723611 0.022222 0.701389 0.061111 0.701389 0.119444 0.720833 0.144444 0.734722 0.162500 0.758333 0.159722 0.783333 0.150000 0.793056 0.133333 0.798611 0.113889 0.798611 0.086111 0.806944 0.025000 0.806944 0.000000 0.798611
0 0.094444 0.143056 0.061111 0.143056 0.027778 0.131944 0.009722 0.105556 0.006944 0.083333 0.009722 0.077778 0.036111 0.048611 0.102778 0.023611 0.138889 0.023611 0.161111 0.031944 0.184722 0.055556 0.187500 0.080556 0.181944 0.094444 0.147222 0.126389 0.094444 0.143056
0 0.959722 0.997222 0.975000 0.973611 0.997222 0.962500
0 0.550000 0.343056 0.522222 0.343056 0.488889 0.326389 0.479167 0.305556 0.481944 0.280556 0.502778 0.254167 0.533333 0.240278 0.561111 0.234722 0.597222 0.240278 0.615278 0.255556 0.618056 0.283333 0.591667 0.318056 0.572222 0.334722 0.550000 0.343056
0 0.000000 0.884722 0.036111 0.856944 0.061111 0.826389 0.077778 0.820833 0.108333 0.823611 0.133333 0.837500 0.145833 0.850000 0.143056 0.877778 0.136111 0.884722 0.108333 0.890278 0.086111 0.920833 0.038889 0.943056 0.000000 0.951389
0 0.358333 0.381944 0.327778 0.381944 0.288889 0.368056 0.266667 0.354167 0.229167 0.316667 0.223611 0.275000 0.231944 0.255556 0.247222 0.240278 0.275000 0.229167 0.333333 0.229167 0.366667 0.240278 0.393056 0.266667 0.409722 0.294444 0.409722 0.338889 0.386111 0.370833 0.358333 0.381944
0 0.566667 0.490278 0.547222 0.490278 0.508333 0.476389 0.468056 0.441667 0.465278 0.397222 0.480556 0.376389 0.502778 0.368056 0.527778 0.368056 0.550000 0.373611 0.568056 0.386111 0.581944 0.411111 0.587500 0.466667 0.581944 0.477778 0.566667 0.490278
0 0.538889 0.231944 0.500000 0.231944 0.444444 0.220833 0.425000 0.212500 0.404167 0.188889 0.406944 0.158333 0.430556 0.140278 0.469444 0.131944 0.525000 0.134722 0.555556 0.148611 0.576389 0.172222 0.579167 0.200000 0.566667 0.220833 0.538889 0.231944
0 0.000000 0.951389 0.030556 0.945833 0.047222 0.937500 0.086111 0.948611 0.098611 0.963889 0.095833 0.988889 0.087500 0.997222
0 0.418056 0.997222 0.409722 0.988889 0.401389 0.966667 0.395833 0.941667 0.395833 0.911111 0.416667 0.884722 0.427778 0.881944 0.447222 0.881944 0.475000 0.895833 0.515278 0.938889 0.543056 0.997222
