0 0.792969 0.126953 0.777344 0.126953 0.767578 0.117188 0.763672 0.085938 0.773438 0.072266 0.808594 0.068359 0.814453 0.074219 0.814453 0.097656 0.792969 0.126953
0 0.042969 0.177734 0.019531 0.173828 0.001953 0.152344 0.027344 0.126953 0.039062 0.130859 0.052734 0.148438 0.052734 0.164062 0.042969 0.177734
0 0.105469 0.865234 0.091797 0.859375 0.091797 0.847656 0.083984 0.839844 0.089844 0.826172 0.097656 0.826172 0.111328 0.839844 0.111328 0.859375 0.105469 0.865234
0 0.734375 0.857422 0.718750 0.857422 0.703125 0.845703 0.685547 0.816406 0.697266 0.785156 0.707031 0.775391 0.761719 0.775391 0.775391 0.789062 0.783203 0.812500 0.779297 0.835938 0.734375 0.857422
0 0.398438 0.986328 0.367188 0.982422 0.357422 0.972656 0.357422 0.960938 0.402344 0.943359 0.408203 0.949219 0.408203 0.976562 0.398438 0.986328
0 0.000000 0.943359 0.011719 0.939453 0.029297 0.957031 0.025391 0.984375 0.009766 0.996094
0 0.734375 0.638672 0.722656 0.638672 0.705078 0.621094 0.701172 0.582031 0.730469 0.556641 0.746094 0.552734 0.775391 0.570312 0.775391 0.601562 0.753906 0.626953 0.734375 0.638672
0 0.996094 0.955078 0.974609 0.921875 0.974609 0.906250 0.996094 0.888672
0 0.832031 0.267578 0.789062 0.259766 0.779297 0.250000 0.779297 0.210938 0.785156 0.205078 0.804688 0.197266 0.828125 0.197266 0.839844 0.212891 0.857422 0.222656 0.849609 0.257812 0.832031 0.267578
0 0.234375 0.955078 0.187500 0.951172 0.177734 0.933594 0.177734 0.917969 0.158203 0.906250 0.158203 0.890625 0.167969 0.880859 0.183594 0.880859 0.203125 0.900391 0.226562 0.908203 0.244141 0.933594 0.234375 0.955078
0 0.914062 0.853516 0.906250 0.853516 0.894531 0.841797 0.863281 0.841797 0.849609 0.832031 0.845703 0.804688 0.878906 0.771484 0.902344 0.771484 0.925781 0.783203 0.939453 0.800781 0.939453 0.832031 0.914062 0.853516
0 0.919922 0.996094 0.919922 0.988281 0.904297 0.976562 0.900391 0.957031 0.910156 0.943359 0.923828 0.937500 0.929688 0.923828 0.953125 0.927734 0.970703 0.945312 0.986328 0.976562 0.986328 0.996094
0 0.179688 0.330078 0.148438 0.330078 0.130859 0.308594 0.134766 0.281250 0.160156 0.263672 0.191406 0.267578 0.208984 0.289062 0.205078 0.312500 0.179688 0.330078
0 0.082031 0.123047 0.058594 0.119141 0.025391 0.089844 0.021484 0.070312 0.042969 0.044922 0.093750 0.041016 0.107422 0.050781 0.107422 0.058594 0.119141 0.070312 0.107422 0.085938 0.103516 0.113281 0.082031 0.123047
0 0.269531 0.212891 0.234375 0.201172 0.216797 0.175781 0.216797 0.132812 0.234375 0.111328 0.250000 0.103516 0.292969 0.107422 0.330078 0.148438 0.330078 0.179688 0.322266 0.195312 0.312500 0.205078 0.269531 0.212891
0 0.828125 0.962891 0.781250 0.958984 0.759766 0.945312 0.755859 0.910156 0.769531 0.880859 0.804688 0.869141 0.830078 0.886719 0.841797 0.910156 0.841797 0.949219 0.828125 0.962891
0 0.425781 0.634766 0.412109 0.628906 0.417969 0.615234 0.431641 0.621094 0.425781 0.634766
0 0.925781 0.244141 0.910156 0.240234 0.896484 0.226562 0.896484 0.191406 0.925781 0.169922 0.933594 0.169922 0.945312 0.173828 0.958984 0.191406 0.958984 0.210938 0.949219 0.228516 0.925781 0.244141
0 0.605469 0.185547 0.591797 0.179688 0.591797 0.164062 0.568359 0.140625 0.568359 0.125000 0.589844 0.107422 0.613281 0.103516 0.642578 0.121094 0.642578 0.148438 0.634766 0.164062 0.605469 0.185547
0 0.832031 0.771484 0.789062 0.771484 0.763672 0.750000 0.763672 0.730469 0.785156 0.705078 0.824219 0.701172 0.833984 0.710938 0.841797 0.730469 0.841797 0.757812 0.832031 0.771484
0 0.000000 0.744141 0.005859 0.750000 0.005859 0.785156 0.000000 0.794922
0 0.542969 0.294922 0.519531 0.294922 0.490234 0.273438 0.482422 0.242188 0.470703 0.226562 0.496094 0.201172 0.546875 0.208984 0.576172 0.246094 0.568359 0.277344 0.542969 0.294922
0 0.980469 0.548828 0.945312 0.544922 0.931641 0.531250 0.931641 0.500000 0.937500 0.494141 0.953125 0.494141 0.966797 0.507812 0.966797 0.515625 0.986328 0.535156 0.980469 0.548828
0 0.441406 0.287109 0.425781 0.283203 0.404297 0.257812 0.408203 0.242188 0.425781 0.228516 0.445312 0.232422 0.466797 0.261719 0.441406 0.287109
0 0.816406 0.451172 0.792969 0.447266 0.783203 0.437500 0.783203 0.410156 0.808594 0.392578 0.832031 0.396484 0.841797 0.414062 0.841797 0.433594 0.816406 0.451172
0 0.066406 0.900391 0.054688 0.900391 0.035156 0.888672 0.021484 0.867188 0.027344 0.849609 0.042969 0.861328 0.060547 0.855469 0.044922 0.839844 0.050781 0.822266 0.058594 0.822266 0.083984 0.855469 0.083984 0.886719 0.066406 0.900391
0 0.363281 0.357422 0.332031 0.349609 0.310547 0.328125 0.310547 0.296875 0.332031 0.275391 0.375000 0.279297 0.400391 0.304688 0.396484 0.335938 0.378906 0.353516 0.363281 0.357422
0 0.460938 0.404297 0.425781 0.400391 0.404297 0.386719 0.400391 0.359375 0.425781 0.326172 0.464844 0.326172 0.490234 0.343750 0.494141 0.371094 0.484375 0.388672 0.460938 0.404297
0 0.519531 0.123047 0.488281 0.115234 0.470703 0.093750 0.470703 0.066406 0.488281 0.048828 0.515625 0.044922 0.531250 0.052734 0.552734 0.078125 0.552734 0.105469 0.542969 0.115234 0.519531 0.123047
0 0.949219 0.724609 0.906250 0.720703 0.892578 0.707031 0.892578 0.675781 0.906250 0.654297 0.925781 0.646484 0.953125 0.646484 0.978516 0.667969 0.974609 0.699219 0.949219 0.724609
0 0.726562 0.056641 0.712891 0.050781 0.718750 0.037109 0.732422 0.042969 0.726562 0.056641
0 0.601562 0.552734 0.574219 0.552734 0.556641 0.535156 0.564453 0.519531 0.560547 0.492188 0.585938 0.474609 0.605469 0.478516 0.626953 0.503906 0.623047 0.531250 0.601562 0.552734
0 0.195312 0.673828 0.144531 0.673828 0.134766 0.664062 0.130859 0.648438 0.156250 0.634766 0.167969 0.634766 0.179688 0.623047 0.191406 0.623047 0.205078 0.652344 0.205078 0.664062 0.195312 0.673828
0 0.152344 0.150391 0.140625 0.150391 0.121094 0.138672 0.103516 0.117188 0.111328 0.078125 0.144531 0.056641 0.175781 0.064453 0.185547 0.082031 0.173828 0.117188 0.173828 0.136719 0.152344 0.150391
0 0.695312 0.595703 0.681641 0.589844 0.687500 0.576172 0.701172 0.582031 0.695312 0.595703
0 0.839844 0.150391 0.820312 0.150391 0.791016 0.132812 0.810547 0.109375 0.814453 0.074219 0.820312 0.068359 0.859375 0.072266 0.880859 0.093750 0.880859 0.113281 0.873047 0.128906 0.839844 0.150391
0 0.308594 0.787109 0.285156 0.783203 0.267578 0.761719 0.271484 0.734375 0.300781 0.712891 0.332031 0.720703 0.345703 0.742188 0.341797 0.761719 0.308594 0.787109
0 0.748047 0.996094 0.757812 0.978516 0.800781 0.982422 0.806641 0.996094
0 0.878906 0.365234 0.847656 0.361328 0.822266 0.339844 0.818359 0.316406 0.835938 0.291016 0.878906 0.287109 0.892578 0.296875 0.892578 0.324219 0.884766 0.332031 0.888672 0.355469 0.878906 0.365234
0 0.386719 0.904297 0.363281 0.900391 0.349609 0.882812 0.353516 0.843750 0.371094 0.826172 0.378906 0.826172 0.396484 0.843750 0.408203 0.867188 0.400391 0.894531 0.386719 0.904297
0 0.179688 0.056641 0.166016 0.050781 0.171875 0.037109 0.185547 0.042969 0.179688 0.056641
0 0.695312 0.501953 0.667969 0.501953 0.650391 0.484375 0.650391 0.464844 0.660156 0.443359 0.691406 0.435547 0.701172 0.445312 0.705078 0.492188 0.695312 0.501953
0 0.707031 0.271484 0.683594 0.271484 0.666016 0.250000 0.658203 0.226562 0.666016 0.207031 0.687500 0.189453 0.714844 0.193359 0.740234 0.214844 0.740234 0.230469 0.728516 0.253906 0.707031 0.271484
0 0.419922 0.000000 0.419922 0.035156 0.402344 0.048828 0.375000 0.056641 0.351562 0.052734 0.333984 0.039062 0.326172 0.023438 0.326172 0.000000
0 0.062500 0.310547 0.044922 0.304688 0.044922 0.289062 0.054688 0.279297 0.072266 0.285156 0.072266 0.300781 0.062500 0.310547
0 0.429688 0.181641 0.398438 0.173828 0.373047 0.144531 0.376953 0.117188 0.398438 0.099609 0.425781 0.099609 0.447266 0.125000 0.451172 0.167969 0.429688 0.181641
0 0.746094 0.384766 0.726562 0.380859 0.701172 0.355469 0.705078 0.332031 0.726562 0.310547 0.757812 0.310547 0.771484 0.320312 0.775391 0.359375 0.761719 0.376953 0.746094 0.384766
0 0.179688 0.462891 0.156250 0.458984 0.142578 0.445312 0.138672 0.425781 0.160156 0.396484 0.183594 0.388672 0.212891 0.410156 0.216797 0.433594 0.199219 0.455078 0.179688 0.462891
0 0.095703 0.000000 0.085938 0.021484 0.054688 0.017578 0.041016 0.000000
0 0.818359 0.000000 0.818359 0.011719 0.800781 0.029297 0.769531 0.029297 0.751953 0.011719 0.751953 0.000000
0 0.347656 0.451172 0.333984 0.445312 0.339844 0.431641 0.353516 0.437500 0.347656 0.451172
0 0.599609 0.996094 0.599609 0.960938 0.617188 0.943359 0.640625 0.943359 0.662109 0.960938 0.662109 0.988281 0.654297 0.996094
0 0.824219 0.533203 0.796875 0.533203 0.775391 0.515625 0.779297 0.484375 0.796875 0.462891 0.812500 0.455078 0.835938 0.455078 0.843750 0.462891 0.855469 0.462891 0.865234 0.480469 0.861328 0.503906 0.824219 0.533203
0 0.058594 0.427734 0.039062 0.423828 0.025391 0.402344 0.046875 0.373047 0.062500 0.373047 0.068359 0.359375 0.062500 0.353516 0.027344 0.349609 0.021484 0.343750 0.021484 0.328125 0.042969 0.306641 0.062500 0.310547 0.078125 0.302734 0.099609 0.320312 0.107422 0.335938 0.115234 0.382812 0.093750 0.412109 0.058594 0.427734
0 0.068359 0.996094 0.072266 0.960938 0.089844 0.951172 0.113281 0.951172 0.128906 0.958984 0.142578 0.980469 0.138672 0.996094
0 0.996094 0.380859 0.980469 0.404297 0.953125 0.408203 0.939453 0.394531 0.927734 0.367188 0.927734 0.351562 0.935547 0.339844 0.960938 0.318359 0.976562 0.318359 0.996094 0.333984
0 0.462891 0.996094 0.462891 0.953125 0.470703 0.933594 0.519531 0.904297 0.550781 0.908203 0.583984 0.933594 0.587891 0.957031 0.572266 0.996094
0 0.062500 0.693359 0.031250 0.693359 0.017578 0.671875 0.025391 0.648438 0.046875 0.634766 0.074219 0.634766 0.083984 0.644531 0.083984 0.671875 0.062500 0.693359
0 0.449219 0.740234 0.429688 0.736328 0.412109 0.722656 0.408203 0.695312 0.425781 0.673828 0.457031 0.666016 0.482422 0.679688 0.490234 0.707031 0.476562 0.728516 0.449219 0.740234
0 0.960938 0.580078 0.929688 0.580078 0.896484 0.554688 0.896484 0.527344 0.906250 0.505859 0.917969 0.505859 0.927734 0.515625 0.931641 0.531250 0.945312 0.544922 0.960938 0.544922 0.970703 0.554688 0.970703 0.566406 0.960938 0.580078
0 0.210938 0.771484 0.179688 0.767578 0.166016 0.753906 0.162109 0.734375 0.195312 0.705078 0.222656 0.701172 0.228516 0.707031 0.232422 0.738281 0.228516 0.753906 0.210938 0.771484
0 0.812500 0.666016 0.777344 0.666016 0.767578 0.652344 0.767578 0.609375 0.781250 0.591797 0.808594 0.591797 0.833984 0.609375 0.837891 0.636719 0.812500 0.666016
0 0.058594 0.279297 0.027344 0.267578 0.017578 0.257812 0.021484 0.230469 0.046875 0.208984 0.066406 0.208984 0.087891 0.230469 0.083984 0.257812 0.058594 0.279297
0 0.320312 0.451172 0.306641 0.445312 0.312500 0.431641 0.326172 0.437500 0.320312 0.451172
0 0.648438 0.744141 0.625000 0.744141 0.615234 0.734375 0.615234 0.707031 0.623047 0.691406 0.648438 0.669922 0.687500 0.677734 0.705078 0.699219 0.705078 0.726562 0.699219 0.732422 0.671875 0.732422 0.648438 0.744141
0 0.378906 0.666016 0.359375 0.662109 0.337891 0.640625 0.341797 0.609375 0.363281 0.595703 0.398438 0.599609 0.412109 0.621094 0.404297 0.644531 0.378906 0.666016
0 0.519531 0.591797 0.496094 0.587891 0.474609 0.558594 0.482422 0.531250 0.500000 0.517578 0.531250 0.521484 0.541016 0.539062 0.544922 0.570312 0.535156 0.583984 0.519531 0.591797
0 0.332031 0.537109 0.308594 0.533203 0.287109 0.511719 0.279297 0.496094 0.279297 0.472656 0.292969 0.455078 0.355469 0.447266 0.369141 0.464844 0.373047 0.500000 0.351562 0.529297 0.332031 0.537109
0 0.910156 0.638672 0.894531 0.638672 0.882812 0.630859 0.865234 0.593750 0.865234 0.566406 0.882812 0.544922 0.890625 0.544922 0.929688 0.580078 0.947266 0.582031 0.947266 0.613281 0.910156 0.638672
0 0.527344 0.205078 0.513672 0.199219 0.519531 0.185547 0.533203 0.191406 0.527344 0.205078
0 0.285156 0.873047 0.257812 0.873047 0.240234 0.855469 0.236328 0.828125 0.250000 0.814453 0.277344 0.814453 0.298828 0.832031 0.302734 0.851562 0.285156 0.873047
0 0.691406 0.103516 0.652344 0.099609 0.634766 0.074219 0.638672 0.050781 0.660156 0.033203 0.699219 0.033203 0.716797 0.054688 0.708984 0.089844 0.691406 0.103516
0 0.558594 0.212891 0.544922 0.207031 0.550781 0.193359 0.564453 0.199219 0.558594 0.212891
0 0.632812 0.916016 0.593750 0.904297 0.560547 0.871094 0.564453 0.835938 0.601562 0.806641 0.636719 0.806641 0.662109 0.824219 0.658203 0.859375 0.638672 0.875000 0.630859 0.894531 0.632812 0.916016
0 0.337891 0.996094 0.322266 0.976562 0.332031 0.958984 0.347656 0.958984 0.357422 0.968750 0.357422 0.996094
0 0.484375 0.865234 0.455078 0.843750 0.447266 0.812500 0.472656 0.771484 0.507812 0.767578 0.537109 0.792969 0.537109 0.835938 0.523438 0.853516 0.484375 0.865234
0 0.089844 0.775391 0.054688 0.767578 0.044922 0.757812 0.041016 0.726562 0.062500 0.708984 0.085938 0.701172 0.113281 0.701172 0.119141 0.707031 0.111328 0.722656 0.115234 0.753906 0.105469 0.767578 0.089844 0.775391
0 0.683594 0.943359 0.667969 0.943359 0.648438 0.931641 0.630859 0.910156 0.638672 0.875000 0.667969 0.853516 0.679688 0.853516 0.695312 0.865234 0.716797 0.890625 0.716797 0.917969 0.683594 0.943359
0 0.000000 0.537109 0.035156 0.509766 0.089844 0.505859 0.109375 0.517578 0.126953 0.542969 0.123047 0.578125 0.097656 0.599609 0.074219 0.595703 0.062500 0.611328 0.042969 0.615234 0.019531 0.615234 0.000000 0.603516
