0 0.043750 0.974609 0.028125 0.970703 0.010937 0.953125 0.007812 0.941406 0.015625 0.927734 0.040625 0.923828 0.051562 0.937500 0.054688 0.960938 0.043750 0.974609
0 0.000000 0.732422 0.007812 0.738281 0.007812 0.765625 0.000000 0.771484
0 0.475000 0.826172 0.443750 0.826172 0.429688 0.808594 0.426563 0.761719 0.431250 0.755859 0.453125 0.759766 0.462500 0.740234 0.475000 0.740234 0.485938 0.753906 0.495312 0.789062 0.475000 0.826172
0 0.331250 0.701172 0.318750 0.701172 0.310937 0.691406 0.310937 0.679688 0.298438 0.660156 0.303125 0.642578 0.325000 0.642578 0.332813 0.652344 0.335938 0.695312 0.331250 0.701172
0 0.537500 0.744141 0.512500 0.736328 0.492188 0.710938 0.485938 0.656250 0.489063 0.644531 0.500000 0.634766 0.525000 0.642578 0.557813 0.695312 0.554688 0.722656 0.537500 0.744141
0 0.485938 0.996094 0.479687 0.976562 0.479687 0.941406 0.485938 0.921875 0.503125 0.904297 0.510938 0.910156 0.514062 0.996094
0 0.250000 0.986328 0.240625 0.986328 0.229687 0.972656 0.234375 0.955078 0.246875 0.955078 0.254688 0.964844 0.254688 0.980469 0.250000 0.986328
0 0.093750 0.857422 0.081250 0.857422 0.076563 0.851562 0.076563 0.816406 0.081250 0.810547 0.093750 0.810547 0.104688 0.820312 0.107813 0.851562 0.093750 0.857422
0 0.375000 0.435547 0.359375 0.435547 0.342187 0.410156 0.342187 0.355469 0.350000 0.333984 0.368750 0.333984 0.376563 0.343750 0.382812 0.367188 0.379688 0.429688 0.375000 0.435547
0 0.000000 0.787109 0.017188 0.804688 0.023438 0.828125 0.023438 0.847656 0.018750 0.853516 0.000000 0.849609
0 0.926562 0.996094 0.910937 0.968750 0.910937 0.960938 0.925000 0.943359 0.943750 0.947266 0.957812 0.964844 0.970313 0.996094
0 0.121875 0.943359 0.114062 0.933594 0.114062 0.917969 0.118750 0.908203 0.134375 0.908203 0.139063 0.921875 0.121875 0.943359
0 0.196875 0.935547 0.181250 0.935547 0.151562 0.898438 0.151562 0.871094 0.156250 0.865234 0.175000 0.865234 0.201563 0.898438 0.201563 0.929688 0.196875 0.935547
0 0.189062 0.000000 0.192188 0.019531 0.178125 0.025391 0.173437 0.007812 0.179688 0.000000
0 0.740625 0.712891 0.693750 0.705078 0.667188 0.675781 0.670312 0.652344 0.681250 0.642578 0.690625 0.642578 0.721875 0.662109 0.751563 0.695312 0.751563 0.703125 0.740625 0.712891
0 0.053125 0.072266 0.039062 0.062500 0.035937 0.046875 0.053125 0.021484 0.068750 0.013672 0.085938 0.031250 0.085938 0.039062 0.078125 0.052734 0.053125 0.072266
0 0.906250 0.904297 0.881250 0.892578 0.867188 0.871094 0.867188 0.863281 0.875000 0.857422 0.893750 0.869141 0.910937 0.890625 0.906250 0.904297
0 0.604688 0.996094 0.604688 0.980469 0.598437 0.968750 0.598437 0.917969 0.609375 0.904297 0.618750 0.908203 0.629687 0.925781 0.629687 0.953125 0.635938 0.964844 0.639062 0.996094
0 0.159375 0.986328 0.131250 0.986328 0.117188 0.964844 0.117188 0.945312 0.131250 0.935547 0.150000 0.935547 0.157812 0.945312 0.157812 0.968750 0.164062 0.976562 0.159375 0.986328
0 0.853125 0.802734 0.800000 0.794922 0.792188 0.785156 0.792188 0.765625 0.812500 0.751953 0.825000 0.751953 0.857812 0.792969 0.853125 0.802734
0 0.131250 0.908203 0.112500 0.908203 0.095312 0.890625 0.089063 0.863281 0.096875 0.853516 0.115625 0.853516 0.120313 0.859375 0.120313 0.871094 0.135937 0.890625 0.131250 0.908203
0 0.400000 0.556641 0.389062 0.546875 0.382812 0.527344 0.382812 0.476562 0.396875 0.458984 0.410938 0.468750 0.426563 0.500000 0.426563 0.527344 0.420312 0.542969 0.400000 0.556641
0 0.000000 0.525391 0.009375 0.525391 0.032813 0.558594 0.039062 0.574219 0.039062 0.605469 0.025000 0.619141 0.000000 0.599609
0 0.468750 0.486328 0.453125 0.486328 0.445312 0.476562 0.442188 0.445312 0.446875 0.439453 0.462500 0.439453 0.476562 0.453125 0.473438 0.480469 0.468750 0.486328
0 0.150000 0.845703 0.134375 0.845703 0.110937 0.816406 0.107813 0.773438 0.112500 0.767578 0.140625 0.767578 0.160938 0.789062 0.164062 0.824219 0.150000 0.845703
0 0.996875 0.962891 0.964063 0.921875 0.968750 0.908203 0.996875 0.912109
0 0.396875 0.962891 0.378125 0.962891 0.365625 0.955078 0.345313 0.929688 0.342187 0.882812 0.350000 0.873047 0.375000 0.873047 0.392188 0.890625 0.404687 0.925781 0.404687 0.949219 0.396875 0.962891
0 0.353125 0.650391 0.331250 0.650391 0.323437 0.640625 0.326562 0.632812 0.317188 0.578125 0.328125 0.568359 0.337500 0.572266 0.351562 0.597656 0.357812 0.625000 0.357812 0.644531 0.353125 0.650391
0 0.912500 0.818359 0.893750 0.818359 0.878125 0.810547 0.867188 0.796875 0.867188 0.781250 0.878125 0.771484 0.906250 0.779297 0.917188 0.792969 0.917188 0.812500 0.912500 0.818359
0 0.137500 0.767578 0.110937 0.765625 0.107813 0.726562 0.115625 0.712891 0.132812 0.722656 0.142187 0.753906 0.137500 0.767578
0 0.428125 0.458984 0.412500 0.458984 0.398438 0.441406 0.398438 0.398438 0.412500 0.376953 0.425000 0.380859 0.435937 0.406250 0.435937 0.437500 0.428125 0.458984
0 0.068750 0.650391 0.059375 0.650391 0.048438 0.632812 0.048438 0.546875 0.053125 0.541016 0.081250 0.552734 0.089063 0.574219 0.089063 0.605469 0.082812 0.632812 0.068750 0.650391
0 0.418750 0.951172 0.404687 0.945312 0.401562 0.910156 0.385937 0.882812 0.390625 0.873047 0.412500 0.876953 0.426563 0.898438 0.429688 0.941406 0.418750 0.951172
0 0.484375 0.927734 0.471875 0.927734 0.464062 0.902344 0.464062 0.859375 0.471875 0.841797 0.485938 0.847656 0.507812 0.890625 0.507812 0.898438 0.484375 0.927734
0 0.371875 0.833984 0.346875 0.826172 0.326562 0.789062 0.326562 0.742188 0.343750 0.724609 0.365625 0.736328 0.395313 0.773438 0.395313 0.804688 0.371875 0.833984
0 0.956250 0.912109 0.934375 0.900391 0.923438 0.886719 0.917188 0.871094 0.921875 0.857422 0.934375 0.857422 0.957812 0.882812 0.960938 0.906250 0.956250 0.912109
0 0.996875 0.892578 0.985938 0.851562 0.985938 0.839844 0.996875 0.822266
