0 0.090625 0.556641 0.065625 0.556641 0.045312 0.539062 0.048438 0.511719 0.059375 0.498047 0.087500 0.498047 0.101562 0.519531 0.104688 0.539062 0.090625 0.556641
0 0.246875 0.431641 0.228125 0.431641 0.223438 0.425781 0.210938 0.410156 0.210938 0.386719 0.234375 0.357422 0.262500 0.357422 0.276562 0.371094 0.279687 0.394531 0.259375 0.423828 0.246875 0.431641
0 0.798438 0.996094 0.812500 0.978516 0.834375 0.978516 0.842187 0.996094
0 0.256250 0.755859 0.245312 0.750000 0.245312 0.734375 0.254688 0.707031 0.292187 0.664062 0.295312 0.652344 0.331250 0.607422 0.346875 0.599609 0.368750 0.572266 0.375000 0.572266 0.379688 0.578125 0.379688 0.601562 0.360938 0.640625 0.323437 0.679688 0.312500 0.708984 0.256250 0.755859
0 0.275000 0.654297 0.256250 0.654297 0.248438 0.644531 0.248438 0.625000 0.257812 0.597656 0.276562 0.562500 0.300000 0.533203 0.318750 0.521484 0.331250 0.521484 0.335938 0.527344 0.335938 0.550781 0.320312 0.589844 0.295312 0.632812 0.275000 0.654297
0 0.490625 0.509766 0.481250 0.509766 0.476562 0.496094 0.479687 0.480469 0.496875 0.451172 0.534375 0.451172 0.545312 0.460938 0.545312 0.480469 0.537500 0.490234 0.490625 0.509766
0 0.096875 0.634766 0.059375 0.630859 0.042188 0.593750 0.042188 0.578125 0.065625 0.564453 0.112500 0.568359 0.120313 0.578125 0.120313 0.597656 0.107813 0.625000 0.096875 0.634766
0 0.237500 0.228516 0.200000 0.228516 0.192188 0.214844 0.209375 0.197266 0.237500 0.189453 0.268750 0.189453 0.276562 0.199219 0.268750 0.216797 0.237500 0.228516
0 0.890625 0.087891 0.879687 0.082031 0.879687 0.050781 0.893750 0.033203 0.909375 0.029297 0.934375 0.009766 0.946875 0.009766 0.954688 0.019531 0.954688 0.039062 0.943750 0.052734 0.931250 0.052734 0.912500 0.064453 0.890625 0.087891
0 0.000000 0.294922 0.023438 0.269531 0.043750 0.232422 0.068750 0.244141 0.085938 0.265625 0.082812 0.308594 0.062500 0.337891 0.000000 0.353516
0 0.071875 0.076172 0.056250 0.076172 0.048438 0.066406 0.051562 0.042969 0.062500 0.029297 0.081250 0.029297 0.089063 0.039062 0.085938 0.062500 0.071875 0.076172
0 0.690625 0.826172 0.678125 0.822266 0.648438 0.777344 0.648438 0.742188 0.659375 0.732422 0.696875 0.728516 0.710938 0.750000 0.707812 0.800781 0.690625 0.826172
0 0.996875 0.853516 0.943750 0.861328 0.935937 0.851562 0.939063 0.824219 0.971875 0.779297 0.996875 0.783203
