0 0.112500 0.103516 0.096875 0.103516 0.065625 0.083984 0.056250 0.083984 0.045312 0.066406 0.053125 0.056641 0.090625 0.060547 0.117188 0.085938 0.112500 0.103516
0 0.865625 0.466797 0.843750 0.466797 0.823438 0.453125 0.814063 0.417969 0.825000 0.400391 0.850000 0.412109 0.873437 0.433594 0.876563 0.453125 0.865625 0.466797
0 0.665625 0.541016 0.593750 0.533203 0.579688 0.515625 0.579688 0.507812 0.637500 0.482422 0.678125 0.482422 0.685937 0.492188 0.685937 0.527344 0.678125 0.537109 0.665625 0.541016
0 0.950000 0.380859 0.904687 0.378906 0.904687 0.367188 0.917188 0.351562 0.920312 0.308594 0.943750 0.294922 0.956250 0.298828 0.973437 0.324219 0.973437 0.343750 0.950000 0.380859
0 0.000000 0.791016 0.014063 0.804688 0.014063 0.832031 0.000000 0.845703
0 0.096875 0.208984 0.087500 0.208984 0.076563 0.199219 0.067187 0.175781 0.062500 0.134766 0.103125 0.130859 0.120313 0.160156 0.107813 0.199219 0.096875 0.208984
0 0.000000 0.013672 0.020313 0.031250 0.015625 0.044922 0.000000 0.044922
0 0.453125 0.248047 0.432812 0.226562 0.426563 0.207031 0.426563 0.183594 0.434375 0.173828 0.450000 0.173828 0.498437 0.226562 0.493750 0.240234 0.462500 0.240234 0.453125 0.248047
0 0.725000 0.181641 0.693750 0.177734 0.689063 0.171875 0.700000 0.162109 0.728125 0.162109 0.729688 0.175781 0.725000 0.181641
0 0.471875 0.990234 0.440625 0.982422 0.418750 0.966797 0.404687 0.945312 0.404687 0.921875 0.412500 0.912109 0.459375 0.912109 0.500000 0.939453 0.504687 0.945312 0.507812 0.976562 0.496875 0.986328 0.471875 0.990234
0 0.531250 0.525391 0.468750 0.525391 0.464062 0.507812 0.481250 0.486328 0.534375 0.470703 0.553125 0.470703 0.567187 0.484375 0.567187 0.492188 0.556250 0.509766 0.531250 0.525391
0 0.412500 0.271484 0.398438 0.257812 0.378125 0.220703 0.360938 0.210938 0.365625 0.193359 0.384375 0.189453 0.395313 0.203125 0.417187 0.250000 0.417187 0.265625 0.412500 0.271484
0 0.215625 0.654297 0.196875 0.654297 0.162500 0.638672 0.151562 0.625000 0.148438 0.601562 0.123438 0.578125 0.128125 0.572266 0.193750 0.576172 0.229687 0.621094 0.229687 0.640625 0.215625 0.654297
0 0.828125 0.322266 0.820312 0.316406 0.820312 0.296875 0.832812 0.285156 0.835938 0.269531 0.846875 0.255859 0.890625 0.255859 0.898438 0.265625 0.901563 0.285156 0.893750 0.302734 0.846875 0.306641 0.828125 0.322266
0 0.181250 0.755859 0.168750 0.755859 0.150000 0.720703 0.137500 0.720703 0.096875 0.701172 0.082812 0.683594 0.082812 0.671875 0.092188 0.656250 0.103125 0.646484 0.125000 0.677734 0.134375 0.681641 0.146875 0.677734 0.165625 0.658203 0.203125 0.689453 0.210938 0.699219 0.207813 0.734375 0.196875 0.751953 0.181250 0.755859
0 0.312500 0.111328 0.271875 0.087891 0.242188 0.054688 0.242188 0.046875 0.246875 0.041016 0.265625 0.044922 0.281250 0.060547 0.318750 0.080078 0.326562 0.093750 0.312500 0.111328
0 0.412500 0.455078 0.401562 0.445312 0.401562 0.421875 0.404687 0.406250 0.418750 0.396484 0.435937 0.410156 0.435937 0.429688 0.421875 0.451172 0.412500 0.455078
0 0.348438 0.996094 0.350000 0.978516 0.365625 0.974609 0.418750 0.974609 0.460938 0.996094
0 0.000000 0.134766 0.017188 0.152344 0.026562 0.171875 0.018750 0.189453 0.000000 0.185547
0 0.340625 0.423828 0.318750 0.423828 0.292187 0.394531 0.285938 0.355469 0.293750 0.341797 0.337500 0.337891 0.350000 0.345703 0.360938 0.375000 0.382812 0.398438 0.382812 0.410156 0.375000 0.419922 0.353125 0.416016 0.340625 0.423828
0 0.000000 0.123047 0.028125 0.138672 0.040625 0.138672 0.051562 0.148438 0.060937 0.183594 0.046875 0.205078 0.020313 0.187500 0.026562 0.171875 0.017188 0.152344 0.000000 0.134766
0 0.487500 0.486328 0.459375 0.486328 0.451562 0.476562 0.451562 0.457031 0.475000 0.431641 0.503125 0.416016 0.540625 0.416016 0.554688 0.425781 0.554688 0.437500 0.515625 0.478516 0.487500 0.486328
0 0.315625 0.837891 0.293750 0.833984 0.289062 0.828125 0.289062 0.792969 0.309375 0.767578 0.315625 0.767578 0.317188 0.777344 0.337500 0.794922 0.351562 0.816406 0.351562 0.824219 0.340625 0.833984 0.315625 0.837891
0 0.228125 0.943359 0.198437 0.929688 0.198437 0.914062 0.218750 0.888672 0.240625 0.884766 0.250000 0.876953 0.287500 0.876953 0.300000 0.884766 0.328125 0.888672 0.335938 0.898438 0.332813 0.921875 0.312500 0.927734 0.303125 0.939453 0.228125 0.943359
0 0.471875 0.353516 0.462500 0.353516 0.454688 0.335938 0.454688 0.246094 0.462500 0.240234 0.493750 0.240234 0.498437 0.246094 0.495312 0.304688 0.471875 0.353516
0 0.000000 0.724609 0.009375 0.724609 0.014063 0.742188 0.025000 0.755859 0.050000 0.771484 0.065625 0.794922 0.079687 0.804688 0.079687 0.835938 0.071875 0.845703 0.059375 0.845703 0.050000 0.833984 0.028125 0.822266 0.000000 0.787109
0 0.675000 0.341797 0.643750 0.341797 0.628125 0.330078 0.600000 0.326172 0.595313 0.316406 0.604688 0.304688 0.604688 0.285156 0.621875 0.271484 0.656250 0.275391 0.670312 0.289062 0.679688 0.308594 0.682813 0.324219 0.675000 0.341797
0 0.518750 0.841797 0.507812 0.832031 0.498437 0.812500 0.498437 0.800781 0.492188 0.792969 0.492188 0.765625 0.471875 0.751953 0.460938 0.738281 0.459375 0.724609 0.475000 0.720703 0.490625 0.728516 0.517188 0.769531 0.535937 0.812500 0.535937 0.828125 0.518750 0.841797
0 0.481250 0.677734 0.434375 0.669922 0.421875 0.658203 0.384375 0.646484 0.376563 0.636719 0.360938 0.585938 0.379688 0.566406 0.387500 0.541016 0.400000 0.541016 0.407813 0.550781 0.404687 0.566406 0.395313 0.578125 0.400000 0.587891 0.437500 0.595703 0.439063 0.609375 0.446875 0.619141 0.453125 0.619141 0.485938 0.648438 0.485938 0.671875 0.481250 0.677734
0 0.996875 0.865234 0.981250 0.857422 0.932813 0.808594 0.932813 0.773438 0.940625 0.771484 0.956250 0.748047 0.968750 0.748047 0.985938 0.769531 0.992188 0.792969 0.996875 0.794922
0 0.000000 0.056641 0.015625 0.056641 0.035937 0.078125 0.031250 0.091797 0.000000 0.091797
0 0.100000 0.134766 0.031250 0.134766 0.010937 0.121094 0.010937 0.105469 0.034375 0.091797 0.081250 0.091797 0.110937 0.109375 0.110937 0.125000 0.100000 0.134766
0 0.337500 0.181641 0.309375 0.181641 0.304688 0.175781 0.304688 0.160156 0.282813 0.136719 0.279687 0.113281 0.284375 0.107422 0.293750 0.107422 0.309375 0.119141 0.342187 0.160156 0.342187 0.175781 0.337500 0.181641
0 0.056250 0.263672 0.045312 0.253906 0.045312 0.238281 0.050000 0.232422 0.060937 0.238281 0.060937 0.257812 0.056250 0.263672
0 0.631250 0.201172 0.621875 0.201172 0.604688 0.187500 0.604688 0.175781 0.589063 0.156250 0.589063 0.140625 0.593750 0.134766 0.615625 0.134766 0.639062 0.156250 0.642188 0.179688 0.631250 0.201172
0 0.478125 0.865234 0.453125 0.861328 0.426563 0.820312 0.429688 0.781250 0.453125 0.759766 0.465625 0.759766 0.479687 0.785156 0.485938 0.855469 0.478125 0.865234
0 0.137500 0.794922 0.125000 0.794922 0.117188 0.785156 0.107813 0.742188 0.115625 0.728516 0.134375 0.732422 0.143750 0.720703 0.150000 0.720703 0.160938 0.734375 0.160938 0.757812 0.154688 0.781250 0.137500 0.794922
0 0.565625 0.552734 0.515625 0.548828 0.504687 0.542969 0.504687 0.531250 0.509375 0.525391 0.531250 0.525391 0.553125 0.509766 0.575000 0.509766 0.595313 0.535156 0.565625 0.552734
0 0.600000 0.244141 0.578125 0.244141 0.573438 0.238281 0.576562 0.203125 0.587500 0.189453 0.609375 0.189453 0.623437 0.203125 0.623437 0.222656 0.600000 0.244141
0 0.590625 0.478516 0.559375 0.478516 0.554688 0.464844 0.565625 0.455078 0.603125 0.443359 0.643750 0.443359 0.648438 0.449219 0.648438 0.460938 0.631250 0.474609 0.590625 0.478516
0 0.625000 0.771484 0.559375 0.767578 0.540625 0.751953 0.531250 0.751953 0.526563 0.746094 0.526563 0.707031 0.531250 0.701172 0.565625 0.705078 0.600000 0.724609 0.621875 0.728516 0.632812 0.746094 0.632812 0.761719 0.625000 0.771484
0 0.696875 0.353516 0.685937 0.347656 0.685937 0.328125 0.670312 0.292969 0.675000 0.279297 0.696875 0.279297 0.726562 0.308594 0.723437 0.332031 0.712500 0.345703 0.696875 0.353516
0 0.543750 0.236328 0.521875 0.236328 0.493750 0.224609 0.492188 0.183594 0.500000 0.173828 0.521875 0.173828 0.534375 0.181641 0.548438 0.203125 0.551562 0.230469 0.543750 0.236328
0 0.265625 0.869141 0.200000 0.869141 0.192188 0.863281 0.189062 0.835938 0.196875 0.826172 0.215625 0.818359 0.275000 0.814453 0.287500 0.822266 0.293750 0.833984 0.317188 0.839844 0.315625 0.845703 0.281250 0.857422 0.265625 0.869141
0 0.662500 0.162109 0.634375 0.154297 0.617188 0.136719 0.617188 0.117188 0.643750 0.091797 0.656250 0.091797 0.692187 0.121094 0.685937 0.140625 0.662500 0.162109
0 0.418750 0.826172 0.350000 0.814453 0.337500 0.794922 0.317188 0.777344 0.317188 0.757812 0.337500 0.732422 0.415625 0.736328 0.423438 0.746094 0.432812 0.777344 0.426563 0.796875 0.429688 0.812500 0.418750 0.826172
0 0.603125 0.064453 0.592187 0.058594 0.573438 0.023438 0.578125 0.013672 0.584375 0.013672 0.607812 0.046875 0.603125 0.064453
0 0.565625 0.087891 0.545312 0.066406 0.532813 0.042969 0.537500 0.033203 0.550000 0.037109 0.559375 0.048828 0.568750 0.048828 0.576562 0.058594 0.579688 0.074219 0.565625 0.087891
0 0.671875 0.072266 0.637500 0.068359 0.623437 0.050781 0.623437 0.039062 0.628125 0.033203 0.650000 0.033203 0.675000 0.044922 0.682813 0.062500 0.671875 0.072266
0 0.965625 0.693359 0.915625 0.673828 0.904687 0.660156 0.904687 0.644531 0.921875 0.626953 0.946875 0.626953 0.976562 0.671875 0.976562 0.683594 0.965625 0.693359
0 0.265625 0.544922 0.257812 0.542969 0.248438 0.519531 0.248438 0.484375 0.253125 0.478516 0.281250 0.462891 0.290625 0.470703 0.321875 0.470703 0.335938 0.480469 0.335938 0.500000 0.325000 0.529297 0.309375 0.541016 0.287500 0.541016 0.268750 0.533203 0.265625 0.544922
0 0.257812 0.996094 0.268750 0.982422 0.300000 0.982422 0.332813 0.996094
0 0.790625 0.150391 0.779687 0.144531 0.779687 0.117188 0.796875 0.095703 0.804688 0.117188 0.801562 0.136719 0.790625 0.150391
0 0.771875 0.091797 0.750000 0.091797 0.745313 0.085938 0.745313 0.042969 0.765625 0.017578 0.785937 0.039062 0.792188 0.054688 0.792188 0.070312 0.771875 0.091797
0 0.640625 0.681641 0.606250 0.681641 0.598437 0.660156 0.584375 0.642578 0.553125 0.615234 0.512500 0.595703 0.510938 0.574219 0.531250 0.556641 0.593750 0.556641 0.610938 0.578125 0.610938 0.593750 0.637500 0.619141 0.660937 0.652344 0.660937 0.667969 0.640625 0.681641
0 0.418750 0.029297 0.406250 0.029297 0.395313 0.015625 0.395313 0.007812 0.400000 0.001953 0.425000 0.001953 0.429688 0.019531 0.418750 0.029297
0 0.400000 0.177734 0.384375 0.177734 0.356250 0.162109 0.332813 0.132812 0.332813 0.097656 0.337500 0.091797 0.359375 0.087891 0.373437 0.101562 0.404687 0.148438 0.407813 0.167969 0.400000 0.177734
0 0.721875 0.083984 0.715625 0.083984 0.707812 0.070312 0.704688 0.019531 0.721875 0.001953 0.737500 0.001953 0.742188 0.019531 0.735938 0.027344 0.735938 0.058594 0.721875 0.083984
0 0.906250 0.365234 0.892188 0.355469 0.892188 0.312500 0.903125 0.283203 0.909375 0.283203 0.920312 0.300781 0.917188 0.351562 0.906250 0.365234
0 0.228125 0.021484 0.212500 0.021484 0.207813 0.011719 0.212500 0.005859 0.228125 0.005859 0.232813 0.011719 0.228125 0.021484
0 0.546875 0.400391 0.518750 0.400391 0.510938 0.390625 0.514062 0.367188 0.543750 0.345703 0.568750 0.341797 0.573438 0.347656 0.573438 0.371094 0.559375 0.392578 0.546875 0.400391
0 0.490625 0.166016 0.481250 0.166016 0.462500 0.130859 0.431250 0.130859 0.418750 0.123047 0.410938 0.113281 0.410938 0.082031 0.425000 0.068359 0.490625 0.072266 0.493750 0.064453 0.506250 0.064453 0.509375 0.072266 0.525000 0.080078 0.535937 0.093750 0.535937 0.128906 0.525000 0.142578 0.496875 0.138672 0.490625 0.166016
0 0.496875 0.060547 0.462500 0.048828 0.454688 0.035156 0.465625 0.025391 0.493750 0.033203 0.501563 0.042969 0.496875 0.060547
0 0.596875 0.701172 0.562500 0.697266 0.515625 0.677734 0.490625 0.658203 0.481250 0.642578 0.446875 0.619141 0.439063 0.609375 0.439063 0.593750 0.456250 0.583984 0.478125 0.583984 0.553125 0.615234 0.598437 0.660156 0.604688 0.691406 0.596875 0.701172
0 0.346875 0.494141 0.335938 0.484375 0.332813 0.468750 0.321875 0.455078 0.309375 0.451172 0.292187 0.433594 0.296875 0.423828 0.328125 0.435547 0.340625 0.455078 0.350000 0.455078 0.360938 0.468750 0.346875 0.494141
0 0.000000 0.685547 0.012500 0.677734 0.046875 0.681641 0.070312 0.699219 0.070312 0.722656 0.037500 0.728516 0.006250 0.720703 0.000000 0.712891
0 0.000000 0.615234 0.015625 0.611328 0.023438 0.601562 0.023438 0.589844 0.031250 0.587891 0.048438 0.609375 0.067187 0.660156 0.065625 0.669922 0.000000 0.669922
0 0.237500 0.076172 0.193750 0.076172 0.151562 0.035156 0.151562 0.019531 0.165625 0.013672 0.218750 0.029297 0.245312 0.058594 0.237500 0.076172
0 0.778125 0.392578 0.759375 0.388672 0.742188 0.367188 0.732812 0.347656 0.729688 0.312500 0.735938 0.300781 0.735938 0.285156 0.762500 0.244141 0.790625 0.240234 0.820312 0.296875 0.823438 0.335938 0.810937 0.351562 0.804688 0.371094 0.793750 0.384766 0.778125 0.392578
0 0.565625 0.861328 0.550000 0.857422 0.539062 0.835938 0.542188 0.812500 0.550000 0.810547 0.553125 0.798828 0.565625 0.798828 0.579688 0.812500 0.579688 0.843750 0.565625 0.861328
0 0.375000 0.900391 0.337500 0.896484 0.328125 0.888672 0.278125 0.876953 0.276562 0.863281 0.309375 0.845703 0.371875 0.841797 0.387500 0.849609 0.392188 0.859375 0.392188 0.890625 0.375000 0.900391
0 0.953125 0.435547 0.934375 0.431641 0.912500 0.416016 0.901563 0.402344 0.904687 0.382812 0.950000 0.380859 0.970313 0.414062 0.953125 0.435547
0 0.000000 0.513672 0.010937 0.523438 0.000000 0.544922
0 0.996875 0.955078 0.990625 0.962891 0.978125 0.962891 0.937500 0.931641 0.914062 0.902344 0.904687 0.875000 0.904687 0.847656 0.912500 0.830078 0.946875 0.830078 0.965625 0.837891 0.981250 0.857422 0.996875 0.865234
0 0.137500 0.544922 0.115625 0.544922 0.090625 0.533203 0.076563 0.515625 0.076563 0.492188 0.084375 0.482422 0.125000 0.482422 0.137500 0.490234 0.154688 0.507812 0.148438 0.531250 0.137500 0.544922
0 0.700000 0.236328 0.675000 0.236328 0.662500 0.228516 0.654687 0.207031 0.675000 0.189453 0.700000 0.197266 0.714063 0.218750 0.700000 0.236328
0 0.020313 0.996094 0.043750 0.974609 0.059375 0.974609 0.067187 0.988281 0.064062 0.996094
0 0.140625 0.681641 0.125000 0.677734 0.101562 0.644531 0.089063 0.601562 0.089063 0.585938 0.093750 0.580078 0.118750 0.576172 0.148438 0.601562 0.151562 0.625000 0.160938 0.636719 0.160938 0.664062 0.140625 0.681641
0 0.743750 0.271484 0.737500 0.271484 0.726562 0.253906 0.732812 0.179688 0.723437 0.148438 0.723437 0.113281 0.737500 0.095703 0.760938 0.121094 0.764062 0.140625 0.760938 0.238281 0.757812 0.253906 0.743750 0.271484
0 0.996875 0.775391 0.990625 0.775391 0.968750 0.748047 0.943750 0.748047 0.925000 0.732422 0.917188 0.714844 0.925000 0.693359 0.959375 0.693359 0.981250 0.712891 0.993750 0.712891 0.996875 0.720703
0 0.275000 0.615234 0.237500 0.615234 0.218750 0.583984 0.203125 0.572266 0.193750 0.572266 0.182812 0.558594 0.179688 0.542969 0.187500 0.533203 0.231250 0.537109 0.268750 0.560547 0.289062 0.585938 0.285938 0.601562 0.275000 0.615234
0 0.603125 0.810547 0.581250 0.810547 0.578125 0.802734 0.534375 0.771484 0.532813 0.761719 0.603125 0.771484 0.610938 0.785156 0.610938 0.804688 0.603125 0.810547
0 0.898438 0.996094 0.898438 0.957031 0.915625 0.927734 0.940625 0.931641 0.946875 0.943359 0.970313 0.957031 0.967187 0.996094
0 0.651563 0.000000 0.654687 0.007812 0.643750 0.025391 0.621875 0.029297 0.610938 0.011719 0.623437 0.000000
0 0.518750 0.744141 0.500000 0.740234 0.475000 0.720703 0.456250 0.728516 0.440625 0.716797 0.409375 0.708984 0.398438 0.691406 0.398438 0.679688 0.410938 0.671875 0.409375 0.658203 0.421875 0.658203 0.434375 0.669922 0.465625 0.673828 0.509375 0.689453 0.526563 0.703125 0.526563 0.734375 0.518750 0.744141
0 0.215625 0.173828 0.196875 0.173828 0.146875 0.146484 0.139063 0.136719 0.132812 0.105469 0.143750 0.091797 0.156250 0.091797 0.159375 0.099609 0.209375 0.130859 0.226562 0.156250 0.226562 0.164062 0.215625 0.173828
0 0.109375 0.806641 0.087500 0.806641 0.065625 0.794922 0.050000 0.771484 0.043750 0.771484 0.014063 0.742188 0.010937 0.722656 0.021875 0.720703 0.037500 0.728516 0.093750 0.724609 0.114062 0.769531 0.114062 0.800781 0.109375 0.806641
0 0.037500 0.958984 0.021875 0.955078 0.014063 0.941406 0.010937 0.886719 0.015625 0.880859 0.031250 0.884766 0.051562 0.917969 0.048438 0.941406 0.037500 0.958984
0 0.381250 0.302734 0.356250 0.298828 0.331250 0.275391 0.328125 0.263672 0.315625 0.263672 0.309375 0.248047 0.290625 0.240234 0.276562 0.222656 0.276562 0.207031 0.281250 0.201172 0.306250 0.201172 0.337500 0.220703 0.378125 0.220703 0.398438 0.253906 0.398438 0.296875 0.381250 0.302734
0 0.690625 0.611328 0.681250 0.611328 0.625000 0.572266 0.607812 0.550781 0.607812 0.539062 0.678125 0.537109 0.679688 0.546875 0.707812 0.585938 0.707812 0.601562 0.690625 0.611328
0 0.792188 0.996094 0.792188 0.933594 0.800000 0.923828 0.818750 0.943359 0.840625 0.943359 0.856250 0.955078 0.867188 0.972656 0.867188 0.996094
0 0.400000 0.677734 0.337500 0.673828 0.329688 0.667969 0.329688 0.640625 0.334375 0.634766 0.378125 0.638672 0.407813 0.660156 0.410938 0.671875 0.400000 0.677734
0 0.231250 0.123047 0.187500 0.119141 0.171875 0.103516 0.159375 0.099609 0.156250 0.091797 0.137500 0.083984 0.126562 0.050781 0.107813 0.027344 0.107813 0.019531 0.131250 0.017578 0.193750 0.076172 0.240625 0.087891 0.248438 0.105469 0.237500 0.111328 0.231250 0.123047
0 0.226562 0.996094 0.209375 0.986328 0.204687 0.976562 0.204687 0.945312 0.212500 0.939453 0.303125 0.939453 0.309375 0.931641 0.325000 0.931641 0.337500 0.943359 0.346875 0.943359 0.354687 0.957031 0.350000 0.966797 0.321875 0.966797 0.300000 0.982422 0.268750 0.982422 0.262500 0.994141 0.251563 0.996094
0 0.165625 0.208984 0.131250 0.208984 0.123438 0.195312 0.123438 0.179688 0.137500 0.154297 0.150000 0.150391 0.179688 0.175781 0.182812 0.195312 0.165625 0.208984
0 0.828125 0.865234 0.818750 0.865234 0.810937 0.855469 0.810937 0.824219 0.831250 0.791016 0.843750 0.787109 0.854688 0.800781 0.857812 0.820312 0.851562 0.843750 0.828125 0.865234
0 0.296875 0.185547 0.284375 0.185547 0.262500 0.169922 0.251563 0.144531 0.256250 0.138672 0.268750 0.138672 0.284375 0.150391 0.301563 0.175781 0.296875 0.185547
0 0.334375 0.326172 0.318750 0.326172 0.278125 0.298828 0.256250 0.294922 0.237500 0.279297 0.225000 0.279297 0.214062 0.261719 0.214062 0.234375 0.253125 0.232422 0.281250 0.263672 0.331250 0.294922 0.335938 0.300781 0.334375 0.326172
