0 0.775862 0.877885 0.770115 0.877885 0.762213 0.869231 0.757902 0.857692 0.757902 0.848077 0.760776 0.838462 0.770115 0.827885 0.785920 0.824038 0.793822 0.830769 0.795259 0.842308 0.786638 0.863462 0.775862 0.877885
0 0.775862 0.483654 0.760057 0.481731 0.742098 0.471154 0.742098 0.461538 0.750718 0.448077 0.750718 0.436538 0.757184 0.429808 0.762931 0.429808 0.775862 0.443269 0.785920 0.445192 0.792385 0.455769 0.792385 0.473077 0.787356 0.479808 0.775862 0.483654
0 0.250000 0.145192 0.232759 0.145192 0.208333 0.131731 0.196121 0.113462 0.196121 0.096154 0.205460 0.085577 0.221264 0.083654 0.248563 0.097115 0.253592 0.105769 0.253592 0.111538 0.260776 0.119231 0.263649 0.128846 0.263649 0.136538 0.261494 0.139423 0.250000 0.145192
0 0.876437 0.664423 0.869253 0.662500 0.862787 0.651923 0.864224 0.626923 0.869253 0.618269 0.877874 0.612500 0.889368 0.608654 0.896552 0.610577 0.903017 0.617308 0.900144 0.644231 0.890805 0.660577 0.876437 0.664423
0 0.362069 0.210577 0.352011 0.210577 0.341954 0.204808 0.336925 0.196154 0.338362 0.180769 0.346264 0.172115 0.362069 0.166346 0.372126 0.166346 0.379310 0.170192 0.385776 0.178846 0.384339 0.192308 0.370690 0.206731 0.362069 0.210577
0 0.951149 0.854808 0.939655 0.854808 0.931034 0.850962 0.900144 0.815385 0.901580 0.790385 0.904454 0.780769 0.909483 0.774038 0.920977 0.777885 0.929598 0.785577 0.936782 0.785577 0.956178 0.813462 0.961925 0.830769 0.961925 0.840385 0.951149 0.854808
0 0.350575 0.545192 0.344828 0.545192 0.338362 0.538462 0.329741 0.507692 0.331178 0.486538 0.335489 0.475000 0.343391 0.468269 0.350575 0.470192 0.355603 0.476923 0.361351 0.488462 0.361351 0.498077 0.364224 0.503846 0.364224 0.523077 0.361351 0.534615 0.350575 0.545192
0 0.897989 0.393269 0.882184 0.391346 0.875718 0.380769 0.877155 0.371154 0.889368 0.358654 0.910920 0.352885 0.919540 0.356731 0.921695 0.359615 0.921695 0.373077 0.913793 0.383654 0.897989 0.393269
0 0.508621 0.445192 0.494253 0.445192 0.483477 0.434615 0.480603 0.419231 0.491379 0.399038 0.514368 0.397115 0.523707 0.407692 0.523707 0.415385 0.519397 0.423077 0.517960 0.432692 0.508621 0.445192
0 0.714080 0.437500 0.706897 0.437500 0.701868 0.430769 0.700431 0.419231 0.706178 0.375000 0.714080 0.364423 0.719828 0.364423 0.730603 0.378846 0.733477 0.398077 0.730603 0.409615 0.721983 0.419231 0.720546 0.430769 0.714080 0.437500
0 0.793103 0.752885 0.778736 0.750962 0.769397 0.730769 0.770833 0.717308 0.781609 0.704808 0.794540 0.706731 0.803879 0.723077 0.802443 0.738462 0.793103 0.752885
0 0.633621 0.952885 0.629310 0.952885 0.621408 0.946154 0.617098 0.928846 0.621408 0.909615 0.627874 0.900962 0.646552 0.899038 0.653736 0.904808 0.659483 0.904808 0.668822 0.913462 0.668822 0.930769 0.662356 0.941346 0.633621 0.952885
0 0.234195 0.937500 0.221264 0.935577 0.211207 0.929808 0.206178 0.923077 0.204741 0.915385 0.213362 0.905769 0.216954 0.893269 0.229885 0.889423 0.239224 0.900000 0.244971 0.915385 0.244971 0.928846 0.234195 0.937500
0 0.232040 0.000000 0.234914 0.007692 0.234914 0.021154 0.232040 0.032692 0.214080 0.047115 0.206897 0.045192 0.201868 0.038462 0.201868 0.026923 0.194684 0.015385 0.196121 0.009615 0.204741 0.000000
0 0.267241 0.518269 0.258621 0.516346 0.242816 0.506731 0.227730 0.490385 0.226293 0.476923 0.237069 0.460577 0.247126 0.454808 0.255747 0.454808 0.266523 0.467308 0.269397 0.475000 0.267960 0.486538 0.276580 0.500000 0.276580 0.509615 0.267241 0.518269
0 0.998563 0.387500 0.985632 0.389423 0.982759 0.385577 0.972701 0.385577 0.966236 0.375000 0.967672 0.367308 0.978448 0.352885 0.988506 0.345192 0.998563 0.343269
0 0.158046 0.595192 0.140805 0.591346 0.124282 0.576923 0.117098 0.561538 0.117098 0.550000 0.122126 0.539423 0.127874 0.535577 0.140805 0.539423 0.159483 0.556731 0.168822 0.569231 0.171695 0.578846 0.170259 0.586538 0.165230 0.593269 0.158046 0.595192
0 0.316092 0.812500 0.307471 0.810577 0.302443 0.801923 0.302443 0.796154 0.308908 0.785577 0.316810 0.778846 0.315374 0.763462 0.318247 0.755769 0.324713 0.747115 0.330460 0.745192 0.345546 0.761538 0.349856 0.786538 0.346983 0.792308 0.346983 0.800000 0.343391 0.804808 0.336207 0.804808 0.316092 0.812500
0 0.525862 0.531731 0.512931 0.531731 0.510776 0.528846 0.510776 0.519231 0.519397 0.507692 0.525144 0.482692 0.531609 0.475962 0.545977 0.475962 0.554598 0.481731 0.559626 0.490385 0.558190 0.500000 0.543103 0.520192 0.525862 0.531731
0 0.715517 0.820192 0.702586 0.820192 0.693247 0.809615 0.688937 0.798077 0.687500 0.780769 0.690374 0.763462 0.693247 0.755769 0.701149 0.749038 0.711207 0.752885 0.719109 0.765385 0.721983 0.776923 0.724856 0.801923 0.715517 0.820192
0 0.865661 0.998077 0.865661 0.978846 0.876437 0.964423 0.887931 0.964423 0.897989 0.970192 0.908764 0.984615 0.910201 0.998077
0 0.860632 0.877885 0.847701 0.872115 0.842672 0.863462 0.839799 0.851923 0.842672 0.830769 0.849138 0.822115 0.856322 0.818269 0.866379 0.822115 0.871408 0.828846 0.875718 0.842308 0.874282 0.863462 0.869253 0.872115 0.860632 0.877885
0 0.456897 0.516346 0.445402 0.516346 0.435345 0.508654 0.426006 0.496154 0.421695 0.486538 0.421695 0.467308 0.425287 0.462500 0.436782 0.462500 0.443966 0.466346 0.461925 0.486538 0.464799 0.494231 0.464799 0.507692 0.456897 0.516346
0 0.721264 0.758654 0.714799 0.755769 0.714799 0.748077 0.716954 0.745192 0.723420 0.750000 0.721264 0.758654
0 0.522989 0.302885 0.520115 0.302885 0.515086 0.294231 0.515086 0.276923 0.517960 0.273077 0.517960 0.257692 0.522270 0.246154 0.527299 0.241346 0.531609 0.241346 0.539511 0.248077 0.542385 0.261538 0.539511 0.273077 0.522989 0.302885
0 0.359195 0.852885 0.344828 0.852885 0.341954 0.849038 0.334770 0.850962 0.322557 0.836538 0.319684 0.821154 0.327586 0.812500 0.333333 0.812500 0.337644 0.816346 0.349138 0.812500 0.367816 0.822115 0.372845 0.830769 0.372845 0.838462 0.366379 0.849038 0.359195 0.852885
0 0.451868 0.998077 0.447557 0.988462 0.447557 0.975000 0.450431 0.965385 0.448994 0.944231 0.454023 0.935577 0.464080 0.943269 0.467672 0.948077 0.469109 0.955769 0.476293 0.963462 0.474856 0.984615 0.463362 0.998077
0 0.164511 0.000000 0.173132 0.011538 0.173132 0.019231 0.171695 0.025000 0.163793 0.033654 0.156609 0.033654 0.151580 0.026923 0.150144 0.019231 0.141523 0.011538 0.141523 0.000000
0 0.922414 0.149038 0.913793 0.149038 0.907328 0.140385 0.904454 0.130769 0.904454 0.105769 0.910201 0.088462 0.915230 0.081731 0.929598 0.077885 0.936063 0.084615 0.940374 0.098077 0.940374 0.105769 0.931753 0.140385 0.922414 0.149038
0 0.972701 0.283654 0.959770 0.283654 0.949713 0.275962 0.944684 0.267308 0.944684 0.251923 0.958333 0.229808 0.977011 0.224038 0.982040 0.230769 0.980603 0.251923 0.986351 0.261538 0.986351 0.267308 0.981322 0.277885 0.972701 0.283654
0 0.889368 0.287500 0.880747 0.287500 0.869253 0.277885 0.859195 0.279808 0.852730 0.271154 0.849856 0.261538 0.849856 0.250000 0.859195 0.233654 0.867816 0.229808 0.879310 0.229808 0.886494 0.233654 0.891523 0.240385 0.891523 0.255769 0.897270 0.265385 0.898707 0.276923 0.893678 0.285577 0.889368 0.287500
0 0.267241 0.329808 0.255747 0.329808 0.251437 0.325962 0.244971 0.317308 0.242098 0.303846 0.237787 0.296154 0.234914 0.273077 0.237787 0.263462 0.245690 0.252885 0.257184 0.252885 0.268678 0.258654 0.278017 0.269231 0.285201 0.286538 0.286638 0.307692 0.283764 0.315385 0.277299 0.324038 0.267241 0.329808
0 0.123563 0.424038 0.110632 0.418269 0.101293 0.405769 0.092672 0.386538 0.091236 0.369231 0.100575 0.356731 0.107759 0.356731 0.119253 0.362500 0.127874 0.370192 0.138649 0.386538 0.138649 0.403846 0.134339 0.415385 0.123563 0.424038
0 0.520115 0.710577 0.505747 0.710577 0.491379 0.702885 0.486351 0.690385 0.487787 0.671154 0.495690 0.666346 0.502874 0.666346 0.510057 0.668269 0.524425 0.679808 0.529454 0.686538 0.530891 0.700000 0.520115 0.710577
0 0.998563 0.125962 0.988506 0.139423 0.977011 0.143269 0.970546 0.134615 0.966236 0.113462 0.966236 0.100000 0.977011 0.077885 0.988506 0.075962 0.998563 0.085577
0 0.673851 0.374038 0.666667 0.374038 0.661638 0.367308 0.660201 0.351923 0.653017 0.334615 0.654454 0.315385 0.662356 0.302885 0.673851 0.304808 0.678879 0.311538 0.683190 0.326923 0.684626 0.351923 0.678879 0.367308 0.673851 0.374038
0 0.080460 0.854808 0.070402 0.850962 0.062500 0.840385 0.052443 0.813462 0.052443 0.796154 0.060345 0.787500 0.076149 0.791346 0.091236 0.807692 0.094109 0.817308 0.092672 0.838462 0.089799 0.846154 0.080460 0.854808
0 0.932471 0.487500 0.905172 0.487500 0.899425 0.483654 0.892960 0.471154 0.895833 0.453846 0.908046 0.441346 0.920977 0.441346 0.931034 0.433654 0.942529 0.437500 0.948994 0.450000 0.946121 0.473077 0.942529 0.479808 0.932471 0.487500
0 0.637931 0.816346 0.622126 0.816346 0.617816 0.814423 0.613506 0.806731 0.607759 0.806731 0.604167 0.801923 0.601293 0.782692 0.604167 0.771154 0.610632 0.762500 0.629310 0.762500 0.640086 0.773077 0.645833 0.788462 0.645833 0.798077 0.637931 0.816346
0 0.557471 0.374038 0.548851 0.372115 0.525144 0.340385 0.525144 0.328846 0.530172 0.320192 0.553161 0.318269 0.565374 0.330769 0.566810 0.353846 0.557471 0.374038
0 0.884339 0.000000 0.877155 0.032692 0.869971 0.048077 0.860632 0.058654 0.849138 0.062500 0.841236 0.051923 0.839799 0.026923 0.849856 0.000000
0 0.215517 0.349038 0.196839 0.349038 0.191092 0.345192 0.180316 0.328846 0.180316 0.315385 0.192529 0.300962 0.201149 0.300962 0.205460 0.304808 0.219828 0.304808 0.230603 0.321154 0.230603 0.334615 0.221264 0.347115 0.215517 0.349038
0 0.725575 0.304808 0.714080 0.304808 0.709052 0.298077 0.706178 0.290385 0.707615 0.273077 0.719828 0.256731 0.729885 0.250962 0.742816 0.250962 0.752155 0.261538 0.749282 0.280769 0.737069 0.297115 0.725575 0.304808
0 0.590517 0.764423 0.587644 0.764423 0.582615 0.757692 0.584052 0.744231 0.586207 0.741346 0.591954 0.741346 0.594109 0.744231 0.590517 0.764423
0 0.373563 0.983654 0.366379 0.983654 0.357759 0.977885 0.349856 0.961538 0.349856 0.953846 0.351293 0.946154 0.363506 0.929808 0.377874 0.927885 0.390086 0.938462 0.392960 0.946154 0.392960 0.957692 0.373563 0.983654
0 0.429598 0.777885 0.422414 0.777885 0.414511 0.767308 0.410201 0.755769 0.414511 0.713462 0.422414 0.700962 0.431034 0.702885 0.437500 0.711538 0.443247 0.726923 0.444684 0.738462 0.438937 0.767308 0.429598 0.777885
0 0.841954 0.524038 0.834770 0.522115 0.829741 0.515385 0.826868 0.507692 0.826868 0.490385 0.829741 0.480769 0.837644 0.468269 0.849138 0.464423 0.853448 0.466346 0.858477 0.475000 0.859914 0.496154 0.849856 0.517308 0.841954 0.524038
0 0.404454 0.998077 0.410920 0.989423 0.418103 0.989423 0.423851 0.993269 0.432471 0.989423 0.437500 0.998077
0 0.262931 0.758654 0.255747 0.756731 0.250718 0.750000 0.252155 0.736538 0.270115 0.712500 0.281609 0.710577 0.288075 0.721154 0.288075 0.738462 0.274425 0.754808 0.262931 0.758654
0 0.238506 0.550962 0.221264 0.550962 0.211207 0.547115 0.201868 0.528846 0.203305 0.513462 0.211207 0.504808 0.224138 0.504808 0.242816 0.514423 0.249282 0.525000 0.249282 0.534615 0.238506 0.550962
0 0.785201 0.000000 0.785201 0.009615 0.774425 0.024038 0.760057 0.031731 0.741379 0.031731 0.734195 0.027885 0.729167 0.019231 0.729167 0.007692 0.732040 0.000000
0 0.379310 0.360577 0.372126 0.358654 0.365661 0.350000 0.364224 0.317308 0.371408 0.292308 0.377874 0.283654 0.383621 0.281731 0.390805 0.287500 0.397270 0.300000 0.398707 0.326923 0.387213 0.353846 0.379310 0.360577
0 0.127874 0.354808 0.117816 0.354808 0.101293 0.334615 0.101293 0.325000 0.107040 0.313462 0.109914 0.296154 0.122126 0.287500 0.135057 0.291346 0.145833 0.309615 0.144397 0.332692 0.127874 0.354808
0 0.243534 0.998077 0.251437 0.983654 0.255747 0.983654 0.264368 0.975962 0.270115 0.977885 0.278017 0.986538 0.279454 0.998077
0 0.370690 0.800962 0.357759 0.799038 0.349856 0.786538 0.341236 0.742308 0.349138 0.720192 0.356322 0.720192 0.366379 0.729808 0.385776 0.765385 0.384339 0.784615 0.370690 0.800962
0 0.481322 0.100962 0.471264 0.100962 0.441092 0.083654 0.436063 0.075000 0.437500 0.061538 0.445402 0.052885 0.461207 0.052885 0.464080 0.056731 0.474138 0.058654 0.487787 0.082692 0.486351 0.094231 0.481322 0.100962
0 0.719828 0.987500 0.704023 0.985577 0.683908 0.972115 0.674569 0.955769 0.677443 0.938462 0.689655 0.927885 0.699713 0.927885 0.714080 0.935577 0.720546 0.944231 0.727730 0.961538 0.727730 0.976923 0.719828 0.987500
0 0.998563 0.741346 0.990661 0.730769 0.992098 0.717308 0.998563 0.710577
0 0.531609 0.320192 0.523707 0.311538 0.523707 0.301923 0.541667 0.268269 0.554598 0.272115 0.558190 0.282692 0.558190 0.288462 0.553879 0.294231 0.555316 0.315385 0.553161 0.318269 0.531609 0.320192
0 0.231322 0.425962 0.211207 0.425962 0.206897 0.424038 0.201868 0.415385 0.198994 0.401923 0.200431 0.394231 0.216954 0.370192 0.225575 0.370192 0.235632 0.375962 0.247845 0.396154 0.247845 0.411538 0.239943 0.422115 0.231322 0.425962
0 0.909483 0.245192 0.892241 0.243269 0.886494 0.233654 0.878592 0.228846 0.875718 0.209615 0.882184 0.199038 0.918103 0.200962 0.926006 0.207692 0.927443 0.225000 0.916667 0.241346 0.909483 0.245192
0 0.000000 0.083654 0.002874 0.083654 0.005029 0.075000 0.010057 0.070192 0.017960 0.082692 0.014368 0.089423 0.007902 0.094231 0.007902 0.103846 0.000000 0.108654
0 0.000000 0.308654 0.007184 0.299038 0.022989 0.299038 0.032328 0.319231 0.032328 0.340385 0.029454 0.346154 0.021552 0.356731 0.000000 0.370192
0 0.103448 0.949038 0.090517 0.947115 0.085489 0.940385 0.086925 0.926923 0.096264 0.914423 0.113506 0.900962 0.125000 0.904808 0.132902 0.923077 0.130029 0.936538 0.122126 0.943269 0.109195 0.945192 0.103448 0.949038
0 0.620690 0.662500 0.609195 0.660577 0.595546 0.640385 0.592672 0.625000 0.597701 0.614423 0.604885 0.608654 0.633621 0.604808 0.646552 0.610577 0.655172 0.624038 0.660201 0.626923 0.660201 0.634615 0.655172 0.643269 0.620690 0.662500
0 0.469828 0.154808 0.456897 0.150962 0.446839 0.141346 0.438937 0.128846 0.438937 0.117308 0.443247 0.105769 0.449713 0.099038 0.459770 0.099038 0.471264 0.104808 0.479885 0.110577 0.484914 0.119231 0.486351 0.130769 0.483477 0.144231 0.477011 0.152885 0.469828 0.154808
0 0.413793 0.656731 0.396552 0.654808 0.382902 0.642308 0.380029 0.634615 0.380029 0.601923 0.385057 0.591346 0.395115 0.589423 0.402299 0.593269 0.416667 0.604808 0.426006 0.617308 0.430316 0.628846 0.430316 0.640385 0.422414 0.652885 0.413793 0.656731
0 0.645115 0.706731 0.627874 0.704808 0.619971 0.694231 0.619971 0.682692 0.633621 0.668269 0.645115 0.668269 0.658046 0.660577 0.669540 0.662500 0.673132 0.673077 0.667385 0.692308 0.656609 0.702885 0.645115 0.706731
0 0.000000 0.127885 0.025862 0.131731 0.040230 0.125962 0.045977 0.137500 0.054598 0.141346 0.059626 0.148077 0.059626 0.161538 0.056753 0.169231 0.048851 0.175962 0.038793 0.175962 0.000000 0.164423
0 0.344828 0.872115 0.340517 0.872115 0.332615 0.857692 0.336207 0.849038 0.341954 0.849038 0.349856 0.863462 0.344828 0.872115
0 0.060345 0.435577 0.044540 0.433654 0.026580 0.417308 0.025144 0.400000 0.033046 0.387500 0.051724 0.387500 0.069684 0.411538 0.069684 0.426923 0.060345 0.435577
0 0.477011 0.885577 0.472701 0.885577 0.465517 0.877885 0.459052 0.869231 0.456178 0.857692 0.460489 0.836538 0.468391 0.827885 0.479885 0.831731 0.484914 0.838462 0.490661 0.853846 0.490661 0.863462 0.487787 0.871154 0.477011 0.885577
0 0.928161 0.656731 0.920977 0.656731 0.915948 0.648077 0.915948 0.634615 0.921695 0.615385 0.929598 0.604808 0.943966 0.593269 0.959770 0.593269 0.961925 0.596154 0.961925 0.605769 0.959052 0.613462 0.940374 0.644231 0.928161 0.656731
0 0.912356 0.900962 0.902299 0.900962 0.893678 0.895192 0.885776 0.882692 0.885776 0.865385 0.891523 0.848077 0.899425 0.837500 0.903736 0.835577 0.916667 0.835577 0.932471 0.850962 0.938937 0.861538 0.938937 0.875000 0.912356 0.900962
0 0.173851 0.843269 0.165230 0.843269 0.158764 0.836538 0.155891 0.826923 0.157328 0.811538 0.163793 0.802885 0.175287 0.795192 0.188218 0.797115 0.191810 0.803846 0.190374 0.813462 0.186063 0.819231 0.181753 0.834615 0.173851 0.843269
0 0.438218 0.243269 0.431034 0.243269 0.415948 0.226923 0.415948 0.211538 0.422414 0.202885 0.436782 0.197115 0.449713 0.195192 0.459770 0.199038 0.464799 0.205769 0.463362 0.219231 0.452586 0.233654 0.438218 0.243269
0 0.077586 0.241346 0.061782 0.239423 0.058190 0.234615 0.056753 0.221154 0.060345 0.214423 0.066092 0.218269 0.076149 0.214423 0.086925 0.225000 0.086925 0.232692 0.077586 0.241346
0 0.548851 0.195192 0.541667 0.193269 0.536638 0.186538 0.535201 0.178846 0.530891 0.173077 0.529454 0.155769 0.537356 0.137500 0.543103 0.133654 0.550287 0.122115 0.558908 0.120192 0.568247 0.130769 0.573994 0.161538 0.568247 0.180769 0.561782 0.189423 0.548851 0.195192
0 0.788793 0.447115 0.775862 0.443269 0.762931 0.429808 0.758621 0.429808 0.756466 0.421154 0.749282 0.409615 0.747845 0.392308 0.757184 0.372115 0.772989 0.370192 0.794540 0.385577 0.803879 0.396154 0.806753 0.405769 0.803879 0.432692 0.795977 0.443269 0.788793 0.447115
0 0.923851 0.777885 0.915230 0.777885 0.909483 0.774038 0.894397 0.757692 0.892960 0.750000 0.899425 0.735577 0.908046 0.729808 0.918103 0.727885 0.923851 0.729808 0.934626 0.740385 0.937500 0.748077 0.937500 0.759615 0.934626 0.767308 0.923851 0.777885
0 0.971264 0.499038 0.958333 0.499038 0.953305 0.494231 0.951868 0.471154 0.953305 0.457692 0.956178 0.451923 0.966954 0.437500 0.974138 0.435577 0.983477 0.446154 0.984914 0.461538 0.996408 0.476923 0.996408 0.484615 0.988506 0.493269 0.971264 0.499038
0 0.258621 0.093269 0.248563 0.093269 0.239224 0.086538 0.237787 0.065385 0.233477 0.050000 0.244253 0.037500 0.254310 0.037500 0.267960 0.057692 0.269397 0.069231 0.265086 0.076923 0.263649 0.086538 0.258621 0.093269
0 0.998563 0.845192 0.994971 0.842308 0.992098 0.830769 0.994971 0.817308 0.998563 0.814423
0 0.831897 0.950962 0.818966 0.950962 0.810345 0.947115 0.803879 0.936538 0.803879 0.928846 0.816092 0.914423 0.826149 0.910577 0.837644 0.912500 0.845546 0.925000 0.845546 0.934615 0.837644 0.947115 0.831897 0.950962
0 0.162356 0.508654 0.142241 0.506731 0.134339 0.496154 0.134339 0.469231 0.137213 0.461538 0.146552 0.450962 0.156609 0.452885 0.167385 0.467308 0.173132 0.480769 0.173132 0.498077 0.162356 0.508654
0 0.745690 0.679808 0.741379 0.679808 0.736351 0.673077 0.736351 0.657692 0.742098 0.630769 0.747126 0.622115 0.752874 0.618269 0.762931 0.618269 0.769397 0.625000 0.775144 0.636538 0.776580 0.650000 0.762931 0.668269 0.745690 0.679808
0 0.998563 0.802885 0.987069 0.806731 0.974138 0.804808 0.967672 0.798077 0.964799 0.790385 0.966236 0.778846 0.972701 0.770192 0.984195 0.764423 0.998563 0.764423
0 0.130747 0.731731 0.123563 0.731731 0.117098 0.725000 0.115661 0.707692 0.130029 0.675000 0.137931 0.666346 0.145115 0.666346 0.151580 0.678846 0.151580 0.700000 0.142960 0.721154 0.130747 0.731731
0 0.646552 0.893269 0.622126 0.893269 0.615661 0.886538 0.614224 0.880769 0.615661 0.869231 0.622845 0.855769 0.642241 0.843269 0.650862 0.843269 0.657328 0.853846 0.655891 0.880769 0.646552 0.893269
0 0.382184 0.754808 0.379310 0.754808 0.374282 0.746154 0.375718 0.723077 0.385057 0.710577 0.392241 0.708654 0.400144 0.719231 0.398707 0.740385 0.392241 0.750962 0.382184 0.754808
0 0.623563 0.854808 0.621408 0.851923 0.621408 0.842308 0.630747 0.829808 0.636494 0.829808 0.642960 0.834615 0.643678 0.843269 0.623563 0.854808
0 0.558908 0.572115 0.554598 0.572115 0.538793 0.556731 0.533046 0.554808 0.526580 0.544231 0.529454 0.530769 0.543103 0.520192 0.551724 0.508654 0.558190 0.513462 0.559626 0.540385 0.571121 0.553846 0.571121 0.557692 0.558908 0.572115
0 0.343391 0.108654 0.326149 0.106731 0.317529 0.102885 0.311063 0.094231 0.301006 0.063462 0.302443 0.051923 0.306034 0.047115 0.311782 0.043269 0.324713 0.047115 0.337644 0.056731 0.349856 0.071154 0.355603 0.084615 0.355603 0.094231 0.349138 0.104808 0.343391 0.108654
0 0.750000 0.185577 0.734195 0.183654 0.727730 0.173077 0.729167 0.159615 0.733477 0.148077 0.750000 0.124038 0.762931 0.116346 0.768678 0.116346 0.776580 0.126923 0.778017 0.134615 0.775144 0.163462 0.761494 0.179808 0.750000 0.185577
0 0.000000 0.185577 0.014368 0.185577 0.024425 0.191346 0.033764 0.201923 0.039511 0.217308 0.038075 0.228846 0.028736 0.239423 0.017241 0.243269 0.000000 0.239423
0 0.633621 0.154808 0.623563 0.154808 0.612787 0.140385 0.609914 0.125000 0.605603 0.119231 0.607040 0.096154 0.611351 0.080769 0.616379 0.075962 0.622126 0.075962 0.627155 0.080769 0.630029 0.100000 0.636494 0.102885 0.641523 0.109615 0.644397 0.121154 0.644397 0.144231 0.639368 0.152885 0.633621 0.154808
0 0.547414 0.593269 0.512931 0.593269 0.506466 0.584615 0.506466 0.567308 0.518678 0.554808 0.528736 0.549038 0.553879 0.571154 0.555316 0.584615 0.547414 0.593269
0 0.501437 0.777885 0.491379 0.774038 0.482040 0.753846 0.483477 0.734615 0.487069 0.727885 0.492816 0.724038 0.501437 0.725962 0.509339 0.736538 0.512213 0.746154 0.509339 0.769231 0.501437 0.777885
0 0.827586 0.275962 0.821839 0.274038 0.818247 0.269231 0.818247 0.257692 0.831178 0.225000 0.840517 0.210577 0.849138 0.202885 0.860632 0.202885 0.864224 0.211538 0.862787 0.230769 0.834770 0.270192 0.827586 0.275962
0 0.910920 0.591346 0.885057 0.589423 0.878592 0.582692 0.878592 0.573077 0.887931 0.560577 0.895115 0.558654 0.908046 0.547115 0.915230 0.545192 0.923851 0.549038 0.927443 0.553846 0.927443 0.567308 0.910920 0.591346
0 0.153736 0.264423 0.133621 0.258654 0.121408 0.240385 0.121408 0.228846 0.124282 0.223077 0.121408 0.207692 0.129310 0.197115 0.135057 0.197115 0.149425 0.214423 0.168103 0.208654 0.175287 0.210577 0.184626 0.225000 0.184626 0.240385 0.178161 0.250962 0.169540 0.258654 0.153736 0.264423
0 0.000000 0.618269 0.007184 0.610577 0.020115 0.612500 0.028736 0.618269 0.045259 0.640385 0.049569 0.651923 0.051006 0.669231 0.044540 0.679808 0.031609 0.679808 0.021552 0.670192 0.000000 0.637500
0 0.998563 0.197115 0.987069 0.197115 0.980603 0.188462 0.983477 0.173077 0.994253 0.156731 0.998563 0.154808
0 0.471264 0.591346 0.452586 0.583654 0.438937 0.565385 0.433190 0.550000 0.433190 0.532692 0.436782 0.527885 0.445402 0.525962 0.455460 0.529808 0.465517 0.535577 0.476293 0.548077 0.483477 0.569231 0.483477 0.580769 0.479885 0.587500 0.471264 0.591346
0 0.561782 0.960577 0.553161 0.960577 0.544540 0.954808 0.536638 0.944231 0.533764 0.934615 0.535201 0.915385 0.545977 0.900962 0.557471 0.895192 0.570402 0.897115 0.578305 0.911538 0.576868 0.934615 0.566810 0.955769 0.561782 0.960577
0 0.791667 0.556731 0.785920 0.554808 0.777299 0.543269 0.768678 0.543269 0.763649 0.536538 0.760776 0.528846 0.760776 0.519231 0.770115 0.504808 0.780172 0.502885 0.784483 0.508654 0.790230 0.508654 0.796695 0.517308 0.799569 0.525000 0.798132 0.550000 0.791667 0.556731
0 0.629310 0.522115 0.620690 0.520192 0.610632 0.512500 0.602730 0.501923 0.598420 0.490385 0.594109 0.471154 0.594109 0.450000 0.596983 0.440385 0.602011 0.433654 0.612069 0.433654 0.622845 0.451923 0.635776 0.501923 0.635776 0.515385 0.629310 0.522115
0 0.599138 0.258654 0.591236 0.250000 0.588362 0.240385 0.588362 0.213462 0.592672 0.201923 0.600575 0.193269 0.619253 0.191346 0.628592 0.209615 0.628592 0.228846 0.617816 0.237500 0.606322 0.256731 0.599138 0.258654
0 0.876437 0.360577 0.869253 0.360577 0.859914 0.350000 0.855603 0.332692 0.857040 0.323077 0.863506 0.316346 0.872126 0.316346 0.885057 0.310577 0.892241 0.312500 0.895833 0.321154 0.890086 0.348077 0.886494 0.354808 0.876437 0.360577
0 0.409483 0.893269 0.397989 0.893269 0.385776 0.873077 0.385776 0.865385 0.406609 0.835577 0.412356 0.833654 0.423132 0.844231 0.423132 0.855769 0.418822 0.865385 0.418822 0.880769 0.409483 0.893269
0 0.462644 0.387500 0.454741 0.382692 0.450431 0.363462 0.451868 0.348077 0.449713 0.345192 0.432471 0.366346 0.425287 0.366346 0.418822 0.357692 0.417385 0.332692 0.420259 0.315385 0.426006 0.298077 0.439655 0.281731 0.452586 0.281731 0.459052 0.290385 0.459052 0.307692 0.456178 0.317308 0.458333 0.322115 0.466954 0.312500 0.472701 0.310577 0.477730 0.315385 0.482040 0.326923 0.483477 0.348077 0.479167 0.369231 0.468391 0.385577 0.462644 0.387500
0 0.060345 0.562500 0.044540 0.560577 0.029454 0.544231 0.025144 0.530769 0.025144 0.519231 0.026580 0.513462 0.034483 0.504808 0.048851 0.502885 0.057471 0.508654 0.066810 0.523077 0.071121 0.536538 0.071121 0.546154 0.068247 0.555769 0.060345 0.562500
0 0.335489 0.000000 0.335489 0.009615 0.330460 0.014423 0.318966 0.010577 0.309626 0.000000
0 0.998563 0.525962 0.988506 0.527885 0.982040 0.536538 0.977730 0.550000 0.971264 0.556731 0.964080 0.556731 0.956178 0.548077 0.956178 0.536538 0.962644 0.525962 0.975575 0.514423 0.998563 0.502885
0 0.556034 0.824038 0.548851 0.824038 0.543822 0.815385 0.543822 0.801923 0.551006 0.780769 0.557471 0.772115 0.573276 0.762500 0.584770 0.760577 0.587644 0.764423 0.591954 0.764423 0.595546 0.769231 0.595546 0.784615 0.591236 0.796154 0.584770 0.804808 0.574713 0.808654 0.556034 0.824038
0 0.310345 0.964423 0.300287 0.962500 0.291667 0.954808 0.280891 0.936538 0.276580 0.907692 0.281609 0.897115 0.288793 0.899038 0.313937 0.928846 0.318247 0.942308 0.318247 0.953846 0.310345 0.964423
0 0.188218 0.735577 0.176724 0.733654 0.171695 0.723077 0.174569 0.688462 0.183908 0.674038 0.191092 0.674038 0.196839 0.677885 0.204741 0.694231 0.204741 0.711538 0.201868 0.719231 0.188218 0.735577
0 0.255747 0.649038 0.238506 0.645192 0.235632 0.641346 0.229167 0.628846 0.230603 0.615385 0.242816 0.600962 0.258621 0.595192 0.275862 0.595192 0.279454 0.601923 0.279454 0.621154 0.255747 0.649038
0 0.681034 0.524038 0.663793 0.516346 0.655891 0.501923 0.645833 0.469231 0.645833 0.455769 0.652299 0.443269 0.665230 0.445192 0.676724 0.454808 0.690374 0.476923 0.690374 0.490385 0.696121 0.496154 0.697557 0.503846 0.696121 0.509615 0.686782 0.522115 0.681034 0.524038
