0 0.410156 0.462891 0.378906 0.458984 0.369141 0.449219 0.365234 0.429688 0.378906 0.412109 0.414062 0.408203 0.423828 0.417969 0.427734 0.445312 0.410156 0.462891
0 0.816406 0.224609 0.796875 0.224609 0.783203 0.207031 0.787109 0.164062 0.804688 0.154297 0.822266 0.160156 0.826172 0.207031 0.816406 0.224609
0 0.328125 0.951172 0.304688 0.951172 0.298828 0.945312 0.298828 0.925781 0.335938 0.923828 0.341797 0.937500 0.328125 0.951172
0 0.164062 0.294922 0.144531 0.294922 0.126953 0.281250 0.134766 0.246094 0.152344 0.232422 0.167969 0.232422 0.181641 0.242188 0.181641 0.273438 0.164062 0.294922
0 0.000000 0.330078 0.007812 0.326172 0.021484 0.343750 0.015625 0.361328 0.000000 0.357422
0 0.269531 0.931641 0.259766 0.929688 0.251953 0.914062 0.248047 0.875000 0.253906 0.869141 0.273438 0.869141 0.287109 0.882812 0.283203 0.917969 0.269531 0.931641
0 0.367188 0.341797 0.355469 0.341797 0.337891 0.320312 0.347656 0.298828 0.363281 0.298828 0.376953 0.312500 0.376953 0.328125 0.367188 0.341797
0 0.013672 0.996094 0.019531 0.982422 0.042969 0.982422 0.066406 0.970703 0.083984 0.972656 0.083984 0.980469 0.074219 0.986328 0.037109 0.996094
0 0.050781 0.345703 0.033203 0.339844 0.042969 0.326172 0.060547 0.332031 0.050781 0.345703
0 0.410156 0.384766 0.398438 0.384766 0.388672 0.375000 0.388672 0.355469 0.402344 0.341797 0.416016 0.347656 0.419922 0.363281 0.419922 0.375000 0.410156 0.384766
0 0.136719 0.373047 0.113281 0.365234 0.099609 0.351562 0.103516 0.324219 0.121094 0.310547 0.140625 0.310547 0.158203 0.339844 0.154297 0.359375 0.136719 0.373047
0 0.546875 0.119141 0.523438 0.115234 0.513672 0.105469 0.513672 0.093750 0.539062 0.083984 0.556641 0.101562 0.546875 0.119141
0 0.867188 0.236328 0.847656 0.236328 0.841797 0.230469 0.841797 0.214844 0.859375 0.193359 0.875000 0.193359 0.884766 0.203125 0.880859 0.222656 0.867188 0.236328
0 0.335938 0.892578 0.316406 0.892578 0.294922 0.871094 0.291016 0.843750 0.308594 0.826172 0.339844 0.833984 0.361328 0.859375 0.361328 0.875000 0.335938 0.892578
0 0.519531 0.173828 0.509766 0.167969 0.509766 0.144531 0.519531 0.134766 0.535156 0.134766 0.541016 0.140625 0.541016 0.156250 0.519531 0.173828
0 0.558594 0.263672 0.546875 0.263672 0.537109 0.253906 0.533203 0.222656 0.550781 0.189453 0.578125 0.185547 0.587891 0.195312 0.587891 0.218750 0.580078 0.226562 0.580078 0.250000 0.558594 0.263672
0 0.460938 0.728516 0.449219 0.728516 0.441406 0.720703 0.429688 0.724609 0.423828 0.718750 0.423828 0.703125 0.445312 0.681641 0.470703 0.703125 0.470703 0.714844 0.460938 0.728516
0 0.136719 0.552734 0.128906 0.552734 0.095703 0.519531 0.109375 0.494141 0.154297 0.519531 0.154297 0.531250 0.136719 0.552734
0 0.042969 0.216797 0.023438 0.212891 0.009766 0.191406 0.005859 0.164062 0.027344 0.142578 0.054688 0.146484 0.068359 0.167969 0.068359 0.195312 0.042969 0.216797
0 0.093750 0.548828 0.076172 0.542969 0.072266 0.515625 0.089844 0.498047 0.101562 0.498047 0.095703 0.519531 0.107422 0.531250 0.107422 0.539062 0.093750 0.548828
0 0.738281 0.130859 0.726562 0.130859 0.716797 0.121094 0.716797 0.101562 0.730469 0.083984 0.753906 0.080078 0.767578 0.093750 0.767578 0.105469 0.750000 0.126953 0.738281 0.130859
0 0.226562 0.482422 0.197266 0.468750 0.207031 0.447266 0.230469 0.447266 0.236328 0.453125 0.236328 0.472656 0.226562 0.482422
0 0.171875 0.431641 0.156250 0.431641 0.146484 0.421875 0.150391 0.406250 0.164062 0.392578 0.181641 0.410156 0.181641 0.421875 0.171875 0.431641
0 0.398438 0.306641 0.382812 0.306641 0.361328 0.281250 0.361328 0.269531 0.378906 0.255859 0.398438 0.259766 0.408203 0.273438 0.408203 0.296875 0.398438 0.306641
0 0.578125 0.099609 0.570312 0.099609 0.548828 0.082031 0.554688 0.064453 0.585938 0.068359 0.595703 0.078125 0.578125 0.099609
0 0.433594 0.052734 0.421875 0.052734 0.412109 0.042969 0.412109 0.031250 0.421875 0.021484 0.433594 0.021484 0.443359 0.031250 0.433594 0.052734
0 0.378906 0.392578 0.357422 0.382812 0.367188 0.369141 0.384766 0.375000 0.378906 0.392578
0 0.417969 0.650391 0.390625 0.650391 0.369141 0.636719 0.369141 0.605469 0.378906 0.595703 0.414062 0.591797 0.435547 0.609375 0.435547 0.636719 0.417969 0.650391
