0 0.884375 0.958984 0.846875 0.955078 0.842187 0.949219 0.842187 0.929688 0.865625 0.908203 0.878125 0.912109 0.934375 0.888672 0.939063 0.906250 0.909375 0.943359 0.884375 0.958984
0 0.996875 0.560547 0.937500 0.548828 0.923438 0.539062 0.937500 0.517578 0.965625 0.501953 0.975000 0.501953 0.996875 0.521484
0 0.000000 0.560547 0.059375 0.544922 0.084375 0.525391 0.100000 0.521484 0.159375 0.513672 0.173437 0.519531 0.173437 0.527344 0.159375 0.537109 0.081250 0.556641 0.034375 0.587891 0.000000 0.595703
0 0.615625 0.806641 0.604688 0.800781 0.598437 0.777344 0.618750 0.755859 0.653125 0.751953 0.660937 0.773438 0.646875 0.791016 0.615625 0.806641
0 0.487500 0.431641 0.453125 0.431641 0.448437 0.421875 0.484375 0.396484 0.506250 0.392578 0.534375 0.369141 0.578125 0.361328 0.585938 0.371094 0.585938 0.378906 0.559375 0.408203 0.531250 0.412109 0.515625 0.423828 0.487500 0.431641
0 0.304688 0.000000 0.332813 0.039062 0.328125 0.056641 0.300000 0.060547 0.289062 0.046875 0.282813 0.027344 0.285938 0.000000
0 0.040625 0.779297 0.017188 0.769531 0.093750 0.724609 0.150000 0.712891 0.184375 0.712891 0.189062 0.718750 0.171875 0.736328 0.128125 0.755859 0.040625 0.779297
0 0.681250 0.318359 0.656250 0.318359 0.651563 0.312500 0.657813 0.292969 0.671875 0.279297 0.731250 0.248047 0.750000 0.251953 0.764062 0.265625 0.753125 0.287109 0.681250 0.318359
0 0.875000 0.802734 0.831250 0.798828 0.826562 0.781250 0.850000 0.763672 0.884375 0.759766 0.931250 0.736328 0.948438 0.757812 0.937500 0.779297 0.925000 0.779297 0.909375 0.791016 0.875000 0.802734
0 0.759375 0.689453 0.742188 0.687500 0.742188 0.621094 0.760938 0.570312 0.771875 0.556641 0.787500 0.552734 0.798438 0.582031 0.798438 0.625000 0.789062 0.652344 0.759375 0.689453
0 0.853125 0.337891 0.834375 0.337891 0.829688 0.328125 0.853125 0.298828 0.878125 0.291016 0.879687 0.316406 0.853125 0.337891
0 0.996875 0.748047 0.975000 0.759766 0.950000 0.759766 0.935937 0.742188 0.953125 0.716797 0.971875 0.708984 0.996875 0.708984
0 0.328125 0.841797 0.290625 0.833984 0.276562 0.820312 0.276562 0.812500 0.287500 0.802734 0.312500 0.794922 0.387500 0.787109 0.409375 0.787109 0.414062 0.792969 0.406250 0.810547 0.381250 0.826172 0.340625 0.833984 0.328125 0.841797
0 0.250000 0.388672 0.215625 0.388672 0.204687 0.375000 0.204687 0.359375 0.215625 0.345703 0.271875 0.322266 0.300000 0.298828 0.326562 0.296875 0.326562 0.339844 0.321875 0.345703 0.250000 0.388672
0 0.078125 0.380859 0.056250 0.380859 0.051562 0.371094 0.090625 0.341797 0.106250 0.341797 0.110937 0.347656 0.110937 0.359375 0.103125 0.369141 0.093750 0.369141 0.078125 0.380859
0 0.240625 0.298828 0.221875 0.298828 0.217188 0.292969 0.217188 0.277344 0.225000 0.267578 0.300000 0.224609 0.312500 0.224609 0.317188 0.230469 0.314063 0.253906 0.296875 0.271484 0.240625 0.298828
0 0.803125 0.962891 0.784375 0.962891 0.779687 0.957031 0.779687 0.941406 0.834375 0.884766 0.856250 0.880859 0.864062 0.894531 0.864062 0.910156 0.837500 0.927734 0.812500 0.958984 0.803125 0.962891
0 0.715625 0.869141 0.706250 0.869141 0.698438 0.859375 0.692187 0.843750 0.692187 0.820312 0.695312 0.804688 0.706250 0.791016 0.728125 0.787109 0.739062 0.812500 0.739062 0.828125 0.732812 0.859375 0.715625 0.869141
0 0.996875 0.822266 0.984375 0.833984 0.965625 0.837891 0.940625 0.853516 0.925000 0.853516 0.920312 0.847656 0.923438 0.824219 0.946875 0.798828 0.968750 0.787109 0.996875 0.791016
0 0.096875 0.255859 0.081250 0.255859 0.076563 0.250000 0.076563 0.226562 0.093750 0.208984 0.118750 0.193359 0.156250 0.185547 0.170313 0.199219 0.165625 0.208984 0.140625 0.224609 0.115625 0.232422 0.096875 0.255859
0 0.710938 0.000000 0.696875 0.021484 0.681250 0.021484 0.670312 0.000000
0 0.781250 0.376953 0.753125 0.361328 0.712500 0.365234 0.707812 0.347656 0.718750 0.333984 0.734375 0.326172 0.768750 0.322266 0.789062 0.339844 0.792188 0.351562 0.792188 0.363281 0.781250 0.376953
0 0.568750 0.287109 0.556250 0.283203 0.532813 0.250000 0.540625 0.232422 0.553125 0.224609 0.568750 0.224609 0.615625 0.232422 0.632812 0.246094 0.615625 0.267578 0.568750 0.287109
0 0.168750 0.478516 0.145313 0.476562 0.145313 0.464844 0.159375 0.447266 0.193750 0.443359 0.237500 0.427734 0.265625 0.427734 0.270313 0.433594 0.270313 0.441406 0.259375 0.451172 0.168750 0.478516
0 0.450000 0.552734 0.425000 0.552734 0.420312 0.539062 0.443750 0.525391 0.493750 0.509766 0.531250 0.509766 0.535937 0.515625 0.528125 0.533203 0.503125 0.537109 0.487500 0.548828 0.450000 0.552734
0 0.346875 0.548828 0.332813 0.542969 0.326562 0.531250 0.329688 0.523438 0.359375 0.486328 0.387500 0.470703 0.392188 0.484375 0.351562 0.535156 0.346875 0.548828
0 0.362500 0.677734 0.296875 0.677734 0.292187 0.667969 0.306250 0.654297 0.346875 0.642578 0.362500 0.619141 0.406250 0.626953 0.456250 0.607422 0.468750 0.607422 0.473438 0.613281 0.465625 0.630859 0.446875 0.642578 0.403125 0.666016 0.362500 0.677734
