0 0.362500 0.982422 0.318750 0.966797 0.307812 0.949219 0.307812 0.917969 0.314063 0.902344 0.328125 0.892578 0.362500 0.892578 0.375000 0.900391 0.387500 0.884766 0.396875 0.884766 0.404687 0.894531 0.404687 0.917969 0.376563 0.953125 0.370312 0.976562 0.362500 0.982422
0 0.215625 0.240234 0.206250 0.240234 0.192188 0.222656 0.192188 0.199219 0.215625 0.173828 0.229687 0.187500 0.226562 0.226562 0.215625 0.240234
0 0.878125 0.134766 0.856250 0.134766 0.835938 0.109375 0.839063 0.082031 0.853125 0.056641 0.881250 0.052734 0.898438 0.078125 0.895312 0.113281 0.878125 0.134766
0 0.781250 0.916016 0.768750 0.916016 0.757812 0.898438 0.760938 0.859375 0.773438 0.828125 0.793750 0.802734 0.807813 0.816406 0.807813 0.847656 0.817187 0.859375 0.823438 0.882812 0.809375 0.896484 0.793750 0.900391 0.781250 0.916016
0 0.846875 0.396484 0.825000 0.392578 0.810937 0.375000 0.804688 0.355469 0.810937 0.328125 0.828125 0.310547 0.853125 0.314453 0.864062 0.328125 0.870313 0.347656 0.864062 0.375000 0.846875 0.396484
0 0.446875 0.123047 0.437500 0.123047 0.429688 0.113281 0.429688 0.070312 0.437500 0.064453 0.453125 0.064453 0.460938 0.074219 0.460938 0.093750 0.446875 0.123047
0 0.921875 0.423828 0.909375 0.423828 0.898438 0.410156 0.895312 0.394531 0.903125 0.384766 0.915625 0.384766 0.929688 0.398438 0.929688 0.414062 0.921875 0.423828
0 0.350000 0.767578 0.331250 0.763672 0.317188 0.746094 0.310937 0.699219 0.282813 0.652344 0.293750 0.634766 0.346875 0.638672 0.365625 0.658203 0.400000 0.677734 0.409375 0.677734 0.423438 0.691406 0.423438 0.750000 0.415625 0.759766 0.356250 0.759766 0.350000 0.767578
0 0.123438 0.000000 0.100000 0.021484 0.059375 0.021484 0.045312 0.000000
0 0.709375 0.982422 0.681250 0.974609 0.675000 0.966797 0.656250 0.970703 0.651563 0.953125 0.657813 0.929688 0.665625 0.919922 0.696875 0.919922 0.709375 0.900391 0.715625 0.900391 0.723437 0.917969 0.720313 0.937500 0.710938 0.949219 0.717187 0.953125 0.709375 0.982422
0 0.000000 0.064453 0.018750 0.052734 0.043750 0.052734 0.054688 0.078125 0.054688 0.109375 0.040625 0.123047 0.021875 0.130859 0.006250 0.126953 0.000000 0.119141
0 0.790625 0.166016 0.762500 0.162109 0.751563 0.140625 0.748437 0.117188 0.762500 0.080078 0.781250 0.064453 0.793750 0.044922 0.806250 0.044922 0.820312 0.058594 0.820312 0.105469 0.807813 0.144531 0.790625 0.166016
0 0.965625 0.197266 0.931250 0.189453 0.920312 0.167969 0.923438 0.140625 0.940625 0.119141 0.962500 0.119141 0.982812 0.148438 0.985938 0.175781 0.975000 0.193359 0.965625 0.197266
0 0.125000 0.630859 0.103125 0.626953 0.095312 0.597656 0.106250 0.580078 0.128125 0.568359 0.139063 0.578125 0.139063 0.613281 0.125000 0.630859
0 0.135937 0.996094 0.126562 0.960938 0.126562 0.941406 0.134375 0.927734 0.165625 0.919922 0.187500 0.919922 0.198437 0.933594 0.210938 0.968750 0.214062 0.996094
0 0.506250 0.833984 0.471875 0.814453 0.464062 0.796875 0.467187 0.761719 0.503125 0.736328 0.521875 0.744141 0.532813 0.761719 0.529687 0.804688 0.506250 0.833984
0 0.190625 0.205078 0.168750 0.201172 0.154688 0.187500 0.145313 0.167969 0.145313 0.140625 0.162500 0.123047 0.190625 0.130859 0.210938 0.167969 0.207813 0.183594 0.190625 0.205078
0 0.090625 0.333984 0.059375 0.333984 0.035937 0.316406 0.032813 0.277344 0.059375 0.232422 0.078125 0.244141 0.079687 0.257812 0.087500 0.267578 0.096875 0.267578 0.104688 0.277344 0.101562 0.316406 0.090625 0.333984
0 0.048438 0.996094 0.051562 0.972656 0.071875 0.947266 0.081250 0.943359 0.118750 0.947266 0.129688 0.964844 0.135937 0.996094
0 0.243750 0.392578 0.218750 0.384766 0.198437 0.363281 0.198437 0.332031 0.234375 0.294922 0.246875 0.298828 0.270313 0.332031 0.264062 0.355469 0.242188 0.382812 0.243750 0.392578
0 0.318750 0.173828 0.289062 0.152344 0.292187 0.128906 0.303125 0.119141 0.312500 0.119141 0.326562 0.140625 0.329688 0.160156 0.318750 0.173828
0 0.217188 0.000000 0.214062 0.015625 0.196875 0.033203 0.175000 0.029297 0.157812 0.007812 0.157812 0.000000
0 0.653125 0.166016 0.628125 0.162109 0.614062 0.140625 0.614062 0.125000 0.626563 0.093750 0.637500 0.080078 0.656250 0.068359 0.671875 0.068359 0.698438 0.093750 0.701562 0.121094 0.681250 0.154297 0.653125 0.166016
0 0.996875 0.509766 0.981250 0.505859 0.967187 0.484375 0.967187 0.457031 0.973437 0.441406 0.984375 0.431641 0.996875 0.431641
0 0.776563 0.000000 0.776563 0.015625 0.756250 0.033203 0.740625 0.033203 0.728125 0.025391 0.710938 0.007812 0.710938 0.000000
0 0.417187 0.996094 0.440625 0.986328 0.457813 0.996094
0 0.559375 0.166016 0.525000 0.154297 0.517188 0.136719 0.501563 0.125000 0.498437 0.078125 0.509375 0.060547 0.528125 0.056641 0.537500 0.068359 0.543750 0.064453 0.560937 0.085938 0.570312 0.113281 0.570312 0.144531 0.559375 0.166016
0 0.750000 0.341797 0.721875 0.341797 0.700000 0.322266 0.668750 0.306641 0.620313 0.253906 0.620313 0.222656 0.637500 0.205078 0.653125 0.205078 0.653125 0.197266 0.678125 0.197266 0.706250 0.205078 0.743750 0.228516 0.770312 0.265625 0.776563 0.289062 0.767188 0.324219 0.750000 0.341797
0 0.996875 0.099609 0.971875 0.083984 0.951562 0.058594 0.951562 0.042969 0.965625 0.025391 0.996875 0.013672
0 0.056250 0.236328 0.039062 0.234375 0.035937 0.199219 0.045312 0.171875 0.068750 0.146484 0.100000 0.150391 0.110937 0.167969 0.107813 0.199219 0.081250 0.224609 0.071875 0.224609 0.056250 0.236328
0 0.378125 0.896484 0.337500 0.888672 0.332813 0.878906 0.335938 0.851562 0.368750 0.830078 0.381250 0.833984 0.389062 0.843750 0.389062 0.882812 0.378125 0.896484
0 0.306250 0.587891 0.290625 0.587891 0.279687 0.570312 0.282813 0.546875 0.293750 0.529297 0.306250 0.529297 0.320312 0.542969 0.320312 0.566406 0.306250 0.587891
0 0.845313 0.000000 0.845313 0.007812 0.834375 0.021484 0.806250 0.044922 0.790625 0.044922 0.776563 0.035156 0.778125 0.001953 0.810937 0.000000
0 0.489063 0.996094 0.506250 0.978516 0.515625 0.978516 0.523438 0.988281 0.520312 0.996094
0 0.150000 0.263672 0.125000 0.251953 0.117188 0.238281 0.117188 0.207031 0.134375 0.181641 0.150000 0.181641 0.173437 0.207031 0.170313 0.242188 0.150000 0.263672
0 0.090625 0.658203 0.068750 0.658203 0.048438 0.625000 0.051562 0.593750 0.062500 0.576172 0.075000 0.576172 0.089063 0.593750 0.098437 0.617188 0.098437 0.648438 0.090625 0.658203
0 0.131250 0.896484 0.110937 0.882812 0.101562 0.863281 0.101562 0.847656 0.143750 0.806641 0.171875 0.759766 0.179688 0.765625 0.179688 0.789062 0.189062 0.800781 0.182812 0.863281 0.175000 0.873047 0.143750 0.880859 0.131250 0.896484
0 0.059375 0.525391 0.043750 0.525391 0.021875 0.505859 0.010937 0.503906 0.010937 0.457031 0.050000 0.427734 0.067187 0.437500 0.082812 0.468750 0.079687 0.500000 0.059375 0.525391
0 0.646875 0.814453 0.623437 0.800781 0.604688 0.757812 0.604688 0.738281 0.621875 0.712891 0.659375 0.720703 0.679688 0.746094 0.670312 0.796875 0.659375 0.810547 0.646875 0.814453
0 0.300000 0.427734 0.275000 0.427734 0.264062 0.406250 0.264062 0.382812 0.284375 0.357422 0.300000 0.361328 0.314063 0.390625 0.310937 0.414062 0.300000 0.427734
0 0.864062 0.996094 0.860938 0.980469 0.881250 0.962891 0.893750 0.962891 0.906250 0.974609 0.918750 0.966797 0.935937 0.996094
0 0.406250 0.673828 0.384375 0.669922 0.370312 0.652344 0.373437 0.613281 0.390625 0.587891 0.403125 0.587891 0.409375 0.599609 0.429688 0.609375 0.429688 0.648438 0.421875 0.662109 0.406250 0.673828
0 0.234375 0.603516 0.209375 0.603516 0.189062 0.582031 0.176563 0.554688 0.176563 0.519531 0.185938 0.480469 0.198437 0.453125 0.231250 0.423828 0.253125 0.423828 0.284375 0.435547 0.292187 0.445312 0.295312 0.507812 0.292187 0.531250 0.279687 0.562500 0.259375 0.587891 0.234375 0.603516
0 0.087500 0.142578 0.070312 0.140625 0.070312 0.109375 0.078125 0.095703 0.092188 0.105469 0.092188 0.132812 0.087500 0.142578
0 0.668750 0.896484 0.651563 0.875000 0.651563 0.835938 0.675000 0.810547 0.696875 0.810547 0.704688 0.804688 0.709375 0.791016 0.718750 0.791016 0.721875 0.779297 0.731250 0.779297 0.729688 0.808594 0.735938 0.820312 0.735938 0.859375 0.731250 0.857422 0.703125 0.880859 0.684375 0.880859 0.668750 0.896484
0 0.445312 0.000000 0.439063 0.027344 0.431250 0.037109 0.412500 0.044922 0.381250 0.029297 0.370312 0.011719 0.370312 0.000000
