0 0.997222 0.831944 0.963889 0.843056 0.936111 0.837500 0.913889 0.829167 0.894444 0.815278 0.876389 0.788889 0.879167 0.763889 0.900000 0.745833 0.930556 0.737500 0.997222 0.729167
0 0.806944 0.000000 0.806944 0.019444 0.791667 0.048611 0.780556 0.054167 0.738889 0.056944 0.697222 0.068056 0.675000 0.065278 0.647222 0.051389 0.625000 0.045833 0.595833 0.016667 0.587500 0.000000
0 0.219444 0.351389 0.205556 0.345833 0.195833 0.336111 0.193056 0.325000 0.165278 0.300000 0.159722 0.286111 0.137500 0.258333 0.134722 0.244444 0.140278 0.238889 0.140278 0.205556 0.161111 0.187500 0.213889 0.187500 0.233333 0.201389 0.255556 0.209722 0.315278 0.280556 0.312500 0.291667 0.295833 0.308333 0.288889 0.323611 0.277778 0.329167 0.258333 0.326389 0.236111 0.348611 0.219444 0.351389
0 0.327778 0.270833 0.316667 0.270833 0.302778 0.251389 0.277778 0.237500 0.255556 0.209722 0.225000 0.190278 0.215278 0.175000 0.218056 0.147222 0.263889 0.115278 0.280556 0.115278 0.305556 0.134722 0.322222 0.131944 0.341667 0.120833 0.355556 0.120833 0.369444 0.126389 0.381944 0.144444 0.381944 0.158333 0.390278 0.166667 0.387500 0.205556 0.381944 0.222222 0.344444 0.262500 0.327778 0.270833
0 0.920833 0.000000 0.947222 0.009722 0.956944 0.019444 0.956944 0.036111 0.951389 0.041667 0.951389 0.088889 0.919444 0.112500 0.891667 0.115278 0.873611 0.102778 0.870833 0.058333 0.879167 0.025000 0.890278 0.005556 0.898611 0.000000
0 0.493056 0.000000 0.484722 0.019444 0.469444 0.031944 0.458333 0.034722 0.416667 0.026389 0.408333 0.018056 0.365278 0.000000
0 0.000000 0.568056 0.022222 0.573611 0.038889 0.584722 0.066667 0.615278 0.126389 0.658333 0.148611 0.688889 0.154167 0.725000 0.145833 0.741667 0.130556 0.756944 0.088889 0.759722 0.055556 0.740278 0.000000 0.693056
0 0.000000 0.368056 0.025000 0.356944 0.050000 0.356944 0.069444 0.359722 0.094444 0.370833 0.144444 0.404167 0.173611 0.430556 0.187500 0.461111 0.187500 0.483333 0.169444 0.504167 0.147222 0.512500 0.122222 0.518056 0.086111 0.518056 0.050000 0.504167 0.000000 0.454167
0 0.997222 0.370833 0.958333 0.376389 0.911111 0.373611 0.880556 0.359722 0.859722 0.338889 0.854167 0.327778 0.854167 0.316667 0.868056 0.277778 0.891667 0.262500 0.930556 0.256944 0.955556 0.259722 0.997222 0.273611
0 0.194444 0.151389 0.169444 0.148611 0.145833 0.133333 0.134722 0.108333 0.140278 0.080556 0.197222 0.015278 0.236111 0.001389 0.272222 0.004167 0.301389 0.041667 0.298611 0.069444 0.263889 0.109722 0.247222 0.115278 0.208333 0.145833 0.194444 0.151389
0 0.605556 0.373611 0.572222 0.370833 0.545833 0.350000 0.531944 0.325000 0.529167 0.288889 0.534722 0.277778 0.534722 0.261111 0.545833 0.241667 0.551389 0.211111 0.565278 0.175000 0.591667 0.154167 0.616667 0.151389 0.661111 0.176389 0.670833 0.188889 0.687500 0.227778 0.687500 0.255556 0.679167 0.272222 0.679167 0.286111 0.670833 0.300000 0.670833 0.308333 0.659722 0.327778 0.630556 0.362500 0.605556 0.373611
0 0.616667 0.726389 0.591667 0.726389 0.575000 0.720833 0.562500 0.708333 0.559722 0.686111 0.573611 0.652778 0.544444 0.651389 0.526389 0.636111 0.526389 0.600000 0.544444 0.579167 0.575000 0.570833 0.647222 0.573611 0.680556 0.565278 0.702778 0.573611 0.723611 0.591667 0.734722 0.616667 0.726389 0.650000 0.701389 0.683333 0.675000 0.704167 0.616667 0.726389
0 0.304167 0.997222 0.304167 0.980556 0.325000 0.948611 0.338889 0.937500 0.380556 0.926389 0.400000 0.929167 0.425000 0.940278 0.445833 0.969444 0.454167 0.994444 0.451389 0.997222
0 0.997222 0.004167 0.958333 0.026389 0.947222 0.009722 0.920833 0.000000
0 0.538889 0.576389 0.511111 0.576389 0.494444 0.565278 0.484722 0.552778 0.484722 0.533333 0.504167 0.494444 0.538889 0.462500 0.566667 0.445833 0.594444 0.434722 0.622222 0.431944 0.641667 0.440278 0.669444 0.462500 0.675000 0.462500 0.693056 0.486111 0.701389 0.505556 0.701389 0.522222 0.695833 0.538889 0.680556 0.554167 0.661111 0.562500 0.638889 0.565278 0.569444 0.565278 0.538889 0.576389
0 0.000000 0.020833 0.013889 0.026389 0.031944 0.041667 0.045833 0.077778 0.040278 0.116667 0.023611 0.158333 0.000000 0.179167
0 0.569444 0.898611 0.508333 0.890278 0.486111 0.876389 0.458333 0.870833 0.436111 0.859722 0.423611 0.844444 0.420833 0.816667 0.437500 0.786111 0.458333 0.768056 0.472222 0.762500 0.519444 0.759722 0.588889 0.773611 0.619444 0.793056 0.637500 0.822222 0.640278 0.855556 0.619444 0.881944 0.597222 0.893056 0.569444 0.898611
0 0.809722 0.997222 0.801389 0.977778 0.801389 0.944444 0.812500 0.922222 0.830556 0.906944 0.863889 0.893056 0.897222 0.895833 0.944444 0.909722 0.979167 0.950000 0.981944 0.980556 0.976389 0.997222
0 0.000000 0.818056 0.030556 0.820833 0.054167 0.841667 0.068056 0.869444 0.070833 0.891667 0.102778 0.901389 0.115278 0.913889 0.120833 0.941667 0.109722 0.961111 0.083333 0.981944 0.047222 0.981944 0.027778 0.976389 0.012500 0.963889 0.004167 0.950000 0.004167 0.933333 0.000000 0.929167
0 0.658333 0.859722 0.641667 0.856944 0.640278 0.844444 0.647222 0.840278 0.658333 0.843056 0.662500 0.847222 0.658333 0.859722
0 0.997222 0.545833 0.941667 0.565278 0.911111 0.565278 0.888889 0.556944 0.873611 0.538889 0.873611 0.519444 0.883333 0.506944 0.894444 0.501389 0.941667 0.501389 0.955556 0.495833 0.965278 0.483333 0.973611 0.450000 0.984722 0.433333 0.997222 0.423611
