0 0.247222 0.881944 0.208333 0.870833 0.201389 0.861111 0.193056 0.822222 0.152778 0.795833 0.131944 0.772222 0.126389 0.747222 0.145833 0.722222 0.151389 0.705556 0.169444 0.690278 0.197222 0.690278 0.216667 0.701389 0.241667 0.706944 0.258333 0.715278 0.273611 0.733333 0.276389 0.750000 0.262500 0.783333 0.262500 0.808333 0.270833 0.819444 0.276389 0.844444 0.268056 0.869444 0.247222 0.881944
0 0.273611 0.997222 0.265278 0.961111 0.270833 0.938889 0.297222 0.915278 0.330556 0.906944 0.377778 0.909722 0.430556 0.937500 0.448611 0.961111 0.454167 0.977778 0.454167 0.997222
0 0.000000 0.856944 0.009722 0.869444 0.009722 0.888889 0.000000 0.898611
0 0.997222 0.434722 0.977778 0.429167 0.959722 0.405556 0.959722 0.388889 0.970833 0.355556 0.997222 0.331944
0 0.930556 0.987500 0.911111 0.981944 0.901389 0.972222 0.890278 0.955556 0.887500 0.933333 0.879167 0.913889 0.879167 0.872222 0.884722 0.844444 0.890278 0.830556 0.911111 0.809722 0.936111 0.812500 0.956944 0.847222 0.965278 0.852778 0.984722 0.930556 0.965278 0.977778 0.961111 0.981944 0.930556 0.987500
0 0.855556 0.781944 0.844444 0.781944 0.827778 0.773611 0.793056 0.733333 0.773611 0.700000 0.770833 0.675000 0.776389 0.661111 0.791667 0.645833 0.811111 0.640278 0.836111 0.640278 0.863889 0.654167 0.897222 0.656944 0.918056 0.675000 0.920833 0.694444 0.931944 0.708333 0.931944 0.722222 0.920833 0.741667 0.894444 0.765278 0.855556 0.781944
0 0.350000 0.212500 0.327778 0.212500 0.311111 0.204167 0.290278 0.183333 0.251389 0.111111 0.234722 0.091667 0.229167 0.077778 0.229167 0.033333 0.250000 0.012500 0.275000 0.004167 0.316667 0.004167 0.336111 0.015278 0.362500 0.047222 0.384722 0.091667 0.398611 0.136111 0.398611 0.155556 0.395833 0.169444 0.381944 0.191667 0.369444 0.204167 0.350000 0.212500
0 0.770833 0.000000 0.858333 0.029167 0.883333 0.054167 0.891667 0.056944 0.929167 0.088889 0.937500 0.108333 0.937500 0.133333 0.931944 0.152778 0.918056 0.177778 0.891667 0.198611 0.877778 0.201389 0.872222 0.206944 0.844444 0.206944 0.816667 0.195833 0.805556 0.184722 0.800000 0.187500 0.797222 0.181944 0.752778 0.170833 0.741667 0.162500 0.688889 0.145833 0.665278 0.127778 0.648611 0.102778 0.645833 0.055556 0.661111 0.029167 0.688889 0.006944 0.709722 0.000000
0 0.222222 0.259722 0.211111 0.259722 0.172222 0.240278 0.133333 0.237500 0.115278 0.222222 0.104167 0.183333 0.115278 0.136111 0.120833 0.125000 0.141667 0.104167 0.161111 0.090278 0.211111 0.079167 0.230556 0.084722 0.251389 0.111111 0.268056 0.144444 0.268056 0.158333 0.279167 0.194444 0.276389 0.213889 0.259722 0.241667 0.244444 0.254167 0.222222 0.259722
0 0.225000 0.687500 0.211111 0.687500 0.202778 0.676389 0.191667 0.676389 0.172222 0.665278 0.156944 0.647222 0.156944 0.636111 0.162500 0.627778 0.180556 0.618056 0.205556 0.618056 0.219444 0.612500 0.238889 0.595833 0.266667 0.595833 0.312500 0.622222 0.312500 0.641667 0.302778 0.654167 0.286111 0.662500 0.261111 0.665278 0.258333 0.670833 0.225000 0.687500
0 0.612500 0.997222 0.604167 0.986111 0.604167 0.963889 0.608333 0.959722 0.683333 0.951389 0.713889 0.951389 0.730556 0.956944 0.748611 0.972222 0.751389 0.997222
0 0.997222 0.865278 0.977778 0.862500 0.956944 0.847222 0.934722 0.808333 0.926389 0.769444 0.929167 0.730556 0.940278 0.694444 0.963889 0.681944 0.997222 0.681944
0 0.347222 0.673611 0.330556 0.670833 0.323611 0.658333 0.326389 0.641667 0.336111 0.634722 0.347222 0.634722 0.359722 0.650000 0.356944 0.666667 0.347222 0.673611
0 0.716667 0.465278 0.700000 0.465278 0.688889 0.459722 0.683333 0.462500 0.668056 0.447222 0.665278 0.422222 0.670833 0.397222 0.693056 0.369444 0.695833 0.355556 0.704167 0.347222 0.704167 0.338889 0.713889 0.323611 0.750000 0.295833 0.783333 0.295833 0.798611 0.305556 0.806944 0.322222 0.809722 0.338889 0.801389 0.366667 0.795833 0.369444 0.770833 0.416667 0.748611 0.444444 0.730556 0.459722 0.716667 0.465278
0 0.000000 0.231944 0.019444 0.231944 0.038889 0.240278 0.054167 0.261111 0.054167 0.275000 0.038889 0.295833 0.025000 0.304167 0.000000 0.309722
0 0.000000 0.565278 0.033333 0.556944 0.061111 0.543056 0.091667 0.543056 0.136111 0.570833 0.154167 0.597222 0.145833 0.630556 0.133333 0.645833 0.122222 0.651389 0.105556 0.656944 0.072222 0.656944 0.055556 0.665278 0.013889 0.665278 0.000000 0.654167
0 0.097222 0.784722 0.075000 0.784722 0.061111 0.776389 0.048611 0.747222 0.051389 0.716667 0.065278 0.694444 0.080556 0.684722 0.113889 0.687500 0.131944 0.702778 0.123611 0.755556 0.097222 0.784722
0 0.744444 0.948611 0.716667 0.943056 0.695833 0.916667 0.690278 0.902778 0.690278 0.875000 0.701389 0.844444 0.727778 0.823611 0.763889 0.806944 0.813889 0.806944 0.850000 0.823611 0.865278 0.844444 0.865278 0.880556 0.819444 0.918056 0.744444 0.948611
0 0.330556 0.612500 0.294444 0.609722 0.266667 0.595833 0.255556 0.595833 0.231944 0.566667 0.231944 0.555556 0.226389 0.547222 0.226389 0.522222 0.231944 0.505556 0.245833 0.477778 0.283333 0.454167 0.311111 0.451389 0.338889 0.465278 0.368056 0.497222 0.390278 0.536111 0.390278 0.561111 0.381944 0.583333 0.369444 0.595833 0.330556 0.612500
0 0.962500 0.997222 0.962500 0.980556 0.976389 0.947222 0.986111 0.934722 0.997222 0.931944
0 0.115278 0.000000 0.106944 0.036111 0.091667 0.051389 0.075000 0.059722 0.055556 0.056944 0.037500 0.036111 0.034722 0.013889 0.009722 0.000000
0 0.891667 0.604167 0.858333 0.604167 0.831944 0.586111 0.826389 0.572222 0.826389 0.536111 0.831944 0.530556 0.843056 0.494444 0.870833 0.447222 0.897222 0.434722 0.916667 0.434722 0.936111 0.448611 0.945833 0.463889 0.945833 0.533333 0.940278 0.541667 0.937500 0.563889 0.926389 0.580556 0.911111 0.595833 0.891667 0.604167
