0 0.137500 0.712891 0.121875 0.712891 0.115625 0.705078 0.084375 0.697266 0.054688 0.664062 0.051562 0.625000 0.062500 0.611328 0.078125 0.603516 0.103125 0.603516 0.109375 0.595703 0.178125 0.591797 0.225000 0.607422 0.256250 0.630859 0.278125 0.638672 0.307812 0.667969 0.303125 0.673828 0.293750 0.666016 0.209375 0.658203 0.178125 0.669922 0.137500 0.712891
0 0.318750 0.861328 0.256250 0.849609 0.181250 0.826172 0.128125 0.818359 0.100000 0.802734 0.089063 0.789062 0.085938 0.769531 0.134375 0.732422 0.193750 0.732422 0.253125 0.763672 0.284375 0.794922 0.289062 0.800781 0.289062 0.824219 0.323437 0.855469 0.318750 0.861328
0 0.996875 0.283203 0.987500 0.279297 0.976562 0.261719 0.976562 0.250000 0.964063 0.234375 0.951562 0.187500 0.951562 0.171875 0.957812 0.160156 0.984375 0.123047 0.996875 0.119141
0 0.553125 0.478516 0.509375 0.474609 0.493750 0.462891 0.475000 0.458984 0.462500 0.447266 0.425000 0.439453 0.410938 0.406250 0.410938 0.339844 0.418750 0.330078 0.450000 0.330078 0.471875 0.337891 0.534375 0.400391 0.546875 0.404297 0.567187 0.437500 0.567187 0.468750 0.553125 0.478516
0 0.000000 0.962891 0.014063 0.972656 0.026562 0.988281 0.026562 0.996094
0 0.943750 0.435547 0.853125 0.435547 0.826562 0.398438 0.823438 0.386719 0.848437 0.351562 0.854688 0.328125 0.884375 0.291016 0.918750 0.294922 0.940625 0.306641 0.951562 0.320312 0.951562 0.332031 0.964063 0.355469 0.964063 0.386719 0.960938 0.414062 0.943750 0.435547
0 0.146875 0.322266 0.120313 0.320312 0.110937 0.300781 0.114062 0.281250 0.123438 0.261719 0.143750 0.240234 0.159375 0.248047 0.171875 0.240234 0.179688 0.253906 0.176563 0.277344 0.167187 0.289062 0.164062 0.304688 0.146875 0.322266
0 0.996875 0.037109 0.950000 0.025391 0.939063 0.011719 0.939063 0.000000
0 0.934375 0.201172 0.903125 0.193359 0.896875 0.185547 0.862500 0.185547 0.840625 0.169922 0.800000 0.169922 0.776563 0.152344 0.776563 0.136719 0.787500 0.123047 0.809375 0.115234 0.856250 0.080078 0.912500 0.060547 0.959375 0.052734 0.979688 0.085938 0.960938 0.125000 0.951562 0.183594 0.934375 0.201172
0 0.421875 0.873047 0.396875 0.873047 0.365625 0.857422 0.325000 0.857422 0.289062 0.824219 0.289062 0.800781 0.253125 0.763672 0.193750 0.732422 0.143750 0.720703 0.139063 0.710938 0.171875 0.677734 0.209375 0.658203 0.293750 0.666016 0.318750 0.685547 0.362500 0.705078 0.437500 0.767578 0.443750 0.767578 0.457813 0.785156 0.457813 0.796875 0.467187 0.808594 0.464062 0.835938 0.421875 0.873047
0 0.287500 0.994141 0.168750 0.994141 0.154688 0.980469 0.145313 0.953125 0.125000 0.943359 0.107813 0.917969 0.107813 0.898438 0.112500 0.892578 0.159375 0.892578 0.175000 0.904297 0.253125 0.935547 0.287500 0.958984 0.307812 0.980469 0.303125 0.990234 0.287500 0.994141
0 0.348438 0.000000 0.293750 0.076172 0.250000 0.111328 0.231250 0.115234 0.225000 0.123047 0.178125 0.119141 0.160938 0.101562 0.157812 0.058594 0.164062 0.011719 0.170313 0.000000
0 0.990625 0.880859 0.970313 0.855469 0.957812 0.824219 0.970313 0.808594 0.976562 0.789062 0.973437 0.746094 0.978125 0.740234 0.992188 0.750000 0.995313 0.777344 0.995313 0.875000 0.990625 0.880859
0 0.275000 0.318359 0.253125 0.314453 0.248438 0.308594 0.245312 0.250000 0.254688 0.218750 0.279687 0.187500 0.289062 0.160156 0.307812 0.140625 0.307812 0.132812 0.331250 0.111328 0.356250 0.076172 0.371875 0.060547 0.400000 0.060547 0.420312 0.082031 0.423438 0.109375 0.423438 0.148438 0.407813 0.210938 0.353125 0.267578 0.325000 0.271484 0.312500 0.279297 0.287500 0.298828 0.275000 0.318359
0 0.000000 0.751953 0.031250 0.751953 0.056250 0.763672 0.076563 0.785156 0.098437 0.832031 0.098437 0.843750 0.090625 0.857422 0.078125 0.857422 0.068750 0.865234 0.034375 0.869141 0.000000 0.857422
0 0.628125 0.705078 0.559375 0.701172 0.537500 0.689453 0.487500 0.642578 0.407813 0.546875 0.401562 0.531250 0.401562 0.488281 0.407813 0.468750 0.428125 0.439453 0.462500 0.447266 0.475000 0.458984 0.493750 0.462891 0.509375 0.474609 0.540625 0.478516 0.582812 0.507812 0.601562 0.539062 0.607812 0.562500 0.629687 0.593750 0.639062 0.625000 0.651563 0.640625 0.648438 0.695312 0.628125 0.705078
0 0.096875 0.525391 0.053125 0.521484 0.048438 0.515625 0.048438 0.492188 0.115625 0.423828 0.140625 0.412109 0.171875 0.384766 0.209375 0.337891 0.231250 0.333984 0.239063 0.355469 0.239063 0.375000 0.226562 0.390625 0.226562 0.398438 0.210938 0.414062 0.207813 0.429688 0.143750 0.498047 0.096875 0.525391
0 0.475000 0.291016 0.464062 0.281250 0.448437 0.250000 0.439063 0.218750 0.442188 0.203125 0.450000 0.193359 0.478125 0.189453 0.509375 0.205078 0.553125 0.205078 0.560937 0.214844 0.560937 0.230469 0.550000 0.240234 0.512500 0.236328 0.503125 0.244141 0.475000 0.291016
0 0.490625 0.708984 0.412500 0.705078 0.390625 0.673828 0.346875 0.634766 0.325000 0.623047 0.278125 0.576172 0.232813 0.500000 0.235937 0.453125 0.300000 0.392578 0.331250 0.373047 0.356250 0.373047 0.371875 0.392578 0.415625 0.419922 0.426563 0.441406 0.407813 0.468750 0.401562 0.488281 0.401562 0.531250 0.412500 0.552734 0.495312 0.648438 0.495312 0.656250 0.504687 0.667969 0.504687 0.683594 0.490625 0.708984
0 0.965625 0.650391 0.946875 0.650391 0.912500 0.638672 0.900000 0.623047 0.868750 0.607422 0.826562 0.566406 0.820312 0.550781 0.823438 0.500000 0.859375 0.447266 0.881250 0.439453 0.906250 0.439453 0.912500 0.447266 0.965625 0.466797 0.982812 0.488281 0.982812 0.636719 0.965625 0.650391
0 0.793750 0.361328 0.712500 0.349609 0.682813 0.316406 0.670312 0.296875 0.670312 0.277344 0.679688 0.218750 0.684375 0.212891 0.706250 0.205078 0.715625 0.193359 0.784375 0.185547 0.793750 0.177734 0.806250 0.177734 0.843750 0.193359 0.864062 0.214844 0.870313 0.234375 0.870313 0.257812 0.860938 0.289062 0.860938 0.308594 0.831250 0.341797 0.793750 0.361328
0 0.821875 0.501953 0.784375 0.501953 0.775000 0.494141 0.756250 0.494141 0.746875 0.482422 0.725000 0.474609 0.700000 0.447266 0.671875 0.435547 0.660937 0.417969 0.651563 0.371094 0.656250 0.365234 0.681250 0.365234 0.700000 0.345703 0.740625 0.353516 0.746875 0.361328 0.775000 0.369141 0.800000 0.384766 0.821875 0.404297 0.829688 0.421875 0.832812 0.488281 0.821875 0.501953
0 0.934375 0.830078 0.896875 0.830078 0.859375 0.810547 0.832812 0.785156 0.832812 0.773438 0.814063 0.730469 0.785937 0.691406 0.785937 0.609375 0.793750 0.599609 0.831250 0.595703 0.865625 0.603516 0.890625 0.626953 0.918750 0.638672 0.957812 0.679688 0.967187 0.703125 0.970313 0.765625 0.976562 0.773438 0.976562 0.789062 0.970313 0.808594 0.959375 0.822266 0.934375 0.830078
0 0.725000 0.748047 0.684375 0.748047 0.668750 0.740234 0.648438 0.710938 0.648438 0.675781 0.654687 0.667969 0.651563 0.640625 0.617188 0.574219 0.614062 0.558594 0.579688 0.503906 0.579688 0.496094 0.606250 0.455078 0.634375 0.455078 0.656250 0.462891 0.700000 0.501953 0.731250 0.544922 0.754687 0.566406 0.757812 0.597656 0.773438 0.625000 0.773438 0.679688 0.760938 0.710938 0.760938 0.726562 0.725000 0.748047
0 0.346875 0.982422 0.321875 0.978516 0.271875 0.931641 0.231250 0.912109 0.193750 0.880859 0.162500 0.873047 0.125000 0.873047 0.120313 0.859375 0.128125 0.849609 0.181250 0.841797 0.265625 0.865234 0.337500 0.900391 0.365625 0.927734 0.371875 0.927734 0.401562 0.960938 0.396875 0.974609 0.346875 0.982422
