0 0.669025 0.201493 0.664308 0.201493 0.661557 0.195688 0.661557 0.189055 0.663129 0.182421 0.663129 0.172471 0.665487 0.162521 0.669025 0.155058 0.672956 0.155058 0.674921 0.159204 0.674921 0.170813 0.672563 0.182421 0.672563 0.192371 0.669025 0.201493
0 0.799528 0.682421 0.794025 0.682421 0.789308 0.675788 0.783805 0.672471 0.781053 0.666667 0.781053 0.656716 0.785377 0.650912 0.789308 0.650912 0.803066 0.673300 0.803066 0.678275 0.799528 0.682421
0 0.117138 0.607794 0.112421 0.607794 0.108491 0.604478 0.095912 0.606136 0.092374 0.597015 0.092374 0.585406 0.093553 0.582919 0.096698 0.582919 0.106132 0.586235 0.117138 0.586235 0.119890 0.592040 0.119890 0.600332 0.117138 0.607794
0 0.607704 0.208126 0.604560 0.208126 0.601808 0.202322 0.601808 0.174129 0.606132 0.155058 0.609670 0.159204 0.611242 0.175788 0.611242 0.200663 0.607704 0.208126
0 0.701258 0.800166 0.699686 0.800166 0.692217 0.782753 0.692217 0.757877 0.693396 0.755390 0.696541 0.755390 0.700865 0.767828 0.702437 0.782753 0.704796 0.791045 0.704796 0.796020 0.701258 0.800166
0 0.854560 0.584577 0.845912 0.581260 0.834906 0.572968 0.833726 0.565506 0.837264 0.558043 0.843553 0.558043 0.849843 0.564677 0.862421 0.564677 0.863601 0.567164 0.863601 0.578773 0.862421 0.581260 0.856918 0.581260 0.854560 0.584577
0 0.874214 0.430348 0.865566 0.430348 0.862028 0.424544 0.862028 0.417910 0.864780 0.413765 0.870283 0.413765 0.872642 0.410448 0.880503 0.407131 0.882469 0.411277 0.882469 0.421227 0.879717 0.427032 0.874214 0.430348
0 0.593553 0.859867 0.591981 0.859867 0.589230 0.854063 0.588836 0.831675 0.590802 0.834163 0.592374 0.845771 0.593947 0.849088 0.593553 0.859867
0 0.738208 0.765340 0.735849 0.765340 0.726022 0.741294 0.723664 0.731343 0.724843 0.727197 0.727594 0.729685 0.738601 0.757877 0.739387 0.762852 0.738208 0.765340
0 0.322327 0.300995 0.315252 0.299337 0.309355 0.276949 0.309355 0.262023 0.313679 0.251244 0.316824 0.251244 0.318789 0.255390 0.318789 0.258706 0.323506 0.271973 0.324292 0.295191 0.322327 0.300995
0 0.552673 0.204809 0.549921 0.202322 0.549921 0.182421 0.551494 0.174129 0.554245 0.169983 0.554638 0.200663 0.552673 0.204809
0 0.300314 0.315920 0.296777 0.310116 0.293632 0.290216 0.293632 0.278607 0.291274 0.268657 0.293239 0.257877 0.296384 0.259536 0.300708 0.271973 0.302280 0.311774 0.300314 0.315920
0 0.762579 0.237977 0.757075 0.237977 0.755896 0.235489 0.755896 0.215589 0.758255 0.205638 0.762579 0.196517 0.768082 0.193201 0.769261 0.195688 0.769261 0.202322 0.766116 0.215589 0.765330 0.232172 0.762579 0.237977
0 0.783805 0.718905 0.778302 0.715589 0.768475 0.694859 0.766903 0.689884 0.766903 0.681592 0.768082 0.679104 0.774371 0.679104 0.781840 0.691542 0.785770 0.703151 0.785770 0.714760 0.783805 0.718905
0 0.322327 0.888060 0.319969 0.888060 0.317217 0.882255 0.317217 0.865672 0.321541 0.849917 0.323506 0.852405 0.324292 0.873964 0.324292 0.880597 0.322327 0.888060
0 0.300314 0.896352 0.297170 0.896352 0.295204 0.892206 0.295204 0.880597 0.298349 0.865672 0.298349 0.830846 0.301887 0.826700 0.303066 0.829187 0.302280 0.854063 0.303852 0.885572 0.300314 0.896352
0 0.447327 0.241294 0.443396 0.241294 0.442217 0.238806 0.442217 0.230514 0.443003 0.210614 0.444575 0.207297 0.444575 0.192371 0.446541 0.186567 0.448899 0.186567 0.452044 0.189884 0.454009 0.195688 0.454009 0.235489 0.447327 0.241294
0 0.708333 0.211443 0.705189 0.211443 0.702437 0.203980 0.702437 0.185738 0.704796 0.175788 0.710692 0.161692 0.715409 0.160033 0.717374 0.164179 0.716588 0.177446 0.711871 0.203980 0.708333 0.211443
0 0.127358 0.689055 0.124214 0.689055 0.123035 0.686567 0.123821 0.676617 0.125000 0.674129 0.131289 0.674129 0.133255 0.681592 0.127358 0.689055
0 0.415881 0.906302 0.414308 0.906302 0.411557 0.898839 0.413129 0.855721 0.416667 0.846600 0.421384 0.846600 0.424135 0.860697 0.424921 0.892206 0.422170 0.899668 0.415881 0.906302
0 0.269654 0.337479 0.264937 0.337479 0.259827 0.326700 0.255896 0.313433 0.254324 0.298507 0.252752 0.295191 0.252752 0.290216 0.254717 0.286070 0.257862 0.284411 0.263758 0.298507 0.271619 0.331675 0.269654 0.337479
0 0.255503 0.854892 0.252752 0.852405 0.253538 0.829187 0.257862 0.818408 0.262579 0.816750 0.263758 0.819237 0.263758 0.837479 0.259827 0.849088 0.255503 0.854892
0 0.341981 0.907960 0.338836 0.907960 0.336871 0.903814 0.336085 0.897181 0.336085 0.880597 0.337657 0.867330 0.340409 0.859867 0.341981 0.859867 0.346305 0.872305 0.344733 0.898839 0.341981 0.907960
0 0.518082 0.218076 0.514937 0.218076 0.509041 0.200663 0.509827 0.169154 0.511792 0.161692 0.514937 0.161692 0.516903 0.165837 0.518475 0.184080 0.521619 0.200663 0.521619 0.208955 0.518082 0.218076
0 0.343553 0.296020 0.337264 0.294362 0.332940 0.281924 0.331368 0.247098 0.329009 0.242123 0.330975 0.234660 0.334119 0.234660 0.340016 0.248756 0.340802 0.271973 0.345519 0.283582 0.345519 0.290216 0.343553 0.296020
0 0.607704 0.858209 0.602201 0.856551 0.600236 0.852405 0.600236 0.837479 0.597091 0.825871 0.597091 0.805970 0.598270 0.803483 0.601415 0.803483 0.603774 0.808458 0.608097 0.824212 0.608097 0.832504 0.611242 0.850746 0.607704 0.858209
0 0.770440 0.247927 0.766903 0.245439 0.766903 0.230514 0.768475 0.227197 0.770047 0.212272 0.775157 0.194859 0.779874 0.194859 0.781053 0.197347 0.781053 0.210614 0.775550 0.233831 0.770440 0.247927
0 0.415881 0.254561 0.412736 0.254561 0.407626 0.243781 0.408412 0.207297 0.411950 0.196517 0.413522 0.196517 0.416274 0.202322 0.418632 0.220564 0.418632 0.243781 0.415881 0.254561
0 0.730346 0.221393 0.725629 0.221393 0.724450 0.218905 0.722877 0.213930 0.722877 0.199005 0.727594 0.182421 0.731918 0.173300 0.736635 0.171642 0.738601 0.177446 0.735456 0.189055 0.733097 0.213930 0.730346 0.221393
0 0.779874 0.249585 0.776336 0.245439 0.776336 0.238806 0.779481 0.227197 0.779481 0.222222 0.783805 0.211443 0.789308 0.206468 0.791274 0.210614 0.791274 0.220564 0.784984 0.240464 0.779874 0.249585
0 0.306604 0.878109 0.303066 0.870647 0.303066 0.855721 0.304638 0.835821 0.307390 0.830017 0.308962 0.830017 0.314072 0.842454 0.314072 0.854063 0.310928 0.870647 0.306604 0.878109
0 0.547170 0.896352 0.543632 0.888889 0.541274 0.867330 0.538129 0.859038 0.537343 0.847430 0.540094 0.839967 0.545597 0.839967 0.548349 0.845771 0.550708 0.857380 0.551494 0.887231 0.547170 0.896352
0 0.362421 0.909619 0.359670 0.905473 0.358097 0.898839 0.357311 0.872305 0.358884 0.857380 0.360849 0.853234 0.364780 0.853234 0.367531 0.859038 0.367531 0.888889 0.364387 0.905473 0.362421 0.909619
0 0.202044 0.839967 0.198899 0.839967 0.196148 0.834163 0.196148 0.827529 0.199292 0.804312 0.204796 0.784411 0.206761 0.781924 0.208726 0.784411 0.207940 0.820896 0.206368 0.832504 0.202044 0.839967
0 0.792453 0.697347 0.790094 0.697347 0.781053 0.681592 0.777123 0.671642 0.777123 0.665008 0.778302 0.662521 0.792846 0.688226 0.793632 0.694859 0.792453 0.697347
0 0.632075 0.846600 0.628145 0.843284 0.623035 0.829187 0.622248 0.815920 0.620676 0.812604 0.619104 0.799337 0.620283 0.791874 0.625786 0.791874 0.630110 0.799337 0.634041 0.835821 0.634041 0.842454 0.632075 0.846600
0 0.580975 0.203151 0.579009 0.200663 0.578223 0.180763 0.578223 0.155887 0.579403 0.153400 0.581761 0.153400 0.583726 0.157546 0.583726 0.175788 0.581368 0.189055 0.580975 0.203151
0 0.214623 0.843284 0.208333 0.843284 0.207154 0.840796 0.207154 0.830846 0.211871 0.807629 0.215409 0.800166 0.216981 0.800166 0.219733 0.805970 0.220519 0.827529 0.218947 0.830846 0.218947 0.835821 0.214623 0.843284
0 0.107704 0.700663 0.103774 0.700663 0.101808 0.696517 0.101808 0.691542 0.106918 0.680763 0.110063 0.677446 0.118711 0.677446 0.123035 0.683250 0.122248 0.689884 0.119497 0.695688 0.110849 0.697347 0.107704 0.700663
0 0.282233 0.335821 0.279481 0.333333 0.279481 0.328358 0.277909 0.325041 0.277909 0.303483 0.279088 0.300995 0.282626 0.306799 0.283412 0.333333 0.282233 0.335821
0 0.239780 0.352405 0.237421 0.352405 0.226022 0.330017 0.223664 0.311774 0.224843 0.305970 0.236242 0.321725 0.240959 0.339967 0.239780 0.352405
0 0.222484 0.372305 0.220912 0.372305 0.215802 0.363184 0.210299 0.344942 0.208726 0.325041 0.210692 0.320896 0.215409 0.320896 0.219733 0.333333 0.219733 0.351575 0.223664 0.364842 0.222484 0.372305
0 0.350629 0.286070 0.346698 0.286070 0.340802 0.271973 0.340016 0.245439 0.343553 0.236318 0.347484 0.236318 0.351022 0.243781 0.353381 0.253731 0.353381 0.276949 0.350629 0.286070
0 0.180031 0.433665 0.174528 0.432007 0.170991 0.421227 0.165487 0.383085 0.165487 0.378109 0.169025 0.370647 0.172170 0.372305 0.174135 0.376451 0.181211 0.399668 0.183569 0.424544 0.182783 0.429519 0.180031 0.433665
0 0.120283 0.523217 0.112421 0.521559 0.106132 0.513267 0.103381 0.505804 0.104167 0.497512 0.105346 0.495025 0.111635 0.495025 0.115566 0.498342 0.121462 0.512438 0.121462 0.520730 0.120283 0.523217
0 0.110849 0.488391 0.107704 0.488391 0.105739 0.480929 0.106918 0.478441 0.110849 0.480100 0.112028 0.482587 0.110849 0.488391
0 0.433962 0.902985 0.431604 0.902985 0.428852 0.897181 0.425708 0.880597 0.425708 0.857380 0.428459 0.849917 0.430818 0.848259 0.434748 0.849917 0.439072 0.862355 0.437500 0.890547 0.433962 0.902985
0 0.529088 0.209784 0.525157 0.209784 0.522406 0.203980 0.520833 0.159204 0.522799 0.155058 0.526730 0.155058 0.529481 0.165837 0.531053 0.203980 0.529088 0.209784
0 0.716981 0.785240 0.711478 0.785240 0.707154 0.777778 0.704796 0.764511 0.700865 0.752902 0.700865 0.741294 0.702830 0.737148 0.708333 0.737148 0.714230 0.747927 0.718947 0.772803 0.718947 0.781095 0.716981 0.785240
0 0.118711 0.675788 0.110849 0.672471 0.105346 0.672471 0.101415 0.675788 0.097877 0.671642 0.097877 0.666667 0.098664 0.661692 0.102987 0.652570 0.124214 0.655887 0.126965 0.661692 0.126965 0.666667 0.125000 0.670813 0.118711 0.675788
0 0.471698 0.899668 0.469340 0.899668 0.465802 0.892206 0.463443 0.873964 0.463443 0.852405 0.466195 0.844942 0.472484 0.844942 0.476022 0.859038 0.475236 0.888889 0.474450 0.895522 0.471698 0.899668
0 0.866352 0.544776 0.860063 0.544776 0.854953 0.533997 0.852594 0.524046 0.855346 0.518242 0.871069 0.521559 0.873035 0.525705 0.873035 0.537313 0.866352 0.544776
0 0.327830 0.883085 0.324292 0.877280 0.323506 0.872305 0.323506 0.842454 0.327044 0.838308 0.329796 0.840796 0.329796 0.878939 0.327830 0.883085
0 0.695755 0.211443 0.691038 0.211443 0.688286 0.205638 0.687500 0.187396 0.694969 0.166667 0.699686 0.166667 0.701651 0.170813 0.700865 0.192371 0.699292 0.202322 0.695755 0.211443
0 0.101415 0.710614 0.098270 0.710614 0.095519 0.706468 0.095519 0.699834 0.096698 0.697347 0.100629 0.697347 0.103381 0.703151 0.101415 0.710614
0 0.309748 0.891376 0.307783 0.888889 0.306211 0.878939 0.310928 0.870647 0.314072 0.854063 0.314072 0.845771 0.319182 0.833333 0.320362 0.835821 0.320362 0.844113 0.318789 0.847430 0.317217 0.860697 0.317217 0.872305 0.314072 0.883914 0.309748 0.891376
0 0.567610 0.873134 0.564072 0.865672 0.564072 0.840796 0.565252 0.838308 0.568003 0.842454 0.568003 0.852405 0.569575 0.860697 0.569575 0.868988 0.567610 0.873134
0 0.558176 0.208126 0.555425 0.205638 0.554638 0.200663 0.554638 0.167496 0.553066 0.164179 0.554245 0.158375 0.556604 0.158375 0.560142 0.164179 0.560142 0.203980 0.558176 0.208126
0 0.362421 0.279436 0.360063 0.279436 0.356918 0.274461 0.353381 0.262023 0.352594 0.228856 0.354560 0.223051 0.359277 0.223051 0.362814 0.230514 0.366745 0.262023 0.366745 0.271973 0.364780 0.277778 0.362421 0.279436
0 0.431604 0.256219 0.426887 0.256219 0.424135 0.250415 0.419418 0.228856 0.420991 0.210614 0.423742 0.198176 0.425708 0.200663 0.433569 0.228856 0.433569 0.250415 0.431604 0.256219
0 0.210692 0.856551 0.206761 0.856551 0.205582 0.854063 0.205582 0.849088 0.208333 0.843284 0.211478 0.843284 0.213443 0.847430 0.213443 0.850746 0.210692 0.856551
0 0.852987 0.558043 0.849843 0.558043 0.841195 0.551410 0.839230 0.547264 0.839230 0.542289 0.843553 0.534826 0.856132 0.536484 0.859670 0.543947 0.859670 0.548922 0.856918 0.554726 0.852987 0.558043
0 0.290094 0.899668 0.286557 0.897181 0.285770 0.878939 0.287343 0.868988 0.288129 0.845771 0.290487 0.835821 0.294025 0.833333 0.297563 0.844113 0.297563 0.854063 0.293632 0.873964 0.290487 0.882255 0.291274 0.897181 0.290094 0.899668
0 0.613994 0.841625 0.611242 0.835821 0.611242 0.827529 0.609670 0.822554 0.609670 0.814262 0.610849 0.811774 0.612814 0.814262 0.612814 0.820896 0.615173 0.830846 0.615173 0.839138 0.613994 0.841625
0 0.580189 0.878109 0.576651 0.873964 0.574292 0.857380 0.573506 0.827529 0.575472 0.820066 0.578223 0.824212 0.581368 0.839138 0.583726 0.844113 0.582940 0.864013 0.580189 0.878109
0 0.654874 0.204809 0.651336 0.202322 0.652123 0.185738 0.654481 0.175788 0.654481 0.164179 0.656053 0.154229 0.658805 0.150083 0.661164 0.150083 0.663129 0.155887 0.663129 0.182421 0.661557 0.194030 0.657233 0.203151 0.654874 0.204809
0 0.831761 0.314262 0.829403 0.314262 0.827437 0.306799 0.833333 0.297678 0.838836 0.284411 0.845126 0.282753 0.846305 0.288557 0.836478 0.310945 0.831761 0.314262
0 0.212264 0.388889 0.209906 0.388889 0.206368 0.381426 0.200865 0.361526 0.199292 0.346600 0.202044 0.340796 0.204403 0.340796 0.208726 0.354892 0.208726 0.359867 0.213443 0.379768 0.213443 0.386401 0.212264 0.388889
0 0.684748 0.213101 0.681604 0.213101 0.677673 0.208126 0.674135 0.195688 0.674921 0.177446 0.681604 0.161692 0.686321 0.161692 0.687500 0.164179 0.686714 0.185738 0.688286 0.207297 0.684748 0.213101
0 0.691824 0.811774 0.689465 0.811774 0.680425 0.789386 0.678852 0.769486 0.682390 0.763682 0.685535 0.763682 0.686714 0.766169 0.688286 0.776119 0.693003 0.791045 0.694575 0.807629 0.691824 0.811774
0 0.201258 0.400498 0.197327 0.398839 0.193789 0.391376 0.189072 0.374793 0.187500 0.364842 0.187500 0.351575 0.189465 0.347430 0.192610 0.347430 0.196148 0.354892 0.202437 0.379768 0.207940 0.391376 0.206761 0.397181 0.201258 0.400498
0 0.248428 0.876451 0.244497 0.876451 0.243318 0.873964 0.241745 0.868988 0.241745 0.862355 0.246069 0.853234 0.249214 0.851575 0.251179 0.855721 0.251179 0.862355 0.248428 0.876451
0 0.588050 0.858209 0.583726 0.852405 0.583726 0.837479 0.582154 0.825871 0.582154 0.819237 0.583333 0.816750 0.584906 0.816750 0.587657 0.822554 0.589230 0.850746 0.588050 0.858209
0 0.558176 0.876451 0.556211 0.873964 0.554638 0.859038 0.549921 0.840796 0.549921 0.832504 0.551101 0.830017 0.554638 0.832504 0.554638 0.844113 0.556211 0.855721 0.558569 0.862355 0.558176 0.876451
0 0.271226 0.868159 0.268475 0.862355 0.270047 0.832504 0.272799 0.826700 0.276730 0.825041 0.279481 0.829187 0.279481 0.844113 0.274764 0.865672 0.271226 0.868159
0 0.227987 0.843284 0.221305 0.832504 0.220519 0.812604 0.224843 0.798507 0.231918 0.798507 0.233884 0.804312 0.233884 0.819237 0.227987 0.843284
0 0.751572 0.753731 0.749214 0.753731 0.738601 0.736318 0.738601 0.728027 0.736242 0.721393 0.737421 0.713930 0.739780 0.713930 0.745283 0.720564 0.754324 0.739635 0.754324 0.747927 0.751572 0.753731
0 0.133648 0.737148 0.130110 0.736318 0.132469 0.716418 0.136006 0.707297 0.139151 0.707297 0.142689 0.713101 0.142689 0.721393 0.137579 0.733831 0.133648 0.737148
0 0.845912 0.330846 0.835692 0.330846 0.834513 0.325041 0.837657 0.313433 0.842767 0.302653 0.852201 0.294362 0.856918 0.286070 0.860063 0.286070 0.863601 0.295191 0.863601 0.300166 0.860849 0.305970 0.853774 0.312604 0.851022 0.321725 0.845912 0.330846
0 0.638365 0.209784 0.636006 0.209784 0.634041 0.205638 0.632469 0.177446 0.634827 0.159204 0.636792 0.155058 0.638365 0.155058 0.641903 0.165837 0.641116 0.194030 0.638365 0.209784
0 0.141509 0.500000 0.134434 0.500000 0.126572 0.483416 0.116352 0.473466 0.114387 0.469320 0.115173 0.462687 0.118711 0.456882 0.124214 0.456882 0.135220 0.480100 0.143475 0.487562 0.143475 0.494196 0.141509 0.500000
0 0.116352 0.584577 0.110063 0.584577 0.097484 0.577944 0.095519 0.573798 0.095519 0.565506 0.096698 0.563018 0.104560 0.563018 0.110849 0.567993 0.118318 0.578773 0.116352 0.584577
0 0.141509 0.801824 0.138365 0.800166 0.135613 0.794362 0.136399 0.786070 0.141116 0.767828 0.144261 0.761194 0.144261 0.757877 0.149371 0.747098 0.153302 0.747098 0.156840 0.752902 0.156840 0.756219 0.152909 0.767828 0.151336 0.786070 0.148585 0.793532 0.141509 0.801824
0 0.119497 0.541459 0.110849 0.541459 0.097484 0.531509 0.093947 0.525705 0.093947 0.520730 0.096698 0.514925 0.101415 0.514925 0.106918 0.521559 0.113208 0.521559 0.120676 0.533997 0.119497 0.541459
0 0.584906 0.206468 0.581368 0.202322 0.581368 0.189055 0.583726 0.175788 0.583726 0.162521 0.586478 0.158375 0.587657 0.160862 0.588443 0.174129 0.588443 0.192371 0.586871 0.202322 0.584906 0.206468
0 0.849843 0.607794 0.844340 0.607794 0.832547 0.597844 0.829796 0.590381 0.829796 0.582090 0.831761 0.577944 0.835692 0.577944 0.849057 0.587894 0.851808 0.593698 0.851808 0.603648 0.849843 0.607794
0 0.465409 0.228027 0.461871 0.222222 0.461085 0.213930 0.461085 0.185738 0.463050 0.179934 0.466981 0.179934 0.469733 0.185738 0.472091 0.202322 0.472091 0.220564 0.470126 0.224710 0.465409 0.228027
0 0.156447 0.798507 0.153302 0.798507 0.152123 0.796020 0.153695 0.772803 0.157233 0.763682 0.163522 0.758706 0.167060 0.766169 0.167060 0.774461 0.161557 0.791045 0.156447 0.798507
0 0.087264 0.609453 0.084906 0.609453 0.082154 0.603648 0.082154 0.597015 0.084119 0.592869 0.087264 0.592869 0.089230 0.597015 0.089230 0.605307 0.087264 0.609453
0 0.100629 0.687396 0.095912 0.685738 0.091981 0.680763 0.090016 0.676617 0.090016 0.671642 0.091195 0.669154 0.097484 0.670813 0.101808 0.681592 0.100629 0.687396
0 0.650157 0.836650 0.647799 0.836650 0.645833 0.832504 0.643475 0.817579 0.642689 0.792703 0.643868 0.790216 0.646619 0.794362 0.647406 0.805970 0.651336 0.820896 0.651336 0.834163 0.650157 0.836650
0 0.374214 0.277778 0.369497 0.277778 0.366745 0.271973 0.366745 0.262023 0.362814 0.235489 0.362814 0.225539 0.367925 0.218076 0.371069 0.219735 0.373821 0.230514 0.373821 0.253731 0.375393 0.270315 0.374214 0.277778
0 0.273585 0.884743 0.270047 0.882255 0.270047 0.872305 0.272013 0.866501 0.274371 0.866501 0.276336 0.870647 0.276336 0.880597 0.273585 0.884743
0 0.290094 0.329187 0.287736 0.327529 0.285770 0.320066 0.285770 0.285240 0.284198 0.280265 0.284198 0.273632 0.285377 0.271144 0.287736 0.271144 0.289701 0.275290 0.290487 0.295191 0.293632 0.316750 0.293632 0.323383 0.290094 0.329187
0 0.548742 0.208126 0.544025 0.208126 0.540487 0.199005 0.540487 0.179104 0.542060 0.175788 0.542060 0.169154 0.544811 0.163350 0.546384 0.163350 0.549135 0.172471 0.549921 0.205638 0.548742 0.208126
0 0.639937 0.843284 0.636399 0.839138 0.634827 0.820896 0.630110 0.802653 0.632075 0.793532 0.634434 0.793532 0.638365 0.798507 0.640330 0.802653 0.641116 0.812604 0.642689 0.815920 0.643475 0.834163 0.642689 0.839138 0.639937 0.843284
0 0.355346 0.896352 0.352201 0.896352 0.350236 0.892206 0.350236 0.878939 0.352987 0.864842 0.355739 0.870647 0.356525 0.893864 0.355346 0.896352
0 0.598270 0.873134 0.593947 0.865672 0.593947 0.844113 0.592374 0.839138 0.591588 0.827529 0.592767 0.823383 0.594340 0.823383 0.597091 0.829187 0.598664 0.845771 0.600236 0.849088 0.600236 0.865672 0.598270 0.873134
0 0.278302 0.340796 0.274764 0.336650 0.270047 0.311774 0.262972 0.290216 0.262972 0.281924 0.264937 0.277778 0.268082 0.277778 0.269261 0.280265 0.274764 0.298507 0.276336 0.313433 0.277909 0.316750 0.277909 0.325041 0.279481 0.328358 0.279481 0.338308 0.278302 0.340796
0 0.717767 0.214760 0.713443 0.207297 0.713443 0.200663 0.719733 0.172471 0.721698 0.168325 0.724843 0.168325 0.726808 0.174129 0.726022 0.184080 0.722877 0.195688 0.722877 0.200663 0.717767 0.214760
0 0.402516 0.261194 0.400157 0.261194 0.395833 0.248756 0.395833 0.215589 0.398585 0.204809 0.400943 0.204809 0.404481 0.210614 0.406053 0.225539 0.405267 0.253731 0.402516 0.261194
0 0.406447 0.906302 0.404874 0.906302 0.402123 0.900498 0.398978 0.882255 0.398978 0.867330 0.400550 0.857380 0.402516 0.853234 0.406447 0.853234 0.409984 0.864013 0.409984 0.898839 0.406447 0.906302
0 0.878145 0.511609 0.865566 0.511609 0.859277 0.508292 0.857311 0.500829 0.860849 0.495025 0.876572 0.493367 0.880110 0.497512 0.880110 0.507463 0.878145 0.511609
0 0.775943 0.733831 0.772013 0.733831 0.768082 0.728856 0.759041 0.709784 0.759041 0.698176 0.760220 0.695688 0.764151 0.694030 0.777909 0.723051 0.777909 0.729685 0.775943 0.733831
0 0.618711 0.199834 0.613208 0.198176 0.611242 0.194030 0.611242 0.180763 0.612814 0.177446 0.612814 0.159204 0.616352 0.151741 0.617925 0.151741 0.622248 0.160862 0.623035 0.170813 0.623035 0.187396 0.621462 0.195688 0.618711 0.199834
0 0.286164 0.319237 0.282626 0.313433 0.282626 0.306799 0.276336 0.293532 0.274764 0.285240 0.275943 0.277778 0.279088 0.279436 0.281840 0.285240 0.286557 0.305141 0.286164 0.319237
0 0.822327 0.241294 0.816431 0.237148 0.817610 0.228027 0.819969 0.228027 0.823506 0.233831 0.822327 0.241294
0 0.176887 0.833333 0.171384 0.830017 0.169418 0.824212 0.170991 0.810945 0.177673 0.800166 0.179245 0.806799 0.182783 0.807629 0.182783 0.814262 0.181997 0.820896 0.176887 0.833333
0 0.440252 0.239635 0.436321 0.239635 0.433569 0.232172 0.433569 0.215589 0.431997 0.202322 0.430425 0.199005 0.430425 0.192371 0.433176 0.184909 0.435928 0.185738 0.440645 0.195688 0.443003 0.205638 0.443003 0.228856 0.442217 0.235489 0.440252 0.239635
0 0.619497 0.851575 0.615959 0.849088 0.614387 0.820896 0.612814 0.817579 0.612814 0.802653 0.614780 0.798507 0.618318 0.800995 0.619104 0.820896 0.621462 0.839138 0.621462 0.847430 0.619497 0.851575
0 0.459906 0.901327 0.455975 0.899668 0.453223 0.893864 0.450865 0.882255 0.450865 0.870647 0.452437 0.867330 0.452437 0.860697 0.455189 0.853234 0.459119 0.853234 0.461085 0.857380 0.463443 0.895522 0.459906 0.901327
0 0.145440 0.481758 0.139151 0.478441 0.128145 0.460199 0.118711 0.453566 0.116745 0.449420 0.116745 0.442786 0.119497 0.436982 0.124214 0.436982 0.133648 0.450249 0.143082 0.453566 0.146619 0.464345 0.146619 0.479270 0.145440 0.481758
0 0.395440 0.906302 0.391509 0.904643 0.388758 0.898839 0.387186 0.890547 0.387186 0.868988 0.391509 0.856551 0.395047 0.860697 0.397406 0.873964 0.397406 0.900498 0.395440 0.906302
0 0.515723 0.899668 0.514151 0.899668 0.509041 0.888889 0.505110 0.872305 0.502752 0.854063 0.506289 0.848259 0.509434 0.848259 0.512972 0.855721 0.515330 0.867330 0.517689 0.885572 0.517689 0.895522 0.515723 0.899668
0 0.155660 0.456882 0.154088 0.456882 0.147406 0.442786 0.146619 0.434494 0.142689 0.422886 0.142689 0.411277 0.144654 0.407131 0.151730 0.410448 0.157626 0.424544 0.158412 0.451078 0.155660 0.456882
0 0.222484 0.864842 0.220126 0.864842 0.217374 0.854063 0.217374 0.839138 0.220126 0.833333 0.221698 0.833333 0.226022 0.840796 0.226022 0.854063 0.222484 0.864842
0 0.830189 0.640962 0.824686 0.640962 0.823113 0.637645 0.820755 0.637645 0.816038 0.632670 0.812500 0.623549 0.815252 0.621061 0.817610 0.624378 0.830189 0.631012 0.831368 0.633499 0.830189 0.640962
0 0.860063 0.367330 0.850629 0.367330 0.848664 0.363184 0.848664 0.358209 0.851415 0.350746 0.861635 0.344113 0.863208 0.340796 0.872642 0.340796 0.877752 0.346600 0.877752 0.356551 0.874214 0.364013 0.860063 0.367330
0 0.738994 0.228027 0.736635 0.228027 0.733884 0.220564 0.735456 0.202322 0.738601 0.187396 0.742925 0.179934 0.746069 0.179934 0.747248 0.182421 0.746462 0.200663 0.743318 0.208955 0.741745 0.222222 0.738994 0.228027
0 0.875000 0.453566 0.863208 0.453566 0.858491 0.450249 0.855739 0.444444 0.855739 0.439469 0.857704 0.433665 0.875000 0.435323 0.882862 0.428690 0.886006 0.428690 0.888758 0.434494 0.887972 0.444444 0.885220 0.450249 0.875000 0.453566
0 0.674528 0.823383 0.669025 0.823383 0.665487 0.817579 0.661557 0.792703 0.661557 0.782753 0.663522 0.778607 0.667060 0.782753 0.674135 0.805970 0.675708 0.812604 0.675708 0.820896 0.674528 0.823383
0 0.141509 0.450249 0.135220 0.450249 0.133648 0.446932 0.131289 0.446932 0.127752 0.437811 0.127752 0.427861 0.130503 0.422056 0.135220 0.423715 0.143475 0.442786 0.141509 0.450249
0 0.596698 0.209784 0.593553 0.208126 0.590802 0.202322 0.589230 0.190713 0.590016 0.164179 0.591981 0.158375 0.595519 0.159204 0.598664 0.165837 0.600236 0.175788 0.601022 0.200663 0.596698 0.209784
0 0.681604 0.818408 0.678852 0.815920 0.672563 0.786070 0.672563 0.772803 0.673742 0.770315 0.677280 0.774461 0.677280 0.779436 0.678852 0.782753 0.680425 0.802653 0.683569 0.812604 0.681604 0.818408
0 0.257075 0.354063 0.253931 0.354063 0.252752 0.351575 0.249607 0.328358 0.246462 0.320066 0.244890 0.305141 0.246855 0.300995 0.251572 0.300995 0.261399 0.330017 0.260613 0.346600 0.257075 0.354063
0 0.180031 0.803483 0.177280 0.796020 0.178066 0.781095 0.182390 0.770315 0.186321 0.770315 0.186714 0.772803 0.180031 0.803483
0 0.508648 0.224710 0.505503 0.224710 0.499607 0.208955 0.499607 0.174129 0.500786 0.171642 0.503931 0.171642 0.507469 0.184080 0.507469 0.192371 0.509827 0.202322 0.509827 0.222222 0.508648 0.224710
0 0.565252 0.214760 0.560142 0.207297 0.560142 0.184080 0.565645 0.160862 0.566824 0.158375 0.569969 0.158375 0.573113 0.161692 0.578223 0.174129 0.579009 0.200663 0.565252 0.214760
0 0.731918 0.785240 0.726415 0.780265 0.720519 0.767828 0.719733 0.742952 0.720912 0.740464 0.727201 0.743781 0.729953 0.751244 0.732311 0.764511 0.737028 0.774461 0.737028 0.777778 0.731918 0.785240
0 0.125000 0.766998 0.121069 0.766998 0.117531 0.759536 0.117531 0.756219 0.122642 0.745439 0.129717 0.740464 0.130896 0.742952 0.130110 0.752902 0.127752 0.762852 0.125000 0.766998
0 0.150157 0.402156 0.147406 0.398010 0.148585 0.392206 0.152123 0.394693 0.150157 0.402156
0 0.790881 0.262852 0.787736 0.262852 0.786557 0.260365 0.787343 0.240464 0.788915 0.235489 0.797956 0.218076 0.805031 0.219735 0.806211 0.222222 0.805425 0.230514 0.800708 0.240464 0.795991 0.257048 0.794025 0.261194 0.790881 0.262852
0 0.806604 0.271144 0.799528 0.269486 0.797563 0.265340 0.797563 0.257048 0.798349 0.252073 0.805818 0.234660 0.810535 0.231343 0.815645 0.250415 0.806604 0.271144
0 0.176887 0.773632 0.172956 0.773632 0.170204 0.767828 0.170204 0.761194 0.172170 0.757048 0.173742 0.757048 0.178066 0.764511 0.176887 0.773632
0 0.261792 0.888060 0.258648 0.886401 0.256682 0.882255 0.255896 0.867330 0.258255 0.854063 0.264937 0.841625 0.268475 0.850746 0.268475 0.875622 0.261792 0.888060
0 0.328616 0.291045 0.326258 0.291045 0.324292 0.286899 0.323506 0.271973 0.318789 0.255390 0.318789 0.247098 0.321541 0.239635 0.325472 0.241294 0.332154 0.258706 0.332940 0.283582 0.328616 0.291045
0 0.383648 0.276119 0.379717 0.276119 0.374607 0.265340 0.373821 0.230514 0.378145 0.211443 0.382075 0.211443 0.383255 0.213930 0.383255 0.228856 0.385613 0.237148 0.385613 0.262023 0.384827 0.273632 0.383648 0.276119
0 0.231918 0.370647 0.229560 0.370647 0.226415 0.365672 0.219733 0.348259 0.219733 0.333333 0.220912 0.330846 0.225629 0.329187 0.233097 0.344942 0.235456 0.354892 0.235456 0.364842 0.231918 0.370647
0 0.130503 0.541459 0.128145 0.541459 0.125393 0.533997 0.126572 0.531509 0.129717 0.531509 0.131682 0.535655 0.130503 0.541459
0 0.626572 0.203151 0.623821 0.200663 0.623821 0.154229 0.625786 0.150083 0.628931 0.148425 0.631682 0.154229 0.631682 0.190713 0.630896 0.195688 0.626572 0.203151
0 0.663522 0.833333 0.660377 0.833333 0.652123 0.817579 0.648978 0.797678 0.652516 0.786899 0.655660 0.786899 0.658412 0.794362 0.661557 0.807629 0.661557 0.812604 0.664701 0.822554 0.664701 0.830846 0.663522 0.833333
0 0.383648 0.914594 0.381289 0.914594 0.377752 0.908789 0.378538 0.859038 0.381289 0.848259 0.383648 0.848259 0.386399 0.857380 0.386399 0.910448 0.383648 0.914594
0 0.816038 0.674129 0.808176 0.672471 0.801101 0.664179 0.795204 0.648425 0.795204 0.643449 0.798742 0.639303 0.806604 0.647595 0.817217 0.666667 0.816038 0.674129
0 0.499214 0.906302 0.493711 0.906302 0.491745 0.900498 0.491745 0.882255 0.490173 0.865672 0.490959 0.852405 0.492925 0.846600 0.496069 0.846600 0.501179 0.859038 0.501965 0.897181 0.499214 0.906302
0 0.461478 0.249585 0.459906 0.249585 0.454009 0.233831 0.454009 0.200663 0.455975 0.196517 0.458726 0.200663 0.461871 0.215589 0.462657 0.247098 0.461478 0.249585
0 0.095912 0.564677 0.091981 0.564677 0.090802 0.562189 0.090802 0.553897 0.091981 0.551410 0.095912 0.551410 0.097091 0.553897 0.097091 0.562189 0.095912 0.564677
0 0.188679 0.820066 0.186321 0.820066 0.183569 0.814262 0.183569 0.805970 0.189465 0.786899 0.192610 0.781924 0.196541 0.781924 0.199292 0.789386 0.199292 0.799337 0.196148 0.804312 0.195362 0.810945 0.193396 0.815091 0.188679 0.820066
0 0.112421 0.727197 0.105346 0.725539 0.103381 0.721393 0.104953 0.711443 0.106918 0.707297 0.124214 0.690713 0.130503 0.690713 0.133255 0.696517 0.133255 0.703151 0.130503 0.708955 0.112421 0.727197
0 0.447327 0.904643 0.443789 0.900498 0.441431 0.880597 0.439858 0.877280 0.440645 0.857380 0.443396 0.848259 0.446541 0.849917 0.450865 0.860697 0.450865 0.882255 0.449292 0.887231 0.449292 0.900498 0.447327 0.904643
0 0.133648 0.786899 0.130503 0.786899 0.127752 0.779436 0.128538 0.756219 0.130110 0.749585 0.135220 0.740464 0.143082 0.728856 0.147799 0.725539 0.148978 0.728027 0.148978 0.737977 0.145047 0.746269 0.146619 0.752902 0.143868 0.760365 0.138758 0.767828 0.133648 0.786899
0 0.125000 0.567993 0.113994 0.567993 0.109277 0.563018 0.102987 0.561360 0.097877 0.550580 0.097877 0.545605 0.100629 0.538143 0.104560 0.538143 0.111635 0.548093 0.125786 0.549751 0.128538 0.553897 0.128538 0.560531 0.125000 0.567993
0 0.829403 0.294362 0.821541 0.294362 0.819575 0.286899 0.823113 0.277778 0.832547 0.264511 0.836478 0.264511 0.839230 0.271973 0.839230 0.276949 0.834119 0.289386 0.829403 0.294362
0 0.497642 0.228027 0.493711 0.228027 0.491745 0.223881 0.488601 0.203980 0.488601 0.179104 0.491352 0.171642 0.493711 0.171642 0.497248 0.179104 0.498035 0.190713 0.499607 0.194030 0.499607 0.223881 0.497642 0.228027
0 0.331761 0.884743 0.329796 0.882255 0.329796 0.865672 0.332154 0.855721 0.335692 0.849917 0.336871 0.852405 0.336085 0.870647 0.331761 0.884743
0 0.746855 0.239635 0.742138 0.239635 0.740173 0.232172 0.746462 0.200663 0.753931 0.181592 0.757862 0.179934 0.759827 0.185738 0.759827 0.194030 0.751179 0.223881 0.749607 0.233831 0.746855 0.239635
0 0.870283 0.558043 0.866352 0.558043 0.865173 0.555556 0.865173 0.548922 0.866352 0.546434 0.871855 0.544776 0.873821 0.548922 0.873821 0.552239 0.870283 0.558043
0 0.121855 0.627695 0.117138 0.627695 0.113994 0.624378 0.112814 0.621891 0.112814 0.615257 0.115566 0.609453 0.122642 0.611111 0.125393 0.616915 0.125393 0.620232 0.121855 0.627695
0 0.105346 0.627695 0.093553 0.627695 0.092374 0.620232 0.095126 0.612769 0.109277 0.611111 0.111242 0.615257 0.111242 0.620232 0.105346 0.627695
0 0.819182 0.282753 0.815252 0.282753 0.814072 0.280265 0.814072 0.265340 0.820755 0.247927 0.823113 0.244610 0.827044 0.244610 0.829796 0.250415 0.829796 0.258706 0.819182 0.282753
0 0.349843 0.874793 0.347091 0.872305 0.347091 0.855721 0.347877 0.850746 0.351415 0.846600 0.352594 0.849088 0.352594 0.862355 0.351808 0.870647 0.349843 0.874793
0 0.822327 0.657546 0.806604 0.644279 0.803066 0.636816 0.803066 0.631841 0.804245 0.629353 0.807390 0.629353 0.820755 0.644279 0.823506 0.650083 0.822327 0.657546
0 0.526730 0.893035 0.523192 0.890547 0.520047 0.877280 0.512972 0.859038 0.513758 0.845771 0.516509 0.838308 0.518082 0.838308 0.520833 0.844113 0.529481 0.868988 0.529481 0.885572 0.526730 0.893035
0 0.647799 0.204809 0.645440 0.204809 0.642689 0.195688 0.642689 0.185738 0.644261 0.177446 0.644261 0.152570 0.646226 0.148425 0.648585 0.148425 0.651336 0.152570 0.652123 0.172471 0.652123 0.197347 0.647799 0.204809
0 0.150157 0.813433 0.145440 0.811774 0.144261 0.804312 0.147799 0.800166 0.155660 0.800166 0.156053 0.807629 0.150157 0.813433
0 0.870283 0.403814 0.866352 0.403814 0.864387 0.399668 0.864387 0.391376 0.867925 0.382255 0.878931 0.377280 0.882075 0.377280 0.884041 0.381426 0.884041 0.391376 0.880503 0.398839 0.872642 0.400498 0.870283 0.403814
0 0.838050 0.631012 0.834906 0.631012 0.832547 0.626036 0.827830 0.624378 0.824292 0.618574 0.823506 0.601990 0.824686 0.599502 0.829403 0.599502 0.843160 0.613599 0.842374 0.623549 0.838050 0.631012
0 0.761792 0.737148 0.757862 0.735489 0.752358 0.723881 0.750786 0.723881 0.743318 0.709784 0.743318 0.704809 0.745283 0.700663 0.751572 0.700663 0.757862 0.708955 0.763758 0.723051 0.763758 0.733002 0.761792 0.737148
0 0.128931 0.647595 0.122642 0.645937 0.121462 0.638474 0.125000 0.632670 0.127358 0.632670 0.129324 0.638474 0.128931 0.647595
0 0.199686 0.340796 0.193789 0.334992 0.193789 0.331675 0.197327 0.324212 0.201258 0.324212 0.202437 0.326700 0.202437 0.334992 0.199686 0.340796
0 0.245283 0.355721 0.241352 0.355721 0.240173 0.353234 0.240959 0.339967 0.233884 0.313433 0.233884 0.308458 0.236635 0.304312 0.242138 0.309287 0.246462 0.320066 0.248035 0.331675 0.248035 0.348259 0.245283 0.355721
0 0.096698 0.657546 0.091981 0.657546 0.090802 0.655058 0.090802 0.641791 0.093553 0.635987 0.102987 0.635987 0.106918 0.631012 0.113994 0.631012 0.119890 0.641791 0.119890 0.646766 0.117925 0.650912 0.101415 0.650912 0.096698 0.657546
0 0.742138 0.758706 0.736635 0.753731 0.729953 0.737977 0.726808 0.728027 0.727987 0.720564 0.734670 0.731343 0.742531 0.751244 0.743318 0.756219 0.742138 0.758706
0 0.192610 0.417081 0.186321 0.415423 0.181211 0.402985 0.180425 0.393035 0.174921 0.366501 0.174921 0.358209 0.176887 0.354063 0.179245 0.354063 0.182783 0.361526 0.189072 0.386401 0.195362 0.402985 0.195362 0.412935 0.192610 0.417081
0 0.392296 0.267828 0.389151 0.267828 0.385613 0.262023 0.385613 0.232172 0.387186 0.212272 0.389937 0.203151 0.395047 0.208955 0.395047 0.257048 0.392296 0.267828
0 0.847484 0.279436 0.843947 0.271973 0.845126 0.267828 0.848270 0.267828 0.849450 0.270315 0.849450 0.275290 0.847484 0.279436
0 0.571541 0.863184 0.568789 0.859038 0.568396 0.841625 0.570362 0.844113 0.572720 0.854063 0.572720 0.860697 0.571541 0.863184
0 0.165094 0.446932 0.162736 0.446932 0.160770 0.442786 0.159984 0.427861 0.153695 0.404643 0.152909 0.394693 0.155660 0.388889 0.161950 0.388889 0.164701 0.394693 0.167846 0.407960 0.169418 0.437811 0.165094 0.446932
0 0.312893 0.324212 0.310535 0.324212 0.306997 0.316750 0.301494 0.296849 0.302280 0.268657 0.300708 0.253731 0.302673 0.249585 0.306604 0.249585 0.309355 0.257048 0.309355 0.281924 0.311714 0.286899 0.314072 0.301824 0.314072 0.321725 0.312893 0.324212
0 0.485063 0.229685 0.476415 0.228027 0.472091 0.215589 0.471305 0.192371 0.475629 0.171642 0.481918 0.171642 0.483884 0.175788 0.483884 0.184080 0.487814 0.213930 0.487814 0.223881 0.485063 0.229685
0 0.486635 0.901327 0.482704 0.901327 0.480739 0.897181 0.477594 0.878939 0.477594 0.857380 0.481918 0.843284 0.484277 0.843284 0.486242 0.847430 0.487814 0.857380 0.489387 0.888889 0.488601 0.897181 0.486635 0.901327
0 0.560535 0.878109 0.558569 0.875622 0.557783 0.849088 0.558962 0.846600 0.560928 0.849088 0.560928 0.860697 0.562500 0.870647 0.560535 0.878109
0 0.839623 0.259536 0.836478 0.259536 0.834513 0.252073 0.835692 0.249585 0.838836 0.249585 0.840802 0.253731 0.839623 0.259536
0 0.870283 0.486733 0.858491 0.483416 0.856525 0.479270 0.856525 0.472637 0.861635 0.465174 0.873428 0.463516 0.877358 0.460199 0.882075 0.460199 0.884827 0.466003 0.884827 0.474295 0.882075 0.480100 0.871855 0.483416 0.870283 0.486733
0 0.121855 0.747098 0.117138 0.747098 0.114387 0.741294 0.114387 0.731343 0.117138 0.723881 0.129717 0.712272 0.131682 0.716418 0.130896 0.733002 0.127358 0.742123 0.121855 0.747098
0 0.126572 0.587894 0.121069 0.586235 0.119104 0.582090 0.119890 0.577114 0.124214 0.572968 0.128145 0.576285 0.129324 0.582090 0.126572 0.587894
0 0.536950 0.204809 0.534591 0.204809 0.531840 0.197347 0.531840 0.162521 0.534591 0.155058 0.537736 0.155058 0.539701 0.159204 0.540487 0.165837 0.540487 0.197347 0.536950 0.204809
0 0.536950 0.883085 0.533805 0.883085 0.531840 0.878939 0.526336 0.847430 0.526336 0.834163 0.527516 0.831675 0.529088 0.831675 0.535770 0.845771 0.538129 0.864013 0.538129 0.880597 0.536950 0.883085
0 0.236635 0.873134 0.233491 0.871476 0.231525 0.867330 0.230739 0.859038 0.238601 0.829187 0.242925 0.820066 0.248428 0.820066 0.250393 0.825871 0.249607 0.837479 0.245676 0.847430 0.243318 0.859038 0.236635 0.873134
0 0.283019 0.879768 0.279874 0.879768 0.277909 0.873964 0.277909 0.850746 0.283412 0.824212 0.286164 0.818408 0.287736 0.818408 0.289701 0.825871 0.285770 0.847430 0.285770 0.875622 0.283019 0.879768
0 0.187893 0.843284 0.183569 0.839138 0.183569 0.830846 0.187893 0.820066 0.192610 0.816750 0.194575 0.820896 0.194575 0.829187 0.192217 0.839138 0.187893 0.843284
0 0.374214 0.909619 0.370676 0.907131 0.370676 0.864013 0.372248 0.857380 0.375786 0.853234 0.378538 0.859038 0.378538 0.883914 0.377752 0.902156 0.374214 0.909619
0 0.166667 0.815091 0.161557 0.810945 0.161557 0.800995 0.168632 0.781095 0.172170 0.778607 0.175708 0.800995 0.171384 0.810116 0.166667 0.815091
0 0.132075 0.511609 0.125786 0.509950 0.120283 0.504975 0.114387 0.492537 0.115173 0.484245 0.118711 0.481758 0.131289 0.498342 0.133255 0.502488 0.133255 0.509121 0.132075 0.511609
0 0.853774 0.342454 0.850629 0.342454 0.849450 0.339967 0.849450 0.331675 0.852201 0.324212 0.857704 0.319237 0.862421 0.310945 0.868318 0.318408 0.867531 0.326700 0.863994 0.335821 0.856132 0.339138 0.853774 0.342454
0 0.129717 0.604478 0.125786 0.604478 0.123821 0.600332 0.123821 0.595357 0.125786 0.591211 0.129717 0.591211 0.131682 0.595357 0.129717 0.604478
0 0.246855 0.297678 0.243318 0.295191 0.245283 0.289386 0.248035 0.291874 0.246855 0.297678
