0 0.301724 0.643269 0.291667 0.643269 0.280891 0.632692 0.276580 0.621154 0.277299 0.608654 0.283046 0.604808 0.301724 0.604808 0.307471 0.606731 0.315374 0.617308 0.315374 0.632692 0.301724 0.643269
0 0.926724 0.616346 0.923132 0.615385 0.923132 0.609615 0.917385 0.603846 0.916667 0.597115 0.909483 0.608654 0.903736 0.610577 0.898707 0.603846 0.900144 0.590385 0.906609 0.581731 0.908046 0.583654 0.913793 0.579808 0.931034 0.579808 0.936063 0.600000 0.933190 0.611538 0.926724 0.616346
0 0.520115 0.983654 0.510057 0.983654 0.503592 0.975000 0.503592 0.967308 0.506466 0.965385 0.508621 0.956731 0.522989 0.952885 0.526580 0.957692 0.526580 0.976923 0.520115 0.983654
0 0.206897 0.164423 0.193966 0.164423 0.190374 0.161538 0.188937 0.148077 0.191810 0.138462 0.206897 0.129808 0.221264 0.129808 0.225575 0.133654 0.224856 0.150000 0.212644 0.162500 0.206897 0.164423
0 0.341954 0.258654 0.326149 0.254808 0.318247 0.244231 0.316810 0.219231 0.326149 0.197115 0.340517 0.197115 0.351293 0.205769 0.351293 0.215385 0.348420 0.219231 0.345546 0.236538 0.345546 0.253846 0.341954 0.258654
0 0.399425 0.985577 0.392241 0.983654 0.387213 0.975000 0.387213 0.946154 0.396552 0.935577 0.412356 0.935577 0.417385 0.942308 0.413075 0.975000 0.406609 0.983654 0.399425 0.985577
0 0.745690 0.306731 0.742816 0.306731 0.741379 0.300962 0.734195 0.300962 0.729885 0.299038 0.727011 0.293269 0.721983 0.292308 0.719109 0.282692 0.714799 0.278846 0.714799 0.265385 0.718391 0.258654 0.737069 0.262500 0.749282 0.273077 0.753592 0.280769 0.753592 0.286538 0.756466 0.288462 0.756466 0.294231 0.754310 0.300962 0.745690 0.306731
0 0.533046 0.924038 0.530891 0.923077 0.532328 0.915385 0.522989 0.900962 0.499282 0.900000 0.499282 0.878846 0.501437 0.875962 0.515805 0.866346 0.528736 0.872115 0.536638 0.882692 0.540948 0.900000 0.539511 0.911538 0.536638 0.913462 0.533046 0.924038
0 0.882184 0.200962 0.872126 0.200962 0.864943 0.197115 0.854167 0.180769 0.851293 0.173077 0.851293 0.159615 0.856322 0.149038 0.866379 0.147115 0.877155 0.159615 0.877874 0.164423 0.882902 0.167308 0.888649 0.180769 0.888649 0.194231 0.882184 0.200962
0 0.917385 0.000000 0.917385 0.011538 0.913793 0.020192 0.900862 0.020192 0.891523 0.007692 0.890086 0.000000
0 0.029454 0.000000 0.025862 0.000962 0.020833 0.009615 0.021552 0.014423 0.025144 0.015385 0.020115 0.016346 0.018678 0.020192 0.011494 0.020192 0.009339 0.017308 0.007902 0.000000
0 0.857759 0.760577 0.846264 0.760577 0.838362 0.751923 0.841236 0.736538 0.847701 0.729808 0.857759 0.729808 0.865661 0.746154 0.865661 0.755769 0.857759 0.760577
0 0.125000 0.668269 0.117816 0.666346 0.111351 0.651923 0.111351 0.638462 0.117816 0.629808 0.136494 0.635577 0.141523 0.644231 0.140086 0.655769 0.130747 0.666346 0.125000 0.668269
0 0.678161 0.787500 0.662356 0.787500 0.654454 0.775000 0.655891 0.763462 0.669540 0.754808 0.682471 0.758654 0.686063 0.767308 0.686063 0.776923 0.678161 0.787500
0 0.178161 0.643269 0.166667 0.641346 0.155891 0.630769 0.157328 0.615385 0.161638 0.605769 0.169540 0.599038 0.179598 0.599038 0.185345 0.602885 0.196121 0.626923 0.196121 0.632692 0.191092 0.639423 0.178161 0.643269
0 0.531609 0.335577 0.497126 0.333654 0.494971 0.328846 0.494971 0.317308 0.501437 0.310577 0.515805 0.310577 0.522989 0.314423 0.528736 0.312500 0.533764 0.319231 0.533764 0.330769 0.531609 0.335577
0 0.198276 0.120192 0.192529 0.120192 0.190374 0.113462 0.196839 0.108654 0.198994 0.113462 0.198276 0.120192
0 0.850575 0.577885 0.841954 0.577885 0.831178 0.567308 0.831178 0.555769 0.837644 0.545192 0.843391 0.541346 0.866379 0.541346 0.880029 0.553846 0.879310 0.562500 0.850575 0.577885
0 0.204741 0.998077 0.193247 0.986538 0.191810 0.976923 0.188937 0.973077 0.188937 0.963462 0.191092 0.960577 0.208333 0.962500 0.223420 0.986538 0.223420 0.998077
0 0.066092 0.849038 0.058190 0.830769 0.058190 0.801923 0.064655 0.795192 0.078305 0.803846 0.084052 0.817308 0.088362 0.842308 0.071839 0.841346 0.066092 0.849038
0 0.146552 0.856731 0.139368 0.856731 0.127874 0.841346 0.123563 0.841346 0.120690 0.837500 0.112069 0.837500 0.108477 0.828846 0.109914 0.813462 0.113506 0.810577 0.123563 0.810577 0.133621 0.816346 0.137931 0.824038 0.140805 0.824038 0.144397 0.828846 0.144397 0.834615 0.147270 0.836538 0.148707 0.844231 0.146552 0.856731
0 0.245690 0.837500 0.234195 0.837500 0.219109 0.826923 0.214799 0.811538 0.221264 0.797115 0.228448 0.795192 0.242816 0.800962 0.255029 0.813462 0.255029 0.830769 0.245690 0.837500
0 0.038793 0.333654 0.033046 0.333654 0.020833 0.315385 0.020833 0.305769 0.027299 0.297115 0.040230 0.300962 0.044540 0.299038 0.052443 0.309615 0.049569 0.325000 0.038793 0.333654
0 0.966954 0.099038 0.948276 0.085577 0.941810 0.075000 0.942529 0.052885 0.954023 0.050962 0.967672 0.069231 0.973420 0.080769 0.973420 0.096154 0.966954 0.099038
0 0.169540 0.260577 0.155172 0.252885 0.145115 0.252885 0.137213 0.244231 0.137213 0.238462 0.147989 0.233654 0.149425 0.237500 0.178161 0.243269 0.183190 0.250000 0.181034 0.254808 0.169540 0.260577
0 0.459770 0.377885 0.455460 0.377885 0.451149 0.372115 0.445402 0.370192 0.436063 0.357692 0.436063 0.342308 0.438218 0.339423 0.456897 0.335577 0.470546 0.346154 0.470546 0.350000 0.474856 0.355769 0.473420 0.373077 0.471264 0.375962 0.459770 0.377885
0 0.541667 0.135577 0.533046 0.133654 0.529454 0.123077 0.534483 0.112500 0.547414 0.110577 0.553879 0.117308 0.553879 0.128846 0.541667 0.135577
0 0.130747 0.881731 0.119253 0.879808 0.109914 0.867308 0.109914 0.863462 0.102730 0.851923 0.102730 0.844231 0.106322 0.839423 0.120690 0.837500 0.123563 0.841346 0.127874 0.841346 0.145833 0.861538 0.147270 0.871154 0.142241 0.877885 0.130747 0.881731
0 0.626437 0.668269 0.610632 0.650962 0.598420 0.642308 0.598420 0.630769 0.607040 0.621154 0.606322 0.618269 0.614943 0.618269 0.622126 0.629808 0.639368 0.637500 0.645833 0.646154 0.647270 0.657692 0.645115 0.660577 0.636494 0.666346 0.626437 0.668269
0 0.607759 0.135577 0.589080 0.133654 0.578305 0.126923 0.568247 0.101923 0.568247 0.092308 0.573276 0.083654 0.580460 0.079808 0.591954 0.081731 0.609914 0.101923 0.614224 0.115385 0.614224 0.125000 0.612787 0.130769 0.607759 0.135577
0 0.048851 0.850962 0.040230 0.849038 0.025144 0.832692 0.025144 0.828846 0.017960 0.819231 0.016523 0.813462 0.016523 0.803846 0.020115 0.797115 0.031609 0.797115 0.041667 0.804808 0.051006 0.825000 0.053879 0.826923 0.052443 0.832692 0.055316 0.834615 0.055316 0.838462 0.052443 0.840385 0.052443 0.846154 0.048851 0.850962
0 0.294540 0.254808 0.287356 0.254808 0.283764 0.250000 0.282328 0.221154 0.290230 0.197115 0.295977 0.193269 0.304598 0.193269 0.309626 0.198077 0.312500 0.207692 0.312500 0.230769 0.305316 0.250000 0.294540 0.254808
0 0.646552 0.979808 0.629310 0.977885 0.622845 0.969231 0.622845 0.959615 0.628592 0.951923 0.628592 0.942308 0.635057 0.933654 0.643678 0.935577 0.658764 0.957692 0.657328 0.969231 0.646552 0.979808
0 0.909483 0.581731 0.896552 0.577885 0.891523 0.571154 0.891523 0.559615 0.896552 0.556731 0.931034 0.556731 0.936063 0.565385 0.936063 0.569231 0.931034 0.574038 0.910920 0.577885 0.909483 0.581731
0 0.998563 0.520192 0.994253 0.524038 0.982759 0.524038 0.970546 0.500000 0.974138 0.479808 0.998563 0.479808
0 0.874282 0.000000 0.874282 0.007692 0.870690 0.010577 0.859195 0.008654 0.854167 0.000000
0 0.140805 0.924038 0.135057 0.922115 0.127874 0.912500 0.124282 0.911538 0.121408 0.900000 0.116379 0.897115 0.111351 0.886538 0.110632 0.872115 0.114943 0.872115 0.119253 0.879808 0.135057 0.885577 0.147270 0.900000 0.148707 0.915385 0.140805 0.924038
0 0.293103 0.510577 0.283046 0.495192 0.266523 0.478846 0.272270 0.478846 0.273707 0.463462 0.277299 0.460577 0.294540 0.464423 0.297414 0.470192 0.298851 0.466346 0.301724 0.466346 0.303161 0.472115 0.308908 0.468269 0.319684 0.475000 0.319684 0.482692 0.316810 0.484615 0.318247 0.490385 0.307471 0.502885 0.293103 0.500962 0.293103 0.510577
0 0.158046 0.466346 0.126437 0.458654 0.122845 0.453846 0.121408 0.446154 0.135057 0.433654 0.155172 0.435577 0.167385 0.446154 0.165948 0.461538 0.159483 0.462500 0.158046 0.466346
0 0.215517 0.383654 0.214799 0.380769 0.219109 0.373077 0.217672 0.357692 0.214799 0.353846 0.215517 0.341346 0.231322 0.349038 0.237787 0.359615 0.237787 0.367308 0.234195 0.374038 0.215517 0.383654
0 0.189655 0.087500 0.185345 0.081731 0.170977 0.075962 0.161638 0.061538 0.160201 0.050000 0.181034 0.049038 0.188218 0.050962 0.196839 0.058654 0.203305 0.069231 0.203305 0.076923 0.189655 0.087500
0 0.212644 0.391346 0.202586 0.391346 0.191092 0.383654 0.186063 0.373077 0.184626 0.348077 0.189655 0.343269 0.192529 0.345192 0.194684 0.338462 0.199713 0.333654 0.211207 0.337500 0.214799 0.342308 0.214799 0.353846 0.217672 0.357692 0.217672 0.378846 0.214799 0.380769 0.214799 0.388462 0.212644 0.391346
0 0.312500 0.000000 0.320402 0.000962 0.323276 0.004808 0.329023 0.002885 0.329741 0.007692 0.325431 0.011538 0.322557 0.028846 0.310345 0.039423 0.297414 0.039423 0.282328 0.032692 0.282328 0.009615 0.289511 0.000000
0 0.589080 0.266346 0.581897 0.260577 0.576868 0.251923 0.576868 0.240385 0.580460 0.235577 0.599138 0.231731 0.602011 0.235577 0.609195 0.237500 0.610632 0.241346 0.617098 0.242308 0.617816 0.262500 0.610632 0.264423 0.604885 0.260577 0.593391 0.260577 0.589080 0.266346
0 0.790230 0.072115 0.780172 0.070192 0.762213 0.042308 0.759339 0.021154 0.765805 0.012500 0.777299 0.016346 0.788075 0.028846 0.791667 0.037500 0.797414 0.041346 0.798851 0.039423 0.799569 0.048077 0.805316 0.051923 0.806753 0.055769 0.802443 0.059615 0.802443 0.063462 0.790230 0.072115
0 0.377874 0.783654 0.359195 0.777885 0.357040 0.769231 0.348420 0.757692 0.345546 0.748077 0.338362 0.744231 0.344828 0.741346 0.347701 0.735577 0.353448 0.731731 0.362069 0.731731 0.381466 0.761538 0.381466 0.776923 0.377874 0.783654
0 0.034483 0.677885 0.008621 0.677885 0.002155 0.671154 0.003592 0.659615 0.011494 0.649038 0.022989 0.643269 0.028736 0.649038 0.040230 0.652885 0.043822 0.655769 0.043822 0.673077 0.034483 0.677885
0 0.136494 0.568269 0.129310 0.568269 0.122126 0.562500 0.117098 0.550000 0.118534 0.521154 0.125000 0.514423 0.132184 0.514423 0.137213 0.521154 0.138649 0.536538 0.147270 0.551923 0.145833 0.561538 0.136494 0.568269
0 0.811782 0.789423 0.801724 0.789423 0.796695 0.780769 0.796695 0.773077 0.806034 0.760577 0.820402 0.750962 0.821839 0.747115 0.830460 0.747115 0.834052 0.751923 0.834052 0.773077 0.827586 0.781731 0.821839 0.781731 0.811782 0.789423
0 0.389368 0.583654 0.375000 0.583654 0.362069 0.572115 0.357040 0.559615 0.359914 0.551923 0.370690 0.543269 0.375000 0.543269 0.380747 0.549038 0.400862 0.550962 0.403017 0.567308 0.396552 0.579808 0.389368 0.583654
0 0.316092 0.960577 0.306034 0.958654 0.301006 0.950000 0.299569 0.940385 0.301006 0.921154 0.304598 0.914423 0.311782 0.910577 0.318966 0.910577 0.327586 0.916346 0.331178 0.921154 0.335489 0.936538 0.335489 0.942308 0.327586 0.952885 0.316092 0.960577
0 0.643678 0.804808 0.642241 0.800962 0.635776 0.798077 0.628592 0.778846 0.630029 0.767308 0.637931 0.760577 0.645115 0.760577 0.649425 0.764423 0.653017 0.773077 0.653017 0.780769 0.658764 0.784615 0.658764 0.796154 0.647989 0.799038 0.643678 0.804808
0 0.087644 0.993269 0.073276 0.993269 0.066810 0.982692 0.066810 0.975000 0.063937 0.971154 0.062500 0.961538 0.062500 0.946154 0.071839 0.935577 0.076149 0.937500 0.077586 0.933654 0.082615 0.934615 0.081178 0.940385 0.094109 0.971154 0.092672 0.990385 0.087644 0.993269
0 0.473420 0.000000 0.479167 0.007692 0.483477 0.021154 0.482040 0.046154 0.477011 0.050962 0.469828 0.049038 0.451868 0.023077 0.451868 0.000000
0 0.100575 0.089423 0.086207 0.087500 0.081178 0.078846 0.082615 0.065385 0.088362 0.053846 0.106322 0.037500 0.114943 0.043269 0.125000 0.045192 0.125718 0.048077 0.117098 0.067308 0.117098 0.073077 0.110632 0.083654 0.100575 0.089423
0 0.518678 0.787500 0.505747 0.783654 0.494253 0.775962 0.486351 0.763462 0.484914 0.750000 0.489943 0.743269 0.505747 0.737500 0.518678 0.737500 0.530172 0.749038 0.535201 0.759615 0.535201 0.765385 0.529454 0.780769 0.518678 0.787500
0 0.885057 0.289423 0.866379 0.285577 0.859914 0.276923 0.859914 0.263462 0.875000 0.249038 0.887931 0.250962 0.895833 0.263462 0.895833 0.276923 0.892241 0.283654 0.885057 0.289423
0 0.701149 0.245192 0.685345 0.235577 0.670259 0.217308 0.668822 0.203846 0.673851 0.197115 0.689655 0.197115 0.695402 0.200962 0.707615 0.219231 0.713362 0.238462 0.701149 0.245192
0 0.242816 0.572115 0.216954 0.572115 0.214080 0.568269 0.205460 0.566346 0.198994 0.557692 0.198994 0.546154 0.205460 0.539423 0.218391 0.537500 0.224138 0.543269 0.228448 0.541346 0.254310 0.554808 0.255029 0.565385 0.242816 0.572115
0 0.196839 0.320192 0.185345 0.318269 0.181753 0.311538 0.181753 0.288462 0.196839 0.281731 0.204741 0.290385 0.206178 0.296154 0.200431 0.309615 0.200431 0.315385 0.196839 0.320192
0 0.097701 0.879808 0.081897 0.877885 0.063937 0.859615 0.065374 0.850000 0.071839 0.841346 0.089080 0.843269 0.093391 0.847115 0.099856 0.857692 0.099856 0.875000 0.097701 0.879808
0 0.668103 0.410577 0.647989 0.404808 0.635776 0.384615 0.637213 0.373077 0.646552 0.366346 0.663793 0.366346 0.669540 0.372115 0.678879 0.386538 0.680316 0.401923 0.676724 0.400962 0.668103 0.410577
0 0.709770 0.858654 0.695402 0.856731 0.693247 0.851923 0.694684 0.844231 0.714080 0.829808 0.725575 0.831731 0.727730 0.834615 0.726293 0.848077 0.719828 0.854808 0.709770 0.858654
0 0.438218 0.147115 0.428161 0.147115 0.426006 0.144231 0.424569 0.123077 0.426006 0.117308 0.429598 0.114423 0.443966 0.114423 0.446121 0.119231 0.446121 0.132692 0.438218 0.147115
0 0.507184 0.960577 0.506466 0.948077 0.496408 0.928846 0.497845 0.911538 0.500718 0.903846 0.505747 0.899038 0.522989 0.900962 0.532328 0.915385 0.529454 0.925000 0.533764 0.926923 0.533764 0.942308 0.530891 0.942308 0.531609 0.947115 0.530172 0.945192 0.522989 0.952885 0.508621 0.956731 0.507184 0.960577
0 0.340517 0.097115 0.334770 0.097115 0.326868 0.090385 0.328305 0.069231 0.340517 0.052885 0.350575 0.047115 0.360632 0.047115 0.365661 0.055769 0.365661 0.067308 0.362787 0.076923 0.352011 0.093269 0.340517 0.097115
0 0.731322 0.758654 0.709770 0.756731 0.699713 0.752885 0.687500 0.738462 0.702586 0.718269 0.706897 0.718269 0.709770 0.712500 0.718391 0.712500 0.742098 0.744231 0.740661 0.753846 0.731322 0.758654
0 0.681034 0.735577 0.662356 0.735577 0.653736 0.729808 0.651580 0.723077 0.653017 0.709615 0.659483 0.702885 0.675287 0.695192 0.689655 0.697115 0.692529 0.702885 0.695402 0.700962 0.699713 0.704808 0.701868 0.707692 0.697557 0.713462 0.697557 0.717308 0.689655 0.729808 0.681034 0.735577
0 0.772989 0.874038 0.761494 0.874038 0.759339 0.865385 0.764368 0.858654 0.774425 0.854808 0.785920 0.854808 0.792385 0.859615 0.790230 0.868269 0.772989 0.874038
0 0.567529 0.562500 0.558908 0.550962 0.556034 0.550962 0.549569 0.538462 0.551006 0.528846 0.560345 0.520192 0.579023 0.522115 0.585489 0.528846 0.589799 0.538462 0.589080 0.543269 0.579023 0.543269 0.573276 0.547115 0.567529 0.562500
0 0.685345 0.952885 0.679598 0.950962 0.674569 0.944231 0.676006 0.930769 0.673132 0.921154 0.674569 0.913462 0.678161 0.910577 0.692529 0.910577 0.696121 0.917308 0.694684 0.926923 0.698994 0.930769 0.697557 0.944231 0.692529 0.950962 0.685345 0.952885
0 0.294540 0.074038 0.283764 0.071154 0.282328 0.057692 0.287356 0.045192 0.297414 0.039423 0.310345 0.039423 0.314655 0.035577 0.328305 0.044231 0.323994 0.057692 0.318966 0.064423 0.317529 0.062500 0.310345 0.070192 0.294540 0.074038
0 0.201149 0.049038 0.193966 0.049038 0.191810 0.042308 0.187500 0.040385 0.187500 0.034615 0.194684 0.019231 0.202586 0.008654 0.212644 0.004808 0.224138 0.010577 0.230603 0.023077 0.230603 0.036538 0.224138 0.045192 0.211207 0.043269 0.201149 0.049038
0 0.204023 0.500962 0.183908 0.500962 0.178161 0.493269 0.158046 0.487500 0.154454 0.482692 0.153017 0.469231 0.159483 0.462500 0.181034 0.460577 0.185345 0.466346 0.192529 0.468269 0.206178 0.478846 0.207615 0.496154 0.204023 0.500962
0 0.170977 0.524038 0.158046 0.524038 0.143678 0.518269 0.132902 0.501923 0.132902 0.488462 0.135057 0.485577 0.156609 0.483654 0.158046 0.487500 0.181034 0.495192 0.183190 0.498077 0.183190 0.511538 0.179598 0.518269 0.170977 0.524038
0 0.160920 0.802885 0.152299 0.800962 0.137213 0.776923 0.131466 0.753846 0.133621 0.741346 0.140805 0.739423 0.146552 0.743269 0.163075 0.773077 0.168822 0.788462 0.160920 0.802885
0 0.591236 0.000000 0.595546 0.015385 0.592672 0.032692 0.589799 0.040385 0.577586 0.052885 0.567529 0.052885 0.558190 0.042308 0.553879 0.023077 0.553879 0.007692 0.551006 0.000000
0 0.343391 0.937500 0.334770 0.935577 0.334052 0.928846 0.327586 0.916346 0.313937 0.909615 0.317529 0.906731 0.318966 0.908654 0.322557 0.903846 0.322557 0.892308 0.329023 0.885577 0.347701 0.885577 0.358477 0.900000 0.357040 0.930769 0.343391 0.937500
0 0.191092 0.122115 0.183190 0.119231 0.181753 0.109615 0.190374 0.103846 0.190374 0.086538 0.192529 0.083654 0.226293 0.086538 0.227730 0.101923 0.224138 0.106731 0.216954 0.112500 0.212644 0.112500 0.210489 0.103846 0.205460 0.102885 0.201868 0.105769 0.204741 0.117308 0.199713 0.118269 0.197557 0.109615 0.195402 0.108654 0.188937 0.113462 0.191810 0.117308 0.191092 0.122115
0 0.254310 0.739423 0.222701 0.735577 0.221983 0.730769 0.214799 0.721154 0.214799 0.713462 0.219828 0.706731 0.237069 0.700962 0.251437 0.704808 0.254310 0.708654 0.255747 0.706731 0.259339 0.715385 0.259339 0.730769 0.257902 0.736538 0.254310 0.739423
0 0.018678 0.410577 0.011494 0.410577 0.006466 0.403846 0.005029 0.392308 0.007902 0.378846 0.006466 0.375000 0.008621 0.374038 0.012931 0.379808 0.018678 0.374038 0.022989 0.377885 0.028736 0.372115 0.034483 0.372115 0.040948 0.380769 0.040948 0.396154 0.030172 0.400962 0.024425 0.408654 0.018678 0.410577
0 0.563218 0.333654 0.556034 0.333654 0.538793 0.325962 0.532328 0.315385 0.532328 0.305769 0.534483 0.302885 0.541667 0.302885 0.554598 0.297115 0.558908 0.299038 0.560345 0.295192 0.573276 0.297115 0.579741 0.307692 0.578305 0.323077 0.570402 0.331731 0.563218 0.333654
0 0.790230 0.454808 0.775862 0.454808 0.766523 0.446154 0.763649 0.434615 0.765805 0.418269 0.784483 0.416346 0.798132 0.430769 0.799569 0.446154 0.790230 0.454808
0 0.498563 0.972115 0.489943 0.972115 0.483477 0.959615 0.484914 0.944231 0.492816 0.937500 0.501437 0.937500 0.506466 0.948077 0.506466 0.965385 0.498563 0.972115
0 0.951149 0.164423 0.928161 0.164423 0.920977 0.160577 0.913075 0.150000 0.913075 0.130769 0.915948 0.126923 0.915948 0.121154 0.931034 0.120192 0.945402 0.124038 0.954741 0.136538 0.954741 0.155769 0.951149 0.164423
0 0.534483 0.408654 0.522989 0.404808 0.510776 0.378846 0.510776 0.369231 0.518678 0.356731 0.525862 0.360577 0.528736 0.358654 0.530891 0.371154 0.548132 0.384615 0.548132 0.400000 0.543103 0.406731 0.534483 0.408654
0 0.132184 0.385577 0.113506 0.383654 0.112069 0.377885 0.107040 0.376923 0.105603 0.359615 0.114943 0.350962 0.130747 0.354808 0.138649 0.369231 0.138649 0.378846 0.132184 0.385577
0 0.488506 0.804808 0.477011 0.804808 0.464080 0.797115 0.451868 0.780769 0.448994 0.757692 0.466954 0.758654 0.475575 0.764423 0.477011 0.768269 0.489943 0.774038 0.494971 0.782692 0.494971 0.792308 0.488506 0.804808
0 0.258621 0.295192 0.247126 0.293269 0.242816 0.285577 0.233477 0.278846 0.233477 0.275000 0.236351 0.273077 0.233477 0.267308 0.233477 0.251923 0.239943 0.239423 0.251437 0.239423 0.254310 0.245192 0.262931 0.250962 0.267960 0.261538 0.266523 0.271154 0.269397 0.273077 0.269397 0.284615 0.264368 0.293269 0.260057 0.291346 0.258621 0.295192
0 0.070402 0.164423 0.056753 0.163462 0.058190 0.153846 0.052443 0.134615 0.048851 0.133654 0.047414 0.129808 0.040948 0.128846 0.040948 0.123077 0.044540 0.118269 0.060345 0.122115 0.061782 0.125962 0.071839 0.129808 0.073276 0.135577 0.074713 0.131731 0.077586 0.131731 0.082615 0.138462 0.089799 0.161538 0.081897 0.160577 0.070402 0.164423
0 0.402299 0.774038 0.390805 0.774038 0.386494 0.768269 0.381466 0.767308 0.381466 0.761538 0.375718 0.751923 0.375718 0.736538 0.379310 0.724038 0.392241 0.727885 0.403017 0.738462 0.407328 0.755769 0.405891 0.767308 0.403017 0.769231 0.402299 0.774038
0 0.498563 0.481731 0.492816 0.481731 0.488506 0.477885 0.485632 0.479808 0.473420 0.459615 0.473420 0.450000 0.484195 0.435577 0.494253 0.433654 0.504310 0.437500 0.510057 0.441346 0.516523 0.451923 0.517960 0.457692 0.502874 0.479808 0.498563 0.481731
0 0.951149 0.120192 0.935345 0.120192 0.933908 0.116346 0.925287 0.114423 0.913793 0.106731 0.900144 0.088462 0.901580 0.080769 0.905172 0.075962 0.915230 0.075962 0.926724 0.081731 0.948994 0.103846 0.951868 0.111538 0.951149 0.120192
0 0.998563 0.147115 0.988506 0.150962 0.981322 0.145192 0.976293 0.134615 0.976293 0.119231 0.982759 0.108654 0.997126 0.110577 0.998563 0.114423
0 0.093391 0.785577 0.086207 0.785577 0.071839 0.774038 0.065374 0.765385 0.063937 0.750000 0.070402 0.743269 0.076149 0.743269 0.090517 0.752885 0.096983 0.769231 0.096983 0.780769 0.093391 0.785577
0 0.408046 0.687500 0.400862 0.687500 0.387931 0.681731 0.380029 0.669231 0.380029 0.661538 0.387931 0.654808 0.397989 0.654808 0.419540 0.664423 0.423132 0.671154 0.423132 0.676923 0.419540 0.681731 0.408046 0.687500
0 0.503592 0.998077 0.508621 0.993269 0.534483 0.993269 0.543822 0.998077
0 0.090517 0.249038 0.080460 0.247115 0.059626 0.228846 0.055316 0.209615 0.056034 0.193269 0.064655 0.191346 0.071839 0.199038 0.077586 0.200962 0.079023 0.204808 0.081897 0.204808 0.089080 0.216346 0.092672 0.217308 0.095546 0.242308 0.090517 0.249038
0 0.580460 0.572115 0.573276 0.570192 0.566810 0.563462 0.573276 0.547115 0.579023 0.543269 0.589080 0.543269 0.594109 0.550000 0.592672 0.567308 0.595546 0.569231 0.580460 0.572115
0 0.110632 0.435577 0.094828 0.433654 0.082615 0.409615 0.081178 0.400000 0.084052 0.390385 0.094828 0.377885 0.104885 0.377885 0.105603 0.382692 0.110632 0.383654 0.115661 0.394231 0.115661 0.428846 0.110632 0.435577
0 0.156609 0.079808 0.139368 0.079808 0.131466 0.069231 0.130029 0.061538 0.131466 0.048077 0.133621 0.045192 0.155172 0.045192 0.160201 0.051923 0.165948 0.071154 0.156609 0.079808
0 0.000000 0.345192 0.002874 0.343269 0.020115 0.349038 0.021552 0.345192 0.024425 0.345192 0.036638 0.357692 0.036638 0.369231 0.031609 0.368269 0.022989 0.377885 0.018678 0.374038 0.012931 0.379808 0.000000 0.368269
0 0.132184 0.047115 0.114943 0.043269 0.102011 0.033654 0.100575 0.037500 0.094109 0.025000 0.095546 0.017308 0.107759 0.008654 0.126437 0.008654 0.135057 0.016346 0.142960 0.030769 0.141523 0.042308 0.132184 0.047115
0 0.933908 0.389423 0.920977 0.389423 0.915948 0.373077 0.915948 0.361538 0.925287 0.347115 0.935345 0.347115 0.944684 0.361538 0.947557 0.373077 0.947557 0.376923 0.941092 0.385577 0.933908 0.389423
0 0.209770 0.116346 0.204741 0.115385 0.204023 0.104808 0.210489 0.105769 0.209770 0.116346
0 0.998563 0.568269 0.987069 0.566346 0.977730 0.553846 0.977730 0.544231 0.982040 0.534615 0.982040 0.528846 0.998563 0.522115
0 0.998563 0.977885 0.995690 0.977885 0.989224 0.969231 0.989224 0.965385 0.984914 0.963462 0.982040 0.953846 0.983477 0.948077 0.979167 0.946154 0.980603 0.915385 0.991379 0.910577 0.998563 0.912500
0 0.563218 0.387500 0.560345 0.387500 0.558908 0.381731 0.550287 0.385577 0.548851 0.381731 0.544540 0.381731 0.533046 0.374038 0.529454 0.363462 0.529454 0.353846 0.537356 0.349038 0.538793 0.345192 0.550287 0.341346 0.564655 0.341346 0.566092 0.345192 0.573276 0.343269 0.587644 0.350962 0.591236 0.365385 0.586207 0.372115 0.579023 0.374038 0.577586 0.379808 0.568966 0.385577 0.566092 0.385577 0.564655 0.381731 0.563218 0.387500
0 0.433190 0.000000 0.434626 0.026923 0.428161 0.039423 0.418103 0.037500 0.410201 0.028846 0.403017 0.011538 0.403017 0.000000
0 0.041667 0.645192 0.028736 0.643269 0.023707 0.636538 0.016523 0.613462 0.018678 0.595192 0.034483 0.593269 0.038793 0.602885 0.059626 0.623077 0.061063 0.634615 0.057471 0.639423 0.041667 0.645192
0 0.527299 0.274038 0.525144 0.273077 0.523707 0.265385 0.517960 0.259615 0.519397 0.230769 0.528736 0.214423 0.547414 0.214423 0.552443 0.225000 0.549569 0.226923 0.549569 0.236538 0.546695 0.238462 0.549569 0.240385 0.546695 0.259615 0.535920 0.270192 0.527299 0.270192 0.527299 0.274038
0 0.570402 0.483654 0.563218 0.483654 0.557471 0.479808 0.553161 0.470192 0.530891 0.448077 0.530891 0.440385 0.535920 0.431731 0.554598 0.427885 0.561782 0.433654 0.571839 0.435577 0.575431 0.440385 0.581178 0.453846 0.581178 0.475000 0.576149 0.481731 0.570402 0.483654
0 0.423851 0.141346 0.408046 0.139423 0.404454 0.128846 0.404454 0.115385 0.416667 0.099038 0.428161 0.093269 0.435345 0.093269 0.441810 0.105769 0.441810 0.113462 0.429598 0.114423 0.426006 0.117308 0.423851 0.141346
0 0.656609 0.075962 0.643678 0.074038 0.630029 0.057692 0.625718 0.048077 0.624282 0.030769 0.630747 0.022115 0.646552 0.020192 0.650862 0.022115 0.652299 0.025962 0.659483 0.027885 0.668822 0.042308 0.668822 0.059615 0.664511 0.069231 0.656609 0.075962
0 0.609195 0.420192 0.593391 0.420192 0.577586 0.414423 0.576149 0.410577 0.571839 0.412500 0.565374 0.403846 0.563937 0.392308 0.576149 0.383654 0.591954 0.383654 0.606322 0.389423 0.613506 0.395192 0.617098 0.403846 0.615661 0.411538 0.609195 0.420192
0 0.780172 0.185577 0.775862 0.185577 0.766523 0.171154 0.762213 0.148077 0.763649 0.134615 0.772989 0.122115 0.777299 0.120192 0.788075 0.125000 0.793822 0.134615 0.796695 0.146154 0.796695 0.163462 0.793822 0.173077 0.790230 0.179808 0.780172 0.185577
0 0.218391 0.216346 0.205460 0.216346 0.196839 0.206731 0.188218 0.202885 0.186063 0.192308 0.183190 0.190385 0.183190 0.178846 0.186782 0.174038 0.204023 0.174038 0.215517 0.177885 0.218391 0.183654 0.222701 0.183654 0.224856 0.190385 0.229167 0.194231 0.229167 0.205769 0.218391 0.216346
0 0.324713 0.781731 0.321121 0.780769 0.321121 0.773077 0.325431 0.761538 0.337644 0.745192 0.343391 0.745192 0.348420 0.753846 0.346983 0.757692 0.334770 0.775962 0.324713 0.781731
0 0.692529 0.164423 0.675287 0.164423 0.660920 0.150962 0.655891 0.140385 0.657328 0.128846 0.662356 0.124038 0.678161 0.127885 0.693247 0.151923 0.692529 0.164423
0 0.420977 0.739423 0.408764 0.732692 0.408764 0.719231 0.404454 0.713462 0.406609 0.704808 0.423851 0.697115 0.436782 0.697115 0.448994 0.707692 0.450431 0.725000 0.446839 0.731731 0.438218 0.735577 0.431034 0.733654 0.420977 0.739423
0 0.537356 0.666346 0.531609 0.666346 0.520115 0.658654 0.509339 0.640385 0.509339 0.628846 0.512931 0.622115 0.530172 0.620192 0.537356 0.622115 0.545259 0.630769 0.549569 0.642308 0.549569 0.651923 0.543103 0.664423 0.537356 0.666346
0 0.367816 0.262500 0.362069 0.262500 0.358477 0.253846 0.358477 0.238462 0.361351 0.226923 0.373563 0.218269 0.387931 0.220192 0.391523 0.225000 0.392960 0.236538 0.390086 0.246154 0.375000 0.260577 0.367816 0.262500
0 0.423851 0.231731 0.416667 0.229808 0.413075 0.223077 0.407328 0.201923 0.407328 0.188462 0.412356 0.179808 0.419540 0.174038 0.432471 0.172115 0.437500 0.184615 0.437500 0.198077 0.430316 0.223077 0.423851 0.231731
0 0.897989 0.514423 0.882184 0.514423 0.875000 0.508654 0.870690 0.508654 0.867098 0.503846 0.867098 0.486538 0.883621 0.474038 0.905172 0.475962 0.913075 0.486538 0.913075 0.500000 0.908046 0.508654 0.897989 0.514423
0 0.640805 0.274038 0.632184 0.272115 0.619971 0.248077 0.615661 0.228846 0.615661 0.211538 0.619253 0.204808 0.630747 0.204808 0.635057 0.208654 0.642960 0.223077 0.644397 0.232692 0.648707 0.240385 0.650144 0.261538 0.647270 0.269231 0.640805 0.274038
0 0.232759 0.179808 0.212644 0.177885 0.207615 0.173077 0.207615 0.163462 0.212644 0.162500 0.231322 0.145192 0.245690 0.147115 0.246408 0.151923 0.249282 0.153846 0.247845 0.159615 0.232759 0.179808
0 0.300287 0.966346 0.288793 0.966346 0.280891 0.957692 0.278017 0.950000 0.275144 0.938462 0.276580 0.921154 0.283046 0.910577 0.288793 0.908654 0.293103 0.912500 0.298851 0.912500 0.299569 0.917308 0.302443 0.919231 0.299569 0.926923 0.299569 0.940385 0.301006 0.950000 0.303879 0.953846 0.303879 0.961538 0.300287 0.966346
0 0.514368 0.185577 0.507184 0.183654 0.497845 0.173077 0.497845 0.150000 0.492098 0.146154 0.501437 0.143269 0.510057 0.127885 0.512931 0.133654 0.518678 0.135577 0.522270 0.140385 0.528017 0.159615 0.523707 0.178846 0.520115 0.183654 0.518678 0.181731 0.514368 0.185577
0 0.801724 0.502885 0.787356 0.502885 0.783764 0.496154 0.782328 0.469231 0.790230 0.458654 0.803161 0.458654 0.811063 0.476923 0.811063 0.496154 0.807471 0.500962 0.801724 0.502885
0 0.288793 0.535577 0.275862 0.533654 0.272989 0.527885 0.265805 0.524038 0.260776 0.517308 0.249282 0.492308 0.251437 0.477885 0.265805 0.475962 0.293103 0.510577 0.294540 0.506731 0.296695 0.509615 0.296695 0.526923 0.288793 0.535577
0 0.604885 0.314423 0.587644 0.314423 0.583333 0.306731 0.579741 0.305769 0.579741 0.292308 0.585489 0.276923 0.602011 0.266346 0.606322 0.266346 0.619253 0.277885 0.622845 0.288462 0.621408 0.301923 0.604885 0.314423
0 0.928161 0.472115 0.912356 0.470192 0.905172 0.464423 0.900144 0.455769 0.897270 0.438462 0.903736 0.427885 0.916667 0.425962 0.930316 0.438462 0.936063 0.451923 0.936063 0.461538 0.928161 0.472115
0 0.081897 0.422115 0.071839 0.422115 0.061063 0.411538 0.058190 0.403846 0.058190 0.394231 0.064655 0.381731 0.083333 0.377885 0.086925 0.382692 0.081178 0.398077 0.085489 0.415385 0.084770 0.418269 0.082615 0.417308 0.081897 0.422115
0 0.275862 0.404808 0.267241 0.402885 0.262213 0.398077 0.262213 0.371154 0.266523 0.355769 0.271552 0.347115 0.283046 0.347115 0.288075 0.359615 0.288075 0.386538 0.275862 0.404808
0 0.370690 0.172115 0.353448 0.170192 0.346983 0.163462 0.345546 0.157692 0.345546 0.146154 0.349856 0.140385 0.349856 0.136538 0.362069 0.125962 0.375000 0.125962 0.382902 0.132692 0.382902 0.157692 0.370690 0.172115
0 0.103448 0.639423 0.089080 0.637500 0.082615 0.623077 0.078305 0.601923 0.078305 0.590385 0.086207 0.581731 0.091954 0.581731 0.096264 0.585577 0.102730 0.596154 0.104167 0.605769 0.107040 0.609615 0.108477 0.632692 0.103448 0.639423
0 0.841954 0.810577 0.837644 0.810577 0.836207 0.806731 0.828305 0.801923 0.828305 0.784615 0.834052 0.769231 0.841954 0.758654 0.864943 0.760577 0.865661 0.776923 0.855603 0.801923 0.850575 0.806731 0.843391 0.806731 0.841954 0.810577
0 0.818966 0.237500 0.804598 0.235577 0.792385 0.219231 0.789511 0.196154 0.795977 0.181731 0.801724 0.179808 0.817529 0.185577 0.826868 0.198077 0.829741 0.209615 0.829741 0.223077 0.818966 0.237500
0 0.477011 0.535577 0.466954 0.535577 0.465517 0.531731 0.459770 0.529808 0.446121 0.517308 0.444684 0.492308 0.448276 0.487500 0.458333 0.487500 0.461207 0.491346 0.465517 0.491346 0.482040 0.507692 0.484914 0.515385 0.484914 0.526923 0.481322 0.533654 0.477011 0.535577
0 0.643678 0.599038 0.636494 0.599038 0.621408 0.573077 0.618534 0.563462 0.619253 0.549038 0.632184 0.547115 0.643678 0.558654 0.654454 0.575000 0.654454 0.592308 0.650862 0.597115 0.643678 0.599038
0 0.487069 0.652885 0.472701 0.649038 0.465517 0.643269 0.460489 0.630769 0.461925 0.625000 0.472701 0.616346 0.482759 0.616346 0.489943 0.620192 0.497845 0.632692 0.499282 0.642308 0.494253 0.649038 0.487069 0.652885
0 0.998563 0.466346 0.989943 0.464423 0.983477 0.453846 0.986351 0.440385 0.998563 0.422115
0 0.923851 0.225962 0.913793 0.225962 0.908764 0.221154 0.907328 0.200000 0.920977 0.174038 0.933908 0.174038 0.943247 0.186538 0.943247 0.201923 0.935345 0.220192 0.923851 0.225962
0 0.855603 0.998077 0.849856 0.988462 0.848420 0.975000 0.856322 0.964423 0.876437 0.966346 0.887213 0.978846 0.890086 0.986538 0.890086 0.998077
0 0.502874 0.597115 0.492816 0.591346 0.480603 0.567308 0.479167 0.555769 0.491379 0.545192 0.504310 0.550962 0.509339 0.557692 0.515086 0.578846 0.513649 0.588462 0.502874 0.597115
0 0.428161 0.647115 0.419540 0.647115 0.405891 0.636538 0.397270 0.615385 0.397270 0.609615 0.400862 0.602885 0.413793 0.597115 0.422414 0.600962 0.434626 0.615385 0.438937 0.625000 0.438937 0.638462 0.436782 0.643269 0.428161 0.647115
0 0.077586 0.733654 0.066092 0.729808 0.052443 0.715385 0.057471 0.702885 0.084770 0.700962 0.092672 0.705769 0.094109 0.715385 0.081897 0.731731 0.077586 0.733654
0 0.711207 0.166346 0.706897 0.166346 0.702586 0.160577 0.693247 0.155769 0.694684 0.151923 0.691092 0.150962 0.684626 0.136538 0.680316 0.132692 0.680316 0.125000 0.683908 0.120192 0.698276 0.120192 0.704023 0.124038 0.714799 0.138462 0.717672 0.159615 0.711207 0.166346
0 0.000000 0.104808 0.007902 0.119231 0.010776 0.132692 0.007184 0.145192 0.000000 0.145192
0 0.880747 0.637500 0.870690 0.635577 0.862069 0.629808 0.856322 0.620192 0.854885 0.622115 0.852730 0.617308 0.852730 0.605769 0.860632 0.599038 0.867816 0.599038 0.896552 0.612500 0.897270 0.619231 0.894397 0.621154 0.894397 0.626923 0.880747 0.637500
0 0.254310 0.708654 0.251437 0.704808 0.244253 0.704808 0.225575 0.693269 0.223420 0.675000 0.229885 0.668269 0.239943 0.668269 0.247126 0.674038 0.254310 0.674038 0.264368 0.681731 0.267960 0.686538 0.269397 0.694231 0.265805 0.700962 0.254310 0.708654
0 0.053161 0.272115 0.045977 0.272115 0.044540 0.264423 0.035920 0.264423 0.030891 0.259615 0.029454 0.234615 0.031609 0.229808 0.041667 0.227885 0.061063 0.250000 0.062500 0.259615 0.053161 0.272115
0 0.050287 0.174038 0.037356 0.174038 0.029454 0.163462 0.032328 0.138462 0.030891 0.136538 0.034483 0.131731 0.047414 0.129808 0.056753 0.148077 0.056753 0.163462 0.050287 0.174038
0 0.112069 0.974038 0.109195 0.974038 0.107759 0.970192 0.102011 0.972115 0.091954 0.968269 0.084052 0.942308 0.093391 0.939423 0.094828 0.941346 0.100575 0.937500 0.113506 0.937500 0.122126 0.943269 0.125718 0.948077 0.124282 0.965385 0.112069 0.974038
0 0.910201 0.998077 0.910201 0.973077 0.920977 0.960577 0.931034 0.960577 0.938937 0.969231 0.938937 0.975000 0.943247 0.984615 0.943247 0.998077
0 0.754310 0.837500 0.748563 0.837500 0.743534 0.828846 0.746408 0.809615 0.754310 0.799038 0.761494 0.795192 0.768678 0.793269 0.780172 0.797115 0.785201 0.805769 0.782328 0.819231 0.768678 0.833654 0.754310 0.837500
0 0.754310 0.933654 0.738506 0.927885 0.723420 0.909615 0.723420 0.894231 0.728448 0.887500 0.748563 0.887500 0.767960 0.907692 0.767960 0.925000 0.761494 0.931731 0.754310 0.933654
0 0.290230 0.604808 0.265805 0.602885 0.258621 0.599038 0.247845 0.586538 0.244971 0.576923 0.250000 0.570192 0.268678 0.566346 0.275862 0.568269 0.295259 0.586538 0.296695 0.598077 0.290230 0.604808
0 0.616379 0.618269 0.606322 0.618269 0.597701 0.614423 0.580460 0.595192 0.577586 0.595192 0.575431 0.592308 0.576868 0.575000 0.581897 0.570192 0.594828 0.570192 0.612069 0.579808 0.619971 0.598077 0.619971 0.615385 0.616379 0.618269
0 0.689655 0.520192 0.676724 0.520192 0.669540 0.510577 0.666667 0.510577 0.658764 0.496154 0.658764 0.482692 0.662356 0.481731 0.668103 0.474038 0.672414 0.474038 0.689655 0.489423 0.694684 0.503846 0.698994 0.505769 0.698994 0.513462 0.689655 0.520192
0 0.821839 0.393269 0.807471 0.389423 0.798132 0.369231 0.798132 0.353846 0.804598 0.345192 0.813218 0.345192 0.826149 0.352885 0.834052 0.365385 0.834052 0.380769 0.821839 0.393269
0 0.262931 0.668269 0.248563 0.666346 0.241379 0.660577 0.237069 0.660577 0.232040 0.653846 0.233477 0.636538 0.244253 0.627885 0.257184 0.631731 0.263649 0.644231 0.263649 0.653846 0.260776 0.661538 0.263649 0.663462 0.262931 0.668269
0 0.181034 0.243269 0.149425 0.237500 0.147270 0.225000 0.153736 0.216346 0.170977 0.218269 0.180316 0.232692 0.181034 0.243269
0 0.525862 0.093269 0.515805 0.091346 0.510776 0.084615 0.510776 0.073077 0.514368 0.068269 0.521552 0.070192 0.522989 0.066346 0.530172 0.066346 0.535201 0.071154 0.536638 0.084615 0.525862 0.093269
0 0.750000 0.252885 0.738506 0.252885 0.735632 0.249038 0.716954 0.243269 0.709052 0.228846 0.706178 0.213462 0.709770 0.208654 0.731322 0.208654 0.742816 0.216346 0.743534 0.221154 0.747845 0.225000 0.747845 0.230769 0.751437 0.231731 0.753592 0.238462 0.753592 0.250000 0.750000 0.252885
0 0.683908 0.435577 0.678161 0.435577 0.673132 0.430769 0.670259 0.421154 0.670259 0.409615 0.675287 0.402885 0.681034 0.402885 0.691092 0.416346 0.693247 0.401923 0.695402 0.399038 0.702586 0.399038 0.706178 0.403846 0.707615 0.423077 0.699713 0.427885 0.691092 0.418269 0.683908 0.435577
0 0.956897 0.410577 0.945402 0.410577 0.934626 0.403846 0.934626 0.388462 0.941092 0.385577 0.947557 0.376923 0.944684 0.361538 0.941092 0.354808 0.956897 0.356731 0.968391 0.368269 0.971264 0.368269 0.973420 0.373077 0.971983 0.394231 0.966954 0.402885 0.956897 0.410577
0 0.158046 0.106731 0.152299 0.106731 0.144397 0.101923 0.141523 0.094231 0.142241 0.079808 0.149425 0.079808 0.155891 0.086538 0.158046 0.106731
0 0.472701 0.174038 0.461207 0.174038 0.459770 0.170192 0.456897 0.172115 0.448994 0.163462 0.448994 0.142308 0.452586 0.137500 0.458333 0.135577 0.472701 0.143269 0.477730 0.150000 0.476293 0.171154 0.472701 0.174038
0 0.366379 0.525962 0.359195 0.525962 0.354885 0.522115 0.349856 0.515385 0.349856 0.509615 0.356322 0.495192 0.373563 0.493269 0.380029 0.501923 0.380029 0.509615 0.373563 0.520192 0.366379 0.525962
0 0.658046 0.850962 0.642241 0.850962 0.630747 0.845192 0.628592 0.838462 0.628592 0.828846 0.634339 0.815385 0.647989 0.804808 0.663793 0.804808 0.674569 0.813462 0.677443 0.832692 0.676006 0.842308 0.658046 0.850962
0 0.004310 0.543269 0.000718 0.542308 0.000718 0.519231 0.002874 0.512500 0.008621 0.512500 0.009339 0.517308 0.012213 0.519231 0.012213 0.530769 0.010057 0.537500 0.005029 0.538462 0.004310 0.543269
0 0.750000 0.597115 0.742816 0.597115 0.739224 0.592308 0.734914 0.573077 0.734914 0.561538 0.742816 0.549038 0.747126 0.547115 0.754310 0.549038 0.759339 0.555769 0.762213 0.571154 0.759339 0.588462 0.750000 0.597115
0 0.567529 0.754808 0.554598 0.754808 0.543822 0.740385 0.538075 0.723077 0.538793 0.710577 0.547414 0.706731 0.553161 0.708654 0.564655 0.724038 0.567529 0.722115 0.573994 0.730769 0.575431 0.744231 0.567529 0.754808
0 0.978448 0.233654 0.964080 0.233654 0.951149 0.227885 0.947557 0.223077 0.947557 0.196154 0.958333 0.187500 0.965517 0.187500 0.974138 0.189423 0.982759 0.199038 0.987787 0.211538 0.987787 0.223077 0.982759 0.231731 0.978448 0.233654
0 0.661638 0.998077 0.661638 0.994231 0.669540 0.981731 0.683908 0.972115 0.704023 0.972115 0.707615 0.978846 0.707615 0.986538 0.701868 0.998077
0 0.998563 0.085577 0.989943 0.083654 0.980603 0.075000 0.967672 0.050000 0.966236 0.034615 0.971264 0.029808 0.981322 0.031731 0.991379 0.037500 0.998563 0.049038
0 0.679598 0.593269 0.668103 0.589423 0.638649 0.553846 0.649425 0.543269 0.660920 0.547115 0.686063 0.576923 0.686063 0.584615 0.679598 0.593269
0 0.818966 0.697115 0.801724 0.697115 0.790948 0.684615 0.782328 0.667308 0.783764 0.657692 0.788793 0.649038 0.804598 0.647115 0.813218 0.649038 0.819684 0.655769 0.823994 0.665385 0.825431 0.686538 0.818966 0.697115
0 0.139368 0.156731 0.120690 0.152885 0.114224 0.144231 0.105603 0.128846 0.101293 0.111538 0.104885 0.100962 0.112069 0.099038 0.127874 0.104808 0.137931 0.112500 0.148707 0.128846 0.151580 0.142308 0.145115 0.152885 0.139368 0.156731
0 0.221264 0.327885 0.198276 0.327885 0.192529 0.325962 0.191810 0.321154 0.196839 0.320192 0.200431 0.315385 0.200431 0.309615 0.206897 0.297115 0.227011 0.297115 0.230603 0.301923 0.230603 0.317308 0.221264 0.327885
0 0.372126 0.410577 0.362787 0.400000 0.361351 0.382692 0.358477 0.380769 0.357040 0.373077 0.362069 0.377885 0.364224 0.369231 0.369253 0.362500 0.375000 0.360577 0.375000 0.356731 0.385057 0.356731 0.392960 0.365385 0.395833 0.386538 0.386494 0.402885 0.372126 0.410577
0 0.058190 0.000000 0.058190 0.005769 0.053161 0.016346 0.044540 0.020192 0.043822 0.025000 0.036638 0.032692 0.034483 0.039423 0.025862 0.041346 0.022270 0.038462 0.020833 0.032692 0.020833 0.017308 0.025144 0.015385 0.021552 0.014423 0.020833 0.009615 0.025862 0.000962 0.029454 0.000000
0 0.612069 0.972115 0.604167 0.969231 0.602730 0.948077 0.610632 0.937500 0.614943 0.937500 0.618534 0.942308 0.621408 0.953846 0.621408 0.965385 0.612069 0.972115
0 0.869253 0.347115 0.860632 0.347115 0.857040 0.340385 0.855603 0.313462 0.858477 0.303846 0.863506 0.297115 0.876437 0.291346 0.885057 0.291346 0.891523 0.300000 0.891523 0.317308 0.882184 0.324038 0.880029 0.338462 0.869253 0.347115
0 0.905172 0.910577 0.887931 0.910577 0.872126 0.897115 0.871408 0.888462 0.880747 0.879808 0.903736 0.879808 0.920977 0.874038 0.925287 0.875962 0.927443 0.878846 0.926006 0.898077 0.915230 0.906731 0.905172 0.910577
0 0.323276 0.829808 0.295977 0.827885 0.290230 0.824038 0.286638 0.819231 0.283764 0.807692 0.283764 0.798077 0.288075 0.786538 0.295977 0.779808 0.303161 0.781731 0.314655 0.777885 0.320402 0.787500 0.329023 0.789423 0.332615 0.805769 0.332615 0.817308 0.323276 0.829808
0 0.386494 0.862500 0.379310 0.860577 0.374282 0.853846 0.377155 0.832692 0.383621 0.822115 0.390805 0.818269 0.409483 0.820192 0.414511 0.826923 0.414511 0.832692 0.410201 0.842308 0.386494 0.862500
0 0.000000 0.887500 0.012931 0.889423 0.022270 0.901923 0.023707 0.907692 0.023707 0.919231 0.020115 0.924038 0.017241 0.924038 0.010057 0.933654 0.000000 0.933654
0 0.573276 0.237500 0.558908 0.233654 0.549569 0.221154 0.545259 0.198077 0.548132 0.190385 0.553161 0.185577 0.560345 0.185577 0.566092 0.189423 0.582615 0.209615 0.582615 0.226923 0.577586 0.235577 0.573276 0.237500
0 0.716954 0.520192 0.705460 0.520192 0.700431 0.513462 0.698994 0.505769 0.695402 0.504808 0.691810 0.496154 0.691092 0.479808 0.693966 0.479808 0.695402 0.475962 0.702586 0.475962 0.712644 0.479808 0.721983 0.488462 0.724856 0.496154 0.724856 0.515385 0.716954 0.520192
0 0.543103 0.500962 0.528736 0.500962 0.525862 0.497115 0.514368 0.493269 0.506466 0.473077 0.515805 0.458654 0.522989 0.452885 0.533046 0.452885 0.534483 0.456731 0.543103 0.458654 0.548851 0.468269 0.553879 0.471154 0.553879 0.486538 0.543103 0.500962
0 0.403736 0.920192 0.392241 0.916346 0.387213 0.907692 0.388649 0.888462 0.408046 0.879808 0.428161 0.881731 0.431753 0.890385 0.431753 0.901923 0.428879 0.907692 0.419540 0.914423 0.403736 0.920192
0 0.489943 0.741346 0.475575 0.741346 0.468391 0.737500 0.466954 0.733654 0.459770 0.729808 0.451868 0.717308 0.451868 0.709615 0.462644 0.700962 0.475575 0.700962 0.482759 0.704808 0.485632 0.710577 0.491379 0.712500 0.499282 0.723077 0.499282 0.730769 0.489943 0.741346
0 0.362069 0.377885 0.349856 0.363462 0.336925 0.336538 0.338362 0.321154 0.347701 0.312500 0.353448 0.312500 0.372845 0.334615 0.372845 0.355769 0.375718 0.359615 0.364943 0.366346 0.362069 0.377885
0 0.971983 0.000000 0.965517 0.008654 0.958333 0.008654 0.950431 0.000000
0 0.224138 0.968269 0.212644 0.966346 0.200431 0.950000 0.198994 0.934615 0.196121 0.930769 0.196121 0.919231 0.199713 0.912500 0.211207 0.912500 0.223420 0.932692 0.227730 0.951923 0.227730 0.961538 0.224138 0.968269
0 0.222701 0.295192 0.205460 0.295192 0.204741 0.290385 0.196839 0.281731 0.183908 0.287500 0.180316 0.286538 0.180316 0.282692 0.181753 0.276923 0.193966 0.260577 0.209770 0.258654 0.216954 0.262500 0.229167 0.282692 0.229167 0.288462 0.222701 0.295192
0 0.461207 0.279808 0.443966 0.277885 0.432471 0.272115 0.431753 0.265385 0.427443 0.259615 0.430316 0.246154 0.435345 0.239423 0.443966 0.237500 0.458333 0.237500 0.472701 0.243269 0.479167 0.251923 0.480603 0.259615 0.477730 0.263462 0.477730 0.271154 0.461207 0.279808
0 0.841954 0.072115 0.827586 0.072115 0.811782 0.062500 0.804598 0.050962 0.799569 0.048077 0.799569 0.038462 0.802443 0.030769 0.804598 0.027885 0.808190 0.028846 0.806753 0.038462 0.814655 0.050962 0.820402 0.054808 0.829023 0.054808 0.829741 0.044231 0.836207 0.041346 0.844109 0.059615 0.841954 0.072115
0 0.123563 0.620192 0.108477 0.617308 0.104167 0.605769 0.102011 0.587500 0.119253 0.579808 0.132184 0.581731 0.135776 0.586538 0.140086 0.598077 0.140086 0.607692 0.135057 0.614423 0.129310 0.618269 0.125000 0.616346 0.123563 0.620192
0 0.350575 0.497115 0.343391 0.497115 0.336207 0.491346 0.333333 0.493269 0.325431 0.482692 0.323994 0.469231 0.330460 0.456731 0.347701 0.454808 0.352011 0.456731 0.357040 0.465385 0.361351 0.490385 0.357759 0.489423 0.350575 0.497115
0 0.020115 0.312500 0.016523 0.300000 0.010776 0.296154 0.009339 0.290385 0.009339 0.273077 0.012213 0.269231 0.009339 0.263462 0.014368 0.247115 0.025862 0.245192 0.030891 0.251923 0.030891 0.259615 0.035920 0.264423 0.044540 0.264423 0.045259 0.271154 0.040948 0.276923 0.042385 0.298077 0.027299 0.297115 0.020833 0.305769 0.020115 0.312500
0 0.811782 0.639423 0.790230 0.629808 0.785201 0.621154 0.786638 0.611538 0.788793 0.608654 0.804598 0.608654 0.811782 0.604808 0.827586 0.610577 0.829741 0.613462 0.829741 0.628846 0.818966 0.637500 0.811782 0.639423
0 0.701868 0.000000 0.701868 0.005769 0.692529 0.012500 0.673851 0.010577 0.664511 0.000000
0 0.057471 0.068269 0.040230 0.066346 0.037356 0.060577 0.029454 0.055769 0.032328 0.040385 0.036638 0.032692 0.043822 0.025000 0.044540 0.020192 0.053161 0.016346 0.061063 0.021154 0.066810 0.042308 0.066810 0.051923 0.057471 0.068269
0 0.405172 0.235577 0.392241 0.235577 0.388649 0.217308 0.384339 0.219231 0.380029 0.196154 0.387931 0.181731 0.399425 0.181731 0.404454 0.188462 0.408764 0.205769 0.408764 0.228846 0.405172 0.235577
0 0.330460 0.147115 0.327586 0.147115 0.326149 0.143269 0.320402 0.143269 0.313937 0.134615 0.313937 0.125000 0.319684 0.117308 0.319684 0.113462 0.326149 0.108654 0.359195 0.102885 0.362787 0.109615 0.361351 0.123077 0.352011 0.135577 0.330460 0.147115
0 0.045977 0.754808 0.030172 0.750962 0.010057 0.735577 0.006466 0.725000 0.006466 0.713462 0.011494 0.706731 0.025862 0.706731 0.025862 0.710577 0.033046 0.714423 0.034483 0.712500 0.040230 0.718269 0.043822 0.730769 0.051006 0.740385 0.051006 0.750000 0.045977 0.754808
0 0.494253 0.145192 0.488506 0.143269 0.480603 0.132692 0.479167 0.111538 0.491379 0.091346 0.502874 0.091346 0.505029 0.094231 0.509339 0.121154 0.506466 0.134615 0.501437 0.141346 0.500000 0.139423 0.494253 0.141346 0.494253 0.145192
0 0.310345 0.410577 0.291667 0.410577 0.290948 0.405769 0.286638 0.401923 0.288075 0.378846 0.292385 0.373077 0.292385 0.369231 0.300287 0.360577 0.314655 0.364423 0.315374 0.373077 0.319684 0.382692 0.319684 0.400000 0.310345 0.410577
0 0.607759 0.725962 0.589080 0.724038 0.581178 0.709615 0.575431 0.688462 0.575431 0.676923 0.581897 0.666346 0.599138 0.668269 0.608477 0.684615 0.614224 0.705769 0.612787 0.717308 0.607759 0.725962
0 0.510057 0.866346 0.505747 0.866346 0.502155 0.861538 0.500718 0.851923 0.502155 0.844231 0.507184 0.841346 0.514368 0.827885 0.522989 0.824038 0.533046 0.824038 0.545259 0.836538 0.546695 0.850000 0.544540 0.854808 0.534483 0.858654 0.528736 0.864423 0.517241 0.862500 0.510057 0.866346
0 0.718391 0.320192 0.706897 0.320192 0.701149 0.316346 0.686063 0.298077 0.678879 0.278846 0.682471 0.264423 0.698276 0.264423 0.718391 0.281731 0.722701 0.293269 0.729167 0.296154 0.724856 0.315385 0.718391 0.320192
0 0.079023 0.493269 0.048851 0.493269 0.046695 0.486538 0.049569 0.463462 0.057471 0.456731 0.076149 0.458654 0.084052 0.475000 0.082615 0.490385 0.079023 0.493269
0 0.178161 0.402885 0.169540 0.402885 0.164511 0.398077 0.164511 0.384615 0.170977 0.377885 0.183908 0.379808 0.190374 0.386538 0.187500 0.400000 0.178161 0.402885
0 0.110632 0.531731 0.099138 0.531731 0.088362 0.519231 0.086925 0.496154 0.089799 0.494231 0.090517 0.489423 0.104885 0.487500 0.121408 0.505769 0.121408 0.517308 0.118534 0.525000 0.110632 0.531731
0 0.849138 0.854808 0.839080 0.854808 0.834052 0.850000 0.834052 0.832692 0.847701 0.812500 0.869253 0.808654 0.875718 0.819231 0.874282 0.825000 0.853448 0.852885 0.849138 0.854808
0 0.772989 0.514423 0.762931 0.506731 0.749282 0.482692 0.746408 0.467308 0.749282 0.453846 0.752874 0.450962 0.762931 0.450962 0.770115 0.456731 0.782328 0.478846 0.783764 0.496154 0.786638 0.501923 0.772989 0.514423
0 0.336925 0.998077 0.329741 0.980769 0.331178 0.973077 0.336207 0.966346 0.344828 0.966346 0.349856 0.973077 0.352730 0.982692 0.358477 0.988462 0.359914 0.998077
0 0.255747 0.964423 0.247126 0.960577 0.233477 0.936538 0.232040 0.921154 0.236351 0.909615 0.241379 0.904808 0.250000 0.906731 0.257902 0.917308 0.266523 0.940385 0.266523 0.948077 0.262213 0.955769 0.262213 0.961538 0.255747 0.964423
0 0.419540 0.872115 0.410920 0.870192 0.407328 0.865385 0.407328 0.851923 0.422414 0.829808 0.443966 0.829808 0.448994 0.840385 0.447557 0.853846 0.436782 0.866346 0.435345 0.864423 0.419540 0.872115
0 0.882184 0.789423 0.872126 0.787500 0.869971 0.784615 0.869971 0.776923 0.877155 0.767308 0.882184 0.752885 0.896552 0.752885 0.897270 0.769231 0.894397 0.776923 0.882184 0.789423
0 0.165948 0.000000 0.168822 0.009615 0.162356 0.020192 0.136494 0.018269 0.124282 0.007692 0.125718 0.000000
0 0.242816 0.787500 0.222701 0.787500 0.214799 0.778846 0.213362 0.746154 0.216954 0.737500 0.242816 0.737500 0.252155 0.742308 0.256466 0.755769 0.256466 0.775000 0.252874 0.781731 0.242816 0.787500
0 0.739943 0.658654 0.719828 0.656731 0.709770 0.649038 0.700431 0.632692 0.700431 0.623077 0.711207 0.612500 0.728448 0.614423 0.741379 0.622115 0.749282 0.632692 0.749282 0.638462 0.746408 0.650000 0.739943 0.658654
0 0.915230 0.364423 0.910920 0.356731 0.899425 0.352885 0.897270 0.350000 0.897270 0.342308 0.908046 0.322115 0.915230 0.318269 0.923851 0.318269 0.930316 0.330769 0.930316 0.344231 0.934626 0.346154 0.925287 0.347115 0.915948 0.359615 0.915230 0.364423
0 0.000000 0.966346 0.008621 0.960577 0.017241 0.960577 0.029454 0.973077 0.029454 0.978846 0.018678 0.987500 0.000000 0.985577
0 0.038793 0.789423 0.012931 0.787500 0.003592 0.769231 0.002155 0.757692 0.003592 0.751923 0.005747 0.749038 0.021552 0.749038 0.025862 0.754808 0.028736 0.754808 0.042385 0.778846 0.038793 0.789423
0 0.998563 0.804808 0.987787 0.794231 0.982040 0.778846 0.982040 0.773077 0.987069 0.762500 0.998563 0.760577
0 0.214080 0.458654 0.201149 0.456731 0.183190 0.432692 0.181753 0.421154 0.186782 0.412500 0.198276 0.414423 0.210489 0.428846 0.216236 0.442308 0.216236 0.455769 0.214080 0.458654
0 0.252874 0.150962 0.250000 0.145192 0.241379 0.143269 0.230603 0.130769 0.230603 0.125000 0.224856 0.121154 0.228448 0.112500 0.232759 0.108654 0.245690 0.108654 0.255747 0.114423 0.266523 0.126923 0.263649 0.142308 0.258621 0.149038 0.252874 0.150962
0 0.079023 0.525962 0.061782 0.525962 0.060345 0.522115 0.053161 0.520192 0.044540 0.510577 0.041667 0.510577 0.039511 0.500000 0.045977 0.491346 0.086207 0.491346 0.085489 0.511538 0.079023 0.525962
0 0.263649 0.000000 0.269397 0.015385 0.269397 0.028846 0.267241 0.033654 0.262931 0.033654 0.256466 0.026923 0.250718 0.007692 0.250718 0.000000
0 0.109195 0.925962 0.096264 0.920192 0.084052 0.901923 0.090517 0.887500 0.097701 0.887500 0.112787 0.900000 0.115661 0.907692 0.115661 0.917308 0.109195 0.925962
0 0.418103 0.333654 0.403736 0.329808 0.395833 0.317308 0.397270 0.311538 0.403736 0.302885 0.418103 0.297115 0.432471 0.299038 0.441810 0.315385 0.441810 0.326923 0.433908 0.331731 0.423851 0.329808 0.418103 0.333654
0 0.896552 0.547115 0.889368 0.547115 0.882184 0.539423 0.875000 0.537500 0.859195 0.541346 0.848420 0.530769 0.846983 0.519231 0.853448 0.510577 0.864943 0.504808 0.882184 0.514423 0.896552 0.514423 0.908764 0.526923 0.907328 0.542308 0.896552 0.547115
0 0.903736 0.879808 0.892241 0.879808 0.883621 0.872115 0.878592 0.861538 0.878592 0.848077 0.893678 0.831731 0.908046 0.831731 0.919540 0.837500 0.926006 0.855769 0.926006 0.863462 0.920259 0.871154 0.919540 0.875962 0.910920 0.875962 0.903736 0.879808
0 0.343391 0.556731 0.329023 0.556731 0.318247 0.546154 0.319684 0.544231 0.311063 0.526923 0.311063 0.519231 0.316092 0.510577 0.324713 0.510577 0.334770 0.522115 0.346264 0.524038 0.351293 0.530769 0.351293 0.544231 0.343391 0.556731
0 0.510057 0.299038 0.491379 0.297115 0.487787 0.292308 0.487787 0.275000 0.494253 0.260577 0.520115 0.260577 0.523707 0.265385 0.526580 0.284615 0.522989 0.291346 0.510057 0.299038
0 0.051724 0.716346 0.044540 0.716346 0.033046 0.710577 0.026580 0.701923 0.025144 0.692308 0.030172 0.685577 0.037356 0.681731 0.064655 0.679808 0.069684 0.688462 0.069684 0.700000 0.057471 0.702885 0.051724 0.716346
0 0.387931 0.549038 0.386494 0.543269 0.378592 0.538462 0.375718 0.525000 0.378592 0.517308 0.383621 0.514423 0.399425 0.516346 0.403017 0.523077 0.401580 0.534615 0.395115 0.543269 0.389368 0.543269 0.387931 0.549038
0 0.047414 0.975962 0.038793 0.972115 0.032328 0.961538 0.032328 0.938462 0.040230 0.929808 0.053161 0.933654 0.056753 0.938462 0.058190 0.946154 0.058190 0.965385 0.047414 0.975962
0 0.844828 0.354808 0.831897 0.350962 0.823994 0.340385 0.821121 0.317308 0.824713 0.312500 0.839080 0.314423 0.845546 0.323077 0.849856 0.332692 0.851293 0.344231 0.844828 0.354808
0 0.041667 0.599038 0.040230 0.595192 0.025144 0.590385 0.034483 0.574038 0.043103 0.574038 0.048132 0.582692 0.046695 0.594231 0.044540 0.593269 0.041667 0.599038
0 0.649425 0.912500 0.643678 0.912500 0.639368 0.908654 0.630029 0.892308 0.630029 0.880769 0.636494 0.872115 0.642241 0.874038 0.644397 0.882692 0.653017 0.894231 0.653017 0.905769 0.649425 0.912500
0 0.876437 0.462500 0.857759 0.462500 0.839080 0.454808 0.829741 0.438462 0.831178 0.423077 0.839080 0.422115 0.853448 0.425962 0.873563 0.437500 0.874282 0.442308 0.877155 0.444231 0.877155 0.451923 0.874282 0.455769 0.877155 0.457692 0.876437 0.462500
0 0.255747 0.360577 0.248563 0.360577 0.244971 0.355769 0.243534 0.344231 0.257902 0.317308 0.262931 0.310577 0.270115 0.308654 0.275144 0.313462 0.273707 0.334615 0.265086 0.350000 0.265086 0.353846 0.255747 0.360577
0 0.959770 0.706731 0.952586 0.704808 0.950431 0.696154 0.944684 0.690385 0.944684 0.669231 0.951149 0.662500 0.961207 0.662500 0.971983 0.676923 0.969109 0.701923 0.959770 0.706731
0 0.178161 0.118269 0.166667 0.118269 0.161638 0.113462 0.157328 0.090385 0.152299 0.079808 0.162356 0.077885 0.166667 0.070192 0.170977 0.075962 0.185345 0.081731 0.190374 0.088462 0.190374 0.103846 0.182471 0.108654 0.178161 0.118269
0 0.827586 0.054808 0.820402 0.054808 0.814655 0.050962 0.806753 0.038462 0.808190 0.026923 0.813218 0.018269 0.834770 0.016346 0.839799 0.021154 0.839799 0.028846 0.829741 0.044231 0.827586 0.054808
0 0.172414 0.758654 0.162356 0.756731 0.151580 0.746154 0.141523 0.723077 0.141523 0.715385 0.146552 0.706731 0.153736 0.702885 0.163793 0.702885 0.173132 0.715385 0.178879 0.734615 0.183190 0.740385 0.181753 0.751923 0.172414 0.758654
0 0.153736 0.306731 0.133621 0.299038 0.132184 0.295192 0.128592 0.294231 0.127155 0.271154 0.130747 0.264423 0.139368 0.260577 0.146552 0.268269 0.150862 0.268269 0.160201 0.278846 0.164511 0.288462 0.164511 0.298077 0.160920 0.304808 0.153736 0.306731
0 0.093391 0.197115 0.090517 0.193269 0.084770 0.195192 0.066092 0.187500 0.059626 0.180769 0.056753 0.169231 0.081897 0.160577 0.099138 0.168269 0.104167 0.175000 0.104167 0.178846 0.101293 0.188462 0.093391 0.197115
0 0.260057 0.462500 0.251437 0.462500 0.235632 0.452885 0.224856 0.432692 0.224856 0.417308 0.239943 0.412500 0.257184 0.425962 0.258621 0.429808 0.261494 0.429808 0.265086 0.440385 0.265086 0.453846 0.260057 0.462500
0 0.449713 0.406731 0.432471 0.404808 0.419540 0.397115 0.413075 0.384615 0.411638 0.371154 0.418103 0.366346 0.432471 0.366346 0.433908 0.370192 0.446839 0.370192 0.452586 0.374038 0.450431 0.378846 0.459052 0.386538 0.459052 0.398077 0.449713 0.406731
0 0.952586 0.760577 0.943966 0.760577 0.937500 0.750000 0.936063 0.723077 0.941092 0.708654 0.958333 0.704808 0.966236 0.713462 0.966236 0.732692 0.963362 0.734615 0.966236 0.736538 0.966236 0.744231 0.962644 0.745192 0.961925 0.750000 0.952586 0.760577
