0 0.765278 0.000000 0.768056 0.016667 0.750000 0.040278 0.733333 0.043056 0.705556 0.076389 0.675000 0.084722 0.662500 0.075000 0.654167 0.058333 0.654167 0.038889 0.663889 0.029167 0.686111 0.029167 0.700000 0.040278 0.704167 0.038889 0.694444 0.026389 0.684722 0.022222 0.681944 0.000000
0 0.661111 0.659722 0.652778 0.659722 0.640278 0.647222 0.634722 0.636111 0.634722 0.611111 0.652778 0.581944 0.663889 0.576389 0.683333 0.576389 0.693056 0.580556 0.693056 0.600000 0.684722 0.611111 0.684722 0.638889 0.677778 0.651389 0.661111 0.659722
0 0.413889 0.426389 0.394444 0.426389 0.383333 0.420833 0.370833 0.405556 0.370833 0.388889 0.365278 0.380556 0.365278 0.327778 0.379167 0.302778 0.397222 0.284722 0.416667 0.273611 0.461111 0.268056 0.491667 0.290278 0.511111 0.293056 0.518056 0.300000 0.529167 0.319444 0.529167 0.344444 0.511111 0.368056 0.472222 0.379167 0.430556 0.418056 0.413889 0.426389
0 0.672222 0.915278 0.647222 0.912500 0.616667 0.901389 0.587500 0.875000 0.573611 0.838889 0.570833 0.811111 0.573611 0.800000 0.591667 0.779167 0.608333 0.770833 0.638889 0.770833 0.670833 0.800000 0.693056 0.833333 0.701389 0.861111 0.698611 0.888889 0.688889 0.904167 0.672222 0.915278
0 0.650000 0.734722 0.638889 0.734722 0.626389 0.719444 0.626389 0.688889 0.630556 0.684722 0.641667 0.684722 0.654167 0.705556 0.654167 0.730556 0.650000 0.734722
0 0.133333 0.951389 0.119444 0.951389 0.102778 0.943056 0.093056 0.933333 0.087500 0.905556 0.112500 0.877778 0.129167 0.847222 0.158333 0.823611 0.172222 0.818056 0.208333 0.820833 0.223611 0.836111 0.220833 0.861111 0.216667 0.865278 0.194444 0.865278 0.173611 0.886111 0.159722 0.911111 0.156944 0.930556 0.133333 0.951389
0 0.377778 0.234722 0.352778 0.234722 0.333333 0.223611 0.320833 0.197222 0.276389 0.163889 0.273611 0.158333 0.276389 0.122222 0.297222 0.093056 0.308333 0.093056 0.322222 0.084722 0.358333 0.087500 0.366667 0.090278 0.393056 0.119444 0.398611 0.138889 0.418056 0.172222 0.418056 0.200000 0.412500 0.213889 0.397222 0.229167 0.377778 0.234722
0 0.161111 0.251389 0.125000 0.243056 0.088889 0.218056 0.079167 0.202778 0.079167 0.177778 0.095833 0.152778 0.101389 0.125000 0.129167 0.088889 0.152778 0.065278 0.177778 0.059722 0.197222 0.065278 0.212500 0.080556 0.231944 0.127778 0.234722 0.163889 0.193056 0.230556 0.161111 0.251389
0 0.527778 0.812500 0.502778 0.809722 0.463889 0.784722 0.438889 0.781944 0.420833 0.766667 0.412500 0.747222 0.412500 0.733333 0.420833 0.711111 0.438889 0.693056 0.458333 0.681944 0.480556 0.679167 0.533333 0.720833 0.554167 0.744444 0.559722 0.761111 0.559722 0.780556 0.551389 0.797222 0.541667 0.806944 0.527778 0.812500
0 0.575000 0.726389 0.552778 0.723611 0.536111 0.712500 0.497222 0.684722 0.479167 0.661111 0.470833 0.630556 0.473611 0.597222 0.479167 0.577778 0.502778 0.554167 0.516667 0.554167 0.534722 0.563889 0.559722 0.594444 0.581944 0.636111 0.590278 0.691667 0.587500 0.708333 0.575000 0.726389
0 0.000000 0.818056 0.011111 0.804167 0.033333 0.801389 0.063889 0.818056 0.111111 0.826389 0.123611 0.838889 0.123611 0.858333 0.112500 0.877778 0.069444 0.929167 0.047222 0.931944 0.000000 0.904167
0 0.931944 0.997222 0.940278 0.972222 0.958333 0.954167 0.997222 0.934722
0 0.875000 0.762500 0.863889 0.762500 0.852778 0.754167 0.838889 0.751389 0.829167 0.738889 0.820833 0.711111 0.820833 0.694444 0.823611 0.686111 0.841667 0.668056 0.875000 0.668056 0.908333 0.679167 0.923611 0.697222 0.923611 0.722222 0.912500 0.738889 0.897222 0.754167 0.888889 0.754167 0.875000 0.762500
0 0.077778 0.173611 0.055556 0.173611 0.037500 0.155556 0.037500 0.138889 0.045833 0.125000 0.055556 0.118056 0.077778 0.115278 0.101389 0.125000 0.095833 0.152778 0.087500 0.166667 0.077778 0.173611
0 0.373611 0.000000 0.387500 0.016667 0.390278 0.044444 0.387500 0.058333 0.361111 0.079167 0.291667 0.076389 0.250000 0.056944 0.226389 0.027778 0.226389 0.011111 0.234722 0.000000
0 0.531944 0.000000 0.547222 0.015278 0.577778 0.029167 0.606944 0.061111 0.604167 0.102778 0.583333 0.120833 0.561111 0.129167 0.516667 0.131944 0.475000 0.120833 0.450000 0.106944 0.420833 0.069444 0.412500 0.047222 0.412500 0.019444 0.415278 0.008333 0.423611 0.000000
0 0.733333 0.298611 0.711111 0.295833 0.697222 0.287500 0.665278 0.250000 0.648611 0.222222 0.640278 0.172222 0.669444 0.137500 0.702778 0.137500 0.738889 0.156944 0.770833 0.188889 0.787500 0.219444 0.787500 0.252778 0.779167 0.266667 0.752778 0.290278 0.733333 0.298611
0 0.925000 0.287500 0.891667 0.287500 0.879167 0.277778 0.873611 0.261111 0.873611 0.233333 0.883333 0.223611 0.905556 0.215278 0.927778 0.215278 0.955556 0.229167 0.965278 0.241667 0.965278 0.263889 0.947222 0.279167 0.925000 0.287500
0 0.886111 0.898611 0.863889 0.898611 0.852778 0.893056 0.840278 0.880556 0.834722 0.866667 0.834722 0.850000 0.843056 0.830556 0.876389 0.791667 0.879167 0.777778 0.918056 0.727778 0.936111 0.715278 0.944444 0.715278 0.961111 0.723611 0.976389 0.738889 0.976389 0.791667 0.945833 0.852778 0.905556 0.890278 0.886111 0.898611
0 0.997222 0.595833 0.977778 0.595833 0.955556 0.581944 0.931944 0.555556 0.923611 0.530556 0.926389 0.508333 0.941667 0.487500 0.969444 0.473611 0.997222 0.476389
0 0.186111 0.951389 0.169444 0.951389 0.156944 0.938889 0.156944 0.919444 0.173611 0.886111 0.194444 0.865278 0.211111 0.865278 0.215278 0.872222 0.212500 0.911111 0.204167 0.930556 0.186111 0.951389
0 0.997222 0.159722 0.984722 0.144444 0.984722 0.111111 0.990278 0.097222 0.997222 0.093056
0 0.161111 0.515278 0.100000 0.515278 0.055556 0.504167 0.043056 0.488889 0.045833 0.447222 0.058333 0.434722 0.097222 0.418056 0.161111 0.426389 0.175000 0.434722 0.195833 0.461111 0.195833 0.480556 0.190278 0.494444 0.177778 0.506944 0.161111 0.515278
0 0.000000 0.051389 0.009722 0.061111 0.037500 0.116667 0.037500 0.130556 0.023611 0.158333 0.008333 0.173611 0.000000 0.176389
0 0.947222 0.393056 0.930556 0.393056 0.881944 0.341667 0.876389 0.325000 0.876389 0.294444 0.886111 0.284722 0.925000 0.287500 0.947222 0.279167 0.963889 0.265278 0.977778 0.265278 0.984722 0.272222 0.981944 0.330556 0.965278 0.383333 0.947222 0.393056
0 0.576389 0.997222 0.602778 0.970833 0.633333 0.956944 0.641667 0.956944 0.672222 0.970833 0.693056 0.997222
0 0.725000 0.679167 0.686111 0.668056 0.679167 0.652778 0.687500 0.627778 0.684722 0.611111 0.693056 0.600000 0.693056 0.588889 0.702778 0.587500 0.708333 0.579167 0.719444 0.573611 0.747222 0.579167 0.770833 0.611111 0.770833 0.630556 0.759722 0.661111 0.725000 0.679167
0 0.669444 0.562500 0.650000 0.562500 0.638889 0.556944 0.629167 0.541667 0.631944 0.527778 0.650000 0.512500 0.669444 0.512500 0.687500 0.527778 0.681944 0.552778 0.669444 0.562500
0 0.000000 0.295833 0.027778 0.268056 0.086111 0.240278 0.122222 0.240278 0.145833 0.266667 0.148611 0.275000 0.143056 0.347222 0.131944 0.380556 0.116667 0.404167 0.088889 0.418056 0.066667 0.423611 0.013889 0.423611 0.000000 0.412500
0 0.511111 0.293056 0.491667 0.290278 0.458333 0.268056 0.437500 0.238889 0.437500 0.197222 0.445833 0.169444 0.461111 0.148611 0.488889 0.137500 0.522222 0.137500 0.552778 0.148611 0.576389 0.172222 0.581944 0.188889 0.576389 0.211111 0.545833 0.252778 0.537500 0.275000 0.511111 0.293056
0 0.836111 0.831944 0.813889 0.829167 0.795833 0.811111 0.784722 0.786111 0.787500 0.777778 0.802778 0.762500 0.827778 0.751389 0.852778 0.754167 0.879167 0.772222 0.876389 0.791667 0.854167 0.819444 0.836111 0.831944
0 0.000000 0.909722 0.008333 0.909722 0.036111 0.923611 0.073611 0.958333 0.081944 0.997222
0 0.686111 0.523611 0.669444 0.512500 0.650000 0.512500 0.641667 0.520833 0.636111 0.520833 0.618056 0.494444 0.618056 0.450000 0.630556 0.434722 0.644444 0.426389 0.661111 0.426389 0.694444 0.437500 0.720833 0.472222 0.718056 0.494444 0.686111 0.523611
0 0.248611 0.997222 0.223611 0.972222 0.218056 0.961111 0.209722 0.933333 0.209722 0.913889 0.218056 0.902778 0.226389 0.872222 0.238889 0.859722 0.252778 0.854167 0.286111 0.856944 0.306944 0.877778 0.320833 0.908333 0.320833 0.955556 0.309722 0.980556 0.295833 0.997222
0 0.497222 0.979167 0.466667 0.979167 0.448611 0.963889 0.443056 0.947222 0.448611 0.919444 0.476389 0.880556 0.476389 0.855556 0.483333 0.840278 0.505556 0.831944 0.552778 0.834722 0.579167 0.866667 0.579167 0.905556 0.552778 0.934722 0.536111 0.943056 0.497222 0.979167
0 0.000000 0.559722 0.022222 0.562500 0.034722 0.572222 0.031944 0.602778 0.000000 0.637500
