0 0.667969 0.541016 0.648438 0.541016 0.642578 0.535156 0.642578 0.511719 0.660156 0.486328 0.681641 0.511719 0.681641 0.531250 0.667969 0.541016
0 0.851562 0.900391 0.835938 0.896484 0.826172 0.886719 0.826172 0.867188 0.839844 0.849609 0.863281 0.845703 0.865234 0.855469 0.880859 0.867188 0.869141 0.894531 0.851562 0.900391
0 0.421875 0.458984 0.408203 0.453125 0.414062 0.439453 0.427734 0.445312 0.421875 0.458984
0 0.453125 0.728516 0.441406 0.728516 0.419922 0.707031 0.419922 0.683594 0.437500 0.666016 0.460938 0.666016 0.482422 0.695312 0.478516 0.710938 0.453125 0.728516
0 0.906250 0.802734 0.888672 0.792969 0.888672 0.769531 0.894531 0.759766 0.914062 0.759766 0.923828 0.773438 0.923828 0.792969 0.906250 0.802734
0 0.773438 0.763672 0.750000 0.755859 0.744141 0.742188 0.744141 0.722656 0.765625 0.705078 0.789062 0.708984 0.798828 0.722656 0.794922 0.750000 0.773438 0.763672
0 0.000000 0.259766 0.027344 0.263672 0.044922 0.285156 0.044922 0.308594 0.035156 0.326172 0.019531 0.333984 0.000000 0.326172
0 0.363281 0.384766 0.349609 0.378906 0.355469 0.361328 0.369141 0.367188 0.363281 0.384766
0 0.933594 0.912109 0.925781 0.912109 0.912109 0.898438 0.912109 0.878906 0.925781 0.869141 0.939453 0.875000 0.939453 0.906250 0.933594 0.912109
0 0.914062 0.517578 0.898438 0.517578 0.884766 0.503906 0.884766 0.484375 0.904297 0.476562 0.898438 0.470703 0.917969 0.470703 0.931641 0.484375 0.931641 0.503906 0.914062 0.517578
0 0.605469 0.396484 0.593750 0.396484 0.583984 0.386719 0.576172 0.371094 0.582031 0.357422 0.605469 0.353516 0.611328 0.359375 0.611328 0.390625 0.605469 0.396484
0 0.410156 0.814453 0.402344 0.814453 0.388672 0.800781 0.388672 0.781250 0.417969 0.767578 0.439453 0.785156 0.439453 0.800781 0.410156 0.814453
0 0.839844 0.201172 0.816406 0.201172 0.810547 0.195312 0.810547 0.179688 0.828125 0.173828 0.839844 0.181641 0.845703 0.187500 0.839844 0.201172
0 0.359375 0.494141 0.345703 0.488281 0.351562 0.474609 0.365234 0.480469 0.359375 0.494141
0 0.578125 0.416016 0.558594 0.416016 0.544922 0.402344 0.544922 0.382812 0.550781 0.376953 0.583984 0.378906 0.587891 0.398438 0.578125 0.416016
0 0.925781 0.849609 0.900391 0.832031 0.906250 0.822266 0.931641 0.835938 0.925781 0.849609
0 0.683594 0.650391 0.664062 0.650391 0.646484 0.632812 0.646484 0.609375 0.664062 0.595703 0.687500 0.595703 0.705078 0.613281 0.705078 0.632812 0.683594 0.650391
0 0.289062 0.462891 0.269531 0.462891 0.248047 0.445312 0.248047 0.417969 0.269531 0.396484 0.289062 0.396484 0.306641 0.421875 0.306641 0.437500 0.294922 0.445312 0.289062 0.462891
0 0.273438 0.275391 0.246094 0.271484 0.228516 0.246094 0.228516 0.234375 0.261719 0.189453 0.281250 0.185547 0.306641 0.207031 0.310547 0.242188 0.296875 0.263672 0.273438 0.275391
0 0.351562 0.427734 0.337891 0.421875 0.343750 0.408203 0.357422 0.414062 0.351562 0.427734
0 0.375000 0.513672 0.357422 0.507812 0.363281 0.490234 0.378906 0.490234 0.384766 0.496094 0.375000 0.513672
0 0.437500 0.494141 0.410156 0.494141 0.404297 0.488281 0.404297 0.468750 0.417969 0.458984 0.429688 0.458984 0.443359 0.476562 0.437500 0.494141
0 0.320312 0.486328 0.304688 0.486328 0.294922 0.476562 0.294922 0.445312 0.300781 0.439453 0.320312 0.439453 0.333984 0.457031 0.333984 0.468750 0.320312 0.486328
0 0.765625 0.544922 0.750000 0.544922 0.744141 0.539062 0.744141 0.515625 0.757812 0.501953 0.779297 0.511719 0.779297 0.531250 0.765625 0.544922
0 0.652344 0.826172 0.621094 0.822266 0.607422 0.792969 0.632812 0.779297 0.656250 0.779297 0.662109 0.785156 0.662109 0.816406 0.652344 0.826172
0 0.921875 0.873047 0.875000 0.865234 0.865234 0.855469 0.865234 0.843750 0.878906 0.833984 0.902344 0.833984 0.927734 0.855469 0.921875 0.873047
0 0.660156 0.923828 0.632812 0.923828 0.623047 0.910156 0.623047 0.894531 0.636719 0.873047 0.664062 0.876953 0.673828 0.890625 0.669922 0.914062 0.660156 0.923828
0 0.722656 0.884766 0.707031 0.884766 0.689453 0.871094 0.689453 0.847656 0.695312 0.841797 0.726562 0.833984 0.740234 0.843750 0.740234 0.871094 0.722656 0.884766
0 0.460938 0.322266 0.435547 0.304688 0.423828 0.273438 0.427734 0.257812 0.445312 0.244141 0.460938 0.244141 0.478516 0.261719 0.494141 0.300781 0.480469 0.318359 0.460938 0.322266
0 0.355469 0.833984 0.339844 0.830078 0.322266 0.804688 0.326172 0.781250 0.351562 0.759766 0.371094 0.763672 0.375000 0.775391 0.382812 0.771484 0.388672 0.777344 0.392578 0.804688 0.382812 0.822266 0.355469 0.833984
0 0.863281 0.693359 0.833984 0.691406 0.826172 0.671875 0.835938 0.658203 0.859375 0.654297 0.863281 0.662109 0.873047 0.664062 0.873047 0.683594 0.863281 0.693359
0 0.351562 0.466797 0.333984 0.460938 0.343750 0.443359 0.357422 0.449219 0.351562 0.466797
0 0.917969 0.623047 0.898438 0.623047 0.884766 0.601562 0.884766 0.574219 0.890625 0.564453 0.910156 0.560547 0.935547 0.578125 0.935547 0.605469 0.917969 0.623047
0 0.951172 0.000000 0.955078 0.031250 0.949219 0.037109 0.921875 0.037109 0.916016 0.019531 0.927734 0.000000
0 0.371094 0.568359 0.343750 0.568359 0.337891 0.562500 0.333984 0.535156 0.339844 0.529297 0.367188 0.521484 0.380859 0.527344 0.384766 0.558594 0.371094 0.568359
0 0.589844 0.744141 0.574219 0.744141 0.556641 0.726562 0.556641 0.699219 0.574219 0.681641 0.597656 0.681641 0.619141 0.707031 0.615234 0.726562 0.589844 0.744141
