0 0.683594 0.208984 0.664062 0.205078 0.654297 0.191406 0.650391 0.156250 0.660156 0.142578 0.671875 0.142578 0.681641 0.156250 0.689453 0.179688 0.689453 0.203125 0.683594 0.208984
0 0.156250 0.830078 0.136719 0.830078 0.123047 0.812500 0.123047 0.792969 0.132812 0.779297 0.144531 0.779297 0.162109 0.800781 0.162109 0.824219 0.156250 0.830078
0 0.328125 0.185547 0.314453 0.183594 0.302734 0.160156 0.302734 0.140625 0.324219 0.115234 0.351562 0.111328 0.365234 0.125000 0.365234 0.144531 0.353516 0.164062 0.328125 0.185547
0 0.644531 0.951172 0.613281 0.951172 0.603516 0.941406 0.603516 0.925781 0.617188 0.916016 0.648438 0.916016 0.654297 0.921875 0.654297 0.941406 0.644531 0.951172
0 0.613281 0.541016 0.601562 0.541016 0.591797 0.531250 0.587891 0.492188 0.605469 0.474609 0.625000 0.474609 0.638672 0.492188 0.638672 0.511719 0.613281 0.541016
0 0.500000 0.720703 0.486328 0.714844 0.470703 0.691406 0.474609 0.675781 0.488281 0.662109 0.503906 0.666016 0.517578 0.683594 0.517578 0.703125 0.500000 0.720703
0 0.859375 0.830078 0.843750 0.830078 0.837891 0.824219 0.837891 0.796875 0.855469 0.775391 0.867188 0.779297 0.876953 0.792969 0.873047 0.816406 0.859375 0.830078
0 0.375000 0.302734 0.367188 0.302734 0.349609 0.285156 0.349609 0.265625 0.363281 0.248047 0.375000 0.248047 0.384766 0.257812 0.384766 0.292969 0.375000 0.302734
0 0.898438 0.361328 0.876953 0.343750 0.873047 0.328125 0.876953 0.312500 0.894531 0.291016 0.902344 0.283203 0.917969 0.283203 0.935547 0.296875 0.935547 0.324219 0.898438 0.361328
0 0.539062 0.849609 0.519531 0.849609 0.509766 0.839844 0.513672 0.804688 0.535156 0.791016 0.550781 0.794922 0.560547 0.808594 0.556641 0.832031 0.539062 0.849609
0 0.000000 0.693359 0.007812 0.693359 0.021484 0.710938 0.017578 0.746094 0.000000 0.755859
0 0.562500 0.982422 0.539062 0.982422 0.533203 0.976562 0.533203 0.960938 0.550781 0.947266 0.578125 0.943359 0.583984 0.960938 0.562500 0.982422
0 0.107422 0.000000 0.111328 0.019531 0.105469 0.025391 0.082031 0.025391 0.072266 0.015625 0.076172 0.000000
0 0.968750 0.646484 0.957031 0.646484 0.947266 0.636719 0.947266 0.621094 0.964844 0.599609 0.984375 0.599609 0.990234 0.605469 0.990234 0.628906 0.968750 0.646484
0 0.392578 0.000000 0.388672 0.023438 0.375000 0.041016 0.349609 0.027344 0.349609 0.011719 0.357422 0.000000
0 0.523438 0.130859 0.511719 0.130859 0.498047 0.121094 0.498047 0.101562 0.515625 0.076172 0.531250 0.076172 0.541016 0.085938 0.541016 0.109375 0.523438 0.130859
0 0.363281 0.619141 0.347656 0.619141 0.326172 0.585938 0.326172 0.566406 0.335938 0.556641 0.359375 0.556641 0.373047 0.574219 0.373047 0.609375 0.363281 0.619141
0 0.148438 0.552734 0.121094 0.544922 0.107422 0.519531 0.111328 0.500000 0.136719 0.482422 0.164062 0.486328 0.173828 0.496094 0.177734 0.511719 0.177734 0.539062 0.148438 0.552734
0 0.171875 0.607422 0.148438 0.603516 0.138672 0.585938 0.142578 0.554688 0.156250 0.544922 0.171875 0.544922 0.181641 0.558594 0.171875 0.607422
0 0.757812 0.681641 0.740234 0.671875 0.736328 0.656250 0.736328 0.632812 0.750000 0.611328 0.761719 0.615234 0.775391 0.632812 0.771484 0.667969 0.757812 0.681641
0 0.332031 0.912109 0.320312 0.912109 0.310547 0.902344 0.310547 0.882812 0.328125 0.861328 0.335938 0.861328 0.349609 0.875000 0.349609 0.894531 0.332031 0.912109
0 0.953125 0.279297 0.941406 0.279297 0.927734 0.265625 0.923828 0.246094 0.939453 0.218750 0.964844 0.201172 0.986328 0.214844 0.990234 0.238281 0.982422 0.253906 0.953125 0.279297
0 0.238281 0.529297 0.216797 0.519531 0.212891 0.496094 0.226562 0.478516 0.250000 0.474609 0.259766 0.484375 0.259766 0.507812 0.238281 0.529297
0 0.289062 0.220703 0.269531 0.220703 0.259766 0.210938 0.259766 0.187500 0.273438 0.166016 0.285156 0.158203 0.300781 0.158203 0.310547 0.167969 0.314453 0.195312 0.289062 0.220703
0 0.093750 0.240234 0.078125 0.240234 0.072266 0.234375 0.072266 0.218750 0.082031 0.201172 0.093750 0.201172 0.107422 0.210938 0.107422 0.226562 0.093750 0.240234
