0 0.137500 0.927734 0.106250 0.927734 0.085938 0.898438 0.085938 0.867188 0.106250 0.869141 0.112500 0.861328 0.142187 0.906250 0.142187 0.921875 0.137500 0.927734
0 0.075000 0.681641 0.056250 0.673828 0.034375 0.673828 0.017188 0.652344 0.007812 0.628906 0.007812 0.609375 0.021875 0.568359 0.028125 0.568359 0.040625 0.591797 0.059375 0.603516 0.096875 0.599609 0.117188 0.613281 0.117188 0.664062 0.075000 0.681641
0 0.106250 0.869141 0.075000 0.861328 0.064062 0.847656 0.064062 0.835938 0.051562 0.824219 0.051562 0.808594 0.059375 0.798828 0.075000 0.798828 0.095312 0.820312 0.110937 0.851562 0.106250 0.869141
0 0.468750 0.908203 0.456250 0.908203 0.425000 0.888672 0.389062 0.851562 0.382812 0.835938 0.382812 0.804688 0.387500 0.798828 0.406250 0.802734 0.442188 0.847656 0.473438 0.890625 0.468750 0.908203
0 0.200000 0.830078 0.181250 0.830078 0.170313 0.812500 0.165625 0.791016 0.134375 0.802734 0.120313 0.781250 0.120313 0.757812 0.129688 0.750000 0.123438 0.722656 0.137500 0.697266 0.143750 0.697266 0.156250 0.716797 0.175000 0.716797 0.210938 0.761719 0.217188 0.777344 0.217188 0.804688 0.200000 0.830078
0 0.420312 0.996094 0.437500 0.982422 0.456250 0.986328 0.467187 0.996094
0 0.278125 0.931641 0.254688 0.910156 0.254688 0.894531 0.259375 0.888672 0.290625 0.888672 0.296875 0.900391 0.307812 0.906250 0.300000 0.923828 0.287500 0.923828 0.278125 0.931641
0 0.000000 0.291016 0.031250 0.287109 0.081250 0.322266 0.085938 0.335938 0.123438 0.386719 0.126562 0.414062 0.115625 0.427734 0.075000 0.435547 0.062500 0.431641 0.040625 0.412109 0.021875 0.416016 0.009375 0.404297 0.000000 0.404297
0 0.384375 0.490234 0.350000 0.478516 0.331250 0.466797 0.315625 0.447266 0.300000 0.443359 0.259375 0.408203 0.245312 0.390625 0.245312 0.382812 0.250000 0.376953 0.268750 0.376953 0.284375 0.388672 0.350000 0.412109 0.370312 0.437500 0.385937 0.468750 0.389062 0.484375 0.384375 0.490234
0 0.776563 0.000000 0.785937 0.011719 0.785937 0.027344 0.804688 0.058594 0.806250 0.072266 0.779687 0.042969 0.760938 0.000000
0 0.343750 0.916016 0.325000 0.916016 0.292187 0.894531 0.292187 0.875000 0.282813 0.859375 0.282813 0.843750 0.290625 0.830078 0.318750 0.830078 0.348438 0.859375 0.354687 0.906250 0.343750 0.916016
0 0.287500 0.994141 0.250000 0.990234 0.234375 0.982422 0.223438 0.968750 0.217188 0.937500 0.237500 0.908203 0.253125 0.908203 0.262500 0.916016 0.289062 0.953125 0.295312 0.984375 0.287500 0.994141
0 0.100000 0.830078 0.075000 0.794922 0.081250 0.794922 0.098437 0.812500 0.100000 0.830078
0 0.746875 0.310547 0.734375 0.306641 0.690625 0.271484 0.662500 0.263672 0.654687 0.253906 0.660937 0.242188 0.656250 0.224609 0.645312 0.234375 0.648438 0.277344 0.640625 0.283203 0.632812 0.273438 0.635938 0.242188 0.621875 0.220703 0.590625 0.224609 0.585938 0.218750 0.585938 0.210938 0.600000 0.201172 0.606250 0.208984 0.621875 0.205078 0.623437 0.183594 0.615625 0.173828 0.596875 0.166016 0.585938 0.179688 0.585938 0.199219 0.581250 0.201172 0.579688 0.187500 0.539062 0.113281 0.539062 0.085938 0.550000 0.080078 0.571875 0.099609 0.590625 0.107422 0.650000 0.166016 0.679688 0.218750 0.698438 0.238281 0.698438 0.250000 0.728125 0.275391 0.751563 0.304688 0.746875 0.310547
0 0.000000 0.759766 0.006250 0.759766 0.012500 0.771484 0.031250 0.771484 0.035937 0.777344 0.035937 0.785156 0.026562 0.796875 0.040625 0.798828 0.048438 0.816406 0.048438 0.832031 0.035937 0.847656 0.056250 0.876953 0.068750 0.880859 0.073438 0.894531 0.046875 0.912109 0.037500 0.912109 0.000000 0.853516
0 0.584375 0.931641 0.562500 0.931641 0.546875 0.916016 0.525000 0.916016 0.495312 0.878906 0.495312 0.867188 0.515625 0.853516 0.531250 0.853516 0.543750 0.865234 0.571875 0.876953 0.592187 0.906250 0.592187 0.921875 0.584375 0.931641
0 0.310937 0.996094 0.304688 0.984375 0.307812 0.949219 0.301563 0.914062 0.306250 0.908203 0.331250 0.916016 0.353125 0.939453 0.365625 0.943359 0.376563 0.960938 0.371875 0.978516 0.337500 0.974609 0.317188 0.996094
0 0.000000 0.607422 0.007812 0.613281 0.007812 0.628906 0.023438 0.667969 0.023438 0.695312 0.009375 0.701172 0.000000 0.693359
0 0.000000 0.404297 0.009375 0.404297 0.029687 0.421875 0.045312 0.457031 0.048438 0.480469 0.067187 0.511719 0.067187 0.519531 0.062500 0.525391 0.037500 0.525391 0.031250 0.517578 0.021875 0.517578 0.000000 0.490234
0 0.462500 0.990234 0.446875 0.982422 0.429688 0.984375 0.429688 0.960938 0.423438 0.949219 0.423438 0.898438 0.418750 0.892578 0.381250 0.853516 0.362500 0.857422 0.340625 0.822266 0.310937 0.800781 0.285938 0.746094 0.285938 0.707031 0.290625 0.701172 0.312500 0.697266 0.331250 0.705078 0.362500 0.728516 0.389062 0.757812 0.389062 0.781250 0.382812 0.792969 0.382812 0.835938 0.389062 0.851562 0.425000 0.888672 0.460938 0.910156 0.467187 0.925781 0.460938 0.933594 0.457813 0.957031 0.457813 0.980469 0.462500 0.990234
0 0.300000 0.619141 0.293750 0.619141 0.284375 0.607422 0.271875 0.607422 0.267188 0.589844 0.271875 0.583984 0.300000 0.587891 0.307812 0.597656 0.300000 0.619141
0 0.320312 0.996094 0.337500 0.974609 0.350000 0.974609 0.357812 0.996094
0 0.343750 0.662109 0.331250 0.662109 0.320312 0.652344 0.331250 0.626953 0.337500 0.626953 0.348438 0.644531 0.343750 0.662109
0 0.468750 0.986328 0.457813 0.980469 0.457813 0.957031 0.460938 0.933594 0.475000 0.927734 0.485938 0.941406 0.489063 0.968750 0.468750 0.986328
0 0.321875 0.642578 0.301563 0.621094 0.309375 0.599609 0.321875 0.603516 0.332813 0.621094 0.321875 0.642578
0 0.218750 0.962891 0.193750 0.951172 0.179688 0.933594 0.170313 0.914062 0.170313 0.894531 0.175000 0.888672 0.187500 0.888672 0.220312 0.933594 0.218750 0.962891
0 0.212500 0.681641 0.187500 0.681641 0.175000 0.673828 0.117188 0.617188 0.110937 0.605469 0.110937 0.562500 0.121875 0.544922 0.150000 0.541016 0.154688 0.546875 0.157812 0.566406 0.148438 0.597656 0.164062 0.613281 0.164062 0.628906 0.181250 0.650391 0.195312 0.644531 0.207813 0.621094 0.207813 0.601562 0.221875 0.583984 0.239063 0.593750 0.245312 0.625000 0.267188 0.652344 0.267188 0.671875 0.256250 0.677734 0.243750 0.654297 0.228125 0.654297 0.212500 0.681641
