0 0.230469 0.119141 0.195312 0.119141 0.169922 0.101562 0.166016 0.074219 0.187500 0.044922 0.222656 0.041016 0.240234 0.054688 0.248047 0.082031 0.240234 0.109375 0.230469 0.119141
0 0.275391 0.996094 0.255859 0.968750 0.255859 0.937500 0.269531 0.923828 0.304688 0.923828 0.326172 0.941406 0.330078 0.980469 0.322266 0.996094
0 0.261719 0.767578 0.248047 0.757812 0.257812 0.740234 0.271484 0.750000 0.261719 0.767578
0 0.421875 0.986328 0.378906 0.974609 0.361328 0.953125 0.369141 0.921875 0.390625 0.900391 0.421875 0.908203 0.443359 0.945312 0.439453 0.972656 0.421875 0.986328
0 0.101562 0.845703 0.062500 0.841797 0.052734 0.832031 0.056641 0.785156 0.085938 0.751953 0.117188 0.755859 0.130859 0.773438 0.134766 0.792969 0.130859 0.824219 0.101562 0.845703
0 0.000000 0.791016 0.001953 0.800781 0.033203 0.832031 0.025391 0.863281 0.000000 0.876953
0 0.394531 0.849609 0.365234 0.832031 0.357422 0.804688 0.390625 0.771484 0.406250 0.771484 0.435547 0.792969 0.439453 0.828125 0.425781 0.841797 0.394531 0.849609
0 0.203125 0.658203 0.189453 0.652344 0.195312 0.638672 0.208984 0.644531 0.203125 0.658203
0 0.609375 0.935547 0.595703 0.929688 0.601562 0.912109 0.615234 0.921875 0.609375 0.935547
0 0.710938 0.775391 0.691406 0.775391 0.675781 0.763672 0.666016 0.753906 0.658203 0.730469 0.662109 0.714844 0.671875 0.705078 0.707031 0.693359 0.732422 0.707031 0.736328 0.726562 0.728516 0.761719 0.710938 0.775391
0 0.332031 0.173828 0.308594 0.169922 0.291016 0.152344 0.291016 0.121094 0.308594 0.103516 0.328125 0.103516 0.353516 0.121094 0.357422 0.152344 0.332031 0.173828
0 0.566406 0.912109 0.550781 0.912109 0.541016 0.902344 0.533203 0.882812 0.537109 0.855469 0.574219 0.822266 0.617188 0.822266 0.634766 0.835938 0.634766 0.859375 0.623047 0.871094 0.623047 0.882812 0.605469 0.896484 0.582031 0.900391 0.566406 0.912109
0 0.751953 0.996094 0.740234 0.984375 0.736328 0.968750 0.736328 0.914062 0.765625 0.880859 0.804688 0.888672 0.837891 0.933594 0.830078 0.976562 0.814453 0.996094
0 0.667969 0.919922 0.656250 0.919922 0.623047 0.886719 0.623047 0.871094 0.634766 0.859375 0.634766 0.851562 0.652344 0.837891 0.660156 0.837891 0.685547 0.871094 0.685547 0.902344 0.667969 0.919922
0 0.404297 0.000000 0.382812 0.017578 0.359375 0.013672 0.349609 0.000000
0 0.328125 0.720703 0.320312 0.720703 0.294922 0.695312 0.291016 0.667969 0.328125 0.642578 0.355469 0.642578 0.380859 0.687500 0.359375 0.716797 0.328125 0.720703
0 0.257812 0.701172 0.244141 0.695312 0.250000 0.681641 0.267578 0.687500 0.257812 0.701172
0 0.044922 0.000000 0.019531 0.029297 0.000000 0.033203
0 0.187500 0.216797 0.160156 0.212891 0.146484 0.199219 0.134766 0.164062 0.144531 0.146484 0.187500 0.134766 0.220703 0.152344 0.228516 0.167969 0.224609 0.199219 0.187500 0.216797
0 0.082031 0.271484 0.050781 0.271484 0.033203 0.234375 0.044922 0.203125 0.054688 0.193359 0.101562 0.189453 0.119141 0.207031 0.115234 0.242188 0.093750 0.267578 0.082031 0.271484
