0 0.701172 0.000000 0.691406 0.021484 0.664062 0.017578 0.646484 0.000000
0 0.972656 0.494141 0.949219 0.494141 0.943359 0.488281 0.939453 0.460938 0.953125 0.447266 0.972656 0.447266 0.986328 0.464844 0.986328 0.480469 0.972656 0.494141
0 0.382812 0.357422 0.367188 0.357422 0.337891 0.320312 0.333984 0.277344 0.339844 0.271484 0.398438 0.267578 0.408203 0.277344 0.404297 0.304688 0.396484 0.316406 0.400391 0.335938 0.382812 0.357422
0 0.050781 0.642578 0.019531 0.634766 0.009766 0.617188 0.009766 0.597656 0.031250 0.576172 0.042969 0.572266 0.058594 0.572266 0.076172 0.597656 0.068359 0.628906 0.050781 0.642578
0 0.859375 0.619141 0.828125 0.619141 0.810547 0.605469 0.810547 0.589844 0.822266 0.570312 0.847656 0.552734 0.869141 0.566406 0.876953 0.585938 0.876953 0.601562 0.859375 0.619141
0 0.564453 0.996094 0.560547 0.976562 0.597656 0.951172 0.630859 0.953125 0.646484 0.972656 0.642578 0.996094
0 0.996094 0.951172 0.986328 0.937500 0.986328 0.910156 0.996094 0.900391
0 0.835938 0.091797 0.800781 0.087891 0.787109 0.074219 0.783203 0.039062 0.792969 0.029297 0.828125 0.025391 0.839844 0.033203 0.855469 0.029297 0.869141 0.042969 0.869141 0.058594 0.835938 0.091797
0 0.890625 0.408203 0.859375 0.408203 0.837891 0.382812 0.841797 0.355469 0.867188 0.330078 0.906250 0.333984 0.931641 0.363281 0.931641 0.375000 0.902344 0.404297 0.890625 0.408203
0 0.296875 0.212891 0.253906 0.212891 0.240234 0.199219 0.232422 0.183594 0.232422 0.156250 0.250000 0.134766 0.285156 0.130859 0.310547 0.148438 0.318359 0.164062 0.318359 0.195312 0.296875 0.212891
0 0.648438 0.943359 0.625000 0.943359 0.595703 0.917969 0.595703 0.886719 0.617188 0.869141 0.644531 0.869141 0.669922 0.890625 0.669922 0.917969 0.648438 0.943359
0 0.601562 0.841797 0.570312 0.833984 0.560547 0.820312 0.556641 0.800781 0.578125 0.775391 0.605469 0.779297 0.623047 0.800781 0.623047 0.828125 0.601562 0.841797
0 0.996094 0.576172 0.968750 0.572266 0.955078 0.554688 0.955078 0.535156 0.964844 0.525391 0.996094 0.521484
0 0.550781 0.220703 0.523438 0.220703 0.482422 0.179688 0.494141 0.132812 0.519531 0.107422 0.554688 0.115234 0.580078 0.136719 0.580078 0.187500 0.550781 0.220703
0 0.433594 0.978516 0.398438 0.974609 0.392578 0.968750 0.396484 0.949219 0.410156 0.939453 0.437500 0.943359 0.443359 0.949219 0.443359 0.964844 0.433594 0.978516
0 0.945312 0.791016 0.929688 0.791016 0.912109 0.777344 0.912109 0.757812 0.933594 0.740234 0.949219 0.744141 0.958984 0.753906 0.958984 0.777344 0.945312 0.791016
0 0.699219 0.130859 0.691406 0.130859 0.667969 0.103516 0.623047 0.089844 0.634766 0.039062 0.664062 0.017578 0.695312 0.017578 0.720703 0.050781 0.744141 0.070312 0.744141 0.105469 0.734375 0.115234 0.714844 0.115234 0.699219 0.130859
0 0.125000 0.185547 0.093750 0.181641 0.072266 0.160156 0.064453 0.125000 0.082031 0.103516 0.113281 0.099609 0.142578 0.121094 0.150391 0.152344 0.142578 0.171875 0.125000 0.185547
0 0.000000 0.701172 0.021484 0.718750 0.017578 0.738281 0.000000 0.748047
0 0.890625 0.513672 0.867188 0.509766 0.849609 0.488281 0.849609 0.472656 0.855469 0.466797 0.890625 0.462891 0.908203 0.476562 0.904297 0.503906 0.890625 0.513672
0 0.703125 0.341797 0.675781 0.341797 0.656250 0.330078 0.632812 0.326172 0.623047 0.312500 0.623047 0.296875 0.640625 0.283203 0.664062 0.283203 0.695312 0.294922 0.716797 0.320312 0.703125 0.341797
0 0.595703 0.000000 0.603516 0.015625 0.599609 0.039062 0.574219 0.056641 0.550781 0.056641 0.533203 0.039062 0.529297 0.023438 0.537109 0.000000
0 0.328125 0.990234 0.302734 0.980469 0.302734 0.937500 0.316406 0.923828 0.339844 0.923828 0.357422 0.945312 0.353516 0.972656 0.328125 0.990234
0 0.712891 0.996094 0.693359 0.968750 0.693359 0.953125 0.710938 0.931641 0.726562 0.923828 0.750000 0.923828 0.771484 0.941406 0.771484 0.984375 0.751953 0.996094
0 0.046875 0.072266 0.035156 0.072266 0.025391 0.058594 0.035156 0.037109 0.050781 0.037109 0.056641 0.042969 0.056641 0.062500 0.046875 0.072266
0 0.496094 0.943359 0.480469 0.943359 0.455078 0.902344 0.462891 0.878906 0.480469 0.865234 0.503906 0.865234 0.537109 0.894531 0.521484 0.925781 0.496094 0.943359
0 0.476562 0.837891 0.457031 0.837891 0.423828 0.812500 0.431641 0.777344 0.457031 0.759766 0.476562 0.759766 0.492188 0.767578 0.505859 0.781250 0.509766 0.796875 0.501953 0.820312 0.476562 0.837891
