0 0.582031 0.255859 0.554688 0.255859 0.544922 0.246094 0.544922 0.218750 0.554688 0.208984 0.582031 0.208984 0.587891 0.214844 0.591797 0.246094 0.582031 0.255859
0 0.082031 0.330078 0.062500 0.330078 0.046875 0.322266 0.037109 0.308594 0.033203 0.281250 0.050781 0.259766 0.070312 0.259766 0.087891 0.281250 0.091797 0.320312 0.082031 0.330078
0 0.269531 0.603516 0.238281 0.599609 0.224609 0.585938 0.220703 0.546875 0.226562 0.541016 0.250000 0.537109 0.267578 0.550781 0.275391 0.574219 0.269531 0.603516
0 0.769531 0.658203 0.746094 0.658203 0.732422 0.640625 0.732422 0.625000 0.750000 0.591797 0.769531 0.583984 0.796875 0.583984 0.802734 0.613281 0.775391 0.640625 0.769531 0.658203
0 0.785156 0.349609 0.765625 0.349609 0.742188 0.337891 0.740234 0.316406 0.757812 0.306641 0.781250 0.306641 0.794922 0.320312 0.794922 0.339844 0.785156 0.349609
0 0.816406 0.837891 0.789062 0.837891 0.779297 0.832031 0.779297 0.800781 0.785156 0.794922 0.824219 0.791016 0.833984 0.800781 0.833984 0.824219 0.828125 0.833984 0.816406 0.837891
0 0.410156 0.923828 0.386719 0.923828 0.380859 0.917969 0.380859 0.898438 0.394531 0.876953 0.421875 0.876953 0.431641 0.886719 0.431641 0.906250 0.410156 0.923828
0 0.531250 0.388672 0.500000 0.388672 0.472656 0.376953 0.462891 0.363281 0.466797 0.332031 0.476562 0.326172 0.519531 0.326172 0.535156 0.333984 0.544922 0.347656 0.544922 0.371094 0.531250 0.388672
0 0.429688 0.115234 0.410156 0.115234 0.396484 0.097656 0.396484 0.074219 0.402344 0.068359 0.429688 0.068359 0.439453 0.082031 0.439453 0.109375 0.429688 0.115234
0 0.386719 0.482422 0.371094 0.482422 0.361328 0.472656 0.357422 0.441406 0.367188 0.431641 0.390625 0.431641 0.396484 0.437500 0.396484 0.472656 0.386719 0.482422
0 0.054688 0.681641 0.033203 0.675781 0.037109 0.644531 0.050781 0.626953 0.068359 0.636719 0.068359 0.660156 0.054688 0.681641
0 0.179688 0.365234 0.164062 0.365234 0.150391 0.347656 0.150391 0.320312 0.156250 0.314453 0.175781 0.314453 0.181641 0.324219 0.185547 0.359375 0.179688 0.365234
