0 0.355556 0.918056 0.322222 0.918056 0.300000 0.909722 0.262500 0.877778 0.231944 0.830556 0.229167 0.805556 0.231944 0.783333 0.248611 0.747222 0.269444 0.729167 0.288889 0.729167 0.302778 0.737500 0.311111 0.737500 0.351389 0.775000 0.373611 0.811111 0.381944 0.830556 0.390278 0.877778 0.384722 0.883333 0.379167 0.902778 0.355556 0.918056
0 0.172222 0.570833 0.141667 0.568056 0.126389 0.555556 0.120833 0.541667 0.120833 0.527778 0.143056 0.480556 0.151389 0.466667 0.172222 0.448611 0.197222 0.445833 0.219444 0.431944 0.244444 0.434722 0.276389 0.463889 0.284722 0.483333 0.284722 0.494444 0.276389 0.513889 0.258333 0.531944 0.236111 0.537500 0.172222 0.570833
0 0.505556 0.665278 0.483333 0.665278 0.469444 0.659722 0.437500 0.627778 0.418056 0.591667 0.393056 0.558333 0.393056 0.525000 0.408333 0.504167 0.425000 0.495833 0.450000 0.495833 0.483333 0.512500 0.518056 0.547222 0.540278 0.602778 0.540278 0.630556 0.531944 0.647222 0.516667 0.662500 0.505556 0.665278
0 0.000000 0.343056 0.019444 0.351389 0.045833 0.377778 0.062500 0.422222 0.068056 0.455556 0.059722 0.502778 0.036111 0.523611 0.000000 0.523611
0 0.383333 0.429167 0.358333 0.420833 0.337500 0.400000 0.334722 0.361111 0.345833 0.333333 0.348611 0.297222 0.368056 0.261111 0.394444 0.237500 0.405556 0.237500 0.427778 0.223611 0.458333 0.223611 0.473611 0.236111 0.476389 0.275000 0.445833 0.363889 0.445833 0.380556 0.434722 0.400000 0.416667 0.415278 0.383333 0.429167
0 0.870833 0.000000 0.920833 0.041667 0.923611 0.069444 0.920833 0.077778 0.897222 0.104167 0.863889 0.112500 0.802778 0.101389 0.794444 0.093056 0.769444 0.087500 0.740278 0.066667 0.737500 0.038889 0.740278 0.027778 0.747222 0.020833 0.786111 0.012500 0.791667 0.006944 0.819444 0.004167 0.823611 0.000000
0 0.997222 0.990278 0.955556 0.962500 0.929167 0.922222 0.929167 0.886111 0.938889 0.870833 0.952778 0.868056 0.969444 0.856944 0.997222 0.859722
0 0.797222 0.295833 0.744444 0.295833 0.736111 0.290278 0.716667 0.290278 0.700000 0.276389 0.676389 0.252778 0.665278 0.219444 0.640278 0.188889 0.637500 0.169444 0.643056 0.158333 0.650000 0.151389 0.661111 0.151389 0.691667 0.137500 0.719444 0.151389 0.738889 0.140278 0.755556 0.140278 0.780556 0.156944 0.788889 0.156944 0.805556 0.170833 0.843056 0.208333 0.851389 0.225000 0.851389 0.252778 0.827778 0.284722 0.797222 0.295833
0 0.000000 0.848611 0.011111 0.848611 0.050000 0.865278 0.068056 0.886111 0.068056 0.905556 0.061111 0.918056 0.022222 0.931944 0.000000 0.934722
0 0.245833 0.000000 0.248611 0.091667 0.223611 0.136111 0.202778 0.151389 0.166667 0.151389 0.150000 0.143056 0.131944 0.113889 0.120833 0.058333 0.126389 0.052778 0.129167 0.033333 0.143056 0.008333 0.154167 0.000000
0 0.744444 0.765278 0.708333 0.765278 0.683333 0.756944 0.669444 0.748611 0.651389 0.727778 0.640278 0.686111 0.645833 0.644444 0.634722 0.611111 0.634722 0.591667 0.641667 0.581944 0.661111 0.579167 0.686111 0.595833 0.715278 0.627778 0.759722 0.733333 0.759722 0.750000 0.744444 0.765278
0 0.343056 0.000000 0.365278 0.022222 0.387500 0.061111 0.387500 0.133333 0.355556 0.162500 0.322222 0.170833 0.286111 0.159722 0.256944 0.125000 0.251389 0.088889 0.251389 0.038889 0.268056 0.000000
0 0.997222 0.504167 0.988889 0.512500 0.958333 0.518056 0.947222 0.526389 0.911111 0.537500 0.866667 0.529167 0.847222 0.518056 0.837500 0.505556 0.837500 0.491667 0.856944 0.469444 0.886111 0.420833 0.905556 0.415278 0.911111 0.409722 0.938889 0.404167 0.952778 0.393056 0.997222 0.404167
0 0.894444 0.818056 0.861111 0.818056 0.816667 0.795833 0.776389 0.747222 0.759722 0.722222 0.754167 0.702778 0.754167 0.672222 0.772222 0.648611 0.797222 0.637500 0.819444 0.637500 0.880556 0.662500 0.902778 0.679167 0.926389 0.705556 0.940278 0.755556 0.937500 0.783333 0.919444 0.806944 0.894444 0.818056
0 0.261111 0.304167 0.241667 0.301389 0.219444 0.287500 0.208333 0.287500 0.188889 0.276389 0.147222 0.265278 0.131944 0.247222 0.131944 0.208333 0.140278 0.197222 0.169444 0.173611 0.205556 0.168056 0.233333 0.156944 0.269444 0.162500 0.297222 0.179167 0.312500 0.197222 0.309722 0.252778 0.298611 0.277778 0.277778 0.298611 0.261111 0.304167
0 0.570833 0.997222 0.561111 0.993056 0.540278 0.972222 0.531944 0.955556 0.534722 0.927778 0.554167 0.905556 0.561111 0.887500 0.575000 0.876389 0.591667 0.870833 0.641667 0.870833 0.647222 0.876389 0.683333 0.873611 0.697222 0.868056 0.722222 0.870833 0.743056 0.888889 0.745833 0.897222 0.751389 0.941667 0.748611 0.961111 0.727778 0.979167 0.688889 0.979167 0.665278 0.997222
0 0.000000 0.645833 0.006944 0.650000 0.009722 0.663889 0.009722 0.697222 0.006944 0.711111 0.000000 0.715278
0 0.186111 0.445833 0.173611 0.438889 0.177778 0.429167 0.190278 0.433333 0.186111 0.445833
