0 0.861111 0.440278 0.836111 0.440278 0.816667 0.426389 0.788889 0.420833 0.761111 0.401389 0.744444 0.381944 0.706944 0.352778 0.695833 0.333333 0.695833 0.316667 0.701389 0.302778 0.713889 0.295833 0.747222 0.298611 0.802778 0.318056 0.847222 0.343056 0.870833 0.366667 0.884722 0.388889 0.884722 0.419444 0.869444 0.437500 0.861111 0.440278
0 0.997222 0.643056 0.975000 0.631944 0.940278 0.588889 0.940278 0.550000 0.955556 0.529167 0.980556 0.526389 0.997222 0.534722
0 0.997222 0.415278 0.970833 0.394444 0.931944 0.336111 0.931944 0.305556 0.943056 0.286111 0.969444 0.262500 0.986111 0.256944 0.997222 0.262500
0 0.997222 0.990278 0.977778 0.995833 0.950000 0.984722 0.902778 0.987500 0.870833 0.944444 0.881944 0.900000 0.900000 0.876389 0.919444 0.868056 0.938889 0.868056 0.955556 0.876389 0.997222 0.873611
0 0.687500 0.997222 0.693056 0.980556 0.705556 0.968056 0.716667 0.959722 0.733333 0.956944 0.794444 0.968056 0.844444 0.968056 0.852778 0.970833 0.870833 0.988889 0.870833 0.997222
0 0.233333 0.826389 0.197222 0.815278 0.173611 0.791667 0.165278 0.769444 0.162500 0.702778 0.151389 0.683333 0.148611 0.666667 0.148611 0.636111 0.161111 0.623611 0.180556 0.618056 0.194444 0.623611 0.209722 0.638889 0.262500 0.716667 0.270833 0.752778 0.270833 0.786111 0.265278 0.797222 0.233333 0.826389
0 0.694444 0.781944 0.655556 0.779167 0.616667 0.765278 0.598611 0.747222 0.576389 0.708333 0.568056 0.683333 0.568056 0.650000 0.579167 0.625000 0.600000 0.604167 0.638889 0.601389 0.650000 0.606944 0.679167 0.636111 0.718056 0.691667 0.731944 0.722222 0.731944 0.752778 0.713889 0.776389 0.694444 0.781944
0 0.459722 0.997222 0.475000 0.987500 0.497222 0.987500 0.515278 0.997222
0 0.762500 0.000000 0.768056 0.008333 0.770833 0.030556 0.801389 0.072222 0.801389 0.097222 0.795833 0.111111 0.769444 0.134722 0.761111 0.137500 0.716667 0.134722 0.675000 0.115278 0.659722 0.100000 0.648611 0.080556 0.643056 0.058333 0.643056 0.030556 0.645833 0.019444 0.665278 0.000000
0 0.059722 0.997222 0.031944 0.969444 0.020833 0.947222 0.012500 0.911111 0.012500 0.869444 0.020833 0.841667 0.038889 0.823611 0.055556 0.815278 0.083333 0.815278 0.102778 0.823611 0.131944 0.852778 0.140278 0.869444 0.151389 0.905556 0.154167 0.933333 0.140278 0.980556 0.126389 0.997222
0 0.333333 0.440278 0.302778 0.440278 0.281944 0.422222 0.270833 0.397222 0.270833 0.372222 0.273611 0.363889 0.288889 0.348611 0.322222 0.340278 0.344444 0.320833 0.369444 0.320833 0.391667 0.331944 0.404167 0.344444 0.409722 0.358333 0.406944 0.388889 0.401389 0.402778 0.386111 0.418056 0.363889 0.423611 0.344444 0.437500 0.333333 0.440278
0 0.315278 0.000000 0.318056 0.013889 0.301389 0.044444 0.286111 0.062500 0.255556 0.076389 0.219444 0.076389 0.209722 0.069444 0.198611 0.044444 0.198611 0.000000
0 0.763889 0.626389 0.754167 0.622222 0.756944 0.611111 0.752778 0.606944 0.738889 0.606944 0.734722 0.602778 0.729167 0.580556 0.718056 0.572222 0.720833 0.563889 0.695833 0.550000 0.712500 0.525000 0.709722 0.516667 0.734722 0.508333 0.729167 0.500000 0.733333 0.487500 0.744444 0.498611 0.750000 0.498611 0.758333 0.484722 0.769444 0.487500 0.783333 0.481944 0.791667 0.465278 0.801389 0.472222 0.804167 0.483333 0.816667 0.493056 0.822222 0.493056 0.830556 0.481944 0.838889 0.487500 0.852778 0.484722 0.856944 0.488889 0.856944 0.516667 0.851389 0.522222 0.851389 0.547222 0.845833 0.561111 0.820833 0.572222 0.815278 0.597222 0.808333 0.604167 0.763889 0.626389
0 0.000000 0.109722 0.009722 0.122222 0.018056 0.150000 0.018056 0.169444 0.000000 0.195833
0 0.209722 0.997222 0.212500 0.983333 0.233333 0.948611 0.261111 0.931944 0.291667 0.920833 0.311111 0.920833 0.327778 0.926389 0.362500 0.969444 0.370833 0.997222
0 0.441667 0.276389 0.430556 0.276389 0.411111 0.268056 0.375000 0.234722 0.369444 0.234722 0.362500 0.225000 0.356944 0.200000 0.356944 0.172222 0.368056 0.136111 0.394444 0.106944 0.408333 0.098611 0.425000 0.095833 0.452778 0.101389 0.476389 0.125000 0.490278 0.158333 0.490278 0.177778 0.476389 0.211111 0.473611 0.255556 0.441667 0.276389
0 0.000000 0.593056 0.018056 0.636111 0.018056 0.669444 0.009722 0.702778 0.000000 0.718056
0 0.233333 0.459722 0.202778 0.459722 0.188889 0.451389 0.179167 0.441667 0.173611 0.419444 0.165278 0.411111 0.165278 0.388889 0.181944 0.336111 0.202778 0.315278 0.219444 0.306944 0.244444 0.309722 0.262500 0.327778 0.268056 0.347222 0.268056 0.358333 0.262500 0.366667 0.265278 0.422222 0.256944 0.438889 0.233333 0.459722
