0 0.996094 0.275391 0.988281 0.318359 0.925781 0.314453 0.908203 0.296875 0.900391 0.277344 0.908203 0.242188 0.933594 0.220703 0.957031 0.220703 0.984375 0.248047 0.996094 0.251953
0 0.152344 0.900391 0.121094 0.896484 0.099609 0.871094 0.095703 0.839844 0.117188 0.810547 0.156250 0.810547 0.193359 0.839844 0.181641 0.871094 0.152344 0.900391
0 0.460938 0.201172 0.445312 0.201172 0.414062 0.185547 0.400391 0.160156 0.416016 0.121094 0.437500 0.107422 0.464844 0.107422 0.480469 0.115234 0.494141 0.136719 0.490234 0.179688 0.460938 0.201172
0 0.726562 0.591797 0.708984 0.582031 0.685547 0.550781 0.685547 0.515625 0.710938 0.490234 0.742188 0.494141 0.763672 0.523438 0.763672 0.554688 0.726562 0.591797
0 0.341797 0.996094 0.345703 0.957031 0.382812 0.927734 0.406250 0.939453 0.431641 0.968750 0.419922 0.996094
0 0.785156 0.357422 0.750000 0.357422 0.736328 0.343750 0.736328 0.289062 0.744141 0.281250 0.744141 0.269531 0.765625 0.251953 0.812500 0.255859 0.826172 0.269531 0.826172 0.304688 0.785156 0.357422
0 0.996094 0.052734 0.988281 0.060547 0.974609 0.058594 0.958984 0.035156 0.951172 0.000000
0 0.820312 0.623047 0.792969 0.623047 0.771484 0.597656 0.775391 0.558594 0.800781 0.541016 0.832031 0.544922 0.849609 0.566406 0.845703 0.601562 0.820312 0.623047
0 0.125000 0.236328 0.109375 0.236328 0.078125 0.216797 0.056641 0.195312 0.056641 0.175781 0.093750 0.138672 0.109375 0.130859 0.148438 0.126953 0.154297 0.132812 0.154297 0.160156 0.169922 0.183594 0.125000 0.236328
0 0.792969 0.900391 0.769531 0.900391 0.753906 0.892578 0.740234 0.875000 0.744141 0.835938 0.757812 0.822266 0.781250 0.814453 0.804688 0.822266 0.822266 0.851562 0.814453 0.882812 0.792969 0.900391
0 0.226562 0.939453 0.199219 0.939453 0.173828 0.917969 0.177734 0.906250 0.201172 0.882812 0.208984 0.855469 0.222656 0.837891 0.253906 0.849609 0.275391 0.871094 0.263672 0.914062 0.226562 0.939453
0 0.515625 0.826172 0.437500 0.826172 0.414062 0.810547 0.382812 0.802734 0.365234 0.773438 0.365234 0.750000 0.421875 0.697266 0.441406 0.693359 0.523438 0.724609 0.544922 0.750000 0.548828 0.777344 0.533203 0.812500 0.515625 0.826172
0 0.835938 0.412109 0.820312 0.412109 0.791016 0.382812 0.791016 0.351562 0.812500 0.326172 0.851562 0.326172 0.859375 0.337891 0.873047 0.343750 0.873047 0.390625 0.859375 0.404297 0.835938 0.412109
0 0.648438 0.353516 0.613281 0.349609 0.587891 0.320312 0.587891 0.296875 0.621094 0.271484 0.644531 0.271484 0.660156 0.279297 0.673828 0.300781 0.673828 0.332031 0.648438 0.353516
0 0.714844 0.287109 0.675781 0.283203 0.666016 0.273438 0.662109 0.242188 0.669922 0.222656 0.699219 0.193359 0.738281 0.189453 0.763672 0.210938 0.771484 0.230469 0.714844 0.287109
0 0.789062 0.474609 0.753906 0.470703 0.724609 0.445312 0.732422 0.414062 0.732422 0.371094 0.742188 0.361328 0.765625 0.365234 0.802734 0.410156 0.802734 0.433594 0.810547 0.453125 0.789062 0.474609
0 0.683594 0.458984 0.648438 0.451172 0.634766 0.429688 0.634766 0.402344 0.642578 0.386719 0.667969 0.369141 0.695312 0.369141 0.712891 0.378906 0.705078 0.433594 0.697266 0.441406 0.697266 0.453125 0.683594 0.458984
0 0.312500 0.869141 0.304688 0.869141 0.257812 0.826172 0.240234 0.820312 0.240234 0.804688 0.281250 0.767578 0.312500 0.771484 0.345703 0.800781 0.349609 0.812500 0.345703 0.847656 0.332031 0.861328 0.312500 0.869141
0 0.980469 0.982422 0.953125 0.982422 0.900391 0.957031 0.900391 0.917969 0.914062 0.896484 0.937500 0.892578 0.990234 0.937500 0.990234 0.972656 0.980469 0.982422
0 0.996094 0.228516 0.978516 0.210938 0.978516 0.191406 0.996094 0.169922
0 0.996094 0.869141 0.968750 0.865234 0.943359 0.832031 0.947266 0.800781 0.955078 0.789062 0.976562 0.771484 0.996094 0.771484
0 0.480469 0.404297 0.441406 0.404297 0.421875 0.396484 0.408203 0.382812 0.412109 0.371094 0.447266 0.335938 0.468750 0.322266 0.494141 0.339844 0.501953 0.355469 0.498047 0.394531 0.480469 0.404297
0 0.447266 0.996094 0.451172 0.980469 0.468750 0.974609 0.519531 0.986328 0.529297 0.996094
0 0.535156 0.333984 0.515625 0.333984 0.482422 0.296875 0.470703 0.273438 0.482422 0.238281 0.515625 0.220703 0.550781 0.228516 0.576172 0.261719 0.576172 0.296875 0.550781 0.326172 0.535156 0.333984
0 0.390625 0.365234 0.361328 0.332031 0.361328 0.308594 0.382812 0.287109 0.441406 0.287109 0.458984 0.304688 0.437500 0.314453 0.417969 0.337891 0.406250 0.341797 0.390625 0.365234
0 0.593750 0.548828 0.566406 0.541016 0.548828 0.523438 0.537109 0.503906 0.537109 0.488281 0.558594 0.458984 0.582031 0.447266 0.621094 0.447266 0.636719 0.455078 0.646484 0.468750 0.646484 0.500000 0.617188 0.537109 0.593750 0.548828
0 0.863281 0.212891 0.824219 0.208984 0.798828 0.171875 0.802734 0.148438 0.820312 0.130859 0.851562 0.119141 0.875000 0.126953 0.892578 0.152344 0.888672 0.183594 0.880859 0.199219 0.863281 0.212891
0 0.185547 0.000000 0.181641 0.011719 0.152344 0.033203 0.109375 0.029297 0.085938 0.013672 0.080078 0.000000
0 0.218750 0.794922 0.183594 0.783203 0.162109 0.757812 0.162109 0.730469 0.183594 0.708984 0.203125 0.701172 0.242188 0.708984 0.267578 0.746094 0.218750 0.794922
0 0.009766 0.996094 0.013672 0.949219 0.042969 0.927734 0.070312 0.927734 0.099609 0.949219 0.103516 0.980469 0.095703 0.996094
0 0.242188 0.169922 0.218750 0.169922 0.203125 0.162109 0.166016 0.117188 0.162109 0.062500 0.166016 0.050781 0.191406 0.029297 0.234375 0.029297 0.273438 0.037109 0.292969 0.048828 0.302734 0.062500 0.306641 0.093750 0.298828 0.128906 0.281250 0.150391 0.242188 0.169922
0 0.757812 0.986328 0.726562 0.986328 0.705078 0.972656 0.705078 0.933594 0.742188 0.904297 0.789062 0.923828 0.802734 0.945312 0.802734 0.953125 0.781250 0.974609 0.757812 0.986328
0 0.996094 0.408203 0.968750 0.443359 0.945312 0.447266 0.917969 0.435547 0.888672 0.406250 0.894531 0.349609 0.898438 0.353516 0.925781 0.333984 0.996094 0.333984
0 0.537109 0.996094 0.521484 0.972656 0.521484 0.945312 0.539062 0.919922 0.558594 0.912109 0.593750 0.916016 0.623047 0.933594 0.611328 0.968750 0.591797 0.996094
0 0.919922 0.996094 0.919922 0.984375 0.929688 0.974609 0.937500 0.982422 0.972656 0.986328 0.978516 0.996094
0 0.429688 0.939453 0.390625 0.935547 0.345703 0.882812 0.349609 0.855469 0.375000 0.826172 0.398438 0.826172 0.429688 0.841797 0.458984 0.878906 0.458984 0.910156 0.429688 0.939453
0 0.605469 0.654297 0.574219 0.654297 0.558594 0.646484 0.537109 0.617188 0.537109 0.589844 0.562500 0.564453 0.601562 0.560547 0.617188 0.568359 0.634766 0.589844 0.634766 0.625000 0.605469 0.654297
0 0.996094 0.943359 0.978516 0.917969 0.982422 0.902344 0.996094 0.892578
0 0.480469 0.533203 0.453125 0.529297 0.433594 0.517578 0.419922 0.488281 0.427734 0.457031 0.464844 0.431641 0.496094 0.435547 0.517578 0.457031 0.525391 0.476562 0.517578 0.507812 0.500000 0.525391 0.480469 0.533203
0 0.623047 0.996094 0.630859 0.984375 0.630859 0.964844 0.640625 0.951172 0.671875 0.951172 0.681641 0.960938 0.689453 0.984375 0.705078 0.996094
0 0.132812 0.451172 0.101562 0.443359 0.080078 0.414062 0.087891 0.382812 0.113281 0.365234 0.152344 0.369141 0.166016 0.378906 0.173828 0.394531 0.173828 0.410156 0.162109 0.433594 0.132812 0.451172
0 0.726562 0.130859 0.691406 0.123047 0.669922 0.093750 0.669922 0.070312 0.699219 0.033203 0.761719 0.060547 0.775391 0.074219 0.771484 0.101562 0.750000 0.123047 0.726562 0.130859
0 0.806641 0.000000 0.824219 0.009766 0.830078 0.023438 0.826172 0.062500 0.816406 0.076172 0.804688 0.076172 0.773438 0.060547 0.726562 0.029297 0.712891 0.015625 0.712891 0.007812 0.728516 0.000000
0 0.207031 0.294922 0.187500 0.294922 0.150391 0.269531 0.150391 0.242188 0.187500 0.197266 0.210938 0.197266 0.240234 0.214844 0.240234 0.246094 0.232422 0.253906 0.232422 0.269531 0.207031 0.294922
0 0.927734 0.000000 0.951172 0.023438 0.951172 0.078125 0.945312 0.083984 0.890625 0.083984 0.867188 0.076172 0.849609 0.058594 0.845703 0.000000
0 0.000000 0.759766 0.029297 0.781250 0.037109 0.800781 0.033203 0.832031 0.019531 0.849609 0.000000 0.857422
0 0.748047 0.996094 0.753906 0.990234 0.789062 0.990234 0.794922 0.996094
0 0.837891 0.996094 0.830078 0.980469 0.830078 0.953125 0.855469 0.931641 0.890625 0.931641 0.900391 0.937500 0.900391 0.957031 0.908203 0.964844 0.892578 0.996094
0 0.464844 0.658203 0.433594 0.650391 0.404297 0.621094 0.408203 0.589844 0.441406 0.564453 0.472656 0.564453 0.501953 0.593750 0.501953 0.617188 0.490234 0.644531 0.464844 0.658203
