0 0.731322 0.522115 0.724138 0.516346 0.717672 0.503846 0.719109 0.484615 0.725575 0.475962 0.741379 0.481731 0.746408 0.492308 0.744971 0.515385 0.731322 0.522115
0 0.311063 0.998077 0.312500 0.976923 0.329023 0.966346 0.331897 0.966346 0.339799 0.975000 0.344109 0.998077
0 0.317529 0.947115 0.306034 0.943269 0.299569 0.932692 0.298132 0.913462 0.303161 0.904808 0.310345 0.899038 0.318966 0.900962 0.328305 0.915385 0.328305 0.925000 0.317529 0.947115
0 0.577586 0.445192 0.567529 0.441346 0.561063 0.432692 0.559626 0.425000 0.562500 0.411538 0.568966 0.404808 0.594828 0.408654 0.601293 0.417308 0.602730 0.428846 0.593391 0.441346 0.577586 0.445192
0 0.708333 0.493269 0.696839 0.491346 0.691810 0.482692 0.694684 0.455769 0.709770 0.439423 0.720546 0.450000 0.721983 0.467308 0.717672 0.480769 0.708333 0.493269
0 0.500718 0.998077 0.490661 0.982692 0.492098 0.973077 0.514368 0.954808 0.530172 0.954808 0.532328 0.957692 0.530891 0.978846 0.519397 0.998077
0 0.012213 0.000000 0.013649 0.005769 0.006466 0.017308 0.006466 0.023077 0.000000 0.027885
0 0.133621 0.681731 0.125000 0.681731 0.114224 0.671154 0.114224 0.642308 0.111351 0.634615 0.112069 0.629808 0.127874 0.627885 0.138649 0.642308 0.141523 0.673077 0.133621 0.681731
0 0.969828 0.327885 0.959770 0.325962 0.956178 0.313462 0.964080 0.306731 0.979885 0.283654 0.985632 0.279808 0.992816 0.279808 0.996408 0.290385 0.994971 0.298077 0.975575 0.324038 0.969828 0.327885
0 0.280172 0.554808 0.274425 0.554808 0.265805 0.549038 0.257902 0.538462 0.250718 0.521154 0.252155 0.507692 0.255747 0.502885 0.264368 0.502885 0.283764 0.525000 0.283764 0.528846 0.288075 0.534615 0.288075 0.542308 0.286638 0.548077 0.280172 0.554808
0 0.000000 0.860577 0.006466 0.867308 0.005029 0.892308 0.000000 0.893269
0 0.209770 0.804808 0.201149 0.802885 0.191810 0.790385 0.191810 0.776923 0.194684 0.767308 0.206897 0.754808 0.219828 0.754808 0.229885 0.758654 0.232040 0.765385 0.223420 0.780769 0.220546 0.794231 0.209770 0.804808
0 0.077586 0.429808 0.071839 0.429808 0.061063 0.423077 0.055316 0.398077 0.055316 0.392308 0.071839 0.370192 0.079023 0.372115 0.086925 0.386538 0.086925 0.396154 0.081178 0.411538 0.082615 0.423077 0.077586 0.429808
0 0.000000 0.145192 0.007184 0.139423 0.025862 0.141346 0.032328 0.153846 0.030891 0.163462 0.015805 0.179808 0.010057 0.179808 0.000000 0.174038
0 0.000000 0.941346 0.005747 0.933654 0.020115 0.931731 0.026580 0.942308 0.028017 0.967308 0.030891 0.973077 0.015805 0.989423 0.010057 0.989423 0.002155 0.978846 0.000000 0.970192
0 0.929598 0.220192 0.926724 0.220192 0.908764 0.194231 0.907328 0.188462 0.909483 0.185577 0.920977 0.185577 0.928879 0.198077 0.928879 0.201923 0.934626 0.207692 0.936063 0.215385 0.929598 0.220192
0 0.724138 0.152885 0.718391 0.150962 0.714799 0.146154 0.707615 0.128846 0.707615 0.107692 0.718391 0.097115 0.731322 0.095192 0.737787 0.103846 0.737787 0.117308 0.729167 0.144231 0.724138 0.152885
0 0.540948 0.998077 0.535201 0.984615 0.535201 0.976923 0.547414 0.960577 0.553161 0.960577 0.561063 0.971154 0.565374 0.986538 0.565374 0.998077
0 0.650144 0.998077 0.645833 0.990385 0.640086 0.961538 0.644397 0.936538 0.653736 0.927885 0.665230 0.931731 0.674569 0.950000 0.673132 0.982692 0.664511 0.998077
0 0.318966 0.272115 0.311782 0.272115 0.303879 0.263462 0.301006 0.236538 0.305316 0.221154 0.305316 0.211538 0.317529 0.187500 0.320402 0.187500 0.325431 0.194231 0.325431 0.200000 0.329741 0.209615 0.328305 0.248077 0.323994 0.257692 0.323994 0.263462 0.318966 0.272115
0 0.168103 0.614423 0.146552 0.612500 0.138649 0.603846 0.138649 0.596154 0.149425 0.581731 0.155172 0.577885 0.168103 0.575962 0.177443 0.586538 0.177443 0.601923 0.168103 0.614423
0 0.637931 0.729808 0.623563 0.725962 0.619971 0.719231 0.619971 0.713462 0.629310 0.700962 0.642241 0.699038 0.647270 0.705769 0.647270 0.711538 0.637931 0.729808
0 0.019397 0.998077 0.017960 0.990385 0.020833 0.982692 0.037356 0.968269 0.050287 0.970192 0.053879 0.975000 0.053879 0.986538 0.048132 0.998077
0 0.877874 0.210577 0.870690 0.210577 0.859914 0.200000 0.859914 0.182692 0.872126 0.172115 0.880747 0.174038 0.890086 0.188462 0.890086 0.196154 0.887213 0.201923 0.877874 0.210577
0 0.443966 0.235577 0.438218 0.231731 0.428161 0.231731 0.424569 0.226923 0.424569 0.213462 0.427443 0.205769 0.438218 0.195192 0.449713 0.191346 0.457615 0.200000 0.460489 0.209615 0.457615 0.221154 0.443966 0.235577
0 0.242816 0.650962 0.234195 0.650962 0.218391 0.635577 0.214080 0.637500 0.206897 0.627885 0.201149 0.625962 0.201868 0.609615 0.208333 0.600962 0.216954 0.600962 0.225575 0.606731 0.246408 0.634615 0.246408 0.646154 0.242816 0.650962
0 0.775862 0.499038 0.767241 0.497115 0.762931 0.491346 0.752874 0.489423 0.747845 0.484615 0.747845 0.451923 0.754310 0.443269 0.770115 0.443269 0.778017 0.453846 0.779454 0.492308 0.775862 0.499038
0 0.211207 0.683654 0.201149 0.681731 0.188937 0.661538 0.187500 0.642308 0.190374 0.632692 0.195402 0.625962 0.206897 0.627885 0.217672 0.646154 0.219109 0.675000 0.211207 0.683654
0 0.399425 0.350962 0.389368 0.350962 0.382902 0.344231 0.382902 0.321154 0.387213 0.309615 0.393678 0.300962 0.409483 0.293269 0.418822 0.301923 0.420259 0.309615 0.413075 0.336538 0.403736 0.349038 0.399425 0.350962
0 0.126437 0.606731 0.122126 0.606731 0.115661 0.600000 0.115661 0.582692 0.126437 0.566346 0.137931 0.566346 0.144397 0.573077 0.144397 0.582692 0.141523 0.592308 0.126437 0.606731
0 0.344828 0.922115 0.336207 0.922115 0.329741 0.915385 0.328305 0.903846 0.334770 0.895192 0.343391 0.893269 0.354167 0.903846 0.351293 0.915385 0.344828 0.922115
0 0.813218 0.508654 0.803161 0.508654 0.799569 0.503846 0.799569 0.486538 0.809626 0.475000 0.809626 0.469231 0.816092 0.462500 0.824713 0.462500 0.831897 0.466346 0.835489 0.475000 0.834052 0.490385 0.826149 0.500962 0.813218 0.508654
0 0.147989 0.441346 0.142241 0.441346 0.137213 0.436538 0.135776 0.419231 0.142241 0.410577 0.155172 0.410577 0.159483 0.406731 0.163075 0.411538 0.163075 0.421154 0.158764 0.432692 0.147989 0.441346
0 0.323276 0.524038 0.313218 0.524038 0.308908 0.520192 0.299569 0.500000 0.301006 0.478846 0.310345 0.466346 0.317529 0.466346 0.329741 0.478846 0.332615 0.501923 0.323276 0.524038
0 0.925287 0.518269 0.913793 0.516346 0.908764 0.507692 0.908764 0.496154 0.915948 0.486538 0.915948 0.482692 0.920259 0.480769 0.922414 0.474038 0.943966 0.474038 0.946121 0.476923 0.946121 0.494231 0.929598 0.516346 0.925287 0.518269
0 0.887931 0.610577 0.877874 0.610577 0.864943 0.604808 0.859914 0.596154 0.859914 0.590385 0.870690 0.575962 0.892241 0.570192 0.908764 0.592308 0.899425 0.608654 0.893678 0.606731 0.887931 0.610577
0 0.160920 0.545192 0.149425 0.543269 0.145833 0.538462 0.150144 0.515385 0.155172 0.506731 0.160920 0.506731 0.168822 0.517308 0.168822 0.528846 0.165948 0.532692 0.165948 0.538462 0.160920 0.545192
0 0.145833 0.998077 0.142960 0.984615 0.144397 0.969231 0.153736 0.954808 0.162356 0.956731 0.170259 0.967308 0.174569 0.982692 0.173132 0.998077
0 0.326149 0.885577 0.318966 0.883654 0.315374 0.878846 0.313937 0.865385 0.316810 0.861538 0.316810 0.855769 0.329023 0.845192 0.336207 0.849038 0.342672 0.857692 0.342672 0.869231 0.337644 0.877885 0.326149 0.885577
0 0.935345 0.975962 0.926724 0.974038 0.912356 0.964423 0.905891 0.953846 0.905891 0.942308 0.922414 0.935577 0.929598 0.937500 0.938218 0.950962 0.943247 0.953846 0.946121 0.963462 0.943966 0.972115 0.935345 0.975962
0 0.271552 0.764423 0.265805 0.764423 0.253592 0.748077 0.252155 0.740385 0.255747 0.733654 0.271552 0.731731 0.275144 0.736538 0.278017 0.744231 0.278017 0.753846 0.271552 0.764423
0 0.040230 0.483654 0.034483 0.483654 0.030172 0.479808 0.025144 0.473077 0.022270 0.463462 0.022270 0.453846 0.031609 0.441346 0.057471 0.439423 0.073994 0.455769 0.073994 0.465385 0.068966 0.472115 0.061782 0.470192 0.050287 0.474038 0.040230 0.483654
0 0.719109 0.998077 0.719109 0.992308 0.727011 0.985577 0.748563 0.991346 0.750718 0.998077
0 0.264368 0.854808 0.261494 0.854808 0.250718 0.844231 0.253592 0.815385 0.255029 0.809615 0.261494 0.802885 0.272989 0.802885 0.279454 0.811538 0.280891 0.834615 0.272989 0.850962 0.264368 0.854808
0 0.192529 0.122115 0.183908 0.120192 0.178879 0.115385 0.176006 0.107692 0.176006 0.096154 0.180316 0.082692 0.191092 0.070192 0.195402 0.070192 0.201868 0.080769 0.203305 0.101923 0.200431 0.111538 0.192529 0.122115
0 0.941092 0.945192 0.937500 0.938462 0.943966 0.933654 0.946121 0.940385 0.941092 0.945192
0 0.787356 0.370192 0.775862 0.370192 0.762931 0.364423 0.757902 0.357692 0.760776 0.350000 0.759339 0.334615 0.764368 0.327885 0.783046 0.329808 0.793822 0.340385 0.795259 0.359615 0.787356 0.370192
0 0.568966 0.160577 0.558908 0.160577 0.548132 0.146154 0.548132 0.125000 0.560345 0.106731 0.568966 0.106731 0.579741 0.125000 0.578305 0.146154 0.568966 0.160577
0 0.916667 0.056731 0.887931 0.054808 0.880029 0.046154 0.880029 0.038462 0.884339 0.028846 0.890805 0.022115 0.896552 0.020192 0.916667 0.022115 0.924569 0.028846 0.926006 0.036538 0.924569 0.046154 0.916667 0.056731
0 0.919540 0.804808 0.909483 0.804808 0.900862 0.791346 0.896552 0.791346 0.892960 0.786538 0.894397 0.763462 0.899425 0.752885 0.910920 0.750962 0.923132 0.763462 0.926006 0.771154 0.924569 0.776923 0.927443 0.798077 0.919540 0.804808
0 0.248563 0.729808 0.239943 0.724038 0.226293 0.705769 0.226293 0.696154 0.231322 0.689423 0.244253 0.689423 0.253592 0.700000 0.259339 0.711538 0.260776 0.725000 0.258621 0.727885 0.248563 0.729808
0 0.386494 0.750962 0.360632 0.735577 0.349856 0.721154 0.351293 0.713462 0.359195 0.700962 0.373563 0.700962 0.390086 0.721154 0.392960 0.742308 0.386494 0.750962
0 0.466954 0.089423 0.461207 0.089423 0.447557 0.076923 0.444684 0.044231 0.454023 0.031731 0.464080 0.031731 0.470546 0.044231 0.469109 0.053846 0.471983 0.057692 0.473420 0.069231 0.471983 0.084615 0.466954 0.089423
0 0.000000 0.685577 0.008621 0.675962 0.027299 0.666346 0.033046 0.666346 0.045259 0.676923 0.043822 0.690385 0.027299 0.708654 0.007184 0.712500 0.000000 0.706731
0 0.103448 0.352885 0.096264 0.350962 0.086925 0.334615 0.086925 0.313462 0.099138 0.293269 0.107759 0.295192 0.121408 0.313462 0.118534 0.332692 0.103448 0.352885
0 0.181034 0.852885 0.173851 0.850962 0.168822 0.844231 0.161638 0.821154 0.161638 0.807692 0.168103 0.797115 0.179598 0.800962 0.190374 0.819231 0.190374 0.846154 0.181034 0.852885
0 0.741379 0.249038 0.735632 0.249038 0.725575 0.241346 0.721983 0.234615 0.721983 0.228846 0.711925 0.215385 0.711925 0.211538 0.716954 0.204808 0.727011 0.197115 0.732759 0.197115 0.736351 0.201923 0.742098 0.211538 0.742098 0.217308 0.749282 0.226923 0.749282 0.236538 0.741379 0.249038
0 0.366379 0.177885 0.353448 0.177885 0.347701 0.174038 0.344109 0.167308 0.344109 0.159615 0.353448 0.145192 0.362069 0.139423 0.376437 0.139423 0.382902 0.148077 0.382902 0.159615 0.375000 0.174038 0.366379 0.177885
0 0.288793 0.354808 0.280172 0.354808 0.272989 0.347115 0.265086 0.336538 0.259339 0.323077 0.259339 0.307692 0.268678 0.297115 0.283046 0.300962 0.293822 0.325000 0.293822 0.342308 0.288793 0.354808
0 0.629310 0.089423 0.622126 0.089423 0.619971 0.086538 0.619971 0.059615 0.625000 0.050962 0.637931 0.041346 0.650862 0.045192 0.654454 0.050000 0.651580 0.067308 0.640805 0.083654 0.629310 0.089423
0 0.745690 0.810577 0.731322 0.808654 0.723420 0.794231 0.723420 0.775000 0.727730 0.757692 0.734195 0.745192 0.742816 0.743269 0.747126 0.743269 0.751437 0.749038 0.754310 0.749038 0.759339 0.763462 0.759339 0.786538 0.756466 0.798077 0.745690 0.810577
0 0.866379 0.718269 0.860632 0.716346 0.855603 0.705769 0.844109 0.694231 0.839799 0.684615 0.841954 0.677885 0.847701 0.677885 0.853448 0.672115 0.860632 0.672115 0.874282 0.684615 0.877155 0.694231 0.875718 0.709615 0.866379 0.718269
0 0.843391 0.581731 0.834770 0.581731 0.823276 0.572115 0.818966 0.572115 0.816810 0.569231 0.818247 0.555769 0.830460 0.543269 0.844828 0.543269 0.854167 0.559615 0.854167 0.569231 0.850575 0.575962 0.847701 0.575962 0.843391 0.581731
0 0.712644 0.183654 0.706897 0.181731 0.700431 0.171154 0.694684 0.148077 0.696121 0.128846 0.698276 0.125962 0.705460 0.125962 0.710489 0.132692 0.714799 0.146154 0.723420 0.153846 0.723420 0.161538 0.719109 0.175000 0.712644 0.183654
0 0.027299 0.912500 0.014368 0.912500 0.006466 0.898077 0.005029 0.876923 0.006466 0.867308 0.011494 0.860577 0.024425 0.862500 0.029454 0.869231 0.035201 0.886538 0.032328 0.901923 0.027299 0.912500
0 0.040230 0.943269 0.037356 0.943269 0.028017 0.932692 0.028017 0.926923 0.032328 0.921154 0.032328 0.917308 0.050287 0.897115 0.061782 0.899038 0.065374 0.905769 0.062500 0.925000 0.048851 0.939423 0.040230 0.943269
0 0.136494 0.377885 0.119253 0.377885 0.109914 0.365385 0.109914 0.357692 0.114943 0.352885 0.133621 0.352885 0.142960 0.365385 0.142960 0.373077 0.136494 0.377885
0 0.548851 0.670192 0.540230 0.668269 0.533764 0.657692 0.536638 0.648077 0.536638 0.636538 0.563218 0.614423 0.571839 0.616346 0.576868 0.623077 0.575431 0.636538 0.557471 0.666346 0.548851 0.670192
0 0.284483 0.114423 0.275862 0.114423 0.267960 0.105769 0.267960 0.086538 0.265086 0.082692 0.265086 0.073077 0.272989 0.062500 0.283046 0.064423 0.292385 0.084615 0.292385 0.101923 0.284483 0.114423
0 0.507184 0.158654 0.498563 0.158654 0.492098 0.151923 0.492098 0.134615 0.501437 0.122115 0.511494 0.116346 0.515805 0.110577 0.534483 0.108654 0.536638 0.111538 0.536638 0.125000 0.533764 0.132692 0.507184 0.158654
0 0.711207 0.543269 0.701149 0.541346 0.686063 0.513462 0.684626 0.505769 0.691092 0.491346 0.701149 0.491346 0.710489 0.503846 0.716236 0.525000 0.714799 0.536538 0.711207 0.543269
0 0.048851 0.324038 0.039511 0.315385 0.040948 0.301923 0.046695 0.292308 0.046695 0.284615 0.051724 0.275962 0.064655 0.266346 0.070402 0.266346 0.076868 0.280769 0.078305 0.296154 0.066092 0.314423 0.048851 0.324038
0 0.895115 0.874038 0.875000 0.872115 0.869253 0.866346 0.861351 0.850000 0.862787 0.838462 0.870690 0.829808 0.880747 0.829808 0.892241 0.839423 0.899425 0.839423 0.903017 0.846154 0.904454 0.857692 0.895115 0.874038
0 0.491379 0.629808 0.477011 0.627885 0.471983 0.615385 0.471983 0.607692 0.476293 0.600000 0.476293 0.590385 0.491379 0.574038 0.495690 0.574038 0.503592 0.578846 0.506466 0.590385 0.503592 0.596154 0.503592 0.613462 0.491379 0.629808
0 0.962644 0.075962 0.959770 0.075962 0.956897 0.070192 0.942529 0.064423 0.938937 0.059615 0.937500 0.048077 0.943966 0.035577 0.964080 0.035577 0.969109 0.042308 0.969109 0.050000 0.971983 0.053846 0.970546 0.069231 0.962644 0.075962
0 0.517241 0.893269 0.501437 0.893269 0.483477 0.875000 0.482040 0.861538 0.492816 0.841346 0.504310 0.835577 0.514368 0.835577 0.521552 0.841346 0.525862 0.841346 0.530891 0.850000 0.533764 0.859615 0.533764 0.878846 0.522989 0.891346 0.517241 0.893269
0 0.451149 0.543269 0.439655 0.539423 0.430316 0.528846 0.424569 0.511538 0.424569 0.500000 0.429598 0.491346 0.442529 0.491346 0.457615 0.515385 0.454741 0.538462 0.451149 0.543269
0 0.864943 0.464423 0.852011 0.462500 0.844109 0.450000 0.846983 0.434615 0.845546 0.425000 0.849138 0.420192 0.854885 0.420192 0.869971 0.434615 0.871408 0.451923 0.864943 0.464423
0 0.704023 0.256731 0.695402 0.252885 0.691810 0.248077 0.691810 0.232692 0.696121 0.221154 0.696121 0.213462 0.714080 0.185577 0.724138 0.183654 0.727730 0.196154 0.711925 0.211538 0.717672 0.225000 0.717672 0.238462 0.704023 0.256731
0 0.747126 0.991346 0.741379 0.991346 0.738506 0.987500 0.727011 0.985577 0.724856 0.982692 0.721983 0.951923 0.732040 0.934615 0.734195 0.925962 0.744253 0.925962 0.752155 0.934615 0.752155 0.971154 0.747126 0.991346
0 0.117816 0.949038 0.110632 0.949038 0.101293 0.936538 0.101293 0.928846 0.117816 0.900962 0.130747 0.899038 0.134339 0.907692 0.132902 0.928846 0.128592 0.938462 0.117816 0.949038
0 0.283764 0.000000 0.283764 0.003846 0.277299 0.012500 0.264368 0.018269 0.247126 0.010577 0.242098 0.000000
0 0.709770 0.804808 0.704023 0.802885 0.697557 0.792308 0.694684 0.782692 0.694684 0.761538 0.697557 0.750000 0.705460 0.737500 0.718391 0.735577 0.723420 0.746154 0.723420 0.755769 0.719109 0.773077 0.720546 0.788462 0.709770 0.804808
0 0.313218 0.733654 0.304598 0.729808 0.299569 0.723077 0.296695 0.713462 0.298132 0.705769 0.306034 0.699038 0.318966 0.699038 0.326868 0.711538 0.326868 0.721154 0.313218 0.733654
0 0.127874 0.881731 0.113506 0.875962 0.103448 0.868269 0.099856 0.855769 0.102011 0.852885 0.116379 0.854808 0.122126 0.845192 0.126437 0.849038 0.134339 0.859615 0.135776 0.867308 0.135776 0.873077 0.127874 0.881731
0 0.333333 0.052885 0.324713 0.049038 0.319684 0.042308 0.319684 0.021154 0.323276 0.016346 0.340517 0.006731 0.354885 0.010577 0.361351 0.019231 0.358477 0.036538 0.350575 0.045192 0.333333 0.052885
0 0.514368 0.681731 0.501437 0.679808 0.497845 0.673077 0.496408 0.661538 0.510057 0.641346 0.512931 0.641346 0.518678 0.633654 0.531609 0.631731 0.536638 0.638462 0.533764 0.661538 0.522989 0.675962 0.514368 0.681731
0 0.662356 0.816346 0.646552 0.812500 0.636494 0.804808 0.624282 0.788462 0.622845 0.769231 0.627874 0.762500 0.632184 0.762500 0.635057 0.758654 0.639368 0.764423 0.645115 0.764423 0.652299 0.758654 0.653017 0.765385 0.663075 0.773077 0.664511 0.778846 0.671695 0.786538 0.673132 0.800000 0.671695 0.805769 0.662356 0.816346
0 0.047414 0.227885 0.034483 0.225962 0.029454 0.217308 0.028017 0.203846 0.030172 0.200962 0.035920 0.200962 0.051724 0.181731 0.061782 0.181731 0.068247 0.188462 0.069684 0.200000 0.057471 0.220192 0.047414 0.227885
0 0.564655 0.279808 0.550287 0.275962 0.548132 0.269231 0.553879 0.244231 0.563218 0.235577 0.570402 0.233654 0.577586 0.237500 0.584052 0.248077 0.584052 0.261538 0.573276 0.275962 0.564655 0.279808
0 0.239943 0.162500 0.228448 0.162500 0.223420 0.155769 0.221983 0.148077 0.224856 0.128846 0.242816 0.112500 0.258621 0.116346 0.260776 0.119231 0.260776 0.132692 0.256466 0.144231 0.239943 0.162500
0 0.264368 0.429808 0.252874 0.427885 0.243534 0.411538 0.240661 0.394231 0.247126 0.379808 0.261494 0.381731 0.275144 0.403846 0.273707 0.419231 0.264368 0.429808
0 0.392241 0.918269 0.382184 0.918269 0.377155 0.911538 0.375718 0.903846 0.375718 0.873077 0.385057 0.860577 0.395115 0.866346 0.405891 0.884615 0.401580 0.909615 0.392241 0.918269
0 0.503592 0.000000 0.510776 0.003846 0.507902 0.013462 0.512213 0.019231 0.509339 0.025000 0.509339 0.032692 0.504310 0.041346 0.497126 0.041346 0.484914 0.032692 0.477730 0.019231 0.476293 0.011538 0.480603 0.000000
0 0.700431 0.000000 0.689655 0.004808 0.682471 0.004808 0.674569 0.000000
0 0.114943 0.547115 0.103448 0.547115 0.089799 0.536538 0.088362 0.521154 0.094828 0.510577 0.102011 0.506731 0.114943 0.506731 0.127155 0.519231 0.127155 0.534615 0.114943 0.547115
0 0.446839 0.964423 0.432471 0.958654 0.418822 0.940385 0.417385 0.925000 0.420977 0.914423 0.438218 0.916346 0.453305 0.932692 0.456178 0.938462 0.456178 0.953846 0.446839 0.964423
0 0.823994 0.000000 0.808908 0.010577 0.795977 0.010577 0.788075 0.000000
0 0.630747 0.868269 0.622126 0.866346 0.615661 0.857692 0.615661 0.840385 0.609914 0.830769 0.614224 0.823077 0.614224 0.809615 0.619253 0.806731 0.630747 0.812500 0.637213 0.823077 0.640086 0.838462 0.640086 0.857692 0.636494 0.864423 0.630747 0.868269
0 0.852011 0.329808 0.836207 0.329808 0.829741 0.319231 0.829741 0.305769 0.839080 0.289423 0.847701 0.283654 0.866379 0.285577 0.871408 0.296154 0.869971 0.313462 0.860632 0.325962 0.852011 0.329808
0 0.693247 0.998077 0.696121 0.990385 0.702586 0.983654 0.709770 0.983654 0.715517 0.987500 0.719109 0.992308 0.719109 0.998077
0 0.954023 0.587500 0.948276 0.583654 0.935345 0.581731 0.923851 0.574038 0.917385 0.563462 0.920259 0.551923 0.929598 0.547115 0.943966 0.547115 0.951149 0.550962 0.964799 0.575000 0.964799 0.578846 0.959770 0.585577 0.954023 0.587500
0 0.196839 0.960577 0.183908 0.956731 0.174569 0.938462 0.173132 0.925000 0.178161 0.916346 0.193966 0.918269 0.203305 0.934615 0.203305 0.950000 0.196839 0.960577
0 0.116379 0.854808 0.106322 0.854808 0.101293 0.850000 0.098420 0.832692 0.103448 0.824038 0.113506 0.822115 0.119971 0.828846 0.122845 0.844231 0.116379 0.854808
0 0.590517 0.158654 0.583333 0.158654 0.578305 0.148077 0.579741 0.125000 0.585489 0.119231 0.588362 0.105769 0.593391 0.099038 0.597701 0.099038 0.607040 0.107692 0.609914 0.125000 0.605603 0.142308 0.590517 0.158654
0 0.929598 0.924038 0.925287 0.924038 0.921695 0.917308 0.923851 0.914423 0.929598 0.916346 0.931753 0.919231 0.929598 0.924038
0 0.497126 0.262500 0.482759 0.260577 0.479167 0.251923 0.479167 0.242308 0.491379 0.231731 0.495690 0.231731 0.507184 0.218269 0.517241 0.216346 0.523707 0.225000 0.523707 0.234615 0.507184 0.258654 0.501437 0.258654 0.497126 0.262500
0 0.492816 0.118269 0.484195 0.118269 0.479167 0.113462 0.479167 0.096154 0.495690 0.079808 0.510057 0.079808 0.513649 0.084615 0.512213 0.100000 0.504310 0.114423 0.492816 0.118269
0 0.498563 0.460577 0.489943 0.456731 0.486351 0.451923 0.493534 0.423077 0.504310 0.412500 0.524425 0.422115 0.528017 0.430769 0.526580 0.446154 0.514368 0.456731 0.498563 0.460577
0 0.266523 0.998077 0.267960 0.984615 0.280172 0.970192 0.287356 0.972115 0.292385 0.978846 0.298132 0.998077
0 0.998563 0.047115 0.981322 0.054808 0.969109 0.050000 0.969109 0.034615 0.985632 0.016346 0.994253 0.020192 0.997845 0.015385 0.998563 0.006731
0 0.919540 0.481731 0.903736 0.481731 0.901580 0.465385 0.907328 0.453846 0.920977 0.439423 0.938218 0.439423 0.944684 0.450000 0.944684 0.459615 0.932471 0.474038 0.922414 0.474038 0.919540 0.481731
0 0.454023 0.293269 0.449713 0.293269 0.440374 0.284615 0.440374 0.276923 0.444684 0.265385 0.454023 0.250962 0.462644 0.245192 0.472701 0.245192 0.476293 0.253846 0.474856 0.271154 0.454023 0.293269
0 0.038793 0.141346 0.008621 0.139423 0.006466 0.132692 0.007902 0.119231 0.017241 0.108654 0.033046 0.108654 0.045259 0.126923 0.045259 0.134615 0.038793 0.141346
0 0.222701 0.108654 0.214080 0.108654 0.203305 0.100000 0.201868 0.078846 0.208333 0.070192 0.229885 0.068269 0.237787 0.076923 0.236351 0.092308 0.222701 0.108654
0 0.392241 0.685577 0.385057 0.683654 0.372845 0.659615 0.372845 0.642308 0.379310 0.635577 0.387931 0.633654 0.395833 0.640385 0.400144 0.657692 0.400144 0.673077 0.398707 0.678846 0.392241 0.685577
0 0.257184 0.783654 0.250718 0.778846 0.250718 0.771154 0.260057 0.766346 0.263649 0.771154 0.263649 0.776923 0.257184 0.783654
0 0.300287 0.235577 0.287356 0.235577 0.281609 0.231731 0.277299 0.233654 0.267960 0.217308 0.262213 0.194231 0.265086 0.184615 0.272989 0.175962 0.284483 0.177885 0.305316 0.211538 0.303879 0.228846 0.300287 0.235577
0 0.271552 0.660577 0.257184 0.650962 0.243534 0.628846 0.242098 0.609615 0.244253 0.606731 0.250000 0.604808 0.257184 0.610577 0.265086 0.623077 0.266523 0.630769 0.276580 0.644231 0.276580 0.653846 0.271552 0.660577
0 0.000000 0.743269 0.005029 0.748077 0.005029 0.765385 0.000000 0.768269
0 0.962644 0.783654 0.952586 0.783654 0.943247 0.775000 0.940374 0.765385 0.940374 0.738462 0.952586 0.722115 0.965517 0.716346 0.967672 0.725000 0.971983 0.730769 0.971983 0.765385 0.962644 0.783654
0 0.261494 0.491346 0.254310 0.491346 0.236351 0.465385 0.233477 0.444231 0.238506 0.437500 0.248563 0.437500 0.263649 0.461538 0.266523 0.469231 0.266523 0.478846 0.261494 0.491346
0 0.804598 0.112500 0.797414 0.112500 0.793822 0.107692 0.792385 0.094231 0.795259 0.080769 0.807471 0.062500 0.816092 0.056731 0.821839 0.058654 0.828305 0.067308 0.828305 0.086538 0.813218 0.110577 0.804598 0.112500
0 0.645115 0.764423 0.639368 0.764423 0.635776 0.759615 0.640086 0.740385 0.642241 0.737500 0.660920 0.739423 0.663075 0.742308 0.663075 0.750000 0.645115 0.764423
0 0.291667 0.652885 0.280172 0.649038 0.269397 0.634615 0.263649 0.617308 0.267241 0.608654 0.277299 0.606731 0.290948 0.623077 0.290948 0.626923 0.298132 0.638462 0.298132 0.646154 0.291667 0.652885
0 0.481322 0.241346 0.466954 0.241346 0.459052 0.228846 0.466236 0.217308 0.467672 0.209615 0.475575 0.200962 0.484195 0.202885 0.490661 0.213462 0.490661 0.232692 0.481322 0.241346
0 0.783046 0.183654 0.774425 0.183654 0.770833 0.178846 0.766523 0.169231 0.767960 0.153846 0.783046 0.137500 0.804598 0.137500 0.809626 0.144231 0.809626 0.159615 0.797414 0.174038 0.783046 0.183654
0 0.562500 0.000000 0.569684 0.013462 0.569684 0.026923 0.563218 0.041346 0.550287 0.041346 0.535201 0.030769 0.543822 0.023077 0.543822 0.017308 0.533764 0.007692 0.539511 0.000000
0 0.237069 0.368269 0.228448 0.364423 0.216236 0.346154 0.214799 0.319231 0.222701 0.308654 0.232759 0.308654 0.239943 0.312500 0.246408 0.321154 0.253592 0.340385 0.252155 0.357692 0.245690 0.366346 0.237069 0.368269
0 0.839080 0.454808 0.830460 0.452885 0.823994 0.444231 0.823994 0.434615 0.831897 0.422115 0.836207 0.422115 0.846983 0.430769 0.844109 0.448077 0.839080 0.454808
0 0.037356 0.754808 0.028736 0.752885 0.023707 0.746154 0.023707 0.725000 0.034483 0.706731 0.047414 0.704808 0.056753 0.721154 0.056753 0.734615 0.047414 0.749038 0.037356 0.754808
0 0.886494 0.145192 0.872126 0.141346 0.864224 0.128846 0.859914 0.113462 0.859914 0.101923 0.869253 0.087500 0.886494 0.085577 0.892241 0.095192 0.898707 0.098077 0.891523 0.107692 0.895833 0.123077 0.894397 0.136538 0.886494 0.145192
0 0.603448 0.831731 0.591954 0.831731 0.586207 0.827885 0.579741 0.811538 0.581178 0.782692 0.587644 0.772115 0.594828 0.768269 0.602011 0.768269 0.608477 0.776923 0.614224 0.800000 0.614224 0.823077 0.610632 0.829808 0.603448 0.831731
0 0.000000 0.614423 0.004310 0.612500 0.007184 0.616346 0.011494 0.616346 0.015086 0.630769 0.020833 0.640385 0.017241 0.647115 0.011494 0.650962 0.000000 0.650962
0 0.107759 0.733654 0.102011 0.733654 0.093391 0.725962 0.084052 0.709615 0.082615 0.696154 0.085489 0.688462 0.093391 0.679808 0.106322 0.681731 0.115661 0.700000 0.115661 0.717308 0.107759 0.733654
0 0.222701 0.477885 0.214080 0.475962 0.209052 0.469231 0.201868 0.442308 0.203305 0.432692 0.214080 0.424038 0.224856 0.432692 0.227730 0.444231 0.233477 0.450000 0.236351 0.461538 0.222701 0.477885
0 0.443966 0.085577 0.435345 0.083654 0.420259 0.059615 0.420259 0.030769 0.426724 0.022115 0.433908 0.022115 0.443247 0.038462 0.447557 0.069231 0.447557 0.080769 0.443966 0.085577
0 0.113506 0.664423 0.106322 0.664423 0.092672 0.651923 0.091236 0.638462 0.094828 0.633654 0.111351 0.630769 0.114224 0.642308 0.113506 0.664423
0 0.642241 0.506731 0.630747 0.506731 0.625000 0.502885 0.624282 0.498077 0.631466 0.486538 0.631466 0.480769 0.640805 0.468269 0.655172 0.464423 0.660201 0.469231 0.660201 0.476923 0.651580 0.490385 0.650144 0.498077 0.642241 0.506731
0 0.094828 0.585577 0.089080 0.583654 0.085489 0.578846 0.085489 0.565385 0.091954 0.552885 0.102011 0.556731 0.105603 0.563462 0.104167 0.578846 0.094828 0.585577
0 0.464080 0.504808 0.458333 0.504808 0.455460 0.500962 0.451149 0.502885 0.442529 0.491346 0.438218 0.491346 0.434626 0.484615 0.434626 0.476923 0.443966 0.468269 0.469828 0.462500 0.477011 0.464423 0.489224 0.475000 0.489224 0.488462 0.484195 0.497115 0.471264 0.499038 0.464080 0.504808
0 0.762931 0.668269 0.742816 0.664423 0.730603 0.648077 0.729167 0.632692 0.734195 0.622115 0.741379 0.622115 0.757184 0.631731 0.772270 0.650000 0.769397 0.661538 0.762931 0.668269
0 0.668103 0.750962 0.663793 0.750962 0.663075 0.742308 0.654454 0.734615 0.655891 0.719231 0.647270 0.709615 0.647270 0.705769 0.641523 0.698077 0.641523 0.688462 0.647989 0.679808 0.655172 0.677885 0.662356 0.681731 0.673132 0.696154 0.677443 0.707692 0.677443 0.734615 0.673132 0.746154 0.668103 0.750962
0 0.811782 0.895192 0.804598 0.895192 0.798851 0.891346 0.783764 0.865385 0.785201 0.848077 0.793103 0.839423 0.810345 0.841346 0.823994 0.857692 0.826868 0.865385 0.818247 0.876923 0.818247 0.892308 0.811782 0.895192
0 0.352011 0.474038 0.331897 0.470192 0.323994 0.459615 0.321121 0.432692 0.327586 0.420192 0.336207 0.420192 0.341954 0.424038 0.355603 0.444231 0.359914 0.463462 0.352011 0.474038
0 0.998563 0.899038 0.992098 0.892308 0.990661 0.884615 0.990661 0.869231 0.998563 0.854808
0 0.000000 0.775962 0.004310 0.772115 0.014368 0.775962 0.023707 0.798077 0.023707 0.809615 0.020115 0.816346 0.014368 0.818269 0.010057 0.824038 0.000000 0.820192
0 0.208333 0.254808 0.204023 0.252885 0.198994 0.246154 0.198994 0.242308 0.212644 0.231731 0.222701 0.229808 0.226293 0.234615 0.226293 0.240385 0.218391 0.250962 0.208333 0.254808
0 0.849138 0.416346 0.841954 0.416346 0.835489 0.405769 0.835489 0.390385 0.841954 0.383654 0.847701 0.383654 0.852730 0.392308 0.852730 0.405769 0.849138 0.416346
0 0.757184 0.400962 0.744253 0.400962 0.733477 0.386538 0.732040 0.367308 0.735632 0.358654 0.742816 0.356731 0.750000 0.362500 0.755747 0.362500 0.761494 0.372115 0.765805 0.372115 0.769397 0.376923 0.769397 0.390385 0.764368 0.397115 0.757184 0.400962
0 0.091954 0.927885 0.080460 0.924038 0.068247 0.907692 0.066810 0.892308 0.068247 0.884615 0.073276 0.877885 0.087644 0.875962 0.101293 0.888462 0.102730 0.917308 0.091954 0.927885
0 0.357759 0.672115 0.349138 0.672115 0.326868 0.646154 0.325431 0.630769 0.327586 0.622115 0.333333 0.618269 0.340517 0.620192 0.346264 0.624038 0.358477 0.640385 0.361351 0.646154 0.362787 0.665385 0.357759 0.672115
0 0.612069 0.491346 0.609195 0.491346 0.602730 0.480769 0.601293 0.465385 0.606322 0.454808 0.619253 0.452885 0.621408 0.455769 0.621408 0.469231 0.615661 0.475000 0.612069 0.491346
0 0.413793 0.595192 0.406609 0.595192 0.404454 0.592308 0.400144 0.569231 0.401580 0.548077 0.404454 0.538462 0.413793 0.525962 0.418103 0.525962 0.428879 0.540385 0.428879 0.565385 0.421695 0.588462 0.413793 0.595192
0 0.718391 0.429808 0.712644 0.429808 0.708333 0.425962 0.697557 0.409615 0.696121 0.392308 0.702586 0.381731 0.715517 0.383654 0.726293 0.400000 0.724856 0.419231 0.718391 0.429808
0 0.675287 0.672115 0.666667 0.672115 0.655891 0.657692 0.654454 0.648077 0.657328 0.638462 0.660920 0.633654 0.673851 0.635577 0.688218 0.624038 0.695402 0.625962 0.697557 0.628846 0.697557 0.636538 0.693247 0.657692 0.688218 0.664423 0.675287 0.672115
0 0.021552 0.206731 0.014368 0.204808 0.009339 0.198077 0.010776 0.186538 0.031609 0.162500 0.041667 0.158654 0.049569 0.171154 0.048132 0.184615 0.035920 0.200962 0.030172 0.200962 0.021552 0.206731
0 0.893678 0.697115 0.882184 0.693269 0.877155 0.684615 0.878592 0.673077 0.884339 0.659615 0.884339 0.651923 0.889368 0.643269 0.902299 0.645192 0.907328 0.653846 0.908764 0.665385 0.907328 0.678846 0.893678 0.697115
0 0.771552 0.810577 0.762931 0.810577 0.756466 0.801923 0.759339 0.771154 0.777299 0.752885 0.795977 0.752885 0.799569 0.759615 0.798132 0.776923 0.771552 0.810577
0 0.418822 0.998077 0.415948 0.994231 0.414511 0.976923 0.422414 0.966346 0.438218 0.972115 0.444684 0.980769 0.448994 0.998077
0 0.721264 0.952885 0.714080 0.952885 0.710489 0.948077 0.709052 0.901923 0.714080 0.893269 0.721264 0.893269 0.723420 0.896154 0.730603 0.907692 0.733477 0.921154 0.732040 0.934615 0.721264 0.952885
0 0.354885 0.395192 0.349138 0.395192 0.339799 0.384615 0.345546 0.369231 0.332615 0.346154 0.332615 0.311538 0.336207 0.306731 0.341954 0.306731 0.349856 0.315385 0.349856 0.321154 0.355603 0.330769 0.355603 0.336538 0.364224 0.355769 0.365661 0.384615 0.354885 0.395192
0 0.575431 0.998077 0.575431 0.990385 0.580460 0.983654 0.591954 0.985577 0.602011 0.993269 0.604167 0.998077
0 0.945402 0.279808 0.938218 0.277885 0.931753 0.269231 0.934626 0.240385 0.941810 0.225000 0.952586 0.214423 0.962644 0.216346 0.969109 0.226923 0.967672 0.240385 0.957615 0.257692 0.956178 0.265385 0.945402 0.279808
0 0.814655 0.199038 0.795977 0.197115 0.789511 0.190385 0.789511 0.186538 0.794540 0.177885 0.798851 0.177885 0.818966 0.164423 0.830460 0.162500 0.839799 0.169231 0.834770 0.189423 0.830460 0.189423 0.821839 0.197115 0.814655 0.199038
0 0.742816 0.274038 0.729885 0.272115 0.724856 0.261538 0.724856 0.250000 0.728448 0.243269 0.735632 0.249038 0.741379 0.249038 0.749282 0.236538 0.747845 0.225000 0.751437 0.222115 0.762213 0.232692 0.763649 0.253846 0.762213 0.261538 0.754310 0.272115 0.742816 0.274038
0 0.785920 0.258654 0.780172 0.258654 0.778017 0.255769 0.781609 0.247115 0.786638 0.250000 0.788075 0.255769 0.785920 0.258654
0 0.257184 0.108654 0.252874 0.108654 0.246408 0.101923 0.243534 0.098077 0.243534 0.090385 0.249282 0.078846 0.252155 0.065385 0.255747 0.060577 0.260057 0.060577 0.263649 0.065385 0.265086 0.073077 0.265086 0.088462 0.262213 0.101923 0.257184 0.108654
0 0.321839 0.652885 0.311782 0.650962 0.298132 0.626923 0.293822 0.603846 0.300287 0.593269 0.314655 0.595192 0.325431 0.613462 0.326868 0.644231 0.321839 0.652885
0 0.632184 0.943269 0.625000 0.943269 0.617816 0.931731 0.609914 0.928846 0.615661 0.921154 0.614224 0.905769 0.609914 0.900000 0.609914 0.896154 0.616379 0.885577 0.629310 0.889423 0.637213 0.907692 0.638649 0.928846 0.632184 0.943269
0 0.318966 0.891346 0.313218 0.889423 0.303879 0.878846 0.303879 0.859615 0.314655 0.841346 0.324713 0.839423 0.328305 0.846154 0.324713 0.850962 0.320402 0.850962 0.313937 0.865385 0.313937 0.875000 0.321121 0.886538 0.318966 0.891346
0 0.922414 0.699038 0.919540 0.699038 0.911638 0.686538 0.913075 0.673077 0.935345 0.641346 0.939655 0.639423 0.946121 0.646154 0.946121 0.657692 0.943247 0.663462 0.940374 0.684615 0.931034 0.695192 0.925287 0.695192 0.922414 0.699038
0 0.616379 0.510577 0.609914 0.507692 0.609914 0.496154 0.615661 0.475000 0.620690 0.470192 0.623563 0.475962 0.631466 0.480769 0.631466 0.486538 0.625718 0.494231 0.624282 0.501923 0.616379 0.510577
0 0.186782 0.533654 0.179598 0.531731 0.173132 0.519231 0.174569 0.501923 0.177443 0.494231 0.182471 0.489423 0.189655 0.489423 0.198994 0.501923 0.197557 0.517308 0.186782 0.533654
0 0.540230 0.837500 0.525862 0.833654 0.510776 0.821154 0.509339 0.809615 0.515805 0.795192 0.534483 0.797115 0.542385 0.807692 0.546695 0.821154 0.540230 0.837500
0 0.920977 0.383654 0.910920 0.381731 0.902299 0.375962 0.891523 0.361538 0.888649 0.340385 0.895115 0.329808 0.906609 0.329808 0.926006 0.355769 0.928879 0.375000 0.920977 0.383654
0 0.247126 0.056731 0.239943 0.056731 0.236351 0.051923 0.234914 0.044231 0.224856 0.034615 0.224856 0.028846 0.235632 0.016346 0.244253 0.016346 0.257902 0.036538 0.253592 0.048077 0.247126 0.056731
0 0.064655 0.616346 0.050287 0.614423 0.033764 0.598077 0.032328 0.584615 0.040230 0.572115 0.054598 0.568269 0.068247 0.584615 0.071121 0.592308 0.071121 0.603846 0.064655 0.616346
0 0.840517 0.654808 0.831897 0.652885 0.823994 0.644231 0.823994 0.634615 0.831897 0.622115 0.840517 0.616346 0.849138 0.616346 0.852011 0.612500 0.860632 0.610577 0.866379 0.610577 0.877155 0.621154 0.875718 0.632692 0.869253 0.641346 0.852011 0.647115 0.847701 0.652885 0.840517 0.654808
0 0.780172 0.579808 0.771552 0.577885 0.765086 0.569231 0.765086 0.557692 0.769397 0.548077 0.777299 0.539423 0.793103 0.541346 0.802443 0.551923 0.802443 0.561538 0.794540 0.572115 0.780172 0.579808
0 0.998563 0.554808 0.974138 0.556731 0.967672 0.551923 0.967672 0.540385 0.977011 0.522115 0.988506 0.518269 0.998563 0.524038
0 0.633621 0.379808 0.619253 0.375962 0.609914 0.359615 0.614224 0.338462 0.627874 0.325962 0.635057 0.325962 0.641523 0.338462 0.641523 0.363462 0.638649 0.373077 0.633621 0.379808
0 0.232759 0.814423 0.220546 0.803846 0.220546 0.790385 0.223420 0.780769 0.232759 0.764423 0.241379 0.760577 0.255747 0.762500 0.257902 0.765385 0.250718 0.771154 0.250718 0.778846 0.255747 0.783654 0.260057 0.781731 0.260776 0.784615 0.247126 0.793269 0.232759 0.814423
0 0.050287 0.839423 0.040230 0.837500 0.033764 0.828846 0.036638 0.817308 0.041667 0.810577 0.058908 0.814423 0.063937 0.819231 0.065374 0.828846 0.061782 0.833654 0.053161 0.835577 0.050287 0.839423
0 0.343391 0.824038 0.329023 0.818269 0.317529 0.799038 0.305316 0.790385 0.305316 0.771154 0.314655 0.758654 0.324713 0.754808 0.337644 0.754808 0.346983 0.767308 0.349856 0.775000 0.348420 0.788462 0.351293 0.792308 0.354167 0.807692 0.351293 0.815385 0.343391 0.824038
0 0.833333 0.904808 0.823276 0.900962 0.818247 0.892308 0.818247 0.876923 0.823276 0.870192 0.836207 0.864423 0.850575 0.864423 0.861351 0.873077 0.861351 0.882692 0.856322 0.895192 0.853448 0.895192 0.849138 0.900962 0.833333 0.904808
0 0.376437 0.114423 0.362069 0.110577 0.353448 0.100962 0.349138 0.102885 0.345546 0.098077 0.346983 0.088462 0.364943 0.077885 0.379310 0.079808 0.390086 0.094231 0.390086 0.100000 0.382184 0.112500 0.376437 0.114423
0 0.632184 0.479808 0.621408 0.473077 0.621408 0.457692 0.624282 0.453846 0.624282 0.448077 0.629310 0.441346 0.637931 0.439423 0.644397 0.448077 0.645833 0.459615 0.640086 0.471154 0.632184 0.479808
0 0.522989 0.183654 0.508621 0.181731 0.505029 0.176923 0.505029 0.163462 0.511494 0.152885 0.522989 0.145192 0.528736 0.137500 0.535920 0.135577 0.543822 0.142308 0.543822 0.161538 0.522989 0.183654
0 0.908046 0.435577 0.899425 0.431731 0.894397 0.425000 0.892960 0.409615 0.895833 0.401923 0.903736 0.395192 0.910920 0.393269 0.916667 0.393269 0.926724 0.399038 0.933190 0.409615 0.927443 0.425000 0.919540 0.431731 0.908046 0.435577
0 0.178161 0.697115 0.163793 0.695192 0.158764 0.686538 0.161638 0.661538 0.168103 0.654808 0.176724 0.658654 0.187500 0.675000 0.186063 0.688462 0.178161 0.697115
0 0.352011 0.866346 0.343391 0.866346 0.342672 0.857692 0.336207 0.849038 0.328305 0.844231 0.328305 0.832692 0.331897 0.825962 0.344828 0.827885 0.347701 0.831731 0.370690 0.827885 0.377155 0.834615 0.378592 0.848077 0.370690 0.862500 0.360632 0.862500 0.352011 0.866346
0 0.686782 0.460577 0.681034 0.456731 0.672414 0.458654 0.669540 0.454808 0.660920 0.452885 0.655891 0.448077 0.655891 0.442308 0.662356 0.435577 0.686782 0.437500 0.693247 0.448077 0.693247 0.453846 0.686782 0.460577
0 0.086207 0.125962 0.070402 0.125962 0.068247 0.123077 0.069684 0.101923 0.084770 0.083654 0.093391 0.077885 0.103448 0.077885 0.107040 0.082692 0.107040 0.100000 0.104167 0.107692 0.091954 0.124038 0.086207 0.125962
0 0.477011 0.389423 0.471264 0.389423 0.466236 0.382692 0.469109 0.357692 0.479885 0.343269 0.489943 0.339423 0.499282 0.351923 0.499282 0.363462 0.484195 0.387500 0.477011 0.389423
0 0.602011 0.360577 0.593391 0.360577 0.589799 0.355769 0.586925 0.346154 0.588362 0.332692 0.600575 0.316346 0.613506 0.316346 0.617098 0.321154 0.617098 0.334615 0.612787 0.342308 0.611351 0.351923 0.602011 0.360577
0 0.371408 0.000000 0.369253 0.004808 0.362069 0.008654 0.352011 0.008654 0.341236 0.000000
0 0.000000 0.418269 0.009339 0.426923 0.007902 0.446154 0.000000 0.456731
0 0.051724 0.395192 0.040230 0.395192 0.030891 0.386538 0.032328 0.359615 0.036638 0.350000 0.045977 0.339423 0.050287 0.339423 0.057471 0.347115 0.063937 0.359615 0.063937 0.371154 0.059626 0.386538 0.051724 0.395192
0 0.081897 0.818269 0.076149 0.810577 0.071839 0.810577 0.068247 0.805769 0.076868 0.790385 0.086207 0.777885 0.096264 0.775962 0.104885 0.779808 0.102730 0.794231 0.096983 0.803846 0.081897 0.818269
0 0.035920 0.100962 0.033046 0.100962 0.028017 0.094231 0.028017 0.080769 0.032328 0.071154 0.044540 0.056731 0.053161 0.050962 0.060345 0.052885 0.071121 0.071154 0.068247 0.082692 0.060345 0.093269 0.048851 0.099038 0.035920 0.100962
0 0.076149 0.849038 0.068966 0.849038 0.056753 0.840385 0.056753 0.836538 0.061782 0.833654 0.065374 0.826923 0.061782 0.816346 0.052443 0.811538 0.056034 0.806731 0.068966 0.806731 0.071839 0.810577 0.076149 0.810577 0.082615 0.821154 0.085489 0.832692 0.082615 0.842308 0.076149 0.849038
0 0.535920 0.306731 0.515805 0.299038 0.506466 0.282692 0.507902 0.257692 0.522989 0.235577 0.530172 0.235577 0.538075 0.242308 0.539511 0.275000 0.543822 0.282692 0.543822 0.292308 0.540948 0.296154 0.540948 0.301923 0.535920 0.306731
0 0.107759 0.241346 0.103448 0.241346 0.096983 0.232692 0.096983 0.223077 0.107040 0.200000 0.113506 0.193269 0.120690 0.191346 0.128592 0.200000 0.128592 0.213462 0.107759 0.241346
0 0.341954 0.139423 0.334770 0.139423 0.325431 0.130769 0.325431 0.117308 0.337644 0.102885 0.353448 0.100962 0.362069 0.110577 0.371408 0.115385 0.369971 0.123077 0.364943 0.129808 0.341954 0.139423
0 0.231322 0.281731 0.224138 0.281731 0.221983 0.278846 0.223420 0.261538 0.234195 0.252885 0.242816 0.254808 0.244971 0.257692 0.244971 0.271154 0.238506 0.279808 0.231322 0.281731
0 0.857759 0.522115 0.844828 0.522115 0.842672 0.519231 0.839799 0.498077 0.852011 0.477885 0.867816 0.475962 0.874282 0.482692 0.878592 0.501923 0.857759 0.522115
0 0.188937 0.000000 0.182471 0.006731 0.175287 0.006731 0.165948 0.000000
0 0.000000 0.574038 0.007184 0.568269 0.017241 0.570192 0.030891 0.588462 0.030891 0.600000 0.020115 0.610577 0.012931 0.610577 0.000000 0.602885
0 0.192529 0.295192 0.185345 0.295192 0.178879 0.286538 0.176006 0.276923 0.176006 0.234615 0.182471 0.225962 0.188218 0.225962 0.190374 0.228846 0.190374 0.232692 0.194684 0.238462 0.198994 0.261538 0.197557 0.290385 0.192529 0.295192
0 0.205460 0.179808 0.193966 0.177885 0.187500 0.167308 0.187500 0.144231 0.193247 0.132692 0.201149 0.124038 0.208333 0.127885 0.217672 0.144231 0.216236 0.167308 0.211207 0.175962 0.205460 0.179808
0 0.890805 0.947115 0.870690 0.947115 0.864943 0.943269 0.858477 0.932692 0.859914 0.923077 0.866379 0.914423 0.875000 0.908654 0.892241 0.910577 0.904454 0.923077 0.904454 0.934615 0.899425 0.943269 0.890805 0.947115
0 0.906609 0.831731 0.899425 0.831731 0.893678 0.827885 0.880029 0.796154 0.880029 0.790385 0.890086 0.782692 0.891523 0.775000 0.889368 0.772115 0.870690 0.781731 0.862069 0.779808 0.854167 0.771154 0.852730 0.759615 0.860632 0.747115 0.879310 0.741346 0.893678 0.741346 0.895833 0.744231 0.898707 0.757692 0.894397 0.763462 0.892960 0.786538 0.896552 0.791346 0.900862 0.791346 0.909483 0.804808 0.914511 0.805769 0.914511 0.813462 0.911638 0.819231 0.913075 0.825000 0.906609 0.831731
0 0.183908 0.487500 0.173851 0.487500 0.168103 0.483654 0.163075 0.476923 0.160201 0.467308 0.161638 0.451923 0.169540 0.437500 0.178161 0.437500 0.187500 0.448077 0.187500 0.451923 0.191810 0.457692 0.193247 0.473077 0.190374 0.480769 0.183908 0.487500
0 0.767241 0.749038 0.762931 0.749038 0.750718 0.736538 0.747845 0.701923 0.749282 0.696154 0.754310 0.691346 0.764368 0.691346 0.766523 0.694231 0.770833 0.701923 0.773707 0.721154 0.778017 0.726923 0.779454 0.740385 0.774425 0.747115 0.767241 0.749038
0 0.106322 0.779808 0.100575 0.779808 0.096264 0.775962 0.081897 0.779808 0.075431 0.771154 0.075431 0.757692 0.086207 0.743269 0.099138 0.745192 0.104885 0.749038 0.112787 0.763462 0.111351 0.773077 0.106322 0.779808
0 0.431034 0.856731 0.420977 0.856731 0.410201 0.840385 0.405891 0.823077 0.405891 0.813462 0.407328 0.805769 0.412356 0.799038 0.426724 0.799038 0.436063 0.813462 0.438937 0.825000 0.438937 0.840385 0.436063 0.850000 0.431034 0.856731
0 0.000000 0.306731 0.012931 0.293269 0.020115 0.293269 0.028017 0.303846 0.029454 0.311538 0.025144 0.326923 0.017241 0.341346 0.000000 0.341346
0 0.681034 0.220192 0.673851 0.220192 0.665948 0.205769 0.664511 0.171154 0.676724 0.149038 0.685345 0.147115 0.693247 0.161538 0.693247 0.196154 0.687500 0.211538 0.681034 0.220192
0 0.206897 0.870192 0.199713 0.870192 0.190374 0.853846 0.190374 0.819231 0.198276 0.808654 0.208333 0.808654 0.219109 0.825000 0.219109 0.851923 0.206897 0.870192
0 0.155172 0.410577 0.143678 0.410577 0.138649 0.403846 0.138649 0.386538 0.147989 0.374038 0.158046 0.375962 0.163075 0.384615 0.163075 0.400000 0.155172 0.410577
0 0.366379 0.224038 0.359914 0.217308 0.359914 0.203846 0.370690 0.189423 0.393678 0.177885 0.402299 0.177885 0.404454 0.180769 0.405891 0.194231 0.399425 0.202885 0.386494 0.210577 0.379310 0.220192 0.366379 0.224038
0 0.528736 0.500962 0.512931 0.500962 0.498563 0.489423 0.493534 0.480769 0.496408 0.461538 0.514368 0.456731 0.525862 0.458654 0.531609 0.464423 0.538075 0.475000 0.540948 0.486538 0.535920 0.497115 0.528736 0.500962
0 0.393678 0.597115 0.380747 0.595192 0.372845 0.582692 0.369971 0.571154 0.369971 0.555769 0.371408 0.550000 0.379310 0.541346 0.389368 0.545192 0.395833 0.563462 0.397270 0.592308 0.393678 0.597115
0 0.080460 0.700962 0.066092 0.700962 0.059626 0.692308 0.056753 0.673077 0.063218 0.660577 0.073276 0.660577 0.085489 0.671154 0.088362 0.684615 0.080460 0.700962
0 0.237069 0.595192 0.218391 0.591346 0.204741 0.576923 0.204741 0.563462 0.211207 0.552885 0.222701 0.552885 0.232759 0.556731 0.240661 0.567308 0.243534 0.580769 0.242098 0.588462 0.237069 0.595192
0 0.649425 0.150962 0.640805 0.150962 0.632902 0.144231 0.631466 0.113462 0.639368 0.099038 0.655172 0.093269 0.663075 0.101923 0.665948 0.123077 0.658764 0.142308 0.649425 0.150962
0 0.656609 0.431731 0.650862 0.429808 0.647270 0.425000 0.638649 0.401923 0.638649 0.388462 0.649425 0.375962 0.658046 0.379808 0.662356 0.377885 0.670259 0.388462 0.668822 0.411538 0.656609 0.431731
0 0.514368 0.633654 0.510057 0.633654 0.505029 0.623077 0.503592 0.596154 0.506466 0.586538 0.512931 0.577885 0.520115 0.575962 0.530891 0.590385 0.530891 0.607692 0.526580 0.613462 0.523707 0.625000 0.514368 0.633654
0 0.951149 0.152885 0.936782 0.149038 0.931753 0.142308 0.928879 0.132692 0.931753 0.121154 0.933908 0.118269 0.938218 0.120192 0.949713 0.108654 0.965517 0.108654 0.975575 0.114423 0.982040 0.125000 0.982040 0.138462 0.974138 0.147115 0.951149 0.152885
0 0.775862 0.314423 0.762931 0.314423 0.752874 0.308654 0.747845 0.301923 0.746408 0.286538 0.751437 0.272115 0.754310 0.272115 0.758621 0.266346 0.771552 0.262500 0.782328 0.275000 0.785201 0.280769 0.783764 0.301923 0.775862 0.314423
0 0.456897 0.664423 0.451149 0.664423 0.443247 0.655769 0.441810 0.626923 0.447557 0.613462 0.455460 0.602885 0.464080 0.600962 0.471983 0.609615 0.476293 0.626923 0.473420 0.630769 0.473420 0.644231 0.464799 0.653846 0.461207 0.662500 0.456897 0.664423
0 0.505747 0.397115 0.498563 0.393269 0.492098 0.384615 0.492098 0.375000 0.504310 0.356731 0.515805 0.345192 0.524425 0.343269 0.533764 0.355769 0.532328 0.371154 0.521552 0.389423 0.514368 0.395192 0.505747 0.397115
0 0.757184 0.358654 0.748563 0.358654 0.741379 0.352885 0.725575 0.347115 0.716236 0.334615 0.717672 0.325000 0.724138 0.316346 0.732759 0.312500 0.742816 0.312500 0.750000 0.316346 0.756466 0.326923 0.760776 0.342308 0.760776 0.350000 0.757184 0.358654
0 0.435345 0.400962 0.420977 0.400962 0.413075 0.394231 0.410201 0.384615 0.423851 0.364423 0.433908 0.358654 0.445402 0.358654 0.453305 0.365385 0.454741 0.376923 0.450431 0.388462 0.443966 0.397115 0.435345 0.400962
0 0.508621 0.324038 0.495690 0.324038 0.490661 0.319231 0.490661 0.309615 0.505747 0.291346 0.510057 0.291346 0.518678 0.300962 0.524425 0.300962 0.535201 0.307692 0.535201 0.313462 0.530172 0.318269 0.508621 0.324038
0 0.237069 0.914423 0.224138 0.914423 0.217672 0.905769 0.213362 0.892308 0.213362 0.873077 0.224138 0.856731 0.229885 0.856731 0.234914 0.861538 0.239224 0.867308 0.239224 0.873077 0.243534 0.882692 0.244971 0.898077 0.237069 0.914423
0 0.757184 0.116346 0.748563 0.114423 0.743534 0.107692 0.743534 0.086538 0.747845 0.073077 0.754310 0.064423 0.760057 0.060577 0.770115 0.060577 0.776580 0.069231 0.776580 0.088462 0.765086 0.109615 0.757184 0.116346
0 0.827586 0.627885 0.821839 0.627885 0.818247 0.623077 0.818247 0.613462 0.827586 0.599038 0.843391 0.589423 0.849138 0.591346 0.852730 0.596154 0.851293 0.613462 0.849138 0.616346 0.836207 0.618269 0.827586 0.627885
0 0.364943 0.914423 0.353448 0.912500 0.354167 0.903846 0.339799 0.892308 0.339799 0.875000 0.343391 0.866346 0.363506 0.862500 0.372845 0.875000 0.371408 0.900000 0.364943 0.914423
0 0.747845 0.000000 0.749282 0.015385 0.741379 0.029808 0.709770 0.031731 0.703305 0.023077 0.703305 0.017308 0.709770 0.008654 0.721983 0.000000
0 0.179598 0.395192 0.172414 0.395192 0.163793 0.387500 0.158764 0.376923 0.155891 0.355769 0.157328 0.330769 0.160920 0.325962 0.172414 0.327885 0.177443 0.334615 0.178879 0.344231 0.181753 0.348077 0.181753 0.361538 0.186063 0.371154 0.187500 0.388462 0.179598 0.395192
0 0.984195 0.750962 0.970546 0.750000 0.971983 0.730769 0.964799 0.715385 0.964799 0.703846 0.967672 0.692308 0.972701 0.685577 0.982759 0.687500 0.989224 0.696154 0.993534 0.707692 0.993534 0.736538 0.990661 0.744231 0.984195 0.750962
0 0.037356 0.808654 0.027299 0.806731 0.023707 0.801923 0.019397 0.786538 0.031609 0.779808 0.038793 0.772115 0.048851 0.770192 0.055316 0.776923 0.055316 0.784615 0.050287 0.795192 0.037356 0.808654
0 0.485632 0.577885 0.477011 0.575962 0.473420 0.571154 0.471983 0.559615 0.474856 0.550000 0.485632 0.537500 0.495690 0.533654 0.507184 0.535577 0.509339 0.538462 0.509339 0.550000 0.506466 0.559615 0.500000 0.562500 0.485632 0.577885
0 0.386494 0.293269 0.379310 0.293269 0.366379 0.285577 0.352730 0.267308 0.352730 0.259615 0.362069 0.252885 0.373563 0.252885 0.385057 0.260577 0.390086 0.267308 0.391523 0.276923 0.391523 0.284615 0.386494 0.293269
0 0.372845 0.998077 0.367098 0.982692 0.367098 0.976923 0.362787 0.969231 0.372126 0.950962 0.379310 0.949038 0.392241 0.960577 0.400144 0.973077 0.400144 0.990385 0.395833 0.998077
0 0.426724 0.706731 0.420977 0.706731 0.416667 0.702885 0.407328 0.680769 0.410201 0.655769 0.416667 0.647115 0.422414 0.645192 0.425287 0.645192 0.431753 0.653846 0.437500 0.684615 0.437500 0.692308 0.426724 0.706731
0 0.540230 0.027885 0.527299 0.027885 0.520115 0.024038 0.510776 0.013462 0.509339 0.005769 0.512931 0.000962 0.521552 0.000962 0.533046 0.006731 0.543822 0.017308 0.543822 0.023077 0.540230 0.027885
0 0.137931 0.806731 0.132184 0.804808 0.122126 0.795192 0.115661 0.780769 0.117098 0.763462 0.123563 0.754808 0.136494 0.758654 0.138649 0.767308 0.150144 0.782692 0.150144 0.796154 0.137931 0.806731
0 0.288793 0.687500 0.274425 0.683654 0.269397 0.676923 0.270833 0.663462 0.275862 0.654808 0.281609 0.654808 0.295259 0.667308 0.296695 0.680769 0.288793 0.687500
0 0.152299 0.866346 0.143678 0.864423 0.132184 0.856731 0.122845 0.846154 0.121408 0.832692 0.117098 0.825000 0.120690 0.818269 0.137931 0.824038 0.154454 0.842308 0.158764 0.850000 0.158764 0.859615 0.152299 0.866346
0 0.998563 0.508654 0.989943 0.504808 0.983477 0.496154 0.989943 0.483654 0.998563 0.477885
0 0.484195 0.091346 0.478448 0.091346 0.471983 0.082692 0.471983 0.057692 0.478448 0.041346 0.492816 0.041346 0.500718 0.051923 0.500718 0.071154 0.494253 0.081731 0.484195 0.091346
0 0.284483 0.745192 0.277299 0.743269 0.272270 0.732692 0.272270 0.717308 0.276580 0.705769 0.281609 0.699038 0.287356 0.697115 0.292385 0.701923 0.298132 0.730769 0.284483 0.745192
0 0.264368 0.277885 0.257184 0.277885 0.250718 0.269231 0.246408 0.244231 0.242098 0.238462 0.242098 0.221154 0.248563 0.210577 0.261494 0.210577 0.267241 0.214423 0.276580 0.232692 0.278017 0.261538 0.270115 0.274038 0.264368 0.277885
0 0.877874 0.983654 0.866379 0.981731 0.862787 0.976923 0.862787 0.971154 0.845546 0.951923 0.844109 0.944231 0.847701 0.937500 0.857759 0.937500 0.870690 0.947115 0.879310 0.947115 0.887213 0.957692 0.888649 0.973077 0.877874 0.983654
0 0.893678 0.243269 0.885057 0.243269 0.875718 0.234615 0.874282 0.219231 0.879310 0.212500 0.889368 0.210577 0.900144 0.219231 0.901580 0.234615 0.893678 0.243269
0 0.912356 0.100962 0.896552 0.097115 0.890086 0.088462 0.885776 0.073077 0.889368 0.064423 0.902299 0.068269 0.911638 0.078846 0.915948 0.088462 0.915948 0.096154 0.912356 0.100962
0 0.287356 0.068269 0.275862 0.062500 0.270115 0.064423 0.265086 0.053846 0.266523 0.036538 0.278736 0.018269 0.283046 0.018269 0.288075 0.025000 0.286638 0.036538 0.289511 0.048077 0.289511 0.065385 0.287356 0.068269
0 0.553161 0.785577 0.543103 0.783654 0.529454 0.765385 0.530891 0.742308 0.538793 0.729808 0.541667 0.729808 0.545977 0.724038 0.554598 0.725962 0.559626 0.732692 0.562500 0.742308 0.561063 0.765385 0.553161 0.785577
0 0.329023 0.393269 0.323276 0.393269 0.318247 0.386538 0.315374 0.373077 0.316810 0.367308 0.324713 0.356731 0.334770 0.350962 0.342672 0.361538 0.345546 0.371154 0.339799 0.384615 0.329023 0.393269
0 0.479885 0.324038 0.471264 0.324038 0.465517 0.320192 0.460489 0.313462 0.459052 0.296154 0.463362 0.284615 0.474138 0.272115 0.487069 0.272115 0.494971 0.282692 0.496408 0.298077 0.490661 0.311538 0.479885 0.324038
0 0.623563 0.650962 0.606322 0.647115 0.601293 0.640385 0.599856 0.632692 0.601293 0.613462 0.607759 0.602885 0.614943 0.597115 0.625000 0.597115 0.635057 0.612500 0.648707 0.626923 0.648707 0.634615 0.642241 0.643269 0.635057 0.649038 0.623563 0.650962
0 0.813218 0.308654 0.803161 0.304808 0.798132 0.298077 0.795259 0.282692 0.801006 0.269231 0.814655 0.249038 0.824713 0.247115 0.832615 0.259615 0.834052 0.275000 0.825431 0.298077 0.813218 0.308654
0 0.512931 0.791346 0.502874 0.789423 0.490661 0.773077 0.493534 0.757692 0.502874 0.749038 0.515805 0.750962 0.528736 0.760577 0.532328 0.769231 0.532328 0.778846 0.530172 0.781731 0.512931 0.791346
0 0.327586 0.581731 0.317529 0.574038 0.309626 0.557692 0.305316 0.536538 0.302443 0.532692 0.302443 0.528846 0.308908 0.520192 0.313218 0.524038 0.323276 0.524038 0.338362 0.553846 0.338362 0.571154 0.333333 0.579808 0.327586 0.581731
0 0.117816 0.162500 0.113506 0.162500 0.105603 0.155769 0.105603 0.138462 0.109914 0.125000 0.117816 0.112500 0.123563 0.106731 0.130747 0.106731 0.138649 0.115385 0.141523 0.130769 0.138649 0.138462 0.117816 0.162500
0 0.137931 0.237500 0.130747 0.237500 0.119971 0.226923 0.128592 0.213462 0.128592 0.200000 0.125718 0.196154 0.140805 0.179808 0.150862 0.179808 0.158764 0.190385 0.157328 0.211538 0.153017 0.221154 0.137931 0.237500
0 0.976293 0.000000 0.977730 0.007692 0.961207 0.027885 0.954023 0.027885 0.946121 0.017308 0.950431 0.000000
0 0.022270 0.000000 0.025144 0.007692 0.023707 0.017308 0.014368 0.025962 0.006466 0.021154 0.006466 0.017308 0.013649 0.005769 0.012213 0.000000
0 0.599138 0.937500 0.591954 0.935577 0.585489 0.926923 0.584052 0.909615 0.590517 0.900962 0.606322 0.897115 0.614224 0.905769 0.615661 0.921154 0.606322 0.933654 0.599138 0.937500
