0 0.161111 0.659722 0.133333 0.659722 0.097222 0.648611 0.073611 0.622222 0.070833 0.602778 0.073611 0.591667 0.091667 0.570833 0.122222 0.551389 0.169444 0.537500 0.211111 0.537500 0.231944 0.555556 0.237500 0.566667 0.231944 0.600000 0.226389 0.611111 0.194444 0.643056 0.161111 0.659722
0 0.384722 0.997222 0.381944 0.969444 0.387500 0.947222 0.400000 0.931944 0.419444 0.923611 0.461111 0.926389 0.516667 0.945833 0.529167 0.958333 0.529167 0.983333 0.516667 0.995833 0.501389 0.997222
0 0.900000 0.215278 0.852778 0.215278 0.811111 0.198611 0.798611 0.186111 0.793056 0.172222 0.793056 0.150000 0.798611 0.136111 0.819444 0.118056 0.875000 0.106944 0.891667 0.106944 0.925000 0.118056 0.948611 0.138889 0.956944 0.152778 0.956944 0.188889 0.947222 0.201389 0.933333 0.209722 0.908333 0.209722 0.900000 0.215278
0 0.997222 0.529167 0.973611 0.505556 0.962500 0.480556 0.965278 0.450000 0.997222 0.426389
0 0.997222 0.381944 0.990278 0.372222 0.979167 0.333333 0.973611 0.327778 0.973611 0.316667 0.997222 0.295833
0 0.105556 0.995833 0.088889 0.995833 0.080556 0.990278 0.068056 0.977778 0.068056 0.958333 0.090278 0.944444 0.106944 0.916667 0.126389 0.900000 0.144444 0.873611 0.152778 0.873611 0.158333 0.868056 0.177778 0.870833 0.184722 0.886111 0.181944 0.913889 0.137500 0.972222 0.105556 0.995833
0 0.494444 0.270833 0.466667 0.270833 0.438889 0.256944 0.429167 0.238889 0.431944 0.222222 0.486111 0.176389 0.525000 0.154167 0.547222 0.148611 0.572222 0.151389 0.601389 0.169444 0.609722 0.183333 0.609722 0.211111 0.606944 0.219444 0.577778 0.248611 0.555556 0.259722 0.505556 0.265278 0.494444 0.270833
0 0.477778 0.581944 0.470833 0.580556 0.473611 0.566667 0.445833 0.519444 0.440278 0.488889 0.466667 0.459722 0.486111 0.454167 0.511111 0.454167 0.543056 0.477778 0.545833 0.500000 0.523611 0.536111 0.477778 0.581944
0 0.508333 0.668056 0.461111 0.659722 0.454167 0.650000 0.454167 0.616667 0.465278 0.588889 0.477778 0.581944 0.511111 0.548611 0.525000 0.543056 0.537500 0.566667 0.537500 0.602778 0.531944 0.633333 0.508333 0.668056
0 0.200000 0.290278 0.172222 0.290278 0.161111 0.284722 0.137500 0.250000 0.140278 0.208333 0.156944 0.180556 0.200000 0.140278 0.252778 0.112500 0.291667 0.109722 0.344444 0.126389 0.362500 0.152778 0.365278 0.169444 0.362500 0.183333 0.340278 0.222222 0.297222 0.254167 0.280556 0.256944 0.269444 0.265278 0.244444 0.270833 0.200000 0.290278
0 0.673611 0.000000 0.693056 0.025000 0.693056 0.050000 0.684722 0.066667 0.652778 0.101389 0.605556 0.118056 0.569444 0.118056 0.544444 0.112500 0.522222 0.101389 0.501389 0.083333 0.495833 0.061111 0.501389 0.027778 0.516667 0.009722 0.531944 0.000000
0 0.729167 0.997222 0.726389 0.952778 0.737500 0.916667 0.748611 0.908333 0.761111 0.887500 0.786111 0.879167 0.816667 0.887500 0.837500 0.913889 0.843056 0.944444 0.843056 0.983333 0.837500 0.997222
0 0.131944 0.997222 0.159722 0.941667 0.186111 0.920833 0.219444 0.923611 0.252778 0.940278 0.283333 0.948611 0.293056 0.961111 0.293056 0.977778 0.276389 0.997222
0 0.997222 0.743056 0.976389 0.713889 0.979167 0.680556 0.997222 0.656944
0 0.336111 0.868056 0.302778 0.865278 0.276389 0.838889 0.268056 0.813889 0.270833 0.772222 0.284722 0.750000 0.325000 0.718056 0.338889 0.715278 0.363889 0.695833 0.380556 0.690278 0.405556 0.690278 0.420833 0.705556 0.431944 0.725000 0.431944 0.758333 0.426389 0.775000 0.390278 0.830556 0.366667 0.854167 0.336111 0.868056
0 0.397222 0.420833 0.377778 0.420833 0.356944 0.400000 0.348611 0.383333 0.348611 0.358333 0.354167 0.352778 0.356944 0.333333 0.372222 0.315278 0.408333 0.298611 0.444444 0.298611 0.475000 0.293056 0.500000 0.304167 0.518056 0.322222 0.518056 0.341667 0.500000 0.370833 0.480556 0.376389 0.463889 0.390278 0.397222 0.420833
0 0.808333 0.654167 0.769444 0.654167 0.761111 0.645833 0.755556 0.645833 0.743056 0.630556 0.743056 0.591667 0.754167 0.569444 0.819444 0.498611 0.836111 0.487500 0.866667 0.484722 0.884722 0.508333 0.884722 0.538889 0.873611 0.563889 0.870833 0.605556 0.859722 0.627778 0.847222 0.640278 0.808333 0.654167
0 0.000000 0.195833 0.041667 0.143056 0.047222 0.143056 0.075000 0.123611 0.108333 0.123611 0.134722 0.150000 0.134722 0.194444 0.112500 0.225000 0.104167 0.244444 0.083333 0.268056 0.055556 0.284722 0.036111 0.287500 0.016667 0.287500 0.000000 0.273611
0 0.275000 0.445833 0.263889 0.445833 0.244444 0.431944 0.187500 0.366667 0.187500 0.338889 0.200000 0.320833 0.236111 0.309722 0.258333 0.309722 0.275000 0.315278 0.320833 0.358333 0.326389 0.372222 0.320833 0.413889 0.294444 0.443056 0.275000 0.445833
0 0.600000 0.620833 0.583333 0.620833 0.556944 0.600000 0.554167 0.536111 0.559722 0.502778 0.573611 0.472222 0.591667 0.456944 0.619444 0.454167 0.638889 0.462500 0.668056 0.488889 0.681944 0.513889 0.684722 0.550000 0.681944 0.558333 0.666667 0.573611 0.636111 0.573611 0.612500 0.611111 0.600000 0.620833
0 0.997222 0.901389 0.955556 0.904167 0.933333 0.893056 0.925000 0.893056 0.895833 0.869444 0.887500 0.852778 0.887500 0.838889 0.898611 0.819444 0.926389 0.794444 0.931944 0.780556 0.950000 0.762500 0.975000 0.762500 0.997222 0.768056
0 0.627778 0.976389 0.608333 0.976389 0.591667 0.956944 0.576389 0.947222 0.568056 0.933333 0.568056 0.900000 0.587500 0.858333 0.590278 0.841667 0.612500 0.808333 0.633333 0.790278 0.658333 0.779167 0.669444 0.779167 0.683333 0.787500 0.693056 0.802778 0.693056 0.869444 0.687500 0.875000 0.684722 0.900000 0.665278 0.947222 0.650000 0.968056 0.627778 0.976389
0 0.188889 0.515278 0.127778 0.501389 0.108333 0.490278 0.097222 0.490278 0.087500 0.480556 0.087500 0.438889 0.093056 0.425000 0.102778 0.415278 0.130556 0.398611 0.163889 0.398611 0.191667 0.409722 0.215278 0.433333 0.226389 0.452778 0.223611 0.494444 0.208333 0.509722 0.188889 0.515278
0 0.941667 0.448611 0.911111 0.448611 0.894444 0.440278 0.879167 0.425000 0.868056 0.405556 0.870833 0.352778 0.890278 0.325000 0.908333 0.309722 0.947222 0.309722 0.963889 0.318056 0.979167 0.333333 0.993056 0.375000 0.990278 0.408333 0.941667 0.448611
0 0.072222 0.956944 0.052778 0.951389 0.043056 0.941667 0.037500 0.922222 0.040278 0.897222 0.054167 0.869444 0.075000 0.848611 0.111111 0.834722 0.116667 0.834722 0.136111 0.851389 0.158333 0.856944 0.162500 0.866667 0.152778 0.873611 0.144444 0.873611 0.126389 0.900000 0.106944 0.916667 0.090278 0.944444 0.072222 0.956944
0 0.997222 0.065278 0.961111 0.065278 0.913889 0.045833 0.895833 0.030556 0.895833 0.000000
0 0.541667 0.823611 0.522222 0.823611 0.462500 0.772222 0.456944 0.758333 0.456944 0.736111 0.465278 0.722222 0.465278 0.713889 0.488889 0.690278 0.522222 0.679167 0.600000 0.684722 0.613889 0.693056 0.626389 0.708333 0.629167 0.727778 0.623611 0.741667 0.591667 0.781944 0.558333 0.815278 0.541667 0.823611
