0 0.345703 0.000000 0.345703 0.042969 0.312500 0.072266 0.273438 0.068359 0.253906 0.072266 0.238281 0.083984 0.210938 0.072266 0.201172 0.058594 0.205078 0.019531 0.220703 0.000000
0 0.136719 0.177734 0.125000 0.177734 0.099609 0.152344 0.099609 0.125000 0.128906 0.103516 0.144531 0.103516 0.162109 0.121094 0.162109 0.144531 0.136719 0.177734
0 0.316406 0.462891 0.277344 0.451172 0.263672 0.425781 0.267578 0.390625 0.292969 0.369141 0.320312 0.369141 0.341797 0.382812 0.337891 0.414062 0.330078 0.425781 0.330078 0.449219 0.316406 0.462891
0 0.500000 0.416016 0.472656 0.416016 0.451172 0.402344 0.451172 0.375000 0.464844 0.357422 0.480469 0.353516 0.503906 0.361328 0.525391 0.378906 0.529297 0.390625 0.500000 0.416016
0 0.843750 0.435547 0.812500 0.435547 0.794922 0.417969 0.791016 0.390625 0.808594 0.373047 0.832031 0.369141 0.861328 0.386719 0.865234 0.414062 0.843750 0.435547
0 0.000000 0.294922 0.005859 0.273438 0.027344 0.255859 0.062500 0.271484 0.068359 0.285156 0.099609 0.316406 0.095703 0.347656 0.050781 0.380859 0.019531 0.380859 0.005859 0.367188 0.000000 0.341797
0 0.703125 0.572266 0.683594 0.572266 0.666016 0.558594 0.662109 0.531250 0.654297 0.523438 0.664062 0.509766 0.718750 0.513672 0.732422 0.523438 0.724609 0.535156 0.724609 0.550781 0.703125 0.572266
0 0.675781 0.681641 0.652344 0.681641 0.630859 0.664062 0.626953 0.640625 0.640625 0.623047 0.675781 0.623047 0.693359 0.636719 0.693359 0.648438 0.675781 0.681641
0 0.371094 0.583984 0.324219 0.580078 0.310547 0.558594 0.314453 0.519531 0.335938 0.490234 0.359375 0.490234 0.392578 0.531250 0.392578 0.558594 0.384766 0.574219 0.371094 0.583984
0 0.000000 0.408203 0.019531 0.416016 0.037109 0.437500 0.037109 0.457031 0.029297 0.472656 0.000000 0.486328
0 0.582031 0.669922 0.566406 0.669922 0.550781 0.650391 0.539062 0.650391 0.529297 0.628906 0.566406 0.595703 0.597656 0.587891 0.615234 0.609375 0.615234 0.628906 0.611328 0.648438 0.582031 0.669922
0 0.656250 0.474609 0.644531 0.474609 0.619141 0.453125 0.611328 0.437500 0.611328 0.417969 0.636719 0.392578 0.679688 0.384766 0.693359 0.398438 0.693359 0.429688 0.673828 0.460938 0.656250 0.474609
0 0.937500 0.587891 0.894531 0.583984 0.880859 0.570312 0.876953 0.546875 0.890625 0.521484 0.949219 0.517578 0.955078 0.523438 0.958984 0.566406 0.937500 0.587891
0 0.832031 0.560547 0.800781 0.556641 0.787109 0.535156 0.791016 0.511719 0.808594 0.498047 0.835938 0.505859 0.849609 0.527344 0.849609 0.546875 0.832031 0.560547
0 0.000000 0.126953 0.039062 0.123047 0.056641 0.148438 0.044922 0.191406 0.027344 0.201172 0.000000 0.205078
0 0.691406 0.798828 0.679688 0.798828 0.634766 0.761719 0.656250 0.720703 0.687500 0.716797 0.712891 0.753906 0.712891 0.773438 0.691406 0.798828
0 0.095703 0.000000 0.078125 0.025391 0.054688 0.025391 0.031250 0.013672 0.000000 0.029297
0 0.742188 0.755859 0.718750 0.751953 0.693359 0.726562 0.689453 0.710938 0.718750 0.634766 0.746094 0.638672 0.767578 0.656250 0.775391 0.675781 0.763672 0.722656 0.742188 0.755859
0 0.613281 0.603516 0.597656 0.587891 0.578125 0.591797 0.570312 0.576172 0.562500 0.576172 0.541016 0.554688 0.541016 0.546875 0.562500 0.525391 0.601562 0.525391 0.623047 0.535156 0.630859 0.566406 0.619141 0.578125 0.613281 0.603516
0 0.433594 0.556641 0.398438 0.552734 0.392578 0.546875 0.402344 0.505859 0.433594 0.509766 0.443359 0.519531 0.447266 0.539062 0.433594 0.556641
0 0.546875 0.833984 0.519531 0.833984 0.494141 0.816406 0.498047 0.785156 0.511719 0.767578 0.550781 0.775391 0.568359 0.796875 0.564453 0.820312 0.546875 0.833984
0 0.328125 0.728516 0.308594 0.728516 0.291016 0.691406 0.298828 0.667969 0.314453 0.656250 0.320312 0.642578 0.351562 0.650391 0.369141 0.675781 0.369141 0.691406 0.351562 0.701172 0.328125 0.728516
0 0.441406 0.822266 0.416016 0.804688 0.412109 0.781250 0.429688 0.759766 0.441406 0.759766 0.464844 0.744141 0.482422 0.769531 0.482422 0.785156 0.468750 0.806641 0.441406 0.822266
0 0.000000 0.630859 0.007812 0.630859 0.029297 0.648438 0.029297 0.679688 0.021484 0.703125 0.013672 0.718750 0.000000 0.728516
0 0.585938 0.517578 0.562500 0.517578 0.541016 0.492188 0.544922 0.464844 0.562500 0.447266 0.578125 0.447266 0.603516 0.472656 0.607422 0.496094 0.585938 0.517578
0 0.468750 0.646484 0.410156 0.642578 0.388672 0.625000 0.384766 0.609375 0.449219 0.556641 0.476562 0.541016 0.507812 0.537109 0.521484 0.574219 0.521484 0.597656 0.500000 0.611328 0.488281 0.611328 0.476562 0.599609 0.482422 0.628906 0.468750 0.646484
0 0.578125 0.755859 0.542969 0.755859 0.525391 0.742188 0.529297 0.707031 0.546875 0.681641 0.566406 0.681641 0.599609 0.714844 0.595703 0.742188 0.578125 0.755859
0 0.996094 0.728516 0.972656 0.751953 0.937500 0.755859 0.908203 0.734375 0.904297 0.699219 0.917969 0.681641 0.945312 0.666016 0.968750 0.681641 0.996094 0.712891
0 0.996094 0.880859 0.976562 0.892578 0.949219 0.888672 0.923828 0.871094 0.912109 0.851562 0.912109 0.824219 0.941406 0.806641 0.996094 0.810547
0 0.292969 0.560547 0.277344 0.560547 0.271484 0.554688 0.271484 0.531250 0.277344 0.525391 0.289062 0.525391 0.306641 0.539062 0.306641 0.546875 0.292969 0.560547
0 0.500000 0.521484 0.476562 0.521484 0.470703 0.515625 0.474609 0.500000 0.462891 0.492188 0.455078 0.476562 0.455078 0.449219 0.460938 0.443359 0.484375 0.439453 0.523438 0.455078 0.533203 0.464844 0.525391 0.503906 0.500000 0.521484
0 0.884766 0.996094 0.880859 0.968750 0.888672 0.953125 0.925781 0.927734 0.949219 0.931641 0.970703 0.949219 0.982422 0.972656 0.978516 0.996094
0 0.863281 0.701172 0.832031 0.697266 0.814453 0.675781 0.814453 0.652344 0.828125 0.638672 0.847656 0.630859 0.875000 0.634766 0.888672 0.652344 0.888672 0.679688 0.863281 0.701172
0 0.640625 0.880859 0.621094 0.880859 0.595703 0.859375 0.595703 0.824219 0.605469 0.814453 0.632812 0.814453 0.662109 0.839844 0.666016 0.855469 0.640625 0.880859
0 0.445312 0.724609 0.417969 0.724609 0.384766 0.695312 0.380859 0.652344 0.386719 0.646484 0.398438 0.646484 0.410156 0.658203 0.445312 0.666016 0.466797 0.679688 0.455078 0.714844 0.445312 0.724609
0 0.472656 0.923828 0.457031 0.923828 0.447266 0.914062 0.447266 0.898438 0.464844 0.861328 0.492188 0.857422 0.505859 0.871094 0.501953 0.902344 0.472656 0.923828
