0 0.294444 0.440278 0.255556 0.437500 0.248611 0.430556 0.243056 0.416667 0.243056 0.397222 0.248611 0.380556 0.269444 0.368056 0.316667 0.320833 0.341667 0.312500 0.372222 0.312500 0.384722 0.322222 0.401389 0.352778 0.401389 0.375000 0.395833 0.386111 0.383333 0.404167 0.358333 0.418056 0.355556 0.423611 0.347222 0.423611 0.330556 0.434722 0.294444 0.440278
0 0.481944 0.997222 0.473611 0.988889 0.473611 0.955556 0.487500 0.922222 0.500000 0.909722 0.513889 0.909722 0.522222 0.918056 0.575000 0.918056 0.601389 0.947222 0.612500 0.980556 0.612500 0.997222
0 0.394444 0.731944 0.386111 0.726389 0.366667 0.729167 0.319444 0.704167 0.305556 0.701389 0.281944 0.680556 0.281944 0.652778 0.298611 0.625000 0.325000 0.601389 0.336111 0.601389 0.352778 0.590278 0.394444 0.581944 0.416667 0.581944 0.441667 0.590278 0.462500 0.608333 0.465278 0.644444 0.454167 0.672222 0.451389 0.694444 0.443056 0.708333 0.436111 0.715278 0.394444 0.731944
0 0.997222 0.354167 0.990278 0.350000 0.976389 0.327778 0.970833 0.297222 0.970833 0.280556 0.997222 0.226389
0 0.772222 0.587500 0.736111 0.587500 0.677778 0.565278 0.655556 0.551389 0.644444 0.548611 0.633333 0.551389 0.627778 0.543056 0.616667 0.540278 0.604167 0.522222 0.604167 0.480556 0.625000 0.462500 0.666667 0.454167 0.700000 0.462500 0.747222 0.493056 0.763889 0.498611 0.775000 0.509722 0.791667 0.515278 0.806944 0.530556 0.804167 0.561111 0.772222 0.587500
0 0.997222 0.168056 0.987500 0.144444 0.987500 0.075000 0.990278 0.058333 0.997222 0.048611
0 0.997222 0.901389 0.959722 0.863889 0.959722 0.847222 0.965278 0.838889 0.997222 0.812500
0 0.018056 0.000000 0.015278 0.013889 0.000000 0.023611
0 0.416667 0.879167 0.391667 0.873611 0.376389 0.855556 0.370833 0.844444 0.373611 0.802778 0.411111 0.731944 0.447222 0.718056 0.480556 0.720833 0.488889 0.731944 0.498611 0.736111 0.506944 0.761111 0.493056 0.813889 0.473611 0.850000 0.455556 0.870833 0.416667 0.879167
0 0.000000 0.309722 0.008333 0.301389 0.019444 0.298611 0.041667 0.301389 0.063889 0.312500 0.076389 0.325000 0.079167 0.336111 0.076389 0.372222 0.066667 0.384722 0.019444 0.387500 0.000000 0.370833
0 0.000000 0.465278 0.133333 0.468056 0.155556 0.479167 0.170833 0.494444 0.179167 0.511111 0.179167 0.530556 0.155556 0.562500 0.111111 0.565278 0.072222 0.551389 0.050000 0.551389 0.000000 0.529167
0 0.630556 0.354167 0.602778 0.354167 0.591667 0.348611 0.573611 0.327778 0.568056 0.305556 0.576389 0.288889 0.600000 0.265278 0.627778 0.254167 0.638889 0.254167 0.650000 0.256944 0.659722 0.266667 0.668056 0.286111 0.668056 0.305556 0.654167 0.338889 0.630556 0.354167
0 0.522222 0.704167 0.491667 0.704167 0.468056 0.680556 0.465278 0.650000 0.468056 0.641667 0.483333 0.626389 0.519444 0.606944 0.563889 0.590278 0.627778 0.590278 0.648611 0.608333 0.654167 0.622222 0.654167 0.641667 0.640278 0.675000 0.630556 0.684722 0.622222 0.690278 0.588889 0.690278 0.587500 0.683333 0.580556 0.681944 0.577778 0.676389 0.558333 0.676389 0.522222 0.704167
0 0.675000 0.945833 0.652778 0.945833 0.629167 0.933333 0.620833 0.919444 0.618056 0.900000 0.625000 0.870833 0.652778 0.868056 0.655556 0.862500 0.661111 0.862500 0.688889 0.868056 0.698611 0.875000 0.704167 0.886111 0.704167 0.900000 0.698611 0.902778 0.698611 0.925000 0.675000 0.945833
0 0.325000 0.259722 0.302778 0.259722 0.255556 0.223611 0.236111 0.215278 0.231944 0.211111 0.231944 0.180556 0.247222 0.168056 0.263889 0.165278 0.269444 0.159722 0.291667 0.162500 0.305556 0.170833 0.320833 0.188889 0.334722 0.219444 0.334722 0.247222 0.325000 0.259722
0 0.694444 0.868056 0.675000 0.868056 0.661111 0.862500 0.655556 0.862500 0.652778 0.868056 0.627778 0.868056 0.623611 0.850000 0.638889 0.831944 0.655556 0.823611 0.666667 0.806944 0.686111 0.806944 0.704167 0.816667 0.709722 0.833333 0.709722 0.847222 0.698611 0.855556 0.694444 0.868056
0 0.781944 0.000000 0.776389 0.013889 0.755556 0.031944 0.727778 0.031944 0.708333 0.020833 0.708333 0.015278 0.702778 0.012500 0.697222 0.015278 0.688889 0.006944 0.670833 0.000000
0 0.000000 0.590278 0.025000 0.570833 0.058333 0.556944 0.083333 0.556944 0.125000 0.568056 0.127778 0.573611 0.144444 0.581944 0.148611 0.591667 0.148611 0.650000 0.138889 0.665278 0.072222 0.668056 0.055556 0.670833 0.044444 0.679167 0.027778 0.679167 0.000000 0.637500
0 0.402778 0.248611 0.358333 0.245833 0.329167 0.208333 0.306944 0.155556 0.306944 0.113889 0.312500 0.100000 0.322222 0.087500 0.358333 0.068056 0.388889 0.068056 0.398611 0.077778 0.406944 0.100000 0.406944 0.144444 0.429167 0.172222 0.434722 0.186111 0.434722 0.211111 0.429167 0.225000 0.402778 0.248611
0 0.277778 0.329167 0.233333 0.326389 0.218056 0.311111 0.206944 0.283333 0.212500 0.219444 0.230556 0.198611 0.236111 0.215278 0.255556 0.223611 0.297222 0.256944 0.312500 0.263889 0.312500 0.305556 0.277778 0.329167
0 0.240278 0.000000 0.233333 0.015278 0.200000 0.026389 0.175000 0.026389 0.131944 0.000000
0 0.322222 0.851389 0.313889 0.851389 0.275000 0.831944 0.222222 0.829167 0.213889 0.823611 0.211111 0.829167 0.202778 0.829167 0.194444 0.820833 0.188889 0.820833 0.187500 0.811111 0.165278 0.780556 0.165278 0.752778 0.173611 0.727778 0.202778 0.706944 0.233333 0.698611 0.300000 0.701389 0.322222 0.712500 0.331944 0.722222 0.331944 0.727778 0.351389 0.744444 0.362500 0.763889 0.359722 0.813889 0.336111 0.837500 0.326389 0.841667 0.322222 0.851389
0 0.655556 0.454167 0.641667 0.454167 0.637500 0.450000 0.640278 0.416667 0.654167 0.377778 0.654167 0.358333 0.668056 0.325000 0.673611 0.322222 0.670833 0.313889 0.694444 0.298611 0.702778 0.298611 0.725000 0.287500 0.744444 0.287500 0.769444 0.298611 0.790278 0.325000 0.790278 0.358333 0.776389 0.386111 0.765278 0.397222 0.762500 0.411111 0.705556 0.445833 0.655556 0.454167
0 0.141667 0.381944 0.111111 0.381944 0.094444 0.376389 0.084722 0.366667 0.079167 0.350000 0.079167 0.305556 0.094444 0.287500 0.122222 0.273611 0.155556 0.273611 0.166667 0.279167 0.184722 0.294444 0.193056 0.313889 0.193056 0.344444 0.181944 0.361111 0.161111 0.376389 0.141667 0.381944
0 0.937500 0.997222 0.931944 0.994444 0.926389 0.972222 0.915278 0.961111 0.915278 0.955556 0.881944 0.933333 0.881944 0.900000 0.913889 0.870833 0.947222 0.862500 0.969444 0.881944 0.988889 0.890278 0.997222 0.901389
0 0.000000 0.920833 0.030556 0.920833 0.052778 0.931944 0.080556 0.959722 0.113889 0.979167 0.126389 0.997222
0 0.566667 0.306944 0.558333 0.306944 0.531944 0.280556 0.526389 0.269444 0.526389 0.252778 0.531944 0.241667 0.566667 0.209722 0.613889 0.206944 0.631944 0.225000 0.634722 0.247222 0.625000 0.256944 0.608333 0.259722 0.591667 0.270833 0.573611 0.291667 0.566667 0.306944
0 0.827778 0.520833 0.805556 0.520833 0.775000 0.509722 0.763889 0.498611 0.730556 0.481944 0.723611 0.466667 0.723611 0.436111 0.758333 0.415278 0.769444 0.393056 0.780556 0.393056 0.791667 0.384722 0.825000 0.384722 0.851389 0.413889 0.870833 0.452778 0.873611 0.486111 0.868056 0.497222 0.861111 0.506944 0.827778 0.520833
0 0.616667 0.904167 0.594444 0.904167 0.583333 0.895833 0.563889 0.890278 0.551389 0.877778 0.545833 0.866667 0.545833 0.847222 0.552778 0.837500 0.569444 0.831944 0.588889 0.831944 0.618056 0.844444 0.623611 0.858333 0.623611 0.883333 0.616667 0.904167
0 0.273611 0.997222 0.288889 0.979167 0.305556 0.968056 0.338889 0.962500 0.372222 0.962500 0.397222 0.968056 0.413889 0.976389 0.458333 0.987500 0.465278 0.991667 0.465278 0.997222
0 0.777778 0.254167 0.761111 0.254167 0.711111 0.237500 0.700000 0.226389 0.694444 0.226389 0.673611 0.205556 0.668056 0.194444 0.668056 0.138889 0.693056 0.088889 0.711111 0.076389 0.744444 0.076389 0.763889 0.084722 0.815278 0.130556 0.818056 0.141667 0.826389 0.150000 0.826389 0.211111 0.808333 0.234722 0.777778 0.254167
