0 0.917969 0.455078 0.906250 0.455078 0.888672 0.437500 0.880859 0.421875 0.880859 0.402344 0.886719 0.396484 0.910156 0.400391 0.927734 0.421875 0.927734 0.445312 0.917969 0.455078
0 0.500000 0.611328 0.488281 0.611328 0.470703 0.589844 0.470703 0.562500 0.480469 0.552734 0.500000 0.556641 0.509766 0.570312 0.509766 0.601562 0.500000 0.611328
0 0.503906 0.478516 0.476562 0.478516 0.466797 0.468750 0.470703 0.449219 0.496094 0.431641 0.507812 0.431641 0.525391 0.445312 0.525391 0.460938 0.503906 0.478516
0 0.648438 0.615234 0.632812 0.615234 0.626953 0.609375 0.623047 0.585938 0.652344 0.552734 0.664062 0.552734 0.673828 0.562500 0.673828 0.585938 0.648438 0.615234
0 0.433594 0.541016 0.419922 0.535156 0.425781 0.521484 0.439453 0.527344 0.433594 0.541016
0 0.000000 0.427734 0.003906 0.396484 0.027344 0.400391 0.037109 0.414062 0.037109 0.433594 0.031250 0.439453 0.003906 0.439453 0.000000 0.431641
0 0.000000 0.103516 0.007812 0.103516 0.021484 0.121094 0.017578 0.140625 0.000000 0.150391
0 0.019531 0.392578 0.001953 0.390625 0.003906 0.345703 0.019531 0.349609 0.029297 0.367188 0.029297 0.386719 0.019531 0.392578
0 0.714844 0.474609 0.703125 0.474609 0.689453 0.457031 0.689453 0.417969 0.699219 0.404297 0.714844 0.404297 0.724609 0.417969 0.724609 0.464844 0.714844 0.474609
0 0.625000 0.345703 0.601562 0.341797 0.587891 0.324219 0.583984 0.289062 0.593750 0.279297 0.613281 0.283203 0.634766 0.308594 0.634766 0.335938 0.625000 0.345703
0 0.027344 0.927734 0.021484 0.921875 0.025391 0.914062 0.062500 0.888672 0.089844 0.888672 0.103516 0.902344 0.103516 0.910156 0.085938 0.923828 0.027344 0.927734
0 0.363281 0.884766 0.328125 0.884766 0.318359 0.875000 0.322266 0.855469 0.343750 0.841797 0.367188 0.841797 0.378906 0.849609 0.384766 0.855469 0.384766 0.871094 0.363281 0.884766
0 0.453125 0.251953 0.427734 0.234375 0.416016 0.203125 0.423828 0.183594 0.437500 0.173828 0.453125 0.177734 0.474609 0.207031 0.470703 0.242188 0.453125 0.251953
0 0.808594 0.775391 0.785156 0.775391 0.775391 0.765625 0.779297 0.738281 0.792969 0.720703 0.804688 0.716797 0.820312 0.720703 0.830078 0.734375 0.826172 0.757812 0.808594 0.775391
0 0.789062 0.572266 0.773438 0.572266 0.755859 0.554688 0.755859 0.535156 0.785156 0.505859 0.808594 0.505859 0.818359 0.519531 0.818359 0.542969 0.789062 0.572266
0 0.324219 0.720703 0.296875 0.720703 0.273438 0.708984 0.251953 0.691406 0.251953 0.679688 0.261719 0.669922 0.277344 0.669922 0.300781 0.681641 0.330078 0.707031 0.324219 0.720703
0 0.386719 0.841797 0.351562 0.841797 0.337891 0.828125 0.337891 0.800781 0.347656 0.791016 0.367188 0.791016 0.396484 0.816406 0.396484 0.828125 0.386719 0.841797
0 0.261719 0.876953 0.238281 0.876953 0.220703 0.863281 0.220703 0.851562 0.238281 0.833984 0.257812 0.833984 0.267578 0.843750 0.271484 0.867188 0.261719 0.876953
0 0.105469 0.833984 0.078125 0.830078 0.064453 0.816406 0.064453 0.804688 0.082031 0.791016 0.109375 0.791016 0.123047 0.804688 0.123047 0.820312 0.105469 0.833984
0 0.000000 0.294922 0.007812 0.294922 0.013672 0.304688 0.013672 0.328125 0.007812 0.333984 0.000000 0.314453
0 0.890625 0.154297 0.875000 0.150391 0.861328 0.128906 0.861328 0.101562 0.871094 0.091797 0.882812 0.091797 0.900391 0.117188 0.900391 0.144531 0.890625 0.154297
0 0.398438 0.525391 0.382812 0.525391 0.369141 0.511719 0.365234 0.496094 0.365234 0.464844 0.378906 0.447266 0.398438 0.447266 0.416016 0.468750 0.412109 0.507812 0.398438 0.525391
0 0.292969 0.630859 0.265625 0.630859 0.242188 0.619141 0.228516 0.605469 0.228516 0.582031 0.238281 0.572266 0.277344 0.576172 0.306641 0.609375 0.306641 0.617188 0.292969 0.630859
0 0.996094 0.150391 0.988281 0.154297 0.962891 0.128906 0.962891 0.105469 0.984375 0.095703 0.996094 0.107422
0 0.718750 0.216797 0.707031 0.216797 0.685547 0.183594 0.685547 0.167969 0.699219 0.154297 0.710938 0.154297 0.732422 0.179688 0.732422 0.207031 0.718750 0.216797
0 0.292969 0.181641 0.269531 0.181641 0.251953 0.164062 0.244141 0.136719 0.253906 0.111328 0.273438 0.107422 0.291016 0.125000 0.302734 0.148438 0.302734 0.171875 0.292969 0.181641
0 0.496094 0.208984 0.476562 0.208984 0.455078 0.179688 0.451172 0.152344 0.468750 0.134766 0.484375 0.134766 0.505859 0.164062 0.505859 0.199219 0.496094 0.208984
0 0.078125 0.634766 0.050781 0.634766 0.035156 0.626953 0.025391 0.609375 0.042969 0.595703 0.070312 0.599609 0.087891 0.613281 0.087891 0.625000 0.078125 0.634766
0 0.996094 0.962891 0.978516 0.953125 0.978516 0.937500 0.996094 0.916016
0 0.082031 0.958984 0.027344 0.958984 0.021484 0.953125 0.021484 0.933594 0.031250 0.923828 0.074219 0.923828 0.087891 0.937500 0.087891 0.953125 0.082031 0.958984
0 0.910156 0.400391 0.894531 0.396484 0.876953 0.375000 0.873047 0.359375 0.890625 0.341797 0.902344 0.345703 0.919922 0.367188 0.919922 0.390625 0.910156 0.400391
0 0.964844 0.787109 0.925781 0.783203 0.916016 0.769531 0.916016 0.753906 0.937500 0.740234 0.960938 0.744141 0.970703 0.757812 0.970703 0.781250 0.964844 0.787109
0 0.105469 0.576172 0.085938 0.576172 0.044922 0.546875 0.044922 0.531250 0.054688 0.513672 0.074219 0.513672 0.115234 0.539062 0.115234 0.566406 0.105469 0.576172
0 0.675781 0.939453 0.660156 0.939453 0.650391 0.929688 0.646484 0.910156 0.667969 0.884766 0.687500 0.880859 0.701172 0.894531 0.701172 0.910156 0.693359 0.925781 0.675781 0.939453
0 0.648438 0.419922 0.632812 0.419922 0.623047 0.406250 0.623047 0.375000 0.636719 0.357422 0.652344 0.357422 0.666016 0.375000 0.666016 0.406250 0.648438 0.419922
0 0.554688 0.654297 0.531250 0.654297 0.521484 0.640625 0.521484 0.609375 0.531250 0.599609 0.542969 0.599609 0.560547 0.613281 0.560547 0.648438 0.554688 0.654297
0 0.359375 0.740234 0.339844 0.740234 0.326172 0.718750 0.335938 0.701172 0.367188 0.693359 0.384766 0.707031 0.384766 0.718750 0.359375 0.740234
0 0.074219 0.767578 0.035156 0.759766 0.021484 0.746094 0.021484 0.722656 0.039062 0.712891 0.082031 0.716797 0.099609 0.742188 0.074219 0.767578
0 0.804688 0.091797 0.789062 0.091797 0.767578 0.070312 0.767578 0.050781 0.777344 0.041016 0.792969 0.041016 0.810547 0.058594 0.814453 0.082031 0.804688 0.091797
0 0.597656 0.548828 0.578125 0.548828 0.556641 0.519531 0.556641 0.500000 0.570312 0.478516 0.593750 0.478516 0.611328 0.500000 0.611328 0.535156 0.597656 0.548828
