0 0.221680 0.332520 0.215332 0.331055 0.215332 0.325195 0.217773 0.320801 0.220703 0.320801 0.223145 0.326172 0.223145 0.331055 0.221680 0.332520
0 0.451172 0.616699 0.449219 0.616699 0.446777 0.612305 0.452148 0.604004 0.463867 0.598145 0.471191 0.598633 0.470215 0.606445 0.465820 0.610840 0.451172 0.616699
0 0.201172 0.242676 0.193359 0.242676 0.186035 0.236328 0.187012 0.224609 0.196289 0.215332 0.203125 0.215332 0.207520 0.218750 0.209473 0.224609 0.208496 0.233398 0.201172 0.242676
0 0.480469 0.412598 0.474609 0.412598 0.472168 0.410156 0.472168 0.405273 0.476074 0.400391 0.476074 0.397461 0.479492 0.395020 0.484375 0.396973 0.486816 0.401367 0.486816 0.407227 0.480469 0.412598
0 0.199219 0.396973 0.188477 0.393066 0.185059 0.388672 0.185059 0.378906 0.190430 0.372559 0.196289 0.375488 0.203125 0.374512 0.208496 0.380859 0.208496 0.387695 0.199219 0.396973
0 0.657227 0.653809 0.652344 0.653809 0.649902 0.651367 0.649902 0.647461 0.652344 0.645020 0.656738 0.646484 0.658691 0.650391 0.657227 0.653809
0 0.388672 0.581543 0.383301 0.581055 0.383301 0.578125 0.379395 0.570312 0.380371 0.562500 0.386719 0.553223 0.391602 0.555176 0.395996 0.561523 0.394043 0.567383 0.394043 0.574219 0.388672 0.581543
0 0.665039 0.721191 0.659180 0.721191 0.649902 0.711914 0.648926 0.701172 0.653320 0.693848 0.662109 0.693848 0.667480 0.699219 0.671387 0.706055 0.672363 0.715820 0.669922 0.719238 0.665039 0.721191
0 0.999023 0.156738 0.995117 0.156738 0.991211 0.153809 0.988770 0.150391 0.988770 0.147461 0.992188 0.142090 0.994141 0.142090 0.997559 0.143555 0.999023 0.148926
0 0.509766 0.147949 0.497070 0.145996 0.494629 0.143555 0.494629 0.134766 0.500000 0.131348 0.511719 0.132324 0.516113 0.137695 0.514160 0.146484 0.509766 0.147949
0 0.323242 0.198730 0.317871 0.198242 0.318359 0.192871 0.323730 0.193359 0.323242 0.198730
0 0.330078 0.554199 0.325195 0.554199 0.318848 0.545898 0.322754 0.537109 0.328125 0.534668 0.332031 0.534668 0.337402 0.541992 0.336426 0.546875 0.330078 0.554199
0 0.306641 0.440918 0.302734 0.440918 0.298828 0.437988 0.297363 0.433594 0.293457 0.429688 0.293945 0.417480 0.307617 0.420410 0.315918 0.428711 0.314941 0.429688 0.317871 0.433594 0.312500 0.435059 0.312012 0.438477 0.306641 0.440918
0 0.530273 0.752441 0.524414 0.751465 0.520996 0.748047 0.519043 0.741211 0.519043 0.734375 0.520996 0.728516 0.527344 0.724121 0.533691 0.725586 0.541504 0.739258 0.538574 0.747070 0.535156 0.750488 0.530273 0.752441
0 0.055664 0.449707 0.050293 0.449219 0.050293 0.447266 0.045410 0.443359 0.044434 0.437500 0.047852 0.433105 0.055664 0.430176 0.063477 0.430176 0.066895 0.435547 0.065918 0.441406 0.063477 0.444824 0.057617 0.446777 0.055664 0.449707
0 0.053711 0.398926 0.041992 0.397949 0.038574 0.390625 0.039551 0.381836 0.044922 0.375488 0.050781 0.373535 0.059570 0.374512 0.064941 0.378906 0.064941 0.387695 0.062988 0.391602 0.053711 0.398926
0 0.417969 0.742676 0.406250 0.740723 0.399902 0.735352 0.398926 0.727539 0.406250 0.720215 0.417969 0.720215 0.424805 0.723145 0.428223 0.727539 0.429199 0.733398 0.426270 0.738281 0.417969 0.742676
0 0.656250 0.353027 0.646484 0.350098 0.635254 0.343750 0.637695 0.333496 0.638672 0.334473 0.641602 0.332520 0.653320 0.332520 0.656738 0.335938 0.661621 0.345703 0.656250 0.353027
0 0.313477 0.195801 0.309082 0.194336 0.310547 0.188965 0.314941 0.190430 0.313477 0.195801
0 0.522461 0.711426 0.512695 0.711426 0.506836 0.708496 0.503418 0.704102 0.503418 0.698242 0.510742 0.692871 0.521484 0.693848 0.527832 0.702148 0.526855 0.708008 0.522461 0.711426
0 0.588867 0.364746 0.584961 0.364746 0.583496 0.363281 0.584961 0.358887 0.588867 0.358887 0.590332 0.360352 0.588867 0.364746
0 0.875977 0.547363 0.872070 0.547363 0.869629 0.544922 0.869629 0.541992 0.873047 0.537598 0.875977 0.537598 0.879395 0.541992 0.875977 0.547363
0 0.888672 0.237793 0.878906 0.237793 0.869629 0.232422 0.870605 0.224609 0.876953 0.217285 0.882812 0.215332 0.889648 0.215332 0.898926 0.221680 0.898926 0.227539 0.896973 0.231445 0.888672 0.237793
0 0.822266 0.181152 0.816895 0.177734 0.814941 0.171875 0.818359 0.167480 0.822266 0.165527 0.829102 0.166504 0.833496 0.171875 0.833496 0.175781 0.830078 0.179199 0.822266 0.181152
0 0.201172 0.304199 0.195312 0.304199 0.194824 0.299805 0.196289 0.298340 0.202148 0.298340 0.202637 0.301758 0.201172 0.304199
0 0.338867 0.663574 0.333008 0.663574 0.327148 0.660645 0.324707 0.657227 0.323730 0.649414 0.329102 0.640137 0.333008 0.639160 0.339844 0.641113 0.345215 0.649414 0.344238 0.657227 0.338867 0.663574
0 0.456055 0.646973 0.449219 0.645996 0.446777 0.643555 0.445801 0.633789 0.454102 0.623535 0.466797 0.622559 0.471191 0.625977 0.471191 0.635742 0.464844 0.642090 0.458984 0.644043 0.456055 0.646973
0 0.368164 0.147949 0.364258 0.147949 0.359863 0.141602 0.360840 0.134766 0.365234 0.130371 0.369141 0.130371 0.373535 0.137695 0.372559 0.142578 0.368164 0.147949
0 0.421875 0.623535 0.416992 0.622559 0.414551 0.620117 0.414551 0.614258 0.420898 0.607910 0.428711 0.607910 0.431152 0.611328 0.431152 0.615234 0.424805 0.622559 0.421875 0.623535
0 0.184570 0.289551 0.172852 0.289551 0.168457 0.287109 0.165527 0.281250 0.165527 0.276367 0.169434 0.267578 0.175781 0.263184 0.183594 0.263184 0.188477 0.266113 0.192871 0.275391 0.184570 0.289551
0 0.321289 0.190918 0.317383 0.190918 0.316895 0.187500 0.319336 0.185059 0.324219 0.185059 0.325684 0.189453 0.321289 0.190918
0 0.648438 0.656738 0.645508 0.656738 0.642090 0.653320 0.644531 0.648926 0.648926 0.650391 0.648438 0.656738
0 0.710938 0.696777 0.701172 0.696777 0.697754 0.693359 0.694824 0.685547 0.694824 0.676758 0.697266 0.672363 0.705078 0.672363 0.715332 0.681641 0.716309 0.684570 0.714355 0.688477 0.714355 0.693359 0.710938 0.696777
0 0.606445 0.682129 0.597656 0.681152 0.593262 0.674805 0.595215 0.660156 0.603516 0.653809 0.608398 0.653809 0.611816 0.657227 0.614746 0.666992 0.612793 0.676758 0.606445 0.682129
0 0.832031 0.290527 0.828125 0.290527 0.821777 0.287109 0.822754 0.282227 0.827148 0.278809 0.832031 0.278809 0.836426 0.284180 0.836426 0.286133 0.832031 0.290527
0 0.159180 0.332520 0.152344 0.331543 0.150879 0.330078 0.150879 0.325195 0.159180 0.324707 0.160645 0.327148 0.159180 0.332520
0 0.749023 0.458496 0.742188 0.458496 0.733887 0.454102 0.731934 0.448242 0.732910 0.441406 0.736328 0.437988 0.746094 0.435059 0.751953 0.437988 0.755371 0.442383 0.757324 0.446289 0.756348 0.453125 0.749023 0.458496
0 0.532227 0.310059 0.526367 0.310059 0.521973 0.305664 0.521973 0.300781 0.523438 0.299316 0.530273 0.297363 0.536621 0.297852 0.536621 0.303711 0.533691 0.305664 0.532227 0.310059
0 0.641602 0.652832 0.638184 0.649414 0.638184 0.646484 0.641602 0.643066 0.644531 0.643066 0.645020 0.648438 0.641602 0.652832
0 0.496094 0.885254 0.484375 0.884277 0.479980 0.878906 0.479980 0.871094 0.483398 0.866699 0.488281 0.863770 0.497070 0.862793 0.503906 0.864746 0.510254 0.873047 0.510254 0.875000 0.503906 0.881348 0.496094 0.885254
0 0.680664 0.713379 0.675781 0.713379 0.672363 0.709961 0.670410 0.703125 0.668457 0.702148 0.665527 0.696289 0.664551 0.686523 0.668945 0.683105 0.679688 0.683105 0.687012 0.689453 0.687012 0.705078 0.680664 0.713379
0 0.632812 0.364746 0.626953 0.364746 0.626465 0.359375 0.631836 0.359863 0.633301 0.361328 0.632812 0.364746
0 0.618164 0.366699 0.615234 0.366699 0.612793 0.362305 0.617188 0.360840 0.618652 0.362305 0.618164 0.366699
0 0.492188 0.668457 0.483398 0.667480 0.479004 0.663086 0.477051 0.657227 0.479004 0.652344 0.483398 0.650879 0.484863 0.647461 0.487305 0.645996 0.499023 0.648926 0.504395 0.655273 0.504395 0.659180 0.501465 0.664062 0.492188 0.668457
0 0.619141 0.373535 0.614258 0.373535 0.612793 0.369141 0.618164 0.366699 0.619629 0.368164 0.619141 0.373535
0 0.218750 0.216309 0.214844 0.216309 0.213379 0.214844 0.213379 0.210938 0.214844 0.209473 0.220215 0.210938 0.218750 0.216309
0 0.321289 0.183105 0.315918 0.182617 0.315918 0.179688 0.319336 0.175293 0.323730 0.175781 0.323730 0.180664 0.321289 0.183105
0 0.966797 0.794434 0.961914 0.794434 0.958008 0.792480 0.955566 0.789062 0.955566 0.784180 0.953613 0.782227 0.960938 0.771973 0.967773 0.769043 0.972656 0.770020 0.979004 0.774414 0.979980 0.782227 0.973633 0.791504 0.966797 0.794434
0 0.846680 0.027832 0.838867 0.026855 0.832520 0.021484 0.832520 0.006836 0.840820 0.001465 0.843750 0.001465 0.850098 0.007812 0.851074 0.010742 0.854004 0.011719 0.852051 0.022461 0.846680 0.027832
0 0.186523 0.245605 0.179199 0.244141 0.179199 0.239258 0.181641 0.236816 0.185547 0.236816 0.188965 0.239258 0.188965 0.243164 0.186523 0.245605
0 0.792969 0.038574 0.779297 0.032715 0.774902 0.025391 0.777832 0.017578 0.785156 0.013184 0.791992 0.013184 0.797852 0.015137 0.800293 0.017578 0.804199 0.027344 0.803223 0.035156 0.792969 0.038574
0 0.860352 0.096191 0.854004 0.090820 0.852051 0.084961 0.853027 0.073242 0.856445 0.071777 0.861816 0.076172 0.866699 0.087891 0.864746 0.094727 0.860352 0.096191
0 0.000000 0.066895 0.004883 0.062012 0.007812 0.062012 0.009766 0.060059 0.019043 0.069336 0.020020 0.077148 0.022949 0.080078 0.021484 0.084473 0.018555 0.084473 0.013672 0.088379 0.006836 0.089355 0.000488 0.083984 0.000000 0.078613
0 0.625977 0.369629 0.622070 0.369629 0.620605 0.366211 0.625977 0.366699 0.625977 0.369629
0 0.183594 0.737793 0.177734 0.737793 0.167480 0.732422 0.167480 0.721680 0.173828 0.716309 0.178711 0.715332 0.181641 0.717285 0.185547 0.717285 0.190918 0.722656 0.191895 0.729492 0.183594 0.737793
0 0.775391 0.496582 0.769531 0.492676 0.762207 0.483398 0.762207 0.475586 0.766602 0.471191 0.772461 0.469238 0.780273 0.472168 0.783691 0.479492 0.783691 0.486328 0.778809 0.495117 0.775391 0.496582
0 0.236328 0.647949 0.229492 0.647949 0.223633 0.645020 0.218262 0.639648 0.214355 0.632812 0.214355 0.627930 0.221680 0.626465 0.231445 0.632324 0.237793 0.644531 0.236328 0.647949
0 0.210938 0.325684 0.207031 0.325684 0.204590 0.323242 0.206055 0.317871 0.208984 0.317871 0.209961 0.319824 0.212402 0.320312 0.212402 0.324219 0.210938 0.325684
0 0.200195 0.312012 0.197266 0.312012 0.194824 0.308594 0.195312 0.304199 0.201172 0.304199 0.202637 0.305664 0.202637 0.309570 0.200195 0.312012
0 0.828125 0.887207 0.824219 0.887207 0.822754 0.883789 0.822754 0.866211 0.828125 0.860840 0.834961 0.860840 0.838379 0.871094 0.837402 0.877930 0.835449 0.882812 0.832031 0.886230 0.828125 0.887207
0 0.624023 0.365723 0.619629 0.364258 0.620117 0.358887 0.625488 0.359375 0.625488 0.364258 0.624023 0.365723
0 0.224609 0.299316 0.220703 0.299316 0.217285 0.296875 0.218750 0.290527 0.227051 0.290039 0.227051 0.296875 0.224609 0.299316
0 0.648438 0.645996 0.645020 0.645508 0.645508 0.641113 0.649902 0.641602 0.648438 0.645996
0 0.710938 0.642090 0.708984 0.642090 0.708008 0.640137 0.699219 0.641113 0.690918 0.635742 0.689941 0.626953 0.694336 0.620605 0.703125 0.618652 0.708984 0.620605 0.713379 0.624023 0.715332 0.633789 0.713379 0.638672 0.710449 0.640625 0.710938 0.642090
0 0.999023 0.038574 0.991211 0.037598 0.984863 0.031250 0.985840 0.021484 0.991699 0.016602 0.995117 0.011230 0.998535 0.011719 0.999023 0.018066
0 0.384766 0.690918 0.381348 0.687500 0.382324 0.680664 0.386719 0.678223 0.391602 0.679199 0.393066 0.680664 0.393066 0.686523 0.389648 0.689941 0.384766 0.690918
0 0.231445 0.297363 0.227051 0.296875 0.227539 0.286621 0.231445 0.286621 0.232910 0.288086 0.231445 0.297363
0 0.203125 0.323730 0.197266 0.323730 0.195801 0.319336 0.197266 0.317871 0.202148 0.318848 0.203613 0.320312 0.203125 0.323730
0 0.201172 0.329590 0.194336 0.329590 0.192871 0.325195 0.194336 0.323730 0.200195 0.323730 0.201660 0.325195 0.201172 0.329590
0 0.638672 0.385254 0.634766 0.385254 0.633301 0.383789 0.633301 0.378906 0.634766 0.377441 0.638672 0.377441 0.640137 0.378906 0.640137 0.383789 0.638672 0.385254
0 0.328125 0.187012 0.326172 0.187012 0.325684 0.183594 0.323730 0.182617 0.325195 0.179199 0.329590 0.180664 0.329590 0.185547 0.328125 0.187012
0 0.523438 0.680176 0.513672 0.678223 0.510254 0.673828 0.510254 0.669922 0.513184 0.663086 0.520508 0.657715 0.528320 0.658691 0.531738 0.662109 0.532715 0.666016 0.529785 0.675781 0.523438 0.680176
0 0.275391 0.752441 0.264648 0.752441 0.259277 0.749023 0.259277 0.737305 0.269531 0.729980 0.277344 0.729980 0.282715 0.733398 0.283691 0.746094 0.275391 0.752441
0 0.451172 0.683105 0.444824 0.680664 0.443848 0.675781 0.447266 0.671387 0.452637 0.674805 0.452637 0.681641 0.451172 0.683105
0 0.108398 0.981934 0.101562 0.980957 0.099609 0.978027 0.097168 0.977539 0.097168 0.974609 0.100586 0.972168 0.108398 0.973145 0.109863 0.975586 0.109863 0.980469 0.108398 0.981934
0 0.366211 0.290527 0.363281 0.290527 0.356934 0.286133 0.356934 0.278320 0.363281 0.270020 0.368164 0.270020 0.371582 0.277344 0.370605 0.287109 0.369141 0.289551 0.366211 0.290527
0 0.852539 0.328613 0.844727 0.327637 0.836426 0.318359 0.836426 0.305664 0.839844 0.300293 0.843750 0.298340 0.846680 0.298340 0.852051 0.303711 0.854004 0.307617 0.854004 0.314453 0.856934 0.316406 0.855957 0.324219 0.852539 0.328613
0 0.624023 0.078613 0.613281 0.077637 0.604980 0.067383 0.604004 0.058594 0.610352 0.050293 0.620117 0.052246 0.628418 0.061523 0.629395 0.072266 0.628418 0.075195 0.624023 0.078613
0 0.986328 0.102051 0.981445 0.102051 0.974609 0.096191 0.972168 0.088867 0.977539 0.080566 0.985352 0.076660 0.993164 0.076660 0.998535 0.085938 0.997559 0.093750 0.991211 0.100098 0.986328 0.102051
0 0.196289 0.315918 0.190918 0.315430 0.191406 0.310059 0.196777 0.310547 0.196289 0.315918
0 0.587891 0.743652 0.584961 0.743652 0.580566 0.737305 0.581543 0.733398 0.579590 0.729492 0.580566 0.723633 0.584961 0.719238 0.590820 0.719238 0.597168 0.724609 0.598145 0.736328 0.591797 0.742676 0.587891 0.743652
0 0.820312 0.037598 0.814941 0.036133 0.815430 0.031738 0.820801 0.032227 0.820312 0.037598
0 0.783203 0.255371 0.777344 0.254395 0.773926 0.251953 0.771973 0.248047 0.771973 0.242188 0.777344 0.234863 0.785156 0.229980 0.794434 0.236328 0.794434 0.241211 0.792480 0.247070 0.790039 0.247559 0.788574 0.250977 0.783203 0.255371
