0 0.484375 0.166016 0.465625 0.162109 0.451562 0.140625 0.462500 0.099609 0.493750 0.091797 0.507812 0.109375 0.507812 0.140625 0.484375 0.166016
0 0.954688 0.996094 0.959375 0.982422 0.975000 0.982422 0.996875 0.970703
0 0.328125 0.611328 0.315625 0.607422 0.307812 0.593750 0.314063 0.566406 0.337500 0.533203 0.343750 0.533203 0.348438 0.539062 0.345313 0.593750 0.328125 0.611328
0 0.715625 0.728516 0.696875 0.724609 0.676562 0.703125 0.679688 0.675781 0.696875 0.658203 0.734375 0.658203 0.742188 0.667969 0.735938 0.707031 0.715625 0.728516
0 0.362500 0.818359 0.346875 0.814453 0.335938 0.800781 0.335938 0.761719 0.353125 0.736328 0.371875 0.744141 0.379688 0.757812 0.379688 0.804688 0.362500 0.818359
0 0.078125 0.185547 0.056250 0.185547 0.048438 0.164062 0.051562 0.136719 0.071875 0.119141 0.084375 0.119141 0.095312 0.128906 0.092188 0.171875 0.078125 0.185547
0 0.371875 0.177734 0.350000 0.173828 0.335938 0.156250 0.335938 0.128906 0.353125 0.099609 0.368750 0.099609 0.381250 0.107422 0.395313 0.132812 0.395313 0.152344 0.371875 0.177734
0 0.809375 0.212891 0.796875 0.212891 0.787500 0.205078 0.764062 0.160156 0.767188 0.128906 0.781250 0.111328 0.825000 0.107422 0.850000 0.126953 0.860938 0.144531 0.848437 0.175781 0.834375 0.189453 0.818750 0.193359 0.809375 0.212891
0 0.346875 0.990234 0.323437 0.980469 0.323437 0.957031 0.331250 0.943359 0.342187 0.949219 0.351562 0.972656 0.346875 0.990234
0 0.871875 0.455078 0.860938 0.449219 0.864062 0.421875 0.871875 0.412109 0.881250 0.412109 0.885938 0.417969 0.885938 0.445312 0.871875 0.455078
0 0.700000 0.591797 0.681250 0.591797 0.660937 0.566406 0.651563 0.531250 0.665625 0.509766 0.675000 0.509766 0.689063 0.523438 0.692187 0.550781 0.704688 0.582031 0.700000 0.591797
0 0.837500 0.583984 0.815625 0.580078 0.798438 0.554688 0.798438 0.546875 0.846875 0.494141 0.859375 0.486328 0.875000 0.490234 0.879687 0.496094 0.882812 0.535156 0.862500 0.564453 0.837500 0.583984
0 0.365625 0.677734 0.351562 0.667969 0.354687 0.617188 0.370312 0.566406 0.381250 0.556641 0.390625 0.556641 0.407813 0.578125 0.414062 0.609375 0.398438 0.628906 0.392188 0.660156 0.384375 0.669922 0.365625 0.677734
0 0.190625 0.595703 0.165625 0.591797 0.148438 0.562500 0.145313 0.539062 0.156250 0.525391 0.181250 0.517578 0.220312 0.535156 0.217188 0.570312 0.190625 0.595703
0 0.859375 0.353516 0.834375 0.349609 0.829688 0.343750 0.829688 0.324219 0.842187 0.304688 0.845313 0.289062 0.853125 0.279297 0.865625 0.275391 0.882812 0.292969 0.882812 0.312500 0.859375 0.353516
0 0.425000 0.072266 0.404687 0.062500 0.404687 0.050781 0.412500 0.041016 0.425000 0.041016 0.429688 0.046875 0.425000 0.072266
0 0.175000 0.255859 0.143750 0.251953 0.132812 0.234375 0.132812 0.222656 0.153125 0.201172 0.162500 0.201172 0.176563 0.183594 0.176563 0.167969 0.187500 0.146484 0.212500 0.146484 0.226562 0.160156 0.226562 0.203125 0.212500 0.228516 0.175000 0.255859
0 0.912500 0.978516 0.893750 0.978516 0.889062 0.964844 0.909375 0.955078 0.917188 0.964844 0.912500 0.978516
0 0.256250 0.423828 0.231250 0.423828 0.214062 0.406250 0.198437 0.375000 0.198437 0.351562 0.203125 0.345703 0.225000 0.345703 0.264062 0.386719 0.264062 0.414062 0.256250 0.423828
0 0.653125 0.876953 0.637500 0.876953 0.629687 0.859375 0.650000 0.841797 0.659375 0.841797 0.664062 0.847656 0.664062 0.867188 0.653125 0.876953
0 0.712500 0.884766 0.703125 0.884766 0.692187 0.867188 0.695312 0.851562 0.703125 0.841797 0.709375 0.841797 0.720313 0.863281 0.720313 0.875000 0.712500 0.884766
0 0.543750 0.880859 0.493750 0.880859 0.467187 0.847656 0.470313 0.828125 0.487500 0.818359 0.504687 0.789062 0.521875 0.775391 0.546875 0.775391 0.562500 0.783203 0.604688 0.832031 0.607812 0.843750 0.603125 0.857422 0.584375 0.857422 0.568750 0.876953 0.543750 0.880859
0 0.146875 0.794922 0.121875 0.794922 0.109375 0.787109 0.101562 0.769531 0.104688 0.753906 0.125000 0.724609 0.153125 0.716797 0.176563 0.742188 0.176563 0.750000 0.173437 0.761719 0.146875 0.794922
0 0.650000 0.298828 0.628125 0.298828 0.617188 0.289062 0.617188 0.250000 0.637500 0.216797 0.671875 0.212891 0.689063 0.238281 0.692187 0.257812 0.681250 0.279297 0.650000 0.298828
0 0.565625 0.259766 0.551562 0.250000 0.551562 0.207031 0.562500 0.185547 0.581250 0.181641 0.598437 0.203125 0.598437 0.246094 0.565625 0.259766
0 0.481250 0.974609 0.462500 0.974609 0.448437 0.960938 0.445312 0.945312 0.453125 0.931641 0.484375 0.931641 0.489063 0.937500 0.489063 0.964844 0.481250 0.974609
0 0.000000 0.443359 0.028125 0.447266 0.054688 0.468750 0.054688 0.492188 0.046875 0.501953 0.000000 0.533203
0 0.246875 0.759766 0.223438 0.750000 0.214062 0.734375 0.214062 0.707031 0.229687 0.683594 0.235937 0.656250 0.240625 0.650391 0.259375 0.650391 0.273438 0.664062 0.276562 0.675781 0.273438 0.726562 0.267188 0.742188 0.246875 0.759766
0 0.556250 0.083984 0.528125 0.083984 0.521875 0.076172 0.484375 0.080078 0.479687 0.066406 0.512500 0.037109 0.575000 0.013672 0.579688 0.027344 0.567187 0.039062 0.567187 0.066406 0.556250 0.083984
0 0.421875 0.369141 0.381250 0.369141 0.376563 0.363281 0.376563 0.347656 0.385937 0.328125 0.406250 0.310547 0.418750 0.291016 0.450000 0.298828 0.454688 0.312500 0.445312 0.343750 0.434375 0.361328 0.421875 0.369141
0 0.746875 0.634766 0.732812 0.625000 0.732812 0.578125 0.739062 0.550781 0.743750 0.544922 0.759375 0.544922 0.782813 0.574219 0.782813 0.597656 0.771875 0.615234 0.746875 0.634766
0 0.775000 0.771484 0.762500 0.771484 0.748437 0.757812 0.745313 0.710938 0.756250 0.697266 0.771875 0.697266 0.804688 0.722656 0.804688 0.746094 0.775000 0.771484
0 0.390625 0.052734 0.381250 0.052734 0.370312 0.039062 0.370312 0.023438 0.378125 0.013672 0.384375 0.013672 0.395313 0.027344 0.395313 0.046875 0.390625 0.052734
0 0.178125 0.830078 0.159375 0.830078 0.154688 0.824219 0.151562 0.785156 0.181250 0.759766 0.193750 0.759766 0.204687 0.773438 0.207813 0.792969 0.178125 0.830078
0 0.440625 0.591797 0.431250 0.587891 0.414062 0.566406 0.414062 0.546875 0.428125 0.533203 0.437500 0.533203 0.454688 0.554688 0.454688 0.570312 0.440625 0.591797
0 0.043750 0.318359 0.029687 0.312500 0.029687 0.285156 0.034375 0.279297 0.048438 0.285156 0.051562 0.308594 0.043750 0.318359
0 0.740625 0.974609 0.718750 0.974609 0.704688 0.957031 0.715625 0.939453 0.734375 0.931641 0.753125 0.908203 0.759375 0.908203 0.767188 0.937500 0.757812 0.957031 0.740625 0.974609
0 0.800000 0.314453 0.779687 0.300781 0.776563 0.285156 0.796875 0.263672 0.812500 0.263672 0.832812 0.289062 0.800000 0.314453
0 0.084375 0.681641 0.068750 0.681641 0.054688 0.664062 0.048438 0.648438 0.048438 0.628906 0.054688 0.613281 0.084375 0.587891 0.128125 0.599609 0.132812 0.605469 0.132812 0.621094 0.120313 0.656250 0.112500 0.666016 0.093750 0.669922 0.084375 0.681641
0 0.565625 0.958984 0.553125 0.958984 0.542188 0.945312 0.542188 0.914062 0.562500 0.896484 0.584375 0.896484 0.589063 0.902344 0.589063 0.933594 0.575000 0.955078 0.565625 0.958984
0 0.118750 0.376953 0.106250 0.373047 0.095312 0.359375 0.095312 0.332031 0.073438 0.300781 0.073438 0.285156 0.081250 0.275391 0.112500 0.271484 0.142187 0.300781 0.135937 0.351562 0.118750 0.376953
0 0.303125 0.548828 0.293750 0.548828 0.282813 0.531250 0.279687 0.484375 0.293750 0.466797 0.312500 0.466797 0.328125 0.474609 0.339062 0.488281 0.332813 0.527344 0.303125 0.548828
0 0.246875 0.150391 0.228125 0.150391 0.214062 0.132812 0.214062 0.113281 0.223438 0.082031 0.246875 0.056641 0.256250 0.056641 0.273438 0.089844 0.273438 0.121094 0.262500 0.138672 0.246875 0.150391
0 0.784375 0.458984 0.759375 0.455078 0.748437 0.437500 0.742188 0.414062 0.739062 0.359375 0.756250 0.345703 0.778125 0.349609 0.800000 0.369141 0.817187 0.394531 0.817187 0.421875 0.793750 0.455078 0.784375 0.458984
0 0.762500 0.873047 0.743750 0.869141 0.723437 0.843750 0.723437 0.824219 0.753125 0.794922 0.771875 0.794922 0.779687 0.812500 0.779687 0.851562 0.762500 0.873047
0 0.137500 0.494141 0.125000 0.490234 0.101562 0.460938 0.103125 0.447266 0.125000 0.431641 0.137500 0.435547 0.151562 0.460938 0.148438 0.484375 0.137500 0.494141
0 0.132812 0.000000 0.135937 0.015625 0.131250 0.021484 0.112500 0.021484 0.103125 0.033203 0.059375 0.017578 0.051562 0.000000
0 0.678125 0.435547 0.668750 0.435547 0.660937 0.425781 0.664062 0.398438 0.657813 0.390625 0.657813 0.378906 0.665625 0.369141 0.693750 0.361328 0.707812 0.378906 0.704688 0.417969 0.678125 0.435547
0 0.318750 0.189453 0.312500 0.189453 0.298438 0.171875 0.304688 0.152344 0.301563 0.097656 0.309375 0.076172 0.318750 0.076172 0.326562 0.085938 0.339062 0.125000 0.339062 0.164062 0.318750 0.189453
0 0.528125 0.345703 0.509375 0.345703 0.495312 0.320312 0.512500 0.283203 0.534375 0.283203 0.542188 0.292969 0.542188 0.324219 0.528125 0.345703
0 0.084375 0.275391 0.043750 0.275391 0.039062 0.269531 0.039062 0.246094 0.068750 0.208984 0.087500 0.208984 0.098437 0.222656 0.098437 0.261719 0.084375 0.275391
0 0.609375 0.634766 0.584375 0.630859 0.554688 0.589844 0.554688 0.570312 0.560937 0.554688 0.581250 0.537109 0.618750 0.548828 0.639062 0.578125 0.635938 0.609375 0.609375 0.634766
0 0.000000 0.080078 0.021875 0.087891 0.029687 0.101562 0.023438 0.125000 0.007812 0.156250 0.000000 0.162109
0 0.156250 0.142578 0.150000 0.142578 0.135937 0.121094 0.135937 0.105469 0.139063 0.078125 0.159375 0.056641 0.165625 0.056641 0.185938 0.089844 0.185938 0.117188 0.156250 0.142578
0 0.289062 0.000000 0.271875 0.021484 0.264062 0.015625 0.267188 0.000000
0 0.615625 0.142578 0.601562 0.136719 0.601562 0.117188 0.612500 0.087891 0.623437 0.093750 0.623437 0.132812 0.615625 0.142578
0 0.500000 0.443359 0.468750 0.443359 0.425000 0.404297 0.418750 0.404297 0.414062 0.390625 0.428125 0.369141 0.453125 0.349609 0.481250 0.349609 0.490625 0.357422 0.515625 0.361328 0.535937 0.382812 0.542188 0.398438 0.542188 0.421875 0.500000 0.443359
0 0.996875 0.357422 0.981250 0.369141 0.968750 0.369141 0.964063 0.363281 0.967187 0.335938 0.996875 0.267578
0 0.628125 0.986328 0.592187 0.964844 0.592187 0.929688 0.615625 0.904297 0.631250 0.904297 0.654687 0.937500 0.648438 0.964844 0.628125 0.986328
0 0.425000 0.248047 0.406250 0.240234 0.395313 0.226562 0.395313 0.203125 0.412500 0.189453 0.437500 0.189453 0.448437 0.207031 0.448437 0.230469 0.425000 0.248047
0 0.509375 0.693359 0.493750 0.693359 0.476562 0.667969 0.470313 0.648438 0.470313 0.625000 0.478125 0.615234 0.510938 0.636719 0.510938 0.656250 0.517188 0.671875 0.509375 0.693359
0 0.450000 0.087891 0.434375 0.083984 0.426563 0.070312 0.429688 0.046875 0.443750 0.033203 0.450000 0.033203 0.464062 0.050781 0.460938 0.078125 0.450000 0.087891
0 0.081250 0.099609 0.050000 0.099609 0.045312 0.093750 0.045312 0.062500 0.068750 0.041016 0.093750 0.037109 0.098437 0.042969 0.098437 0.089844 0.081250 0.099609
0 0.787500 0.072266 0.776563 0.066406 0.781250 0.052734 0.792188 0.058594 0.787500 0.072266
0 0.487500 0.927734 0.437500 0.927734 0.420312 0.902344 0.414062 0.871094 0.443750 0.853516 0.456250 0.861328 0.471875 0.857422 0.492188 0.878906 0.492188 0.921875 0.487500 0.927734
0 0.206250 0.716797 0.193750 0.716797 0.176563 0.691406 0.179688 0.648438 0.184375 0.642578 0.206250 0.642578 0.217188 0.660156 0.220312 0.687500 0.217188 0.703125 0.206250 0.716797
0 0.842187 0.996094 0.837500 0.990234 0.800000 0.990234 0.795312 0.976562 0.806250 0.958984 0.846875 0.958984 0.873437 0.976562 0.870313 0.996094
0 0.456250 0.306641 0.450000 0.298828 0.421875 0.294922 0.414062 0.281250 0.414062 0.257812 0.446875 0.232422 0.467187 0.257812 0.467187 0.292969 0.456250 0.306641
0 0.443750 0.810547 0.421875 0.810547 0.404687 0.785156 0.407813 0.761719 0.425000 0.740234 0.443750 0.740234 0.460938 0.757812 0.460938 0.781250 0.443750 0.810547
0 0.996875 0.173828 0.981250 0.169922 0.957812 0.148438 0.957812 0.140625 0.981250 0.111328 0.996875 0.115234
0 0.207813 0.000000 0.207813 0.015625 0.203125 0.021484 0.168750 0.033203 0.154688 0.027344 0.154688 0.011719 0.148438 0.000000
0 0.393750 0.267578 0.368750 0.267578 0.364063 0.261719 0.360938 0.242188 0.368750 0.228516 0.390625 0.232422 0.414062 0.253906 0.412500 0.259766 0.393750 0.267578
0 0.000000 0.822266 0.018750 0.814453 0.032813 0.839844 0.026562 0.871094 0.009375 0.892578 0.000000 0.896484
0 0.193750 0.337891 0.181250 0.337891 0.176563 0.320312 0.203125 0.294922 0.218750 0.294922 0.223438 0.300781 0.223438 0.316406 0.212500 0.330078 0.193750 0.337891
0 0.712500 0.341797 0.690625 0.341797 0.676562 0.328125 0.679688 0.308594 0.692187 0.296875 0.692187 0.285156 0.703125 0.275391 0.721875 0.275391 0.732812 0.285156 0.732812 0.308594 0.712500 0.341797
0 0.662500 0.830078 0.646875 0.830078 0.629687 0.812500 0.632812 0.773438 0.656250 0.751953 0.671875 0.755859 0.692187 0.777344 0.692187 0.796875 0.671875 0.826172 0.662500 0.830078
0 0.665625 0.162109 0.643750 0.162109 0.626563 0.148438 0.629687 0.117188 0.635938 0.101562 0.646875 0.091797 0.665625 0.091797 0.682813 0.113281 0.682813 0.148438 0.665625 0.162109
0 0.793750 0.955078 0.778125 0.955078 0.764062 0.929688 0.764062 0.902344 0.781250 0.876953 0.793750 0.876953 0.807813 0.906250 0.804688 0.933594 0.793750 0.955078
0 0.096875 0.927734 0.071875 0.927734 0.057813 0.917969 0.067187 0.867188 0.087500 0.841797 0.109375 0.849609 0.132812 0.871094 0.129688 0.902344 0.096875 0.927734
0 0.231250 0.994141 0.225000 0.994141 0.215625 0.978516 0.201563 0.968750 0.201563 0.945312 0.234375 0.908203 0.253125 0.904297 0.259375 0.896484 0.275000 0.896484 0.287500 0.904297 0.301563 0.929688 0.301563 0.941406 0.278125 0.962891 0.262500 0.966797 0.250000 0.990234 0.231250 0.994141
0 0.000000 0.244141 0.009375 0.240234 0.029687 0.277344 0.029687 0.296875 0.021875 0.306641 0.012500 0.314453 0.000000 0.306641
0 0.871875 0.400391 0.862500 0.400391 0.854688 0.386719 0.868750 0.361328 0.875000 0.361328 0.885938 0.375000 0.885938 0.382812 0.871875 0.400391
0 0.362500 0.486328 0.337500 0.486328 0.326562 0.472656 0.323437 0.449219 0.317188 0.441406 0.317188 0.402344 0.331250 0.380859 0.375000 0.380859 0.392188 0.402344 0.379688 0.457031 0.362500 0.486328
0 0.484375 0.615234 0.465625 0.615234 0.454688 0.605469 0.454688 0.585938 0.471875 0.560547 0.487500 0.560547 0.501563 0.585938 0.501563 0.593750 0.484375 0.615234
0 0.081250 0.408203 0.056250 0.408203 0.032813 0.386719 0.035937 0.371094 0.075000 0.318359 0.084375 0.318359 0.095312 0.332031 0.095312 0.375000 0.081250 0.408203
0 0.145313 0.996094 0.142187 0.984375 0.156250 0.966797 0.187500 0.966797 0.204687 0.984375 0.201563 0.996094
0 0.118750 0.173828 0.107813 0.167969 0.107813 0.136719 0.112500 0.130859 0.121875 0.130859 0.135937 0.152344 0.135937 0.160156 0.118750 0.173828
0 0.290625 0.337891 0.240625 0.333984 0.223438 0.316406 0.220312 0.296875 0.223438 0.281250 0.246875 0.251953 0.265625 0.248047 0.278125 0.232422 0.293750 0.232422 0.298438 0.238281 0.310937 0.277344 0.307812 0.312500 0.290625 0.337891
