0 0.750977 0.358887 0.745117 0.357910 0.737793 0.351562 0.737793 0.344727 0.740234 0.342285 0.748047 0.343262 0.755371 0.350586 0.755371 0.356445 0.750977 0.358887
0 0.653320 0.768066 0.649902 0.767578 0.650879 0.759766 0.656250 0.758301 0.656738 0.764648 0.653320 0.768066
0 0.007324 0.999023 0.006348 0.995117 0.010742 0.990723 0.016602 0.990723 0.016113 0.999023
0 0.485352 0.663574 0.482422 0.663574 0.480957 0.661133 0.481934 0.654297 0.483398 0.652832 0.485352 0.652832 0.488770 0.657227 0.488770 0.661133 0.485352 0.663574
0 0.250000 0.358887 0.233887 0.349609 0.231934 0.346680 0.232422 0.338379 0.242188 0.335449 0.256348 0.347656 0.257324 0.355469 0.250000 0.358887
0 0.480469 0.534668 0.468750 0.534668 0.462402 0.530273 0.461426 0.522461 0.465820 0.516113 0.470703 0.514160 0.479492 0.514160 0.487793 0.520508 0.487793 0.529297 0.480469 0.534668
0 0.835938 0.169434 0.832520 0.167969 0.834473 0.154297 0.840820 0.145996 0.845703 0.145996 0.848145 0.147461 0.849121 0.150391 0.849121 0.162109 0.835938 0.169434
0 0.560547 0.737793 0.550781 0.736816 0.543457 0.731445 0.543457 0.725586 0.548828 0.719238 0.558594 0.719238 0.566895 0.727539 0.566895 0.733398 0.560547 0.737793
0 0.474609 0.573730 0.472168 0.573242 0.472168 0.567383 0.477539 0.566895 0.479004 0.568359 0.479004 0.572266 0.474609 0.573730
0 0.147461 0.840332 0.144531 0.839355 0.142090 0.834961 0.142090 0.827148 0.148438 0.818848 0.155273 0.813965 0.158203 0.813965 0.160645 0.817383 0.160645 0.823242 0.157715 0.833984 0.153320 0.838379 0.147461 0.840332
0 0.301758 0.831543 0.294922 0.830566 0.292480 0.827148 0.292480 0.824219 0.305664 0.812988 0.313477 0.811035 0.314941 0.814453 0.311035 0.823242 0.301758 0.831543
0 0.650391 0.764160 0.644043 0.762695 0.644531 0.754395 0.653809 0.755859 0.653809 0.757812 0.650879 0.759766 0.650391 0.764160
0 0.939453 0.354980 0.934082 0.352539 0.935547 0.348145 0.939941 0.348633 0.940918 0.353516 0.939453 0.354980
0 0.493164 0.669434 0.489258 0.669434 0.486816 0.666992 0.489258 0.660645 0.494629 0.661133 0.494629 0.666992 0.493164 0.669434
0 0.038574 0.999023 0.037598 0.996094 0.040039 0.992676 0.051758 0.986816 0.060547 0.987793 0.065430 0.990723 0.067871 0.994141 0.066895 0.999023
0 0.112305 0.042480 0.109863 0.041016 0.107910 0.032227 0.112793 0.027344 0.114746 0.021484 0.120117 0.018066 0.128906 0.020020 0.130371 0.021484 0.130371 0.032227 0.124023 0.040527 0.121094 0.039551 0.112305 0.042480
0 0.547852 0.598145 0.544434 0.596680 0.544434 0.592773 0.547852 0.589355 0.551758 0.589355 0.553223 0.594727 0.547852 0.598145
0 0.304688 0.754395 0.302734 0.752441 0.299805 0.754395 0.294922 0.753418 0.291016 0.751465 0.288574 0.748047 0.289551 0.736328 0.293945 0.730957 0.297852 0.730957 0.310059 0.742188 0.310059 0.748047 0.308105 0.751953 0.304688 0.754395
0 0.531250 0.645020 0.520508 0.645020 0.519043 0.642578 0.517090 0.630859 0.522461 0.623535 0.532227 0.623535 0.536621 0.629883 0.536621 0.638672 0.531250 0.645020
0 0.544922 0.592285 0.541016 0.592285 0.536621 0.588867 0.536621 0.581055 0.539062 0.578613 0.546875 0.578613 0.551270 0.583984 0.551270 0.586914 0.544922 0.592285
0 0.753906 0.782715 0.745117 0.780762 0.738770 0.775391 0.738770 0.769531 0.740723 0.766602 0.750000 0.761230 0.761719 0.761230 0.768555 0.764160 0.770020 0.766602 0.769043 0.775391 0.761719 0.780762 0.753906 0.782715
0 0.639648 0.763184 0.636230 0.762695 0.636230 0.757812 0.637695 0.756348 0.642578 0.756348 0.643066 0.761719 0.639648 0.763184
0 0.052734 0.313965 0.048828 0.312012 0.043945 0.312012 0.039551 0.308594 0.039551 0.306641 0.042480 0.304688 0.045898 0.294434 0.048828 0.292480 0.058594 0.292480 0.065918 0.297852 0.066895 0.301758 0.062988 0.304688 0.059570 0.310059 0.052734 0.313965
0 0.886719 0.058105 0.881348 0.057617 0.880371 0.053711 0.881836 0.050293 0.888184 0.051758 0.888184 0.056641 0.886719 0.058105
0 0.212891 0.418457 0.202148 0.418457 0.196777 0.412109 0.198730 0.402344 0.205078 0.396973 0.217773 0.397949 0.222168 0.404297 0.222168 0.409180 0.212891 0.418457
0 0.565430 0.395020 0.556641 0.395020 0.554199 0.392578 0.554688 0.380371 0.564453 0.377441 0.571777 0.383789 0.571777 0.391602 0.565430 0.395020
0 0.469727 0.575684 0.464844 0.575684 0.461426 0.573242 0.461426 0.568359 0.468750 0.562988 0.470703 0.562988 0.472168 0.566406 0.472168 0.574219 0.469727 0.575684
0 0.881836 0.045410 0.875000 0.045410 0.874512 0.041016 0.875977 0.039551 0.881836 0.039551 0.881836 0.045410
0 0.822266 0.796387 0.815430 0.794434 0.811523 0.791504 0.806152 0.784180 0.806152 0.777344 0.810547 0.770996 0.815430 0.771973 0.817383 0.774902 0.823242 0.773926 0.827637 0.778320 0.830566 0.784180 0.829590 0.793945 0.822266 0.796387
0 0.934570 0.358887 0.930176 0.358398 0.930664 0.354004 0.937012 0.354492 0.937012 0.357422 0.934570 0.358887
0 0.748047 0.110840 0.739746 0.108398 0.739746 0.104492 0.742188 0.102051 0.749512 0.102539 0.750488 0.108398 0.748047 0.110840
0 0.145508 0.059082 0.134766 0.057129 0.130371 0.050781 0.130371 0.043945 0.136719 0.037598 0.144531 0.037598 0.151855 0.046875 0.151855 0.054688 0.145508 0.059082
0 0.914062 0.057129 0.909180 0.057129 0.902832 0.051758 0.900879 0.045898 0.904297 0.041504 0.917969 0.040527 0.919434 0.041992 0.919434 0.046875 0.916504 0.049805 0.914062 0.057129
0 0.771484 0.832520 0.763672 0.832520 0.752441 0.824219 0.749512 0.818359 0.749512 0.809570 0.750977 0.807129 0.759766 0.804199 0.770996 0.813477 0.775879 0.823242 0.775879 0.827148 0.771484 0.832520
0 0.310547 0.076660 0.308594 0.076660 0.307129 0.074219 0.306152 0.067383 0.310547 0.064941 0.316406 0.065918 0.318848 0.068359 0.317871 0.074219 0.311523 0.074707 0.310547 0.076660
0 0.432617 0.184082 0.427734 0.184082 0.424316 0.180664 0.422363 0.175781 0.422363 0.169922 0.430664 0.159668 0.435547 0.158691 0.436523 0.156738 0.441895 0.161133 0.442871 0.177734 0.432617 0.184082
0 0.572266 0.629395 0.570312 0.629395 0.566895 0.625977 0.566895 0.623047 0.569336 0.620605 0.572266 0.620605 0.574707 0.625000 0.572266 0.629395
0 0.543945 0.630371 0.537109 0.630371 0.532227 0.623535 0.526367 0.623535 0.524902 0.622070 0.524902 0.612305 0.528320 0.604980 0.537109 0.605957 0.543457 0.613281 0.546387 0.623047 0.546387 0.628906 0.543945 0.630371
0 0.539062 0.268066 0.531250 0.267090 0.529297 0.264160 0.526855 0.263672 0.525879 0.252930 0.527832 0.249023 0.535156 0.242676 0.544922 0.242676 0.551270 0.247070 0.552246 0.251953 0.546387 0.262695 0.539062 0.268066
0 0.553711 0.270020 0.549316 0.269531 0.549805 0.265137 0.554199 0.266602 0.553711 0.270020
0 0.939453 0.331543 0.935547 0.331543 0.934082 0.329102 0.934082 0.326172 0.937988 0.319336 0.937012 0.311523 0.942383 0.308105 0.948242 0.309082 0.949707 0.310547 0.949707 0.317383 0.947754 0.326172 0.939453 0.331543
0 0.083008 0.061035 0.076172 0.060059 0.066895 0.052734 0.065918 0.042969 0.069336 0.038574 0.078125 0.038574 0.086426 0.045898 0.088379 0.053711 0.085449 0.059570 0.083008 0.061035
0 0.476562 0.667480 0.472656 0.667480 0.470215 0.665039 0.471680 0.659668 0.474609 0.659668 0.477051 0.662109 0.476562 0.667480
0 0.860352 0.124512 0.853516 0.124512 0.852051 0.123047 0.850098 0.119141 0.851074 0.112305 0.856445 0.103027 0.865234 0.101074 0.867676 0.103516 0.868652 0.111328 0.866699 0.117188 0.860352 0.124512
0 0.821289 0.774902 0.817383 0.774902 0.814941 0.771484 0.814941 0.767578 0.818359 0.765137 0.822266 0.765137 0.823730 0.766602 0.823730 0.772461 0.821289 0.774902
0 0.932617 0.016113 0.927734 0.016113 0.924316 0.011719 0.923340 0.007812 0.926758 0.002441 0.928711 0.002441 0.932129 0.006836 0.932617 0.016113
0 0.800781 0.748535 0.792480 0.746094 0.788574 0.740234 0.788574 0.736328 0.793945 0.730957 0.801758 0.729004 0.813477 0.731934 0.816895 0.735352 0.816895 0.741211 0.810547 0.746582 0.800781 0.748535
0 0.945312 0.351074 0.942383 0.351074 0.939941 0.348633 0.940430 0.344238 0.945312 0.344238 0.946777 0.345703 0.945312 0.351074
0 0.876953 0.055176 0.872070 0.055176 0.870605 0.053711 0.870605 0.048828 0.872070 0.047363 0.875977 0.047363 0.877441 0.048828 0.876953 0.055176
0 0.479492 0.651855 0.474609 0.651855 0.474121 0.647461 0.479492 0.646973 0.479492 0.651855
0 0.184570 0.272949 0.175781 0.271973 0.170410 0.267578 0.168457 0.262695 0.171387 0.253906 0.177734 0.249512 0.187500 0.250488 0.193848 0.258789 0.193848 0.266602 0.191406 0.270020 0.184570 0.272949
0 0.563477 0.121582 0.560547 0.121582 0.556152 0.118164 0.556152 0.113281 0.558105 0.110352 0.562500 0.105957 0.575195 0.105957 0.576660 0.107422 0.576660 0.112305 0.570312 0.119629 0.563477 0.121582
0 0.644531 0.225098 0.639648 0.224121 0.633301 0.219727 0.630371 0.210938 0.633789 0.206543 0.641602 0.205566 0.649902 0.210938 0.651855 0.220703 0.648438 0.224121 0.644531 0.225098
0 0.479492 0.659668 0.474121 0.659180 0.474609 0.652832 0.479492 0.651855 0.480957 0.653320 0.479492 0.659668
0 0.897461 0.040527 0.892090 0.039062 0.891113 0.035156 0.892578 0.032715 0.897461 0.032715 0.898926 0.034180 0.897461 0.040527
0 0.721680 0.753418 0.710449 0.746094 0.710449 0.740234 0.718750 0.732910 0.729492 0.731934 0.735352 0.733887 0.739746 0.739258 0.739746 0.743164 0.737793 0.746094 0.730469 0.751465 0.721680 0.753418
0 0.360352 0.477051 0.352051 0.471680 0.347168 0.460938 0.351074 0.452148 0.355469 0.447754 0.360352 0.448730 0.366211 0.454590 0.372070 0.456543 0.374512 0.458984 0.375488 0.462891 0.374023 0.472168 0.360352 0.477051
0 0.402344 0.550293 0.394531 0.547363 0.391113 0.543945 0.391113 0.541016 0.389160 0.539062 0.389160 0.534180 0.393555 0.529785 0.398438 0.527832 0.402344 0.527832 0.409180 0.530762 0.415527 0.539062 0.415527 0.542969 0.412109 0.547363 0.402344 0.550293
0 0.484375 0.675293 0.481934 0.674805 0.482422 0.667480 0.485840 0.667969 0.484375 0.675293
0 0.392578 0.511230 0.380859 0.509277 0.374023 0.505371 0.349609 0.505371 0.347168 0.503906 0.347168 0.500977 0.366211 0.494629 0.372559 0.485352 0.375488 0.484375 0.374512 0.481445 0.378906 0.480957 0.383789 0.484863 0.399414 0.489746 0.405762 0.496094 0.405762 0.504883 0.400391 0.506348 0.394531 0.510254 0.393555 0.509277 0.392578 0.511230
0 0.423828 0.166504 0.417969 0.166504 0.416504 0.161133 0.417969 0.159668 0.423828 0.159668 0.425293 0.161133 0.425293 0.165039 0.423828 0.166504
0 0.426758 0.160645 0.421387 0.158203 0.421387 0.152344 0.422852 0.150879 0.426758 0.151855 0.429199 0.154297 0.429199 0.159180 0.426758 0.160645
0 0.717773 0.020020 0.711914 0.020020 0.710449 0.018555 0.710449 0.013672 0.715820 0.013184 0.718262 0.015625 0.717773 0.020020
0 0.669922 0.431152 0.665039 0.431152 0.660645 0.423828 0.660645 0.420898 0.657715 0.416016 0.657715 0.409180 0.659180 0.407715 0.670898 0.406738 0.676270 0.411133 0.678223 0.421875 0.669922 0.431152
0 0.615234 0.378418 0.612305 0.378418 0.609863 0.375977 0.608887 0.370117 0.610840 0.360352 0.613770 0.354492 0.617188 0.353027 0.625488 0.356445 0.627441 0.365234 0.624512 0.374023 0.622070 0.376465 0.615234 0.378418
0 0.466797 0.664551 0.462402 0.663086 0.462402 0.659180 0.464844 0.656738 0.469238 0.657227 0.469238 0.661133 0.466797 0.664551
0 0.030273 0.468262 0.023438 0.468262 0.019043 0.464844 0.017090 0.460938 0.017090 0.455078 0.015137 0.454102 0.019531 0.446777 0.025391 0.446777 0.029785 0.449219 0.032715 0.457031 0.032715 0.459961 0.030762 0.461914 0.031738 0.466797 0.030273 0.468262
0 0.739258 0.109863 0.735352 0.109863 0.731934 0.107422 0.731934 0.102539 0.733398 0.101074 0.738770 0.101562 0.739258 0.109863
0 0.037109 0.218262 0.032227 0.218262 0.029785 0.215820 0.027832 0.206055 0.030762 0.201172 0.038086 0.195801 0.050781 0.197754 0.053223 0.203125 0.050293 0.211914 0.046875 0.212402 0.037109 0.218262
0 0.344727 0.747559 0.336914 0.747559 0.328613 0.733398 0.330566 0.727539 0.337891 0.722168 0.342773 0.723145 0.348145 0.727539 0.349121 0.730469 0.346191 0.743164 0.347168 0.744141 0.344727 0.747559
0 0.305664 0.079590 0.299316 0.078125 0.299316 0.073242 0.301758 0.070801 0.305664 0.070801 0.307129 0.073242 0.307129 0.078125 0.305664 0.079590
0 0.718750 0.468262 0.714355 0.466797 0.714355 0.452148 0.719727 0.442871 0.728516 0.440918 0.731934 0.448242 0.729980 0.458008 0.724609 0.466309 0.718750 0.468262
0 0.599609 0.291504 0.591797 0.291504 0.586426 0.286133 0.586426 0.278320 0.593750 0.272949 0.598633 0.272949 0.602051 0.275391 0.604004 0.279297 0.604004 0.285156 0.599609 0.291504
0 0.886719 0.036621 0.880371 0.036133 0.881836 0.029785 0.886719 0.029785 0.888184 0.031250 0.888184 0.035156 0.886719 0.036621
0 0.000000 0.353027 0.005859 0.348145 0.011719 0.348145 0.015625 0.349121 0.021973 0.358398 0.020996 0.366211 0.018066 0.373047 0.014648 0.376465 0.011719 0.378418 0.003906 0.378418 0.000000 0.376465
0 0.576172 0.622559 0.569824 0.620117 0.571289 0.615723 0.576660 0.616211 0.576172 0.622559
0 0.574219 0.088379 0.568359 0.088379 0.562988 0.085938 0.562988 0.078125 0.565918 0.073242 0.569336 0.070801 0.573242 0.071777 0.578613 0.079102 0.578613 0.083984 0.574219 0.088379
0 0.173828 0.012207 0.168945 0.012207 0.167480 0.010742 0.167480 0.004883 0.168945 0.003418 0.172852 0.003418 0.174316 0.004883 0.173828 0.012207
