0 0.178125 0.060547 0.165625 0.052734 0.121875 0.056641 0.114062 0.046875 0.110937 0.023438 0.128125 0.009766 0.153125 0.009766 0.159375 0.017578 0.168750 0.017578 0.192188 0.035156 0.192188 0.050781 0.178125 0.060547
0 0.715625 0.943359 0.696875 0.943359 0.679688 0.929688 0.679688 0.882812 0.690625 0.865234 0.706250 0.853516 0.718750 0.853516 0.739062 0.867188 0.739062 0.914062 0.715625 0.943359
0 0.556250 0.822266 0.543750 0.822266 0.539062 0.816406 0.517188 0.761719 0.525000 0.732422 0.534375 0.732422 0.545312 0.746094 0.560937 0.808594 0.556250 0.822266
0 0.456250 0.248047 0.440625 0.244141 0.423438 0.222656 0.420312 0.191406 0.428125 0.177734 0.445312 0.187500 0.460938 0.226562 0.460938 0.242188 0.456250 0.248047
0 0.281250 0.267578 0.243750 0.263672 0.229687 0.250000 0.223438 0.214844 0.231250 0.197266 0.240625 0.197266 0.279687 0.234375 0.285938 0.250000 0.281250 0.267578
0 0.584375 0.552734 0.570312 0.546875 0.570312 0.519531 0.596875 0.494141 0.618750 0.494141 0.629687 0.507812 0.629687 0.519531 0.584375 0.552734
0 0.562500 0.306641 0.540625 0.306641 0.535937 0.300781 0.529687 0.292969 0.529687 0.265625 0.553125 0.228516 0.575000 0.224609 0.579688 0.230469 0.579688 0.261719 0.576562 0.281250 0.562500 0.306641
0 0.475000 0.916016 0.425000 0.908203 0.420312 0.902344 0.420312 0.875000 0.437500 0.845703 0.450000 0.845703 0.470313 0.867188 0.479687 0.898438 0.475000 0.916016
0 0.443750 0.794922 0.437500 0.794922 0.410938 0.765625 0.410938 0.757812 0.392188 0.730469 0.396875 0.712891 0.425000 0.728516 0.448437 0.761719 0.448437 0.789062 0.443750 0.794922
0 0.578125 0.435547 0.550000 0.431641 0.542188 0.410156 0.548438 0.386719 0.575000 0.353516 0.593750 0.341797 0.604688 0.359375 0.604688 0.410156 0.596875 0.423828 0.587500 0.423828 0.578125 0.435547
0 0.596875 0.306641 0.581250 0.306641 0.576562 0.289062 0.590625 0.259766 0.606250 0.255859 0.614062 0.265625 0.614062 0.289062 0.596875 0.306641
0 0.000000 0.916016 0.026562 0.941406 0.026562 0.957031 0.021875 0.962891 0.000000 0.962891
0 0.428125 0.689453 0.400000 0.685547 0.376563 0.648438 0.376563 0.609375 0.390625 0.591797 0.403125 0.595703 0.418750 0.611328 0.442188 0.652344 0.442188 0.671875 0.428125 0.689453
0 0.575000 0.513672 0.560937 0.507812 0.560937 0.472656 0.576562 0.437500 0.587500 0.423828 0.615625 0.431641 0.623437 0.453125 0.604688 0.492188 0.584375 0.501953 0.575000 0.513672
0 0.537500 0.251953 0.529687 0.246094 0.532813 0.222656 0.565625 0.181641 0.573438 0.191406 0.573438 0.203125 0.537500 0.251953
0 0.434375 0.298828 0.428125 0.298828 0.417187 0.281250 0.421875 0.271484 0.428125 0.271484 0.439063 0.289062 0.434375 0.298828
0 0.515625 0.130859 0.506250 0.130859 0.489063 0.101562 0.489063 0.054688 0.506250 0.017578 0.520312 0.027344 0.526563 0.058594 0.526563 0.113281 0.515625 0.130859
0 0.481250 0.763672 0.470313 0.750000 0.470313 0.734375 0.460938 0.710938 0.460938 0.687500 0.468750 0.673828 0.495312 0.707031 0.498437 0.718750 0.498437 0.746094 0.481250 0.763672
0 0.375000 0.310547 0.368750 0.310547 0.357812 0.292969 0.354687 0.253906 0.348438 0.242188 0.353125 0.224609 0.365625 0.228516 0.379688 0.246094 0.382812 0.300781 0.375000 0.310547
0 0.720313 0.996094 0.717187 0.941406 0.723437 0.929688 0.734375 0.916016 0.765625 0.912109 0.779687 0.937500 0.779687 0.972656 0.748437 0.996094
0 0.296875 0.173828 0.279687 0.160156 0.276562 0.132812 0.281250 0.126953 0.301563 0.148438 0.304688 0.164062 0.296875 0.173828
0 0.135937 0.996094 0.139063 0.972656 0.146875 0.962891 0.162500 0.962891 0.167187 0.968750 0.167187 0.996094
0 0.225000 0.123047 0.209375 0.123047 0.204687 0.117188 0.204687 0.093750 0.209375 0.087891 0.218750 0.087891 0.229687 0.097656 0.229687 0.117188 0.225000 0.123047
0 0.473438 0.996094 0.473438 0.972656 0.487500 0.958984 0.506250 0.958984 0.518750 0.966797 0.529687 0.980469 0.529687 0.996094
0 0.314063 0.000000 0.329688 0.042969 0.354687 0.085938 0.356250 0.111328 0.340625 0.107422 0.307812 0.066406 0.276562 0.000000
0 0.653125 0.947266 0.643750 0.943359 0.623437 0.914062 0.617188 0.890625 0.625000 0.880859 0.643750 0.884766 0.654687 0.898438 0.657813 0.941406 0.653125 0.947266
0 0.687500 0.869141 0.659375 0.869141 0.654687 0.863281 0.648438 0.816406 0.651563 0.800781 0.662500 0.787109 0.684375 0.775391 0.696875 0.775391 0.717187 0.796875 0.717187 0.820312 0.707812 0.839844 0.707812 0.851562 0.687500 0.869141
0 0.440625 0.486328 0.431250 0.486328 0.423438 0.472656 0.420312 0.437500 0.425000 0.431641 0.437500 0.435547 0.445312 0.449219 0.445312 0.480469 0.440625 0.486328
0 0.346875 0.416016 0.293750 0.400391 0.279687 0.375000 0.279687 0.355469 0.287500 0.345703 0.306250 0.345703 0.328125 0.361328 0.354687 0.398438 0.346875 0.416016
0 0.468750 0.478516 0.457813 0.472656 0.457813 0.433594 0.462500 0.427734 0.473438 0.433594 0.473438 0.468750 0.468750 0.478516
0 0.634375 0.705078 0.609375 0.705078 0.604688 0.699219 0.601562 0.664062 0.625000 0.634766 0.659375 0.634766 0.667188 0.648438 0.667188 0.664062 0.634375 0.705078
0 0.290625 0.333984 0.240625 0.310547 0.235937 0.292969 0.243750 0.283203 0.271875 0.283203 0.293750 0.294922 0.310937 0.324219 0.290625 0.333984
0 0.659375 0.775391 0.628125 0.771484 0.620313 0.761719 0.620313 0.730469 0.626563 0.714844 0.650000 0.685547 0.671875 0.685547 0.689063 0.714844 0.689063 0.738281 0.659375 0.775391
0 0.501563 0.000000 0.504687 0.023438 0.484375 0.060547 0.468750 0.060547 0.464062 0.054688 0.457813 0.035156 0.457813 0.000000
0 0.175000 0.142578 0.125000 0.126953 0.120313 0.121094 0.120313 0.105469 0.125000 0.099609 0.153125 0.099609 0.171875 0.107422 0.189062 0.125000 0.175000 0.142578
0 0.587500 0.908203 0.568750 0.908203 0.564063 0.902344 0.551562 0.875000 0.551562 0.859375 0.556250 0.853516 0.585938 0.882812 0.592187 0.898438 0.587500 0.908203
0 0.085938 0.996094 0.073438 0.984375 0.064062 0.960938 0.064062 0.945312 0.067187 0.929688 0.090625 0.908203 0.115625 0.912109 0.129688 0.937500 0.129688 0.968750 0.117188 0.996094
0 0.490625 0.173828 0.476562 0.164062 0.476562 0.148438 0.484375 0.138672 0.495312 0.144531 0.495312 0.167969 0.490625 0.173828
0 0.000000 0.822266 0.037500 0.826172 0.064062 0.875000 0.064062 0.902344 0.025000 0.912109 0.009375 0.908203 0.000000 0.896484
0 0.453125 0.982422 0.418750 0.982422 0.401562 0.968750 0.401562 0.937500 0.418750 0.916016 0.443750 0.912109 0.460938 0.925781 0.464062 0.960938 0.453125 0.982422
0 0.337500 0.146484 0.317188 0.125000 0.314063 0.109375 0.318750 0.103516 0.339062 0.128906 0.342187 0.140625 0.337500 0.146484
0 0.490625 0.537109 0.468750 0.537109 0.464062 0.531250 0.464062 0.484375 0.468750 0.478516 0.478125 0.478516 0.495312 0.507812 0.495312 0.531250 0.490625 0.537109
0 0.600000 0.666016 0.589063 0.660156 0.589063 0.644531 0.601562 0.613281 0.601562 0.601562 0.621875 0.583984 0.650000 0.583984 0.657813 0.597656 0.651563 0.605469 0.648438 0.625000 0.640625 0.634766 0.625000 0.634766 0.600000 0.666016
0 0.748437 0.996094 0.765625 0.982422 0.771875 0.982422 0.776563 0.996094
0 0.400000 0.173828 0.384375 0.173828 0.370312 0.152344 0.370312 0.125000 0.387500 0.103516 0.398438 0.109375 0.410938 0.140625 0.410938 0.160156 0.400000 0.173828
0 0.534375 0.947266 0.528125 0.947266 0.517188 0.929688 0.517188 0.882812 0.521875 0.876953 0.529687 0.882812 0.532813 0.910156 0.539062 0.921875 0.539062 0.941406 0.534375 0.947266
0 0.334375 0.255859 0.321875 0.255859 0.307812 0.238281 0.307812 0.218750 0.312500 0.212891 0.318750 0.212891 0.335938 0.234375 0.339062 0.250000 0.334375 0.255859
0 0.300000 0.119141 0.279687 0.101562 0.276562 0.066406 0.281250 0.060547 0.287500 0.060547 0.298438 0.078125 0.304688 0.109375 0.300000 0.119141
0 0.393750 0.564453 0.378125 0.564453 0.365625 0.556641 0.351562 0.539062 0.351562 0.519531 0.356250 0.513672 0.375000 0.513672 0.390625 0.525391 0.398438 0.535156 0.398438 0.558594 0.393750 0.564453
0 0.371875 0.123047 0.357812 0.113281 0.354687 0.085938 0.348438 0.074219 0.348438 0.058594 0.356250 0.048828 0.376563 0.066406 0.379688 0.082031 0.389062 0.093750 0.389062 0.101562 0.371875 0.123047
0 0.537500 0.185547 0.525000 0.185547 0.517188 0.175781 0.517188 0.128906 0.531250 0.103516 0.550000 0.103516 0.564063 0.121094 0.564063 0.144531 0.554688 0.167969 0.537500 0.185547
0 0.387500 0.400391 0.381250 0.400391 0.367188 0.378906 0.360938 0.359375 0.365625 0.345703 0.371875 0.345703 0.392188 0.378906 0.392188 0.394531 0.387500 0.400391
0 0.592187 0.996094 0.579688 0.980469 0.579688 0.960938 0.584375 0.955078 0.600000 0.955078 0.617188 0.968750 0.614062 0.996094
0 0.478125 0.576172 0.471875 0.576172 0.460938 0.562500 0.460938 0.542969 0.465625 0.537109 0.479687 0.546875 0.482812 0.570312 0.478125 0.576172
