0 0.258621 0.747115 0.244253 0.745192 0.237787 0.736538 0.233477 0.725000 0.233477 0.715385 0.236351 0.709615 0.250000 0.697115 0.262931 0.699038 0.273707 0.715385 0.275144 0.723077 0.275144 0.728846 0.270833 0.738462 0.267241 0.743269 0.258621 0.747115
0 0.000000 0.520192 0.007184 0.525962 0.010776 0.534615 0.010776 0.551923 0.007902 0.559615 0.005747 0.562500 0.000000 0.562500
0 0.268678 0.406731 0.254310 0.404808 0.247845 0.394231 0.252155 0.375000 0.262931 0.366346 0.272270 0.373077 0.269397 0.396154 0.270833 0.403846 0.268678 0.406731
0 0.255747 0.172115 0.239943 0.170192 0.230603 0.157692 0.229167 0.151923 0.229167 0.126923 0.232040 0.119231 0.242816 0.106731 0.252874 0.108654 0.262213 0.123077 0.265086 0.136538 0.263649 0.157692 0.255747 0.172115
0 0.097701 0.931731 0.085489 0.923077 0.085489 0.894231 0.089799 0.888462 0.091954 0.879808 0.102011 0.875962 0.119971 0.892308 0.119971 0.905769 0.118534 0.915385 0.112069 0.924038 0.097701 0.931731
0 0.281609 0.479808 0.267241 0.479808 0.252874 0.472115 0.244971 0.457692 0.246408 0.444231 0.252874 0.437500 0.264368 0.437500 0.271552 0.441346 0.285920 0.441346 0.291667 0.445192 0.296695 0.453846 0.296695 0.465385 0.290230 0.475962 0.281609 0.479808
0 0.000000 0.616346 0.007184 0.610577 0.021552 0.606731 0.031609 0.610577 0.036638 0.617308 0.038075 0.625000 0.036638 0.640385 0.028736 0.652885 0.014368 0.658654 0.007184 0.658654 0.000000 0.652885
0 0.080460 0.837500 0.067529 0.835577 0.061063 0.826923 0.061063 0.821154 0.072557 0.790385 0.081897 0.779808 0.090517 0.779808 0.094828 0.785577 0.104167 0.790385 0.108477 0.811538 0.099138 0.825962 0.089080 0.827885 0.080460 0.837500
0 0.214080 0.614423 0.198276 0.612500 0.188937 0.600000 0.188937 0.588462 0.208333 0.560577 0.222701 0.558654 0.232040 0.575000 0.232040 0.592308 0.230603 0.598077 0.222701 0.608654 0.214080 0.614423
0 0.505747 0.979808 0.495690 0.979808 0.490661 0.973077 0.490661 0.951923 0.497126 0.943269 0.511494 0.937500 0.524425 0.924038 0.531609 0.925962 0.536638 0.934615 0.532328 0.950000 0.511494 0.975962 0.505747 0.979808
0 0.000000 0.943269 0.008621 0.941346 0.017241 0.947115 0.029454 0.965385 0.030891 0.980769 0.028736 0.983654 0.018678 0.983654 0.008621 0.977885 0.000000 0.968269
0 0.998563 0.941346 0.994971 0.938462 0.994971 0.926923 0.998563 0.924038
0 0.372126 0.335577 0.363506 0.335577 0.358477 0.330769 0.355603 0.323077 0.357040 0.307692 0.364224 0.290385 0.375000 0.274038 0.386494 0.272115 0.391523 0.278846 0.392960 0.286538 0.392960 0.307692 0.385776 0.323077 0.372126 0.335577
0 0.281609 0.958654 0.274425 0.958654 0.266523 0.950000 0.260776 0.936538 0.260776 0.928846 0.266523 0.909615 0.272989 0.900962 0.278736 0.897115 0.288793 0.897115 0.295977 0.900962 0.301006 0.907692 0.302443 0.919231 0.292385 0.930769 0.286638 0.951923 0.281609 0.958654
0 0.175287 0.587500 0.166667 0.587500 0.157328 0.575000 0.157328 0.563462 0.160201 0.555769 0.169540 0.543269 0.185345 0.533654 0.199713 0.533654 0.208333 0.537500 0.213362 0.544231 0.209770 0.560577 0.202586 0.568269 0.196839 0.568269 0.189655 0.577885 0.181034 0.579808 0.175287 0.587500
0 0.780172 0.974038 0.767241 0.974038 0.751437 0.962500 0.737787 0.942308 0.734914 0.930769 0.736351 0.919231 0.744253 0.912500 0.755747 0.912500 0.780172 0.929808 0.789511 0.950000 0.788075 0.965385 0.780172 0.974038
0 0.446839 0.093269 0.441092 0.091346 0.436063 0.084615 0.433190 0.073077 0.434626 0.050000 0.443247 0.023077 0.454023 0.012500 0.461207 0.012500 0.465517 0.014423 0.471983 0.025000 0.470546 0.057692 0.464799 0.080769 0.458333 0.089423 0.446839 0.093269
0 0.166667 0.160577 0.145115 0.156731 0.135776 0.142308 0.137213 0.128846 0.152299 0.112500 0.172414 0.110577 0.189655 0.120192 0.194684 0.126923 0.193247 0.144231 0.186782 0.152885 0.166667 0.160577
0 0.906609 0.920192 0.896552 0.920192 0.890805 0.916346 0.874282 0.890385 0.868534 0.867308 0.868534 0.855769 0.875000 0.845192 0.885057 0.845192 0.890805 0.849038 0.901580 0.863462 0.908764 0.878846 0.913075 0.898077 0.913075 0.909615 0.906609 0.920192
0 0.117816 0.543269 0.110632 0.543269 0.104167 0.536538 0.104167 0.517308 0.093391 0.506731 0.088362 0.496154 0.091236 0.478846 0.094828 0.474038 0.107759 0.472115 0.121408 0.486538 0.118534 0.492308 0.119971 0.509615 0.117098 0.515385 0.119971 0.519231 0.122845 0.538462 0.117816 0.543269
0 0.563218 0.354808 0.553161 0.352885 0.545259 0.342308 0.545259 0.313462 0.552443 0.301923 0.555316 0.290385 0.564655 0.283654 0.572557 0.290385 0.581178 0.325000 0.576868 0.342308 0.563218 0.354808
0 0.743534 0.000000 0.739224 0.013462 0.728448 0.027885 0.719828 0.033654 0.708333 0.033654 0.701868 0.025000 0.703305 0.000000
0 0.412356 0.791346 0.393678 0.791346 0.372126 0.779808 0.362787 0.767308 0.364224 0.751923 0.372126 0.743269 0.393678 0.741346 0.422414 0.752885 0.428879 0.761538 0.431753 0.776923 0.425287 0.785577 0.412356 0.791346
0 0.738506 0.197115 0.732759 0.197115 0.724856 0.188462 0.727730 0.165385 0.736351 0.136538 0.742816 0.127885 0.752874 0.127885 0.757184 0.129808 0.762213 0.138462 0.762213 0.153846 0.753592 0.175000 0.738506 0.197115
0 0.205460 0.827885 0.191092 0.825962 0.181753 0.811538 0.177443 0.798077 0.178879 0.786538 0.188218 0.775962 0.195402 0.772115 0.205460 0.772115 0.213362 0.784615 0.211925 0.819231 0.205460 0.827885
0 0.545977 0.491346 0.533046 0.487500 0.523707 0.475000 0.523707 0.451923 0.530172 0.445192 0.541667 0.445192 0.550287 0.437500 0.560345 0.437500 0.566092 0.441346 0.572557 0.451923 0.572557 0.469231 0.560345 0.485577 0.545977 0.491346
0 0.000000 0.670192 0.010057 0.672115 0.028736 0.689423 0.030891 0.694231 0.026580 0.703846 0.025862 0.714423 0.011494 0.727885 0.000000 0.725962
0 0.932471 0.470192 0.920977 0.470192 0.915230 0.466346 0.907328 0.453846 0.907328 0.442308 0.916667 0.425962 0.920977 0.425962 0.923851 0.422115 0.933908 0.418269 0.954023 0.418269 0.957615 0.423077 0.957615 0.430769 0.946121 0.446154 0.943247 0.459615 0.932471 0.470192
0 0.938218 0.300962 0.929598 0.300962 0.918103 0.295192 0.911638 0.282692 0.914511 0.259615 0.928161 0.245192 0.945402 0.249038 0.953305 0.263462 0.956178 0.278846 0.954741 0.288462 0.949713 0.295192 0.938218 0.300962
0 0.254310 0.341346 0.247126 0.339423 0.238506 0.325962 0.229885 0.324038 0.226293 0.319231 0.226293 0.301923 0.238506 0.287500 0.248563 0.281731 0.258621 0.281731 0.265805 0.287500 0.270115 0.287500 0.279454 0.300000 0.279454 0.313462 0.276580 0.321154 0.264368 0.337500 0.254310 0.341346
0 0.160920 0.864423 0.152299 0.860577 0.148707 0.855769 0.145833 0.840385 0.157328 0.826923 0.160201 0.813462 0.163793 0.808654 0.172414 0.806731 0.178161 0.810577 0.184626 0.821154 0.184626 0.838462 0.173851 0.856731 0.160920 0.864423
0 0.160920 0.664423 0.150862 0.660577 0.142960 0.650000 0.138649 0.634615 0.138649 0.615385 0.146552 0.602885 0.160920 0.606731 0.171695 0.625000 0.173132 0.638462 0.170259 0.657692 0.166667 0.662500 0.160920 0.664423
0 0.745690 0.289423 0.731322 0.285577 0.720546 0.269231 0.717672 0.238462 0.724138 0.222115 0.729885 0.222115 0.736351 0.230769 0.737787 0.236538 0.749282 0.251923 0.753592 0.263462 0.753592 0.280769 0.745690 0.289423
0 0.785920 0.575962 0.770115 0.575962 0.757902 0.559615 0.757902 0.555769 0.760776 0.542308 0.772989 0.525962 0.783046 0.522115 0.791667 0.514423 0.795977 0.514423 0.806034 0.520192 0.812500 0.528846 0.812500 0.538462 0.809626 0.548077 0.801724 0.560577 0.788793 0.560577 0.786638 0.563462 0.788793 0.568269 0.792385 0.569231 0.785920 0.575962
0 0.314655 0.137500 0.303161 0.135577 0.292385 0.115385 0.292385 0.100000 0.296695 0.092308 0.296695 0.086538 0.303161 0.077885 0.313218 0.074038 0.321839 0.077885 0.329741 0.090385 0.326868 0.119231 0.323994 0.126923 0.314655 0.137500
0 0.395115 0.389423 0.383621 0.387500 0.377155 0.376923 0.375718 0.365385 0.378592 0.353846 0.392241 0.335577 0.403736 0.325962 0.410920 0.325962 0.418822 0.336538 0.421695 0.363462 0.410920 0.381731 0.395115 0.389423
0 0.365661 0.998077 0.367816 0.993269 0.373563 0.993269 0.376437 0.989423 0.379310 0.989423 0.387213 0.998077
0 0.524425 0.347115 0.514368 0.347115 0.508621 0.343269 0.505029 0.336538 0.505029 0.330769 0.512213 0.313462 0.510776 0.298077 0.518678 0.283654 0.527299 0.274038 0.531609 0.274038 0.539511 0.278846 0.538075 0.296154 0.528017 0.307692 0.536638 0.317308 0.538075 0.336538 0.533046 0.343269 0.524425 0.347115
0 0.560345 0.129808 0.554598 0.129808 0.545259 0.121154 0.539511 0.113462 0.535201 0.096154 0.535201 0.082692 0.539511 0.069231 0.545977 0.060577 0.553161 0.056731 0.561782 0.060577 0.566810 0.067308 0.572557 0.090385 0.571121 0.117308 0.564655 0.127885 0.560345 0.129808
0 0.998563 0.225962 0.991379 0.225962 0.985632 0.222115 0.979167 0.209615 0.983477 0.163462 0.991379 0.150962 0.998563 0.150962
0 0.623563 0.656731 0.614943 0.652885 0.608477 0.642308 0.607040 0.617308 0.616379 0.600962 0.627874 0.597115 0.635057 0.600962 0.640086 0.607692 0.642960 0.615385 0.642960 0.628846 0.638649 0.640385 0.623563 0.656731
0 0.998563 0.547115 0.984195 0.550962 0.959052 0.532692 0.961925 0.521154 0.981322 0.500962 0.991379 0.500962 0.998563 0.506731
0 0.620690 0.391346 0.607759 0.391346 0.596983 0.380769 0.595546 0.357692 0.599856 0.348077 0.604885 0.343269 0.626437 0.341346 0.641523 0.351923 0.644397 0.371154 0.632184 0.385577 0.620690 0.391346
0 0.722701 0.695192 0.706897 0.695192 0.689655 0.687500 0.682471 0.675962 0.673132 0.671154 0.670259 0.663462 0.671695 0.651923 0.676724 0.647115 0.699713 0.649038 0.719828 0.660577 0.729167 0.680769 0.729167 0.688462 0.722701 0.695192
0 0.653736 0.172115 0.649425 0.172115 0.644397 0.167308 0.645833 0.142308 0.655891 0.121154 0.655891 0.111538 0.663793 0.100962 0.673851 0.100962 0.678879 0.111538 0.676006 0.144231 0.663793 0.164423 0.653736 0.172115
0 0.772989 0.877885 0.764368 0.877885 0.731322 0.864423 0.724856 0.853846 0.724856 0.842308 0.734195 0.831731 0.741379 0.831731 0.770115 0.835577 0.784483 0.843269 0.789511 0.851923 0.789511 0.861538 0.781609 0.874038 0.772989 0.877885
0 0.711207 0.124038 0.701149 0.124038 0.686782 0.114423 0.678879 0.103846 0.683190 0.073077 0.692529 0.058654 0.706897 0.056731 0.716954 0.064423 0.723420 0.075000 0.726293 0.113462 0.722701 0.118269 0.711207 0.124038
0 0.081178 0.998077 0.065374 0.982692 0.063937 0.963462 0.068966 0.954808 0.081897 0.945192 0.093391 0.947115 0.099856 0.953846 0.099856 0.973077 0.105603 0.990385 0.104167 0.998077
0 0.337644 0.883654 0.326149 0.879808 0.318966 0.874038 0.311063 0.861538 0.309626 0.846154 0.311782 0.841346 0.333333 0.824038 0.341954 0.825962 0.349856 0.834615 0.354167 0.855769 0.352730 0.869231 0.349856 0.875000 0.344828 0.881731 0.337644 0.883654
0 0.900862 0.397115 0.889368 0.397115 0.875000 0.389423 0.866379 0.389423 0.858477 0.382692 0.858477 0.373077 0.862069 0.366346 0.875000 0.360577 0.882184 0.349038 0.887931 0.345192 0.908046 0.347115 0.923132 0.361538 0.927443 0.371154 0.927443 0.376923 0.919540 0.391346 0.905172 0.393269 0.900862 0.397115
0 0.336207 0.464423 0.329023 0.464423 0.316810 0.448077 0.313937 0.440385 0.313937 0.428846 0.320402 0.418269 0.324713 0.418269 0.331897 0.406731 0.346264 0.402885 0.352730 0.409615 0.355603 0.417308 0.355603 0.428846 0.348420 0.450000 0.336207 0.464423
0 0.798851 0.166346 0.788793 0.166346 0.783764 0.159615 0.782328 0.138462 0.785201 0.125000 0.801724 0.095192 0.806034 0.091346 0.818966 0.091346 0.822557 0.096154 0.823994 0.107692 0.821121 0.132692 0.812500 0.151923 0.798851 0.166346
0 0.777299 0.783654 0.771552 0.783654 0.768678 0.779808 0.764368 0.781731 0.756466 0.773077 0.756466 0.769231 0.760057 0.764423 0.764368 0.764423 0.769397 0.753846 0.791667 0.727885 0.807471 0.716346 0.820402 0.714423 0.828305 0.726923 0.823994 0.742308 0.798851 0.770192 0.777299 0.783654
0 0.205460 0.095192 0.192529 0.095192 0.175287 0.085577 0.165948 0.071154 0.167385 0.055769 0.170977 0.050962 0.182471 0.045192 0.193966 0.045192 0.206897 0.050962 0.214799 0.061538 0.217672 0.076923 0.216236 0.082692 0.205460 0.095192
0 0.372126 0.579808 0.359195 0.579808 0.357040 0.576923 0.357040 0.571154 0.352730 0.567308 0.355603 0.551923 0.377874 0.524038 0.386494 0.524038 0.391523 0.532692 0.390086 0.559615 0.382184 0.572115 0.372126 0.579808
0 0.681034 0.322115 0.656609 0.320192 0.642241 0.310577 0.637931 0.310577 0.631466 0.300000 0.632902 0.284615 0.642241 0.277885 0.658046 0.275962 0.672414 0.283654 0.682471 0.285577 0.690374 0.300000 0.690374 0.311538 0.681034 0.322115
0 0.063218 0.733654 0.051724 0.733654 0.027299 0.714423 0.026580 0.703846 0.030891 0.696154 0.029454 0.690385 0.038793 0.683654 0.043103 0.683654 0.048851 0.691346 0.070402 0.693269 0.075431 0.700000 0.076868 0.709615 0.072557 0.723077 0.063218 0.733654
0 0.044540 0.531731 0.035920 0.527885 0.030172 0.531731 0.020115 0.529808 0.012213 0.519231 0.005029 0.501923 0.003592 0.484615 0.005029 0.469231 0.009339 0.457692 0.020115 0.445192 0.025862 0.443269 0.032328 0.450000 0.035201 0.469231 0.051006 0.501923 0.051006 0.521154 0.044540 0.531731
0 0.387213 0.998077 0.377155 0.988462 0.375718 0.978846 0.380747 0.972115 0.387931 0.970192 0.393678 0.964423 0.403736 0.962500 0.411638 0.980769 0.403017 0.998077
0 0.204741 0.998077 0.204741 0.978846 0.211207 0.970192 0.224138 0.970192 0.231322 0.974038 0.247126 0.991346 0.250000 0.991346 0.252155 0.998077
0 0.670977 0.497115 0.660920 0.495192 0.649425 0.497115 0.641523 0.482692 0.644397 0.450000 0.653736 0.435577 0.658046 0.433654 0.672414 0.433654 0.680316 0.440385 0.677443 0.455769 0.677443 0.476923 0.680316 0.482692 0.677443 0.490385 0.670977 0.497115
0 0.676724 0.243269 0.663793 0.239423 0.650144 0.217308 0.647270 0.205769 0.647270 0.190385 0.650862 0.179808 0.670977 0.177885 0.683190 0.194231 0.687500 0.205769 0.687500 0.226923 0.684626 0.230769 0.684626 0.236538 0.676724 0.243269
0 0.057471 0.608654 0.050287 0.608654 0.044540 0.604808 0.035201 0.590385 0.036638 0.569231 0.043103 0.560577 0.051724 0.554808 0.066092 0.556731 0.073994 0.571154 0.072557 0.586538 0.068247 0.596154 0.057471 0.608654
0 0.487069 0.533654 0.479885 0.533654 0.474856 0.526923 0.473420 0.515385 0.466236 0.503846 0.467672 0.494231 0.479885 0.479808 0.488506 0.481731 0.503592 0.503846 0.503592 0.513462 0.487069 0.533654
0 0.471264 0.570192 0.452586 0.568269 0.443247 0.557692 0.441810 0.546154 0.449713 0.533654 0.461207 0.533654 0.471264 0.545192 0.479167 0.550000 0.480603 0.557692 0.477730 0.565385 0.471264 0.570192
0 0.170977 0.920192 0.159483 0.920192 0.154454 0.913462 0.153017 0.882692 0.162356 0.862500 0.166667 0.866346 0.181034 0.862500 0.187500 0.873077 0.186063 0.898077 0.183190 0.905769 0.170977 0.920192
0 0.475575 0.645192 0.462644 0.643269 0.459052 0.638462 0.459052 0.630769 0.488506 0.595192 0.498563 0.595192 0.503592 0.603846 0.499282 0.626923 0.489943 0.641346 0.475575 0.645192
0 0.106322 0.066346 0.099138 0.066346 0.087644 0.060577 0.082615 0.051923 0.082615 0.038462 0.093391 0.024038 0.125000 0.020192 0.135776 0.032692 0.135776 0.044231 0.130747 0.050962 0.122126 0.052885 0.106322 0.066346
0 0.954023 0.358654 0.943966 0.358654 0.931753 0.342308 0.927443 0.330769 0.930316 0.317308 0.936782 0.310577 0.965517 0.310577 0.973420 0.321154 0.973420 0.328846 0.969109 0.338462 0.954023 0.358654
0 0.387931 0.493269 0.375000 0.487500 0.365661 0.471154 0.365661 0.438462 0.367098 0.432692 0.376437 0.424038 0.380747 0.424038 0.390086 0.432692 0.397270 0.453846 0.394397 0.478846 0.387931 0.493269
0 0.529454 0.998077 0.525144 0.990385 0.525144 0.980769 0.530891 0.963462 0.544540 0.945192 0.553161 0.939423 0.570402 0.939423 0.576868 0.946154 0.579741 0.955769 0.576868 0.967308 0.551006 0.998077
0 0.972701 0.120192 0.959770 0.118269 0.953305 0.109615 0.954741 0.090385 0.961207 0.083654 0.975575 0.085577 0.982040 0.094231 0.983477 0.107692 0.972701 0.120192
0 0.099138 0.266346 0.091954 0.266346 0.080460 0.256731 0.076149 0.256731 0.072557 0.251923 0.071121 0.230769 0.081897 0.212500 0.086207 0.214423 0.093391 0.206731 0.107759 0.206731 0.118534 0.223077 0.118534 0.236538 0.111351 0.253846 0.099138 0.266346
0 0.119253 0.891346 0.103448 0.877885 0.102730 0.873077 0.107040 0.857692 0.114943 0.847115 0.132184 0.837500 0.144397 0.861538 0.144397 0.878846 0.137931 0.887500 0.122126 0.887500 0.119253 0.891346
0 0.998563 0.612500 0.994971 0.609615 0.993534 0.603846 0.993534 0.584615 0.998563 0.577885
0 0.225575 0.412500 0.211207 0.412500 0.193966 0.404808 0.188937 0.396154 0.188937 0.386538 0.204023 0.370192 0.218391 0.364423 0.235632 0.372115 0.239224 0.378846 0.239224 0.390385 0.234914 0.403846 0.225575 0.412500
0 0.221264 0.243269 0.202586 0.239423 0.182471 0.229808 0.173132 0.217308 0.171695 0.198077 0.176724 0.191346 0.183908 0.187500 0.209770 0.195192 0.220546 0.207692 0.229167 0.226923 0.227730 0.236538 0.221264 0.243269
0 0.293103 0.289423 0.280172 0.287500 0.266523 0.267308 0.266523 0.253846 0.269397 0.242308 0.284483 0.224038 0.291667 0.224038 0.296695 0.230769 0.301006 0.250000 0.305316 0.255769 0.306753 0.273077 0.300287 0.285577 0.293103 0.289423
0 0.284483 0.441346 0.271552 0.441346 0.269397 0.438462 0.272270 0.434615 0.269397 0.409615 0.270833 0.380769 0.272270 0.373077 0.281609 0.362500 0.289511 0.365385 0.295259 0.380769 0.295259 0.403846 0.289511 0.430769 0.284483 0.441346
0 0.885057 0.337500 0.867816 0.335577 0.860632 0.329808 0.854167 0.319231 0.855603 0.305769 0.863506 0.293269 0.875000 0.287500 0.885057 0.287500 0.895115 0.291346 0.901580 0.300000 0.905891 0.311538 0.907328 0.326923 0.903736 0.331731 0.885057 0.337500
0 0.468391 0.233654 0.458333 0.233654 0.453305 0.228846 0.446121 0.207692 0.446121 0.188462 0.454741 0.161538 0.461207 0.152885 0.471264 0.149038 0.477011 0.152885 0.482040 0.163462 0.482040 0.205769 0.477730 0.221154 0.468391 0.233654
0 0.928161 0.102885 0.908046 0.099038 0.902299 0.095192 0.891523 0.073077 0.891523 0.059615 0.895115 0.054808 0.900862 0.054808 0.906609 0.047115 0.913793 0.049038 0.918103 0.056731 0.920977 0.056731 0.926006 0.063462 0.933190 0.084615 0.933190 0.096154 0.928161 0.102885
0 0.051724 0.250962 0.034483 0.247115 0.029454 0.240385 0.030891 0.228846 0.054598 0.197115 0.060345 0.193269 0.074713 0.193269 0.081178 0.201923 0.079741 0.217308 0.058908 0.247115 0.051724 0.250962
0 0.000000 0.139423 0.008621 0.143269 0.017960 0.163462 0.015086 0.178846 0.010057 0.185577 0.000000 0.191346
0 0.576868 0.000000 0.576868 0.011538 0.566092 0.020192 0.547414 0.018269 0.537356 0.008654 0.533764 0.000000
0 0.298851 0.668269 0.284483 0.668269 0.278736 0.664423 0.272270 0.653846 0.273707 0.642308 0.288793 0.625962 0.295977 0.625962 0.307471 0.633654 0.312500 0.642308 0.312500 0.653846 0.298851 0.668269
0 0.443966 0.533654 0.435345 0.533654 0.431753 0.528846 0.428879 0.488462 0.434626 0.478846 0.434626 0.473077 0.442529 0.462500 0.451149 0.462500 0.457615 0.469231 0.459052 0.475000 0.456178 0.515385 0.453305 0.525000 0.443966 0.533654
0 0.130029 0.998077 0.132184 0.989423 0.136494 0.991346 0.163793 0.972115 0.170259 0.978846 0.170259 0.984615 0.165230 0.993269 0.157328 0.998077
0 0.136494 0.991346 0.133621 0.991346 0.130029 0.984615 0.130029 0.971154 0.134339 0.955769 0.152299 0.939423 0.159483 0.941346 0.163075 0.946154 0.164511 0.953846 0.163075 0.971154 0.136494 0.991346
0 0.429598 0.637500 0.420977 0.637500 0.414511 0.630769 0.411638 0.603846 0.413075 0.586538 0.425287 0.574038 0.428161 0.574038 0.433190 0.580769 0.433190 0.586538 0.446121 0.609615 0.443247 0.621154 0.429598 0.637500
0 0.795977 0.397115 0.790230 0.395192 0.785201 0.386538 0.785201 0.348077 0.795977 0.335577 0.806034 0.335577 0.813937 0.342308 0.816810 0.361538 0.812500 0.378846 0.800287 0.395192 0.795977 0.397115
0 0.589080 0.833654 0.563218 0.833654 0.551724 0.827885 0.542385 0.815385 0.542385 0.801923 0.550287 0.791346 0.567529 0.783654 0.587644 0.783654 0.599138 0.789423 0.604167 0.798077 0.602730 0.813462 0.598420 0.826923 0.589080 0.833654
0 0.017241 0.093269 0.010057 0.093269 0.005029 0.086538 0.003592 0.063462 0.009339 0.044231 0.012931 0.039423 0.028736 0.031731 0.038075 0.040385 0.040948 0.059615 0.038075 0.071154 0.027299 0.085577 0.017241 0.093269
0 0.347701 0.997115 0.339080 0.995192 0.332615 0.982692 0.332615 0.969231 0.339799 0.948077 0.350575 0.935577 0.364943 0.935577 0.372126 0.939423 0.377155 0.946154 0.377155 0.957692 0.374282 0.965385 0.352011 0.995192 0.347701 0.997115
0 0.175287 0.297115 0.156609 0.297115 0.142241 0.293269 0.135776 0.280769 0.137213 0.269231 0.152299 0.249038 0.159483 0.247115 0.175287 0.250962 0.181753 0.259615 0.186063 0.271154 0.181753 0.290385 0.175287 0.297115
0 0.619253 0.158654 0.610632 0.156731 0.605603 0.146154 0.605603 0.140385 0.612787 0.134615 0.612787 0.101923 0.622126 0.087500 0.629310 0.083654 0.642241 0.085577 0.648707 0.094231 0.650144 0.101923 0.647270 0.121154 0.637931 0.135577 0.623563 0.141346 0.621408 0.148077 0.624282 0.150000 0.624282 0.153846 0.619253 0.158654
0 0.155172 0.531731 0.135057 0.531731 0.126437 0.524038 0.122845 0.517308 0.122845 0.507692 0.118534 0.501923 0.118534 0.492308 0.125000 0.483654 0.136494 0.483654 0.142241 0.491346 0.156609 0.499038 0.160920 0.506731 0.163793 0.506731 0.167385 0.513462 0.167385 0.519231 0.163793 0.525962 0.155172 0.531731
0 0.399425 0.172115 0.383621 0.170192 0.372845 0.155769 0.368534 0.142308 0.368534 0.117308 0.374282 0.103846 0.382184 0.095192 0.393678 0.097115 0.404454 0.111538 0.407328 0.121154 0.405891 0.157692 0.399425 0.172115
0 0.515805 0.435577 0.505747 0.429808 0.502155 0.423077 0.502155 0.415385 0.507184 0.408654 0.515805 0.408654 0.525144 0.419231 0.525144 0.425000 0.515805 0.435577
0 0.344828 0.647115 0.335489 0.638462 0.335489 0.619231 0.338362 0.615385 0.338362 0.609615 0.356322 0.591346 0.363506 0.593269 0.369971 0.601923 0.369971 0.613462 0.363506 0.627885 0.359195 0.627885 0.352011 0.633654 0.344828 0.647115
0 0.662356 0.735577 0.649425 0.735577 0.640805 0.731731 0.635776 0.721154 0.635776 0.709615 0.645833 0.690385 0.659483 0.675962 0.666667 0.672115 0.679598 0.674038 0.688937 0.686538 0.688937 0.696154 0.684626 0.703846 0.684626 0.709615 0.668103 0.731731 0.662356 0.735577
0 0.077586 0.933654 0.070402 0.933654 0.063937 0.925000 0.052443 0.898077 0.051006 0.880769 0.063218 0.858654 0.071839 0.858654 0.084052 0.876923 0.084052 0.880769 0.089799 0.884615 0.089799 0.888462 0.085489 0.894231 0.085489 0.923077 0.077586 0.933654
0 0.000000 0.308654 0.010057 0.297115 0.025862 0.300962 0.038075 0.315385 0.040948 0.330769 0.038075 0.342308 0.033046 0.349038 0.015805 0.352885 0.003592 0.340385 0.000000 0.329808
0 0.000000 0.825962 0.010776 0.838462 0.010776 0.848077 0.000000 0.864423
0 0.998563 0.060577 0.984195 0.072115 0.972701 0.072115 0.964799 0.063462 0.961925 0.050000 0.961925 0.034615 0.974856 0.017308 0.974856 0.000000
0 0.770115 0.625962 0.755747 0.625962 0.747126 0.622115 0.742098 0.615385 0.740661 0.605769 0.744971 0.592308 0.754310 0.583654 0.765805 0.579808 0.768678 0.575962 0.785920 0.575962 0.786638 0.584615 0.789511 0.588462 0.789511 0.613462 0.781609 0.622115 0.770115 0.625962
0 0.797414 0.260577 0.790230 0.260577 0.779454 0.250000 0.780891 0.236538 0.786638 0.228846 0.789511 0.217308 0.798132 0.201923 0.803161 0.197115 0.807471 0.197115 0.815374 0.207692 0.813937 0.236538 0.811063 0.246154 0.797414 0.260577
0 0.287356 0.860577 0.272989 0.860577 0.259339 0.844231 0.256466 0.836538 0.256466 0.823077 0.261494 0.816346 0.270115 0.812500 0.283046 0.812500 0.290948 0.821154 0.292385 0.834615 0.298132 0.842308 0.298132 0.846154 0.287356 0.860577
0 0.231322 0.939423 0.225575 0.939423 0.216954 0.933654 0.209052 0.919231 0.209052 0.900000 0.213362 0.890385 0.219828 0.883654 0.237069 0.889423 0.247845 0.901923 0.249282 0.907692 0.249282 0.923077 0.246408 0.928846 0.238506 0.937500 0.231322 0.939423
0 0.308908 0.845192 0.298851 0.845192 0.292385 0.834615 0.290948 0.821154 0.303161 0.802885 0.308908 0.799038 0.329023 0.795192 0.336207 0.800962 0.339799 0.805769 0.339799 0.815385 0.336925 0.823077 0.327586 0.827885 0.308908 0.845192
0 0.541667 0.741346 0.531609 0.739423 0.528017 0.734615 0.528017 0.723077 0.558190 0.659615 0.564655 0.650962 0.570402 0.650962 0.576868 0.657692 0.581178 0.669231 0.579741 0.688462 0.565374 0.719231 0.554598 0.733654 0.541667 0.741346
0 0.965517 0.749038 0.955460 0.749038 0.951868 0.744231 0.948994 0.736538 0.948994 0.723077 0.961925 0.684615 0.974138 0.674038 0.979885 0.674038 0.984914 0.680769 0.984914 0.698077 0.977730 0.717308 0.974856 0.732692 0.965517 0.749038
0 0.673851 0.975962 0.649425 0.972115 0.642960 0.963462 0.640086 0.951923 0.642960 0.942308 0.650862 0.931731 0.672414 0.929808 0.688218 0.937500 0.694684 0.946154 0.694684 0.963462 0.686782 0.972115 0.673851 0.975962
0 0.077586 0.160577 0.066092 0.160577 0.058190 0.150000 0.053879 0.136538 0.053879 0.121154 0.066092 0.100962 0.074713 0.095192 0.084770 0.095192 0.094109 0.107692 0.094109 0.132692 0.091236 0.146154 0.077586 0.160577
0 0.431034 0.910577 0.422414 0.908654 0.415948 0.900000 0.415948 0.875000 0.420977 0.868269 0.428161 0.864423 0.442529 0.858654 0.454023 0.858654 0.460489 0.871154 0.459052 0.880769 0.442529 0.902885 0.431034 0.910577
0 0.548851 0.912500 0.535920 0.912500 0.533764 0.909615 0.535201 0.896154 0.531609 0.891346 0.520115 0.891346 0.515086 0.882692 0.516523 0.871154 0.520115 0.866346 0.528736 0.862500 0.535920 0.850962 0.547414 0.850962 0.552443 0.855769 0.549569 0.876923 0.556753 0.896154 0.555316 0.903846 0.548851 0.912500
0 0.346264 0.702885 0.331897 0.700962 0.328305 0.694231 0.328305 0.686538 0.332615 0.678846 0.335489 0.661538 0.346983 0.644231 0.346983 0.640385 0.356322 0.629808 0.363506 0.627885 0.375718 0.648077 0.375718 0.657692 0.378592 0.663462 0.365661 0.676923 0.359195 0.691346 0.346264 0.702885
0 0.800287 0.604808 0.791667 0.604808 0.789511 0.601923 0.786638 0.575000 0.798851 0.560577 0.801724 0.560577 0.810345 0.547115 0.817529 0.549038 0.826868 0.561538 0.826868 0.580769 0.818966 0.599038 0.803161 0.600962 0.800287 0.604808
0 0.403017 0.998077 0.414511 0.976923 0.418822 0.961538 0.425287 0.954808 0.429598 0.954808 0.436782 0.960577 0.443247 0.973077 0.443247 0.982692 0.438937 0.998077
0 0.277299 0.597115 0.265805 0.597115 0.260776 0.590385 0.260776 0.575000 0.274425 0.554808 0.281609 0.549038 0.290230 0.547115 0.296695 0.553846 0.295259 0.569231 0.288075 0.584615 0.277299 0.597115
0 0.531609 0.568269 0.521552 0.564423 0.517960 0.557692 0.517960 0.550000 0.530172 0.531731 0.541667 0.522115 0.553161 0.522115 0.561782 0.525962 0.566810 0.532692 0.568247 0.544231 0.561782 0.552885 0.544540 0.556731 0.531609 0.568269
0 0.919540 0.658654 0.912356 0.656731 0.905891 0.646154 0.903017 0.617308 0.904454 0.600000 0.908764 0.584615 0.919540 0.575962 0.923851 0.575962 0.933190 0.586538 0.936063 0.594231 0.937500 0.623077 0.928879 0.648077 0.919540 0.658654
0 0.425287 0.468269 0.418103 0.466346 0.411638 0.459615 0.408764 0.451923 0.410201 0.432692 0.423851 0.418269 0.459770 0.410577 0.466236 0.419231 0.464799 0.436538 0.446839 0.456731 0.425287 0.468269
0 0.350575 0.239423 0.337644 0.239423 0.334770 0.235577 0.327586 0.233654 0.321121 0.225000 0.321121 0.217308 0.313937 0.200000 0.313937 0.194231 0.321839 0.175962 0.343391 0.181731 0.368534 0.201923 0.368534 0.226923 0.359195 0.237500 0.350575 0.239423
0 0.612069 0.499038 0.604885 0.499038 0.591954 0.489423 0.581897 0.489423 0.576868 0.482692 0.572557 0.471154 0.571121 0.450000 0.580460 0.429808 0.589080 0.427885 0.602011 0.437500 0.610632 0.452885 0.620690 0.450962 0.631466 0.461538 0.631466 0.484615 0.625000 0.493269 0.614943 0.495192 0.612069 0.499038
0 0.920977 0.810577 0.906609 0.810577 0.892241 0.799038 0.881466 0.782692 0.880029 0.769231 0.893678 0.756731 0.905172 0.756731 0.915230 0.764423 0.927443 0.788462 0.927443 0.801923 0.920977 0.810577
0 0.272270 0.000000 0.275144 0.009615 0.271552 0.016346 0.265805 0.020192 0.251437 0.020192 0.239943 0.016346 0.229885 0.008654 0.224856 0.000000
0 0.998563 0.129808 0.985632 0.133654 0.978448 0.129808 0.973420 0.123077 0.973420 0.119231 0.984195 0.106731 0.998563 0.106731
0 0.998563 0.833654 0.991379 0.835577 0.985632 0.831731 0.982040 0.821154 0.983477 0.775000 0.994253 0.756731 0.998563 0.756731
0 0.400144 0.000000 0.401580 0.017308 0.398707 0.025000 0.389368 0.033654 0.376437 0.033654 0.372126 0.027885 0.366379 0.027885 0.359914 0.015385 0.359914 0.003846 0.362787 0.000000
0 0.337644 0.610577 0.316092 0.608654 0.313937 0.605769 0.313937 0.594231 0.316810 0.586538 0.324713 0.574038 0.331897 0.568269 0.341954 0.564423 0.354885 0.568269 0.359914 0.580769 0.355603 0.586538 0.355603 0.592308 0.337644 0.610577
0 0.020115 0.935577 0.012931 0.931731 0.007902 0.925000 0.006466 0.915385 0.015086 0.896154 0.012213 0.890385 0.013649 0.884615 0.021552 0.872115 0.028736 0.870192 0.038075 0.878846 0.040948 0.898077 0.038075 0.901923 0.032328 0.928846 0.020115 0.935577
0 0.897989 0.239423 0.877874 0.233654 0.874282 0.226923 0.874282 0.219231 0.877155 0.209615 0.882184 0.202885 0.893678 0.199038 0.906609 0.185577 0.910920 0.187500 0.920259 0.200000 0.921695 0.217308 0.909483 0.235577 0.897989 0.239423
0 0.193966 0.735577 0.173851 0.733654 0.170259 0.728846 0.171695 0.715385 0.186782 0.695192 0.195402 0.689423 0.208333 0.687500 0.217672 0.700000 0.216236 0.719231 0.209770 0.727885 0.193966 0.735577
0 0.867816 0.177885 0.857759 0.177885 0.854167 0.171154 0.854167 0.157692 0.857040 0.148077 0.854167 0.117308 0.864943 0.102885 0.875000 0.104808 0.880747 0.110577 0.888649 0.128846 0.888649 0.146154 0.884339 0.159615 0.877874 0.170192 0.867816 0.177885
0 0.737069 0.537500 0.727011 0.537500 0.720546 0.530769 0.720546 0.513462 0.723420 0.505769 0.738506 0.483654 0.745690 0.477885 0.757184 0.472115 0.765805 0.472115 0.772270 0.482692 0.772270 0.490385 0.766523 0.507692 0.755747 0.524038 0.737069 0.537500
0 0.699713 0.493269 0.686782 0.493269 0.677443 0.476923 0.678879 0.442308 0.686782 0.429808 0.696839 0.429808 0.706178 0.442308 0.711925 0.457692 0.710489 0.478846 0.699713 0.493269
0 0.320402 0.329808 0.313218 0.329808 0.302443 0.313462 0.301006 0.282692 0.305316 0.276923 0.306753 0.269231 0.305316 0.255769 0.301006 0.250000 0.301724 0.247115 0.311782 0.262500 0.329023 0.258654 0.338362 0.269231 0.339799 0.286538 0.335489 0.315385 0.329023 0.324038 0.320402 0.329808
0 0.687500 0.000000 0.679598 0.012500 0.670977 0.008654 0.665948 0.000000
0 0.158046 0.468269 0.117816 0.466346 0.111351 0.457692 0.111351 0.434615 0.114224 0.426923 0.119253 0.422115 0.130747 0.422115 0.156609 0.437500 0.164511 0.450000 0.164511 0.461538 0.158046 0.468269
0 0.880747 0.681731 0.872126 0.679808 0.862787 0.667308 0.855603 0.648077 0.855603 0.634615 0.858477 0.625000 0.867816 0.616346 0.880747 0.618269 0.891523 0.642308 0.891523 0.669231 0.880747 0.681731
0 0.978448 0.579808 0.966954 0.577885 0.946121 0.553846 0.943247 0.538462 0.949713 0.529808 0.956897 0.529808 0.987787 0.551923 0.990661 0.565385 0.984195 0.575962 0.978448 0.579808
0 0.033046 0.787500 0.014368 0.787500 0.006466 0.778846 0.006466 0.767308 0.009339 0.759615 0.020115 0.745192 0.027299 0.741346 0.038793 0.741346 0.047414 0.745192 0.058190 0.759615 0.058190 0.769231 0.054598 0.775962 0.033046 0.787500
0 0.106322 0.758654 0.093391 0.754808 0.085489 0.744231 0.081178 0.728846 0.082615 0.709615 0.096264 0.699038 0.109195 0.699038 0.118534 0.709615 0.119971 0.742308 0.112069 0.754808 0.106322 0.758654
0 0.511494 0.275962 0.501437 0.275962 0.494971 0.271154 0.492098 0.265385 0.492098 0.246154 0.511494 0.218269 0.530172 0.220192 0.538075 0.228846 0.538075 0.246154 0.524425 0.268269 0.511494 0.275962
0 0.392241 0.718269 0.372126 0.712500 0.364224 0.701923 0.359914 0.688462 0.365661 0.676923 0.379310 0.662500 0.393678 0.654808 0.399425 0.654808 0.411638 0.665385 0.424569 0.692308 0.424569 0.701923 0.416667 0.712500 0.392241 0.718269
0 0.875000 0.527885 0.866379 0.527885 0.852011 0.520192 0.835489 0.503846 0.828305 0.486538 0.828305 0.471154 0.834770 0.458654 0.849138 0.456731 0.871408 0.480769 0.881466 0.513462 0.880029 0.523077 0.875000 0.527885
0 0.137931 0.375962 0.125000 0.374038 0.111351 0.355769 0.114224 0.344231 0.120690 0.335577 0.136494 0.327885 0.152299 0.329808 0.159483 0.333654 0.165948 0.342308 0.164511 0.353846 0.150862 0.370192 0.137931 0.375962
