0 0.136719 0.462891 0.117188 0.462891 0.097656 0.451172 0.083984 0.429688 0.087891 0.398438 0.105469 0.380859 0.128906 0.373047 0.144531 0.373047 0.169922 0.402344 0.169922 0.437500 0.136719 0.462891
0 0.652344 0.482422 0.630859 0.472656 0.630859 0.464844 0.644531 0.455078 0.658203 0.464844 0.652344 0.482422
0 0.996094 0.775391 0.976562 0.775391 0.951172 0.753906 0.951172 0.714844 0.976562 0.697266 0.996094 0.697266
0 0.199219 0.759766 0.179688 0.755859 0.162109 0.730469 0.166016 0.707031 0.195312 0.693359 0.203125 0.693359 0.224609 0.710938 0.220703 0.746094 0.199219 0.759766
0 0.785156 0.814453 0.769531 0.814453 0.757812 0.806641 0.736328 0.785156 0.732422 0.773438 0.736328 0.746094 0.748047 0.726562 0.769531 0.708984 0.804688 0.716797 0.830078 0.742188 0.822266 0.785156 0.812500 0.794922 0.796875 0.794922 0.785156 0.814453
0 0.742188 0.322266 0.707031 0.314453 0.689453 0.292969 0.693359 0.273438 0.707031 0.259766 0.722656 0.255859 0.755859 0.273438 0.759766 0.308594 0.742188 0.322266
0 0.818359 0.996094 0.818359 0.988281 0.843750 0.970703 0.886719 0.982422 0.892578 0.996094
0 0.761719 0.958984 0.730469 0.958984 0.716797 0.945312 0.712891 0.929688 0.734375 0.896484 0.769531 0.876953 0.796875 0.873047 0.826172 0.902344 0.833984 0.925781 0.808594 0.951172 0.769531 0.951172 0.761719 0.958984
0 0.890625 0.732422 0.876953 0.726562 0.882812 0.712891 0.896484 0.718750 0.890625 0.732422
0 0.947266 0.000000 0.921875 0.017578 0.906250 0.013672 0.896484 0.000000
0 0.996094 0.193359 0.984375 0.193359 0.974609 0.179688 0.974609 0.160156 0.996094 0.146484
0 0.000000 0.646484 0.013672 0.660156 0.009766 0.691406 0.000000 0.701172
0 0.714844 0.466797 0.667969 0.458984 0.650391 0.417969 0.650391 0.406250 0.662109 0.386719 0.691406 0.361328 0.714844 0.361328 0.746094 0.376953 0.771484 0.402344 0.771484 0.437500 0.753906 0.455078 0.714844 0.466797
0 0.675781 0.599609 0.660156 0.595703 0.638672 0.574219 0.638672 0.554688 0.671875 0.529297 0.691406 0.537109 0.701172 0.550781 0.697266 0.582031 0.675781 0.599609
0 0.669922 0.000000 0.669922 0.019531 0.662109 0.035156 0.640625 0.052734 0.617188 0.052734 0.601562 0.044922 0.583984 0.015625 0.587891 0.000000
0 0.345703 0.996094 0.345703 0.984375 0.363281 0.966797 0.382812 0.958984 0.406250 0.970703 0.423828 0.996094
0 0.996094 0.697266 0.976562 0.697266 0.953125 0.712891 0.923828 0.691406 0.939453 0.656250 0.939453 0.640625 0.949219 0.634766 0.964844 0.638672 0.996094 0.666016
0 0.527344 0.271484 0.492188 0.263672 0.466797 0.230469 0.462891 0.210938 0.466797 0.191406 0.476562 0.173828 0.500000 0.158203 0.546875 0.166016 0.568359 0.187500 0.576172 0.207031 0.564453 0.250000 0.550781 0.263672 0.527344 0.271484
0 0.628906 0.763672 0.593750 0.763672 0.568359 0.730469 0.572266 0.703125 0.597656 0.681641 0.621094 0.685547 0.646484 0.710938 0.646484 0.738281 0.628906 0.763672
0 0.226562 0.369141 0.191406 0.369141 0.162109 0.347656 0.158203 0.332031 0.162109 0.292969 0.171875 0.283203 0.214844 0.279297 0.244141 0.300781 0.251953 0.316406 0.251953 0.347656 0.238281 0.365234 0.226562 0.369141
0 0.828125 0.626953 0.789062 0.623047 0.775391 0.609375 0.771484 0.589844 0.779297 0.566406 0.792969 0.552734 0.820312 0.541016 0.855469 0.541016 0.869141 0.558594 0.865234 0.589844 0.828125 0.626953
0 0.410156 0.138672 0.394531 0.138672 0.373047 0.125000 0.365234 0.074219 0.373047 0.050781 0.394531 0.033203 0.433594 0.029297 0.462891 0.054688 0.470703 0.070312 0.470703 0.089844 0.441406 0.126953 0.410156 0.138672
0 0.062500 0.357422 0.044922 0.351562 0.054688 0.337891 0.072266 0.343750 0.062500 0.357422
0 0.832031 0.294922 0.800781 0.275391 0.791016 0.265625 0.791016 0.253906 0.812500 0.228516 0.828125 0.220703 0.851562 0.220703 0.869141 0.234375 0.873047 0.253906 0.861328 0.277344 0.832031 0.294922
0 0.132812 0.642578 0.117188 0.642578 0.093750 0.626953 0.076172 0.605469 0.072266 0.582031 0.097656 0.552734 0.136719 0.548828 0.154297 0.574219 0.158203 0.601562 0.132812 0.642578
0 0.996094 0.560547 0.988281 0.568359 0.957031 0.568359 0.943359 0.554688 0.943359 0.511719 0.953125 0.494141 0.976562 0.494141 0.996094 0.513672
0 0.261719 0.994141 0.234375 0.986328 0.216797 0.968750 0.216797 0.937500 0.238281 0.912109 0.285156 0.912109 0.302734 0.941406 0.302734 0.968750 0.289062 0.978516 0.273438 0.978516 0.261719 0.994141
0 0.572266 0.996094 0.585938 0.982422 0.609375 0.978516 0.628906 0.978516 0.642578 0.996094
0 0.812500 0.099609 0.785156 0.099609 0.769531 0.091797 0.751953 0.066406 0.755859 0.042969 0.767578 0.023438 0.777344 0.013672 0.800781 0.005859 0.820312 0.009766 0.845703 0.039062 0.841797 0.078125 0.812500 0.099609
0 0.000000 0.271484 0.050781 0.271484 0.068359 0.289062 0.068359 0.312500 0.039062 0.341797 0.015625 0.349609 0.000000 0.345703
0 0.910156 0.705078 0.871094 0.705078 0.857422 0.691406 0.853516 0.636719 0.865234 0.613281 0.878906 0.603516 0.914062 0.607422 0.919922 0.625000 0.939453 0.636719 0.931641 0.679688 0.910156 0.705078
0 0.996094 0.919922 0.953125 0.935547 0.931641 0.917969 0.919922 0.890625 0.927734 0.859375 0.947266 0.835938 0.951172 0.796875 0.957031 0.791016 0.996094 0.794922
0 0.800781 0.208984 0.781250 0.208984 0.771484 0.199219 0.775391 0.183594 0.785156 0.173828 0.800781 0.173828 0.806641 0.179688 0.806641 0.203125 0.800781 0.208984
0 0.000000 0.494141 0.011719 0.478516 0.031250 0.470703 0.062500 0.470703 0.076172 0.488281 0.076172 0.519531 0.062500 0.537109 0.046875 0.537109 0.035156 0.544922 0.000000 0.521484
0 0.707031 0.212891 0.691406 0.212891 0.646484 0.179688 0.650391 0.167969 0.691406 0.126953 0.703125 0.130859 0.732422 0.164062 0.732422 0.187500 0.707031 0.212891
