0 0.132812 0.564453 0.101562 0.564453 0.072266 0.542969 0.064453 0.523438 0.064453 0.500000 0.085938 0.474609 0.128906 0.478516 0.162109 0.503906 0.166016 0.539062 0.132812 0.564453
0 0.199219 0.744141 0.167969 0.744141 0.158203 0.734375 0.158203 0.664062 0.166016 0.644531 0.187500 0.626953 0.230469 0.630859 0.248047 0.660156 0.248047 0.687500 0.224609 0.722656 0.199219 0.744141
0 0.292969 0.759766 0.265625 0.759766 0.244141 0.734375 0.259766 0.683594 0.273438 0.673828 0.281250 0.673828 0.318359 0.710938 0.318359 0.730469 0.310547 0.746094 0.292969 0.759766
0 0.398438 0.412109 0.367188 0.412109 0.351562 0.404297 0.337891 0.382812 0.337891 0.363281 0.345703 0.347656 0.367188 0.330078 0.398438 0.330078 0.419922 0.351562 0.419922 0.386719 0.398438 0.412109
0 0.341797 0.996094 0.345703 0.960938 0.363281 0.943359 0.382812 0.935547 0.402344 0.935547 0.425781 0.947266 0.443359 0.972656 0.447266 0.996094
0 0.546875 0.966797 0.523438 0.966797 0.503906 0.958984 0.482422 0.929688 0.482422 0.902344 0.490234 0.890625 0.527344 0.869141 0.550781 0.873047 0.580078 0.906250 0.580078 0.933594 0.572266 0.949219 0.546875 0.966797
0 0.218750 0.857422 0.195312 0.853516 0.181641 0.843750 0.169922 0.824219 0.169922 0.796875 0.195312 0.767578 0.222656 0.759766 0.246094 0.767578 0.271484 0.789062 0.275391 0.820312 0.242188 0.849609 0.218750 0.857422
0 0.238281 0.462891 0.207031 0.455078 0.189453 0.437500 0.173828 0.406250 0.177734 0.386719 0.195312 0.369141 0.214844 0.361328 0.253906 0.361328 0.271484 0.394531 0.271484 0.433594 0.250000 0.458984 0.238281 0.462891
0 0.056641 0.000000 0.050781 0.013672 0.031250 0.025391 0.000000 0.021484
0 0.304688 0.349609 0.257812 0.349609 0.220703 0.316406 0.212891 0.289062 0.216797 0.273438 0.234375 0.255859 0.281250 0.255859 0.318359 0.285156 0.326172 0.304688 0.326172 0.328125 0.304688 0.349609
0 0.197266 0.996094 0.214844 0.974609 0.226562 0.970703 0.253906 0.970703 0.279297 0.996094
0 0.707031 0.255859 0.675781 0.255859 0.654297 0.226562 0.654297 0.179688 0.679688 0.154297 0.714844 0.154297 0.740234 0.179688 0.740234 0.222656 0.732422 0.238281 0.707031 0.255859
0 0.343750 0.705078 0.328125 0.705078 0.294922 0.667969 0.298828 0.652344 0.320312 0.623047 0.363281 0.599609 0.386719 0.599609 0.412109 0.621094 0.416016 0.664062 0.402344 0.681641 0.343750 0.705078
0 0.164062 0.994141 0.125000 0.990234 0.103516 0.968750 0.103516 0.937500 0.111328 0.921875 0.128906 0.908203 0.156250 0.904297 0.175781 0.912109 0.197266 0.929688 0.208984 0.949219 0.205078 0.964844 0.187500 0.982422 0.164062 0.994141
0 0.832031 0.916016 0.812500 0.912109 0.806641 0.902344 0.806641 0.886719 0.820312 0.873047 0.839844 0.873047 0.849609 0.886719 0.845703 0.906250 0.832031 0.916016
0 0.746094 0.396484 0.703125 0.392578 0.677734 0.367188 0.669922 0.347656 0.677734 0.316406 0.691406 0.302734 0.718750 0.291016 0.750000 0.298828 0.767578 0.328125 0.767578 0.375000 0.746094 0.396484
0 0.136719 0.740234 0.105469 0.736328 0.091797 0.722656 0.083984 0.703125 0.083984 0.667969 0.091797 0.652344 0.117188 0.630859 0.144531 0.630859 0.150391 0.636719 0.150391 0.726562 0.136719 0.740234
0 0.253906 0.138672 0.218750 0.134766 0.201172 0.109375 0.201172 0.089844 0.218750 0.060547 0.257812 0.044922 0.283203 0.058594 0.291016 0.074219 0.291016 0.101562 0.283203 0.117188 0.253906 0.138672
0 0.093750 0.380859 0.050781 0.376953 0.033203 0.359375 0.033203 0.343750 0.025391 0.335938 0.025391 0.312500 0.031250 0.306641 0.078125 0.302734 0.115234 0.332031 0.115234 0.359375 0.093750 0.380859
0 0.000000 0.611328 0.025391 0.632812 0.033203 0.648438 0.025391 0.695312 0.000000 0.712891
0 0.220703 0.000000 0.203125 0.021484 0.187500 0.029297 0.148438 0.029297 0.126953 0.011719 0.123047 0.000000
0 0.308594 0.955078 0.273438 0.955078 0.244141 0.925781 0.248047 0.882812 0.261719 0.865234 0.285156 0.853516 0.316406 0.861328 0.333984 0.882812 0.333984 0.933594 0.324219 0.947266 0.308594 0.955078
0 0.128906 0.322266 0.113281 0.322266 0.076172 0.285156 0.101562 0.255859 0.113281 0.251953 0.140625 0.255859 0.158203 0.273438 0.154297 0.300781 0.128906 0.322266
0 0.000000 0.044922 0.025391 0.058594 0.037109 0.082031 0.029297 0.117188 0.000000 0.134766
