0 0.531250 0.615234 0.515625 0.615234 0.486328 0.589844 0.486328 0.554688 0.492188 0.548828 0.511719 0.548828 0.548828 0.589844 0.548828 0.601562 0.531250 0.615234
0 0.164062 0.701172 0.144531 0.701172 0.126953 0.683594 0.126953 0.671875 0.140625 0.650391 0.171875 0.642578 0.189453 0.656250 0.193359 0.675781 0.164062 0.701172
0 0.089844 0.783203 0.058594 0.783203 0.041016 0.765625 0.042969 0.728516 0.070312 0.724609 0.083984 0.734375 0.099609 0.757812 0.099609 0.769531 0.089844 0.783203
0 0.822266 0.000000 0.826172 0.035156 0.800781 0.056641 0.769531 0.056641 0.761719 0.048828 0.740234 0.023438 0.744141 0.000000
0 0.785156 0.888672 0.761719 0.880859 0.740234 0.859375 0.757812 0.826172 0.781250 0.826172 0.798828 0.851562 0.798828 0.875000 0.785156 0.888672
0 0.623047 0.000000 0.632812 0.001953 0.650391 0.019531 0.650391 0.042969 0.640625 0.052734 0.617188 0.048828 0.599609 0.027344 0.603516 0.007812 0.615234 0.000000
0 0.562500 0.830078 0.541016 0.824219 0.548828 0.800781 0.566406 0.787109 0.582031 0.787109 0.585938 0.802734 0.589844 0.791016 0.591797 0.804688 0.562500 0.830078
0 0.433594 0.794922 0.417969 0.794922 0.400391 0.785156 0.396484 0.738281 0.410156 0.716797 0.425781 0.708984 0.445312 0.708984 0.466797 0.730469 0.470703 0.757812 0.462891 0.773438 0.433594 0.794922
0 0.769531 0.908203 0.730469 0.908203 0.718750 0.900391 0.708984 0.886719 0.708984 0.867188 0.718750 0.857422 0.746094 0.861328 0.761719 0.880859 0.779297 0.886719 0.779297 0.898438 0.769531 0.908203
0 0.230469 0.412109 0.197266 0.398438 0.197266 0.375000 0.207031 0.365234 0.238281 0.365234 0.244141 0.371094 0.244141 0.394531 0.230469 0.412109
0 0.152344 0.837891 0.138672 0.832031 0.144531 0.818359 0.158203 0.824219 0.152344 0.837891
0 0.351562 0.439453 0.337891 0.433594 0.343750 0.419922 0.357422 0.425781 0.351562 0.439453
0 0.316406 0.896484 0.298828 0.894531 0.291016 0.882812 0.291016 0.863281 0.304688 0.845703 0.332031 0.841797 0.341797 0.847656 0.345703 0.867188 0.316406 0.896484
0 0.460938 0.951172 0.453125 0.951172 0.427734 0.925781 0.427734 0.917969 0.445312 0.904297 0.464844 0.908203 0.478516 0.929688 0.460938 0.951172
0 0.429688 0.248047 0.414062 0.244141 0.400391 0.226562 0.404297 0.195312 0.417969 0.181641 0.441406 0.185547 0.451172 0.199219 0.451172 0.230469 0.429688 0.248047
0 0.371094 0.525391 0.359375 0.525391 0.341797 0.507812 0.341797 0.488281 0.359375 0.466797 0.382812 0.466797 0.396484 0.488281 0.396484 0.500000 0.384766 0.519531 0.371094 0.525391
0 0.574219 0.599609 0.560547 0.593750 0.566406 0.580078 0.580078 0.585938 0.574219 0.599609
0 0.804688 0.615234 0.792969 0.615234 0.779297 0.601562 0.779297 0.574219 0.785156 0.564453 0.804688 0.564453 0.810547 0.570312 0.814453 0.609375 0.804688 0.615234
0 0.406250 0.990234 0.392578 0.976562 0.388672 0.957031 0.414062 0.947266 0.435547 0.960938 0.406250 0.990234
0 0.408203 0.996094 0.408203 0.984375 0.429688 0.962891 0.447266 0.980469 0.451172 0.996094
0 0.691406 0.564453 0.660156 0.560547 0.658203 0.546875 0.646484 0.539062 0.646484 0.527344 0.667969 0.505859 0.687500 0.501953 0.712891 0.511719 0.716797 0.542969 0.691406 0.564453
0 0.996094 0.314453 0.976562 0.326172 0.964844 0.326172 0.945312 0.318359 0.935547 0.304688 0.935547 0.296875 0.949219 0.283203 0.988281 0.283203 0.996094 0.291016
0 0.648438 0.451172 0.617188 0.447266 0.599609 0.417969 0.603516 0.382812 0.632812 0.361328 0.664062 0.365234 0.677734 0.386719 0.677734 0.421875 0.648438 0.451172
0 0.996094 0.232422 0.976562 0.228516 0.958984 0.199219 0.958984 0.183594 0.972656 0.166016 0.984375 0.158203 0.996094 0.162109
0 0.261719 0.427734 0.242188 0.427734 0.228516 0.417969 0.244141 0.394531 0.246094 0.373047 0.253906 0.373047 0.271484 0.390625 0.271484 0.417969 0.261719 0.427734
0 0.296875 0.638672 0.277344 0.638672 0.267578 0.628906 0.267578 0.609375 0.292969 0.580078 0.312500 0.580078 0.326172 0.601562 0.322266 0.613281 0.296875 0.638672
0 0.269531 0.162109 0.242188 0.154297 0.236328 0.132812 0.257812 0.111328 0.285156 0.111328 0.294922 0.121094 0.294922 0.136719 0.269531 0.162109
0 0.218750 0.908203 0.199219 0.904297 0.181641 0.882812 0.185547 0.863281 0.207031 0.845703 0.222656 0.849609 0.236328 0.867188 0.236328 0.882812 0.218750 0.908203
0 0.851562 0.591797 0.839844 0.591797 0.818359 0.574219 0.818359 0.550781 0.828125 0.537109 0.863281 0.541016 0.873047 0.550781 0.873047 0.578125 0.851562 0.591797
0 0.289062 0.408203 0.275391 0.402344 0.281250 0.388672 0.294922 0.394531 0.289062 0.408203
0 0.699219 0.634766 0.662109 0.613281 0.666016 0.597656 0.703125 0.572266 0.734375 0.572266 0.744141 0.589844 0.744141 0.609375 0.730469 0.615234 0.722656 0.626953 0.699219 0.634766
0 0.277344 0.775391 0.265625 0.775391 0.248047 0.761719 0.251953 0.738281 0.265625 0.720703 0.289062 0.720703 0.306641 0.738281 0.306641 0.757812 0.292969 0.771484 0.277344 0.775391
0 0.097656 0.986328 0.082031 0.986328 0.068359 0.968750 0.068359 0.945312 0.085938 0.923828 0.101562 0.923828 0.115234 0.933594 0.111328 0.972656 0.097656 0.986328
0 0.835938 0.794922 0.808594 0.791016 0.783203 0.765625 0.779297 0.734375 0.792969 0.720703 0.835938 0.716797 0.849609 0.726562 0.861328 0.757812 0.861328 0.777344 0.855469 0.787109 0.835938 0.794922
0 0.050781 0.119141 0.037109 0.113281 0.042969 0.099609 0.056641 0.105469 0.050781 0.119141
0 0.625000 0.283203 0.585938 0.279297 0.572266 0.265625 0.572266 0.246094 0.585938 0.224609 0.613281 0.220703 0.630859 0.238281 0.630859 0.277344 0.625000 0.283203
0 0.000000 0.896484 0.009766 0.906250 0.009766 0.949219 0.000000 0.966797
0 0.140625 0.544922 0.115234 0.527344 0.111328 0.496094 0.136719 0.466797 0.160156 0.466797 0.185547 0.492188 0.185547 0.519531 0.164062 0.541016 0.140625 0.544922
0 0.117188 0.115234 0.070312 0.107422 0.060547 0.089844 0.060547 0.074219 0.093750 0.052734 0.125000 0.068359 0.134766 0.082031 0.134766 0.097656 0.117188 0.115234
0 0.480469 0.982422 0.468750 0.978516 0.451172 0.953125 0.468750 0.947266 0.478516 0.929688 0.488281 0.927734 0.501953 0.964844 0.492188 0.978516 0.480469 0.982422
0 0.492188 0.416016 0.472656 0.416016 0.462891 0.406250 0.451172 0.359375 0.472656 0.333984 0.507812 0.330078 0.525391 0.347656 0.525391 0.378906 0.517578 0.398438 0.492188 0.416016
0 0.201172 0.996094 0.201172 0.984375 0.214844 0.970703 0.234375 0.974609 0.244141 0.996094
