0 0.938218 0.333654 0.929598 0.333654 0.923851 0.329808 0.915230 0.322115 0.904454 0.305769 0.898707 0.288462 0.898707 0.278846 0.903017 0.265385 0.909483 0.258654 0.923851 0.258654 0.933908 0.264423 0.944684 0.276923 0.953305 0.296154 0.951868 0.315385 0.947557 0.325000 0.938218 0.333654
0 0.741379 0.952885 0.724138 0.949038 0.716236 0.938462 0.714799 0.923077 0.717672 0.915385 0.727011 0.904808 0.737069 0.904808 0.750000 0.916346 0.755029 0.926923 0.752155 0.940385 0.741379 0.952885
0 0.222701 0.527885 0.208333 0.527885 0.196839 0.522115 0.186063 0.505769 0.186063 0.486538 0.192529 0.479808 0.214080 0.472115 0.231322 0.470192 0.239943 0.474038 0.246408 0.484615 0.246408 0.498077 0.243534 0.505769 0.232759 0.520192 0.222701 0.527885
0 0.260057 0.818269 0.239943 0.816346 0.232040 0.803846 0.232040 0.786538 0.241379 0.772115 0.252874 0.772115 0.256466 0.776923 0.263649 0.796154 0.260057 0.818269
0 0.672414 0.293269 0.656609 0.293269 0.647989 0.289423 0.632902 0.273077 0.631466 0.255769 0.637931 0.241346 0.646552 0.237500 0.653736 0.239423 0.660920 0.243269 0.667385 0.251923 0.677443 0.273077 0.677443 0.284615 0.672414 0.293269
0 0.962644 0.452885 0.946839 0.450962 0.935345 0.443269 0.931753 0.434615 0.931753 0.426923 0.934626 0.421154 0.942529 0.414423 0.978448 0.414423 0.985632 0.418269 0.990661 0.430769 0.987787 0.442308 0.979885 0.449038 0.962644 0.452885
0 0.747126 0.724038 0.739943 0.724038 0.734914 0.715385 0.737787 0.682692 0.742098 0.671154 0.751437 0.658654 0.761494 0.656731 0.767960 0.665385 0.770833 0.676923 0.769397 0.694231 0.765086 0.705769 0.747126 0.724038
0 0.629310 0.693269 0.619253 0.689423 0.612787 0.678846 0.611351 0.650000 0.617098 0.634615 0.627874 0.620192 0.637931 0.616346 0.644397 0.623077 0.645833 0.636538 0.637213 0.684615 0.633621 0.691346 0.629310 0.693269
0 0.389368 0.347115 0.369253 0.343269 0.351293 0.323077 0.344109 0.300000 0.344109 0.282692 0.352011 0.268269 0.364943 0.266346 0.377874 0.272115 0.389368 0.281731 0.398707 0.294231 0.404454 0.309615 0.405891 0.323077 0.403017 0.334615 0.396552 0.343269 0.389368 0.347115
0 0.544540 0.345192 0.538793 0.343269 0.535201 0.336538 0.535201 0.325000 0.539511 0.313462 0.547414 0.302885 0.551724 0.302885 0.566092 0.289423 0.580460 0.289423 0.586925 0.300000 0.586925 0.307692 0.582615 0.317308 0.566092 0.335577 0.544540 0.345192
0 0.875000 0.468269 0.863506 0.466346 0.849856 0.448077 0.841236 0.430769 0.838362 0.423077 0.838362 0.407692 0.843391 0.399038 0.849138 0.397115 0.860632 0.400962 0.875718 0.419231 0.881466 0.434615 0.882902 0.455769 0.875000 0.468269
0 0.336207 0.789423 0.324713 0.789423 0.318247 0.776923 0.316810 0.765385 0.328305 0.725000 0.331897 0.720192 0.340517 0.716346 0.344828 0.718269 0.351293 0.728846 0.352730 0.746154 0.346983 0.778846 0.336207 0.789423
0 0.186782 0.581731 0.178161 0.581731 0.167385 0.571154 0.164511 0.563462 0.164511 0.551923 0.170977 0.541346 0.185345 0.533654 0.201149 0.533654 0.205460 0.537500 0.216954 0.539423 0.220546 0.544231 0.220546 0.550000 0.215517 0.558654 0.201149 0.564423 0.186782 0.581731
0 0.873563 0.199038 0.852011 0.197115 0.829023 0.183654 0.821121 0.169231 0.822557 0.151923 0.829023 0.143269 0.839080 0.137500 0.853448 0.137500 0.872126 0.149038 0.882902 0.163462 0.885776 0.171154 0.882902 0.190385 0.873563 0.199038
0 0.658046 0.743269 0.649425 0.743269 0.642960 0.734615 0.641523 0.701923 0.648707 0.671154 0.653017 0.661538 0.660920 0.652885 0.669540 0.652885 0.673132 0.657692 0.673132 0.671154 0.676006 0.682692 0.671695 0.692308 0.667385 0.728846 0.658046 0.743269
0 0.623563 0.410577 0.606322 0.410577 0.601293 0.403846 0.601293 0.396154 0.614943 0.370192 0.626437 0.364423 0.635776 0.373077 0.637213 0.394231 0.627874 0.408654 0.623563 0.410577
0 0.064655 0.556731 0.053161 0.556731 0.034483 0.549038 0.028017 0.538462 0.029454 0.526923 0.040230 0.516346 0.051724 0.512500 0.068966 0.508654 0.081897 0.512500 0.089799 0.525000 0.086925 0.540385 0.077586 0.550962 0.064655 0.556731
0 0.827586 0.795192 0.813218 0.795192 0.806753 0.786538 0.805316 0.763462 0.808190 0.753846 0.816092 0.743269 0.821839 0.739423 0.840517 0.737500 0.848420 0.748077 0.848420 0.769231 0.845546 0.778846 0.836207 0.791346 0.827586 0.795192
0 0.363506 0.479808 0.352011 0.477885 0.329741 0.453846 0.323994 0.438462 0.327586 0.427885 0.334770 0.422115 0.343391 0.422115 0.354885 0.429808 0.365661 0.444231 0.369971 0.455769 0.369971 0.469231 0.368534 0.475000 0.363506 0.479808
0 0.341954 0.558654 0.324713 0.554808 0.314655 0.547115 0.305316 0.534615 0.303879 0.519231 0.310345 0.508654 0.316092 0.504808 0.330460 0.506731 0.341954 0.514423 0.349856 0.525000 0.352730 0.532692 0.352730 0.548077 0.341954 0.558654
0 0.718391 0.535577 0.711207 0.535577 0.706178 0.530769 0.704741 0.523077 0.707615 0.509615 0.727011 0.479808 0.739943 0.472115 0.747845 0.482692 0.744971 0.498077 0.734914 0.523077 0.729885 0.529808 0.718391 0.535577
0 0.637931 0.575962 0.630747 0.575962 0.628592 0.573077 0.628592 0.544231 0.635776 0.525000 0.642960 0.513462 0.649425 0.504808 0.658046 0.502885 0.663075 0.511538 0.658764 0.534615 0.660201 0.540385 0.648707 0.563462 0.637931 0.575962
0 0.998563 0.045192 0.992098 0.038462 0.987787 0.026923 0.982040 0.000000
0 0.500000 0.781731 0.494253 0.779808 0.489224 0.773077 0.487787 0.757692 0.490661 0.748077 0.501437 0.733654 0.508621 0.731731 0.516523 0.738462 0.519397 0.753846 0.513649 0.769231 0.505747 0.779808 0.500000 0.781731
0 0.117816 0.408654 0.113506 0.408654 0.107040 0.401923 0.108477 0.386538 0.127874 0.356731 0.145115 0.343269 0.152299 0.345192 0.155891 0.350000 0.154454 0.367308 0.140805 0.381731 0.123563 0.406731 0.117816 0.408654
0 0.817529 0.600962 0.808908 0.600962 0.803879 0.594231 0.803879 0.584615 0.808190 0.573077 0.820402 0.556731 0.833333 0.550962 0.839799 0.557692 0.839799 0.565385 0.829741 0.590385 0.824713 0.597115 0.817529 0.600962
0 0.000000 0.575962 0.007184 0.575962 0.020115 0.583654 0.026580 0.592308 0.030891 0.603846 0.030891 0.611538 0.020115 0.620192 0.007184 0.620192 0.000000 0.616346
0 0.616379 0.200962 0.606322 0.200962 0.601293 0.194231 0.598420 0.184615 0.595546 0.155769 0.598420 0.144231 0.603448 0.137500 0.610632 0.137500 0.622845 0.159615 0.625718 0.192308 0.616379 0.200962
0 0.323994 0.998077 0.326868 0.984615 0.331897 0.977885 0.339080 0.974038 0.344828 0.975962 0.352730 0.986538 0.355603 0.998077
0 0.195402 0.254808 0.186782 0.252885 0.177443 0.240385 0.178879 0.203846 0.190374 0.190385 0.198276 0.170192 0.211207 0.170192 0.216236 0.176923 0.214799 0.198077 0.207615 0.217308 0.200431 0.226923 0.201868 0.246154 0.195402 0.254808
0 0.586207 0.100962 0.579023 0.100962 0.571121 0.092308 0.568247 0.084615 0.568247 0.061538 0.572557 0.048077 0.579023 0.039423 0.591954 0.033654 0.605603 0.046154 0.607040 0.071154 0.602730 0.084615 0.594828 0.095192 0.586207 0.100962
0 0.998563 0.125962 0.979885 0.125962 0.971983 0.115385 0.973420 0.101923 0.981322 0.093269 0.998563 0.093269
0 0.577586 0.935577 0.571839 0.931731 0.567529 0.933654 0.563937 0.928846 0.563937 0.913462 0.569684 0.901923 0.577586 0.893269 0.587644 0.887500 0.597701 0.887500 0.602730 0.898077 0.598420 0.915385 0.589080 0.929808 0.577586 0.935577
0 0.857040 0.000000 0.869971 0.028846 0.869971 0.040385 0.860632 0.050962 0.844828 0.050962 0.832615 0.038462 0.823994 0.021154 0.823994 0.009615 0.826868 0.000000
0 0.757184 0.075962 0.742816 0.074038 0.739224 0.067308 0.737787 0.053846 0.740661 0.044231 0.751437 0.029808 0.764368 0.027885 0.779454 0.044231 0.780891 0.063462 0.775862 0.070192 0.768678 0.070192 0.757184 0.075962
0 0.000000 0.202885 0.010057 0.210577 0.022270 0.226923 0.025144 0.234615 0.025144 0.248077 0.020115 0.256731 0.014368 0.260577 0.000000 0.258654
0 0.176724 0.837500 0.165230 0.837500 0.151580 0.817308 0.151580 0.805769 0.154454 0.798077 0.166667 0.783654 0.178161 0.777885 0.189655 0.777885 0.201868 0.792308 0.201868 0.803846 0.192529 0.822115 0.183908 0.833654 0.176724 0.837500
0 0.801006 0.000000 0.801006 0.019231 0.793103 0.027885 0.781609 0.027885 0.774425 0.024038 0.757902 0.003846 0.757902 0.000000
0 0.308908 0.731731 0.303161 0.731731 0.298132 0.725000 0.298132 0.700000 0.305316 0.671154 0.317529 0.654808 0.323276 0.652885 0.331178 0.661538 0.331178 0.669231 0.319684 0.713462 0.308908 0.731731
0 0.030172 0.449038 0.020115 0.449038 0.015086 0.444231 0.012213 0.428846 0.016523 0.419231 0.016523 0.413462 0.025862 0.400962 0.047414 0.385577 0.058908 0.385577 0.065374 0.394231 0.065374 0.403846 0.061063 0.415385 0.056034 0.422115 0.047414 0.425962 0.030172 0.449038
0 0.197557 0.998077 0.191810 0.976923 0.191810 0.959615 0.193247 0.944231 0.199713 0.933654 0.211207 0.935577 0.220546 0.953846 0.224856 0.975000 0.224856 0.998077
0 0.616379 0.802885 0.607759 0.802885 0.596983 0.794231 0.594109 0.784615 0.594109 0.771154 0.600575 0.760577 0.614943 0.760577 0.625718 0.773077 0.627155 0.790385 0.616379 0.802885
0 0.942529 0.891346 0.929598 0.889423 0.911638 0.865385 0.910201 0.842308 0.915230 0.831731 0.920977 0.827885 0.929598 0.827885 0.940374 0.840385 0.948994 0.869231 0.947557 0.884615 0.942529 0.891346
0 0.545977 0.891346 0.540230 0.889423 0.530891 0.876923 0.530891 0.867308 0.541667 0.849038 0.548851 0.843269 0.561782 0.839423 0.568247 0.846154 0.568247 0.859615 0.558190 0.880769 0.545977 0.891346
0 0.000000 0.624038 0.010057 0.627885 0.015086 0.638462 0.012213 0.653846 0.000000 0.670192
0 0.192529 0.722115 0.181034 0.722115 0.168822 0.709615 0.167385 0.690385 0.175287 0.675962 0.182471 0.674038 0.193247 0.680769 0.193247 0.686538 0.197557 0.694231 0.198994 0.711538 0.192529 0.722115
0 0.676006 0.000000 0.674569 0.007692 0.668103 0.014423 0.659483 0.014423 0.653017 0.007692 0.650144 0.000000
0 0.897270 0.000000 0.892960 0.021154 0.885057 0.029808 0.877874 0.029808 0.869971 0.021154 0.869971 0.000000
0 0.728448 0.662500 0.721264 0.658654 0.714799 0.650000 0.713362 0.630769 0.724138 0.616346 0.739943 0.614423 0.749282 0.625000 0.749282 0.636538 0.737069 0.656731 0.728448 0.662500
0 0.739943 0.891346 0.732759 0.891346 0.726293 0.886538 0.724856 0.861538 0.720546 0.855769 0.727730 0.825000 0.732759 0.820192 0.741379 0.820192 0.745690 0.824038 0.750718 0.832692 0.753592 0.848077 0.753592 0.863462 0.749282 0.882692 0.739943 0.891346
0 0.522270 0.998077 0.523707 0.984615 0.530172 0.977885 0.540230 0.977885 0.545977 0.983654 0.553161 0.985577 0.560345 0.991346 0.563937 0.998077
0 0.515805 0.181731 0.500000 0.179808 0.484914 0.159615 0.479167 0.138462 0.484195 0.129808 0.488506 0.125962 0.505747 0.125962 0.507902 0.128846 0.510776 0.138462 0.522270 0.153846 0.522270 0.161538 0.515086 0.175000 0.515805 0.181731
0 0.714080 0.602885 0.702586 0.602885 0.693247 0.592308 0.691810 0.573077 0.695402 0.566346 0.708333 0.558654 0.734195 0.558654 0.744971 0.567308 0.746408 0.578846 0.739943 0.589423 0.714080 0.602885
0 0.179598 0.202885 0.173851 0.200962 0.170259 0.196154 0.165948 0.182692 0.165948 0.144231 0.173851 0.131731 0.188218 0.131731 0.198994 0.146154 0.200431 0.161538 0.194684 0.182692 0.179598 0.202885
0 0.942529 0.114423 0.925287 0.110577 0.920259 0.103846 0.917385 0.094231 0.921695 0.076923 0.938218 0.058654 0.942529 0.058654 0.948994 0.065385 0.951868 0.082692 0.948994 0.107692 0.942529 0.114423
0 0.533764 0.000000 0.530891 0.013462 0.525862 0.020192 0.517241 0.020192 0.510776 0.011538 0.509339 0.000000
0 0.425287 0.908654 0.416667 0.908654 0.407328 0.901923 0.405891 0.863462 0.410201 0.851923 0.419540 0.839423 0.431034 0.837500 0.437500 0.844231 0.441810 0.853846 0.443247 0.880769 0.438937 0.896154 0.432471 0.904808 0.425287 0.908654
0 0.257902 0.998077 0.257902 0.976923 0.262213 0.959615 0.269397 0.948077 0.279454 0.923077 0.285920 0.916346 0.290230 0.916346 0.296695 0.925000 0.298132 0.940385 0.289511 0.984615 0.282328 0.998077
0 0.140805 0.637500 0.120690 0.635577 0.111351 0.626923 0.109914 0.607692 0.117816 0.593269 0.133621 0.591346 0.147270 0.605769 0.147270 0.628846 0.140805 0.637500
0 0.099138 0.770192 0.076149 0.770192 0.067529 0.766346 0.063937 0.755769 0.070402 0.745192 0.093391 0.735577 0.109195 0.737500 0.121408 0.748077 0.121408 0.755769 0.117816 0.760577 0.110632 0.766346 0.099138 0.770192
0 0.685345 0.864423 0.679598 0.864423 0.674569 0.857692 0.671695 0.821154 0.678161 0.804808 0.695402 0.797115 0.703305 0.803846 0.704741 0.815385 0.696121 0.836538 0.691810 0.855769 0.685345 0.864423
0 0.635057 0.174038 0.627874 0.174038 0.625718 0.171154 0.622845 0.144231 0.635057 0.120192 0.646552 0.118269 0.655891 0.126923 0.657328 0.138462 0.653017 0.151923 0.635057 0.174038
0 0.461207 0.985577 0.451149 0.981731 0.438937 0.961538 0.438937 0.948077 0.448276 0.933654 0.454023 0.929808 0.464080 0.929808 0.471264 0.933654 0.480603 0.950000 0.479167 0.973077 0.471264 0.981731 0.461207 0.985577
0 0.531609 0.466346 0.525862 0.464423 0.519397 0.453846 0.520833 0.432692 0.528017 0.415385 0.543103 0.393269 0.553161 0.391346 0.555316 0.394231 0.553879 0.434615 0.546695 0.450000 0.531609 0.466346
0 0.290230 0.254808 0.272989 0.250962 0.263649 0.238462 0.259339 0.223077 0.259339 0.192308 0.262213 0.184615 0.263649 0.165385 0.266523 0.157692 0.271552 0.152885 0.277299 0.152885 0.282328 0.159615 0.299569 0.223077 0.298132 0.242308 0.290230 0.254808
0 0.431034 0.514423 0.423851 0.512500 0.415948 0.500000 0.414511 0.486538 0.417385 0.476923 0.429598 0.460577 0.435345 0.456731 0.456897 0.456731 0.461925 0.465385 0.461925 0.480769 0.457615 0.492308 0.442529 0.510577 0.431034 0.514423
0 0.640805 0.452885 0.635057 0.452885 0.628592 0.448077 0.625718 0.440385 0.625718 0.430769 0.628592 0.421154 0.637213 0.411538 0.638649 0.403846 0.650862 0.387500 0.656609 0.387500 0.658764 0.390385 0.658764 0.413462 0.655891 0.432692 0.640805 0.452885
0 0.706897 0.922115 0.696839 0.922115 0.694684 0.919231 0.694684 0.911538 0.703305 0.867308 0.713362 0.844231 0.719828 0.841346 0.723420 0.844231 0.720546 0.855769 0.724856 0.861538 0.727730 0.890385 0.711925 0.909615 0.710489 0.917308 0.706897 0.922115
0 0.375000 0.835577 0.364943 0.835577 0.357040 0.825000 0.354167 0.817308 0.354167 0.803846 0.364224 0.767308 0.373563 0.754808 0.387931 0.747115 0.392241 0.749038 0.398707 0.759615 0.400144 0.784615 0.392960 0.811538 0.375000 0.835577
0 0.543103 0.814423 0.535920 0.814423 0.528017 0.805769 0.529454 0.784615 0.543103 0.766346 0.557471 0.764423 0.562500 0.773077 0.559626 0.798077 0.543103 0.814423
0 0.930316 0.000000 0.931753 0.007692 0.927443 0.021154 0.919540 0.031731 0.915230 0.033654 0.909483 0.031731 0.903017 0.021154 0.903017 0.000000
0 0.452586 0.195192 0.432471 0.191346 0.419540 0.183654 0.408764 0.167308 0.408764 0.148077 0.415230 0.143269 0.425287 0.145192 0.456897 0.166346 0.463362 0.176923 0.463362 0.186538 0.458333 0.193269 0.452586 0.195192
0 0.998563 0.772115 0.991379 0.774038 0.972701 0.764423 0.966236 0.755769 0.961925 0.736538 0.963362 0.721154 0.969828 0.714423 0.981322 0.712500 0.988506 0.718269 0.998563 0.714423
0 0.893678 0.656731 0.885057 0.656731 0.881466 0.651923 0.878592 0.625000 0.889368 0.608654 0.896552 0.604808 0.906609 0.604808 0.915948 0.615385 0.915948 0.632692 0.906609 0.647115 0.893678 0.656731
0 0.908046 0.564423 0.900862 0.562500 0.897270 0.557692 0.895833 0.550000 0.903017 0.521154 0.913793 0.506731 0.926724 0.502885 0.938218 0.504808 0.944684 0.515385 0.941810 0.530769 0.915230 0.560577 0.908046 0.564423
0 0.534483 0.216346 0.524425 0.216346 0.517960 0.207692 0.515086 0.198077 0.515086 0.175000 0.520115 0.164423 0.525862 0.166346 0.535920 0.160577 0.544540 0.160577 0.552443 0.169231 0.553879 0.184615 0.543822 0.205769 0.534483 0.216346
0 0.250000 0.862500 0.238506 0.860577 0.229167 0.840385 0.229167 0.828846 0.237069 0.812500 0.239943 0.816346 0.257184 0.816346 0.267960 0.830769 0.265086 0.850000 0.260057 0.856731 0.250000 0.862500
0 0.442529 0.747115 0.432471 0.747115 0.427443 0.740385 0.424569 0.730769 0.426006 0.694231 0.428879 0.682692 0.436782 0.672115 0.448276 0.672115 0.454741 0.680769 0.459052 0.700000 0.456178 0.725000 0.451868 0.736538 0.442529 0.747115
0 0.998563 0.916346 0.992098 0.907692 0.989224 0.892308 0.990661 0.880769 0.998563 0.870192
0 0.479885 0.270192 0.461207 0.268269 0.448276 0.260577 0.440374 0.248077 0.440374 0.238462 0.448276 0.229808 0.469828 0.229808 0.492816 0.237500 0.499282 0.248077 0.496408 0.259615 0.489943 0.266346 0.479885 0.270192
0 0.758621 0.412500 0.752874 0.410577 0.747845 0.403846 0.747845 0.392308 0.753592 0.373077 0.763649 0.355769 0.770115 0.349038 0.774425 0.349038 0.780891 0.355769 0.783764 0.363462 0.783764 0.378846 0.778017 0.396154 0.771552 0.404808 0.758621 0.412500
0 0.212644 0.104808 0.201149 0.102885 0.194684 0.086538 0.196121 0.046154 0.205460 0.029808 0.214080 0.031731 0.220546 0.046154 0.219109 0.092308 0.212644 0.104808
0 0.216954 0.174038 0.211925 0.171154 0.214080 0.164423 0.219109 0.167308 0.216954 0.174038
0 0.711207 0.233654 0.695402 0.231731 0.684626 0.215385 0.681753 0.207692 0.681753 0.190385 0.686782 0.181731 0.705460 0.179808 0.711925 0.186538 0.717672 0.201923 0.717672 0.215385 0.714799 0.221154 0.714799 0.228846 0.711207 0.233654
0 0.142241 0.462500 0.125000 0.462500 0.119253 0.458654 0.112787 0.448077 0.112787 0.436538 0.119253 0.424038 0.142241 0.404808 0.158046 0.402885 0.171695 0.421154 0.170259 0.436538 0.160920 0.452885 0.142241 0.462500
0 0.461925 0.000000 0.469109 0.019231 0.469109 0.025000 0.464080 0.033654 0.454023 0.033654 0.448276 0.029808 0.438937 0.017308 0.434626 0.000000
0 0.808908 0.285577 0.801724 0.285577 0.793103 0.279808 0.772270 0.255769 0.762213 0.230769 0.762213 0.223077 0.765805 0.216346 0.771552 0.214423 0.781609 0.220192 0.801006 0.244231 0.812500 0.269231 0.812500 0.280769 0.808908 0.285577
0 0.281609 0.643269 0.274425 0.643269 0.262213 0.626923 0.256466 0.611538 0.256466 0.588462 0.265805 0.575962 0.275862 0.575962 0.281609 0.579808 0.290948 0.592308 0.295259 0.605769 0.295259 0.623077 0.290948 0.634615 0.281609 0.643269
0 0.734195 0.139423 0.719828 0.139423 0.709770 0.133654 0.697557 0.121154 0.694684 0.115385 0.693247 0.101923 0.698276 0.095192 0.709770 0.087500 0.734195 0.100962 0.740661 0.115385 0.740661 0.128846 0.734195 0.139423
0 0.265805 0.927885 0.258621 0.927885 0.250718 0.917308 0.249282 0.898077 0.256466 0.880769 0.265805 0.866346 0.277299 0.862500 0.282328 0.869231 0.280891 0.898077 0.276580 0.913462 0.265805 0.927885
0 0.589080 0.481731 0.573276 0.481731 0.565374 0.473077 0.565374 0.467308 0.577586 0.447115 0.587644 0.441346 0.593391 0.441346 0.601293 0.448077 0.604167 0.455769 0.604167 0.467308 0.594828 0.479808 0.589080 0.481731
0 0.721264 0.424038 0.715517 0.424038 0.707615 0.415385 0.704741 0.403846 0.704741 0.390385 0.711925 0.365385 0.722701 0.350962 0.734195 0.349038 0.739224 0.359615 0.737787 0.382692 0.729167 0.411538 0.721264 0.424038
0 0.844828 0.741346 0.840517 0.737500 0.823276 0.739423 0.815374 0.725000 0.816810 0.715385 0.823994 0.701923 0.830460 0.693269 0.837644 0.689423 0.852011 0.689423 0.862787 0.703846 0.857040 0.725000 0.844828 0.741346
0 0.534483 0.643269 0.521552 0.643269 0.516523 0.636538 0.515086 0.628846 0.517960 0.619231 0.535920 0.599038 0.554598 0.591346 0.563937 0.603846 0.562500 0.617308 0.551724 0.631731 0.534483 0.643269
0 0.701149 0.710577 0.693966 0.708654 0.674569 0.680769 0.673132 0.657692 0.678161 0.649038 0.688218 0.649038 0.695402 0.652885 0.707615 0.669231 0.711925 0.680769 0.711925 0.692308 0.701149 0.710577
0 0.984195 0.247115 0.976293 0.240385 0.970546 0.219231 0.970546 0.194231 0.977011 0.183654 0.981322 0.181731 0.989943 0.183654 0.993534 0.188462 0.997845 0.207692 0.996408 0.230769 0.993534 0.238462 0.984195 0.247115
0 0.821839 0.510577 0.808908 0.504808 0.803879 0.498077 0.798132 0.480769 0.798132 0.461538 0.807471 0.449038 0.816092 0.450962 0.823994 0.461538 0.832615 0.480769 0.832615 0.500000 0.829023 0.506731 0.821839 0.510577
0 0.218391 0.416346 0.208333 0.416346 0.201868 0.409615 0.197557 0.400000 0.196121 0.386538 0.197557 0.375000 0.204023 0.362500 0.221264 0.356731 0.233477 0.369231 0.233477 0.380769 0.230603 0.388462 0.229167 0.405769 0.218391 0.416346
0 0.475575 0.612500 0.445402 0.610577 0.438937 0.603846 0.438937 0.592308 0.449713 0.579808 0.461207 0.579808 0.471264 0.575962 0.494253 0.577885 0.502155 0.586538 0.500718 0.598077 0.492816 0.606731 0.475575 0.612500
0 0.567529 0.597115 0.560345 0.597115 0.553879 0.590385 0.552443 0.567308 0.561782 0.562500 0.577586 0.543269 0.594828 0.543269 0.596983 0.546154 0.596983 0.569231 0.589080 0.574038 0.567529 0.597115
0 0.084770 0.904808 0.077586 0.902885 0.071121 0.892308 0.072557 0.869231 0.079741 0.846154 0.091954 0.831731 0.100575 0.831731 0.108477 0.840385 0.109914 0.861538 0.107040 0.873077 0.096983 0.894231 0.091954 0.900962 0.084770 0.904808
