0 0.207031 0.783203 0.191406 0.783203 0.177734 0.773438 0.169922 0.761719 0.169922 0.746094 0.191406 0.716797 0.230469 0.701172 0.248047 0.718750 0.251953 0.734375 0.244141 0.753906 0.218750 0.779297 0.207031 0.783203
0 0.009766 0.996094 0.017578 0.980469 0.035156 0.970703 0.042969 0.970703 0.064453 0.996094
0 0.937500 0.591797 0.925781 0.583984 0.898438 0.580078 0.884766 0.558594 0.888672 0.535156 0.910156 0.513672 0.937500 0.513672 0.958984 0.535156 0.962891 0.578125 0.937500 0.591797
0 0.904297 0.996094 0.904297 0.968750 0.917969 0.951172 0.947266 0.980469 0.947266 0.996094
0 0.394531 0.626953 0.375000 0.626953 0.361328 0.609375 0.361328 0.593750 0.378906 0.572266 0.406250 0.572266 0.419922 0.585938 0.416016 0.613281 0.394531 0.626953
0 0.757812 0.896484 0.734375 0.896484 0.722656 0.888672 0.712891 0.875000 0.712891 0.855469 0.738281 0.837891 0.769531 0.833984 0.791016 0.851562 0.791016 0.871094 0.773438 0.892578 0.757812 0.896484
0 0.000000 0.771484 0.042969 0.767578 0.068359 0.792969 0.068359 0.824219 0.042969 0.841797 0.015625 0.841797 0.000000 0.826172
0 0.101562 0.759766 0.082031 0.755859 0.052734 0.730469 0.056641 0.695312 0.085938 0.677734 0.105469 0.677734 0.134766 0.703125 0.134766 0.738281 0.117188 0.755859 0.101562 0.759766
0 0.265625 0.880859 0.226562 0.880859 0.208984 0.847656 0.224609 0.820312 0.238281 0.810547 0.261719 0.806641 0.287109 0.828125 0.291016 0.859375 0.265625 0.880859
0 0.617188 0.740234 0.593750 0.736328 0.572266 0.718750 0.568359 0.679688 0.585938 0.666016 0.617188 0.666016 0.638672 0.687500 0.642578 0.722656 0.617188 0.740234
0 0.996094 0.873047 0.968750 0.869141 0.951172 0.843750 0.972656 0.810547 0.996094 0.806641
0 0.199219 0.458984 0.175781 0.447266 0.169922 0.437500 0.177734 0.417969 0.199219 0.400391 0.207031 0.400391 0.236328 0.433594 0.199219 0.458984
0 0.675781 0.103516 0.644531 0.095703 0.626953 0.070312 0.634766 0.042969 0.664062 0.021484 0.679688 0.021484 0.705078 0.039062 0.705078 0.085938 0.675781 0.103516
0 0.996094 0.982422 0.972656 0.978516 0.958984 0.964844 0.958984 0.929688 0.976562 0.916016 0.996094 0.916016
0 0.142578 0.996094 0.167969 0.947266 0.199219 0.955078 0.220703 0.980469 0.216797 0.996094
0 0.664062 0.599609 0.642578 0.585938 0.638672 0.554688 0.667969 0.529297 0.699219 0.533203 0.712891 0.546875 0.708984 0.578125 0.695312 0.591797 0.664062 0.599609
0 0.921875 0.166016 0.908203 0.160156 0.912109 0.136719 0.904297 0.128906 0.904297 0.109375 0.888672 0.093750 0.896484 0.085938 0.896484 0.070312 0.910156 0.056641 0.921875 0.056641 0.970703 0.089844 0.966797 0.125000 0.941406 0.158203 0.921875 0.166016
0 0.128906 0.908203 0.105469 0.904297 0.091797 0.890625 0.091797 0.875000 0.083984 0.863281 0.087891 0.847656 0.109375 0.830078 0.144531 0.830078 0.169922 0.859375 0.166016 0.886719 0.128906 0.908203
0 0.787109 0.996094 0.783203 0.953125 0.800781 0.931641 0.839844 0.935547 0.845703 0.941406 0.845703 0.988281 0.837891 0.996094
0 0.119141 0.996094 0.099609 0.988281 0.087891 0.976562 0.083984 0.960938 0.083984 0.949219 0.109375 0.927734 0.148438 0.927734 0.166016 0.949219 0.142578 0.996094
0 0.878906 0.166016 0.867188 0.166016 0.845703 0.152344 0.837891 0.109375 0.841797 0.089844 0.851562 0.080078 0.878906 0.095703 0.890625 0.095703 0.904297 0.109375 0.912109 0.156250 0.906250 0.162109 0.878906 0.166016
0 0.894531 0.759766 0.875000 0.759766 0.863281 0.748047 0.855469 0.748047 0.841797 0.734375 0.833984 0.714844 0.845703 0.679688 0.867188 0.662109 0.886719 0.658203 0.914062 0.662109 0.935547 0.675781 0.931641 0.734375 0.921875 0.748047 0.894531 0.759766
0 0.875000 0.533203 0.847656 0.529297 0.837891 0.519531 0.833984 0.472656 0.843750 0.462891 0.867188 0.462891 0.892578 0.476562 0.900391 0.500000 0.875000 0.533203
