0 0.175781 0.822266 0.144531 0.818359 0.138672 0.812500 0.138672 0.792969 0.156250 0.775391 0.187500 0.771484 0.201172 0.781250 0.205078 0.796875 0.191406 0.814453 0.175781 0.822266
0 0.000000 0.380859 0.025391 0.406250 0.025391 0.421875 0.015625 0.431641 0.000000 0.427734
0 0.410156 0.568359 0.375000 0.556641 0.357422 0.539062 0.353516 0.523438 0.367188 0.505859 0.398438 0.509766 0.427734 0.535156 0.431641 0.554688 0.410156 0.568359
0 0.914062 0.849609 0.886719 0.849609 0.865234 0.832031 0.861328 0.808594 0.875000 0.794922 0.906250 0.791016 0.923828 0.804688 0.931641 0.832031 0.914062 0.849609
0 0.074219 0.501953 0.054688 0.501953 0.041016 0.492188 0.037109 0.468750 0.042969 0.462891 0.070312 0.462891 0.080078 0.468750 0.087891 0.492188 0.074219 0.501953
0 0.472656 0.669922 0.457031 0.669922 0.439453 0.656250 0.431641 0.640625 0.433594 0.626953 0.460938 0.630859 0.482422 0.648438 0.482422 0.664062 0.472656 0.669922
0 0.398438 0.224609 0.375000 0.212891 0.361328 0.187500 0.361328 0.171875 0.378906 0.150391 0.398438 0.150391 0.416016 0.167969 0.419922 0.199219 0.416016 0.210938 0.398438 0.224609
0 0.199219 0.189453 0.169922 0.167969 0.158203 0.140625 0.166016 0.121094 0.179688 0.111328 0.199219 0.115234 0.212891 0.128906 0.220703 0.148438 0.216797 0.175781 0.199219 0.189453
0 0.035156 0.771484 0.015625 0.767578 0.005859 0.753906 0.009766 0.734375 0.019531 0.728516 0.039062 0.728516 0.056641 0.742188 0.056641 0.757812 0.035156 0.771484
0 0.296875 0.681641 0.277344 0.681641 0.255859 0.667969 0.251953 0.640625 0.257812 0.634766 0.289062 0.630859 0.302734 0.644531 0.306641 0.671875 0.296875 0.681641
