0 0.183594 0.794922 0.156250 0.791016 0.144531 0.783203 0.134766 0.769531 0.138672 0.757812 0.144531 0.751953 0.164062 0.751953 0.183594 0.763672 0.193359 0.777344 0.193359 0.789062 0.183594 0.794922
0 0.230469 0.650391 0.214844 0.650391 0.208984 0.644531 0.208984 0.628906 0.218750 0.619141 0.236328 0.625000 0.236328 0.644531 0.230469 0.650391
0 0.238281 0.759766 0.201172 0.734375 0.203125 0.716797 0.226562 0.712891 0.232422 0.718750 0.248047 0.742188 0.248047 0.753906 0.238281 0.759766
0 0.437500 0.712891 0.425781 0.712891 0.419922 0.695312 0.441406 0.677734 0.453125 0.677734 0.462891 0.691406 0.437500 0.712891
0 0.210938 0.697266 0.195312 0.697266 0.177734 0.679688 0.177734 0.660156 0.183594 0.654297 0.210938 0.654297 0.220703 0.664062 0.220703 0.683594 0.210938 0.697266
0 0.050781 0.521484 0.037109 0.511719 0.037109 0.488281 0.042969 0.478516 0.054688 0.474609 0.064453 0.484375 0.068359 0.503906 0.062500 0.517578 0.050781 0.521484
0 0.335938 0.853516 0.316406 0.849609 0.302734 0.832031 0.308594 0.806641 0.330078 0.812500 0.341797 0.839844 0.335938 0.853516
0 0.171875 0.478516 0.156250 0.478516 0.138672 0.468750 0.148438 0.443359 0.173828 0.472656 0.171875 0.478516
0 0.582031 0.873047 0.552734 0.863281 0.554688 0.841797 0.570312 0.833984 0.591797 0.847656 0.591797 0.859375 0.582031 0.873047
0 0.320312 0.763672 0.298828 0.761719 0.306641 0.746094 0.302734 0.734375 0.312500 0.728516 0.330078 0.738281 0.330078 0.757812 0.320312 0.763672
0 0.000000 0.720703 0.011719 0.716797 0.017578 0.722656 0.025391 0.757812 0.007812 0.763672 0.000000 0.740234
0 0.886719 0.869141 0.875000 0.865234 0.869141 0.855469 0.869141 0.832031 0.875000 0.826172 0.886719 0.826172 0.900391 0.839844 0.900391 0.859375 0.886719 0.869141
0 0.171875 0.880859 0.164062 0.880859 0.150391 0.867188 0.146484 0.859375 0.152344 0.853516 0.167969 0.849609 0.177734 0.859375 0.177734 0.875000 0.171875 0.880859
0 0.980469 0.095703 0.953125 0.095703 0.947266 0.089844 0.947266 0.074219 0.957031 0.056641 0.982422 0.062500 0.986328 0.089844 0.980469 0.095703
0 0.074219 0.447266 0.054688 0.447266 0.048828 0.437500 0.052734 0.414062 0.066406 0.400391 0.082031 0.404297 0.087891 0.417969 0.083984 0.437500 0.074219 0.447266
0 0.839844 0.630859 0.818359 0.621094 0.818359 0.605469 0.828125 0.595703 0.843750 0.595703 0.853516 0.609375 0.853516 0.621094 0.839844 0.630859
0 0.308594 0.732422 0.294922 0.726562 0.294922 0.710938 0.308594 0.701172 0.332031 0.697266 0.341797 0.707031 0.341797 0.718750 0.308594 0.732422
0 0.921875 0.763672 0.902344 0.763672 0.880859 0.750000 0.876953 0.734375 0.894531 0.716797 0.914062 0.716797 0.931641 0.730469 0.935547 0.750000 0.921875 0.763672
0 0.625000 0.291016 0.619141 0.285156 0.619141 0.265625 0.625000 0.255859 0.640625 0.255859 0.658203 0.273438 0.658203 0.281250 0.652344 0.287109 0.625000 0.291016
0 0.695312 0.451172 0.673828 0.441406 0.673828 0.410156 0.691406 0.392578 0.701172 0.402344 0.701172 0.445312 0.695312 0.451172
0 0.511719 0.353516 0.496094 0.353516 0.490234 0.347656 0.490234 0.324219 0.496094 0.318359 0.519531 0.322266 0.529297 0.332031 0.511719 0.353516
0 0.808594 0.689453 0.781250 0.689453 0.775391 0.683594 0.767578 0.664062 0.785156 0.638672 0.808594 0.634766 0.822266 0.652344 0.822266 0.667969 0.808594 0.689453
0 0.875000 0.626953 0.859375 0.626953 0.853516 0.621094 0.849609 0.597656 0.855469 0.591797 0.878906 0.591797 0.884766 0.597656 0.875000 0.626953
0 0.410156 0.810547 0.388672 0.800781 0.388672 0.785156 0.398438 0.771484 0.417969 0.767578 0.431641 0.777344 0.431641 0.792969 0.410156 0.810547
0 0.910156 0.669922 0.894531 0.669922 0.884766 0.660156 0.884766 0.632812 0.906250 0.615234 0.927734 0.628906 0.923828 0.660156 0.910156 0.669922
0 0.996094 0.642578 0.986328 0.636719 0.986328 0.613281 0.996094 0.607422
0 0.460938 0.728516 0.445312 0.728516 0.439453 0.714844 0.464844 0.689453 0.476562 0.689453 0.482422 0.695312 0.482422 0.710938 0.472656 0.724609 0.460938 0.728516
0 0.894531 0.486328 0.863281 0.482422 0.853516 0.472656 0.853516 0.460938 0.871094 0.447266 0.890625 0.451172 0.900391 0.464844 0.900391 0.480469 0.894531 0.486328
0 0.558594 0.306641 0.529297 0.292969 0.529297 0.273438 0.539062 0.263672 0.564453 0.269531 0.572266 0.296875 0.558594 0.306641
0 0.957031 0.869141 0.939453 0.863281 0.941406 0.826172 0.949219 0.826172 0.955078 0.835938 0.957031 0.869141
0 0.851562 0.583984 0.841797 0.578125 0.841797 0.566406 0.851562 0.556641 0.863281 0.556641 0.865234 0.566406 0.851562 0.583984
0 0.128906 0.681641 0.107422 0.667969 0.103516 0.652344 0.117188 0.634766 0.136719 0.630859 0.154297 0.640625 0.158203 0.667969 0.128906 0.681641
0 0.148438 0.380859 0.136719 0.380859 0.126953 0.371094 0.119141 0.355469 0.121094 0.326172 0.140625 0.326172 0.150391 0.339844 0.154297 0.363281 0.146484 0.371094 0.148438 0.380859
0 0.042969 0.666016 0.023438 0.666016 0.011719 0.658203 0.005859 0.652344 0.005859 0.632812 0.039062 0.615234 0.058594 0.615234 0.064453 0.621094 0.064453 0.640625 0.042969 0.666016
0 0.996094 0.861328 0.978516 0.859375 0.978516 0.835938 0.996094 0.830078
0 0.304688 0.654297 0.294922 0.652344 0.294922 0.636719 0.308594 0.623047 0.320312 0.623047 0.330078 0.632812 0.330078 0.648438 0.304688 0.654297
0 0.595703 0.000000 0.589844 0.017578 0.578125 0.017578 0.568359 0.000000
0 0.792969 0.474609 0.765625 0.466797 0.751953 0.453125 0.748047 0.429688 0.757812 0.419922 0.794922 0.437500 0.802734 0.464844 0.792969 0.474609
0 0.160156 0.904297 0.132812 0.904297 0.119141 0.894531 0.119141 0.867188 0.128906 0.857422 0.144531 0.857422 0.154297 0.878906 0.169922 0.886719 0.160156 0.904297
0 0.371094 0.716797 0.359375 0.716797 0.349609 0.707031 0.355469 0.689453 0.378906 0.689453 0.384766 0.695312 0.384766 0.707031 0.371094 0.716797
0 0.675781 0.107422 0.652344 0.107422 0.630859 0.089844 0.626953 0.078125 0.636719 0.060547 0.679688 0.060547 0.693359 0.074219 0.689453 0.093750 0.675781 0.107422
0 0.523438 0.572266 0.494141 0.566406 0.490234 0.542969 0.496094 0.537109 0.519531 0.537109 0.533203 0.550781 0.533203 0.562500 0.523438 0.572266
0 0.000000 0.404297 0.017578 0.414062 0.013672 0.429688 0.000000 0.439453
0 0.000000 0.919922 0.015625 0.916016 0.033203 0.933594 0.027344 0.947266 0.000000 0.943359
0 0.921875 0.564453 0.902344 0.560547 0.892578 0.542969 0.914062 0.521484 0.933594 0.521484 0.943359 0.535156 0.943359 0.546875 0.933594 0.560547 0.921875 0.564453
0 0.601562 0.326172 0.589844 0.326172 0.576172 0.316406 0.576172 0.296875 0.582031 0.291016 0.601562 0.291016 0.611328 0.300781 0.611328 0.316406 0.601562 0.326172
0 0.183594 0.470703 0.171875 0.470703 0.150391 0.445312 0.150391 0.429688 0.160156 0.419922 0.179688 0.419922 0.193359 0.433594 0.189453 0.464844 0.183594 0.470703
0 0.160156 0.982422 0.105469 0.978516 0.095703 0.968750 0.095703 0.953125 0.136719 0.935547 0.156250 0.935547 0.173828 0.953125 0.173828 0.964844 0.160156 0.982422
0 0.593750 0.826172 0.580078 0.820312 0.580078 0.792969 0.589844 0.783203 0.599609 0.789062 0.599609 0.820312 0.593750 0.826172
0 0.265625 0.630859 0.246094 0.630859 0.244141 0.613281 0.265625 0.591797 0.285156 0.591797 0.294922 0.601562 0.291016 0.617188 0.281250 0.626953 0.265625 0.630859
0 0.121094 0.244141 0.085938 0.240234 0.076172 0.230469 0.076172 0.218750 0.082031 0.212891 0.097656 0.212891 0.105469 0.224609 0.121094 0.224609 0.126953 0.230469 0.121094 0.244141
0 0.261719 0.720703 0.244141 0.714844 0.244141 0.695312 0.253906 0.685547 0.269531 0.685547 0.275391 0.691406 0.275391 0.710938 0.261719 0.720703
0 0.996094 0.681641 0.980469 0.677734 0.974609 0.667969 0.974609 0.648438 0.988281 0.638672 0.996094 0.646484
0 0.324219 0.697266 0.292969 0.697266 0.287109 0.691406 0.294922 0.660156 0.308594 0.650391 0.332031 0.650391 0.341797 0.660156 0.341797 0.679688 0.324219 0.697266
0 0.707031 0.326172 0.671875 0.322266 0.658203 0.308594 0.658203 0.292969 0.667969 0.283203 0.703125 0.283203 0.720703 0.304688 0.707031 0.326172
0 0.691406 0.212891 0.671875 0.212891 0.658203 0.195312 0.679688 0.166016 0.699219 0.166016 0.708984 0.175781 0.708984 0.199219 0.691406 0.212891
0 0.207031 0.486328 0.193359 0.484375 0.193359 0.472656 0.210938 0.462891 0.212891 0.480469 0.207031 0.486328
0 0.808594 0.400391 0.792969 0.400391 0.775391 0.375000 0.785156 0.345703 0.796875 0.345703 0.818359 0.367188 0.822266 0.382812 0.808594 0.400391
0 0.082031 0.888672 0.066406 0.888672 0.056641 0.878906 0.056641 0.859375 0.078125 0.841797 0.095703 0.859375 0.095703 0.878906 0.082031 0.888672
0 0.429688 0.869141 0.390625 0.865234 0.388672 0.847656 0.398438 0.837891 0.425781 0.837891 0.435547 0.847656 0.429688 0.869141
0 0.457031 0.826172 0.429688 0.826172 0.423828 0.812500 0.437500 0.798828 0.457031 0.794922 0.466797 0.804688 0.466797 0.820312 0.457031 0.826172
0 0.000000 0.564453 0.007812 0.556641 0.023438 0.556641 0.033203 0.566406 0.027344 0.576172 0.000000 0.580078
0 0.867188 0.158203 0.843750 0.158203 0.837891 0.148438 0.837891 0.125000 0.847656 0.115234 0.871094 0.115234 0.884766 0.128906 0.876953 0.152344 0.867188 0.158203
0 0.781250 0.763672 0.753906 0.755859 0.744141 0.746094 0.744141 0.734375 0.757812 0.724609 0.796875 0.744141 0.798828 0.753906 0.781250 0.763672
0 0.250000 0.892578 0.230469 0.892578 0.220703 0.882812 0.216797 0.867188 0.220703 0.847656 0.238281 0.833984 0.253906 0.837891 0.271484 0.855469 0.267578 0.878906 0.250000 0.892578
0 0.757812 0.193359 0.744141 0.187500 0.744141 0.175781 0.753906 0.166016 0.769531 0.166016 0.775391 0.179688 0.757812 0.193359
0 0.191406 0.654297 0.173828 0.644531 0.179688 0.626953 0.199219 0.626953 0.205078 0.632812 0.205078 0.644531 0.191406 0.654297
0 0.226562 0.517578 0.208984 0.511719 0.210938 0.498047 0.228516 0.500000 0.226562 0.517578
0 0.960938 0.537109 0.949219 0.533203 0.939453 0.515625 0.943359 0.496094 0.957031 0.486328 0.972656 0.490234 0.978516 0.500000 0.974609 0.523438 0.960938 0.537109
0 0.519531 0.779297 0.503906 0.779297 0.498047 0.761719 0.501953 0.742188 0.513672 0.734375 0.519531 0.720703 0.527344 0.720703 0.533203 0.726562 0.533203 0.746094 0.519531 0.779297
0 0.949219 0.404297 0.925781 0.400391 0.912109 0.390625 0.912109 0.375000 0.921875 0.365234 0.962891 0.378906 0.962891 0.390625 0.949219 0.404297
0 0.062500 0.837891 0.033203 0.832031 0.044922 0.800781 0.054688 0.794922 0.070312 0.798828 0.080078 0.816406 0.076172 0.828125 0.062500 0.837891
0 0.492188 0.767578 0.480469 0.767578 0.470703 0.757812 0.470703 0.726562 0.480469 0.712891 0.500000 0.712891 0.505859 0.718750 0.505859 0.738281 0.492188 0.767578
0 0.542969 0.369141 0.527344 0.369141 0.513672 0.355469 0.513672 0.347656 0.531250 0.330078 0.542969 0.330078 0.552734 0.347656 0.552734 0.359375 0.542969 0.369141
0 0.851562 0.880859 0.828125 0.880859 0.810547 0.867188 0.810547 0.851562 0.816406 0.845703 0.839844 0.849609 0.853516 0.867188 0.851562 0.880859
0 0.285156 0.498047 0.253906 0.498047 0.244141 0.488281 0.244141 0.476562 0.257812 0.462891 0.285156 0.458984 0.294922 0.468750 0.285156 0.498047
0 0.000000 0.884766 0.023438 0.892578 0.033203 0.902344 0.033203 0.914062 0.023438 0.927734 0.019531 0.916016 0.000000 0.919922
0 0.984375 0.255859 0.964844 0.251953 0.951172 0.234375 0.964844 0.228516 0.982422 0.242188 0.984375 0.255859
0 0.000000 0.595703 0.007812 0.587891 0.042969 0.587891 0.052734 0.597656 0.046875 0.615234 0.023438 0.626953 0.019531 0.623047 0.011719 0.630859 0.000000 0.626953
0 0.277344 0.685547 0.257812 0.685547 0.251953 0.679688 0.251953 0.664062 0.269531 0.646484 0.289062 0.646484 0.294922 0.652344 0.294922 0.667969 0.277344 0.685547
0 0.632812 0.240234 0.621094 0.240234 0.607422 0.230469 0.607422 0.210938 0.621094 0.201172 0.636719 0.201172 0.646484 0.210938 0.646484 0.226562 0.632812 0.240234
0 0.894531 0.451172 0.875000 0.451172 0.865234 0.437500 0.869141 0.425781 0.882812 0.416016 0.898438 0.416016 0.908203 0.425781 0.904297 0.441406 0.894531 0.451172
0 0.000000 0.353516 0.017578 0.359375 0.013672 0.371094 0.000000 0.380859
0 0.707031 0.634766 0.691406 0.634766 0.677734 0.621094 0.677734 0.609375 0.699219 0.583984 0.722656 0.580078 0.732422 0.585938 0.732422 0.613281 0.722656 0.626953 0.707031 0.634766
0 0.363281 0.806641 0.341797 0.789062 0.341797 0.777344 0.359375 0.759766 0.375000 0.763672 0.384766 0.773438 0.384766 0.785156 0.363281 0.806641
0 0.919922 0.996094 0.919922 0.976562 0.929688 0.966797 0.953125 0.970703 0.970703 0.996094
