0 0.277344 0.408203 0.265625 0.408203 0.251953 0.390625 0.255859 0.367188 0.265625 0.357422 0.273438 0.357422 0.287109 0.375000 0.283203 0.402344 0.277344 0.408203
0 0.433594 0.716797 0.421875 0.716797 0.412109 0.707031 0.412109 0.691406 0.425781 0.669922 0.457031 0.662109 0.470703 0.675781 0.470703 0.695312 0.433594 0.716797
0 0.773438 0.970703 0.755859 0.960938 0.755859 0.929688 0.759766 0.917969 0.777344 0.908203 0.800781 0.916016 0.810547 0.925781 0.810547 0.941406 0.796875 0.958984 0.773438 0.970703
0 0.527344 0.591797 0.488281 0.587891 0.478516 0.578125 0.478516 0.566406 0.488281 0.556641 0.519531 0.556641 0.533203 0.574219 0.527344 0.591797
0 0.546875 0.482422 0.529297 0.476562 0.529297 0.460938 0.539062 0.447266 0.562500 0.443359 0.568359 0.449219 0.568359 0.464844 0.546875 0.482422
0 0.425781 0.857422 0.404297 0.843750 0.404297 0.824219 0.414062 0.814453 0.437500 0.814453 0.443359 0.820312 0.443359 0.839844 0.425781 0.857422
0 0.941406 0.361328 0.921875 0.361328 0.908203 0.351562 0.912109 0.332031 0.925781 0.314453 0.951172 0.339844 0.951172 0.351562 0.941406 0.361328
0 0.636719 0.216797 0.625000 0.216797 0.615234 0.207031 0.607422 0.183594 0.611328 0.164062 0.640625 0.150391 0.658203 0.167969 0.662109 0.187500 0.636719 0.216797
0 0.996094 0.658203 0.988281 0.666016 0.968750 0.666016 0.958984 0.656250 0.958984 0.625000 0.964844 0.619141 0.984375 0.619141 0.996094 0.642578
0 0.132812 0.708984 0.111328 0.691406 0.111328 0.675781 0.117188 0.669922 0.146484 0.683594 0.146484 0.699219 0.132812 0.708984
0 0.488281 0.826172 0.474609 0.816406 0.462891 0.796875 0.468750 0.779297 0.492188 0.787109 0.505859 0.800781 0.505859 0.812500 0.488281 0.826172
0 0.310547 0.996094 0.302734 0.988281 0.302734 0.964844 0.308594 0.958984 0.324219 0.958984 0.330078 0.964844 0.333984 0.996094
0 0.312500 0.236328 0.296875 0.232422 0.279297 0.210938 0.279297 0.195312 0.292969 0.185547 0.312500 0.193359 0.322266 0.207031 0.322266 0.222656 0.312500 0.236328
0 0.429688 0.638672 0.394531 0.634766 0.373047 0.605469 0.382812 0.595703 0.406250 0.595703 0.439453 0.621094 0.429688 0.638672
0 0.859375 0.822266 0.841797 0.812500 0.837891 0.800781 0.847656 0.771484 0.863281 0.771484 0.876953 0.792969 0.876953 0.808594 0.859375 0.822266
0 0.531250 0.091797 0.523438 0.091797 0.505859 0.070312 0.505859 0.058594 0.515625 0.044922 0.527344 0.044922 0.541016 0.058594 0.541016 0.082031 0.531250 0.091797
0 0.867188 0.345703 0.851562 0.345703 0.841797 0.332031 0.841797 0.324219 0.855469 0.310547 0.867188 0.310547 0.880859 0.324219 0.880859 0.332031 0.867188 0.345703
0 0.402344 0.154297 0.380859 0.144531 0.380859 0.128906 0.394531 0.111328 0.410156 0.111328 0.423828 0.132812 0.423828 0.140625 0.402344 0.154297
0 0.484375 0.845703 0.464844 0.845703 0.458984 0.839844 0.458984 0.832031 0.472656 0.818359 0.480469 0.818359 0.490234 0.832031 0.484375 0.845703
0 0.683594 0.919922 0.656250 0.919922 0.650391 0.914062 0.650391 0.898438 0.664062 0.884766 0.695312 0.873047 0.701172 0.878906 0.701172 0.894531 0.683594 0.919922
0 0.927734 0.000000 0.917969 0.025391 0.882812 0.013672 0.876953 0.000000
0 0.351562 0.533203 0.332031 0.533203 0.326172 0.527344 0.326172 0.515625 0.347656 0.498047 0.361328 0.507812 0.361328 0.523438 0.351562 0.533203
0 0.285156 0.771484 0.257812 0.763672 0.248047 0.746094 0.265625 0.740234 0.281250 0.748047 0.291016 0.757812 0.285156 0.771484
0 0.996094 0.755859 0.976562 0.755859 0.970703 0.750000 0.974609 0.718750 0.996094 0.701172
0 0.636719 0.369141 0.621094 0.369141 0.599609 0.351562 0.599609 0.332031 0.613281 0.314453 0.644531 0.314453 0.662109 0.328125 0.662109 0.351562 0.636719 0.369141
0 0.398438 0.740234 0.386719 0.740234 0.376953 0.730469 0.376953 0.699219 0.386719 0.685547 0.394531 0.685547 0.412109 0.707031 0.408203 0.730469 0.398438 0.740234
0 0.761719 0.759766 0.742188 0.755859 0.736328 0.750000 0.736328 0.734375 0.765625 0.712891 0.779297 0.730469 0.779297 0.742188 0.761719 0.759766
0 0.796875 0.904297 0.783203 0.898438 0.783203 0.882812 0.792969 0.869141 0.806641 0.875000 0.806641 0.894531 0.796875 0.904297
0 0.253906 0.806641 0.234375 0.806641 0.224609 0.796875 0.224609 0.773438 0.246094 0.755859 0.263672 0.765625 0.263672 0.785156 0.253906 0.806641
0 0.593750 0.427734 0.574219 0.427734 0.552734 0.410156 0.552734 0.398438 0.562500 0.388672 0.589844 0.396484 0.599609 0.410156 0.593750 0.427734
0 0.750000 0.916016 0.732422 0.906250 0.728516 0.882812 0.734375 0.876953 0.753906 0.880859 0.763672 0.894531 0.763672 0.902344 0.750000 0.916016
0 0.509766 0.996094 0.505859 0.984375 0.511719 0.978516 0.527344 0.978516 0.537109 0.996094
0 0.843750 0.169922 0.824219 0.169922 0.814453 0.160156 0.814453 0.148438 0.828125 0.126953 0.851562 0.119141 0.863281 0.123047 0.873047 0.136719 0.865234 0.152344 0.843750 0.169922
0 0.601562 0.970703 0.585938 0.970703 0.576172 0.953125 0.576172 0.941406 0.589844 0.931641 0.601562 0.931641 0.611328 0.941406 0.611328 0.957031 0.601562 0.970703
0 0.417969 0.255859 0.404297 0.250000 0.404297 0.230469 0.414062 0.220703 0.429688 0.220703 0.447266 0.234375 0.447266 0.242188 0.417969 0.255859
0 0.503906 0.986328 0.494141 0.980469 0.494141 0.972656 0.511719 0.947266 0.523438 0.947266 0.529297 0.960938 0.521484 0.976562 0.503906 0.986328
0 0.777344 0.853516 0.753906 0.853516 0.748047 0.847656 0.744141 0.820312 0.750000 0.814453 0.769531 0.810547 0.787109 0.820312 0.791016 0.839844 0.777344 0.853516
0 0.332031 0.408203 0.322266 0.406250 0.298828 0.375000 0.316406 0.357422 0.345703 0.378906 0.345703 0.394531 0.332031 0.408203
0 0.414062 0.439453 0.386719 0.435547 0.376953 0.417969 0.398438 0.404297 0.410156 0.408203 0.419922 0.425781 0.414062 0.439453
0 0.320312 0.654297 0.308594 0.654297 0.298828 0.644531 0.298828 0.613281 0.304688 0.607422 0.312500 0.607422 0.326172 0.621094 0.326172 0.648438 0.320312 0.654297
0 0.312500 0.798828 0.296875 0.798828 0.291016 0.785156 0.312500 0.759766 0.320312 0.759766 0.326172 0.777344 0.312500 0.798828
0 0.898438 0.205078 0.878906 0.205078 0.873047 0.199219 0.873047 0.179688 0.878906 0.173828 0.898438 0.173828 0.904297 0.179688 0.908203 0.195312 0.898438 0.205078
0 0.531250 0.650391 0.507812 0.646484 0.498047 0.636719 0.490234 0.621094 0.496094 0.607422 0.519531 0.603516 0.533203 0.617188 0.537109 0.644531 0.531250 0.650391
0 0.039062 0.451172 0.019531 0.447266 0.005859 0.433594 0.011719 0.416016 0.042969 0.412109 0.052734 0.421875 0.052734 0.441406 0.039062 0.451172
0 0.179688 0.755859 0.162109 0.746094 0.162109 0.734375 0.169922 0.718750 0.187500 0.708984 0.193359 0.714844 0.193359 0.742188 0.179688 0.755859
0 0.472656 0.740234 0.458984 0.734375 0.462891 0.714844 0.484375 0.693359 0.492188 0.693359 0.501953 0.707031 0.490234 0.730469 0.472656 0.740234
0 0.339844 0.134766 0.332031 0.134766 0.322266 0.121094 0.322266 0.097656 0.328125 0.091797 0.339844 0.091797 0.349609 0.101562 0.349609 0.125000 0.339844 0.134766
0 0.691406 0.779297 0.675781 0.779297 0.662109 0.761719 0.662109 0.742188 0.683594 0.724609 0.695312 0.724609 0.712891 0.750000 0.712891 0.761719 0.691406 0.779297
0 0.875000 0.732422 0.863281 0.732422 0.849609 0.718750 0.849609 0.707031 0.863281 0.697266 0.875000 0.697266 0.884766 0.707031 0.884766 0.722656 0.875000 0.732422
0 0.730469 0.611328 0.714844 0.611328 0.693359 0.585938 0.693359 0.578125 0.707031 0.564453 0.718750 0.564453 0.728516 0.574219 0.736328 0.589844 0.736328 0.605469 0.730469 0.611328
0 0.238281 0.216797 0.222656 0.212891 0.208984 0.199219 0.208984 0.187500 0.218750 0.177734 0.234375 0.177734 0.251953 0.195312 0.251953 0.207031 0.238281 0.216797
0 0.695312 0.482422 0.671875 0.482422 0.658203 0.464844 0.667969 0.455078 0.699219 0.455078 0.705078 0.472656 0.695312 0.482422
0 0.351562 0.326172 0.333984 0.316406 0.333984 0.300781 0.347656 0.283203 0.363281 0.279297 0.369141 0.296875 0.351562 0.326172
0 0.464844 0.267578 0.433594 0.267578 0.427734 0.253906 0.441406 0.244141 0.468750 0.244141 0.474609 0.257812 0.464844 0.267578
0 0.648438 0.595703 0.613281 0.591797 0.603516 0.574219 0.607422 0.562500 0.613281 0.556641 0.640625 0.552734 0.658203 0.578125 0.648438 0.595703
0 0.500000 0.927734 0.472656 0.927734 0.466797 0.921875 0.474609 0.890625 0.492188 0.876953 0.507812 0.876953 0.517578 0.894531 0.517578 0.910156 0.500000 0.927734
0 0.708984 0.996094 0.701172 0.980469 0.718750 0.966797 0.738281 0.966797 0.744141 0.972656 0.748047 0.996094
0 0.949219 0.884766 0.933594 0.884766 0.921875 0.876953 0.912109 0.867188 0.912109 0.855469 0.925781 0.845703 0.945312 0.845703 0.962891 0.863281 0.962891 0.875000 0.949219 0.884766
0 0.566406 0.291016 0.546875 0.291016 0.533203 0.277344 0.533203 0.257812 0.539062 0.251953 0.558594 0.251953 0.572266 0.265625 0.572266 0.285156 0.566406 0.291016
0 0.548828 0.996094 0.558594 0.978516 0.568359 0.984375 0.568359 0.996094
0 0.996094 0.123047 0.980469 0.130859 0.962891 0.113281 0.962891 0.105469 0.980469 0.095703 0.996094 0.111328
0 0.257812 0.716797 0.246094 0.716797 0.236328 0.707031 0.236328 0.675781 0.242188 0.669922 0.259766 0.683594 0.263672 0.710938 0.257812 0.716797
0 0.656250 0.783203 0.644531 0.783203 0.634766 0.773438 0.634766 0.742188 0.640625 0.736328 0.662109 0.742188 0.662109 0.761719 0.669922 0.773438 0.656250 0.783203
0 0.605469 0.771484 0.580078 0.753906 0.576172 0.738281 0.582031 0.732422 0.601562 0.728516 0.607422 0.734375 0.611328 0.765625 0.605469 0.771484
0 0.248047 0.996094 0.248047 0.984375 0.261719 0.974609 0.285156 0.974609 0.291016 0.980469 0.291016 0.996094
0 0.453125 0.416016 0.437500 0.416016 0.427734 0.402344 0.427734 0.378906 0.433594 0.373047 0.441406 0.373047 0.458984 0.398438 0.453125 0.416016
0 0.636719 0.529297 0.601562 0.525391 0.595703 0.519531 0.595703 0.503906 0.613281 0.490234 0.628906 0.490234 0.646484 0.511719 0.636719 0.529297
0 0.000000 0.541016 0.021484 0.554688 0.029297 0.574219 0.015625 0.580078 0.000000 0.568359
0 0.097656 0.583984 0.080078 0.574219 0.093750 0.533203 0.103516 0.539062 0.107422 0.554688 0.107422 0.570312 0.097656 0.583984
0 0.996094 0.208984 0.968750 0.216797 0.955078 0.207031 0.955078 0.191406 0.968750 0.177734 0.996094 0.181641
0 0.140625 0.833984 0.125000 0.830078 0.115234 0.820312 0.119141 0.808594 0.136719 0.794922 0.154297 0.804688 0.154297 0.824219 0.140625 0.833984
0 0.238281 0.974609 0.226562 0.974609 0.212891 0.960938 0.212891 0.949219 0.222656 0.935547 0.242188 0.935547 0.251953 0.949219 0.255859 0.964844 0.238281 0.974609
0 0.546875 0.412109 0.529297 0.406250 0.521484 0.398438 0.521484 0.386719 0.539062 0.365234 0.558594 0.365234 0.564453 0.371094 0.564453 0.386719 0.546875 0.412109
0 0.070312 0.951172 0.056641 0.945312 0.052734 0.929688 0.056641 0.917969 0.074219 0.904297 0.083984 0.917969 0.083984 0.937500 0.070312 0.951172
0 0.523438 0.533203 0.488281 0.529297 0.478516 0.519531 0.478516 0.503906 0.492188 0.494141 0.515625 0.501953 0.529297 0.515625 0.523438 0.533203
0 0.460938 0.228516 0.453125 0.228516 0.427734 0.199219 0.433594 0.185547 0.449219 0.185547 0.470703 0.207031 0.470703 0.218750 0.460938 0.228516
0 0.957031 0.337891 0.949219 0.337891 0.927734 0.312500 0.927734 0.300781 0.937500 0.291016 0.968750 0.302734 0.978516 0.316406 0.978516 0.324219 0.957031 0.337891
0 0.226562 0.505859 0.216797 0.500000 0.216797 0.476562 0.230469 0.466797 0.242188 0.466797 0.255859 0.480469 0.255859 0.488281 0.242188 0.501953 0.226562 0.505859
0 0.828125 0.791016 0.806641 0.769531 0.806641 0.750000 0.812500 0.744141 0.830078 0.753906 0.833984 0.785156 0.828125 0.791016
0 0.257812 0.615234 0.226562 0.607422 0.212891 0.593750 0.212891 0.585938 0.218750 0.580078 0.253906 0.583984 0.263672 0.593750 0.263672 0.609375 0.257812 0.615234
0 0.253906 0.521484 0.230469 0.521484 0.224609 0.507812 0.261719 0.490234 0.267578 0.496094 0.267578 0.511719 0.253906 0.521484
0 0.066406 0.669922 0.054688 0.669922 0.044922 0.660156 0.044922 0.628906 0.054688 0.619141 0.074219 0.615234 0.091797 0.628906 0.091797 0.640625 0.083984 0.656250 0.066406 0.669922
0 0.488281 0.466797 0.472656 0.466797 0.462891 0.457031 0.462891 0.437500 0.472656 0.427734 0.484375 0.427734 0.498047 0.441406 0.498047 0.457031 0.488281 0.466797
0 0.402344 0.966797 0.378906 0.958984 0.369141 0.949219 0.369141 0.937500 0.382812 0.923828 0.410156 0.923828 0.416016 0.929688 0.416016 0.957031 0.402344 0.966797
0 0.269531 0.810547 0.255859 0.804688 0.255859 0.792969 0.263672 0.785156 0.259766 0.769531 0.265625 0.763672 0.287109 0.773438 0.283203 0.796875 0.269531 0.810547
0 0.667969 0.275391 0.652344 0.275391 0.646484 0.269531 0.646484 0.253906 0.656250 0.240234 0.679688 0.236328 0.685547 0.242188 0.685547 0.257812 0.667969 0.275391
0 0.351562 0.283203 0.326172 0.261719 0.326172 0.250000 0.347656 0.236328 0.355469 0.236328 0.369141 0.253906 0.365234 0.277344 0.351562 0.283203
0 0.687500 0.396484 0.669922 0.386719 0.666016 0.371094 0.675781 0.353516 0.695312 0.349609 0.705078 0.359375 0.705078 0.382812 0.687500 0.396484
0 0.281250 0.748047 0.263672 0.738281 0.267578 0.710938 0.273438 0.705078 0.289062 0.705078 0.302734 0.718750 0.281250 0.748047
0 0.355469 0.802734 0.335938 0.802734 0.330078 0.796875 0.330078 0.777344 0.339844 0.763672 0.359375 0.763672 0.369141 0.777344 0.369141 0.792969 0.355469 0.802734
