0 0.870833 0.000000 0.876389 0.033333 0.868056 0.052778 0.847222 0.068056 0.827778 0.090278 0.802778 0.098611 0.747222 0.093056 0.708333 0.073611 0.695833 0.061111 0.687500 0.041667 0.687500 0.000000
0 0.000000 0.340278 0.008333 0.334722 0.022222 0.334722 0.041667 0.343056 0.077778 0.345833 0.118056 0.394444 0.120833 0.419444 0.112500 0.438889 0.088889 0.465278 0.077778 0.470833 0.061111 0.470833 0.040278 0.455556 0.026389 0.433333 0.020833 0.413889 0.000000 0.395833
0 0.370833 0.000000 0.370833 0.022222 0.344444 0.056944 0.291667 0.076389 0.247222 0.073611 0.233333 0.062500 0.209722 0.033333 0.209722 0.000000
0 0.319444 0.890278 0.305556 0.890278 0.290278 0.877778 0.311111 0.859722 0.325000 0.862500 0.329167 0.872222 0.326389 0.883333 0.319444 0.890278
0 0.000000 0.795833 0.013889 0.793056 0.036111 0.773611 0.058333 0.773611 0.066667 0.768056 0.080556 0.770833 0.097222 0.781944 0.112500 0.802778 0.112500 0.836111 0.068056 0.880556 0.068056 0.891667 0.041667 0.912500 0.000000 0.915278
0 0.919444 0.556944 0.905556 0.556944 0.876389 0.530556 0.876389 0.508333 0.883333 0.501389 0.900000 0.495833 0.922222 0.476389 0.947222 0.473611 0.962500 0.483333 0.962500 0.508333 0.929167 0.536111 0.919444 0.556944
0 0.230556 0.509722 0.205556 0.509722 0.188889 0.504167 0.165278 0.480556 0.148611 0.452778 0.151389 0.419444 0.180556 0.393056 0.194444 0.387500 0.216667 0.387500 0.277778 0.398611 0.298611 0.416667 0.304167 0.427778 0.304167 0.444444 0.279167 0.475000 0.250000 0.501389 0.230556 0.509722
0 0.130556 0.715278 0.116667 0.715278 0.095833 0.700000 0.095833 0.661111 0.101389 0.627778 0.106944 0.619444 0.104167 0.563889 0.122222 0.545833 0.152778 0.543056 0.175000 0.551389 0.184722 0.561111 0.206944 0.611111 0.209722 0.650000 0.198611 0.680556 0.186111 0.693056 0.161111 0.712500 0.130556 0.715278
0 0.120833 0.000000 0.111111 0.006944 0.080556 0.006944 0.070833 0.000000
0 0.000000 0.140278 0.016667 0.129167 0.027778 0.129167 0.055556 0.109722 0.091667 0.109722 0.102778 0.115278 0.112500 0.127778 0.118056 0.150000 0.118056 0.180556 0.090278 0.241667 0.047222 0.281944 0.016667 0.293056 0.000000 0.293056
0 0.719444 0.298611 0.683333 0.298611 0.669444 0.293056 0.651389 0.269444 0.651389 0.250000 0.643056 0.219444 0.645833 0.188889 0.662500 0.155556 0.688889 0.134722 0.708333 0.134722 0.716667 0.140278 0.773611 0.219444 0.773611 0.244444 0.719444 0.298611
0 0.411111 0.831944 0.383333 0.831944 0.341667 0.809722 0.306944 0.775000 0.298611 0.758333 0.301389 0.730556 0.341667 0.687500 0.352778 0.681944 0.394444 0.679167 0.422222 0.687500 0.450000 0.701389 0.481944 0.741667 0.484722 0.797222 0.479167 0.811111 0.475000 0.815278 0.441667 0.818056 0.411111 0.831944
0 0.518056 0.000000 0.527778 0.004167 0.548611 0.027778 0.568056 0.077778 0.568056 0.097222 0.559722 0.119444 0.544444 0.134722 0.513889 0.145833 0.430556 0.143056 0.397222 0.129167 0.384722 0.113889 0.379167 0.094444 0.381944 0.063889 0.402778 0.037500 0.436111 0.009722 0.454167 0.000000
0 0.477778 0.345833 0.422222 0.337500 0.393056 0.311111 0.376389 0.280556 0.376389 0.225000 0.390278 0.200000 0.402778 0.187500 0.419444 0.179167 0.458333 0.176389 0.491667 0.184722 0.504167 0.202778 0.537500 0.233333 0.545833 0.252778 0.545833 0.294444 0.531944 0.322222 0.511111 0.337500 0.477778 0.345833
0 0.319444 0.987500 0.302778 0.979167 0.290278 0.961111 0.290278 0.936111 0.295833 0.927778 0.329167 0.902778 0.331944 0.883333 0.363889 0.851389 0.397222 0.837500 0.422222 0.840278 0.437500 0.855556 0.434722 0.919444 0.429167 0.930556 0.411111 0.945833 0.377778 0.956944 0.347222 0.981944 0.319444 0.987500
0 0.500000 0.987500 0.466667 0.984722 0.445833 0.966667 0.434722 0.950000 0.434722 0.877778 0.437500 0.855556 0.448611 0.838889 0.477778 0.812500 0.522222 0.809722 0.537500 0.822222 0.551389 0.855556 0.551389 0.872222 0.537500 0.888889 0.523611 0.916667 0.520833 0.972222 0.500000 0.987500
0 0.380556 0.656944 0.336111 0.656944 0.313889 0.645833 0.300000 0.645833 0.291667 0.651389 0.258333 0.648611 0.215278 0.600000 0.215278 0.569444 0.223611 0.547222 0.241667 0.526389 0.263889 0.515278 0.302778 0.515278 0.327778 0.520833 0.341667 0.531944 0.383333 0.531944 0.402778 0.540278 0.413889 0.540278 0.437500 0.569444 0.440278 0.608333 0.431944 0.625000 0.416667 0.640278 0.394444 0.654167 0.380556 0.656944
0 0.761111 0.906944 0.677778 0.904167 0.652778 0.893056 0.629167 0.861111 0.629167 0.830556 0.637500 0.808333 0.658333 0.787500 0.702778 0.770833 0.750000 0.768056 0.786111 0.784722 0.806944 0.805556 0.812500 0.822222 0.812500 0.866667 0.791667 0.890278 0.761111 0.906944
0 0.902778 0.281944 0.844444 0.279167 0.829167 0.258333 0.818056 0.230556 0.812500 0.200000 0.815278 0.152778 0.825000 0.143056 0.836111 0.140278 0.847222 0.129167 0.886111 0.106944 0.905556 0.106944 0.922222 0.115278 0.931944 0.125000 0.943056 0.155556 0.943056 0.186111 0.937500 0.200000 0.934722 0.238889 0.923611 0.269444 0.902778 0.281944
0 0.997222 0.823611 0.984722 0.819444 0.984722 0.802778 0.980556 0.798611 0.963889 0.795833 0.952778 0.787500 0.904167 0.736111 0.887500 0.708333 0.887500 0.697222 0.895833 0.680556 0.905556 0.673611 0.944444 0.673611 0.975000 0.687500 0.997222 0.712500
0 0.997222 0.470833 0.945833 0.436111 0.934722 0.419444 0.931944 0.400000 0.937500 0.341667 0.951389 0.313889 0.972222 0.295833 0.997222 0.293056
0 0.591667 0.734722 0.561111 0.734722 0.522222 0.718056 0.497222 0.698611 0.475000 0.693056 0.451389 0.663889 0.451389 0.636111 0.470833 0.627778 0.476389 0.555556 0.500000 0.529167 0.513889 0.529167 0.525000 0.512500 0.566667 0.515278 0.587500 0.533333 0.598611 0.550000 0.606944 0.597222 0.620833 0.616667 0.626389 0.641667 0.645833 0.669444 0.645833 0.688889 0.634722 0.711111 0.608333 0.731944 0.591667 0.734722
0 0.997222 0.187500 0.959722 0.150000 0.956944 0.136111 0.959722 0.072222 0.968056 0.061111 0.970833 0.047222 0.997222 0.018056
0 0.997222 0.623611 0.993056 0.633333 0.980556 0.643056 0.952778 0.651389 0.902778 0.648611 0.887500 0.636111 0.887500 0.619444 0.929167 0.536111 0.947222 0.518056 0.972222 0.504167 0.983333 0.504167 0.997222 0.515278
0 0.701389 0.997222 0.704167 0.986111 0.698611 0.975000 0.698611 0.952778 0.711111 0.929167 0.752778 0.906944 0.772222 0.904167 0.786111 0.895833 0.830556 0.893056 0.844444 0.898611 0.848611 0.894444 0.826389 0.858333 0.812500 0.850000 0.812500 0.822222 0.806944 0.813889 0.815278 0.766667 0.830556 0.748611 0.841667 0.743056 0.869444 0.745833 0.893056 0.766667 0.915278 0.802778 0.931944 0.844444 0.931944 0.866667 0.920833 0.886111 0.900000 0.901389 0.877778 0.904167 0.873611 0.908333 0.884722 0.922222 0.884722 0.930556 0.893056 0.944444 0.890278 0.977778 0.876389 0.997222
