0 0.433594 0.091797 0.410156 0.091797 0.392578 0.070312 0.396484 0.035156 0.421875 0.017578 0.441406 0.017578 0.458984 0.035156 0.458984 0.054688 0.433594 0.091797
0 0.000000 0.865234 0.039062 0.880859 0.037109 0.890625 0.044922 0.902344 0.044922 0.925781 0.035156 0.935547 0.019531 0.943359 0.000000 0.939453
0 0.367188 0.880859 0.335938 0.876953 0.326172 0.863281 0.330078 0.824219 0.355469 0.798828 0.371094 0.798828 0.396484 0.828125 0.392578 0.863281 0.367188 0.880859
0 0.316406 0.236328 0.292969 0.232422 0.283203 0.218750 0.283203 0.195312 0.304688 0.173828 0.320312 0.173828 0.330078 0.183594 0.337891 0.207031 0.333984 0.222656 0.316406 0.236328
0 0.664062 0.755859 0.628906 0.751953 0.615234 0.730469 0.619141 0.695312 0.636719 0.677734 0.656250 0.669922 0.671875 0.673828 0.685547 0.687500 0.689453 0.710938 0.681641 0.738281 0.664062 0.755859
0 0.218750 0.244141 0.199219 0.244141 0.173828 0.226562 0.195312 0.205078 0.218750 0.205078 0.228516 0.214844 0.218750 0.244141
0 0.000000 0.751953 0.005859 0.777344 0.005859 0.808594 0.000000 0.814453
0 0.625000 0.337891 0.605469 0.333984 0.583984 0.304688 0.595703 0.265625 0.617188 0.244141 0.648438 0.251953 0.666016 0.281250 0.662109 0.320312 0.644531 0.333984 0.625000 0.337891
0 0.158203 0.000000 0.166016 0.007812 0.169922 0.050781 0.156250 0.044922 0.158203 0.054688 0.136719 0.076172 0.121094 0.072266 0.107422 0.058594 0.107422 0.011719 0.115234 0.000000
0 0.238281 0.654297 0.203125 0.646484 0.197266 0.617188 0.218750 0.587891 0.250000 0.583984 0.267578 0.597656 0.275391 0.625000 0.271484 0.640625 0.261719 0.650391 0.238281 0.654297
0 0.320312 0.458984 0.296875 0.458984 0.267578 0.437500 0.263672 0.410156 0.281250 0.384766 0.304688 0.380859 0.324219 0.388672 0.333984 0.402344 0.337891 0.429688 0.320312 0.458984
0 0.281250 0.904297 0.250000 0.904297 0.232422 0.894531 0.224609 0.867188 0.238281 0.845703 0.253906 0.837891 0.273438 0.837891 0.294922 0.851562 0.298828 0.882812 0.281250 0.904297
0 0.546875 0.712891 0.517578 0.691406 0.513672 0.667969 0.527344 0.650391 0.566406 0.646484 0.587891 0.664062 0.591797 0.695312 0.578125 0.708984 0.546875 0.712891
0 0.867188 0.341797 0.828125 0.341797 0.810547 0.324219 0.814453 0.273438 0.839844 0.251953 0.863281 0.259766 0.888672 0.289062 0.884766 0.324219 0.867188 0.341797
0 0.000000 0.615234 0.021484 0.636719 0.000000 0.634766
