0 0.997222 0.543056 0.975000 0.540278 0.948611 0.513889 0.940278 0.486111 0.940278 0.463889 0.926389 0.444444 0.918056 0.419444 0.918056 0.400000 0.938889 0.387500 0.961111 0.387500 0.997222 0.398611
0 0.000000 0.451389 0.004167 0.450000 0.018056 0.491667 0.018056 0.525000 0.000000 0.540278
0 0.772222 0.734722 0.730556 0.734722 0.702778 0.723611 0.698611 0.713889 0.681944 0.702778 0.663889 0.679167 0.626389 0.650000 0.620833 0.638889 0.623611 0.625000 0.638889 0.618056 0.694444 0.631944 0.719444 0.629167 0.775000 0.634722 0.794444 0.637500 0.802778 0.643056 0.818056 0.661111 0.818056 0.697222 0.794444 0.726389 0.772222 0.734722
0 0.336111 0.876389 0.286111 0.876389 0.272222 0.870833 0.259722 0.858333 0.262500 0.827778 0.279167 0.802778 0.293056 0.766667 0.281944 0.741667 0.279167 0.716667 0.286111 0.704167 0.300000 0.698611 0.322222 0.698611 0.344444 0.706944 0.362500 0.727778 0.384722 0.772222 0.387500 0.805556 0.381944 0.836111 0.369444 0.859722 0.355556 0.870833 0.336111 0.876389
0 0.809722 0.000000 0.801389 0.022222 0.788889 0.034722 0.769444 0.043056 0.744444 0.045833 0.688889 0.018056 0.675000 0.023611 0.661111 0.040278 0.638889 0.048611 0.622222 0.048611 0.611111 0.043056 0.608333 0.045833 0.591667 0.037500 0.568056 0.016667 0.559722 0.000000
0 0.788889 0.904167 0.763889 0.904167 0.720833 0.886111 0.715278 0.866667 0.709722 0.861111 0.715278 0.822222 0.720833 0.808333 0.734722 0.797222 0.736111 0.790278 0.744444 0.790278 0.772222 0.770833 0.802778 0.762500 0.830556 0.765278 0.838889 0.768056 0.854167 0.783333 0.854167 0.794444 0.859722 0.800000 0.868056 0.827778 0.868056 0.847222 0.859722 0.863889 0.844444 0.879167 0.788889 0.904167
0 0.000000 0.915278 0.013889 0.904167 0.033333 0.898611 0.052778 0.898611 0.086111 0.915278 0.106944 0.947222 0.106944 0.966667 0.115278 0.997222
0 0.997222 0.331944 0.947222 0.329167 0.869444 0.312500 0.845833 0.288889 0.837500 0.263889 0.837500 0.247222 0.843056 0.236111 0.858333 0.218056 0.872222 0.209722 0.913889 0.209722 0.972222 0.218056 0.997222 0.226389
0 0.000000 0.645833 0.016667 0.645833 0.030556 0.651389 0.075000 0.645833 0.095833 0.661111 0.104167 0.683333 0.098611 0.725000 0.077778 0.748611 0.041667 0.762500 0.016667 0.759722 0.000000 0.751389
0 0.997222 0.865278 0.969444 0.856944 0.950000 0.843056 0.934722 0.822222 0.934722 0.808333 0.941667 0.795833 0.963889 0.784722 0.997222 0.776389
0 0.283333 0.793056 0.275000 0.793056 0.270833 0.786111 0.275000 0.773611 0.287500 0.777778 0.283333 0.793056
0 0.997222 0.754167 0.952778 0.754167 0.925000 0.745833 0.906944 0.733333 0.901389 0.719444 0.904167 0.702778 0.919444 0.679167 0.936111 0.670833 0.952778 0.670833 0.966667 0.659722 0.997222 0.651389
0 0.358333 0.656944 0.330556 0.656944 0.313889 0.648611 0.262500 0.605556 0.245833 0.580556 0.243056 0.569444 0.245833 0.536111 0.258333 0.518056 0.280556 0.509722 0.313889 0.512500 0.334722 0.527778 0.384722 0.583333 0.387500 0.616667 0.381944 0.633333 0.373611 0.650000 0.358333 0.656944
0 0.605556 0.845833 0.583333 0.843056 0.566667 0.834722 0.538889 0.815278 0.512500 0.788889 0.506944 0.763889 0.525000 0.737500 0.572222 0.718056 0.613889 0.712500 0.647222 0.723611 0.670833 0.744444 0.679167 0.761111 0.681944 0.780556 0.679167 0.805556 0.670833 0.819444 0.641667 0.840278 0.605556 0.845833
0 0.997222 0.962500 0.980556 0.976389 0.963889 0.981944 0.938889 0.973611 0.916667 0.973611 0.877778 0.959722 0.859722 0.941667 0.854167 0.927778 0.856944 0.900000 0.872222 0.881944 0.886111 0.873611 0.916667 0.865278 0.969444 0.865278 0.997222 0.879167
0 0.450000 0.970833 0.425000 0.970833 0.398611 0.952778 0.379167 0.916667 0.379167 0.894444 0.406944 0.850000 0.433333 0.829167 0.455556 0.823611 0.497222 0.829167 0.518056 0.847222 0.526389 0.869444 0.531944 0.869444 0.531944 0.900000 0.515278 0.930556 0.502778 0.943056 0.475000 0.954167 0.463889 0.965278 0.450000 0.970833
0 0.419444 0.162500 0.366667 0.162500 0.352778 0.154167 0.337500 0.130556 0.340278 0.100000 0.345833 0.088889 0.366667 0.068056 0.391667 0.059722 0.413889 0.043056 0.430556 0.037500 0.466667 0.037500 0.487500 0.055556 0.501389 0.091667 0.498611 0.108333 0.483333 0.126389 0.461111 0.137500 0.444444 0.154167 0.419444 0.162500
0 0.411111 0.315278 0.388889 0.312500 0.355556 0.293056 0.343056 0.277778 0.337500 0.266667 0.337500 0.241667 0.343056 0.225000 0.361111 0.204167 0.394444 0.187500 0.458333 0.187500 0.469444 0.193056 0.484722 0.213889 0.484722 0.247222 0.438889 0.304167 0.436111 0.301389 0.411111 0.315278
0 0.686111 0.481944 0.663889 0.481944 0.611111 0.454167 0.573611 0.402778 0.568056 0.380556 0.568056 0.338889 0.579167 0.316667 0.602778 0.295833 0.652778 0.284722 0.680556 0.287500 0.725000 0.315278 0.743056 0.336111 0.751389 0.361111 0.751389 0.375000 0.745833 0.380556 0.745833 0.391667 0.740278 0.397222 0.723611 0.452778 0.713889 0.468056 0.686111 0.481944
0 0.341667 0.487500 0.272222 0.481944 0.244444 0.470833 0.226389 0.452778 0.220833 0.438889 0.220833 0.405556 0.236111 0.384722 0.288889 0.354167 0.300000 0.343056 0.338889 0.329167 0.361111 0.329167 0.397222 0.345833 0.415278 0.366667 0.418056 0.380556 0.395833 0.450000 0.375000 0.470833 0.341667 0.487500
