0 0.368750 0.501953 0.350000 0.501953 0.339062 0.488281 0.317188 0.429688 0.321875 0.416016 0.346875 0.416016 0.370312 0.441406 0.373437 0.496094 0.368750 0.501953
0 0.690625 0.705078 0.681250 0.705078 0.679688 0.695312 0.653125 0.677734 0.651563 0.667969 0.656250 0.662109 0.687500 0.666016 0.698438 0.687500 0.690625 0.705078
0 0.681250 0.732422 0.665625 0.728516 0.634375 0.705078 0.626563 0.691406 0.626563 0.679688 0.634375 0.669922 0.646875 0.669922 0.671875 0.689453 0.689063 0.718750 0.681250 0.732422
0 0.600000 0.845703 0.565625 0.837891 0.525000 0.802734 0.517188 0.789062 0.521875 0.783203 0.537500 0.783203 0.562500 0.794922 0.604688 0.835938 0.600000 0.845703
0 0.237500 0.087891 0.209375 0.083984 0.201563 0.074219 0.207813 0.031250 0.215625 0.021484 0.234375 0.013672 0.257812 0.027344 0.257812 0.062500 0.237500 0.087891
0 0.746875 0.646484 0.712500 0.642578 0.696875 0.646484 0.673438 0.625000 0.673438 0.613281 0.687500 0.599609 0.725000 0.607422 0.751563 0.632812 0.746875 0.646484
0 0.162500 0.861328 0.143750 0.853516 0.135937 0.843750 0.142187 0.812500 0.156250 0.798828 0.175000 0.802734 0.185938 0.816406 0.185938 0.828125 0.162500 0.861328
0 0.593750 0.716797 0.575000 0.708984 0.548438 0.675781 0.542188 0.660156 0.546875 0.654297 0.562500 0.658203 0.596875 0.685547 0.601562 0.703125 0.593750 0.716797
0 0.337500 0.142578 0.331250 0.142578 0.323437 0.128906 0.323437 0.113281 0.328125 0.107422 0.340625 0.107422 0.345313 0.113281 0.345313 0.128906 0.337500 0.142578
0 0.734375 0.255859 0.717187 0.246094 0.701562 0.214844 0.701562 0.203125 0.712500 0.185547 0.725000 0.185547 0.745313 0.210938 0.748437 0.242188 0.734375 0.255859
0 0.906250 0.966797 0.893750 0.966797 0.856250 0.947266 0.840625 0.935547 0.829688 0.921875 0.829688 0.914062 0.843750 0.908203 0.893750 0.935547 0.910937 0.953125 0.906250 0.966797
0 0.271875 0.798828 0.253125 0.794922 0.245312 0.785156 0.245312 0.769531 0.250000 0.763672 0.290625 0.755859 0.303125 0.759766 0.310937 0.769531 0.306250 0.787109 0.271875 0.798828
0 0.453125 0.619141 0.442188 0.613281 0.442188 0.593750 0.432812 0.574219 0.437500 0.556641 0.450000 0.560547 0.457813 0.570312 0.457813 0.613281 0.453125 0.619141
0 0.481250 0.275391 0.475000 0.275391 0.464062 0.257812 0.464062 0.222656 0.475000 0.205078 0.490625 0.197266 0.500000 0.201172 0.520312 0.226562 0.523438 0.250000 0.481250 0.275391
0 0.378125 0.736328 0.357812 0.734375 0.354687 0.714844 0.362500 0.705078 0.375000 0.705078 0.382812 0.714844 0.382812 0.730469 0.378125 0.736328
0 0.768750 0.830078 0.659375 0.779297 0.645312 0.765625 0.645312 0.753906 0.650000 0.748047 0.671875 0.751953 0.725000 0.791016 0.759375 0.802734 0.773438 0.816406 0.768750 0.830078
0 0.878125 0.767578 0.840625 0.759766 0.829688 0.742188 0.829688 0.730469 0.843750 0.720703 0.865625 0.724609 0.885938 0.746094 0.885938 0.757812 0.878125 0.767578
0 0.271875 0.185547 0.253125 0.177734 0.229687 0.140625 0.226562 0.125000 0.217188 0.113281 0.218750 0.083984 0.237500 0.087891 0.243750 0.080078 0.248438 0.082031 0.251563 0.101562 0.267188 0.121094 0.279687 0.148438 0.279687 0.175781 0.271875 0.185547
