0 0.132812 0.439453 0.119141 0.429688 0.119141 0.414062 0.128906 0.408203 0.152344 0.412109 0.150391 0.429688 0.132812 0.439453
0 0.000000 0.607422 0.019531 0.607422 0.029297 0.617188 0.029297 0.632812 0.019531 0.642578 0.000000 0.642578
0 0.000000 0.833984 0.009766 0.843750 0.009766 0.863281 0.000000 0.869141
0 0.160156 0.392578 0.146484 0.378906 0.146484 0.367188 0.156250 0.357422 0.175781 0.365234 0.181641 0.375000 0.171875 0.388672 0.160156 0.392578
0 0.609375 0.044922 0.589844 0.044922 0.583984 0.039062 0.583984 0.023438 0.597656 0.001953 0.609375 0.001953 0.623047 0.011719 0.623047 0.027344 0.609375 0.044922
0 0.957031 0.138672 0.949219 0.138672 0.943359 0.125000 0.949219 0.119141 0.960938 0.123047 0.968750 0.111328 0.976562 0.111328 0.982422 0.125000 0.976562 0.130859 0.964844 0.126953 0.957031 0.138672
0 0.730469 0.103516 0.714844 0.103516 0.705078 0.093750 0.708984 0.070312 0.722656 0.052734 0.734375 0.052734 0.744141 0.066406 0.744141 0.085938 0.730469 0.103516
0 0.320312 0.220703 0.308594 0.220703 0.294922 0.203125 0.304688 0.173828 0.324219 0.181641 0.341797 0.199219 0.339844 0.212891 0.320312 0.220703
0 0.093750 0.505859 0.080078 0.496094 0.076172 0.476562 0.089844 0.451172 0.113281 0.451172 0.123047 0.464844 0.123047 0.484375 0.113281 0.498047 0.093750 0.505859
0 0.000000 0.650391 0.015625 0.642578 0.029297 0.656250 0.029297 0.667969 0.019531 0.677734 0.000000 0.681641
0 0.996094 0.107422 0.982422 0.101562 0.982422 0.082031 0.996094 0.076172
0 0.175781 0.443359 0.134766 0.437500 0.150391 0.429688 0.160156 0.408203 0.175781 0.408203 0.185547 0.421875 0.175781 0.443359
0 0.281250 0.642578 0.265625 0.642578 0.259766 0.636719 0.259766 0.617188 0.265625 0.611328 0.283203 0.617188 0.287109 0.636719 0.281250 0.642578
0 0.050781 0.087891 0.039062 0.080078 0.035156 0.083984 0.025391 0.066406 0.035156 0.048828 0.050781 0.044922 0.060547 0.054688 0.060547 0.074219 0.050781 0.087891
0 0.519531 0.408203 0.496094 0.404297 0.478516 0.386719 0.478516 0.375000 0.488281 0.365234 0.511719 0.365234 0.521484 0.375000 0.525391 0.402344 0.519531 0.408203
0 0.488281 0.439453 0.472656 0.439453 0.462891 0.429688 0.462891 0.414062 0.476562 0.396484 0.501953 0.406250 0.501953 0.429688 0.488281 0.439453
0 0.861328 0.000000 0.851562 0.013672 0.828125 0.013672 0.818359 0.000000
0 0.941406 0.126953 0.933594 0.126953 0.923828 0.113281 0.929688 0.099609 0.949219 0.099609 0.966797 0.109375 0.960938 0.123047 0.949219 0.119141 0.941406 0.126953
0 0.000000 0.759766 0.011719 0.755859 0.029297 0.765625 0.025391 0.785156 0.000000 0.798828
0 0.296875 0.638672 0.287109 0.636719 0.279297 0.613281 0.285156 0.603516 0.300781 0.603516 0.306641 0.609375 0.306641 0.628906 0.296875 0.638672
0 0.550781 0.376953 0.539062 0.365234 0.531250 0.373047 0.517578 0.355469 0.535156 0.330078 0.560547 0.355469 0.560547 0.367188 0.550781 0.376953
0 0.273438 0.380859 0.255859 0.371094 0.255859 0.355469 0.265625 0.349609 0.289062 0.349609 0.291016 0.367188 0.273438 0.380859
0 0.964844 0.162109 0.951172 0.156250 0.957031 0.142578 0.970703 0.148438 0.964844 0.162109
0 0.429688 0.412109 0.419922 0.410156 0.419922 0.398438 0.408203 0.382812 0.425781 0.365234 0.445312 0.365234 0.451172 0.371094 0.447266 0.394531 0.429688 0.412109
0 0.187500 0.341797 0.167969 0.341797 0.162109 0.335938 0.162109 0.324219 0.183594 0.310547 0.197266 0.316406 0.197266 0.332031 0.187500 0.341797
0 0.519531 0.173828 0.498047 0.164062 0.501953 0.152344 0.527344 0.134766 0.542969 0.138672 0.544922 0.160156 0.519531 0.173828
0 0.175781 0.318359 0.156250 0.314453 0.142578 0.300781 0.142578 0.292969 0.156250 0.287109 0.171875 0.294922 0.181641 0.304688 0.175781 0.318359
0 0.265625 0.423828 0.244141 0.421875 0.246094 0.384766 0.259766 0.390625 0.271484 0.410156 0.265625 0.423828
0 0.250000 0.662109 0.226562 0.662109 0.220703 0.656250 0.220703 0.636719 0.234375 0.623047 0.259766 0.625000 0.263672 0.644531 0.250000 0.662109
0 0.578125 0.189453 0.560547 0.183594 0.564453 0.167969 0.556641 0.160156 0.566406 0.150391 0.587891 0.164062 0.587891 0.183594 0.578125 0.189453
0 0.941406 0.048828 0.925781 0.048828 0.912109 0.035156 0.912109 0.019531 0.917969 0.013672 0.945312 0.013672 0.951172 0.019531 0.951172 0.039062 0.941406 0.048828
0 0.972656 0.185547 0.945312 0.185547 0.939453 0.167969 0.945312 0.162109 0.972656 0.162109 0.978516 0.167969 0.972656 0.185547
