0 0.429688 0.517578 0.404297 0.507812 0.414062 0.505859 0.427734 0.488281 0.427734 0.445312 0.416016 0.433594 0.425781 0.423828 0.492188 0.419922 0.507812 0.412109 0.537109 0.441406 0.513672 0.480469 0.507812 0.505859 0.496094 0.494141 0.437500 0.498047 0.429688 0.517578
0 0.593750 0.447266 0.558594 0.435547 0.544922 0.414062 0.541016 0.394531 0.556641 0.378906 0.572266 0.343750 0.593750 0.326172 0.628906 0.330078 0.646484 0.351562 0.654297 0.390625 0.642578 0.417969 0.628906 0.431641 0.593750 0.447266
0 0.457031 0.396484 0.425781 0.396484 0.408203 0.386719 0.400391 0.367188 0.400391 0.343750 0.410156 0.326172 0.433594 0.326172 0.466797 0.347656 0.470703 0.382812 0.457031 0.396484
0 0.601562 0.783203 0.582031 0.783203 0.556641 0.765625 0.548828 0.750000 0.548828 0.722656 0.578125 0.685547 0.601562 0.673828 0.621094 0.673828 0.646484 0.699219 0.646484 0.730469 0.634766 0.753906 0.601562 0.783203
0 0.207031 0.384766 0.179688 0.384766 0.156250 0.373047 0.138672 0.351562 0.138672 0.339844 0.146484 0.332031 0.146484 0.300781 0.179688 0.275391 0.214844 0.279297 0.236328 0.296875 0.244141 0.312500 0.244141 0.347656 0.236328 0.363281 0.207031 0.384766
0 0.000000 0.666016 0.017578 0.675781 0.025391 0.695312 0.017578 0.726562 0.000000 0.740234
0 0.080078 0.000000 0.080078 0.023438 0.072266 0.039062 0.054688 0.052734 0.023438 0.052734 0.000000 0.033203
0 0.546875 0.345703 0.544922 0.308594 0.527344 0.302734 0.503906 0.283203 0.488281 0.283203 0.476562 0.291016 0.457031 0.318359 0.451172 0.312500 0.462891 0.300781 0.464844 0.287109 0.476562 0.287109 0.488281 0.275391 0.515625 0.275391 0.546875 0.302734 0.556641 0.304688 0.560547 0.328125 0.546875 0.345703
0 0.527344 0.365234 0.500000 0.365234 0.494141 0.359375 0.494141 0.343750 0.517578 0.328125 0.527344 0.302734 0.539062 0.302734 0.544922 0.308594 0.544922 0.343750 0.527344 0.365234
0 0.410156 0.302734 0.378906 0.302734 0.365234 0.292969 0.357422 0.269531 0.361328 0.242188 0.371094 0.232422 0.414062 0.232422 0.431641 0.246094 0.431641 0.289062 0.410156 0.302734
0 0.000000 0.146484 0.025391 0.160156 0.033203 0.179688 0.025391 0.207031 0.000000 0.224609
0 0.410156 0.310547 0.367188 0.310547 0.349609 0.292969 0.359375 0.232422 0.369141 0.234375 0.361328 0.242188 0.357422 0.273438 0.365234 0.292969 0.378906 0.302734 0.421875 0.298828 0.431641 0.289062 0.431641 0.246094 0.416016 0.234375 0.433594 0.232422 0.443359 0.242188 0.443359 0.289062 0.429688 0.302734 0.410156 0.310547
0 0.566406 0.263672 0.531250 0.259766 0.513672 0.242188 0.505859 0.207031 0.513672 0.179688 0.523438 0.177734 0.542969 0.154297 0.582031 0.154297 0.609375 0.162109 0.619141 0.171875 0.611328 0.226562 0.603516 0.242188 0.566406 0.263672
0 0.730469 0.365234 0.710938 0.365234 0.693359 0.351562 0.689453 0.332031 0.699219 0.318359 0.726562 0.314453 0.740234 0.328125 0.744141 0.347656 0.730469 0.365234
0 0.990234 0.000000 0.984375 0.009766 0.960938 0.021484 0.921875 0.017578 0.908203 0.000000
0 0.390625 0.208984 0.359375 0.208984 0.337891 0.187500 0.341797 0.164062 0.378906 0.138672 0.394531 0.142578 0.416016 0.175781 0.416016 0.191406 0.390625 0.208984
0 0.406250 0.677734 0.378906 0.673828 0.361328 0.656250 0.357422 0.625000 0.394531 0.607422 0.437500 0.607422 0.443359 0.652344 0.429688 0.669922 0.406250 0.677734
0 0.613281 0.134766 0.603516 0.132812 0.611328 0.125000 0.611328 0.113281 0.597656 0.099609 0.582031 0.099609 0.570312 0.107422 0.556641 0.093750 0.556641 0.070312 0.566406 0.052734 0.589844 0.048828 0.611328 0.062500 0.607422 0.097656 0.615234 0.105469 0.613281 0.134766
0 0.300781 0.283203 0.281250 0.279297 0.259766 0.246094 0.267578 0.222656 0.281250 0.212891 0.300781 0.212891 0.320312 0.224609 0.330078 0.238281 0.326172 0.265625 0.300781 0.283203
0 0.511719 0.681641 0.476562 0.681641 0.451172 0.660156 0.451172 0.644531 0.464844 0.615234 0.500000 0.619141 0.513672 0.632812 0.521484 0.664062 0.511719 0.681641
0 0.378906 0.595703 0.363281 0.576172 0.375000 0.583984 0.414062 0.583984 0.453125 0.556641 0.472656 0.576172 0.492188 0.576172 0.509766 0.562500 0.515625 0.537109 0.533203 0.550781 0.496094 0.587891 0.449219 0.583984 0.390625 0.587891 0.378906 0.595703
0 0.335938 0.419922 0.324219 0.419922 0.306641 0.402344 0.308594 0.388672 0.328125 0.404297 0.359375 0.408203 0.380859 0.390625 0.384766 0.375000 0.388672 0.394531 0.378906 0.412109 0.351562 0.412109 0.335938 0.419922
0 0.359375 0.408203 0.328125 0.404297 0.306641 0.386719 0.306641 0.363281 0.314453 0.347656 0.339844 0.330078 0.363281 0.330078 0.384766 0.347656 0.380859 0.390625 0.359375 0.408203
0 0.000000 0.845703 0.027344 0.853516 0.048828 0.882812 0.044922 0.925781 0.027344 0.943359 0.000000 0.947266
0 0.000000 0.251953 0.011719 0.255859 0.029297 0.277344 0.025391 0.300781 0.009766 0.316406 0.005859 0.335938 0.000000 0.337891
0 0.382812 0.509766 0.355469 0.509766 0.347656 0.498047 0.333984 0.492188 0.337891 0.453125 0.359375 0.431641 0.406250 0.427734 0.427734 0.445312 0.427734 0.488281 0.414062 0.505859 0.382812 0.509766
0 0.996094 0.720703 0.984375 0.728516 0.953125 0.724609 0.935547 0.710938 0.923828 0.687500 0.931641 0.660156 0.945312 0.646484 0.960938 0.638672 0.996094 0.642578
0 0.812500 0.654297 0.773438 0.650391 0.744141 0.613281 0.744141 0.582031 0.751953 0.566406 0.785156 0.544922 0.824219 0.548828 0.841797 0.562500 0.853516 0.585938 0.849609 0.625000 0.839844 0.638672 0.812500 0.654297
0 0.398438 0.107422 0.355469 0.107422 0.337891 0.093750 0.333984 0.074219 0.343750 0.044922 0.355469 0.037109 0.386719 0.037109 0.416016 0.054688 0.419922 0.089844 0.398438 0.107422
0 0.492188 0.576172 0.472656 0.576172 0.455078 0.562500 0.451172 0.539062 0.431641 0.515625 0.437500 0.498047 0.496094 0.494141 0.509766 0.507812 0.517578 0.535156 0.513672 0.554688 0.492188 0.576172
0 0.000000 0.451172 0.021484 0.468750 0.037109 0.492188 0.021484 0.539062 0.000000 0.560547
0 0.105469 0.501953 0.078125 0.498047 0.048828 0.472656 0.021484 0.437500 0.021484 0.421875 0.039062 0.396484 0.128906 0.400391 0.142578 0.410156 0.146484 0.445312 0.138672 0.472656 0.121094 0.494141 0.105469 0.501953
0 0.574219 0.537109 0.558594 0.537109 0.533203 0.519531 0.529297 0.480469 0.542969 0.462891 0.554688 0.458984 0.580078 0.496094 0.580078 0.531250 0.574219 0.537109
0 0.402344 0.798828 0.382812 0.798828 0.376953 0.792969 0.376953 0.753906 0.361328 0.730469 0.367188 0.716797 0.390625 0.716797 0.423828 0.738281 0.419922 0.789062 0.402344 0.798828
0 0.582031 0.533203 0.580078 0.496094 0.554688 0.455078 0.562500 0.455078 0.587891 0.476562 0.582031 0.533203
0 0.277344 0.142578 0.242188 0.138672 0.216797 0.113281 0.212891 0.101562 0.216797 0.062500 0.224609 0.046875 0.250000 0.025391 0.277344 0.025391 0.314453 0.046875 0.318359 0.117188 0.277344 0.142578
0 0.097656 0.384766 0.035156 0.380859 0.021484 0.371094 0.025391 0.335938 0.042969 0.314453 0.054688 0.314453 0.062500 0.306641 0.085938 0.310547 0.119141 0.328125 0.123047 0.375000 0.097656 0.384766
0 0.296875 0.587891 0.273438 0.587891 0.253906 0.580078 0.228516 0.550781 0.228516 0.515625 0.236328 0.496094 0.269531 0.470703 0.300781 0.470703 0.330078 0.507812 0.333984 0.570312 0.296875 0.587891
0 0.000000 0.576172 0.023438 0.560547 0.050781 0.560547 0.080078 0.582031 0.091797 0.605469 0.080078 0.636719 0.062500 0.650391 0.031250 0.654297 0.000000 0.642578
0 0.833984 0.000000 0.841797 0.062500 0.804688 0.091797 0.781250 0.091797 0.740234 0.050781 0.740234 0.019531 0.748047 0.000000
0 0.492188 0.345703 0.466797 0.339844 0.458984 0.332031 0.458984 0.312500 0.488281 0.283203 0.503906 0.283203 0.525391 0.304688 0.517578 0.328125 0.492188 0.345703
0 0.164062 0.689453 0.144531 0.689453 0.121094 0.677734 0.099609 0.648438 0.111328 0.601562 0.125000 0.591797 0.164062 0.591797 0.179688 0.599609 0.197266 0.621094 0.197266 0.660156 0.175781 0.685547 0.164062 0.689453
0 0.082031 0.177734 0.052734 0.160156 0.041016 0.136719 0.041016 0.113281 0.070312 0.083984 0.109375 0.083984 0.134766 0.105469 0.138672 0.128906 0.093750 0.162109 0.082031 0.177734
0 0.355469 0.533203 0.349609 0.523438 0.351562 0.505859 0.384766 0.511719 0.363281 0.521484 0.355469 0.533203
0 0.414062 0.583984 0.375000 0.583984 0.357422 0.570312 0.357422 0.527344 0.390625 0.505859 0.437500 0.521484 0.451172 0.539062 0.451172 0.558594 0.414062 0.583984
0 0.457031 0.185547 0.439453 0.179688 0.439453 0.167969 0.416016 0.128906 0.425781 0.103516 0.445312 0.099609 0.453125 0.091797 0.468750 0.091797 0.484375 0.099609 0.494141 0.113281 0.498047 0.160156 0.480469 0.177734 0.457031 0.185547
0 0.308594 0.294922 0.281250 0.294922 0.265625 0.287109 0.248047 0.269531 0.240234 0.250000 0.248047 0.218750 0.281250 0.193359 0.316406 0.197266 0.337891 0.214844 0.333984 0.277344 0.308594 0.294922
0 0.414062 0.212891 0.351562 0.212891 0.337891 0.191406 0.347656 0.193359 0.359375 0.208984 0.390625 0.208984 0.416016 0.191406 0.417969 0.173828 0.423828 0.195312 0.414062 0.212891
0 0.398438 0.119141 0.355469 0.119141 0.345703 0.113281 0.341797 0.101562 0.347656 0.099609 0.355469 0.107422 0.398438 0.107422 0.414062 0.095703 0.416016 0.101562 0.398438 0.119141
0 0.191406 0.236328 0.167969 0.236328 0.152344 0.228516 0.119141 0.195312 0.123047 0.167969 0.144531 0.138672 0.191406 0.142578 0.216797 0.179688 0.212891 0.214844 0.191406 0.236328
0 0.882812 0.533203 0.843750 0.521484 0.826172 0.500000 0.822266 0.484375 0.833984 0.441406 0.863281 0.423828 0.882812 0.423828 0.914062 0.435547 0.931641 0.460938 0.931641 0.492188 0.923828 0.507812 0.906250 0.525391 0.882812 0.533203
0 0.597656 0.138672 0.578125 0.138672 0.568359 0.128906 0.568359 0.109375 0.574219 0.103516 0.597656 0.099609 0.611328 0.113281 0.611328 0.125000 0.597656 0.138672
0 0.128906 0.298828 0.078125 0.294922 0.041016 0.261719 0.044922 0.234375 0.062500 0.208984 0.101562 0.208984 0.125000 0.224609 0.146484 0.250000 0.146484 0.269531 0.128906 0.298828
0 0.363281 0.822266 0.332031 0.822266 0.316406 0.814453 0.291016 0.785156 0.291016 0.742188 0.308594 0.720703 0.324219 0.712891 0.388672 0.714844 0.367188 0.716797 0.361328 0.730469 0.376953 0.753906 0.376953 0.792969 0.400391 0.800781 0.363281 0.822266
0 0.179688 0.822266 0.156250 0.822266 0.136719 0.814453 0.119141 0.785156 0.123047 0.750000 0.140625 0.732422 0.160156 0.724609 0.187500 0.728516 0.208984 0.750000 0.212891 0.761719 0.208984 0.800781 0.179688 0.822266
0 0.125000 0.306641 0.103516 0.300781 0.128906 0.298828 0.134766 0.292969 0.148438 0.251953 0.146484 0.289062 0.125000 0.306641
0 0.667969 0.568359 0.640625 0.568359 0.603516 0.546875 0.603516 0.492188 0.609375 0.486328 0.632812 0.474609 0.660156 0.470703 0.671875 0.470703 0.689453 0.484375 0.705078 0.511719 0.705078 0.531250 0.697266 0.546875 0.667969 0.568359
