0 0.332031 0.615234 0.281250 0.615234 0.271484 0.601562 0.279297 0.570312 0.308594 0.541016 0.332031 0.541016 0.349609 0.566406 0.345703 0.597656 0.332031 0.615234
0 0.414062 0.994141 0.386719 0.990234 0.376953 0.980469 0.376953 0.949219 0.386719 0.935547 0.410156 0.931641 0.435547 0.949219 0.435547 0.976562 0.414062 0.994141
0 0.218750 0.822266 0.195312 0.814453 0.189453 0.800781 0.189453 0.785156 0.207031 0.771484 0.226562 0.771484 0.240234 0.781250 0.240234 0.812500 0.218750 0.822266
0 0.117188 0.830078 0.087891 0.828125 0.091797 0.800781 0.101562 0.791016 0.121094 0.791016 0.138672 0.804688 0.134766 0.816406 0.117188 0.830078
0 0.109375 0.583984 0.085938 0.583984 0.064453 0.558594 0.068359 0.515625 0.101562 0.501953 0.125000 0.505859 0.146484 0.535156 0.146484 0.546875 0.109375 0.583984
0 0.140625 0.728516 0.125000 0.728516 0.115234 0.718750 0.111328 0.703125 0.121094 0.689453 0.146484 0.695312 0.150391 0.714844 0.140625 0.728516
0 0.955078 0.000000 0.917969 0.017578 0.892578 0.000000
0 0.148438 0.505859 0.097656 0.501953 0.091797 0.496094 0.091797 0.476562 0.109375 0.462891 0.152344 0.466797 0.162109 0.476562 0.162109 0.496094 0.148438 0.505859
0 0.492188 0.564453 0.472656 0.560547 0.455078 0.531250 0.462891 0.515625 0.480469 0.505859 0.511719 0.513672 0.521484 0.535156 0.517578 0.550781 0.507812 0.560547 0.492188 0.564453
0 0.000000 0.712891 0.019531 0.693359 0.042969 0.701172 0.052734 0.710938 0.068359 0.750000 0.068359 0.769531 0.050781 0.787109 0.035156 0.794922 0.015625 0.794922 0.000000 0.787109
