0 0.996875 0.642578 0.970313 0.597656 0.932813 0.554688 0.920312 0.527344 0.895312 0.496094 0.892188 0.441406 0.900000 0.427734 0.921875 0.423828 0.965625 0.443359 0.996875 0.470703
0 0.479687 0.000000 0.489063 0.058594 0.476562 0.089844 0.473438 0.113281 0.453125 0.123047 0.428125 0.115234 0.393750 0.083984 0.351562 0.023438 0.342187 0.000000
0 0.978125 0.412109 0.971875 0.412109 0.939063 0.363281 0.932813 0.328125 0.898438 0.253906 0.892188 0.203125 0.892188 0.156250 0.896875 0.150391 0.925000 0.158203 0.942187 0.179688 0.964063 0.226562 0.985938 0.343750 0.985938 0.394531 0.978125 0.412109
0 0.325000 0.830078 0.293750 0.830078 0.271875 0.818359 0.260937 0.804688 0.257812 0.773438 0.289062 0.722656 0.328125 0.673828 0.350000 0.662109 0.378125 0.662109 0.390625 0.669922 0.401562 0.687500 0.401562 0.730469 0.373437 0.785156 0.350000 0.814453 0.325000 0.830078
0 0.562500 0.193359 0.537500 0.193359 0.506250 0.177734 0.485938 0.152344 0.476562 0.128906 0.476562 0.089844 0.485938 0.062500 0.506250 0.033203 0.528125 0.037109 0.554688 0.066406 0.576562 0.125000 0.582812 0.164062 0.576562 0.179688 0.562500 0.193359
0 0.051562 0.996094 0.029687 0.968750 0.020313 0.933594 0.020313 0.890625 0.026562 0.863281 0.040625 0.849609 0.068750 0.849609 0.084375 0.865234 0.096875 0.869141 0.128125 0.869141 0.175000 0.904297 0.185938 0.925781 0.189062 0.945312 0.185938 0.980469 0.176563 0.996094
0 0.871875 0.724609 0.846875 0.716797 0.807813 0.679688 0.789062 0.648438 0.776563 0.589844 0.776563 0.539062 0.782813 0.507812 0.800000 0.474609 0.825000 0.458984 0.862500 0.466797 0.881250 0.486328 0.907813 0.562500 0.917188 0.625000 0.917188 0.660156 0.910937 0.687500 0.901563 0.703125 0.884375 0.720703 0.871875 0.724609
0 0.996875 0.150391 0.971875 0.162109 0.951562 0.144531 0.942187 0.117188 0.942187 0.101562 0.885938 0.000000
0 0.128125 0.611328 0.068750 0.607422 0.048438 0.578125 0.048438 0.527344 0.070312 0.484375 0.103125 0.451172 0.168750 0.451172 0.198437 0.476562 0.198437 0.531250 0.189062 0.554688 0.162500 0.587891 0.128125 0.611328
0 0.256250 0.732422 0.240625 0.732422 0.221875 0.720703 0.201563 0.691406 0.201563 0.617188 0.218750 0.587891 0.240625 0.572266 0.268750 0.572266 0.293750 0.580078 0.310937 0.601562 0.317188 0.628906 0.317188 0.671875 0.310937 0.687500 0.275000 0.724609 0.256250 0.732422
