0 0.387931 0.808654 0.370690 0.808654 0.360632 0.800962 0.351293 0.782692 0.351293 0.773077 0.364943 0.764423 0.373563 0.764423 0.387931 0.772115 0.394397 0.780769 0.397270 0.790385 0.397270 0.801923 0.387931 0.808654
0 0.191092 0.131731 0.165230 0.131731 0.163793 0.127885 0.160201 0.126923 0.157328 0.115385 0.160920 0.114423 0.181034 0.091346 0.192529 0.089423 0.198994 0.098077 0.201868 0.123077 0.191092 0.131731
0 0.058908 0.847115 0.040230 0.845192 0.036638 0.832692 0.053161 0.820192 0.065374 0.834615 0.063937 0.842308 0.058908 0.847115
0 0.416667 0.308654 0.415230 0.304808 0.400862 0.306731 0.392960 0.300000 0.388649 0.276923 0.388649 0.261538 0.393678 0.247115 0.408046 0.245192 0.414511 0.250000 0.418822 0.273077 0.421695 0.276923 0.418822 0.278846 0.418822 0.290385 0.415948 0.298077 0.416667 0.308654
0 0.514368 0.668269 0.502874 0.668269 0.497126 0.662500 0.489943 0.660577 0.477730 0.640385 0.479167 0.626923 0.491379 0.618269 0.501437 0.622115 0.517241 0.633654 0.525144 0.655769 0.520115 0.664423 0.514368 0.668269
0 0.250000 0.385577 0.239943 0.385577 0.233477 0.376923 0.232040 0.365385 0.234195 0.362500 0.245690 0.362500 0.252155 0.371154 0.250000 0.385577
0 0.623563 0.958654 0.604885 0.958654 0.595546 0.942308 0.595546 0.930769 0.600575 0.920192 0.626437 0.908654 0.641523 0.915385 0.644397 0.921154 0.644397 0.936538 0.635057 0.952885 0.623563 0.958654
0 0.459770 0.172115 0.447557 0.165385 0.444684 0.157692 0.444684 0.144231 0.448994 0.130769 0.458333 0.118269 0.472701 0.116346 0.480603 0.125000 0.479167 0.148077 0.469828 0.164423 0.459770 0.172115
0 0.646552 0.152885 0.640805 0.152885 0.635776 0.146154 0.635776 0.136538 0.640086 0.123077 0.638649 0.121154 0.642960 0.109615 0.653736 0.095192 0.663793 0.091346 0.670259 0.098077 0.670259 0.117308 0.663075 0.134615 0.646552 0.152885
0 0.094828 0.891346 0.086925 0.878846 0.085489 0.861538 0.093391 0.847115 0.103448 0.839423 0.110632 0.839423 0.119971 0.851923 0.119971 0.865385 0.115661 0.875000 0.115661 0.880769 0.110632 0.887500 0.096264 0.887500 0.094828 0.891346
0 0.238506 0.458654 0.221264 0.458654 0.214080 0.450962 0.208333 0.449038 0.201868 0.438462 0.203305 0.421154 0.208333 0.416346 0.222701 0.416346 0.235632 0.418269 0.239943 0.422115 0.244971 0.432692 0.244971 0.446154 0.242098 0.455769 0.238506 0.458654
0 0.301724 0.912500 0.280172 0.906731 0.264368 0.895192 0.257902 0.884615 0.259339 0.873077 0.272989 0.866346 0.297414 0.877885 0.306753 0.890385 0.308190 0.896154 0.308190 0.905769 0.301724 0.912500
0 0.362069 0.441346 0.346264 0.439423 0.340517 0.435577 0.336925 0.426923 0.336925 0.421154 0.342672 0.409615 0.353448 0.400962 0.362069 0.400962 0.367816 0.404808 0.378592 0.419231 0.377155 0.428846 0.370690 0.437500 0.362069 0.441346
0 0.849138 0.224038 0.821839 0.222115 0.813937 0.213462 0.813937 0.209615 0.818247 0.200000 0.824713 0.193269 0.834770 0.193269 0.846264 0.185577 0.853448 0.185577 0.860632 0.189423 0.867098 0.198077 0.867098 0.205769 0.864224 0.213462 0.856322 0.222115 0.849138 0.224038
0 0.998563 0.572115 0.992098 0.588462 0.982759 0.597115 0.978448 0.597115 0.970546 0.588462 0.970546 0.553846 0.978448 0.539423 0.989943 0.539423 0.997845 0.548077 0.998563 0.552885
0 0.721264 0.325962 0.707615 0.317308 0.707615 0.292308 0.709052 0.286538 0.721264 0.270192 0.732759 0.268269 0.739224 0.280769 0.736351 0.300000 0.730603 0.313462 0.730603 0.321154 0.722701 0.322115 0.721264 0.325962
0 0.879310 0.433654 0.866379 0.431731 0.864224 0.428846 0.859914 0.419231 0.859914 0.405769 0.880747 0.377885 0.887931 0.377885 0.892960 0.382692 0.895833 0.394231 0.890086 0.415385 0.880029 0.428846 0.879310 0.433654
0 0.163793 0.074038 0.149425 0.070192 0.142960 0.059615 0.142960 0.051923 0.147989 0.047115 0.162356 0.064423 0.166667 0.064423 0.167385 0.069231 0.163793 0.074038
0 0.074713 0.731731 0.068966 0.729808 0.063937 0.719231 0.066810 0.692308 0.073276 0.683654 0.087644 0.674038 0.102011 0.677885 0.107040 0.684615 0.107040 0.700000 0.101293 0.705769 0.097701 0.714423 0.094828 0.714423 0.086207 0.725962 0.074713 0.731731
0 0.580460 0.041346 0.573276 0.041346 0.558908 0.033654 0.551006 0.023077 0.552443 0.017308 0.557471 0.010577 0.566092 0.006731 0.576149 0.006731 0.594828 0.014423 0.609914 0.015385 0.609914 0.028846 0.607759 0.031731 0.580460 0.041346
0 0.508621 0.241346 0.499282 0.232692 0.496408 0.213462 0.500718 0.209615 0.500718 0.201923 0.506466 0.190385 0.507902 0.180769 0.515805 0.168269 0.520115 0.166346 0.525144 0.175000 0.522270 0.182692 0.522270 0.196154 0.517960 0.207692 0.520833 0.217308 0.516523 0.232692 0.508621 0.241346
0 0.191092 0.699038 0.175287 0.695192 0.170259 0.688462 0.167385 0.680769 0.169540 0.658654 0.170977 0.660577 0.172414 0.656731 0.183908 0.656731 0.194684 0.665385 0.194684 0.692308 0.191092 0.699038
0 0.382902 0.998077 0.381466 0.976923 0.387931 0.964423 0.396552 0.960577 0.400862 0.962500 0.407328 0.973077 0.408764 0.998077
0 0.079023 0.600962 0.070402 0.599038 0.055316 0.580769 0.052443 0.571154 0.052443 0.555769 0.057471 0.545192 0.066092 0.545192 0.076868 0.555769 0.082615 0.571154 0.085489 0.588462 0.079023 0.600962
0 0.000000 0.420192 0.018678 0.410577 0.025862 0.410577 0.032328 0.419231 0.032328 0.426923 0.028017 0.440385 0.014368 0.458654 0.004310 0.466346 0.000000 0.466346
0 0.376437 0.279808 0.364943 0.274038 0.359914 0.257692 0.359914 0.236538 0.364943 0.225962 0.379310 0.225962 0.391523 0.234615 0.391523 0.253846 0.387213 0.259615 0.382902 0.273077 0.376437 0.279808
0 0.385057 0.629808 0.377874 0.629808 0.366379 0.622115 0.364943 0.625962 0.363506 0.622115 0.359914 0.626923 0.359914 0.615385 0.355603 0.603846 0.361351 0.598077 0.358477 0.584615 0.362069 0.577885 0.369253 0.572115 0.382184 0.574038 0.392960 0.588462 0.398707 0.603846 0.398707 0.617308 0.390805 0.627885 0.385057 0.629808
0 0.221264 0.381731 0.214799 0.380769 0.214799 0.367308 0.221264 0.360577 0.225575 0.360577 0.227730 0.363462 0.227730 0.371154 0.221264 0.381731
0 0.153736 0.275962 0.140805 0.274038 0.132902 0.259615 0.131466 0.236538 0.140805 0.224038 0.149425 0.227885 0.154454 0.234615 0.160201 0.251923 0.158764 0.269231 0.153736 0.275962
0 0.218391 0.550962 0.209770 0.549038 0.206897 0.545192 0.200431 0.526923 0.200431 0.509615 0.203305 0.496154 0.206897 0.489423 0.214080 0.487500 0.219828 0.487500 0.224856 0.492308 0.224856 0.500000 0.227730 0.503846 0.230603 0.517308 0.229167 0.534615 0.226293 0.542308 0.218391 0.550962
0 0.000000 0.481731 0.003592 0.484615 0.003592 0.511538 0.000000 0.516346
0 0.561782 0.583654 0.543103 0.583654 0.531609 0.577885 0.522270 0.563462 0.522270 0.555769 0.528736 0.545192 0.543103 0.539423 0.561782 0.547115 0.571121 0.559615 0.571121 0.571154 0.568247 0.578846 0.561782 0.583654
0 0.307471 0.212500 0.301724 0.212500 0.289511 0.198077 0.285201 0.182692 0.286638 0.180769 0.281609 0.174038 0.284483 0.175962 0.300287 0.172115 0.303161 0.166346 0.311782 0.162500 0.319684 0.167308 0.322557 0.175000 0.321121 0.190385 0.315374 0.207692 0.307471 0.212500
0 0.114943 0.516346 0.109195 0.516346 0.102730 0.507692 0.099856 0.490385 0.101293 0.475000 0.105603 0.463462 0.113506 0.456731 0.122126 0.460577 0.127155 0.473077 0.127155 0.490385 0.124282 0.503846 0.114943 0.516346
0 0.060345 0.800962 0.052443 0.790385 0.053879 0.784615 0.067529 0.770192 0.077586 0.766346 0.081178 0.771154 0.079741 0.778846 0.073276 0.789423 0.061782 0.797115 0.060345 0.800962
0 0.913793 0.266346 0.897989 0.264423 0.890086 0.251923 0.890086 0.246154 0.897989 0.233654 0.909483 0.229808 0.923851 0.229808 0.930316 0.236538 0.933190 0.246154 0.930316 0.257692 0.922414 0.264423 0.913793 0.266346
0 0.425287 0.924038 0.419540 0.924038 0.408046 0.912500 0.402299 0.910577 0.392960 0.896154 0.391523 0.884615 0.396552 0.875962 0.409483 0.875962 0.418103 0.881731 0.419540 0.885577 0.426006 0.886538 0.428879 0.896154 0.434626 0.903846 0.434626 0.913462 0.429598 0.922115 0.425287 0.924038
0 0.000000 0.522115 0.010057 0.525962 0.015086 0.532692 0.010776 0.555769 0.004310 0.566346 0.000000 0.568269
0 0.998563 0.047115 0.989943 0.047115 0.983477 0.038462 0.983477 0.025000 0.989224 0.013462 0.996408 0.005769 0.996408 0.000000
0 0.135057 0.106731 0.129310 0.106731 0.125718 0.100000 0.122845 0.080769 0.126437 0.075962 0.132184 0.075962 0.135776 0.080769 0.135776 0.088462 0.138649 0.090385 0.138649 0.101923 0.135057 0.106731
0 0.350575 0.229808 0.347701 0.229808 0.341236 0.221154 0.336925 0.201923 0.339799 0.184615 0.338362 0.180769 0.346264 0.170192 0.353448 0.170192 0.359195 0.174038 0.364224 0.182692 0.364224 0.205769 0.361351 0.221154 0.357759 0.227885 0.350575 0.229808
0 0.146552 0.377885 0.130029 0.371154 0.125718 0.365385 0.127155 0.351923 0.135057 0.341346 0.145115 0.333654 0.160920 0.331731 0.168103 0.335577 0.177443 0.350000 0.176006 0.365385 0.163793 0.375962 0.146552 0.377885
0 0.998563 0.775962 0.996408 0.788462 0.985632 0.806731 0.975575 0.810577 0.971264 0.808654 0.966236 0.800000 0.966236 0.773077 0.975575 0.754808 0.988506 0.749038 0.995690 0.752885 0.998563 0.760577
0 0.230603 0.000000 0.229167 0.011538 0.211207 0.031731 0.201149 0.031731 0.193247 0.025000 0.188937 0.015385 0.188937 0.007692 0.192529 0.000962 0.196121 0.000000
0 0.409483 0.381731 0.397989 0.381731 0.389368 0.375962 0.378592 0.361538 0.375718 0.351923 0.375718 0.338462 0.382184 0.329808 0.397989 0.331731 0.410201 0.344231 0.415948 0.357692 0.417385 0.369231 0.409483 0.381731
0 0.961207 0.924038 0.955460 0.924038 0.947557 0.917308 0.946121 0.884615 0.954023 0.874038 0.961207 0.874038 0.965517 0.877885 0.977730 0.894231 0.980603 0.901923 0.977011 0.916346 0.969828 0.922115 0.961207 0.924038
0 0.083333 0.449038 0.079023 0.449038 0.071121 0.440385 0.066810 0.417308 0.076149 0.399038 0.083333 0.393269 0.090517 0.393269 0.096983 0.401923 0.096983 0.415385 0.089799 0.440385 0.083333 0.449038
0 0.301724 0.997115 0.297414 0.997115 0.281609 0.987500 0.269397 0.973077 0.267960 0.961538 0.265086 0.959615 0.265086 0.951923 0.270115 0.941346 0.281609 0.939423 0.283046 0.943269 0.287356 0.943269 0.301006 0.953846 0.299569 0.955769 0.306753 0.965385 0.311063 0.976923 0.308190 0.992308 0.301724 0.997115
0 0.385057 0.175962 0.375000 0.170192 0.371408 0.163462 0.371408 0.146154 0.377874 0.133654 0.383621 0.129808 0.390805 0.129808 0.401580 0.144231 0.403017 0.157692 0.397989 0.168269 0.392241 0.174038 0.385057 0.175962
0 0.000000 0.912500 0.002155 0.919231 0.007902 0.925000 0.009339 0.938462 0.012213 0.944231 0.012213 0.969231 0.007184 0.977885 0.000000 0.979808
0 0.436782 0.514423 0.423851 0.512500 0.410201 0.498077 0.405891 0.486538 0.405891 0.475000 0.408046 0.472115 0.413793 0.468269 0.428161 0.468269 0.441810 0.480769 0.446121 0.490385 0.446121 0.503846 0.442529 0.510577 0.436782 0.514423
0 0.045977 0.506731 0.041667 0.506731 0.030891 0.494231 0.030891 0.469231 0.041667 0.450962 0.048851 0.447115 0.058908 0.447115 0.064655 0.450962 0.066810 0.457692 0.065374 0.484615 0.058908 0.499038 0.045977 0.506731
0 0.498563 0.441346 0.492816 0.441346 0.484195 0.435577 0.479167 0.425000 0.476293 0.401923 0.484195 0.385577 0.497126 0.385577 0.502874 0.389423 0.512213 0.403846 0.512213 0.428846 0.505747 0.437500 0.501437 0.437500 0.498563 0.441346
0 0.676724 0.764423 0.662356 0.762500 0.655891 0.751923 0.655891 0.742308 0.665230 0.729808 0.670977 0.731731 0.672414 0.727885 0.676724 0.727885 0.682471 0.731731 0.687500 0.740385 0.688937 0.748077 0.686063 0.757692 0.682471 0.762500 0.676724 0.764423
0 0.094828 0.943269 0.087644 0.943269 0.081178 0.934615 0.079741 0.917308 0.082615 0.901923 0.089080 0.893269 0.096264 0.889423 0.110632 0.891346 0.115661 0.900000 0.111351 0.925000 0.104167 0.932692 0.102011 0.939423 0.094828 0.943269
0 0.435345 0.074038 0.423851 0.072115 0.420259 0.065385 0.420259 0.053846 0.429598 0.037500 0.436782 0.031731 0.451149 0.031731 0.463362 0.040385 0.464799 0.050000 0.456897 0.066346 0.446839 0.072115 0.435345 0.074038
0 0.669540 0.514423 0.662356 0.514423 0.661638 0.505769 0.668103 0.504808 0.670259 0.507692 0.669540 0.514423
0 0.079023 0.195192 0.047414 0.195192 0.038075 0.186538 0.038075 0.173077 0.047414 0.166346 0.048851 0.162500 0.057471 0.158654 0.077586 0.158654 0.086925 0.171154 0.086925 0.186538 0.079023 0.195192
0 0.218391 0.127885 0.202586 0.124038 0.200431 0.109615 0.200431 0.096154 0.203305 0.088462 0.209770 0.077885 0.215517 0.075962 0.229885 0.079808 0.234914 0.096154 0.234914 0.107692 0.232040 0.113462 0.218391 0.127885
0 0.287356 0.404808 0.277299 0.399038 0.272270 0.386538 0.278736 0.358654 0.280891 0.359615 0.284483 0.372115 0.288793 0.368269 0.294540 0.368269 0.298132 0.380769 0.293822 0.398077 0.287356 0.404808
0 0.474138 0.654808 0.456897 0.652885 0.447557 0.642308 0.444684 0.636538 0.444684 0.628846 0.442529 0.629808 0.437500 0.619231 0.437500 0.605769 0.442529 0.595192 0.456897 0.595192 0.477730 0.623077 0.477730 0.650000 0.474138 0.654808
0 0.031609 0.045192 0.015805 0.043269 0.010776 0.038462 0.009339 0.026923 0.014368 0.020192 0.020115 0.018269 0.040230 0.020192 0.042385 0.023077 0.042385 0.036538 0.037356 0.043269 0.031609 0.045192
0 0.369971 0.000000 0.369971 0.025000 0.363506 0.039423 0.353448 0.039423 0.342672 0.028846 0.336925 0.009615 0.332615 0.007692 0.336925 0.000000
0 0.626437 0.904808 0.614943 0.900962 0.601293 0.880769 0.601293 0.861538 0.610632 0.852885 0.622126 0.852885 0.630747 0.858654 0.640086 0.876923 0.640086 0.894231 0.633621 0.902885 0.626437 0.904808
0 0.099856 0.998077 0.096983 0.992308 0.098420 0.980769 0.117816 0.970192 0.123563 0.970192 0.131466 0.978846 0.134339 0.988462 0.130029 0.998077
0 0.971264 0.145192 0.955460 0.143269 0.946839 0.137500 0.937500 0.121154 0.937500 0.111538 0.946839 0.102885 0.962644 0.104808 0.972701 0.110577 0.980603 0.125000 0.980603 0.134615 0.971264 0.145192
0 0.658046 0.385577 0.647989 0.385577 0.637213 0.373077 0.632902 0.363462 0.632902 0.330769 0.637931 0.324038 0.645115 0.320192 0.650862 0.322115 0.658764 0.332692 0.661638 0.340385 0.661638 0.353846 0.665948 0.357692 0.664511 0.373077 0.661638 0.375000 0.664511 0.382692 0.658046 0.385577
0 0.522989 0.100962 0.515805 0.100962 0.509339 0.094231 0.507902 0.071154 0.515086 0.053846 0.521552 0.045192 0.531609 0.043269 0.540948 0.053846 0.542385 0.071154 0.535201 0.086538 0.522989 0.100962
0 0.922414 0.485577 0.906609 0.485577 0.897989 0.481731 0.890086 0.471154 0.890086 0.453846 0.893678 0.449038 0.909483 0.447115 0.926724 0.458654 0.930316 0.465385 0.930316 0.475000 0.922414 0.485577
0 0.755747 0.704808 0.747126 0.704808 0.740661 0.696154 0.740661 0.688462 0.736351 0.676923 0.739224 0.659615 0.742816 0.654808 0.752874 0.654808 0.754310 0.647115 0.756466 0.655769 0.760776 0.661538 0.759339 0.671154 0.762213 0.680769 0.760776 0.694231 0.755747 0.704808
0 0.291667 0.322115 0.281609 0.322115 0.272989 0.316346 0.266523 0.305769 0.265086 0.288462 0.272989 0.272115 0.283046 0.268269 0.294540 0.272115 0.301006 0.278846 0.303879 0.286538 0.305316 0.296154 0.299569 0.303846 0.298132 0.315385 0.291667 0.322115
0 0.206897 0.704808 0.191810 0.703846 0.194684 0.692308 0.193247 0.675000 0.195402 0.664423 0.198276 0.664423 0.201868 0.673077 0.210489 0.682692 0.210489 0.700000 0.206897 0.704808
0 0.433908 0.337500 0.428161 0.337500 0.420259 0.328846 0.417385 0.292308 0.422414 0.275962 0.428161 0.275962 0.436063 0.286538 0.437500 0.300000 0.440374 0.301923 0.444684 0.315385 0.444684 0.328846 0.433908 0.337500
0 0.554598 0.349038 0.544540 0.349038 0.541667 0.343269 0.538793 0.343269 0.529454 0.332692 0.525144 0.319231 0.533046 0.304808 0.540230 0.300962 0.563218 0.300962 0.568247 0.305769 0.572557 0.317308 0.572557 0.332692 0.566092 0.343269 0.554598 0.349038
0 0.647270 0.000000 0.650144 0.005769 0.650144 0.013462 0.639368 0.024038 0.629310 0.024038 0.609195 0.014423 0.603448 0.014423 0.601293 0.011538 0.601293 0.001923 0.598420 0.000000
0 0.000000 0.760577 0.008621 0.760577 0.014368 0.764423 0.019397 0.771154 0.023707 0.786538 0.017241 0.804808 0.011494 0.808654 0.000000 0.806731
0 0.913793 0.766346 0.905172 0.764423 0.901580 0.755769 0.901580 0.730769 0.907328 0.711538 0.913793 0.702885 0.926724 0.700962 0.933190 0.711538 0.931753 0.750000 0.928161 0.758654 0.913793 0.766346
0 0.136494 0.962500 0.127874 0.962500 0.122126 0.958654 0.120690 0.952885 0.111351 0.944231 0.111351 0.932692 0.120690 0.925962 0.130747 0.931731 0.140086 0.944231 0.140086 0.959615 0.137931 0.958654 0.136494 0.962500
0 0.024425 0.935577 0.015805 0.933654 0.007902 0.925000 0.005029 0.915385 0.005029 0.892308 0.012931 0.879808 0.031609 0.881731 0.038075 0.898077 0.039511 0.919231 0.034483 0.927885 0.024425 0.935577
0 0.820402 0.166346 0.808908 0.166346 0.803879 0.159615 0.805316 0.140385 0.814655 0.125962 0.824713 0.118269 0.839080 0.118269 0.845546 0.130769 0.842672 0.144231 0.836207 0.154808 0.820402 0.166346
0 0.054598 0.091346 0.048851 0.091346 0.042385 0.084615 0.042385 0.061538 0.047414 0.054808 0.053161 0.054808 0.059626 0.059615 0.059626 0.065385 0.055316 0.067308 0.059626 0.082692 0.054598 0.091346
0 0.418103 0.862500 0.408046 0.856731 0.402299 0.856731 0.397270 0.848077 0.397270 0.825000 0.404454 0.811538 0.413793 0.800962 0.419540 0.800962 0.428879 0.809615 0.433190 0.830769 0.430316 0.848077 0.422414 0.860577 0.418103 0.862500
0 0.515805 0.949038 0.502155 0.932692 0.496408 0.917308 0.496408 0.896154 0.501437 0.889423 0.510057 0.889423 0.515805 0.893269 0.523707 0.907692 0.526580 0.938462 0.515805 0.949038
0 0.852011 0.849038 0.841236 0.838462 0.841236 0.813462 0.848420 0.794231 0.853448 0.787500 0.860632 0.787500 0.871408 0.809615 0.871408 0.823077 0.865661 0.838462 0.860632 0.845192 0.852011 0.849038
0 0.998563 0.375962 0.985632 0.377885 0.973420 0.361538 0.974856 0.351923 0.979885 0.345192 0.998563 0.339423
0 0.737069 0.904808 0.706897 0.891346 0.703305 0.886538 0.704741 0.873077 0.716954 0.860577 0.729885 0.860577 0.735632 0.864423 0.746408 0.884615 0.742098 0.901923 0.737069 0.904808
0 0.079023 0.250962 0.064655 0.243269 0.052443 0.230769 0.048132 0.221154 0.048851 0.208654 0.056034 0.202885 0.071839 0.202885 0.088362 0.221154 0.091236 0.236538 0.086207 0.247115 0.079023 0.250962
0 0.339080 0.560577 0.326149 0.554808 0.319684 0.542308 0.319684 0.534615 0.333333 0.518269 0.352011 0.514423 0.357040 0.519231 0.357040 0.540385 0.349138 0.552885 0.340517 0.556731 0.339080 0.560577
0 0.462644 0.318269 0.455460 0.318269 0.450431 0.311538 0.448994 0.286538 0.451868 0.269231 0.456178 0.259615 0.459770 0.254808 0.466954 0.252885 0.473420 0.259615 0.476293 0.267308 0.476293 0.288462 0.470546 0.309615 0.462644 0.318269
0 0.195402 0.177885 0.185345 0.177885 0.181753 0.171154 0.181753 0.159615 0.184626 0.150000 0.201149 0.125962 0.219828 0.127885 0.224856 0.138462 0.224856 0.148077 0.219109 0.153846 0.216954 0.160577 0.195402 0.177885
0 0.658046 0.741346 0.654454 0.740385 0.653017 0.721154 0.658046 0.716346 0.669540 0.716346 0.671695 0.719231 0.671695 0.730769 0.665230 0.729808 0.658046 0.741346
0 0.614943 0.672115 0.604885 0.670192 0.592672 0.655769 0.585489 0.636538 0.585489 0.625000 0.587644 0.620192 0.600575 0.616346 0.614224 0.626923 0.621408 0.650000 0.621408 0.665385 0.614943 0.672115
0 0.339080 0.054808 0.324713 0.052885 0.321839 0.049038 0.317529 0.049038 0.312500 0.042308 0.309626 0.034615 0.309626 0.023077 0.314655 0.014423 0.331897 0.006731 0.336925 0.009615 0.342672 0.028846 0.346983 0.032692 0.346983 0.042308 0.339080 0.054808
0 0.045977 0.645192 0.028736 0.643269 0.021552 0.639423 0.016523 0.632692 0.015086 0.615385 0.022989 0.600962 0.030172 0.597115 0.038793 0.599038 0.055316 0.617308 0.058190 0.623077 0.058190 0.634615 0.053161 0.641346 0.045977 0.645192
0 0.745690 0.168269 0.735632 0.166346 0.733477 0.163462 0.733477 0.140385 0.752874 0.116346 0.765805 0.114423 0.770833 0.123077 0.770833 0.134615 0.767960 0.144231 0.759339 0.155769 0.758621 0.160577 0.745690 0.168269
0 0.283046 0.064423 0.267241 0.062500 0.255029 0.050000 0.255029 0.034615 0.258621 0.025962 0.271552 0.024038 0.283046 0.027885 0.290948 0.036538 0.293822 0.042308 0.293822 0.053846 0.283046 0.064423
0 0.608477 0.998077 0.617816 0.985577 0.626437 0.979808 0.639368 0.981731 0.645115 0.985577 0.650144 0.998077
0 0.998563 0.412500 0.975575 0.422115 0.965517 0.416346 0.961925 0.407692 0.961925 0.400000 0.971264 0.387500 0.979885 0.381731 0.998563 0.383654
0 0.060345 0.056731 0.054598 0.056731 0.048132 0.051923 0.048132 0.034615 0.056034 0.018269 0.066092 0.018269 0.071121 0.026923 0.071121 0.034615 0.066810 0.044231 0.066810 0.050000 0.060345 0.056731
0 0.593391 0.424038 0.586207 0.424038 0.579023 0.418269 0.566810 0.400000 0.565374 0.375000 0.568966 0.370192 0.579023 0.374038 0.589799 0.386538 0.589799 0.392308 0.594109 0.396154 0.596983 0.403846 0.596983 0.415385 0.593391 0.424038
0 0.590517 0.737500 0.580460 0.737500 0.568966 0.729808 0.559626 0.711538 0.556753 0.692308 0.561782 0.679808 0.576149 0.679808 0.581897 0.683654 0.595546 0.701923 0.599856 0.713462 0.599856 0.725000 0.590517 0.737500
0 0.941092 0.195192 0.928161 0.195192 0.913793 0.187500 0.904454 0.171154 0.905891 0.161538 0.909483 0.158654 0.922414 0.158654 0.941092 0.164423 0.950431 0.178846 0.948994 0.186538 0.941092 0.195192
0 0.882184 0.329808 0.863506 0.329808 0.859914 0.326923 0.858477 0.315385 0.859914 0.309615 0.872126 0.295192 0.889368 0.289423 0.898707 0.300000 0.900144 0.307692 0.897270 0.317308 0.890805 0.325962 0.882184 0.329808
0 0.357759 0.643269 0.347701 0.643269 0.339080 0.637500 0.326868 0.621154 0.322557 0.613462 0.322557 0.600000 0.327586 0.591346 0.331897 0.587500 0.344828 0.589423 0.354167 0.598077 0.358477 0.607692 0.359914 0.626923 0.363506 0.622115 0.364943 0.625962 0.367098 0.623077 0.364224 0.636538 0.357759 0.643269
0 0.880747 0.883654 0.869253 0.883654 0.867098 0.880769 0.864224 0.875000 0.864224 0.867308 0.867098 0.861538 0.880747 0.841346 0.889368 0.835577 0.899425 0.831731 0.906609 0.835577 0.910201 0.846154 0.904454 0.863462 0.893678 0.877885 0.892241 0.875962 0.880747 0.883654
0 0.018678 0.335577 0.007184 0.335577 0.005029 0.332692 0.003592 0.313462 0.012213 0.286538 0.018678 0.277885 0.030172 0.274038 0.036638 0.280769 0.038075 0.288462 0.033764 0.317308 0.040948 0.321154 0.027299 0.325962 0.024425 0.331731 0.020115 0.331731 0.018678 0.335577
0 0.298851 0.654808 0.288793 0.654808 0.272989 0.643269 0.271552 0.639423 0.264368 0.637500 0.255029 0.625000 0.255029 0.609615 0.264368 0.600962 0.281609 0.608654 0.293103 0.627885 0.298851 0.627885 0.302443 0.632692 0.302443 0.648077 0.298851 0.654808
0 0.770115 0.666346 0.767241 0.662500 0.761494 0.664423 0.756466 0.655769 0.753592 0.644231 0.753592 0.626923 0.760057 0.614423 0.770115 0.616346 0.776580 0.626923 0.776580 0.644231 0.770115 0.666346
0 0.418822 0.000000 0.414511 0.009615 0.408046 0.014423 0.395115 0.014423 0.387213 0.000000
0 0.669540 0.716346 0.652299 0.716346 0.647270 0.711538 0.644397 0.686538 0.649425 0.677885 0.659483 0.677885 0.668822 0.686538 0.673132 0.705769 0.673132 0.713462 0.669540 0.716346
0 0.455460 0.858654 0.445402 0.852885 0.438937 0.842308 0.438937 0.834615 0.433190 0.830769 0.430316 0.811538 0.434626 0.807692 0.436063 0.792308 0.439655 0.787500 0.452586 0.787500 0.454741 0.790385 0.457615 0.798077 0.459052 0.815385 0.463362 0.823077 0.464799 0.846154 0.455460 0.858654
0 0.270115 0.854808 0.262931 0.854808 0.250000 0.843269 0.246408 0.836538 0.243534 0.823077 0.244971 0.815385 0.248563 0.810577 0.260057 0.806731 0.268678 0.810577 0.272270 0.817308 0.278017 0.846154 0.270115 0.854808
0 0.551724 0.841346 0.538793 0.837500 0.530172 0.829808 0.522989 0.816346 0.516523 0.811538 0.513649 0.801923 0.514368 0.789423 0.531609 0.787500 0.540230 0.793269 0.555316 0.813462 0.558190 0.832692 0.551724 0.841346
0 0.000000 0.052885 0.002155 0.053846 0.006466 0.067308 0.006466 0.076923 0.000000 0.085577
0 0.284483 0.175962 0.275862 0.172115 0.272270 0.167308 0.269397 0.155769 0.272989 0.147115 0.284483 0.137500 0.307471 0.137500 0.312500 0.142308 0.313937 0.159615 0.310345 0.164423 0.303161 0.166346 0.300287 0.172115 0.285920 0.172115 0.284483 0.175962
0 0.941092 0.970192 0.936782 0.970192 0.931753 0.965385 0.931753 0.953846 0.941092 0.939423 0.945402 0.939423 0.954023 0.931731 0.969828 0.931731 0.971983 0.934615 0.971983 0.942308 0.965517 0.952885 0.955460 0.964423 0.941092 0.970192
0 0.783046 0.706731 0.772989 0.706731 0.769397 0.703846 0.766523 0.694231 0.769397 0.680769 0.766523 0.669231 0.762213 0.665385 0.767241 0.664423 0.768678 0.672115 0.772270 0.653846 0.778736 0.647115 0.790230 0.649038 0.793822 0.657692 0.792385 0.696154 0.783046 0.706731
0 0.893678 0.612500 0.887931 0.612500 0.876437 0.602885 0.867098 0.584615 0.871408 0.565385 0.876437 0.554808 0.887931 0.554808 0.900144 0.573077 0.900144 0.607692 0.893678 0.612500
0 0.194684 0.998077 0.197557 0.961538 0.211207 0.943269 0.219828 0.943269 0.227730 0.948077 0.227730 0.980769 0.221983 0.998077
0 0.616379 0.291346 0.604885 0.291346 0.594109 0.273077 0.594109 0.267308 0.599856 0.244231 0.609195 0.231731 0.623563 0.229808 0.631466 0.240385 0.631466 0.259615 0.616379 0.291346
0 0.379310 0.760577 0.362069 0.758654 0.351293 0.748077 0.351293 0.740385 0.357759 0.727885 0.363506 0.724038 0.375000 0.724038 0.382902 0.730769 0.387213 0.751923 0.383621 0.758654 0.382184 0.756731 0.379310 0.760577
0 0.768678 0.452885 0.755747 0.450962 0.749282 0.442308 0.744971 0.430769 0.744971 0.405769 0.751437 0.397115 0.765805 0.397115 0.775144 0.409615 0.775144 0.438462 0.768678 0.452885
0 0.160920 0.114423 0.150862 0.106731 0.145115 0.106731 0.142960 0.100000 0.158046 0.074038 0.163793 0.074038 0.168103 0.068269 0.178161 0.068269 0.181753 0.073077 0.180316 0.090385 0.160920 0.114423
0 0.308908 0.522115 0.300287 0.522115 0.292385 0.515385 0.290948 0.503846 0.293822 0.496154 0.308908 0.479808 0.318966 0.479808 0.326149 0.483654 0.329741 0.490385 0.328305 0.503846 0.323276 0.512500 0.308908 0.522115
0 0.000000 0.114423 0.002874 0.114423 0.007184 0.108654 0.009339 0.109615 0.009339 0.125000 0.006466 0.126923 0.007902 0.132692 0.000000 0.143269
0 0.019397 0.998077 0.023707 0.980769 0.023707 0.969231 0.031609 0.960577 0.045977 0.966346 0.051006 0.975000 0.048132 0.998077
0 0.155172 0.137500 0.146552 0.137500 0.140086 0.128846 0.140086 0.113462 0.142241 0.106731 0.150862 0.106731 0.157328 0.113462 0.161638 0.130769 0.158046 0.131731 0.155172 0.137500
0 0.069684 0.000000 0.075431 0.011538 0.075431 0.017308 0.070402 0.024038 0.066092 0.018269 0.054598 0.018269 0.051006 0.009615 0.051006 0.000000
0 0.024425 0.131731 0.012931 0.129808 0.007902 0.119231 0.010776 0.098077 0.017241 0.087500 0.027299 0.089423 0.035201 0.103846 0.033764 0.119231 0.024425 0.131731
0 0.719828 0.110577 0.709770 0.110577 0.706178 0.107692 0.703305 0.100000 0.706178 0.082692 0.715517 0.068269 0.724138 0.062500 0.734195 0.058654 0.741379 0.062500 0.746408 0.069231 0.746408 0.082692 0.729885 0.102885 0.719828 0.110577
0 0.221983 0.998077 0.232040 0.971154 0.244253 0.964423 0.252155 0.965385 0.252155 0.969231 0.249282 0.971154 0.252155 0.998077
0 0.162356 0.895192 0.153736 0.895192 0.149425 0.887500 0.145833 0.886538 0.144397 0.876923 0.144397 0.863462 0.149425 0.860577 0.159483 0.845192 0.167385 0.850000 0.167385 0.861538 0.171695 0.873077 0.171695 0.882692 0.162356 0.895192
0 0.118534 0.000000 0.115661 0.011538 0.107759 0.020192 0.097701 0.020192 0.089080 0.016346 0.085489 0.009615 0.088362 0.000000
0 0.313218 0.875962 0.304598 0.875962 0.292385 0.869231 0.292385 0.859615 0.285201 0.840385 0.286638 0.832692 0.290230 0.827885 0.303161 0.825962 0.321121 0.840385 0.321121 0.867308 0.317529 0.874038 0.313218 0.875962
0 0.846983 0.998077 0.828305 0.967308 0.828305 0.959615 0.833333 0.954808 0.841954 0.954808 0.857759 0.964423 0.868534 0.982692 0.872845 0.998077
0 0.176724 0.181731 0.165230 0.181731 0.153017 0.173077 0.151580 0.167308 0.155891 0.153846 0.165230 0.145192 0.172414 0.145192 0.180316 0.157692 0.181753 0.176923 0.176724 0.181731
0 0.321839 0.414423 0.309626 0.409615 0.305316 0.401923 0.303879 0.390385 0.309626 0.378846 0.316092 0.372115 0.317529 0.374038 0.318966 0.370192 0.331897 0.372115 0.338362 0.380769 0.342672 0.392308 0.340517 0.400962 0.334770 0.404808 0.331897 0.402885 0.329023 0.412500 0.321839 0.414423
0 0.231322 0.385577 0.224856 0.382692 0.224856 0.375000 0.228448 0.366346 0.233477 0.367308 0.233477 0.382692 0.231322 0.385577
0 0.287356 0.370192 0.283046 0.370192 0.280891 0.359615 0.278017 0.357692 0.278017 0.346154 0.282328 0.342308 0.280891 0.340385 0.286638 0.326923 0.290230 0.324038 0.310345 0.325962 0.315374 0.334615 0.315374 0.340385 0.311063 0.346154 0.311063 0.353846 0.307471 0.358654 0.301724 0.358654 0.298851 0.366346 0.287356 0.370192
0 0.110632 0.120192 0.105603 0.119231 0.101293 0.113462 0.099856 0.105769 0.099856 0.092308 0.104885 0.085577 0.112787 0.090385 0.117098 0.103846 0.115661 0.115385 0.110632 0.120192
0 0.695402 0.402885 0.678161 0.402885 0.665948 0.386538 0.664511 0.371154 0.666667 0.350962 0.675287 0.345192 0.682471 0.349038 0.691092 0.362500 0.695402 0.362500 0.698994 0.367308 0.698994 0.398077 0.695402 0.402885
0 0.231322 0.691346 0.222701 0.691346 0.216954 0.687500 0.203305 0.671154 0.200431 0.653846 0.204023 0.645192 0.222701 0.647115 0.236351 0.663462 0.239224 0.669231 0.239224 0.682692 0.231322 0.691346
0 0.044540 0.387500 0.025862 0.387500 0.019397 0.373077 0.017960 0.357692 0.022270 0.332692 0.027299 0.325962 0.037356 0.322115 0.044540 0.322115 0.052443 0.340385 0.053879 0.369231 0.052443 0.376923 0.044540 0.387500
0 0.143678 0.641346 0.139368 0.641346 0.134339 0.636538 0.131466 0.628846 0.131466 0.609615 0.137213 0.586538 0.142241 0.579808 0.147989 0.577885 0.152299 0.579808 0.154454 0.584615 0.155891 0.603846 0.153017 0.626923 0.150144 0.634615 0.143678 0.641346
0 0.998563 0.258654 0.988506 0.272115 0.977011 0.279808 0.965517 0.279808 0.959052 0.267308 0.963362 0.253846 0.971264 0.243269 0.985632 0.231731 0.991379 0.231731 0.998563 0.243269
0 0.313218 0.122115 0.301724 0.122115 0.294540 0.118269 0.289511 0.109615 0.289511 0.096154 0.303161 0.085577 0.310345 0.083654 0.321839 0.087500 0.326868 0.098077 0.326868 0.111538 0.313218 0.122115
0 0.132184 0.756731 0.123563 0.756731 0.118534 0.746154 0.118534 0.740385 0.125718 0.717308 0.135057 0.712500 0.140086 0.717308 0.141523 0.736538 0.135776 0.753846 0.132184 0.756731
0 0.331897 0.816346 0.320402 0.816346 0.308190 0.805769 0.305316 0.784615 0.310345 0.774038 0.326149 0.772115 0.341236 0.788462 0.341236 0.803846 0.338362 0.811538 0.331897 0.816346
0 0.580460 0.210577 0.573276 0.210577 0.568247 0.205769 0.566810 0.198077 0.572557 0.171154 0.575431 0.169231 0.578305 0.155769 0.586207 0.141346 0.591954 0.137500 0.600575 0.137500 0.604167 0.144231 0.602730 0.169231 0.596983 0.178846 0.594109 0.190385 0.580460 0.210577
0 0.032328 0.000000 0.033764 0.003846 0.029454 0.013462 0.032328 0.017308 0.031609 0.020192 0.020115 0.018269 0.015805 0.020192 0.016523 0.013462 0.001437 0.004808 0.000718 0.000000
0 0.025862 0.164423 0.013649 0.163462 0.009339 0.150000 0.009339 0.140385 0.011494 0.137500 0.017241 0.135577 0.023707 0.144231 0.028017 0.155769 0.025862 0.164423
0 0.821839 0.770192 0.810345 0.770192 0.801006 0.763462 0.801006 0.738462 0.805316 0.723077 0.810345 0.716346 0.820402 0.708654 0.829023 0.708654 0.838362 0.719231 0.841236 0.728846 0.841236 0.740385 0.835489 0.757692 0.821839 0.770192
0 0.936782 0.593269 0.926724 0.591346 0.918822 0.576923 0.918822 0.555769 0.929598 0.541346 0.939655 0.541346 0.947557 0.555769 0.946121 0.580769 0.936782 0.593269
0 0.816092 0.506731 0.803161 0.504808 0.795259 0.496154 0.795259 0.478846 0.798132 0.473077 0.803161 0.468269 0.811782 0.468269 0.813937 0.465385 0.804598 0.464423 0.802443 0.461538 0.796695 0.438462 0.798132 0.428846 0.806034 0.418269 0.810345 0.416346 0.817529 0.418269 0.821121 0.423077 0.826868 0.440385 0.826868 0.451923 0.821121 0.461538 0.833333 0.468269 0.838362 0.480769 0.835489 0.490385 0.830460 0.497115 0.816092 0.506731
0 0.336207 0.991346 0.321839 0.981731 0.317529 0.981731 0.316810 0.976923 0.313218 0.974038 0.309626 0.975000 0.298132 0.950000 0.303879 0.944231 0.304598 0.937500 0.324713 0.939423 0.334052 0.951923 0.342672 0.975000 0.342672 0.986538 0.336207 0.991346
0 0.590517 0.085577 0.579023 0.079808 0.573994 0.073077 0.569684 0.059615 0.571839 0.050962 0.584770 0.050962 0.586925 0.053846 0.594109 0.067308 0.594109 0.078846 0.590517 0.085577
0 0.754310 0.331731 0.743534 0.323077 0.742098 0.296154 0.746408 0.278846 0.751437 0.272115 0.760057 0.272115 0.767960 0.282692 0.769397 0.300000 0.765086 0.321154 0.754310 0.331731
0 0.148707 0.000000 0.150144 0.017308 0.147270 0.025000 0.133621 0.033654 0.126437 0.033654 0.118534 0.025000 0.115661 0.007692 0.119971 0.000000
