0 0.149425 0.141346 0.140805 0.141346 0.135057 0.137500 0.128592 0.126923 0.124282 0.096154 0.130747 0.087500 0.146552 0.091346 0.153017 0.100000 0.158764 0.115385 0.158764 0.132692 0.149425 0.141346
0 0.775862 0.054808 0.765805 0.054808 0.751437 0.047115 0.746408 0.038462 0.746408 0.030769 0.755747 0.020192 0.767241 0.012500 0.780172 0.014423 0.785201 0.023077 0.785201 0.034615 0.775862 0.054808
0 0.571839 0.745192 0.563218 0.743269 0.558190 0.734615 0.558190 0.719231 0.564655 0.706731 0.573276 0.702885 0.579023 0.706731 0.586207 0.704808 0.597701 0.712500 0.604167 0.721154 0.605603 0.732692 0.600575 0.741346 0.574713 0.741346 0.571839 0.745192
0 0.277299 0.799038 0.261494 0.795192 0.256466 0.788462 0.255029 0.776923 0.264368 0.762500 0.274425 0.756731 0.278736 0.750962 0.290230 0.747115 0.300287 0.749038 0.312500 0.759615 0.313937 0.771154 0.308908 0.779808 0.277299 0.799038
0 0.663793 0.210577 0.660920 0.210577 0.655891 0.201923 0.653017 0.173077 0.665230 0.152885 0.669540 0.149038 0.675287 0.149038 0.680316 0.153846 0.680316 0.163462 0.673132 0.190385 0.668822 0.198077 0.668822 0.203846 0.663793 0.210577
0 0.189655 0.122115 0.181034 0.122115 0.175287 0.116346 0.171695 0.111538 0.171695 0.098077 0.189655 0.072115 0.199713 0.072115 0.210489 0.082692 0.213362 0.103846 0.206897 0.112500 0.189655 0.122115
0 0.000000 0.041346 0.012931 0.047115 0.017960 0.053846 0.019397 0.063462 0.019397 0.084615 0.011494 0.093269 0.000000 0.095192
0 0.471264 0.443269 0.456897 0.441346 0.441810 0.425000 0.434626 0.411538 0.431753 0.400000 0.431753 0.392308 0.435345 0.385577 0.441092 0.381731 0.454023 0.385577 0.471983 0.407692 0.476293 0.421154 0.476293 0.436538 0.471264 0.443269
0 0.781609 0.100962 0.768678 0.099038 0.757184 0.091346 0.752155 0.084615 0.752155 0.071154 0.755747 0.062500 0.765805 0.058654 0.777299 0.060577 0.785920 0.064423 0.789511 0.069231 0.792385 0.084615 0.788075 0.096154 0.781609 0.100962
0 0.418103 0.983654 0.408046 0.983654 0.399425 0.977885 0.392241 0.964423 0.385776 0.959615 0.385776 0.946154 0.395115 0.935577 0.402299 0.935577 0.413793 0.945192 0.422414 0.947115 0.426006 0.951923 0.427443 0.959615 0.421695 0.980769 0.418103 0.983654
0 0.454023 0.843269 0.439655 0.841346 0.434626 0.830769 0.434626 0.823077 0.444684 0.786538 0.455460 0.774038 0.464080 0.774038 0.473420 0.786538 0.473420 0.811538 0.469109 0.825000 0.454023 0.843269
0 0.247126 0.164423 0.235632 0.160577 0.232040 0.142308 0.224856 0.134615 0.226293 0.117308 0.234195 0.106731 0.238506 0.104808 0.248563 0.108654 0.263649 0.130769 0.263649 0.142308 0.247126 0.164423
0 0.723420 0.000000 0.732040 0.013462 0.732040 0.019231 0.728448 0.027885 0.716954 0.033654 0.705460 0.033654 0.693966 0.027885 0.688937 0.021154 0.688937 0.005769 0.691810 0.000000
0 0.287356 0.449038 0.277299 0.445192 0.257902 0.411538 0.259339 0.401923 0.268678 0.389423 0.280172 0.387500 0.293822 0.405769 0.295259 0.440385 0.287356 0.449038
0 0.656609 0.866346 0.645115 0.864423 0.638649 0.850000 0.637213 0.828846 0.640086 0.819231 0.647989 0.812500 0.652299 0.812500 0.674569 0.836538 0.674569 0.846154 0.669540 0.852885 0.663793 0.852885 0.656609 0.866346
0 0.827586 0.704808 0.821839 0.704808 0.811063 0.694231 0.803879 0.671154 0.805316 0.655769 0.817529 0.633654 0.829023 0.633654 0.841236 0.651923 0.845546 0.667308 0.842672 0.688462 0.837644 0.697115 0.827586 0.704808
0 0.512931 0.206731 0.498563 0.202885 0.484914 0.188462 0.482040 0.178846 0.482040 0.163462 0.484914 0.159615 0.484914 0.151923 0.488506 0.147115 0.498563 0.145192 0.501437 0.149038 0.505747 0.149038 0.507902 0.155769 0.526580 0.180769 0.529454 0.196154 0.524425 0.202885 0.512931 0.206731
0 0.073276 0.641346 0.060345 0.641346 0.045259 0.619231 0.047414 0.610577 0.061782 0.602885 0.070402 0.593269 0.076149 0.593269 0.082615 0.601923 0.082615 0.611538 0.073276 0.641346
0 0.936782 0.908654 0.923851 0.908654 0.918822 0.901923 0.918822 0.888462 0.924569 0.876923 0.946839 0.847115 0.964080 0.839423 0.971264 0.841346 0.979167 0.855769 0.979167 0.865385 0.966954 0.883654 0.955460 0.889423 0.936782 0.908654
0 0.474138 0.114423 0.455460 0.112500 0.436782 0.099038 0.427443 0.086538 0.427443 0.069231 0.442529 0.056731 0.455460 0.066346 0.462644 0.064423 0.469109 0.078846 0.479167 0.090385 0.479167 0.105769 0.474138 0.114423
0 0.484195 0.724038 0.472701 0.724038 0.465517 0.718269 0.456178 0.688462 0.460489 0.671154 0.472701 0.654808 0.489943 0.654808 0.500718 0.671154 0.500718 0.688462 0.496408 0.703846 0.484195 0.724038
0 0.666667 0.143269 0.653736 0.141346 0.640086 0.123077 0.641523 0.107692 0.647989 0.097115 0.653736 0.097115 0.660920 0.102885 0.674569 0.123077 0.674569 0.136538 0.666667 0.143269
0 0.619253 0.937500 0.606322 0.933654 0.598420 0.923077 0.595546 0.913462 0.595546 0.886538 0.598420 0.878846 0.604885 0.872115 0.614943 0.872115 0.625718 0.886538 0.628592 0.894231 0.630029 0.913462 0.625718 0.928846 0.619253 0.937500
0 0.998563 0.122115 0.990661 0.115385 0.984914 0.101923 0.986351 0.090385 0.994253 0.079808 0.998563 0.079808
0 0.241379 0.368269 0.237787 0.367308 0.230603 0.348077 0.242816 0.335577 0.250000 0.335577 0.253592 0.346154 0.259339 0.353846 0.259339 0.361538 0.257184 0.366346 0.241379 0.368269
0 0.238506 0.404808 0.225575 0.402885 0.220546 0.396154 0.220546 0.388462 0.232759 0.377885 0.238506 0.368269 0.260057 0.366346 0.262213 0.369231 0.260776 0.384615 0.250000 0.399038 0.238506 0.404808
0 0.933908 0.862500 0.923851 0.862500 0.920259 0.857692 0.917385 0.846154 0.913075 0.840385 0.914511 0.832692 0.918103 0.827885 0.928161 0.827885 0.936063 0.840385 0.940374 0.855769 0.933908 0.862500
0 0.172414 0.227885 0.163793 0.227885 0.147989 0.212500 0.136494 0.206731 0.127155 0.194231 0.128592 0.178846 0.145115 0.168269 0.155172 0.168269 0.166667 0.174038 0.178879 0.190385 0.181753 0.203846 0.184626 0.207692 0.184626 0.217308 0.172414 0.227885
0 0.488506 0.560577 0.478448 0.558654 0.464799 0.532692 0.464799 0.523077 0.474138 0.512500 0.487069 0.514423 0.500718 0.528846 0.500718 0.538462 0.496408 0.551923 0.488506 0.560577
0 0.311782 0.131731 0.293103 0.131731 0.285920 0.127885 0.279454 0.119231 0.279454 0.109615 0.298851 0.093269 0.317529 0.095192 0.325431 0.105769 0.325431 0.123077 0.318966 0.129808 0.311782 0.131731
0 0.066092 0.697115 0.054598 0.697115 0.042385 0.678846 0.042385 0.669231 0.045977 0.662500 0.074713 0.664423 0.082615 0.671154 0.082615 0.682692 0.076149 0.691346 0.066092 0.697115
0 0.149425 0.695192 0.136494 0.693269 0.128592 0.684615 0.127155 0.661538 0.132902 0.648077 0.137931 0.643269 0.146552 0.639423 0.162356 0.639423 0.170259 0.648077 0.171695 0.667308 0.168822 0.676923 0.158046 0.691346 0.149425 0.695192
0 0.097701 0.872115 0.087644 0.868269 0.079741 0.848077 0.079741 0.840385 0.093391 0.827885 0.106322 0.829808 0.117098 0.842308 0.117098 0.859615 0.097701 0.872115
0 0.183908 0.577885 0.171695 0.565385 0.170259 0.557692 0.171695 0.550000 0.184626 0.536538 0.188937 0.523077 0.195402 0.514423 0.208333 0.518269 0.216236 0.532692 0.216236 0.548077 0.213362 0.557692 0.183908 0.577885
0 0.264368 0.316346 0.245690 0.312500 0.237787 0.301923 0.232040 0.276923 0.238506 0.266346 0.252874 0.270192 0.270115 0.266346 0.278017 0.273077 0.280891 0.284615 0.279454 0.298077 0.271552 0.310577 0.264368 0.316346
0 0.568966 0.925962 0.560345 0.925962 0.556034 0.922115 0.543822 0.905769 0.540948 0.894231 0.540948 0.882692 0.543822 0.875000 0.548851 0.868269 0.558908 0.862500 0.563218 0.862500 0.569684 0.869231 0.575431 0.892308 0.575431 0.913462 0.568966 0.925962
0 0.451149 0.185577 0.442529 0.185577 0.433908 0.179808 0.415948 0.153846 0.410201 0.128846 0.418103 0.114423 0.429598 0.116346 0.438218 0.122115 0.460489 0.159615 0.461925 0.173077 0.455460 0.183654 0.451149 0.185577
0 0.906609 0.095192 0.896552 0.095192 0.891523 0.090385 0.892960 0.082692 0.887213 0.075000 0.888649 0.067308 0.894397 0.057692 0.894397 0.048077 0.900144 0.034615 0.908046 0.024038 0.920977 0.024038 0.924569 0.028846 0.924569 0.065385 0.918822 0.084615 0.913793 0.091346 0.906609 0.095192
0 0.310345 0.741346 0.298851 0.741346 0.292385 0.734615 0.288075 0.719231 0.288075 0.707692 0.298851 0.691346 0.317529 0.689423 0.325431 0.700000 0.325431 0.713462 0.318247 0.732692 0.310345 0.741346
0 0.000000 0.327885 0.014368 0.325962 0.021552 0.331731 0.025144 0.338462 0.025144 0.355769 0.022989 0.358654 0.010057 0.366346 0.000000 0.368269
0 0.922414 0.377885 0.906609 0.377885 0.901580 0.371154 0.901580 0.359615 0.907328 0.346154 0.916667 0.333654 0.929598 0.322115 0.935345 0.322115 0.947557 0.334615 0.950431 0.342308 0.948994 0.353846 0.941092 0.366346 0.922414 0.377885
0 0.077586 0.729808 0.067529 0.729808 0.060345 0.725962 0.053879 0.713462 0.053879 0.705769 0.058908 0.697115 0.066092 0.697115 0.070402 0.693269 0.076149 0.695192 0.094828 0.691346 0.102730 0.703846 0.102730 0.713462 0.094828 0.724038 0.077586 0.729808
0 0.329023 0.924038 0.317529 0.924038 0.311063 0.915385 0.312500 0.896154 0.320402 0.879808 0.329023 0.879808 0.337644 0.874038 0.343391 0.874038 0.355603 0.888462 0.357040 0.901923 0.350575 0.912500 0.343391 0.916346 0.334770 0.916346 0.329023 0.924038
0 0.201149 0.902885 0.178161 0.902885 0.171695 0.896154 0.170259 0.888462 0.173132 0.880769 0.189655 0.862500 0.202586 0.858654 0.219828 0.862500 0.224856 0.869231 0.223420 0.886538 0.209770 0.899038 0.201149 0.902885
0 0.234195 0.491346 0.229885 0.487500 0.211207 0.489423 0.196121 0.473077 0.196121 0.461538 0.198994 0.457692 0.197557 0.451923 0.209770 0.429808 0.222701 0.431731 0.233477 0.446154 0.236351 0.453846 0.236351 0.488462 0.234195 0.491346
0 0.400862 0.702885 0.392241 0.702885 0.384339 0.692308 0.378592 0.665385 0.385057 0.650962 0.395115 0.647115 0.402299 0.639423 0.408046 0.639423 0.413793 0.641346 0.424569 0.653846 0.427443 0.663462 0.427443 0.678846 0.422414 0.689423 0.413793 0.697115 0.400862 0.702885
0 0.202586 0.614423 0.188218 0.612500 0.184626 0.603846 0.177443 0.596154 0.176006 0.588462 0.186782 0.574038 0.198276 0.566346 0.202586 0.566346 0.212644 0.558654 0.222701 0.560577 0.226293 0.565385 0.224856 0.576923 0.217672 0.586538 0.210489 0.605769 0.202586 0.614423
0 0.057471 0.764423 0.025862 0.760577 0.017960 0.740385 0.017960 0.725000 0.025862 0.714423 0.047414 0.714423 0.055316 0.723077 0.063937 0.744231 0.063937 0.755769 0.057471 0.764423
0 0.695402 0.804808 0.685345 0.804808 0.676006 0.792308 0.668822 0.775000 0.665948 0.763462 0.665948 0.742308 0.675287 0.724038 0.688218 0.727885 0.704741 0.753846 0.706178 0.784615 0.701868 0.798077 0.695402 0.804808
0 0.622126 0.122115 0.612787 0.115385 0.607040 0.098077 0.609914 0.086538 0.614943 0.079808 0.627874 0.079808 0.640086 0.090385 0.640086 0.096154 0.632902 0.113462 0.622126 0.122115
0 0.886494 0.949038 0.876437 0.949038 0.869971 0.940385 0.868534 0.928846 0.869971 0.921154 0.879310 0.908654 0.886494 0.902885 0.895115 0.902885 0.903017 0.911538 0.901580 0.934615 0.896552 0.943269 0.886494 0.949038
0 0.882184 0.595192 0.866379 0.593269 0.854885 0.585577 0.846983 0.575000 0.845546 0.557692 0.853448 0.547115 0.860632 0.543269 0.873563 0.543269 0.889368 0.552885 0.900144 0.567308 0.901580 0.578846 0.895115 0.589423 0.882184 0.595192
0 0.412356 0.843269 0.400862 0.841346 0.392960 0.830769 0.391523 0.821154 0.398707 0.784615 0.406609 0.774038 0.416667 0.772115 0.426006 0.784615 0.427443 0.809615 0.420259 0.832692 0.412356 0.843269
0 0.136494 0.952885 0.126437 0.949038 0.121408 0.942308 0.122845 0.928846 0.132184 0.914423 0.156609 0.900962 0.165230 0.900962 0.174569 0.907692 0.177443 0.913462 0.177443 0.923077 0.169540 0.933654 0.153736 0.945192 0.136494 0.952885
0 0.318966 0.499038 0.310345 0.497115 0.302443 0.486538 0.296695 0.471154 0.296695 0.465385 0.300287 0.458654 0.313218 0.456731 0.325431 0.469231 0.326868 0.490385 0.318966 0.499038
0 0.647989 0.285577 0.637931 0.281731 0.631466 0.273077 0.625718 0.257692 0.624282 0.226923 0.633621 0.212500 0.649425 0.218269 0.661638 0.238462 0.660201 0.267308 0.657328 0.275000 0.647989 0.285577
0 0.699713 0.572115 0.686782 0.572115 0.671695 0.551923 0.664511 0.528846 0.665948 0.511538 0.670977 0.500962 0.688218 0.499038 0.703305 0.517308 0.711925 0.542308 0.711925 0.561538 0.705460 0.570192 0.699713 0.572115
0 0.797414 0.347115 0.793103 0.347115 0.788793 0.341346 0.778736 0.337500 0.769397 0.328846 0.769397 0.303846 0.778736 0.299038 0.798851 0.272115 0.816092 0.264423 0.826149 0.266346 0.831178 0.273077 0.831178 0.280769 0.821839 0.295192 0.811782 0.302885 0.802443 0.315385 0.802443 0.338462 0.797414 0.347115
0 0.448276 0.452885 0.418103 0.450962 0.413793 0.449038 0.405891 0.438462 0.405891 0.434615 0.413075 0.425000 0.414511 0.411538 0.419540 0.404808 0.422414 0.404808 0.429598 0.414423 0.435345 0.412500 0.443966 0.427885 0.456178 0.440385 0.456178 0.444231 0.448276 0.452885
0 0.347701 0.320192 0.331897 0.320192 0.326868 0.313462 0.326868 0.301923 0.341954 0.274038 0.354885 0.274038 0.359914 0.280769 0.359914 0.290385 0.364224 0.300000 0.347701 0.320192
0 0.646552 0.195192 0.637931 0.195192 0.627155 0.184615 0.630029 0.159615 0.635776 0.142308 0.640805 0.137500 0.650862 0.137500 0.660201 0.150000 0.660201 0.161538 0.653017 0.173077 0.646552 0.195192
0 0.326149 0.395192 0.297414 0.395192 0.289511 0.388462 0.286638 0.369231 0.291667 0.364423 0.295977 0.368269 0.323276 0.364423 0.331178 0.373077 0.334052 0.386538 0.330460 0.393269 0.326149 0.395192
0 0.867816 0.218269 0.860632 0.218269 0.852730 0.209615 0.848420 0.196154 0.849856 0.188462 0.863506 0.172115 0.872126 0.168269 0.883621 0.168269 0.890086 0.175000 0.890086 0.188462 0.884339 0.200000 0.873563 0.214423 0.867816 0.218269
0 0.099138 0.591346 0.087644 0.587500 0.082615 0.576923 0.084052 0.565385 0.078305 0.555769 0.078305 0.544231 0.083333 0.537500 0.100575 0.539423 0.109914 0.553846 0.109914 0.575000 0.099138 0.591346
0 0.801724 0.854808 0.784483 0.854808 0.769397 0.836538 0.766523 0.828846 0.766523 0.813462 0.769397 0.801923 0.772989 0.797115 0.780172 0.793269 0.801724 0.795192 0.810345 0.799038 0.813937 0.803846 0.816810 0.819231 0.815374 0.832692 0.812500 0.842308 0.801724 0.854808
0 0.823276 0.587500 0.806034 0.587500 0.795977 0.581731 0.789511 0.573077 0.786638 0.563462 0.788075 0.550000 0.797414 0.535577 0.816092 0.531731 0.823276 0.535577 0.831178 0.546154 0.836925 0.569231 0.829023 0.583654 0.823276 0.587500
0 0.353448 0.727885 0.344828 0.727885 0.339799 0.723077 0.335489 0.711538 0.335489 0.703846 0.339799 0.692308 0.350575 0.681731 0.367816 0.683654 0.372845 0.690385 0.372845 0.707692 0.366379 0.718269 0.353448 0.727885
0 0.946839 0.239423 0.938218 0.237500 0.933190 0.221154 0.941092 0.208654 0.948276 0.204808 0.958333 0.187500 0.964080 0.185577 0.967672 0.196154 0.964799 0.207692 0.957615 0.213462 0.946839 0.239423
0 0.000000 0.274038 0.007184 0.274038 0.013649 0.280769 0.013649 0.294231 0.000000 0.314423
0 0.728448 0.212500 0.715517 0.208654 0.709052 0.200000 0.704741 0.188462 0.704741 0.178846 0.714080 0.166346 0.722701 0.160577 0.735632 0.162500 0.743534 0.171154 0.746408 0.180769 0.746408 0.192308 0.734195 0.208654 0.728448 0.212500
0 0.043103 0.464423 0.030172 0.464423 0.025144 0.457692 0.026580 0.432692 0.029454 0.423077 0.038793 0.408654 0.047414 0.402885 0.054598 0.402885 0.061063 0.411538 0.062500 0.430769 0.058190 0.448077 0.043103 0.464423
0 0.176724 0.739423 0.160920 0.737500 0.147270 0.721154 0.144397 0.713462 0.145115 0.695192 0.159483 0.689423 0.169540 0.700962 0.181034 0.704808 0.184626 0.709615 0.186063 0.726923 0.176724 0.739423
0 0.913793 0.172115 0.903736 0.172115 0.901580 0.169231 0.898707 0.159615 0.900144 0.140385 0.910920 0.124038 0.919540 0.118269 0.932471 0.120192 0.937500 0.128846 0.937500 0.138462 0.933190 0.150000 0.919540 0.168269 0.913793 0.172115
0 0.135057 0.320192 0.123563 0.320192 0.108477 0.300000 0.105603 0.288462 0.105603 0.261538 0.112069 0.250962 0.122126 0.249038 0.133621 0.254808 0.138649 0.261538 0.150144 0.292308 0.150144 0.307692 0.135057 0.320192
0 0.320402 0.447115 0.298851 0.447115 0.295259 0.442308 0.295259 0.415385 0.301724 0.404808 0.321839 0.402885 0.326868 0.407692 0.329741 0.419231 0.329741 0.432692 0.328305 0.438462 0.320402 0.447115
0 0.102011 0.650962 0.093391 0.650962 0.089080 0.647115 0.082615 0.638462 0.082615 0.630769 0.086925 0.615385 0.094109 0.605769 0.094109 0.601923 0.102011 0.591346 0.110632 0.589423 0.118534 0.598077 0.119971 0.603846 0.107040 0.621154 0.107040 0.642308 0.102011 0.650962
0 0.916667 0.985577 0.903736 0.983654 0.895833 0.971154 0.894397 0.957692 0.899425 0.949038 0.906609 0.943269 0.923851 0.941346 0.934626 0.955769 0.934626 0.965385 0.929598 0.974038 0.916667 0.985577
0 0.366379 0.466346 0.360632 0.466346 0.351293 0.451923 0.349856 0.438462 0.347701 0.435577 0.336207 0.439423 0.329741 0.432692 0.327586 0.406731 0.339080 0.399038 0.350575 0.399038 0.359914 0.405769 0.364224 0.417308 0.374282 0.432692 0.374282 0.438462 0.368534 0.448077 0.368534 0.463462 0.366379 0.466346
0 0.804598 0.922115 0.795977 0.922115 0.788793 0.918269 0.782328 0.907692 0.780891 0.880769 0.783764 0.875000 0.785201 0.855769 0.788793 0.852885 0.806034 0.856731 0.815374 0.876923 0.813937 0.884615 0.818247 0.898077 0.818247 0.909615 0.813218 0.918269 0.804598 0.922115
0 0.998563 0.649038 0.981322 0.662500 0.962644 0.662500 0.955460 0.656731 0.948994 0.644231 0.950431 0.630769 0.953305 0.625000 0.966954 0.612500 0.985632 0.608654 0.994253 0.612500 0.998563 0.618269
0 0.409483 0.064423 0.390805 0.064423 0.382902 0.055769 0.382902 0.023077 0.389368 0.010577 0.406609 0.008654 0.412356 0.010577 0.423132 0.025000 0.424569 0.036538 0.415948 0.055769 0.409483 0.064423
0 0.000000 0.697115 0.005029 0.701923 0.006466 0.707692 0.006466 0.711538 0.000000 0.718269
0 0.000000 0.127885 0.007184 0.127885 0.013649 0.138462 0.009339 0.173077 0.000000 0.179808
0 0.215517 0.741346 0.202586 0.741346 0.191810 0.730769 0.193247 0.705769 0.199713 0.695192 0.206897 0.689423 0.214080 0.689423 0.223420 0.707692 0.221983 0.732692 0.215517 0.741346
0 0.000000 0.787500 0.012931 0.772115 0.025862 0.770192 0.033764 0.776923 0.036638 0.801923 0.035201 0.811538 0.028736 0.824038 0.014368 0.825962 0.000000 0.820192
0 0.870690 0.079808 0.859195 0.079808 0.846983 0.071154 0.849856 0.048077 0.857759 0.035577 0.879310 0.037500 0.886494 0.041346 0.894397 0.051923 0.894397 0.057692 0.888649 0.067308 0.887931 0.074038 0.882184 0.072115 0.870690 0.079808
0 0.043103 0.524038 0.035920 0.522115 0.030891 0.515385 0.032328 0.490385 0.040230 0.479808 0.056034 0.468269 0.068966 0.468269 0.072557 0.473077 0.072557 0.482692 0.069684 0.490385 0.056034 0.510577 0.043103 0.524038
0 0.380747 0.574038 0.364943 0.570192 0.348420 0.553846 0.345546 0.546154 0.345546 0.534615 0.357759 0.518269 0.375000 0.516346 0.380747 0.520192 0.388649 0.532692 0.387213 0.565385 0.380747 0.574038
0 0.459770 0.254808 0.436782 0.254808 0.425287 0.247115 0.411638 0.230769 0.411638 0.213462 0.416667 0.206731 0.435345 0.206731 0.448276 0.210577 0.454741 0.217308 0.464799 0.236538 0.464799 0.250000 0.459770 0.254808
0 0.806034 0.081731 0.795259 0.069231 0.793822 0.061538 0.795259 0.046154 0.801724 0.033654 0.813218 0.037500 0.825431 0.053846 0.823994 0.065385 0.816092 0.075962 0.806034 0.081731
0 0.186782 0.462500 0.175287 0.460577 0.167385 0.451923 0.167385 0.430769 0.170259 0.413462 0.176724 0.406731 0.196839 0.408654 0.204741 0.421154 0.203305 0.440385 0.196121 0.453846 0.186782 0.462500
0 0.665230 0.920192 0.661638 0.917308 0.660201 0.909615 0.665948 0.894231 0.665948 0.871154 0.669540 0.866346 0.681034 0.866346 0.686063 0.873077 0.688218 0.881731 0.693966 0.881731 0.697557 0.886538 0.698994 0.903846 0.691092 0.910577 0.685345 0.910577 0.675287 0.904808 0.673132 0.907692 0.673132 0.915385 0.665230 0.920192
0 0.860632 0.812500 0.849138 0.812500 0.841236 0.803846 0.841236 0.788462 0.844109 0.776923 0.855603 0.753846 0.866379 0.741346 0.883621 0.739423 0.891523 0.751923 0.891523 0.763462 0.888649 0.773077 0.880029 0.790385 0.878592 0.800000 0.870690 0.800962 0.860632 0.812500
0 0.015086 0.998077 0.009339 0.990385 0.009339 0.976923 0.017241 0.964423 0.034483 0.956731 0.057471 0.958654 0.065374 0.967308 0.066810 0.982692 0.056753 0.998077
0 0.151580 0.000000 0.153017 0.003846 0.147270 0.015385 0.147270 0.021154 0.139368 0.031731 0.130747 0.035577 0.126437 0.033654 0.119971 0.021154 0.122845 0.000000
0 0.051724 0.877885 0.045977 0.877885 0.040230 0.868269 0.030172 0.868269 0.024425 0.864423 0.020833 0.859615 0.020833 0.844231 0.025862 0.837500 0.037356 0.839423 0.041667 0.843269 0.051724 0.843269 0.064655 0.829808 0.073276 0.829808 0.076868 0.836538 0.076868 0.846154 0.064655 0.866346 0.051724 0.877885
0 0.390805 0.310577 0.372126 0.310577 0.364224 0.300000 0.359914 0.290385 0.359914 0.278846 0.363506 0.270192 0.375000 0.272115 0.383621 0.283654 0.406609 0.285577 0.408764 0.288462 0.410201 0.296154 0.403736 0.306731 0.390805 0.310577
0 0.922414 0.512500 0.906609 0.510577 0.903017 0.503846 0.904454 0.484615 0.910201 0.471154 0.938218 0.447115 0.952586 0.449038 0.957615 0.457692 0.957615 0.467308 0.953305 0.480769 0.932471 0.504808 0.922414 0.512500
0 0.724138 0.416346 0.717672 0.411538 0.713362 0.398077 0.704741 0.388462 0.703305 0.376923 0.706178 0.371154 0.706178 0.357692 0.710489 0.346154 0.718391 0.337500 0.731322 0.337500 0.735632 0.339423 0.740661 0.350000 0.742098 0.375000 0.740661 0.388462 0.733477 0.407692 0.724138 0.416346
0 0.739224 0.998077 0.739224 0.975000 0.743534 0.965385 0.752874 0.956731 0.765805 0.958654 0.770833 0.965385 0.772270 0.980769 0.769397 0.994231 0.766523 0.998077
0 0.169540 0.045192 0.158046 0.039423 0.150144 0.030769 0.147270 0.015385 0.152299 0.004808 0.163793 0.006731 0.166667 0.010577 0.178161 0.010577 0.185345 0.006731 0.190374 0.013462 0.187500 0.036538 0.182471 0.043269 0.173851 0.041346 0.169540 0.045192
0 0.518678 0.829808 0.508621 0.829808 0.502155 0.819231 0.500718 0.805769 0.505029 0.784615 0.509339 0.776923 0.520115 0.762500 0.528736 0.762500 0.536638 0.775000 0.536638 0.803846 0.532328 0.815385 0.518678 0.829808
0 0.866379 0.360577 0.856322 0.360577 0.852730 0.355769 0.851293 0.338462 0.854167 0.325000 0.867098 0.290385 0.880747 0.274038 0.887931 0.272115 0.895115 0.275962 0.898707 0.282692 0.898707 0.296154 0.892960 0.307692 0.892960 0.323077 0.885776 0.336538 0.866379 0.360577
0 0.831178 0.998077 0.828305 0.986538 0.833333 0.975962 0.857759 0.970192 0.862069 0.966346 0.867816 0.966346 0.871408 0.971154 0.869971 0.998077
0 0.347701 0.777885 0.333333 0.775962 0.328305 0.769231 0.325431 0.755769 0.325431 0.750000 0.330460 0.743269 0.343391 0.733654 0.352011 0.735577 0.359914 0.746154 0.365661 0.759615 0.365661 0.767308 0.360632 0.774038 0.347701 0.777885
0 0.403736 0.193269 0.395115 0.193269 0.388649 0.186538 0.388649 0.169231 0.397989 0.158654 0.405172 0.158654 0.413075 0.167308 0.410201 0.184615 0.403736 0.193269
0 0.492816 0.654808 0.472701 0.654808 0.469109 0.650000 0.469109 0.632692 0.466236 0.619231 0.474138 0.604808 0.494253 0.602885 0.496408 0.605769 0.497845 0.619231 0.502155 0.626923 0.502155 0.644231 0.492816 0.654808
0 0.998563 0.574038 0.989943 0.577885 0.981322 0.587500 0.971264 0.587500 0.961925 0.578846 0.954741 0.557692 0.956178 0.546154 0.966954 0.533654 0.979885 0.529808 0.998563 0.529808
0 0.675287 0.066346 0.659483 0.062500 0.647270 0.042308 0.647270 0.030769 0.651580 0.025000 0.651580 0.017308 0.660920 0.006731 0.668103 0.006731 0.676006 0.013462 0.683190 0.038462 0.684626 0.055769 0.679598 0.064423 0.675287 0.066346
0 0.784483 0.168269 0.764368 0.164423 0.749282 0.148077 0.747845 0.132692 0.754310 0.118269 0.760057 0.114423 0.771552 0.116346 0.783046 0.122115 0.793822 0.134615 0.796695 0.140385 0.796695 0.151923 0.792385 0.161538 0.784483 0.168269
0 0.839080 0.116346 0.824713 0.116346 0.817529 0.112500 0.812500 0.105769 0.813937 0.092308 0.823276 0.083654 0.831897 0.081731 0.854885 0.089423 0.859914 0.098077 0.847701 0.114423 0.839080 0.116346
0 0.448994 0.000000 0.444684 0.015385 0.433908 0.025962 0.425287 0.022115 0.413075 0.003846 0.413075 0.000000
0 0.257184 0.202885 0.252874 0.202885 0.243534 0.194231 0.242098 0.180769 0.246408 0.165385 0.260057 0.145192 0.264368 0.143269 0.270115 0.145192 0.276580 0.153846 0.286638 0.176923 0.286638 0.182692 0.283046 0.191346 0.267241 0.191346 0.262931 0.199038 0.257184 0.202885
0 0.400862 0.385577 0.377874 0.383654 0.368534 0.365385 0.368534 0.346154 0.376437 0.335577 0.380747 0.333654 0.403736 0.341346 0.405891 0.336538 0.401580 0.325000 0.403017 0.317308 0.409483 0.308654 0.423851 0.299038 0.439655 0.299038 0.448994 0.311538 0.450431 0.325000 0.444684 0.336538 0.436782 0.345192 0.428161 0.350962 0.418103 0.350962 0.415948 0.353846 0.417385 0.363462 0.400862 0.385577
0 0.781609 0.456731 0.778736 0.456731 0.767960 0.438462 0.767960 0.432692 0.763649 0.425000 0.763649 0.407692 0.772989 0.391346 0.787356 0.387500 0.796695 0.400000 0.798132 0.415385 0.789511 0.432692 0.788075 0.448077 0.781609 0.456731
0 0.000000 0.510577 0.007184 0.500962 0.015805 0.497115 0.021552 0.499038 0.030891 0.511538 0.029454 0.548077 0.017241 0.560577 0.008621 0.560577 0.000000 0.552885
0 0.880747 0.141346 0.866379 0.139423 0.848420 0.123077 0.849856 0.109615 0.867816 0.091346 0.875000 0.091346 0.879310 0.097115 0.882184 0.097115 0.895833 0.117308 0.892960 0.132692 0.880747 0.141346
0 0.998563 0.743269 0.991379 0.754808 0.982759 0.756731 0.972701 0.754808 0.965517 0.749038 0.960489 0.740385 0.961925 0.721154 0.971264 0.700962 0.975575 0.697115 0.992816 0.697115 0.998563 0.700962
0 0.591954 0.806731 0.586207 0.806731 0.583333 0.802885 0.574713 0.804808 0.561782 0.799038 0.553879 0.782692 0.555316 0.761538 0.566092 0.752885 0.579023 0.749038 0.584770 0.750962 0.588362 0.755769 0.591236 0.767308 0.596983 0.775000 0.599856 0.786538 0.598420 0.801923 0.591954 0.806731
0 0.491379 0.097115 0.479885 0.095192 0.479167 0.090385 0.469109 0.078846 0.463362 0.065385 0.463362 0.053846 0.466236 0.044231 0.471264 0.037500 0.482759 0.031731 0.489943 0.033654 0.497845 0.044231 0.500718 0.057692 0.499282 0.084615 0.491379 0.097115
0 0.160920 0.495192 0.149425 0.495192 0.130029 0.478846 0.125718 0.469231 0.125718 0.457692 0.130747 0.449038 0.147989 0.445192 0.159483 0.452885 0.167385 0.463462 0.168822 0.486538 0.160920 0.495192
0 0.801724 0.260577 0.793103 0.260577 0.784483 0.254808 0.769397 0.238462 0.767960 0.226923 0.778736 0.210577 0.795977 0.204808 0.807471 0.212500 0.816810 0.225000 0.816810 0.236538 0.813937 0.246154 0.801724 0.260577
0 0.276580 0.000000 0.283764 0.009615 0.285201 0.019231 0.269397 0.040385 0.266523 0.050000 0.260057 0.056731 0.254310 0.054808 0.250718 0.050000 0.250718 0.036538 0.244971 0.025000 0.246408 0.005769 0.252155 0.000000
0 0.613506 0.591346 0.600575 0.587500 0.588362 0.565385 0.588362 0.551923 0.592672 0.540385 0.597701 0.535577 0.604885 0.537500 0.609914 0.544231 0.621408 0.573077 0.619971 0.584615 0.613506 0.591346
0 0.627874 0.814423 0.617816 0.814423 0.611351 0.805769 0.609914 0.778846 0.615661 0.748077 0.622126 0.739423 0.627874 0.739423 0.632184 0.735577 0.640086 0.746154 0.642960 0.769231 0.640086 0.790385 0.627874 0.814423
0 0.021552 0.189423 0.014368 0.187500 0.007902 0.175000 0.012213 0.144231 0.015805 0.135577 0.025862 0.127885 0.031609 0.127885 0.039511 0.136538 0.039511 0.151923 0.036638 0.157692 0.035201 0.171154 0.021552 0.189423
0 0.363506 0.231731 0.343391 0.231731 0.327586 0.224038 0.315374 0.209615 0.315374 0.196154 0.326149 0.183654 0.346264 0.183654 0.354885 0.191346 0.372126 0.199038 0.375718 0.203846 0.374282 0.223077 0.363506 0.231731
0 0.116379 0.083654 0.107759 0.083654 0.104167 0.080769 0.101293 0.075000 0.101293 0.063462 0.105603 0.051923 0.112069 0.043269 0.126437 0.041346 0.138649 0.051923 0.140086 0.063462 0.135057 0.075962 0.129310 0.079808 0.120690 0.079808 0.116379 0.083654
0 0.084770 0.129808 0.076149 0.125962 0.067529 0.127885 0.059626 0.119231 0.061063 0.103846 0.076149 0.083654 0.086207 0.083654 0.092672 0.094231 0.092672 0.117308 0.084770 0.129808
0 0.057471 0.289423 0.038793 0.287500 0.020833 0.267308 0.017960 0.253846 0.025862 0.239423 0.037356 0.237500 0.042385 0.242308 0.045977 0.250962 0.051724 0.250962 0.063218 0.233654 0.071839 0.235577 0.078305 0.244231 0.081178 0.250000 0.081178 0.261538 0.068966 0.279808 0.057471 0.289423
0 0.679598 0.216346 0.675287 0.216346 0.668822 0.209615 0.668822 0.198077 0.672414 0.191346 0.685345 0.193269 0.687500 0.196154 0.686063 0.209615 0.679598 0.216346
0 0.863506 0.870192 0.853448 0.870192 0.846983 0.863462 0.844109 0.846154 0.846983 0.842308 0.848420 0.830769 0.870690 0.800962 0.886494 0.800962 0.892960 0.813462 0.892960 0.836538 0.876437 0.860577 0.863506 0.870192
0 0.862069 0.516346 0.852011 0.514423 0.845546 0.501923 0.846983 0.475000 0.852730 0.455769 0.859195 0.447115 0.872126 0.445192 0.881466 0.453846 0.882902 0.482692 0.877155 0.498077 0.862069 0.516346
0 0.000000 0.585577 0.011494 0.587500 0.016523 0.600000 0.015086 0.607692 0.008621 0.616346 0.000000 0.622115
0 0.113506 0.910577 0.109195 0.906731 0.102011 0.910577 0.091954 0.906731 0.088362 0.901923 0.088362 0.882692 0.094828 0.872115 0.109195 0.866346 0.117816 0.858654 0.122126 0.858654 0.137213 0.873077 0.138649 0.884615 0.126437 0.904808 0.116379 0.906731 0.113506 0.910577
0 0.329023 0.879808 0.297414 0.879808 0.288075 0.869231 0.286638 0.859615 0.301724 0.837500 0.310345 0.833654 0.331897 0.833654 0.345546 0.844231 0.348420 0.859615 0.340517 0.874038 0.329023 0.879808
0 0.558190 0.998077 0.555316 0.986538 0.566092 0.977885 0.583333 0.979808 0.593391 0.987500 0.599856 0.998077
0 0.044540 0.356731 0.033046 0.356731 0.027299 0.352885 0.025144 0.350000 0.025144 0.340385 0.045977 0.304808 0.053161 0.297115 0.058908 0.297115 0.063937 0.303846 0.066810 0.330769 0.065374 0.340385 0.058908 0.349038 0.044540 0.356731
0 0.998563 0.829808 0.992816 0.827885 0.989224 0.823077 0.987787 0.815385 0.989224 0.788462 0.992098 0.780769 0.998563 0.775962
0 0.149425 0.870192 0.139368 0.870192 0.130029 0.859615 0.134339 0.825000 0.145115 0.818269 0.156609 0.822115 0.165948 0.838462 0.165948 0.853846 0.156609 0.866346 0.149425 0.870192
0 0.528017 0.000000 0.522989 0.008654 0.517241 0.012500 0.505747 0.012500 0.496408 0.000000
0 0.728448 0.104808 0.716954 0.104808 0.705460 0.097115 0.696121 0.082692 0.697557 0.071154 0.704023 0.064423 0.722701 0.064423 0.732759 0.072115 0.740661 0.086538 0.740661 0.094231 0.728448 0.104808
0 0.228448 0.179808 0.212644 0.179808 0.204023 0.172115 0.192529 0.168269 0.183190 0.155769 0.183190 0.146154 0.186063 0.138462 0.192529 0.129808 0.199713 0.125962 0.215517 0.127885 0.227011 0.135577 0.232040 0.142308 0.232040 0.148077 0.234914 0.151923 0.234914 0.169231 0.228448 0.179808
0 0.998563 0.006731 0.974138 0.006731 0.971983 0.013462 0.974856 0.021154 0.974856 0.032692 0.971983 0.042308 0.962644 0.056731 0.955460 0.060577 0.945402 0.060577 0.940374 0.055769 0.937500 0.042308 0.941810 0.019231 0.955460 0.002885 0.962644 0.002885 0.964799 0.000000
0 0.679598 0.385577 0.672414 0.383654 0.663075 0.371154 0.660201 0.365385 0.658764 0.348077 0.661638 0.338462 0.670977 0.325962 0.686782 0.324038 0.701868 0.340385 0.700431 0.357692 0.697557 0.369231 0.688218 0.381731 0.679598 0.385577
0 0.136494 0.591346 0.119253 0.587500 0.111351 0.575000 0.114224 0.550000 0.117816 0.543269 0.125000 0.537500 0.132184 0.537500 0.138649 0.548077 0.142960 0.584615 0.136494 0.591346
0 0.280172 0.668269 0.258621 0.666346 0.252874 0.662500 0.249282 0.655769 0.249282 0.630769 0.257184 0.624038 0.287356 0.627885 0.292385 0.634615 0.293822 0.642308 0.288075 0.659615 0.280172 0.668269
0 0.972701 0.960577 0.958333 0.958654 0.951868 0.948077 0.951868 0.936538 0.972701 0.908654 0.985632 0.902885 0.990661 0.907692 0.990661 0.919231 0.982040 0.948077 0.972701 0.960577
0 0.106322 0.343269 0.097701 0.341346 0.087644 0.324038 0.081897 0.324038 0.072557 0.313462 0.072557 0.307692 0.079741 0.300000 0.083333 0.291346 0.097701 0.300962 0.102011 0.300962 0.112787 0.315385 0.114224 0.326923 0.111351 0.336538 0.106322 0.343269
0 0.100575 0.539423 0.081897 0.537500 0.075431 0.530769 0.072557 0.519231 0.072557 0.498077 0.080460 0.483654 0.089080 0.485577 0.104167 0.511538 0.107040 0.526923 0.100575 0.539423
0 0.544540 0.706731 0.533764 0.703846 0.528017 0.692308 0.528017 0.684615 0.540230 0.668269 0.545977 0.664423 0.560345 0.666346 0.566810 0.678846 0.565374 0.692308 0.558908 0.700962 0.544540 0.706731
0 0.000000 0.372115 0.006466 0.376923 0.012213 0.401923 0.007902 0.419231 0.002874 0.425962 0.000000 0.425962
0 0.535920 0.085577 0.527299 0.085577 0.519397 0.075000 0.512213 0.057692 0.507902 0.036538 0.514368 0.022115 0.521552 0.020192 0.531609 0.022115 0.537356 0.025962 0.545259 0.040385 0.546695 0.073077 0.535920 0.085577
0 0.108477 0.000000 0.109914 0.007692 0.103448 0.020192 0.094828 0.020192 0.089799 0.013462 0.089799 0.000000
0 0.352730 0.000000 0.351293 0.015385 0.344828 0.022115 0.336207 0.022115 0.324713 0.014423 0.312500 0.000000
0 0.050287 0.918269 0.037356 0.918269 0.027299 0.912500 0.010776 0.888462 0.009339 0.882692 0.010776 0.871154 0.014368 0.866346 0.025862 0.864423 0.030172 0.868269 0.040230 0.868269 0.045977 0.877885 0.048851 0.877885 0.058190 0.894231 0.058190 0.903846 0.050287 0.918269
0 0.646552 0.716346 0.627874 0.716346 0.608477 0.701923 0.607040 0.682692 0.602730 0.671154 0.602730 0.665385 0.607759 0.656731 0.616379 0.652885 0.645115 0.672115 0.653017 0.682692 0.655891 0.705769 0.646552 0.716346
0 0.520115 0.362500 0.507184 0.360577 0.499282 0.350000 0.497845 0.342308 0.487787 0.330769 0.487787 0.321154 0.492098 0.315385 0.492098 0.307692 0.498563 0.299038 0.524425 0.295192 0.530891 0.305769 0.529454 0.348077 0.528017 0.353846 0.520115 0.362500
0 0.214080 0.783654 0.176724 0.779808 0.167385 0.769231 0.167385 0.759615 0.172414 0.750962 0.179598 0.747115 0.195402 0.747115 0.218391 0.756731 0.224856 0.765385 0.224856 0.776923 0.214080 0.783654
0 0.333333 0.641346 0.330460 0.641346 0.322557 0.630769 0.318247 0.617308 0.318247 0.590385 0.321839 0.585577 0.329023 0.585577 0.331897 0.589423 0.341954 0.593269 0.346983 0.600000 0.346983 0.605769 0.349856 0.609615 0.344109 0.632692 0.337644 0.635577 0.333333 0.641346
0 0.748563 0.925962 0.738506 0.924038 0.730603 0.913462 0.727730 0.903846 0.729167 0.882692 0.741379 0.866346 0.750000 0.866346 0.757902 0.876923 0.762213 0.888462 0.760776 0.909615 0.757184 0.918269 0.748563 0.925962
0 0.553161 0.664423 0.547414 0.664423 0.540230 0.654808 0.533046 0.654808 0.530891 0.651923 0.530891 0.638462 0.539511 0.626923 0.544540 0.614423 0.551724 0.614423 0.561782 0.629808 0.571121 0.638462 0.572557 0.650000 0.567529 0.656731 0.556034 0.660577 0.553161 0.664423
0 0.193966 0.387500 0.173851 0.383654 0.164511 0.371154 0.165948 0.353846 0.181034 0.333654 0.188218 0.335577 0.207615 0.361538 0.206178 0.371154 0.193966 0.387500
0 0.225575 0.081731 0.212644 0.081731 0.204023 0.077885 0.193247 0.061538 0.191810 0.042308 0.194684 0.036538 0.196121 0.023077 0.204023 0.012500 0.209770 0.012500 0.216236 0.019231 0.216236 0.040385 0.222701 0.049038 0.229885 0.050962 0.234914 0.059615 0.233477 0.073077 0.225575 0.081731
0 0.237069 0.987500 0.227011 0.987500 0.218391 0.983654 0.211925 0.971154 0.213362 0.957692 0.219828 0.947115 0.229885 0.939423 0.245690 0.935577 0.260057 0.939423 0.266523 0.948077 0.265086 0.967308 0.251437 0.983654 0.237069 0.987500
0 0.560345 0.191346 0.545977 0.191346 0.534483 0.183654 0.526580 0.171154 0.526580 0.155769 0.529454 0.148077 0.540230 0.133654 0.551724 0.127885 0.566092 0.125962 0.577586 0.133654 0.584052 0.142308 0.584052 0.157692 0.572557 0.178846 0.560345 0.191346
0 0.998563 0.300962 0.991379 0.300962 0.985632 0.304808 0.969828 0.325962 0.956897 0.322115 0.943247 0.305769 0.943247 0.290385 0.946121 0.284615 0.951149 0.277885 0.964080 0.270192 0.988506 0.266346 0.994971 0.273077 0.994971 0.286538 0.998563 0.289423
0 0.504310 0.970192 0.495690 0.968269 0.487787 0.955769 0.487787 0.923077 0.498563 0.904808 0.508621 0.902885 0.516523 0.911538 0.517960 0.917308 0.517960 0.948077 0.515086 0.957692 0.504310 0.970192
0 0.540230 0.545192 0.530172 0.545192 0.523707 0.538462 0.526580 0.515385 0.530891 0.505769 0.537356 0.499038 0.544540 0.495192 0.554598 0.495192 0.561063 0.505769 0.559626 0.517308 0.553879 0.532692 0.540230 0.545192
0 0.373563 0.199038 0.360632 0.193269 0.357040 0.186538 0.357040 0.173077 0.362069 0.166346 0.370690 0.168269 0.377155 0.178846 0.378592 0.188462 0.373563 0.199038
0 0.303161 0.204808 0.298851 0.204808 0.293822 0.200000 0.293822 0.171154 0.295977 0.168269 0.310345 0.170192 0.315374 0.161538 0.316810 0.150000 0.320402 0.145192 0.327586 0.145192 0.331178 0.150000 0.329741 0.163462 0.335489 0.173077 0.335489 0.182692 0.326149 0.183654 0.320402 0.189423 0.314655 0.189423 0.303161 0.204808
0 0.442529 0.587500 0.438218 0.587500 0.431753 0.580769 0.428879 0.567308 0.431753 0.553846 0.436782 0.547115 0.442529 0.543269 0.449713 0.543269 0.460489 0.557692 0.460489 0.573077 0.452586 0.583654 0.442529 0.587500
0 0.962644 0.247115 0.958333 0.247115 0.954741 0.240385 0.956178 0.225000 0.963362 0.215385 0.964799 0.201923 0.969828 0.195192 0.977011 0.193269 0.983477 0.200000 0.984914 0.207692 0.969109 0.240385 0.962644 0.247115
0 0.704023 0.299038 0.689655 0.289423 0.678879 0.269231 0.678879 0.232692 0.691092 0.214423 0.701149 0.214423 0.706897 0.218269 0.713362 0.236538 0.713362 0.286538 0.704023 0.299038
0 0.413075 0.000000 0.409483 0.010577 0.396552 0.008654 0.388649 0.000000
0 0.964080 0.837500 0.956897 0.837500 0.948994 0.819231 0.951868 0.807692 0.955460 0.802885 0.958333 0.802885 0.969109 0.815385 0.966236 0.821154 0.967672 0.832692 0.964080 0.837500
0 0.619971 0.000000 0.622845 0.007692 0.622845 0.017308 0.617816 0.025962 0.609195 0.031731 0.593391 0.031731 0.586207 0.027885 0.578305 0.017308 0.575431 0.000000
0 0.571839 0.093269 0.566092 0.093269 0.558190 0.082692 0.551006 0.063462 0.551006 0.046154 0.558908 0.031731 0.571839 0.033654 0.579741 0.044231 0.582615 0.076923 0.579741 0.084615 0.571839 0.093269
0 0.424569 0.998077 0.421695 0.992308 0.421695 0.976923 0.427443 0.957692 0.433908 0.947115 0.445402 0.950962 0.450431 0.959615 0.447557 0.980769 0.450431 0.986538 0.448994 0.998077
0 0.634339 0.998077 0.631466 0.986538 0.621408 0.973077 0.621408 0.963462 0.633621 0.947115 0.645115 0.949038 0.660201 0.969231 0.665948 0.984615 0.665948 0.998077
0 0.110632 0.433654 0.099138 0.433654 0.091236 0.423077 0.086925 0.403846 0.089799 0.384615 0.099138 0.372115 0.103448 0.370192 0.112069 0.370192 0.119971 0.378846 0.119971 0.394231 0.117098 0.400000 0.117098 0.425000 0.110632 0.433654
0 0.701868 0.998077 0.691810 0.980769 0.691810 0.957692 0.711207 0.931731 0.722701 0.929808 0.729167 0.938462 0.730603 0.951923 0.727730 0.967308 0.721983 0.980769 0.721983 0.998077
0 0.086207 0.800962 0.077586 0.799038 0.071121 0.790385 0.069684 0.778846 0.072557 0.761538 0.076868 0.748077 0.081897 0.741346 0.089080 0.737500 0.100575 0.737500 0.105603 0.742308 0.108477 0.751923 0.107040 0.765385 0.099856 0.784615 0.086207 0.800962
0 0.278736 0.510577 0.275862 0.510577 0.267960 0.501923 0.269397 0.492308 0.262213 0.484615 0.263649 0.467308 0.268678 0.462500 0.288793 0.462500 0.293822 0.469231 0.293822 0.482692 0.278736 0.510577
0 0.202586 0.693269 0.199713 0.689423 0.192529 0.687500 0.187500 0.676923 0.187500 0.667308 0.191810 0.655769 0.201149 0.645192 0.222701 0.658654 0.230603 0.671154 0.230603 0.678846 0.227011 0.683654 0.215517 0.683654 0.211207 0.689423 0.202586 0.693269
0 0.154454 0.998077 0.162356 0.987500 0.178161 0.977885 0.189655 0.977885 0.197557 0.992308 0.197557 0.998077
0 0.600575 0.431731 0.591954 0.431731 0.579741 0.421154 0.572557 0.407692 0.566810 0.382692 0.566810 0.369231 0.572557 0.344231 0.586207 0.324038 0.596264 0.320192 0.603448 0.324038 0.614224 0.336538 0.622845 0.375000 0.622845 0.396154 0.618534 0.415385 0.612069 0.425962 0.600575 0.431731
0 0.030172 0.714423 0.017241 0.708654 0.009339 0.694231 0.012213 0.675000 0.020115 0.666346 0.027299 0.666346 0.036638 0.680769 0.039511 0.705769 0.035920 0.712500 0.030172 0.714423
0 0.000000 0.441346 0.004310 0.441346 0.009339 0.450000 0.007902 0.467308 0.000000 0.475962
0 0.511494 0.649038 0.507184 0.649038 0.502155 0.644231 0.502155 0.630769 0.507902 0.623077 0.507902 0.613462 0.503592 0.605769 0.503592 0.598077 0.510057 0.591346 0.517241 0.591346 0.530172 0.606731 0.540230 0.606731 0.543822 0.611538 0.543822 0.617308 0.530172 0.639423 0.525862 0.643269 0.514368 0.645192 0.511494 0.649038
0 0.257184 0.737500 0.245690 0.735577 0.237787 0.721154 0.237787 0.688462 0.239224 0.682692 0.247126 0.674038 0.261494 0.675962 0.266523 0.680769 0.267960 0.686538 0.267960 0.694231 0.263649 0.703846 0.265086 0.726923 0.257184 0.737500
