0 0.290278 0.997222 0.276389 0.980556 0.273611 0.966667 0.268056 0.963889 0.268056 0.927778 0.277778 0.918056 0.294444 0.918056 0.322222 0.934722 0.336111 0.909722 0.352778 0.909722 0.363889 0.920833 0.369444 0.920833 0.393056 0.952778 0.404167 0.955556 0.418056 0.975000 0.420833 0.997222
0 0.997222 0.620833 0.993056 0.622222 0.994444 0.626389 0.980556 0.626389 0.977778 0.631944 0.941667 0.631944 0.905556 0.612500 0.893056 0.588889 0.893056 0.558333 0.912500 0.533333 0.901389 0.508333 0.901389 0.486111 0.922222 0.468056 0.941667 0.468056 0.958333 0.476389 0.986111 0.465278 0.997222 0.468056
0 0.000000 0.540278 0.041667 0.562500 0.069444 0.570833 0.079167 0.580556 0.084722 0.594444 0.108333 0.612500 0.126389 0.633333 0.137500 0.658333 0.137500 0.672222 0.129167 0.697222 0.102778 0.712500 0.069444 0.715278 0.000000 0.693056
0 0.000000 0.079167 0.008333 0.073611 0.044444 0.068056 0.080556 0.073611 0.111111 0.090278 0.129167 0.108333 0.143056 0.138889 0.140278 0.169444 0.131944 0.186111 0.108333 0.204167 0.104167 0.202778 0.105556 0.198611 0.077778 0.201389 0.050000 0.193056 0.025000 0.179167 0.000000 0.176389
0 0.786111 0.873611 0.765278 0.866667 0.765278 0.850000 0.772222 0.840278 0.788889 0.840278 0.801389 0.852778 0.801389 0.866667 0.786111 0.873611
0 0.408333 0.412500 0.386111 0.412500 0.366667 0.406944 0.351389 0.397222 0.343056 0.375000 0.343056 0.255556 0.351389 0.236111 0.369444 0.223611 0.386111 0.223611 0.418056 0.247222 0.429167 0.261111 0.437500 0.283333 0.451389 0.297222 0.454167 0.319444 0.459722 0.327778 0.456944 0.355556 0.448611 0.380556 0.430556 0.401389 0.408333 0.412500
0 0.711111 0.312500 0.669444 0.309722 0.652778 0.304167 0.638889 0.290278 0.633333 0.290278 0.620833 0.277778 0.612500 0.261111 0.612500 0.236111 0.629167 0.205556 0.633333 0.206944 0.638889 0.198611 0.661111 0.184722 0.672222 0.184722 0.688889 0.170833 0.694444 0.173611 0.713889 0.162500 0.738889 0.162500 0.776389 0.188889 0.779167 0.219444 0.770833 0.252778 0.748611 0.288889 0.711111 0.312500
0 0.888889 0.815278 0.863889 0.812500 0.831944 0.780556 0.831944 0.713889 0.834722 0.700000 0.841667 0.693056 0.858333 0.693056 0.891667 0.704167 0.906944 0.716667 0.918056 0.733333 0.923611 0.763889 0.920833 0.794444 0.902778 0.809722 0.888889 0.815278
0 0.819444 0.581944 0.800000 0.581944 0.788889 0.576389 0.773611 0.563889 0.741667 0.523611 0.722222 0.515278 0.704167 0.500000 0.690278 0.477778 0.690278 0.461111 0.684722 0.452778 0.687500 0.413889 0.697222 0.401389 0.705556 0.401389 0.722222 0.387500 0.741667 0.387500 0.752778 0.390278 0.758333 0.398611 0.777778 0.409722 0.786111 0.406944 0.795833 0.413889 0.829167 0.466667 0.837500 0.511111 0.851389 0.538889 0.851389 0.555556 0.833333 0.576389 0.819444 0.581944
0 0.890278 0.997222 0.884722 0.977778 0.887500 0.952778 0.893056 0.941667 0.911111 0.929167 0.927778 0.929167 0.952778 0.943056 0.968056 0.961111 0.973611 0.977778 0.979167 0.980556 0.979167 0.991667 0.987500 0.997222
0 0.200000 0.590278 0.169444 0.587500 0.161111 0.579167 0.152778 0.579167 0.150000 0.573611 0.125000 0.562500 0.112500 0.550000 0.104167 0.533333 0.101389 0.491667 0.118056 0.455556 0.138889 0.437500 0.177778 0.434722 0.230556 0.448611 0.255556 0.462500 0.270833 0.486111 0.276389 0.511111 0.273611 0.533333 0.265278 0.552778 0.236111 0.576389 0.200000 0.590278
0 0.997222 0.720833 0.990278 0.719444 0.990278 0.705556 0.984722 0.702778 0.981944 0.686111 0.984722 0.650000 0.991667 0.640278 0.997222 0.640278
0 0.802778 0.176389 0.777778 0.176389 0.775000 0.168056 0.752778 0.162500 0.744444 0.154167 0.730556 0.154167 0.695833 0.119444 0.687500 0.077778 0.690278 0.066667 0.713889 0.040278 0.716667 0.043056 0.725000 0.037500 0.744444 0.037500 0.750000 0.031944 0.758333 0.034722 0.761111 0.029167 0.769444 0.029167 0.802778 0.034722 0.829167 0.058333 0.854167 0.108333 0.854167 0.130556 0.841667 0.154167 0.802778 0.176389
0 0.527778 0.665278 0.497222 0.665278 0.458333 0.651389 0.443056 0.636111 0.431944 0.616667 0.431944 0.591667 0.437500 0.586111 0.440278 0.572222 0.451389 0.561111 0.451389 0.538889 0.445833 0.527778 0.451389 0.491667 0.466667 0.473611 0.505556 0.459722 0.527778 0.459722 0.550000 0.470833 0.576389 0.500000 0.593056 0.547222 0.593056 0.588889 0.579167 0.622222 0.555556 0.651389 0.527778 0.665278
0 0.805556 0.790278 0.761111 0.790278 0.741667 0.779167 0.712500 0.747222 0.695833 0.711111 0.695833 0.688889 0.701389 0.666667 0.713889 0.651389 0.763889 0.651389 0.794444 0.665278 0.816667 0.679167 0.822222 0.687500 0.834722 0.691667 0.837500 0.697222 0.831944 0.713889 0.831944 0.766667 0.825000 0.781944 0.805556 0.790278
0 0.666667 0.973611 0.641667 0.973611 0.622222 0.968056 0.597222 0.951389 0.590278 0.941667 0.573611 0.897222 0.565278 0.891667 0.568056 0.880556 0.554167 0.858333 0.562500 0.833333 0.572222 0.823611 0.600000 0.812500 0.605556 0.815278 0.622222 0.809722 0.650000 0.815278 0.669444 0.829167 0.706944 0.869444 0.715278 0.888889 0.715278 0.922222 0.695833 0.952778 0.666667 0.973611
0 0.997222 0.359722 0.993056 0.361111 0.994444 0.370833 0.966667 0.370833 0.950000 0.368056 0.916667 0.351389 0.870833 0.313889 0.865278 0.305556 0.865278 0.277778 0.873611 0.258333 0.894444 0.240278 0.902778 0.243056 0.905556 0.237500 0.936111 0.237500 0.972222 0.256944 0.997222 0.284722
0 0.433333 0.651389 0.425000 0.651389 0.420833 0.644444 0.420833 0.633333 0.427778 0.629167 0.437500 0.633333 0.437500 0.647222 0.433333 0.651389
