0 0.905556 0.968056 0.875000 0.959722 0.855556 0.959722 0.811111 0.945833 0.776389 0.911111 0.773611 0.866667 0.797222 0.840278 0.808333 0.834722 0.861111 0.837500 0.897222 0.851389 0.923611 0.872222 0.937500 0.900000 0.937500 0.941667 0.927778 0.956944 0.905556 0.968056
0 0.458333 0.104167 0.450000 0.104167 0.440278 0.097222 0.437500 0.088889 0.444444 0.079167 0.455556 0.079167 0.468056 0.088889 0.468056 0.100000 0.458333 0.104167
0 0.651389 0.997222 0.651389 0.991667 0.666667 0.973611 0.716667 0.970833 0.722222 0.965278 0.758333 0.965278 0.766667 0.970833 0.786111 0.970833 0.805556 0.979167 0.826389 0.997222
0 0.900000 0.795833 0.858333 0.795833 0.834722 0.777778 0.823611 0.744444 0.823611 0.725000 0.795833 0.683333 0.795833 0.655556 0.805556 0.645833 0.844444 0.645833 0.855556 0.654167 0.888889 0.665278 0.923611 0.713889 0.929167 0.736111 0.929167 0.766667 0.900000 0.795833
0 0.861111 0.465278 0.838889 0.465278 0.822222 0.456944 0.811111 0.456944 0.797222 0.448611 0.788889 0.448611 0.758333 0.429167 0.726389 0.397222 0.723611 0.380556 0.731944 0.358333 0.752778 0.343056 0.780556 0.340278 0.811111 0.354167 0.819444 0.354167 0.836111 0.365278 0.844444 0.365278 0.873611 0.394444 0.887500 0.422222 0.881944 0.444444 0.873611 0.452778 0.873611 0.458333 0.861111 0.465278
0 0.000000 0.406944 0.012500 0.422222 0.015278 0.438889 0.012500 0.475000 0.006944 0.491667 0.000000 0.498611
0 0.661111 0.979167 0.627778 0.979167 0.600000 0.962500 0.581944 0.933333 0.576389 0.900000 0.581944 0.891667 0.584722 0.872222 0.601389 0.847222 0.604167 0.825000 0.612500 0.808333 0.630556 0.790278 0.647222 0.781944 0.655556 0.781944 0.661111 0.776389 0.677778 0.776389 0.708333 0.787500 0.723611 0.805556 0.740278 0.836111 0.748611 0.875000 0.740278 0.905556 0.729167 0.919444 0.720833 0.950000 0.702778 0.965278 0.666667 0.973611 0.661111 0.979167
0 0.997222 0.329167 0.986111 0.331944 0.981944 0.327778 0.981944 0.319444 0.988889 0.312500 0.997222 0.315278
0 0.176389 0.000000 0.179167 0.013889 0.168056 0.033333 0.155556 0.045833 0.125000 0.056944 0.077778 0.054167 0.047222 0.043056 0.020833 0.019444 0.012500 0.000000
0 0.622222 0.265278 0.600000 0.265278 0.580556 0.259722 0.554167 0.225000 0.537500 0.188889 0.537500 0.180556 0.531944 0.175000 0.531944 0.130556 0.555556 0.101389 0.583333 0.101389 0.638889 0.148611 0.663889 0.151389 0.681944 0.172222 0.681944 0.194444 0.670833 0.216667 0.645833 0.238889 0.643056 0.250000 0.622222 0.265278
0 0.883333 0.337500 0.873611 0.330556 0.880556 0.320833 0.887500 0.325000 0.883333 0.337500
0 0.997222 0.268056 0.987500 0.263889 0.987500 0.241667 0.997222 0.237500
0 0.341667 0.979167 0.266667 0.979167 0.225000 0.970833 0.209722 0.958333 0.204167 0.944444 0.179167 0.922222 0.179167 0.897222 0.202778 0.873611 0.227778 0.868056 0.327778 0.865278 0.352778 0.881944 0.369444 0.884722 0.384722 0.902778 0.387500 0.930556 0.370833 0.955556 0.341667 0.979167
0 0.997222 0.768056 0.988889 0.779167 0.966667 0.770833 0.940278 0.747222 0.923611 0.716667 0.923611 0.686111 0.941667 0.668056 0.958333 0.665278 0.969444 0.656944 0.986111 0.656944 0.997222 0.668056
0 0.747222 0.273611 0.725000 0.273611 0.704167 0.258333 0.693056 0.208333 0.695833 0.147222 0.701389 0.130556 0.712500 0.111111 0.736111 0.093056 0.777778 0.098611 0.793056 0.113889 0.801389 0.133333 0.818056 0.150000 0.820833 0.166667 0.820833 0.180556 0.801389 0.213889 0.798611 0.230556 0.784722 0.258333 0.775000 0.268056 0.747222 0.273611
0 0.127778 0.326389 0.077778 0.315278 0.059722 0.297222 0.048611 0.277778 0.045833 0.261111 0.051389 0.247222 0.075000 0.218056 0.136111 0.190278 0.150000 0.190278 0.225000 0.231944 0.243056 0.250000 0.240278 0.280556 0.216667 0.298611 0.127778 0.326389
0 0.500000 0.551389 0.458333 0.545833 0.443056 0.536111 0.429167 0.516667 0.423611 0.475000 0.426389 0.463889 0.451389 0.433333 0.465278 0.408333 0.483333 0.390278 0.522222 0.368056 0.538889 0.368056 0.545833 0.375000 0.545833 0.408333 0.537500 0.452778 0.537500 0.502778 0.523611 0.533333 0.508333 0.548611 0.500000 0.551389
0 0.625000 0.718056 0.586111 0.718056 0.550000 0.695833 0.531944 0.669444 0.529167 0.641667 0.537500 0.616667 0.551389 0.600000 0.559722 0.580556 0.575000 0.568056 0.591667 0.568056 0.608333 0.576389 0.627778 0.579167 0.651389 0.600000 0.665278 0.630556 0.668056 0.652778 0.662500 0.661111 0.656944 0.691667 0.647222 0.704167 0.625000 0.718056
0 0.997222 0.081944 0.969444 0.087500 0.936111 0.062500 0.911111 0.054167 0.898611 0.038889 0.898611 0.016667 0.912500 0.000000
0 0.400000 0.345833 0.372222 0.343056 0.359722 0.325000 0.356944 0.313889 0.365278 0.283333 0.381944 0.266667 0.401389 0.233333 0.433333 0.204167 0.455556 0.195833 0.486111 0.195833 0.497222 0.201389 0.529167 0.244444 0.526389 0.283333 0.509722 0.311111 0.469444 0.334722 0.433333 0.334722 0.400000 0.345833
0 0.000000 0.859722 0.050000 0.870833 0.088889 0.884722 0.120833 0.913889 0.129167 0.933333 0.129167 0.950000 0.118056 0.983333 0.101389 0.997222
0 0.280556 0.790278 0.233333 0.790278 0.180556 0.770833 0.165278 0.755556 0.154167 0.736111 0.154167 0.722222 0.162500 0.700000 0.175000 0.687500 0.194444 0.679167 0.247222 0.668056 0.294444 0.676389 0.319444 0.676389 0.350000 0.690278 0.365278 0.705556 0.368056 0.713889 0.365278 0.744444 0.359722 0.755556 0.338889 0.773611 0.280556 0.790278
0 0.000000 0.498611 0.006944 0.491667 0.015278 0.455556 0.029167 0.430556 0.038889 0.420833 0.077778 0.401389 0.091667 0.401389 0.102778 0.406944 0.123611 0.425000 0.131944 0.436111 0.131944 0.452778 0.137500 0.466667 0.154167 0.480556 0.159722 0.494444 0.159722 0.508333 0.144444 0.529167 0.102778 0.531944 0.061111 0.570833 0.027778 0.570833 0.016667 0.565278 0.004167 0.552778 0.000000 0.537500
0 0.858333 0.343056 0.841667 0.343056 0.837500 0.338889 0.840278 0.327778 0.847222 0.320833 0.852778 0.320833 0.862500 0.330556 0.858333 0.343056
0 0.838889 0.629167 0.813889 0.629167 0.794444 0.620833 0.773611 0.605556 0.745833 0.572222 0.737500 0.555556 0.731944 0.508333 0.755556 0.473611 0.772222 0.470833 0.777778 0.465278 0.813889 0.468056 0.829167 0.486111 0.831944 0.497222 0.851389 0.513889 0.870833 0.541667 0.876389 0.561111 0.873611 0.594444 0.868056 0.600000 0.868056 0.608333 0.855556 0.620833 0.838889 0.629167
