0 0.828125 0.458984 0.792969 0.451172 0.783203 0.441406 0.783203 0.429688 0.792969 0.419922 0.824219 0.427734 0.837891 0.441406 0.828125 0.458984
0 0.062500 0.369141 0.023438 0.361328 0.009766 0.347656 0.009766 0.335938 0.015625 0.330078 0.046875 0.330078 0.066406 0.337891 0.076172 0.355469 0.062500 0.369141
0 0.257812 0.208984 0.242188 0.205078 0.216797 0.179688 0.216797 0.164062 0.222656 0.158203 0.234375 0.154297 0.267578 0.179688 0.271484 0.195312 0.257812 0.208984
0 0.437500 0.240234 0.421875 0.236328 0.412109 0.226562 0.412109 0.214844 0.429688 0.201172 0.445312 0.201172 0.455078 0.214844 0.437500 0.240234
0 0.789062 0.201172 0.773438 0.201172 0.755859 0.187500 0.748047 0.164062 0.757812 0.154297 0.777344 0.158203 0.794922 0.171875 0.798828 0.187500 0.789062 0.201172
0 0.519531 0.880859 0.496094 0.873047 0.482422 0.859375 0.492188 0.841797 0.523438 0.853516 0.533203 0.863281 0.519531 0.880859
0 0.574219 0.787109 0.550781 0.783203 0.517578 0.750000 0.513672 0.734375 0.523438 0.716797 0.542969 0.716797 0.558594 0.724609 0.583984 0.750000 0.587891 0.777344 0.574219 0.787109
0 0.324219 0.185547 0.304688 0.185547 0.294922 0.175781 0.291016 0.160156 0.304688 0.146484 0.320312 0.142578 0.330078 0.152344 0.333984 0.175781 0.324219 0.185547
0 0.941406 0.103516 0.933594 0.103516 0.908203 0.078125 0.914062 0.060547 0.933594 0.064453 0.951172 0.082031 0.951172 0.097656 0.941406 0.103516
0 0.763672 0.996094 0.748047 0.988281 0.736328 0.968750 0.742188 0.951172 0.761719 0.951172 0.783203 0.968750 0.787109 0.988281 0.779297 0.996094
0 0.195312 0.298828 0.167969 0.294922 0.150391 0.273438 0.146484 0.250000 0.160156 0.236328 0.187500 0.240234 0.201172 0.257812 0.205078 0.289062 0.195312 0.298828
0 0.656250 0.990234 0.632812 0.982422 0.619141 0.968750 0.615234 0.957031 0.625000 0.947266 0.648438 0.947266 0.669922 0.968750 0.669922 0.976562 0.656250 0.990234
0 0.105469 0.541016 0.074219 0.533203 0.056641 0.515625 0.052734 0.488281 0.062500 0.470703 0.093750 0.474609 0.123047 0.500000 0.123047 0.531250 0.105469 0.541016
0 0.785156 0.103516 0.761719 0.099609 0.740234 0.078125 0.740234 0.062500 0.746094 0.056641 0.765625 0.056641 0.779297 0.070312 0.791016 0.089844 0.785156 0.103516
0 0.300781 0.927734 0.261719 0.916016 0.240234 0.886719 0.250000 0.876953 0.289062 0.884766 0.310547 0.910156 0.300781 0.927734
0 0.101562 0.634766 0.074219 0.626953 0.056641 0.609375 0.056641 0.597656 0.066406 0.583984 0.082031 0.580078 0.111328 0.597656 0.115234 0.625000 0.101562 0.634766
0 0.949219 0.724609 0.910156 0.716797 0.896484 0.703125 0.896484 0.695312 0.906250 0.685547 0.925781 0.685547 0.957031 0.697266 0.962891 0.714844 0.949219 0.724609
0 0.226562 0.755859 0.207031 0.755859 0.193359 0.742188 0.189453 0.722656 0.199219 0.712891 0.214844 0.712891 0.236328 0.738281 0.226562 0.755859
0 0.863281 0.939453 0.847656 0.939453 0.837891 0.929688 0.837891 0.910156 0.843750 0.904297 0.855469 0.904297 0.873047 0.917969 0.873047 0.929688 0.863281 0.939453
0 0.871094 0.849609 0.843750 0.849609 0.828125 0.841797 0.814453 0.824219 0.814453 0.812500 0.824219 0.802734 0.835938 0.802734 0.867188 0.814453 0.880859 0.828125 0.880859 0.839844 0.871094 0.849609
0 0.601562 0.419922 0.566406 0.416016 0.552734 0.402344 0.552734 0.386719 0.562500 0.376953 0.605469 0.380859 0.615234 0.390625 0.615234 0.406250 0.601562 0.419922
0 0.000000 0.103516 0.017578 0.125000 0.013672 0.148438 0.000000 0.158203
0 0.718750 0.716797 0.683594 0.712891 0.666016 0.695312 0.666016 0.679688 0.671875 0.673828 0.687500 0.673828 0.714844 0.685547 0.724609 0.695312 0.724609 0.710938 0.718750 0.716797
0 0.976562 0.189453 0.949219 0.189453 0.935547 0.164062 0.957031 0.150391 0.972656 0.154297 0.982422 0.164062 0.982422 0.183594 0.976562 0.189453
0 0.222656 0.646484 0.191406 0.646484 0.169922 0.625000 0.169922 0.609375 0.179688 0.599609 0.203125 0.599609 0.228516 0.625000 0.228516 0.640625 0.222656 0.646484
0 0.996094 0.123047 0.986328 0.113281 0.986328 0.093750 0.996094 0.087891
0 0.000000 0.533203 0.007812 0.533203 0.025391 0.554688 0.025391 0.570312 0.015625 0.580078 0.000000 0.580078
0 0.316406 0.728516 0.292969 0.724609 0.275391 0.707031 0.275391 0.695312 0.285156 0.685547 0.296875 0.685547 0.322266 0.707031 0.322266 0.722656 0.316406 0.728516
0 0.226562 0.544922 0.207031 0.544922 0.191406 0.537109 0.169922 0.507812 0.179688 0.498047 0.210938 0.505859 0.232422 0.531250 0.226562 0.544922
0 0.496094 0.361328 0.472656 0.357422 0.458984 0.343750 0.458984 0.320312 0.464844 0.314453 0.492188 0.310547 0.509766 0.324219 0.513672 0.347656 0.496094 0.361328
0 0.236328 0.996094 0.242188 0.986328 0.265625 0.986328 0.279297 0.996094
0 0.816406 0.658203 0.761719 0.654297 0.732422 0.632812 0.728516 0.617188 0.753906 0.599609 0.789062 0.599609 0.820312 0.611328 0.833984 0.628906 0.833984 0.640625 0.816406 0.658203
0 0.476562 0.470703 0.449219 0.470703 0.423828 0.449219 0.419922 0.437500 0.437500 0.423828 0.468750 0.435547 0.482422 0.449219 0.482422 0.464844 0.476562 0.470703
