0 0.089080 0.362500 0.076149 0.358654 0.068247 0.338462 0.061063 0.332692 0.063937 0.315385 0.068247 0.307692 0.068247 0.296154 0.073276 0.287500 0.077586 0.285577 0.086207 0.291346 0.086925 0.282692 0.096264 0.275962 0.117816 0.279808 0.124282 0.288462 0.124282 0.305769 0.120690 0.312500 0.099856 0.330769 0.102730 0.340385 0.099856 0.351923 0.089080 0.362500
0 0.295977 0.139423 0.288793 0.137500 0.278017 0.125000 0.263649 0.082692 0.259339 0.046154 0.259339 0.025000 0.265805 0.010577 0.274425 0.006731 0.283046 0.008654 0.295259 0.019231 0.306753 0.042308 0.313937 0.069231 0.313937 0.111538 0.305316 0.132692 0.301724 0.137500 0.295977 0.139423
0 0.550287 0.158654 0.534483 0.158654 0.517241 0.149038 0.505029 0.132692 0.494971 0.113462 0.490661 0.100000 0.490661 0.075000 0.504310 0.050962 0.517241 0.049038 0.528736 0.054808 0.545977 0.070192 0.555316 0.084615 0.561063 0.105769 0.562500 0.123077 0.561063 0.138462 0.556753 0.150000 0.550287 0.158654
0 0.837644 0.125962 0.811782 0.125962 0.806034 0.122115 0.793822 0.101923 0.796695 0.080769 0.811782 0.058654 0.834770 0.039423 0.850575 0.033654 0.864943 0.037500 0.874282 0.048077 0.877155 0.055769 0.875718 0.080769 0.862069 0.110577 0.853448 0.120192 0.837644 0.125962
0 0.459770 0.816346 0.454023 0.816346 0.439655 0.808654 0.431753 0.792308 0.433190 0.790385 0.430316 0.788462 0.428879 0.776923 0.431753 0.775000 0.431753 0.763462 0.436063 0.753846 0.448276 0.735577 0.461207 0.727885 0.475575 0.727885 0.484195 0.735577 0.490661 0.748077 0.493534 0.765385 0.490661 0.786538 0.472701 0.814423 0.466954 0.812500 0.459770 0.816346
0 0.998563 0.570192 0.993534 0.553846 0.993534 0.532692 0.998563 0.525962
0 0.879310 0.493269 0.862069 0.493269 0.849138 0.487500 0.837644 0.477885 0.829023 0.464423 0.821121 0.457692 0.816810 0.448077 0.816810 0.425000 0.827586 0.414423 0.837644 0.412500 0.863506 0.414423 0.883621 0.424038 0.900144 0.448077 0.901580 0.467308 0.893678 0.483654 0.879310 0.493269
0 0.735632 0.593269 0.725575 0.591346 0.713362 0.578846 0.703305 0.561538 0.701868 0.551923 0.693247 0.534615 0.688937 0.503846 0.690374 0.490385 0.694684 0.480769 0.702586 0.474038 0.727011 0.472115 0.735632 0.475962 0.752155 0.496154 0.756466 0.507692 0.757902 0.526923 0.755029 0.550000 0.746408 0.580769 0.735632 0.593269
0 0.000000 0.131731 0.010057 0.124038 0.025862 0.124038 0.041667 0.133654 0.049569 0.144231 0.056753 0.173077 0.053879 0.205769 0.043103 0.216346 0.031609 0.220192 0.017241 0.220192 0.000000 0.208654
0 0.795259 0.998077 0.802443 0.976923 0.823276 0.949038 0.844828 0.937500 0.862069 0.939423 0.871408 0.948077 0.872845 0.994231 0.868534 0.998077
0 0.073276 0.781731 0.058908 0.781731 0.041667 0.770192 0.035201 0.759615 0.030891 0.742308 0.030891 0.711538 0.033764 0.701923 0.042385 0.684615 0.051724 0.672115 0.061782 0.664423 0.077586 0.664423 0.087644 0.670192 0.095546 0.680769 0.101293 0.703846 0.099856 0.732692 0.084052 0.771154 0.073276 0.781731
0 0.683908 0.885577 0.678161 0.885577 0.670977 0.879808 0.659483 0.879808 0.650862 0.872115 0.635776 0.844231 0.637213 0.823077 0.647270 0.800000 0.673851 0.774038 0.691092 0.766346 0.692529 0.768269 0.696839 0.764423 0.722701 0.766346 0.734914 0.776923 0.739224 0.784615 0.742098 0.798077 0.742098 0.821154 0.737787 0.828846 0.736351 0.840385 0.730603 0.853846 0.712644 0.875962 0.704023 0.879808 0.702586 0.877885 0.701149 0.881731 0.689655 0.879808 0.683908 0.885577
0 0.354885 0.545192 0.337644 0.539423 0.326149 0.529808 0.308190 0.505769 0.302443 0.490385 0.301006 0.465385 0.303879 0.453846 0.314655 0.439423 0.320402 0.435577 0.336207 0.435577 0.350575 0.447115 0.359914 0.459615 0.372845 0.484615 0.375718 0.496154 0.374282 0.523077 0.363506 0.539423 0.354885 0.545192
0 0.197557 0.000000 0.207615 0.026923 0.210489 0.046154 0.209052 0.069231 0.200431 0.092308 0.188218 0.108654 0.176724 0.116346 0.166667 0.114423 0.165230 0.110577 0.155172 0.106731 0.147270 0.096154 0.140086 0.076923 0.140086 0.038462 0.157328 0.000000
0 0.242816 0.879808 0.234195 0.874038 0.223420 0.857692 0.213362 0.828846 0.206178 0.796154 0.207615 0.759615 0.213362 0.744231 0.219828 0.735577 0.231322 0.727885 0.245690 0.731731 0.254310 0.739423 0.260776 0.750000 0.270833 0.776923 0.275144 0.809615 0.273707 0.836538 0.267960 0.848077 0.263649 0.865385 0.257184 0.874038 0.242816 0.879808
0 0.000000 0.935577 0.001437 0.960577 0.018678 0.949038 0.035920 0.947115 0.041667 0.950962 0.049569 0.961538 0.052443 0.975000 0.048132 0.998077
0 0.454023 0.310577 0.442529 0.308654 0.426724 0.299038 0.415948 0.280769 0.413075 0.269231 0.411638 0.250000 0.415948 0.223077 0.423851 0.210577 0.435345 0.200962 0.455460 0.202885 0.462644 0.208654 0.473420 0.226923 0.476293 0.240385 0.477730 0.273077 0.474856 0.288462 0.468391 0.300962 0.454023 0.310577
0 0.771552 0.343269 0.760057 0.343269 0.738506 0.333654 0.727011 0.325962 0.709770 0.308654 0.694684 0.282692 0.694684 0.263462 0.697557 0.257692 0.711207 0.249038 0.727011 0.250962 0.745690 0.262500 0.774425 0.287500 0.783764 0.305769 0.785201 0.323077 0.782328 0.332692 0.771552 0.343269
0 0.663793 0.606731 0.656609 0.606731 0.645833 0.594231 0.640086 0.580769 0.637213 0.563462 0.637213 0.509615 0.652299 0.483654 0.670977 0.487500 0.681034 0.495192 0.690374 0.515385 0.693247 0.528846 0.693247 0.553846 0.688937 0.582692 0.679598 0.595192 0.663793 0.606731
0 0.527299 0.602885 0.510057 0.597115 0.500718 0.584615 0.490661 0.550000 0.489224 0.509615 0.493534 0.494231 0.500000 0.487500 0.517241 0.487500 0.533046 0.499038 0.542385 0.515385 0.551006 0.542308 0.552443 0.567308 0.546695 0.588462 0.537356 0.599038 0.527299 0.602885
