0 0.000000 0.202885 0.005029 0.207692 0.006466 0.217308 0.005029 0.236538 0.003592 0.242308 0.000000 0.245192
0 0.372126 0.572115 0.364943 0.566346 0.346983 0.542308 0.344109 0.532692 0.349138 0.527885 0.369253 0.527885 0.377874 0.514423 0.383621 0.514423 0.391523 0.523077 0.391523 0.528846 0.387213 0.544231 0.382902 0.550000 0.380029 0.567308 0.372126 0.572115
0 0.472701 0.527885 0.452586 0.524038 0.436063 0.507692 0.433190 0.500000 0.433190 0.490385 0.443966 0.474038 0.456897 0.468269 0.472701 0.475962 0.480603 0.486538 0.480603 0.517308 0.472701 0.527885
0 0.195402 0.260577 0.191092 0.260577 0.183190 0.251923 0.177443 0.226923 0.177443 0.213462 0.185345 0.199038 0.202586 0.181731 0.205460 0.181731 0.211207 0.185577 0.216236 0.194231 0.220546 0.209615 0.220546 0.221154 0.210489 0.244231 0.195402 0.260577
0 0.295977 0.133654 0.287356 0.133654 0.280891 0.128846 0.276580 0.123077 0.273707 0.103846 0.277299 0.097115 0.293103 0.099038 0.297414 0.091346 0.307471 0.089423 0.316810 0.101923 0.318247 0.115385 0.313218 0.122115 0.295977 0.133654
0 0.663793 0.060577 0.649425 0.058654 0.623563 0.045192 0.619971 0.038462 0.622845 0.025000 0.635057 0.012500 0.643678 0.010577 0.659483 0.010577 0.670977 0.016346 0.683190 0.036538 0.683190 0.046154 0.676724 0.054808 0.663793 0.060577
0 0.808908 0.829808 0.801724 0.829808 0.794540 0.820192 0.777299 0.806731 0.769397 0.796154 0.767960 0.784615 0.772989 0.777885 0.780172 0.777885 0.786638 0.784615 0.793103 0.797115 0.807471 0.804808 0.813937 0.815385 0.813937 0.821154 0.808908 0.829808
0 0.751437 0.562500 0.745690 0.562500 0.740661 0.557692 0.740661 0.538462 0.734914 0.528846 0.739224 0.511538 0.744253 0.504808 0.758621 0.506731 0.766523 0.519231 0.766523 0.532692 0.763649 0.542308 0.759339 0.553846 0.751437 0.562500
0 0.737069 0.277885 0.731322 0.275962 0.723420 0.265385 0.721983 0.248077 0.717672 0.234615 0.719109 0.215385 0.725575 0.208654 0.735632 0.208654 0.739943 0.214423 0.747126 0.216346 0.749282 0.225000 0.757902 0.238462 0.757902 0.253846 0.753592 0.263462 0.742816 0.275962 0.737069 0.277885
0 0.295977 0.216346 0.287356 0.216346 0.280172 0.212500 0.270833 0.198077 0.273707 0.180769 0.284483 0.166346 0.306034 0.168269 0.316810 0.180769 0.315374 0.196154 0.312500 0.201923 0.303161 0.212500 0.298851 0.212500 0.295977 0.216346
0 0.704023 0.977885 0.685345 0.975962 0.679598 0.968269 0.671695 0.963462 0.670259 0.953846 0.674569 0.948077 0.673132 0.936538 0.676724 0.931731 0.679598 0.931731 0.686782 0.941346 0.693966 0.937500 0.701149 0.939423 0.714080 0.935577 0.724856 0.944231 0.724856 0.959615 0.715517 0.972115 0.704023 0.977885
0 0.636494 0.606731 0.632184 0.606731 0.622845 0.598077 0.622845 0.580769 0.627155 0.565385 0.635057 0.556731 0.643678 0.558654 0.650144 0.567308 0.651580 0.576923 0.645833 0.600000 0.642241 0.604808 0.636494 0.606731
0 0.647989 0.404808 0.642241 0.402885 0.638649 0.398077 0.638649 0.388462 0.649425 0.377885 0.656609 0.377885 0.658764 0.375000 0.658764 0.365385 0.662356 0.360577 0.678879 0.371154 0.678879 0.382692 0.673851 0.393269 0.663793 0.393269 0.647989 0.404808
0 0.709770 0.849038 0.704023 0.849038 0.693966 0.833654 0.678161 0.833654 0.674569 0.826923 0.676006 0.815385 0.696839 0.799038 0.708333 0.804808 0.710489 0.807692 0.710489 0.823077 0.712644 0.825962 0.718391 0.824038 0.721983 0.832692 0.719109 0.840385 0.709770 0.849038
0 0.846264 0.120192 0.831897 0.120192 0.823276 0.110577 0.811782 0.106731 0.805316 0.098077 0.803879 0.078846 0.806753 0.069231 0.811782 0.062500 0.824713 0.058654 0.840517 0.072115 0.856322 0.079808 0.861351 0.086538 0.862787 0.094231 0.858477 0.109615 0.853448 0.116346 0.846264 0.120192
0 0.087644 0.662500 0.076149 0.662500 0.068966 0.658654 0.059626 0.648077 0.058190 0.626923 0.061063 0.619231 0.070402 0.608654 0.081897 0.610577 0.098420 0.636538 0.096983 0.653846 0.087644 0.662500
0 0.183190 0.000000 0.180316 0.013462 0.175287 0.020192 0.168103 0.025962 0.156609 0.029808 0.147989 0.037500 0.137931 0.035577 0.132902 0.025000 0.135776 0.009615 0.141523 0.000000
0 0.481322 0.858654 0.474138 0.856731 0.466954 0.849038 0.457615 0.828846 0.457615 0.809615 0.465517 0.799038 0.475575 0.800962 0.486351 0.813462 0.487787 0.848077 0.481322 0.858654
0 0.505747 0.656731 0.491379 0.654808 0.480603 0.636538 0.482040 0.628846 0.489943 0.624038 0.508621 0.625962 0.515086 0.634615 0.515086 0.646154 0.505747 0.656731
0 0.849138 0.570192 0.833333 0.568269 0.824713 0.562500 0.818247 0.553846 0.813937 0.538462 0.813937 0.521154 0.820402 0.508654 0.830460 0.512500 0.844828 0.531731 0.860632 0.529808 0.868534 0.536538 0.867098 0.555769 0.862069 0.562500 0.849138 0.570192
0 0.399425 0.762500 0.387931 0.760577 0.382902 0.753846 0.382902 0.738462 0.380029 0.730769 0.385776 0.715385 0.395115 0.710577 0.402299 0.710577 0.405891 0.715385 0.410201 0.728846 0.410201 0.736538 0.415948 0.748077 0.412356 0.758654 0.399425 0.762500
0 0.982759 0.800962 0.968391 0.799038 0.950431 0.776923 0.950431 0.767308 0.954741 0.750000 0.958333 0.745192 0.971264 0.739423 0.980603 0.748077 0.983477 0.771154 0.990661 0.782692 0.989224 0.796154 0.982759 0.800962
0 0.479885 0.466346 0.468391 0.464423 0.461925 0.451923 0.463362 0.428846 0.470546 0.409615 0.477011 0.402885 0.482759 0.404808 0.487787 0.411538 0.490661 0.423077 0.490661 0.450000 0.487787 0.457692 0.479885 0.466346
0 0.556034 0.520192 0.547414 0.520192 0.540948 0.511538 0.538075 0.496154 0.553161 0.475962 0.571839 0.475962 0.578305 0.488462 0.579741 0.498077 0.573276 0.508654 0.556034 0.520192
0 0.998563 0.216346 0.985632 0.214423 0.963362 0.190385 0.963362 0.184615 0.972701 0.175962 0.977011 0.177885 0.991379 0.174038 0.998563 0.179808
0 0.474138 0.668269 0.468391 0.668269 0.459052 0.657692 0.453305 0.646154 0.446121 0.619231 0.444684 0.600000 0.454023 0.587500 0.458333 0.585577 0.461207 0.585577 0.470546 0.601923 0.476293 0.625000 0.487787 0.650000 0.474138 0.668269
0 0.229167 0.998077 0.232759 0.991346 0.244253 0.983654 0.250000 0.985577 0.254310 0.991346 0.258621 0.991346 0.262213 0.998077
0 0.403736 0.695192 0.395115 0.695192 0.387931 0.689423 0.372845 0.665385 0.377155 0.646154 0.386494 0.635577 0.400862 0.639423 0.410920 0.649038 0.418822 0.667308 0.417385 0.682692 0.410920 0.691346 0.403736 0.695192
0 0.928161 0.933654 0.919540 0.933654 0.914511 0.928846 0.914511 0.921154 0.911638 0.915385 0.914511 0.890385 0.926724 0.877885 0.935345 0.877885 0.939655 0.883654 0.956897 0.875962 0.964080 0.877885 0.969109 0.888462 0.966236 0.901923 0.959770 0.910577 0.936782 0.922115 0.928161 0.933654
0 0.363506 0.233654 0.344828 0.227885 0.339799 0.219231 0.339799 0.209615 0.356322 0.191346 0.362069 0.187500 0.370690 0.187500 0.377155 0.198077 0.377155 0.219231 0.370690 0.229808 0.363506 0.233654
0 0.900862 0.089423 0.883621 0.089423 0.881466 0.086538 0.875718 0.073077 0.875718 0.046154 0.879310 0.035577 0.885057 0.037500 0.890805 0.033654 0.900862 0.033654 0.908046 0.027885 0.913075 0.032692 0.915948 0.040385 0.915948 0.063462 0.913075 0.067308 0.911638 0.076923 0.900862 0.089423
0 0.932471 0.558654 0.918103 0.556731 0.905172 0.549038 0.900144 0.542308 0.897270 0.534615 0.897270 0.521154 0.906609 0.508654 0.936782 0.502885 0.942529 0.504808 0.947557 0.511538 0.950431 0.538462 0.942529 0.552885 0.932471 0.558654
0 0.262931 0.887500 0.252874 0.885577 0.240661 0.871154 0.237787 0.848077 0.244971 0.832692 0.258621 0.816346 0.275862 0.816346 0.285201 0.826923 0.288075 0.834615 0.288075 0.859615 0.277299 0.875962 0.262931 0.887500
0 0.762213 0.998077 0.759339 0.986538 0.752155 0.978846 0.750718 0.973077 0.754310 0.962500 0.767241 0.956731 0.777299 0.947115 0.787356 0.949038 0.794540 0.962500 0.804598 0.956731 0.813218 0.960577 0.816810 0.967308 0.816810 0.976923 0.823276 0.979808 0.831178 0.990385 0.829741 0.998077
0 0.949713 0.247115 0.943247 0.242308 0.940374 0.228846 0.940374 0.213462 0.956897 0.191346 0.965517 0.191346 0.984914 0.213462 0.980603 0.223077 0.966954 0.239423 0.949713 0.247115
0 0.695402 0.772115 0.683908 0.768269 0.683190 0.763462 0.677443 0.757692 0.676006 0.730769 0.682471 0.724038 0.688218 0.724038 0.696839 0.714423 0.702586 0.714423 0.709052 0.721154 0.710489 0.734615 0.703305 0.750000 0.701868 0.763462 0.695402 0.772115
0 0.812500 0.000000 0.818966 0.004808 0.822557 0.011538 0.823994 0.025000 0.821121 0.032692 0.810345 0.045192 0.790230 0.047115 0.778736 0.041346 0.770833 0.030769 0.770833 0.021154 0.775862 0.012500 0.792385 0.000000
0 0.679598 0.447115 0.673851 0.447115 0.659483 0.431731 0.643678 0.433654 0.638649 0.423077 0.645115 0.412500 0.649425 0.410577 0.663793 0.410577 0.669540 0.416346 0.678161 0.416346 0.683190 0.421154 0.684626 0.428846 0.684626 0.440385 0.679598 0.447115
0 0.770115 0.404808 0.755747 0.404808 0.743534 0.388462 0.743534 0.367308 0.740661 0.361538 0.745690 0.352885 0.758621 0.354808 0.762931 0.350962 0.774425 0.350962 0.783764 0.359615 0.788075 0.371154 0.786638 0.388462 0.778736 0.400962 0.770115 0.404808
0 0.558908 0.858654 0.550287 0.858654 0.536638 0.838462 0.533764 0.821154 0.541667 0.804808 0.554598 0.804808 0.563937 0.819231 0.565374 0.851923 0.558908 0.858654
0 0.658046 0.222115 0.639368 0.220192 0.630029 0.211538 0.632902 0.194231 0.640086 0.180769 0.642960 0.165385 0.650862 0.154808 0.660920 0.156731 0.665948 0.163462 0.671695 0.178846 0.681753 0.192308 0.681753 0.209615 0.678161 0.216346 0.658046 0.222115
0 0.693966 0.529808 0.688218 0.529808 0.679598 0.524038 0.663075 0.501923 0.663075 0.490385 0.665230 0.487500 0.672414 0.485577 0.676724 0.489423 0.683908 0.489423 0.691092 0.495192 0.705460 0.489423 0.713362 0.498077 0.711925 0.511538 0.693966 0.529808
0 0.214080 0.789423 0.196839 0.787500 0.183190 0.773077 0.176006 0.753846 0.176006 0.742308 0.179598 0.735577 0.183908 0.731731 0.193966 0.731731 0.211207 0.735577 0.221983 0.744231 0.227730 0.753846 0.230603 0.767308 0.226293 0.776923 0.214080 0.789423
0 0.589080 0.277885 0.571839 0.275962 0.563937 0.263462 0.563937 0.255769 0.561063 0.251923 0.561063 0.238462 0.563937 0.230769 0.571839 0.222115 0.576868 0.226923 0.576868 0.251923 0.579023 0.254808 0.589080 0.252885 0.596264 0.241346 0.604885 0.243269 0.608477 0.250000 0.602730 0.265385 0.594828 0.270192 0.589080 0.277885
0 0.446121 0.000000 0.441092 0.008654 0.426724 0.016346 0.416667 0.012500 0.413075 0.007692 0.411638 0.000000
0 0.984195 0.860577 0.975575 0.860577 0.971264 0.856731 0.953305 0.828846 0.951868 0.809615 0.958333 0.799038 0.964080 0.799038 0.977011 0.806731 0.986351 0.823077 0.987787 0.855769 0.984195 0.860577
0 0.892241 0.785577 0.873563 0.783654 0.862069 0.775962 0.855603 0.767308 0.852730 0.757692 0.852730 0.740385 0.859195 0.729808 0.873563 0.724038 0.885057 0.733654 0.897270 0.750000 0.900144 0.757692 0.900144 0.776923 0.892241 0.785577
0 0.998563 0.289423 0.987069 0.297115 0.981322 0.297115 0.976293 0.290385 0.976293 0.280769 0.980603 0.267308 0.971983 0.251923 0.971983 0.242308 0.977011 0.235577 0.988506 0.233654 0.998563 0.249038
0 0.267241 0.722115 0.260057 0.720192 0.253592 0.713462 0.250718 0.705769 0.249282 0.684615 0.255029 0.663462 0.258621 0.658654 0.268678 0.656731 0.276580 0.667308 0.276580 0.696154 0.272270 0.703846 0.273707 0.713462 0.267241 0.722115
0 0.574713 0.720192 0.567529 0.720192 0.562500 0.713462 0.559626 0.698077 0.561063 0.692308 0.571839 0.679808 0.584770 0.675962 0.594109 0.684615 0.595546 0.700000 0.590517 0.708654 0.574713 0.720192
0 0.409483 0.608654 0.403736 0.608654 0.380029 0.573077 0.380029 0.559615 0.382902 0.550000 0.389368 0.541346 0.399425 0.541346 0.403017 0.546154 0.405891 0.565385 0.417385 0.590385 0.415948 0.601923 0.409483 0.608654
0 0.817529 0.589423 0.798851 0.585577 0.785201 0.569231 0.783764 0.551923 0.787356 0.545192 0.803161 0.535577 0.816810 0.548077 0.823994 0.561538 0.825431 0.571154 0.825431 0.575000 0.817529 0.589423
0 0.364224 0.000000 0.365661 0.009615 0.363506 0.012500 0.359195 0.018269 0.347701 0.018269 0.344109 0.028846 0.336207 0.037500 0.324713 0.035577 0.302443 0.000000
0 0.360632 0.827885 0.356322 0.827885 0.349138 0.820192 0.345546 0.815385 0.342672 0.803846 0.344109 0.798077 0.341236 0.792308 0.339799 0.771154 0.341236 0.765385 0.350575 0.756731 0.357759 0.756731 0.362787 0.763462 0.365661 0.775000 0.367098 0.821154 0.360632 0.827885
0 0.890805 0.281731 0.885057 0.281731 0.878592 0.273077 0.877155 0.257692 0.875000 0.254808 0.862069 0.254808 0.855603 0.248077 0.855603 0.240385 0.860632 0.233654 0.883621 0.231731 0.891523 0.242308 0.897270 0.255769 0.898707 0.267308 0.890805 0.281731
0 0.738506 0.512500 0.731322 0.512500 0.726293 0.507692 0.724856 0.494231 0.727730 0.484615 0.739943 0.464423 0.748563 0.458654 0.761494 0.458654 0.767960 0.475000 0.766523 0.488462 0.757184 0.502885 0.744253 0.504808 0.738506 0.512500
0 0.772989 0.175962 0.761494 0.175962 0.747845 0.159615 0.743534 0.150000 0.743534 0.121154 0.754310 0.104808 0.772989 0.093269 0.780172 0.093269 0.785201 0.103846 0.782328 0.125000 0.788075 0.138462 0.788075 0.157692 0.777299 0.174038 0.772989 0.175962
0 0.316092 0.910577 0.306034 0.910577 0.283764 0.892308 0.282328 0.882692 0.286638 0.876923 0.285201 0.869231 0.290230 0.852885 0.298851 0.850962 0.306034 0.854808 0.316810 0.875000 0.321121 0.892308 0.321121 0.901923 0.316092 0.910577
0 0.814655 0.674038 0.807471 0.674038 0.798132 0.663462 0.798132 0.651923 0.803161 0.643269 0.813218 0.641346 0.818966 0.645192 0.824713 0.637500 0.834770 0.635577 0.841954 0.635577 0.848420 0.642308 0.849856 0.663462 0.844828 0.670192 0.821839 0.670192 0.814655 0.674038
0 0.857759 0.470192 0.849138 0.470192 0.841954 0.466346 0.828305 0.450000 0.822557 0.415385 0.827586 0.404808 0.843391 0.408654 0.853448 0.418269 0.864943 0.424038 0.872845 0.434615 0.874282 0.453846 0.866379 0.464423 0.857759 0.470192
0 0.265805 0.185577 0.252874 0.181731 0.245690 0.170192 0.242816 0.170192 0.237787 0.163462 0.237787 0.153846 0.242816 0.149038 0.254310 0.150962 0.259339 0.140385 0.265805 0.133654 0.274425 0.133654 0.280891 0.144231 0.283764 0.167308 0.275862 0.177885 0.271552 0.177885 0.265805 0.185577
0 0.781609 0.470192 0.775862 0.468269 0.769397 0.459615 0.765086 0.448077 0.765086 0.438462 0.770115 0.431731 0.777299 0.433654 0.783764 0.415385 0.790230 0.410577 0.795259 0.417308 0.792385 0.432692 0.793822 0.457692 0.781609 0.470192
0 0.147270 0.998077 0.141523 0.980769 0.142960 0.971154 0.147989 0.964423 0.160920 0.966346 0.169540 0.958654 0.175287 0.958654 0.183190 0.969231 0.171695 0.982692 0.173132 0.998077
0 0.297414 0.687500 0.288793 0.685577 0.280891 0.671154 0.279454 0.659615 0.276580 0.655769 0.276580 0.644231 0.281609 0.637500 0.300287 0.643269 0.315374 0.659615 0.315374 0.673077 0.310345 0.679808 0.297414 0.687500
0 0.339080 0.199038 0.324713 0.197115 0.321121 0.186538 0.313937 0.176923 0.316092 0.168269 0.330460 0.152885 0.337644 0.149038 0.343391 0.150962 0.349856 0.159615 0.349856 0.167308 0.355603 0.182692 0.347701 0.195192 0.339080 0.199038
0 0.683908 0.899038 0.679598 0.899038 0.678879 0.894231 0.672414 0.889423 0.669540 0.889423 0.663793 0.897115 0.660201 0.894231 0.661638 0.876923 0.657328 0.867308 0.657328 0.861538 0.660920 0.856731 0.665230 0.856731 0.673851 0.870192 0.681034 0.868269 0.683190 0.871154 0.683190 0.886538 0.687500 0.892308 0.683908 0.899038
0 0.178161 0.408654 0.165230 0.408654 0.154454 0.396154 0.154454 0.382692 0.157328 0.371154 0.168103 0.356731 0.178161 0.356731 0.182471 0.360577 0.196839 0.362500 0.201868 0.367308 0.203305 0.373077 0.201868 0.392308 0.178161 0.408654
0 0.622126 0.731731 0.609195 0.729808 0.605603 0.723077 0.601293 0.676923 0.606322 0.670192 0.616379 0.670192 0.627155 0.684615 0.630029 0.698077 0.630029 0.713462 0.628592 0.723077 0.622126 0.731731
0 0.341954 0.350962 0.333333 0.347115 0.330460 0.350962 0.320402 0.350962 0.313937 0.340385 0.313937 0.323077 0.316810 0.315385 0.323994 0.307692 0.323994 0.292308 0.329023 0.283654 0.334770 0.279808 0.337644 0.279808 0.346983 0.294231 0.344109 0.315385 0.349856 0.338462 0.341954 0.350962
0 0.530172 0.493269 0.522989 0.493269 0.503592 0.457692 0.503592 0.448077 0.508621 0.441346 0.518678 0.435577 0.530172 0.437500 0.548132 0.457692 0.546695 0.475000 0.537356 0.489423 0.530172 0.493269
0 0.881466 0.998077 0.882902 0.990385 0.887931 0.983654 0.897989 0.985577 0.908046 0.993269 0.920977 0.993269 0.923132 0.998077
0 0.303161 0.537500 0.294540 0.537500 0.285920 0.531731 0.262213 0.509615 0.260776 0.496154 0.272989 0.477885 0.277299 0.477885 0.280172 0.474038 0.297414 0.475962 0.313937 0.494231 0.318247 0.503846 0.316810 0.525000 0.308908 0.535577 0.303161 0.537500
0 0.094828 0.527885 0.087644 0.525962 0.081178 0.515385 0.081178 0.500000 0.087644 0.489423 0.097701 0.489423 0.101293 0.494231 0.104167 0.505769 0.102730 0.519231 0.094828 0.527885
0 0.568247 0.000000 0.571121 0.009615 0.566810 0.021154 0.560345 0.029808 0.553161 0.033654 0.543103 0.029808 0.535920 0.031731 0.528017 0.019231 0.523707 0.000000
0 0.600575 0.385577 0.583333 0.383654 0.579741 0.378846 0.581178 0.361538 0.591954 0.347115 0.597701 0.347115 0.607759 0.354808 0.619253 0.352885 0.635776 0.365385 0.635776 0.371154 0.622126 0.383654 0.600575 0.385577
0 0.890805 0.697115 0.879310 0.693269 0.864224 0.673077 0.862787 0.659615 0.867098 0.648077 0.873563 0.641346 0.880747 0.639423 0.889368 0.643269 0.904454 0.659615 0.905891 0.680769 0.897989 0.693269 0.890805 0.697115
0 0.347701 0.893269 0.334770 0.893269 0.326149 0.889423 0.316810 0.876923 0.306753 0.857692 0.306753 0.842308 0.311782 0.833654 0.326149 0.827885 0.341954 0.833654 0.352730 0.844231 0.361351 0.863462 0.361351 0.869231 0.357040 0.884615 0.347701 0.893269
0 0.454023 0.402885 0.443966 0.402885 0.422414 0.391346 0.417385 0.382692 0.415948 0.369231 0.423851 0.364423 0.431034 0.352885 0.448276 0.352885 0.461925 0.371154 0.461925 0.386538 0.459052 0.396154 0.454023 0.402885
0 0.752874 0.964423 0.735632 0.964423 0.729167 0.959615 0.732040 0.944231 0.742098 0.930769 0.742098 0.923077 0.750000 0.912500 0.764368 0.912500 0.767241 0.916346 0.781609 0.918269 0.786638 0.926923 0.786638 0.936538 0.783764 0.942308 0.770115 0.954808 0.752874 0.964423
0 0.403736 0.931731 0.389368 0.929808 0.380029 0.921154 0.380029 0.911538 0.387931 0.900962 0.396552 0.895192 0.410920 0.895192 0.417385 0.903846 0.417385 0.913462 0.414511 0.921154 0.403736 0.931731
0 0.998563 0.352885 0.991379 0.352885 0.982759 0.366346 0.977011 0.366346 0.971983 0.361538 0.964799 0.342308 0.966236 0.323077 0.974138 0.312500 0.979885 0.312500 0.984195 0.318269 0.992816 0.318269 0.998563 0.322115
0 0.603448 0.664423 0.589080 0.664423 0.584052 0.657692 0.582615 0.644231 0.586925 0.632692 0.603448 0.612500 0.612069 0.612500 0.617098 0.621154 0.619971 0.642308 0.618534 0.648077 0.603448 0.664423
0 0.068966 0.091346 0.057471 0.089423 0.038793 0.077885 0.032328 0.067308 0.030891 0.051923 0.043103 0.039423 0.054598 0.039423 0.066092 0.045192 0.072557 0.055769 0.076868 0.069231 0.076868 0.082692 0.068966 0.091346
0 0.150862 0.350962 0.137931 0.347115 0.134339 0.342308 0.131466 0.330769 0.131466 0.298077 0.132902 0.292308 0.145115 0.275962 0.156609 0.275962 0.162356 0.279808 0.167385 0.286538 0.174569 0.309615 0.173132 0.323077 0.168822 0.334615 0.162356 0.343269 0.150862 0.350962
0 0.977011 0.700962 0.969828 0.700962 0.964080 0.695192 0.949713 0.697115 0.940374 0.680769 0.940374 0.659615 0.949713 0.652885 0.958333 0.650962 0.971264 0.650962 0.982759 0.656731 0.990661 0.669231 0.992098 0.684615 0.977011 0.700962
0 0.058908 0.252885 0.051724 0.252885 0.045259 0.242308 0.046695 0.201923 0.051006 0.190385 0.058908 0.179808 0.073276 0.168269 0.080460 0.166346 0.092672 0.175000 0.094109 0.200000 0.079741 0.230769 0.058908 0.252885
0 0.020115 0.650962 0.010057 0.649038 0.002155 0.640385 0.002155 0.628846 0.007902 0.619231 0.021552 0.610577 0.031609 0.610577 0.041667 0.604808 0.048851 0.606731 0.052443 0.611538 0.051006 0.632692 0.045977 0.639423 0.034483 0.647115 0.020115 0.650962
0 0.737787 0.000000 0.737787 0.009615 0.732759 0.016346 0.719828 0.010577 0.714799 0.000000
0 0.764368 0.912500 0.754310 0.912500 0.749282 0.905769 0.749282 0.896154 0.744971 0.890385 0.744971 0.873077 0.747126 0.870192 0.755747 0.874038 0.768678 0.874038 0.779454 0.880769 0.780891 0.894231 0.778017 0.901923 0.764368 0.912500
0 0.419540 0.241346 0.405172 0.235577 0.394397 0.223077 0.394397 0.211538 0.400862 0.202885 0.408046 0.199038 0.418103 0.199038 0.422414 0.195192 0.431034 0.195192 0.443966 0.199038 0.451868 0.209615 0.453305 0.223077 0.446839 0.233654 0.431034 0.233654 0.419540 0.241346
0 0.170977 0.158654 0.162356 0.158654 0.151580 0.146154 0.151580 0.136538 0.158046 0.124038 0.183908 0.116346 0.193966 0.116346 0.201868 0.125000 0.200431 0.136538 0.193966 0.145192 0.185345 0.149038 0.178161 0.156731 0.170977 0.158654
0 0.417385 0.998077 0.414511 0.994231 0.414511 0.984615 0.418103 0.979808 0.431034 0.975962 0.446839 0.962500 0.452586 0.962500 0.461207 0.968269 0.466236 0.976923 0.466236 0.986538 0.454741 0.998077
0 0.183908 0.937500 0.170977 0.935577 0.162356 0.925962 0.150862 0.927885 0.144397 0.921154 0.144397 0.915385 0.141523 0.911538 0.142241 0.908654 0.153736 0.904808 0.160201 0.896154 0.160201 0.892308 0.165230 0.889423 0.178161 0.897115 0.180316 0.903846 0.186782 0.910577 0.188937 0.905769 0.181034 0.899038 0.171695 0.884615 0.171695 0.876923 0.182471 0.862500 0.198276 0.868269 0.212644 0.879808 0.217672 0.890385 0.215517 0.897115 0.201149 0.900962 0.191810 0.909615 0.188937 0.930769 0.183908 0.937500
0 0.173851 0.614423 0.166667 0.614423 0.160920 0.610577 0.155891 0.603846 0.153017 0.592308 0.154454 0.573077 0.148707 0.553846 0.150144 0.546154 0.158046 0.533654 0.169540 0.535577 0.173132 0.540385 0.178879 0.559615 0.181753 0.605769 0.173851 0.614423
0 0.673851 0.724038 0.663793 0.724038 0.651580 0.709615 0.651580 0.701923 0.659483 0.691346 0.682471 0.677885 0.686782 0.677885 0.696121 0.686538 0.696121 0.696154 0.682471 0.722115 0.673851 0.724038
0 0.504310 0.624038 0.489943 0.624038 0.483477 0.613462 0.482040 0.584615 0.485632 0.577885 0.498563 0.575962 0.502155 0.580769 0.502155 0.588462 0.512213 0.601923 0.512213 0.613462 0.504310 0.624038
0 0.255747 0.443269 0.227011 0.435577 0.220546 0.428846 0.216236 0.415385 0.216236 0.388462 0.219828 0.383654 0.227011 0.381731 0.241379 0.385577 0.256466 0.401923 0.260776 0.411538 0.263649 0.428846 0.260776 0.438462 0.255747 0.443269
0 0.748563 0.114423 0.742816 0.114423 0.727730 0.098077 0.724856 0.082692 0.729885 0.074038 0.737069 0.072115 0.742816 0.075962 0.754310 0.075962 0.777299 0.060577 0.786638 0.067308 0.789511 0.076923 0.780172 0.093269 0.772989 0.093269 0.760057 0.100962 0.754310 0.104808 0.748563 0.114423
0 0.910920 0.358654 0.899425 0.358654 0.886494 0.350962 0.878592 0.340385 0.877155 0.317308 0.883621 0.306731 0.900862 0.302885 0.909483 0.291346 0.918103 0.287500 0.923132 0.296154 0.923132 0.303846 0.931753 0.313462 0.933190 0.336538 0.926724 0.347115 0.910920 0.358654
0 0.260057 0.074038 0.248563 0.074038 0.227011 0.060577 0.223420 0.055769 0.219109 0.044231 0.219109 0.032692 0.227011 0.020192 0.237069 0.018269 0.242816 0.012500 0.251437 0.016346 0.255029 0.026923 0.267960 0.042308 0.265086 0.050000 0.267960 0.065385 0.260057 0.074038
0 0.998563 0.095192 0.984195 0.089423 0.980603 0.076923 0.975575 0.074038 0.973420 0.069231 0.974856 0.061538 0.986351 0.050000 0.987787 0.032692 0.991379 0.027885 0.998563 0.027885
0 0.017960 0.998077 0.005029 0.982692 0.005029 0.975000 0.012931 0.964423 0.017241 0.964423 0.027299 0.979808 0.047414 0.966346 0.054598 0.968269 0.061063 0.978846 0.059626 0.998077
0 0.477011 0.210577 0.455460 0.210577 0.443966 0.199038 0.439655 0.199038 0.436063 0.190385 0.436063 0.175000 0.441092 0.168269 0.472701 0.170192 0.478448 0.174038 0.487787 0.186538 0.487787 0.192308 0.477011 0.210577
0 0.419540 0.122115 0.412356 0.122115 0.405891 0.113462 0.407328 0.094231 0.404454 0.082692 0.412356 0.070192 0.423851 0.072115 0.434626 0.086538 0.436063 0.094231 0.436063 0.101923 0.431753 0.111538 0.426724 0.118269 0.419540 0.122115
0 0.601293 0.000000 0.602730 0.019231 0.596264 0.029808 0.590517 0.033654 0.580460 0.033654 0.573994 0.028846 0.572557 0.011538 0.568247 0.000000
0 0.834770 0.329808 0.823276 0.325962 0.813937 0.313462 0.808190 0.288462 0.808190 0.278846 0.813218 0.272115 0.840517 0.272115 0.844828 0.274038 0.852730 0.286538 0.851293 0.296154 0.841236 0.311538 0.839799 0.325000 0.834770 0.329808
0 0.689655 0.193269 0.681034 0.191346 0.671695 0.178846 0.661638 0.157692 0.661638 0.151923 0.655891 0.140385 0.655891 0.128846 0.660920 0.122115 0.672414 0.120192 0.681034 0.124038 0.704741 0.153846 0.706178 0.169231 0.701868 0.180769 0.689655 0.193269
0 0.587644 0.331731 0.579023 0.327885 0.566092 0.327885 0.556753 0.319231 0.555316 0.305769 0.558190 0.294231 0.563218 0.287500 0.576149 0.287500 0.599856 0.303846 0.599856 0.319231 0.591954 0.329808 0.587644 0.331731
0 0.899425 0.752885 0.890086 0.738462 0.897270 0.711538 0.906609 0.697115 0.912356 0.695192 0.923851 0.702885 0.928161 0.695192 0.933908 0.695192 0.943247 0.705769 0.943247 0.717308 0.936782 0.727885 0.912356 0.749038 0.899425 0.752885
0 0.206897 0.529808 0.198276 0.525962 0.176724 0.527885 0.167385 0.521154 0.164511 0.505769 0.174569 0.475000 0.181034 0.466346 0.192529 0.468269 0.198276 0.477885 0.206897 0.481731 0.210489 0.486538 0.210489 0.492308 0.216236 0.505769 0.216236 0.521154 0.206897 0.529808
0 0.229885 0.370192 0.222701 0.370192 0.216954 0.364423 0.204023 0.364423 0.198994 0.357692 0.198994 0.348077 0.205460 0.337500 0.216236 0.328846 0.224856 0.303846 0.231322 0.295192 0.238506 0.289423 0.248563 0.289423 0.256466 0.298077 0.259339 0.305769 0.262213 0.317308 0.260776 0.332692 0.248563 0.358654 0.229885 0.370192
0 0.000000 0.804808 0.015805 0.802885 0.025144 0.813462 0.030891 0.832692 0.033764 0.865385 0.025862 0.875962 0.010057 0.874038 0.002155 0.861538 0.005029 0.850000 0.000000 0.841346
0 0.807471 0.477885 0.801724 0.477885 0.796695 0.471154 0.792385 0.453846 0.792385 0.432692 0.798132 0.407692 0.798132 0.398077 0.800287 0.395192 0.807471 0.395192 0.809626 0.398077 0.809626 0.407692 0.812500 0.413462 0.812500 0.426923 0.808190 0.436538 0.812500 0.455769 0.812500 0.473077 0.807471 0.477885
0 0.518678 0.643269 0.515086 0.642308 0.515086 0.634615 0.505029 0.623077 0.512213 0.613462 0.512213 0.603846 0.522989 0.599038 0.532328 0.611538 0.532328 0.617308 0.518678 0.643269
0 0.000000 0.697115 0.008621 0.683654 0.014368 0.679808 0.021552 0.679808 0.033046 0.687500 0.047414 0.685577 0.053879 0.694231 0.053879 0.707692 0.047414 0.716346 0.022989 0.729808 0.010057 0.729808 0.000000 0.710577
0 0.889368 0.970192 0.875000 0.970192 0.871408 0.963462 0.871408 0.953846 0.880029 0.932692 0.893678 0.912500 0.906609 0.910577 0.914511 0.921154 0.913075 0.936538 0.907328 0.950000 0.889368 0.970192
0 0.725575 0.716346 0.714080 0.714423 0.697557 0.700000 0.696121 0.682692 0.704023 0.670192 0.718391 0.668269 0.735632 0.681731 0.740661 0.690385 0.742098 0.700000 0.739224 0.707692 0.735632 0.712500 0.729885 0.712500 0.725575 0.716346
0 0.409483 0.810577 0.396552 0.810577 0.386494 0.804808 0.381466 0.794231 0.382902 0.782692 0.392241 0.772115 0.413793 0.774038 0.420259 0.784615 0.420259 0.796154 0.409483 0.810577
0 0.458333 0.943269 0.452586 0.941346 0.446121 0.930769 0.446121 0.896154 0.451149 0.887500 0.456897 0.887500 0.466236 0.898077 0.467672 0.911538 0.470546 0.917308 0.470546 0.928846 0.458333 0.943269
0 0.147989 0.908654 0.136494 0.908654 0.123563 0.900962 0.111351 0.882692 0.111351 0.867308 0.114224 0.855769 0.117098 0.846154 0.125000 0.835577 0.137931 0.835577 0.140086 0.838462 0.142960 0.846154 0.142960 0.861538 0.160201 0.884615 0.160201 0.896154 0.147989 0.908654
0 0.791667 0.760577 0.780172 0.760577 0.776580 0.755769 0.779454 0.721154 0.785920 0.708654 0.798851 0.714423 0.818247 0.734615 0.818247 0.744231 0.813218 0.752885 0.804598 0.758654 0.791667 0.760577
0 0.936063 0.998077 0.938218 0.993269 0.946839 0.991346 0.952586 0.985577 0.961207 0.989423 0.966236 0.998077
0 0.389368 0.110577 0.375000 0.110577 0.367816 0.100962 0.363506 0.100962 0.358477 0.094231 0.358477 0.084615 0.362069 0.079808 0.382184 0.075962 0.399425 0.068269 0.403017 0.073077 0.403017 0.086538 0.389368 0.110577
0 0.215517 0.968269 0.199713 0.966346 0.193247 0.957692 0.188937 0.950000 0.188937 0.921154 0.191810 0.909615 0.195402 0.904808 0.209770 0.897115 0.222701 0.897115 0.232759 0.900962 0.243534 0.915385 0.243534 0.932692 0.227011 0.958654 0.215517 0.968269
0 0.935345 0.045192 0.928161 0.045192 0.923132 0.036538 0.926006 0.019231 0.932471 0.010577 0.948276 0.006731 0.960489 0.021154 0.959052 0.030769 0.955460 0.037500 0.945402 0.037500 0.935345 0.045192
0 0.510057 0.566346 0.485632 0.562500 0.477730 0.550000 0.480603 0.528846 0.492816 0.508654 0.500000 0.510577 0.506466 0.521154 0.502155 0.534615 0.505747 0.539423 0.512931 0.537500 0.522270 0.550000 0.520833 0.557692 0.515805 0.564423 0.510057 0.566346
0 0.772989 0.825962 0.757184 0.824038 0.755029 0.821154 0.756466 0.809615 0.764368 0.800962 0.770115 0.802885 0.775144 0.811538 0.775144 0.823077 0.772989 0.825962
0 0.000000 0.874038 0.014368 0.879808 0.023707 0.894231 0.023707 0.907692 0.020115 0.914423 0.015805 0.918269 0.000000 0.922115
0 0.683908 0.587500 0.675287 0.583654 0.660201 0.557692 0.660201 0.548077 0.666667 0.539423 0.681034 0.539423 0.691810 0.550000 0.691810 0.576923 0.690374 0.582692 0.683908 0.587500
0 0.349138 0.658654 0.343391 0.658654 0.335489 0.644231 0.334052 0.611538 0.325431 0.586538 0.325431 0.576923 0.331897 0.568269 0.339080 0.568269 0.346983 0.580769 0.349856 0.611538 0.358477 0.628846 0.357040 0.644231 0.349138 0.658654
0 0.517960 0.998077 0.525144 0.980769 0.533046 0.972115 0.551724 0.983654 0.558190 0.994231 0.558190 0.998077
0 0.375000 0.639423 0.369253 0.639423 0.360632 0.633654 0.351293 0.617308 0.346983 0.576923 0.348420 0.567308 0.353448 0.560577 0.362069 0.562500 0.374282 0.578846 0.371408 0.603846 0.380029 0.625000 0.380029 0.632692 0.375000 0.639423
0 0.623563 0.443269 0.607759 0.437500 0.598420 0.425000 0.596983 0.419231 0.600575 0.408654 0.607759 0.406731 0.616379 0.412500 0.626437 0.410577 0.635776 0.419231 0.634339 0.436538 0.623563 0.443269
0 0.564655 0.458654 0.545977 0.454808 0.528017 0.434615 0.522270 0.415385 0.522270 0.407692 0.528736 0.399038 0.540230 0.397115 0.554598 0.408654 0.573276 0.408654 0.585489 0.421154 0.585489 0.442308 0.577586 0.450962 0.570402 0.450962 0.564655 0.458654
0 0.998563 0.622115 0.991379 0.633654 0.982759 0.637500 0.972701 0.635577 0.956897 0.622115 0.948994 0.603846 0.953305 0.590385 0.961207 0.579808 0.966954 0.575962 0.981322 0.574038 0.990661 0.582692 0.998563 0.606731
0 0.543103 0.720192 0.533764 0.715385 0.533764 0.696154 0.540948 0.682692 0.539511 0.667308 0.545977 0.658654 0.561782 0.656731 0.565374 0.661538 0.565374 0.669231 0.548132 0.715385 0.543103 0.720192
0 0.110632 0.739423 0.106322 0.737500 0.095546 0.721154 0.092672 0.715385 0.092672 0.705769 0.095546 0.694231 0.112069 0.672115 0.116379 0.672115 0.122845 0.678846 0.124282 0.688462 0.127155 0.692308 0.128592 0.715385 0.121408 0.728846 0.110632 0.739423
0 0.334770 0.481731 0.326149 0.479808 0.319684 0.471154 0.318247 0.459615 0.311063 0.448077 0.312500 0.428846 0.327586 0.412500 0.339080 0.416346 0.349856 0.430769 0.352730 0.442308 0.345546 0.467308 0.334770 0.481731
0 0.376437 0.381731 0.369253 0.381731 0.357759 0.374038 0.352730 0.365385 0.354167 0.353846 0.362069 0.343269 0.373563 0.335577 0.395115 0.341346 0.400144 0.348077 0.401580 0.369231 0.393678 0.379808 0.376437 0.381731
0 0.439655 0.806731 0.433908 0.806731 0.430316 0.801923 0.424569 0.769231 0.431753 0.740385 0.436782 0.733654 0.443966 0.731731 0.451868 0.744231 0.456178 0.773077 0.454741 0.784615 0.450431 0.794231 0.439655 0.806731
0 0.211207 0.695192 0.196839 0.695192 0.183908 0.687500 0.174569 0.675000 0.173132 0.659615 0.178161 0.652885 0.186782 0.650962 0.196839 0.654808 0.201149 0.654808 0.204023 0.650962 0.212644 0.650962 0.216954 0.654808 0.221983 0.663462 0.223420 0.680769 0.215517 0.693269 0.211207 0.695192
0 0.056034 0.456731 0.041667 0.454808 0.033764 0.442308 0.033764 0.419231 0.041667 0.406731 0.048851 0.402885 0.066092 0.404808 0.078305 0.417308 0.076868 0.438462 0.066092 0.450962 0.056034 0.456731
0 0.560345 0.124038 0.548851 0.124038 0.543103 0.120192 0.532328 0.105769 0.530891 0.100000 0.532328 0.084615 0.538075 0.067308 0.553161 0.049038 0.561782 0.049038 0.573276 0.054808 0.578305 0.067308 0.576868 0.094231 0.572557 0.107692 0.560345 0.124038
0 0.544540 0.243269 0.520115 0.243269 0.515086 0.238462 0.513649 0.225000 0.519397 0.219231 0.520833 0.211538 0.525862 0.204808 0.543103 0.208654 0.558190 0.226923 0.551724 0.241346 0.544540 0.243269
0 0.899425 0.233654 0.866379 0.231731 0.861351 0.223077 0.861351 0.211538 0.875000 0.189423 0.892241 0.191346 0.898707 0.200000 0.903017 0.211538 0.903017 0.226923 0.899425 0.233654
0 0.606322 0.193269 0.594828 0.193269 0.589080 0.189423 0.582615 0.176923 0.572557 0.165385 0.573994 0.157692 0.579023 0.150962 0.600575 0.150962 0.607759 0.145192 0.614943 0.147115 0.621408 0.155769 0.621408 0.163462 0.617098 0.178846 0.606322 0.193269
0 0.917385 0.000000 0.914511 0.015385 0.905172 0.029808 0.900862 0.033654 0.890805 0.033654 0.885057 0.037500 0.879310 0.035577 0.869971 0.019231 0.871408 0.000000
0 0.211207 0.650962 0.198276 0.649038 0.186063 0.630769 0.186063 0.625000 0.181753 0.615385 0.181753 0.582692 0.188218 0.574038 0.199713 0.574038 0.205460 0.579808 0.213362 0.590385 0.214799 0.600000 0.220546 0.611538 0.220546 0.638462 0.211207 0.650962
0 0.314655 0.820192 0.301724 0.820192 0.295259 0.813462 0.295259 0.805769 0.302443 0.796154 0.299569 0.773077 0.304598 0.764423 0.314655 0.760577 0.326149 0.760577 0.330460 0.756731 0.335489 0.765385 0.335489 0.788462 0.330460 0.795192 0.320402 0.793269 0.318247 0.796154 0.318247 0.813462 0.314655 0.820192
0 0.458333 0.343269 0.446839 0.341346 0.438937 0.330769 0.437500 0.325000 0.438937 0.311538 0.444684 0.300000 0.447557 0.284615 0.454023 0.275962 0.468391 0.279808 0.476293 0.294231 0.473420 0.315385 0.469109 0.323077 0.467672 0.332692 0.458333 0.343269
0 0.103448 0.941346 0.084770 0.941346 0.075431 0.932692 0.075431 0.896154 0.078305 0.888462 0.086207 0.879808 0.094828 0.881731 0.117098 0.919231 0.115661 0.930769 0.110632 0.937500 0.103448 0.941346
0 0.074713 0.852885 0.070402 0.852885 0.056034 0.843269 0.053879 0.840385 0.053879 0.828846 0.066092 0.804808 0.077586 0.795192 0.086207 0.783654 0.091954 0.783654 0.101293 0.800000 0.101293 0.809615 0.094109 0.834615 0.086207 0.845192 0.074713 0.852885
0 0.393678 0.468269 0.379310 0.464423 0.365661 0.444231 0.365661 0.428846 0.368534 0.421154 0.375000 0.416346 0.379310 0.418269 0.387931 0.408654 0.395115 0.408654 0.401580 0.419231 0.398707 0.461538 0.393678 0.468269
0 0.834770 0.220192 0.826149 0.220192 0.822557 0.215385 0.821121 0.192308 0.825431 0.180769 0.826868 0.165385 0.837644 0.150962 0.844828 0.150962 0.848420 0.155769 0.849856 0.165385 0.849856 0.188462 0.844109 0.209615 0.834770 0.220192
0 0.856322 0.214423 0.850575 0.212500 0.845546 0.205769 0.849856 0.188462 0.848420 0.153846 0.856322 0.135577 0.863506 0.129808 0.872126 0.129808 0.882902 0.140385 0.884339 0.157692 0.890086 0.171154 0.877874 0.189423 0.875000 0.189423 0.867098 0.200000 0.860632 0.212500 0.856322 0.214423
0 0.617816 0.950962 0.612069 0.950962 0.605603 0.944231 0.599856 0.925000 0.591236 0.911538 0.588362 0.894231 0.593391 0.885577 0.606322 0.885577 0.613506 0.889423 0.625718 0.905769 0.628592 0.928846 0.624282 0.942308 0.617816 0.950962
0 0.517241 0.189423 0.507184 0.189423 0.501437 0.185577 0.493534 0.175000 0.492098 0.169231 0.493534 0.142308 0.501437 0.129808 0.508621 0.124038 0.518678 0.124038 0.525862 0.129808 0.533764 0.142308 0.533764 0.153846 0.526580 0.167308 0.522270 0.182692 0.517241 0.189423
0 0.783046 0.654808 0.775144 0.646154 0.772270 0.638462 0.772270 0.628846 0.786638 0.611538 0.791667 0.595192 0.803161 0.593269 0.809626 0.605769 0.806753 0.615385 0.809626 0.628846 0.804598 0.637500 0.795977 0.635577 0.793822 0.638462 0.793822 0.646154 0.788793 0.652885 0.783046 0.654808
0 0.395115 0.329808 0.390805 0.329808 0.385776 0.325000 0.381466 0.300000 0.384339 0.288462 0.387931 0.283654 0.399425 0.279808 0.413075 0.292308 0.414511 0.311538 0.403736 0.325962 0.395115 0.329808
0 0.728448 0.833654 0.721264 0.831731 0.716236 0.821154 0.716236 0.796154 0.720546 0.784615 0.728448 0.774038 0.741379 0.772115 0.747845 0.778846 0.747845 0.786538 0.737787 0.805769 0.733477 0.826923 0.728448 0.833654
0 0.646552 0.789423 0.630747 0.787500 0.625718 0.780769 0.625718 0.771154 0.647989 0.743269 0.665230 0.743269 0.674569 0.755769 0.674569 0.765385 0.671695 0.773077 0.663793 0.779808 0.650862 0.783654 0.646552 0.789423
0 0.446839 0.054808 0.442529 0.054808 0.437500 0.050000 0.436063 0.040385 0.430316 0.032692 0.431753 0.021154 0.458333 0.006731 0.468391 0.006731 0.471983 0.013462 0.471983 0.021154 0.467672 0.036538 0.446839 0.054808
0 0.307471 0.314423 0.288793 0.312500 0.282328 0.300000 0.272270 0.290385 0.272270 0.273077 0.277299 0.268269 0.294540 0.266346 0.316092 0.266346 0.321839 0.270192 0.328305 0.284615 0.323994 0.292308 0.323994 0.298077 0.320402 0.299038 0.307471 0.314423
0 0.057471 0.514423 0.050287 0.514423 0.042385 0.503846 0.048132 0.480769 0.053161 0.475962 0.061782 0.475962 0.068247 0.482692 0.068247 0.498077 0.057471 0.514423
0 0.998563 0.922115 0.977730 0.901923 0.977730 0.892308 0.988506 0.870192 0.998563 0.866346
0 0.853448 0.631731 0.830460 0.629808 0.825431 0.625000 0.821121 0.615385 0.822557 0.594231 0.840517 0.575962 0.850575 0.577885 0.855603 0.590385 0.852730 0.605769 0.857040 0.611538 0.858477 0.623077 0.853448 0.631731
0 0.646552 0.285577 0.632184 0.281731 0.622845 0.267308 0.621408 0.255769 0.629310 0.247115 0.642241 0.249038 0.652299 0.243269 0.665230 0.243269 0.671695 0.251923 0.670259 0.269231 0.660920 0.281731 0.649425 0.281731 0.646552 0.285577
0 0.597701 0.483654 0.587644 0.481731 0.581178 0.475000 0.582615 0.455769 0.590517 0.445192 0.609195 0.437500 0.623563 0.443269 0.628592 0.450000 0.627155 0.461538 0.620690 0.470192 0.607759 0.474038 0.597701 0.483654
0 0.699713 0.370192 0.675287 0.370192 0.657328 0.355769 0.654454 0.340385 0.659483 0.331731 0.665230 0.327885 0.676724 0.327885 0.686782 0.333654 0.692529 0.333654 0.699713 0.339423 0.704741 0.348077 0.704741 0.361538 0.699713 0.370192
0 0.501437 0.370192 0.481322 0.370192 0.472701 0.362500 0.467672 0.353846 0.469109 0.334615 0.476293 0.298077 0.484195 0.291346 0.497126 0.291346 0.503592 0.300000 0.505029 0.321154 0.515086 0.342308 0.515086 0.351923 0.501437 0.370192
0 0.098420 0.998077 0.098420 0.986538 0.102730 0.980769 0.102730 0.969231 0.106322 0.964423 0.114943 0.964423 0.122126 0.972115 0.127874 0.966346 0.133621 0.968269 0.141523 0.976923 0.147270 0.998077
0 0.000000 0.039423 0.002874 0.039423 0.007902 0.050000 0.007902 0.065385 0.003592 0.076923 0.000000 0.079808
0 0.650862 0.552885 0.636494 0.550962 0.630029 0.542308 0.630029 0.528846 0.650862 0.500962 0.662356 0.500962 0.670259 0.511538 0.670259 0.523077 0.665948 0.536538 0.650862 0.552885
0 0.488506 0.135577 0.456897 0.133654 0.450431 0.123077 0.450431 0.115385 0.453305 0.107692 0.464080 0.097115 0.497126 0.097115 0.502155 0.105769 0.502155 0.113462 0.497845 0.125000 0.488506 0.135577
0 0.037356 0.787500 0.027299 0.783654 0.010776 0.759615 0.012213 0.744231 0.020115 0.733654 0.044540 0.729808 0.048132 0.736538 0.046695 0.771154 0.043822 0.780769 0.037356 0.787500
0 0.757184 0.760577 0.747126 0.758654 0.742098 0.751923 0.742098 0.736538 0.761494 0.714423 0.772989 0.710577 0.780891 0.717308 0.776580 0.750000 0.765805 0.758654 0.757184 0.760577
0 0.663793 0.979808 0.655172 0.979808 0.637213 0.963462 0.634339 0.950000 0.637213 0.938462 0.640805 0.933654 0.652299 0.931731 0.663075 0.944231 0.668822 0.961538 0.668822 0.971154 0.663793 0.979808
0 0.678161 0.814423 0.669540 0.812500 0.664511 0.805769 0.664511 0.788462 0.670977 0.777885 0.682471 0.768269 0.693966 0.770192 0.703305 0.780769 0.703305 0.792308 0.693966 0.802885 0.678161 0.814423
0 0.354885 0.737500 0.349138 0.735577 0.345546 0.726923 0.349856 0.696154 0.363506 0.674038 0.375000 0.670192 0.384339 0.684615 0.375718 0.703846 0.371408 0.721154 0.363506 0.731731 0.354885 0.737500
0 0.811782 0.949038 0.807471 0.949038 0.801006 0.940385 0.801006 0.930769 0.795259 0.925000 0.790948 0.915385 0.790948 0.900000 0.801724 0.885577 0.810345 0.887500 0.816092 0.881731 0.826149 0.877885 0.832615 0.884615 0.834052 0.926923 0.827586 0.941346 0.811782 0.949038
0 0.731322 0.924038 0.722701 0.924038 0.716236 0.915385 0.716236 0.909615 0.711925 0.901923 0.711925 0.894231 0.723420 0.871154 0.728448 0.866346 0.732759 0.866346 0.737787 0.871154 0.740661 0.890385 0.739224 0.907692 0.736351 0.917308 0.731322 0.924038
0 0.491379 0.097115 0.469828 0.097115 0.463362 0.088462 0.463362 0.073077 0.474856 0.055769 0.476293 0.042308 0.485632 0.027885 0.500000 0.025962 0.506466 0.032692 0.509339 0.050000 0.506466 0.059615 0.506466 0.071154 0.502155 0.082692 0.491379 0.097115
0 0.364943 0.143269 0.353448 0.139423 0.341236 0.126923 0.338362 0.119231 0.338362 0.103846 0.344828 0.093269 0.359195 0.095192 0.371408 0.109615 0.374282 0.117308 0.374282 0.136538 0.370690 0.141346 0.364943 0.143269
0 0.643678 0.325962 0.629310 0.325962 0.612069 0.320192 0.608477 0.315385 0.607040 0.305769 0.609914 0.294231 0.625000 0.281731 0.646552 0.285577 0.655891 0.301923 0.655891 0.311538 0.649425 0.322115 0.643678 0.325962
0 0.954023 0.860577 0.938218 0.860577 0.926724 0.854808 0.923132 0.850000 0.920259 0.840385 0.920259 0.821154 0.921695 0.815385 0.929598 0.804808 0.939655 0.802885 0.951868 0.815385 0.953305 0.828846 0.964799 0.846154 0.959052 0.857692 0.954023 0.860577
0 0.508621 0.831731 0.498563 0.831731 0.491379 0.825962 0.482040 0.807692 0.479167 0.794231 0.479167 0.776923 0.488506 0.760577 0.497126 0.762500 0.504310 0.768269 0.522270 0.794231 0.522270 0.813462 0.519397 0.821154 0.508621 0.831731
0 0.969828 0.499038 0.955460 0.495192 0.950431 0.488462 0.948994 0.476923 0.951868 0.451923 0.961207 0.439423 0.982759 0.437500 0.989224 0.448077 0.984914 0.463462 0.984914 0.473077 0.976293 0.494231 0.969828 0.499038
0 0.297414 0.770192 0.288793 0.768269 0.280891 0.757692 0.282328 0.742308 0.288793 0.733654 0.295977 0.729808 0.313218 0.706731 0.327586 0.706731 0.336925 0.719231 0.336925 0.744231 0.334052 0.751923 0.326149 0.760577 0.314655 0.760577 0.297414 0.770192
0 0.331897 0.264423 0.321839 0.262500 0.312500 0.248077 0.313937 0.228846 0.327586 0.214423 0.339080 0.216346 0.346983 0.230769 0.346983 0.248077 0.331897 0.264423
0 0.561782 0.650962 0.545977 0.650962 0.540230 0.647115 0.536638 0.642308 0.538075 0.632692 0.551724 0.622115 0.563218 0.620192 0.574713 0.612500 0.581897 0.612500 0.586925 0.619231 0.584052 0.634615 0.573276 0.647115 0.561782 0.650962
0 0.895115 0.908654 0.875000 0.904808 0.867098 0.892308 0.867098 0.876923 0.873563 0.866346 0.885057 0.858654 0.897989 0.854808 0.908764 0.861538 0.914511 0.869231 0.915948 0.878846 0.914511 0.884615 0.902299 0.897115 0.895115 0.908654
0 0.619253 0.849038 0.612069 0.849038 0.593391 0.837500 0.584052 0.825000 0.584052 0.809615 0.602011 0.793269 0.613506 0.795192 0.622845 0.815385 0.625718 0.830769 0.625718 0.840385 0.619253 0.849038
0 0.589080 0.220192 0.578305 0.219231 0.578305 0.205769 0.576149 0.202885 0.567529 0.200962 0.561782 0.204808 0.553879 0.196154 0.553879 0.184615 0.560345 0.166346 0.571839 0.164423 0.582615 0.176923 0.585489 0.182692 0.584052 0.201923 0.592672 0.213462 0.589080 0.220192
0 0.708333 0.664423 0.673851 0.656731 0.667385 0.648077 0.663075 0.632692 0.664511 0.613462 0.672414 0.606731 0.679598 0.604808 0.695402 0.612500 0.711207 0.625962 0.719109 0.640385 0.719109 0.653846 0.708333 0.664423
0 0.791667 0.866346 0.785920 0.866346 0.780891 0.859615 0.779454 0.830769 0.785920 0.824038 0.788793 0.824038 0.803879 0.848077 0.802443 0.853846 0.795977 0.858654 0.791667 0.866346
0 0.270115 0.633654 0.262931 0.631731 0.257184 0.625962 0.241379 0.624038 0.234914 0.613462 0.232040 0.601923 0.233477 0.592308 0.239943 0.585577 0.255747 0.581731 0.274425 0.581731 0.283046 0.587500 0.289511 0.600000 0.289511 0.611538 0.277299 0.629808 0.270115 0.633654
0 0.505747 0.279808 0.471264 0.277885 0.463362 0.267308 0.463362 0.257692 0.474138 0.245192 0.485632 0.241346 0.501437 0.243269 0.512213 0.257692 0.510776 0.275000 0.505747 0.279808
0 0.964080 0.141346 0.951149 0.141346 0.947557 0.136538 0.947557 0.119231 0.951868 0.109615 0.957615 0.082692 0.966954 0.074038 0.978448 0.074038 0.983477 0.084615 0.983477 0.111538 0.976293 0.123077 0.976293 0.126923 0.964080 0.141346
0 0.725575 0.472115 0.715517 0.468269 0.707615 0.457692 0.706178 0.448077 0.697557 0.438462 0.697557 0.432692 0.701149 0.427885 0.712644 0.427885 0.724138 0.420192 0.731322 0.420192 0.739224 0.426923 0.742098 0.442308 0.737787 0.450000 0.736351 0.459615 0.725575 0.472115
0 0.301006 0.998077 0.296695 0.984615 0.296695 0.971154 0.299569 0.963462 0.307471 0.952885 0.311782 0.950962 0.323276 0.950962 0.336925 0.965385 0.339799 0.973077 0.339799 0.986538 0.331178 0.998077
0 0.303161 0.381731 0.287356 0.379808 0.278017 0.369231 0.273707 0.353846 0.273707 0.344231 0.275144 0.338462 0.283046 0.327885 0.313937 0.326923 0.313937 0.340385 0.319684 0.350000 0.319684 0.363462 0.311782 0.375962 0.303161 0.381731
0 0.040230 0.158654 0.027299 0.156731 0.022270 0.150000 0.017960 0.132692 0.017960 0.123077 0.020833 0.117308 0.025862 0.112500 0.030172 0.112500 0.037356 0.104808 0.051724 0.108654 0.063937 0.123077 0.065374 0.128846 0.065374 0.138462 0.060345 0.147115 0.040230 0.158654
0 0.735632 0.566346 0.724138 0.558654 0.719828 0.558654 0.711207 0.566346 0.702586 0.566346 0.696121 0.553846 0.697557 0.532692 0.711207 0.520192 0.719828 0.524038 0.731322 0.524038 0.740661 0.538462 0.740661 0.557692 0.735632 0.566346
0 0.114943 0.297115 0.109195 0.295192 0.105603 0.290385 0.107040 0.276923 0.104167 0.271154 0.111351 0.253846 0.119253 0.243269 0.135057 0.231731 0.142241 0.231731 0.146552 0.237500 0.149425 0.237500 0.153017 0.242308 0.151580 0.271154 0.133621 0.291346 0.114943 0.297115
0 0.528736 0.793269 0.521552 0.793269 0.506466 0.771154 0.507902 0.761538 0.503592 0.755769 0.502155 0.740385 0.511494 0.731731 0.514368 0.731731 0.527299 0.750962 0.531609 0.750962 0.538793 0.756731 0.543822 0.765385 0.535201 0.788462 0.528736 0.793269
0 0.515805 0.929808 0.494253 0.929808 0.488506 0.925962 0.484914 0.919231 0.484914 0.905769 0.487787 0.898077 0.500000 0.887500 0.517241 0.881731 0.531609 0.887500 0.538075 0.898077 0.538075 0.911538 0.528736 0.922115 0.515805 0.929808
