0 0.104885 0.743269 0.086207 0.741346 0.081178 0.734615 0.079741 0.713462 0.081178 0.705769 0.086207 0.699038 0.112069 0.699038 0.123563 0.702885 0.127155 0.707692 0.127155 0.728846 0.120690 0.737500 0.109195 0.739423 0.104885 0.743269
0 0.198276 0.872115 0.189655 0.872115 0.184626 0.865385 0.183190 0.848077 0.199713 0.818269 0.209770 0.810577 0.214080 0.810577 0.217672 0.815385 0.214799 0.842308 0.206178 0.861538 0.198276 0.872115
0 0.633621 0.650962 0.626437 0.650962 0.622845 0.646154 0.621408 0.619231 0.625718 0.613462 0.632902 0.590385 0.638649 0.584615 0.638649 0.578846 0.643678 0.572115 0.653736 0.572115 0.673851 0.583654 0.680316 0.596154 0.680316 0.605769 0.669540 0.618269 0.663793 0.618269 0.653736 0.625962 0.649425 0.633654 0.644397 0.636538 0.644397 0.640385 0.639368 0.647115 0.633621 0.650962
0 0.360632 0.729808 0.349138 0.727885 0.344109 0.721154 0.341236 0.701923 0.342672 0.692308 0.352011 0.677885 0.367816 0.672115 0.374282 0.676923 0.377155 0.694231 0.372845 0.715385 0.360632 0.729808
0 0.119253 0.827885 0.103448 0.822115 0.096983 0.813462 0.094109 0.798077 0.098420 0.788462 0.106322 0.779808 0.123563 0.774038 0.132184 0.777885 0.141523 0.790385 0.144397 0.803846 0.141523 0.813462 0.135057 0.822115 0.119253 0.827885
0 0.750000 0.524038 0.738506 0.524038 0.730603 0.511538 0.729167 0.486538 0.732040 0.467308 0.742098 0.436538 0.747126 0.427885 0.754310 0.422115 0.767241 0.424038 0.774425 0.420192 0.780891 0.426923 0.780891 0.434615 0.776580 0.444231 0.776580 0.471154 0.767960 0.482692 0.769397 0.496154 0.765086 0.505769 0.750000 0.524038
0 0.862069 0.889423 0.846264 0.885577 0.838362 0.875000 0.834052 0.861538 0.834052 0.846154 0.839080 0.839423 0.846264 0.839423 0.856322 0.850962 0.867816 0.854808 0.871408 0.859615 0.872845 0.875000 0.862069 0.889423
0 0.258621 0.585577 0.245690 0.583654 0.240661 0.576923 0.239224 0.569231 0.239224 0.551923 0.242098 0.542308 0.252874 0.525962 0.257184 0.525962 0.265086 0.540385 0.266523 0.567308 0.263649 0.578846 0.258621 0.585577
0 0.064655 0.754808 0.053161 0.754808 0.047414 0.749038 0.041667 0.749038 0.030891 0.734615 0.026580 0.703846 0.029454 0.694231 0.035920 0.685577 0.045977 0.685577 0.051006 0.692308 0.053879 0.717308 0.069684 0.744231 0.064655 0.754808
0 0.432471 0.529808 0.426724 0.527885 0.418822 0.517308 0.414511 0.505769 0.414511 0.490385 0.418822 0.480769 0.426724 0.472115 0.448276 0.472115 0.452586 0.479808 0.455460 0.479808 0.460489 0.486538 0.459052 0.503846 0.448276 0.522115 0.432471 0.529808
0 0.320402 0.633654 0.308908 0.631731 0.297414 0.624038 0.292385 0.615385 0.292385 0.605769 0.300287 0.597115 0.317529 0.595192 0.340517 0.602885 0.345546 0.609615 0.346983 0.619231 0.341954 0.625962 0.320402 0.633654
0 0.172414 0.104808 0.165948 0.098077 0.169540 0.087500 0.173132 0.090385 0.172414 0.104808
0 0.659483 0.943269 0.652299 0.943269 0.648707 0.938462 0.647270 0.919231 0.657328 0.888462 0.663793 0.879808 0.668103 0.879808 0.677443 0.896154 0.677443 0.907692 0.673132 0.923077 0.659483 0.943269
0 0.642241 0.674038 0.637931 0.674038 0.632902 0.669231 0.632902 0.651923 0.639368 0.647115 0.646552 0.633654 0.649425 0.633654 0.653736 0.625962 0.663793 0.618269 0.681753 0.630769 0.683190 0.642308 0.676724 0.650962 0.672414 0.647115 0.656609 0.645192 0.648707 0.653846 0.645833 0.669231 0.642241 0.674038
0 0.655172 0.206731 0.646552 0.206731 0.637931 0.195192 0.619253 0.195192 0.614224 0.190385 0.612787 0.182692 0.623563 0.168269 0.637931 0.158654 0.655172 0.158654 0.661638 0.165385 0.665948 0.176923 0.665948 0.192308 0.655172 0.206731
0 0.649425 0.374038 0.640805 0.372115 0.637213 0.367308 0.637213 0.351923 0.642960 0.332692 0.653736 0.318269 0.672414 0.316346 0.677443 0.323077 0.673132 0.346154 0.658046 0.368269 0.649425 0.374038
0 0.344828 0.918269 0.339080 0.916346 0.334052 0.909615 0.334052 0.900000 0.338362 0.888462 0.351293 0.873077 0.357759 0.860577 0.364943 0.858654 0.372845 0.869231 0.372845 0.886538 0.359195 0.908654 0.344828 0.918269
0 0.432471 0.962500 0.422414 0.962500 0.416667 0.958654 0.407328 0.946154 0.407328 0.934615 0.416667 0.922115 0.435345 0.922115 0.445402 0.916346 0.450431 0.923077 0.448994 0.940385 0.443247 0.953846 0.432471 0.962500
0 0.491379 0.452885 0.484195 0.452885 0.476293 0.444231 0.474856 0.415385 0.477730 0.407692 0.489943 0.395192 0.504310 0.397115 0.510776 0.409615 0.503592 0.423077 0.497845 0.444231 0.491379 0.452885
0 0.373563 0.427885 0.356322 0.424038 0.346983 0.407692 0.346983 0.388462 0.357759 0.370192 0.366379 0.370192 0.372845 0.378846 0.381466 0.400000 0.381466 0.415385 0.378592 0.423077 0.373563 0.427885
0 0.357759 0.995192 0.344828 0.995192 0.337644 0.991346 0.332615 0.984615 0.331178 0.973077 0.335489 0.957692 0.343391 0.947115 0.352011 0.939423 0.364943 0.937500 0.370690 0.941346 0.375718 0.950000 0.378592 0.959615 0.378592 0.971154 0.372126 0.985577 0.357759 0.995192
0 0.000000 0.620192 0.010057 0.625962 0.016523 0.638462 0.013649 0.650000 0.010057 0.654808 0.000000 0.658654
0 0.827586 0.456731 0.821839 0.454808 0.816810 0.444231 0.818247 0.430769 0.823994 0.415385 0.834770 0.399038 0.850575 0.397115 0.857040 0.409615 0.855603 0.426923 0.849138 0.435577 0.841954 0.437500 0.827586 0.456731
0 0.068966 0.620192 0.051724 0.610577 0.046695 0.600000 0.053879 0.576923 0.064655 0.566346 0.073276 0.568269 0.084052 0.586538 0.082615 0.607692 0.076149 0.616346 0.068966 0.620192
0 0.290230 0.560577 0.285920 0.560577 0.282328 0.555769 0.280891 0.546154 0.292385 0.507692 0.301724 0.495192 0.316092 0.499038 0.322557 0.509615 0.321121 0.530769 0.298851 0.556731 0.290230 0.560577
0 0.998563 0.472115 0.988506 0.470192 0.974856 0.450000 0.974856 0.438462 0.979167 0.426923 0.995690 0.412500 0.998563 0.414423
0 0.816810 0.000000 0.812500 0.013462 0.802443 0.025000 0.798851 0.033654 0.781609 0.041346 0.762931 0.039423 0.753592 0.026923 0.753592 0.015385 0.759339 0.000000
0 0.803161 0.643269 0.797414 0.641346 0.792385 0.634615 0.792385 0.611538 0.799569 0.594231 0.810345 0.579808 0.823276 0.575962 0.831178 0.586538 0.829741 0.600000 0.815374 0.630769 0.807471 0.641346 0.803161 0.643269
0 0.034483 0.275962 0.021552 0.270192 0.016523 0.261538 0.013649 0.250000 0.015086 0.226923 0.021552 0.220192 0.034483 0.222115 0.042385 0.232692 0.046695 0.246154 0.045259 0.263462 0.040230 0.272115 0.034483 0.275962
0 0.893678 0.172115 0.880747 0.168269 0.872845 0.159615 0.872845 0.146154 0.877874 0.137500 0.885057 0.137500 0.889368 0.133654 0.902299 0.133654 0.908764 0.142308 0.905891 0.161538 0.893678 0.172115
0 0.175287 0.712500 0.169540 0.712500 0.160201 0.700000 0.157328 0.671154 0.158764 0.661538 0.163793 0.650962 0.168103 0.650962 0.175287 0.641346 0.181034 0.641346 0.190374 0.655769 0.190374 0.676923 0.186063 0.700000 0.181034 0.708654 0.175287 0.712500
0 0.316092 0.745192 0.307471 0.745192 0.302443 0.738462 0.293822 0.703846 0.301724 0.691346 0.304598 0.691346 0.313218 0.679808 0.323276 0.675962 0.334052 0.686538 0.334052 0.711538 0.326868 0.730769 0.316092 0.745192
0 0.935345 0.489423 0.920977 0.489423 0.918103 0.485577 0.913793 0.485577 0.907328 0.473077 0.910201 0.455769 0.920977 0.439423 0.925287 0.437500 0.932471 0.439423 0.940374 0.455769 0.943247 0.478846 0.935345 0.489423
0 0.956897 0.312500 0.932471 0.310577 0.923851 0.304808 0.917385 0.292308 0.918822 0.271154 0.929598 0.260577 0.945402 0.256731 0.952586 0.256731 0.965517 0.264423 0.974856 0.280769 0.974856 0.294231 0.966954 0.306731 0.956897 0.312500
0 0.000000 0.900962 0.002874 0.897115 0.011494 0.897115 0.016523 0.903846 0.019397 0.913462 0.017960 0.936538 0.012931 0.943269 0.000000 0.945192
0 0.133621 0.633654 0.123563 0.633654 0.117816 0.629808 0.105603 0.613462 0.102730 0.605769 0.102730 0.592308 0.110632 0.581731 0.129310 0.587500 0.135057 0.591346 0.141523 0.601923 0.142960 0.617308 0.133621 0.633654
0 0.209770 0.485577 0.199713 0.483654 0.194684 0.475000 0.194684 0.467308 0.198994 0.455769 0.211207 0.437500 0.216954 0.437500 0.225575 0.431731 0.239943 0.431731 0.253592 0.442308 0.255029 0.455769 0.250000 0.464423 0.225575 0.464423 0.209770 0.485577
0 0.234195 0.304808 0.229885 0.304808 0.224856 0.296154 0.226293 0.271154 0.221983 0.251923 0.224856 0.244231 0.226293 0.226923 0.231322 0.220192 0.242816 0.214423 0.250718 0.223077 0.252155 0.232692 0.247845 0.242308 0.243534 0.290385 0.234195 0.304808
0 0.423851 0.206731 0.409483 0.206731 0.391523 0.186538 0.384339 0.167308 0.384339 0.155769 0.390805 0.147115 0.396552 0.147115 0.406609 0.154808 0.426006 0.184615 0.428879 0.190385 0.428879 0.200000 0.423851 0.206731
0 0.166667 0.845192 0.160920 0.845192 0.153017 0.836538 0.150144 0.825000 0.151580 0.805769 0.160920 0.791346 0.168103 0.787500 0.178161 0.787500 0.183190 0.796154 0.183190 0.817308 0.174569 0.838462 0.166667 0.845192
0 0.037356 0.899038 0.031609 0.899038 0.019397 0.884615 0.010776 0.855769 0.012213 0.830769 0.022989 0.812500 0.030172 0.812500 0.038075 0.819231 0.046695 0.838462 0.049569 0.851923 0.048132 0.884615 0.037356 0.899038
0 0.836207 0.393269 0.831897 0.393269 0.825431 0.384615 0.825431 0.369231 0.831178 0.350000 0.839080 0.339423 0.862069 0.337500 0.867098 0.346154 0.864224 0.359615 0.841954 0.389423 0.836207 0.393269
0 0.303161 0.958654 0.295977 0.956731 0.289511 0.946154 0.286638 0.930769 0.286638 0.913462 0.293103 0.902885 0.308908 0.900962 0.316810 0.909615 0.319684 0.925000 0.316810 0.940385 0.303161 0.958654
0 0.461207 0.960577 0.452586 0.958654 0.449713 0.954808 0.447557 0.942308 0.454741 0.901923 0.459770 0.897115 0.468391 0.897115 0.477730 0.915385 0.479167 0.936538 0.473420 0.953846 0.461207 0.960577
0 0.698276 0.993269 0.683908 0.991346 0.677443 0.982692 0.677443 0.959615 0.693966 0.937500 0.705460 0.933654 0.717672 0.946154 0.719109 0.959615 0.710489 0.982692 0.705460 0.989423 0.698276 0.993269
0 0.916667 0.747115 0.910920 0.747115 0.905891 0.742308 0.905891 0.726923 0.908764 0.713462 0.918822 0.694231 0.935345 0.672115 0.946839 0.670192 0.950431 0.676923 0.950431 0.690385 0.947557 0.700000 0.930316 0.730769 0.916667 0.747115
0 0.758621 0.797115 0.750000 0.797115 0.744253 0.793269 0.734914 0.773077 0.739224 0.753846 0.739224 0.742308 0.743534 0.732692 0.752874 0.722115 0.758621 0.722115 0.763649 0.726923 0.773707 0.746154 0.776580 0.765385 0.775144 0.778846 0.758621 0.797115
0 0.504310 0.202885 0.494253 0.202885 0.471264 0.193269 0.464799 0.184615 0.464799 0.167308 0.471264 0.158654 0.488506 0.158654 0.501437 0.168269 0.513649 0.184615 0.513649 0.194231 0.504310 0.202885
0 0.048851 0.545192 0.043103 0.545192 0.039511 0.536538 0.040948 0.515385 0.045259 0.501923 0.058908 0.487500 0.074713 0.487500 0.078305 0.494231 0.076868 0.515385 0.057471 0.539423 0.048851 0.545192
0 0.834770 0.224038 0.826149 0.222115 0.818247 0.215385 0.815374 0.203846 0.816810 0.184615 0.838362 0.142308 0.846264 0.135577 0.854167 0.150000 0.855603 0.180769 0.851293 0.198077 0.844109 0.205769 0.841236 0.217308 0.834770 0.224038
0 0.650862 0.125962 0.639368 0.125962 0.632902 0.113462 0.632902 0.103846 0.637213 0.090385 0.646552 0.079808 0.655172 0.079808 0.660920 0.083654 0.664511 0.090385 0.663075 0.111538 0.650862 0.125962
0 0.686782 0.224038 0.681034 0.224038 0.670259 0.215385 0.670259 0.200000 0.673132 0.192308 0.683908 0.177885 0.688218 0.175962 0.701149 0.172115 0.712644 0.175962 0.716236 0.180769 0.714799 0.194231 0.699713 0.216346 0.686782 0.224038
0 0.880747 0.474038 0.872126 0.472115 0.865661 0.463462 0.862787 0.451923 0.862787 0.438462 0.869253 0.424038 0.875000 0.420192 0.890805 0.418269 0.895833 0.423077 0.895833 0.432692 0.891523 0.444231 0.891523 0.461538 0.880747 0.474038
0 0.831897 0.968269 0.826149 0.966346 0.819684 0.957692 0.816810 0.946154 0.819684 0.919231 0.826149 0.908654 0.837644 0.910577 0.845546 0.923077 0.848420 0.932692 0.845546 0.955769 0.837644 0.966346 0.831897 0.968269
0 0.140805 0.502885 0.125000 0.500962 0.117098 0.490385 0.115661 0.480769 0.118534 0.469231 0.135057 0.454808 0.160920 0.460577 0.165948 0.469231 0.163075 0.480769 0.150862 0.497115 0.140805 0.502885
0 0.228448 0.414423 0.216954 0.414423 0.208333 0.410577 0.200431 0.396154 0.204741 0.375000 0.215517 0.362500 0.225575 0.362500 0.232759 0.366346 0.236351 0.371154 0.242098 0.390385 0.240661 0.401923 0.232759 0.412500 0.228448 0.414423
0 0.244253 0.866346 0.232759 0.866346 0.227730 0.859615 0.226293 0.836538 0.236351 0.803846 0.245690 0.791346 0.254310 0.789423 0.259339 0.796154 0.262213 0.805769 0.263649 0.836538 0.259339 0.848077 0.244253 0.866346
0 0.729885 0.697115 0.723420 0.692308 0.714799 0.673077 0.709052 0.650000 0.709052 0.632692 0.712644 0.627885 0.719828 0.627885 0.725575 0.633654 0.732759 0.622115 0.737069 0.622115 0.746408 0.638462 0.747845 0.655769 0.737787 0.684615 0.729885 0.697115
0 0.998563 0.962500 0.991379 0.970192 0.984195 0.970192 0.976293 0.961538 0.973420 0.951923 0.974856 0.940385 0.982759 0.929808 0.998563 0.918269
0 0.024425 0.458654 0.011494 0.458654 0.007184 0.454808 0.002155 0.446154 0.000718 0.428846 0.003592 0.419231 0.012931 0.404808 0.022989 0.397115 0.034483 0.397115 0.045259 0.415385 0.045259 0.426923 0.040948 0.440385 0.024425 0.458654
0 0.126437 0.212500 0.116379 0.210577 0.109914 0.200000 0.109914 0.192308 0.115661 0.173077 0.126437 0.154808 0.139368 0.145192 0.156609 0.147115 0.164511 0.161538 0.161638 0.175000 0.146552 0.197115 0.126437 0.212500
0 0.244253 0.681731 0.237069 0.681731 0.232040 0.675000 0.230603 0.669231 0.232040 0.659615 0.250718 0.632692 0.258621 0.616346 0.264368 0.612500 0.272989 0.614423 0.278017 0.621154 0.276580 0.632692 0.256466 0.659615 0.255029 0.669231 0.244253 0.681731
0 0.405172 0.416346 0.396552 0.416346 0.387213 0.401923 0.378592 0.373077 0.380029 0.365385 0.383621 0.360577 0.389368 0.360577 0.402299 0.368269 0.411638 0.380769 0.413075 0.398077 0.411638 0.405769 0.405172 0.416346
0 0.798851 0.737500 0.787356 0.735577 0.785201 0.732692 0.786638 0.726923 0.780891 0.721154 0.780891 0.713462 0.790230 0.699038 0.804598 0.691346 0.811063 0.696154 0.815374 0.709615 0.809626 0.728846 0.798851 0.737500
0 0.727011 0.160577 0.718391 0.160577 0.709052 0.151923 0.706178 0.142308 0.707615 0.132692 0.710489 0.125000 0.722701 0.112500 0.739943 0.110577 0.749282 0.123077 0.749282 0.138462 0.742816 0.150962 0.727011 0.160577
0 0.461207 0.858654 0.445402 0.858654 0.439655 0.850962 0.425287 0.852885 0.420977 0.849038 0.411638 0.836538 0.408764 0.826923 0.411638 0.807692 0.422414 0.795192 0.431034 0.793269 0.435345 0.799038 0.438218 0.799038 0.443966 0.808654 0.465517 0.804808 0.477011 0.812500 0.486351 0.825000 0.486351 0.834615 0.477011 0.847115 0.466954 0.856731 0.461207 0.858654
0 0.883621 0.802885 0.873563 0.799038 0.864224 0.784615 0.889368 0.747115 0.902299 0.745192 0.907328 0.751923 0.910201 0.771154 0.907328 0.778846 0.890805 0.800962 0.883621 0.802885
0 0.863506 0.785577 0.850575 0.781731 0.845546 0.775000 0.844109 0.755769 0.863506 0.724038 0.872126 0.720192 0.882902 0.734615 0.884339 0.753846 0.863506 0.785577
0 0.708333 0.274038 0.701149 0.272115 0.694684 0.263462 0.693247 0.251923 0.696121 0.242308 0.708333 0.225962 0.725575 0.218269 0.734914 0.230769 0.732040 0.251923 0.718391 0.270192 0.708333 0.274038
0 0.767241 0.900962 0.760057 0.900962 0.752155 0.890385 0.742098 0.857692 0.742098 0.838462 0.750000 0.824038 0.758621 0.824038 0.764368 0.827885 0.769397 0.834615 0.773707 0.850000 0.773707 0.857692 0.776580 0.863462 0.776580 0.886538 0.767241 0.900962
0 0.451149 0.625962 0.445402 0.624038 0.440374 0.617308 0.441810 0.601923 0.452586 0.585577 0.458333 0.581731 0.469828 0.583654 0.473420 0.590385 0.471983 0.607692 0.465517 0.618269 0.451149 0.625962
0 0.216954 0.977885 0.206897 0.977885 0.196839 0.972115 0.178879 0.953846 0.178879 0.946154 0.189655 0.937500 0.206897 0.937500 0.218391 0.945192 0.226293 0.957692 0.226293 0.967308 0.222701 0.974038 0.216954 0.977885
0 0.219828 0.197115 0.211207 0.195192 0.207615 0.188462 0.207615 0.169231 0.211925 0.155769 0.218391 0.147115 0.224138 0.145192 0.237069 0.145192 0.242816 0.149038 0.246408 0.155769 0.246408 0.169231 0.243534 0.176923 0.234195 0.189423 0.219828 0.197115
0 0.501437 0.918269 0.482759 0.918269 0.477011 0.914423 0.473420 0.903846 0.477730 0.900000 0.477730 0.892308 0.485632 0.881731 0.495690 0.875962 0.522989 0.877885 0.526580 0.882692 0.525144 0.898077 0.514368 0.910577 0.501437 0.918269
0 0.972701 0.893269 0.961207 0.893269 0.941810 0.873077 0.941810 0.865385 0.949713 0.852885 0.975575 0.849038 0.980603 0.853846 0.980603 0.882692 0.972701 0.893269
0 0.571839 0.243269 0.531609 0.241346 0.520115 0.233654 0.513649 0.225000 0.512213 0.217308 0.520115 0.202885 0.528736 0.199038 0.553161 0.199038 0.568966 0.202885 0.581897 0.212500 0.588362 0.223077 0.588362 0.230769 0.581897 0.239423 0.571839 0.243269
0 0.955460 0.852885 0.936782 0.850962 0.931753 0.844231 0.931753 0.836538 0.934626 0.825000 0.942529 0.814423 0.955460 0.804808 0.959770 0.804808 0.974856 0.825000 0.977730 0.844231 0.974138 0.849038 0.964080 0.849038 0.955460 0.852885
0 0.821839 0.547115 0.811782 0.547115 0.806753 0.540385 0.811063 0.500000 0.820402 0.487500 0.831897 0.479808 0.844828 0.479808 0.851293 0.488462 0.851293 0.498077 0.838362 0.526923 0.821839 0.547115
0 0.260057 0.293269 0.245690 0.291346 0.243534 0.288462 0.247845 0.242308 0.252874 0.231731 0.270115 0.233654 0.279454 0.246154 0.278017 0.257692 0.269397 0.282692 0.260057 0.293269
0 0.798851 0.529808 0.788793 0.527885 0.782328 0.515385 0.780891 0.480769 0.785201 0.467308 0.793103 0.454808 0.803161 0.452885 0.809626 0.461538 0.813937 0.475000 0.813937 0.482692 0.811063 0.507692 0.805316 0.523077 0.798851 0.529808
0 0.495690 0.743269 0.484195 0.741346 0.477730 0.728846 0.477730 0.715385 0.483477 0.694231 0.491379 0.681731 0.501437 0.674038 0.512931 0.670192 0.528736 0.674038 0.535201 0.682692 0.533764 0.698077 0.515805 0.727885 0.508621 0.733654 0.502874 0.733654 0.495690 0.743269
0 0.568966 0.629808 0.558908 0.629808 0.549569 0.617308 0.551006 0.586538 0.556753 0.567308 0.564655 0.556731 0.576149 0.558654 0.582615 0.571154 0.578305 0.603846 0.575431 0.607692 0.575431 0.619231 0.568966 0.629808
0 0.344828 0.225962 0.331897 0.224038 0.325431 0.215385 0.318247 0.186538 0.318247 0.173077 0.321839 0.168269 0.330460 0.168269 0.352730 0.186538 0.355603 0.194231 0.355603 0.205769 0.344828 0.225962
0 0.793103 0.797115 0.788793 0.797115 0.780891 0.790385 0.779454 0.765385 0.785920 0.752885 0.797414 0.749038 0.808190 0.757692 0.808190 0.775000 0.801006 0.788462 0.793103 0.797115
0 0.102011 0.572115 0.090517 0.568269 0.084052 0.559615 0.084052 0.550000 0.089080 0.541346 0.096264 0.535577 0.114943 0.529808 0.125000 0.531731 0.134339 0.540385 0.135776 0.548077 0.129310 0.560577 0.102011 0.572115
0 0.244253 0.733654 0.237069 0.733654 0.232040 0.728846 0.232040 0.705769 0.258621 0.675962 0.270115 0.675962 0.273707 0.682692 0.273707 0.692308 0.270833 0.700000 0.251437 0.729808 0.244253 0.733654
0 0.119253 0.897115 0.106322 0.897115 0.100575 0.893269 0.096983 0.886538 0.096983 0.876923 0.110632 0.858654 0.119253 0.852885 0.130747 0.850962 0.140086 0.861538 0.141523 0.873077 0.132184 0.889423 0.119253 0.897115
0 0.688218 0.762500 0.679598 0.762500 0.676006 0.757692 0.668822 0.715385 0.670259 0.707692 0.678879 0.690385 0.691092 0.674038 0.696839 0.672115 0.702586 0.674038 0.711925 0.690385 0.714799 0.721154 0.710489 0.736538 0.688218 0.762500
0 0.130747 0.283654 0.117816 0.281731 0.105603 0.261538 0.104167 0.248077 0.107040 0.238462 0.123563 0.222115 0.139368 0.220192 0.150144 0.234615 0.151580 0.250000 0.145833 0.267308 0.130747 0.283654
0 0.702586 0.400962 0.696839 0.399038 0.690374 0.386538 0.690374 0.369231 0.693247 0.359615 0.705460 0.341346 0.708333 0.341346 0.718391 0.329808 0.732759 0.325962 0.736351 0.330769 0.736351 0.338462 0.729167 0.351923 0.723420 0.371154 0.719109 0.380769 0.702586 0.400962
0 0.485632 0.364423 0.472701 0.360577 0.464799 0.350000 0.457615 0.330769 0.456178 0.311538 0.457615 0.305769 0.465517 0.297115 0.489943 0.304808 0.499282 0.315385 0.500718 0.326923 0.496408 0.332692 0.499282 0.338462 0.497845 0.350000 0.491379 0.362500 0.485632 0.364423
0 0.096264 0.387500 0.089080 0.385577 0.084052 0.376923 0.086925 0.357692 0.110632 0.325962 0.126437 0.325962 0.131466 0.332692 0.131466 0.338462 0.128592 0.353846 0.122845 0.367308 0.113506 0.379808 0.096264 0.387500
0 0.285920 0.820192 0.271552 0.818269 0.265086 0.807692 0.265086 0.796154 0.281609 0.774038 0.300287 0.764423 0.306034 0.764423 0.311063 0.771154 0.312500 0.780769 0.298132 0.807692 0.285920 0.820192
0 0.960489 0.998077 0.962644 0.993269 0.968391 0.991346 0.978448 0.993269 0.982040 0.998077
0 0.339080 0.324038 0.329023 0.324038 0.315374 0.311538 0.308190 0.294231 0.308190 0.284615 0.314655 0.275962 0.324713 0.274038 0.344109 0.286538 0.349856 0.301923 0.349856 0.309615 0.339080 0.324038
0 0.551724 0.335577 0.543103 0.333654 0.538075 0.319231 0.539511 0.301923 0.549569 0.282692 0.549569 0.278846 0.554598 0.272115 0.568966 0.264423 0.577586 0.262500 0.583333 0.266346 0.585489 0.269231 0.585489 0.282692 0.582615 0.290385 0.551724 0.335577
0 0.756466 0.998077 0.753592 0.990385 0.765805 0.968269 0.778736 0.970192 0.789511 0.982692 0.793822 0.992308 0.793822 0.998077
0 0.998563 0.810577 0.992816 0.808654 0.987787 0.800000 0.983477 0.775000 0.983477 0.757692 0.986351 0.746154 0.991379 0.739423 0.998563 0.741346
0 0.396552 0.289423 0.385057 0.289423 0.372845 0.275000 0.367098 0.257692 0.367098 0.244231 0.373563 0.231731 0.382184 0.231731 0.385057 0.235577 0.390805 0.235577 0.394397 0.240385 0.397270 0.263462 0.403017 0.269231 0.405891 0.276923 0.405891 0.280769 0.396552 0.289423
0 0.109195 0.968269 0.093391 0.968269 0.079023 0.960577 0.069684 0.944231 0.071121 0.928846 0.077586 0.920192 0.089080 0.918269 0.096264 0.925962 0.113506 0.931731 0.121408 0.944231 0.121408 0.953846 0.114943 0.964423 0.109195 0.968269
0 0.051724 0.375962 0.034483 0.374038 0.028017 0.365385 0.022270 0.350000 0.022270 0.326923 0.028736 0.316346 0.034483 0.312500 0.043103 0.312500 0.063937 0.344231 0.063937 0.365385 0.058908 0.372115 0.051724 0.375962
0 0.499282 0.998077 0.493534 0.990385 0.493534 0.978846 0.497845 0.971154 0.511494 0.962500 0.530172 0.941346 0.535920 0.941346 0.539511 0.946154 0.538075 0.967308 0.532328 0.978846 0.519397 0.994231 0.521552 0.997115 0.527299 0.993269 0.529454 0.998077
0 0.998563 0.139423 0.994971 0.136538 0.989224 0.105769 0.989224 0.080769 0.994253 0.072115 0.998563 0.072115
0 0.531609 0.499038 0.517241 0.495192 0.510776 0.484615 0.510776 0.471154 0.516523 0.455769 0.528736 0.437500 0.535920 0.431731 0.545977 0.429808 0.550287 0.431731 0.559626 0.446154 0.561063 0.463462 0.558190 0.475000 0.548851 0.489423 0.531609 0.499038
0 0.915230 0.987500 0.906609 0.985577 0.900144 0.976923 0.890086 0.946154 0.891523 0.926923 0.894397 0.919231 0.902299 0.910577 0.912356 0.910577 0.919540 0.916346 0.928879 0.930769 0.934626 0.948077 0.934626 0.959615 0.927443 0.976923 0.915230 0.987500
0 0.521552 0.612500 0.517241 0.612500 0.510776 0.605769 0.507902 0.592308 0.507902 0.576923 0.512931 0.566346 0.524425 0.554808 0.541667 0.552885 0.546695 0.559615 0.546695 0.584615 0.537356 0.599038 0.534483 0.599038 0.521552 0.612500
0 0.610632 0.883654 0.599138 0.881731 0.591236 0.873077 0.588362 0.865385 0.589799 0.850000 0.602730 0.826923 0.610632 0.818269 0.620690 0.810577 0.632184 0.808654 0.637931 0.812500 0.642960 0.823077 0.637213 0.850000 0.625000 0.874038 0.610632 0.883654
0 0.646552 0.458654 0.637931 0.456731 0.631466 0.450000 0.630029 0.434615 0.635776 0.421154 0.647989 0.404808 0.653736 0.400962 0.663793 0.400962 0.670259 0.407692 0.670259 0.425000 0.661638 0.446154 0.646552 0.458654
0 0.145833 0.998077 0.152299 0.985577 0.159483 0.985577 0.173132 0.998077
0 0.850575 0.327885 0.844109 0.325000 0.844109 0.317308 0.846264 0.314423 0.852730 0.321154 0.850575 0.327885
0 0.850575 0.656731 0.843391 0.654808 0.836925 0.646154 0.835489 0.638462 0.838362 0.628846 0.851293 0.607692 0.857759 0.599038 0.864943 0.597115 0.875718 0.607692 0.875718 0.623077 0.869971 0.640385 0.850575 0.656731
0 0.079023 0.341346 0.071839 0.341346 0.056753 0.317308 0.053879 0.301923 0.058190 0.296154 0.056753 0.290385 0.061782 0.285577 0.068966 0.287500 0.077586 0.299038 0.096264 0.299038 0.102730 0.309615 0.101293 0.323077 0.090517 0.335577 0.079023 0.341346
0 0.788793 0.924038 0.783046 0.922115 0.779454 0.917308 0.778017 0.903846 0.785201 0.867308 0.791667 0.860577 0.797414 0.862500 0.803879 0.871154 0.805316 0.894231 0.801006 0.915385 0.788793 0.924038
0 0.000000 0.741346 0.005747 0.733654 0.014368 0.733654 0.019397 0.740385 0.023707 0.757692 0.023707 0.769231 0.019397 0.778846 0.000000 0.795192
0 0.329023 0.072115 0.310345 0.070192 0.303161 0.066346 0.296695 0.057692 0.296695 0.042308 0.304598 0.027885 0.313218 0.025962 0.320402 0.027885 0.338362 0.046154 0.341236 0.051923 0.341236 0.063462 0.337644 0.068269 0.329023 0.072115
0 0.984195 0.583654 0.971264 0.581731 0.963362 0.571154 0.956178 0.551923 0.954741 0.523077 0.961207 0.512500 0.966954 0.508654 0.972701 0.510577 0.982040 0.523077 0.993534 0.550000 0.993534 0.563462 0.984195 0.583654
0 0.169540 0.599038 0.158046 0.597115 0.147270 0.584615 0.145833 0.573077 0.148707 0.561538 0.152299 0.556731 0.166667 0.550962 0.191092 0.552885 0.196121 0.561538 0.194684 0.578846 0.188218 0.587500 0.169540 0.599038
0 0.441092 0.452885 0.431034 0.450962 0.425287 0.439423 0.418822 0.436538 0.415948 0.428846 0.415948 0.419231 0.419540 0.412500 0.441092 0.412500 0.445402 0.408654 0.456897 0.408654 0.464799 0.417308 0.464799 0.430769 0.461925 0.440385 0.452586 0.450962 0.441092 0.452885
0 0.156609 0.389423 0.152299 0.389423 0.145833 0.382692 0.145833 0.359615 0.157328 0.332692 0.162356 0.325962 0.172414 0.322115 0.180316 0.334615 0.180316 0.351923 0.173132 0.371154 0.156609 0.389423
0 0.439655 0.772115 0.431034 0.768269 0.416667 0.770192 0.409483 0.766346 0.401580 0.751923 0.405891 0.734615 0.413793 0.727885 0.426724 0.729808 0.438218 0.722115 0.445402 0.725962 0.456178 0.742308 0.456178 0.753846 0.451149 0.764423 0.439655 0.772115
0 0.931034 0.627885 0.922414 0.625962 0.916667 0.614423 0.905172 0.610577 0.898707 0.598077 0.898707 0.592308 0.904454 0.580769 0.913793 0.572115 0.933908 0.575962 0.941810 0.584615 0.941810 0.609615 0.938937 0.619231 0.931034 0.627885
0 0.625718 0.998077 0.622845 0.990385 0.622845 0.969231 0.633621 0.954808 0.642241 0.956731 0.651580 0.969231 0.653017 0.980769 0.645833 0.998077
0 0.844109 0.998077 0.844109 0.988462 0.852011 0.974038 0.862069 0.974038 0.867816 0.968269 0.872126 0.970192 0.877155 0.978846 0.878592 0.990385 0.875718 0.998077
0 0.670977 0.689423 0.662356 0.689423 0.656609 0.685577 0.651580 0.673077 0.651580 0.667308 0.661638 0.655769 0.665230 0.647115 0.675287 0.649038 0.681753 0.663462 0.677443 0.684615 0.670977 0.689423
0 0.903736 0.685577 0.889368 0.685577 0.882902 0.673077 0.888649 0.644231 0.899425 0.633654 0.909483 0.635577 0.913075 0.644231 0.918822 0.650000 0.915948 0.653846 0.910201 0.676923 0.903736 0.685577
0 0.000000 0.691346 0.010057 0.685577 0.017241 0.685577 0.022270 0.690385 0.023707 0.696154 0.023707 0.705769 0.019397 0.717308 0.009339 0.728846 0.008621 0.733654 0.005747 0.733654 0.000000 0.741346
0 0.899425 0.550962 0.893678 0.550962 0.887213 0.542308 0.884339 0.521154 0.887213 0.513462 0.897989 0.499038 0.909483 0.499038 0.920259 0.509615 0.920259 0.519231 0.911638 0.532692 0.908764 0.542308 0.899425 0.550962
0 0.260776 0.000000 0.263649 0.005769 0.263649 0.015385 0.257902 0.028846 0.242816 0.039423 0.234195 0.039423 0.227730 0.032692 0.226293 0.019231 0.236351 0.000000
0 0.189655 0.122115 0.175287 0.120192 0.171695 0.113462 0.171695 0.105769 0.179598 0.095192 0.191092 0.089423 0.209770 0.072115 0.219828 0.072115 0.224856 0.078846 0.224856 0.086538 0.217672 0.101923 0.206897 0.114423 0.199713 0.114423 0.189655 0.122115
0 0.280172 0.393269 0.272989 0.393269 0.267241 0.389423 0.253592 0.369231 0.249282 0.348077 0.255747 0.337500 0.272989 0.333654 0.285920 0.339423 0.296695 0.350000 0.301006 0.361538 0.298132 0.376923 0.291667 0.385577 0.280172 0.393269
0 0.554598 0.818269 0.547414 0.818269 0.534483 0.812500 0.523707 0.800000 0.523707 0.788462 0.538793 0.768269 0.550287 0.760577 0.558908 0.760577 0.566092 0.764423 0.569684 0.771154 0.572557 0.786538 0.569684 0.805769 0.564655 0.812500 0.554598 0.818269
0 0.379310 0.591346 0.375000 0.591346 0.364943 0.581731 0.352730 0.561538 0.351293 0.540385 0.354167 0.532692 0.360632 0.525962 0.373563 0.527885 0.381466 0.536538 0.385776 0.546154 0.390086 0.575000 0.388649 0.580769 0.379310 0.591346
0 0.607759 0.391346 0.600575 0.391346 0.591236 0.380769 0.589799 0.363462 0.600575 0.345192 0.613506 0.339423 0.618534 0.346154 0.621408 0.357692 0.621408 0.371154 0.617098 0.382692 0.607759 0.391346
