0 0.762500 0.997222 0.765278 0.972222 0.776389 0.950000 0.788889 0.937500 0.808333 0.929167 0.838889 0.929167 0.862500 0.947222 0.873611 0.969444 0.870833 0.997222
0 0.841667 0.773611 0.816667 0.773611 0.797222 0.759722 0.786111 0.756944 0.776389 0.747222 0.776389 0.730556 0.781944 0.722222 0.779167 0.708333 0.766667 0.698611 0.738889 0.698611 0.709722 0.675000 0.709722 0.663889 0.718056 0.644444 0.744444 0.618056 0.777778 0.618056 0.788889 0.609722 0.802778 0.609722 0.816667 0.615278 0.829167 0.627778 0.831944 0.655556 0.820833 0.672222 0.804167 0.683333 0.804167 0.688889 0.819444 0.709722 0.841667 0.715278 0.862500 0.733333 0.865278 0.752778 0.841667 0.773611
0 0.075000 0.248611 0.036111 0.243056 0.023611 0.230556 0.026389 0.211111 0.033333 0.204167 0.041667 0.204167 0.058333 0.212500 0.069444 0.212500 0.079167 0.225000 0.079167 0.244444 0.075000 0.248611
0 0.102778 0.323611 0.088889 0.323611 0.076389 0.311111 0.081944 0.294444 0.056944 0.275000 0.063889 0.262500 0.077778 0.259722 0.088889 0.279167 0.101389 0.280556 0.101389 0.294444 0.106944 0.302778 0.106944 0.319444 0.102778 0.323611
0 0.000000 0.262500 0.013889 0.265278 0.018056 0.252778 0.030556 0.248611 0.043056 0.266667 0.043056 0.277778 0.037500 0.286111 0.005556 0.309722 0.000000 0.309722
0 0.000000 0.737500 0.018056 0.752778 0.029167 0.772222 0.045833 0.788889 0.059722 0.819444 0.059722 0.855556 0.050000 0.873611 0.025000 0.884722 0.000000 0.876389
0 0.144444 0.231944 0.122222 0.229167 0.094444 0.215278 0.070833 0.194444 0.062500 0.169444 0.062500 0.141667 0.068056 0.127778 0.094444 0.104167 0.127778 0.095833 0.147222 0.095833 0.175000 0.104167 0.211111 0.104167 0.238889 0.115278 0.256944 0.136111 0.265278 0.155556 0.265278 0.180556 0.251389 0.208333 0.244444 0.215278 0.216667 0.226389 0.144444 0.231944
0 0.688889 0.354167 0.672222 0.354167 0.636111 0.340278 0.623611 0.327778 0.606944 0.300000 0.601389 0.277778 0.601389 0.250000 0.609722 0.211111 0.641667 0.179167 0.680556 0.165278 0.697222 0.165278 0.719444 0.176389 0.734722 0.191667 0.743056 0.202778 0.754167 0.241667 0.754167 0.280556 0.740278 0.311111 0.711111 0.345833 0.688889 0.354167
0 0.297222 0.406944 0.263889 0.404167 0.243056 0.386111 0.231944 0.355556 0.234722 0.330556 0.252778 0.304167 0.286111 0.284722 0.322222 0.273611 0.350000 0.273611 0.363889 0.281944 0.376389 0.297222 0.376389 0.341667 0.344444 0.381944 0.297222 0.406944
0 0.205556 0.787500 0.155556 0.784722 0.141667 0.779167 0.129167 0.763889 0.120833 0.722222 0.131944 0.686111 0.161111 0.648611 0.208333 0.620833 0.233333 0.618056 0.288889 0.643056 0.313889 0.662500 0.320833 0.669444 0.326389 0.694444 0.320833 0.711111 0.297222 0.734722 0.269444 0.748611 0.255556 0.762500 0.241667 0.765278 0.222222 0.781944 0.205556 0.787500
0 0.933333 0.265278 0.920833 0.261111 0.922222 0.245833 0.940278 0.250000 0.940278 0.261111 0.933333 0.265278
0 0.997222 0.104167 0.972222 0.104167 0.954167 0.088889 0.943056 0.069444 0.943056 0.036111 0.956944 0.000000
0 0.722222 0.868056 0.697222 0.865278 0.668056 0.827778 0.637500 0.800000 0.629167 0.772222 0.644444 0.751389 0.677778 0.751389 0.686111 0.756944 0.700000 0.756944 0.716667 0.737500 0.755556 0.737500 0.777778 0.748611 0.798611 0.769444 0.804167 0.786111 0.804167 0.800000 0.798611 0.808333 0.783333 0.823611 0.750000 0.826389 0.740278 0.852778 0.722222 0.868056
0 0.875000 0.404167 0.847222 0.401389 0.834722 0.388889 0.829167 0.377778 0.834722 0.341667 0.848611 0.319444 0.848611 0.311111 0.854167 0.308333 0.859722 0.288889 0.875000 0.273611 0.894444 0.265278 0.922222 0.265278 0.925000 0.270833 0.940278 0.277778 0.951389 0.297222 0.951389 0.338889 0.945833 0.347222 0.945833 0.358333 0.934722 0.377778 0.908333 0.398611 0.875000 0.404167
0 0.652778 0.984722 0.616667 0.973611 0.598611 0.955556 0.587500 0.930556 0.584722 0.908333 0.568056 0.886111 0.556944 0.861111 0.556944 0.822222 0.568056 0.805556 0.591667 0.787500 0.627778 0.790278 0.668056 0.827778 0.695833 0.863889 0.701389 0.891667 0.695833 0.941667 0.675000 0.970833 0.652778 0.984722
0 0.000000 0.459722 0.005556 0.454167 0.027778 0.448611 0.066667 0.451389 0.095833 0.475000 0.104167 0.494444 0.101389 0.525000 0.080556 0.551389 0.033333 0.573611 0.000000 0.570833
0 0.176389 0.997222 0.155556 0.990278 0.134722 0.972222 0.126389 0.950000 0.126389 0.927778 0.131944 0.911111 0.147222 0.895833 0.177778 0.879167 0.227778 0.873611 0.238889 0.879167 0.254167 0.897222 0.259722 0.927778 0.254167 0.941667 0.237500 0.958333 0.229167 0.980556 0.216667 0.993056 0.201389 0.997222
0 0.081944 0.000000 0.062500 0.038889 0.043056 0.058333 0.037500 0.072222 0.016667 0.087500 0.000000 0.090278
0 0.997222 0.434722 0.991667 0.429167 0.969444 0.423611 0.966667 0.418056 0.958333 0.418056 0.945833 0.405556 0.945833 0.380556 0.948611 0.358333 0.954167 0.352778 0.954167 0.336111 0.975000 0.309722 0.997222 0.298611
0 0.659722 0.000000 0.652778 0.009722 0.625000 0.020833 0.580556 0.012500 0.565278 0.000000
0 0.533333 0.898611 0.516667 0.895833 0.512500 0.888889 0.516667 0.884722 0.527778 0.884722 0.537500 0.891667 0.533333 0.898611
0 0.794444 0.190278 0.755556 0.187500 0.743056 0.175000 0.729167 0.130556 0.731944 0.108333 0.744444 0.090278 0.783333 0.062500 0.830556 0.051389 0.855556 0.056944 0.884722 0.080556 0.893056 0.094444 0.893056 0.111111 0.872222 0.134722 0.852778 0.145833 0.816667 0.184722 0.794444 0.190278
0 0.997222 0.906944 0.969444 0.920833 0.916667 0.912500 0.884722 0.886111 0.868056 0.852778 0.873611 0.813889 0.897222 0.798611 0.941667 0.795833 0.980556 0.798611 0.997222 0.804167
0 0.997222 0.787500 0.958333 0.770833 0.945833 0.758333 0.943056 0.736111 0.934722 0.719444 0.927778 0.712500 0.911111 0.706944 0.895833 0.691667 0.890278 0.680556 0.893056 0.636111 0.916667 0.618056 0.941667 0.620833 0.962500 0.641667 0.973611 0.675000 0.997222 0.698611
0 0.633333 0.590278 0.605556 0.584722 0.579167 0.561111 0.556944 0.508333 0.556944 0.483333 0.562500 0.466667 0.577778 0.448611 0.602778 0.434722 0.633333 0.434722 0.647222 0.443056 0.668056 0.472222 0.681944 0.505556 0.681944 0.530556 0.673611 0.558333 0.652778 0.581944 0.633333 0.590278
0 0.102778 0.279167 0.088889 0.279167 0.081944 0.272222 0.081944 0.266667 0.091667 0.256944 0.100000 0.256944 0.106944 0.263889 0.106944 0.275000 0.102778 0.279167
0 0.545833 0.000000 0.554167 0.016667 0.554167 0.052778 0.548611 0.072222 0.533333 0.095833 0.505556 0.109722 0.472222 0.109722 0.451389 0.094444 0.426389 0.052778 0.426389 0.036111 0.420833 0.027778 0.420833 0.016667 0.415278 0.011111 0.415278 0.000000
0 0.427778 0.993056 0.413889 0.993056 0.391667 0.981944 0.359722 0.952778 0.348611 0.930556 0.345833 0.905556 0.354167 0.880556 0.375000 0.859722 0.386111 0.854167 0.405556 0.854167 0.427778 0.868056 0.462500 0.913889 0.462500 0.963889 0.441667 0.987500 0.427778 0.993056
