0 0.396875 0.095703 0.381250 0.095703 0.376563 0.089844 0.376563 0.062500 0.390625 0.029297 0.423438 0.046875 0.420312 0.070312 0.396875 0.095703
0 0.967187 0.996094 0.957812 0.984375 0.965625 0.970703 0.996875 0.974609
0 0.468750 0.986328 0.450000 0.986328 0.439063 0.964844 0.439063 0.902344 0.453125 0.873047 0.475000 0.876953 0.489063 0.890625 0.489063 0.933594 0.479687 0.968750 0.468750 0.986328
0 0.203125 0.310547 0.184375 0.310547 0.170313 0.292969 0.170313 0.277344 0.179688 0.253906 0.196875 0.228516 0.206250 0.228516 0.214062 0.238281 0.210938 0.300781 0.203125 0.310547
0 0.821875 0.845703 0.784375 0.845703 0.779687 0.835938 0.790625 0.822266 0.806250 0.818359 0.815625 0.806641 0.831250 0.806641 0.835938 0.812500 0.835938 0.832031 0.821875 0.845703
0 0.162500 0.904297 0.140625 0.904297 0.126562 0.890625 0.126562 0.875000 0.145313 0.843750 0.150000 0.826172 0.171875 0.822266 0.185938 0.839844 0.185938 0.882812 0.162500 0.904297
0 0.132812 0.996094 0.132812 0.984375 0.146875 0.970703 0.218750 0.974609 0.231250 0.978516 0.239063 0.996094
0 0.106250 0.513672 0.081250 0.513672 0.062500 0.501953 0.054688 0.476562 0.059375 0.470703 0.078125 0.470703 0.100000 0.478516 0.110937 0.492188 0.110937 0.507812 0.106250 0.513672
0 0.818750 0.771484 0.810937 0.769531 0.810937 0.738281 0.792188 0.726562 0.792188 0.714844 0.812500 0.689453 0.821875 0.689453 0.832812 0.707031 0.829688 0.750000 0.818750 0.771484
0 0.425000 0.482422 0.417187 0.476562 0.423438 0.453125 0.437500 0.443359 0.459375 0.412109 0.490625 0.408203 0.504687 0.421875 0.496875 0.439453 0.478125 0.451172 0.462500 0.447266 0.425000 0.482422
0 0.465625 0.193359 0.421875 0.189453 0.410938 0.171875 0.410938 0.156250 0.421875 0.142578 0.478125 0.134766 0.492188 0.152344 0.492188 0.171875 0.478125 0.189453 0.465625 0.193359
0 0.850000 0.712891 0.834375 0.712891 0.826562 0.683594 0.835938 0.652344 0.859375 0.642578 0.867188 0.652344 0.867188 0.687500 0.850000 0.712891
0 0.365625 0.416016 0.356250 0.416016 0.348438 0.406250 0.345313 0.367188 0.354687 0.343750 0.357812 0.304688 0.368750 0.291016 0.375000 0.291016 0.385937 0.308594 0.389062 0.390625 0.378125 0.412109 0.365625 0.416016
0 0.143750 0.634766 0.129688 0.628906 0.140625 0.587891 0.154688 0.605469 0.154688 0.621094 0.143750 0.634766
0 0.000000 0.521484 0.032813 0.523438 0.032813 0.531250 0.018750 0.548828 0.000000 0.552734
0 0.303125 0.271484 0.292187 0.265625 0.289062 0.230469 0.295312 0.207031 0.312500 0.197266 0.320312 0.207031 0.320312 0.218750 0.310937 0.261719 0.303125 0.271484
0 0.696875 0.779297 0.690625 0.779297 0.673438 0.753906 0.670312 0.714844 0.709375 0.666016 0.721875 0.658203 0.740625 0.658203 0.751563 0.671875 0.748437 0.714844 0.735938 0.742188 0.696875 0.779297
0 0.284375 0.802734 0.268750 0.798828 0.239063 0.757812 0.239063 0.746094 0.226562 0.714844 0.232813 0.691406 0.240625 0.681641 0.256250 0.681641 0.267188 0.691406 0.276562 0.726562 0.276562 0.753906 0.289062 0.785156 0.284375 0.802734
0 0.593750 0.978516 0.578125 0.978516 0.567187 0.968750 0.570312 0.949219 0.609375 0.892578 0.618750 0.884766 0.643750 0.880859 0.648438 0.886719 0.648438 0.914062 0.639062 0.941406 0.609375 0.974609 0.593750 0.978516
0 0.818750 0.955078 0.796875 0.955078 0.789062 0.945312 0.789062 0.921875 0.796875 0.912109 0.818750 0.912109 0.834375 0.900391 0.853125 0.900391 0.860938 0.910156 0.857812 0.933594 0.818750 0.955078
0 0.000000 0.384766 0.012500 0.392578 0.065625 0.392578 0.082812 0.406250 0.078125 0.416016 0.000000 0.412109
0 0.390625 0.693359 0.368750 0.689453 0.340625 0.673828 0.329688 0.652344 0.326562 0.625000 0.346875 0.615234 0.378125 0.623047 0.417187 0.671875 0.412500 0.685547 0.390625 0.693359
0 0.250000 0.974609 0.231250 0.966797 0.209375 0.966797 0.200000 0.958984 0.165625 0.958984 0.157812 0.929688 0.162500 0.923828 0.175000 0.923828 0.181250 0.931641 0.240625 0.935547 0.260937 0.960938 0.250000 0.974609
0 0.832812 0.996094 0.826562 0.980469 0.826562 0.953125 0.850000 0.939453 0.875000 0.939453 0.885938 0.957031 0.859375 0.986328 0.842187 0.996094
0 0.509375 0.751953 0.496875 0.751953 0.482812 0.738281 0.482812 0.699219 0.487500 0.693359 0.509375 0.693359 0.517188 0.703125 0.520312 0.738281 0.509375 0.751953
0 0.000000 0.572266 0.050000 0.572266 0.054688 0.578125 0.051562 0.609375 0.064062 0.625000 0.064062 0.636719 0.059375 0.642578 0.043750 0.642578 0.018750 0.626953 0.009375 0.626953 0.000000 0.615234
0 0.275000 0.884766 0.248438 0.855469 0.242188 0.835938 0.229687 0.820312 0.223438 0.785156 0.228125 0.767578 0.243750 0.767578 0.279687 0.816406 0.285938 0.839844 0.285938 0.871094 0.275000 0.884766
0 0.570312 0.000000 0.546875 0.029297 0.528125 0.041016 0.493750 0.052734 0.468750 0.052734 0.464062 0.039062 0.492188 0.000000
0 0.000000 0.474609 0.025000 0.470703 0.034375 0.474609 0.045312 0.492188 0.021875 0.521484 0.000000 0.521484
0 0.701562 0.996094 0.695312 0.980469 0.698438 0.968750 0.706250 0.958984 0.728125 0.958984 0.745313 0.976562 0.748437 0.996094
0 0.481250 0.654297 0.468750 0.654297 0.454688 0.632812 0.451562 0.585938 0.478125 0.541016 0.490625 0.541016 0.495312 0.546875 0.492188 0.613281 0.481250 0.654297
0 0.528125 0.873047 0.506250 0.873047 0.495312 0.859375 0.495312 0.835938 0.500000 0.830078 0.512500 0.822266 0.528125 0.822266 0.551562 0.843750 0.551562 0.855469 0.528125 0.873047
0 0.031250 0.673828 0.009375 0.669922 0.001563 0.660156 0.001563 0.636719 0.009375 0.626953 0.018750 0.626953 0.043750 0.642578 0.059375 0.642578 0.065625 0.630859 0.071875 0.630859 0.101562 0.644531 0.100000 0.654297 0.081250 0.650391 0.046875 0.662109 0.031250 0.673828
0 0.528125 0.365234 0.520312 0.359375 0.520312 0.335938 0.531250 0.322266 0.546875 0.322266 0.551562 0.328125 0.548438 0.339844 0.528125 0.365234
0 0.578125 0.748047 0.559375 0.748047 0.543750 0.740234 0.526563 0.718750 0.523438 0.699219 0.537500 0.685547 0.568750 0.689453 0.595313 0.718750 0.595313 0.734375 0.578125 0.748047
0 0.000000 0.365234 0.037500 0.365234 0.043750 0.357422 0.056250 0.357422 0.060937 0.363281 0.056250 0.376953 0.034375 0.392578 0.012500 0.392578 0.000000 0.384766
0 0.996875 0.849609 0.982812 0.843750 0.982812 0.832031 0.996875 0.814453
0 0.303125 0.564453 0.281250 0.552734 0.264062 0.523438 0.264062 0.496094 0.271875 0.486328 0.287500 0.490234 0.307812 0.519531 0.310937 0.542969 0.303125 0.564453
0 0.112500 0.638672 0.081250 0.638672 0.065625 0.630859 0.051562 0.609375 0.054688 0.589844 0.078125 0.572266 0.100000 0.572266 0.128125 0.583984 0.135937 0.593750 0.135937 0.613281 0.125000 0.630859 0.112500 0.638672
0 0.334375 0.291016 0.320312 0.285156 0.326562 0.230469 0.343750 0.208984 0.368750 0.201172 0.373437 0.207031 0.370312 0.250000 0.353125 0.275391 0.334375 0.291016
0 0.334375 0.134766 0.321875 0.134766 0.314063 0.121094 0.317188 0.097656 0.331250 0.080078 0.337500 0.080078 0.357812 0.101562 0.357812 0.109375 0.334375 0.134766
0 0.612500 0.787109 0.603125 0.787109 0.595313 0.777344 0.595313 0.765625 0.609375 0.751953 0.621875 0.751953 0.626563 0.769531 0.612500 0.787109
0 0.000000 0.412109 0.043750 0.416016 0.070312 0.437500 0.070312 0.449219 0.062500 0.458984 0.000000 0.474609
0 0.871875 0.783203 0.862500 0.783203 0.854688 0.773438 0.857812 0.714844 0.871875 0.693359 0.887500 0.693359 0.898438 0.703125 0.898438 0.753906 0.871875 0.783203
0 0.934375 0.927734 0.906250 0.923828 0.898438 0.906250 0.898438 0.886719 0.901563 0.871094 0.925000 0.845703 0.943750 0.841797 0.951562 0.855469 0.951562 0.890625 0.948438 0.910156 0.934375 0.927734
0 0.456250 0.552734 0.437500 0.552734 0.432812 0.546875 0.442188 0.500000 0.484375 0.443359 0.500000 0.439453 0.504687 0.445312 0.504687 0.480469 0.485938 0.515625 0.456250 0.552734
0 0.287500 0.091797 0.281250 0.091797 0.276562 0.082031 0.282813 0.058594 0.293750 0.052734 0.301563 0.070312 0.287500 0.091797
0 0.046875 0.349609 0.015625 0.349609 0.001563 0.324219 0.004687 0.312500 0.021875 0.298828 0.062500 0.298828 0.067187 0.304688 0.064062 0.324219 0.046875 0.349609
0 0.115625 0.763672 0.093750 0.763672 0.070312 0.730469 0.070312 0.722656 0.081250 0.708984 0.128125 0.708984 0.140625 0.716797 0.148438 0.726562 0.148438 0.738281 0.140625 0.751953 0.115625 0.763672
0 0.100000 0.326172 0.065625 0.326172 0.067187 0.304688 0.062500 0.298828 0.046875 0.298828 0.042188 0.292969 0.045312 0.281250 0.053125 0.271484 0.062500 0.271484 0.115625 0.291016 0.123438 0.300781 0.123438 0.316406 0.100000 0.326172
0 0.231250 0.126953 0.220312 0.121094 0.214062 0.093750 0.220312 0.085938 0.223438 0.062500 0.234375 0.052734 0.248438 0.070312 0.248438 0.082031 0.231250 0.126953
0 0.201563 0.000000 0.187500 0.025391 0.165625 0.025391 0.160938 0.011719 0.170313 0.000000
0 0.687500 0.802734 0.671875 0.802734 0.664062 0.792969 0.664062 0.761719 0.675000 0.755859 0.690625 0.779297 0.696875 0.779297 0.721875 0.759766 0.746875 0.716797 0.751563 0.726562 0.739062 0.753906 0.709375 0.791016 0.687500 0.802734
0 0.203125 0.533203 0.196875 0.533203 0.182812 0.515625 0.170313 0.484375 0.167187 0.457031 0.181250 0.439453 0.200000 0.443359 0.214062 0.468750 0.217188 0.511719 0.203125 0.533203
0 0.628125 0.736328 0.600000 0.736328 0.595313 0.730469 0.598437 0.699219 0.615625 0.681641 0.631250 0.681641 0.660937 0.699219 0.660937 0.710938 0.653125 0.720703 0.628125 0.736328
0 0.450000 0.267578 0.421875 0.263672 0.414062 0.253906 0.410938 0.238281 0.446875 0.208984 0.475000 0.205078 0.487500 0.212891 0.492188 0.218750 0.492188 0.234375 0.478125 0.251953 0.462500 0.255859 0.450000 0.267578
0 0.090625 0.220703 0.068750 0.220703 0.051562 0.203125 0.051562 0.183594 0.062500 0.169922 0.075000 0.162109 0.096875 0.162109 0.101562 0.167969 0.101562 0.214844 0.090625 0.220703
0 0.087500 0.103516 0.071875 0.103516 0.067187 0.097656 0.070312 0.082031 0.084375 0.064453 0.134375 0.037109 0.146875 0.037109 0.151562 0.042969 0.148438 0.062500 0.137500 0.076172 0.087500 0.103516
0 0.771875 0.833984 0.756250 0.833984 0.751563 0.828125 0.751563 0.792969 0.760938 0.761719 0.787500 0.728516 0.800000 0.728516 0.810937 0.738281 0.810937 0.773438 0.771875 0.833984
0 0.000000 0.248047 0.028125 0.244141 0.042188 0.250000 0.040625 0.271484 0.018750 0.298828 0.000000 0.302734
0 0.515625 0.685547 0.506250 0.685547 0.495312 0.667969 0.501563 0.589844 0.509375 0.580078 0.517188 0.585938 0.526563 0.621094 0.526563 0.667969 0.515625 0.685547
0 0.681250 0.861328 0.668750 0.861328 0.660937 0.851562 0.664062 0.824219 0.668750 0.818359 0.706250 0.810547 0.710938 0.816406 0.710938 0.832031 0.696875 0.853516 0.681250 0.861328
0 0.607812 0.000000 0.610938 0.011719 0.603125 0.021484 0.584375 0.029297 0.556250 0.029297 0.551562 0.023438 0.570312 0.000000
0 0.000000 0.107422 0.025000 0.091797 0.059375 0.087891 0.064062 0.093750 0.053125 0.111328 0.043750 0.111328 0.025000 0.130859 0.000000 0.134766
0 0.431250 0.533203 0.418750 0.533203 0.414062 0.527344 0.414062 0.492188 0.446875 0.458984 0.462500 0.447266 0.471875 0.447266 0.476562 0.453125 0.448437 0.488281 0.431250 0.533203
0 0.912500 0.763672 0.906250 0.763672 0.901563 0.750000 0.907813 0.742188 0.914062 0.714844 0.953125 0.673828 0.981250 0.666016 0.985938 0.675781 0.912500 0.763672
0 0.351562 0.000000 0.328125 0.041016 0.320312 0.035156 0.317188 0.019531 0.320312 0.000000
0 0.475000 0.689453 0.453125 0.689453 0.448437 0.683594 0.445312 0.656250 0.450000 0.650391 0.456250 0.650391 0.479687 0.671875 0.475000 0.689453
0 0.403125 0.845703 0.375000 0.841797 0.370312 0.835938 0.370312 0.808594 0.396875 0.775391 0.403125 0.775391 0.412500 0.763672 0.421875 0.763672 0.435937 0.777344 0.435937 0.824219 0.428125 0.833984 0.403125 0.845703
0 0.912500 0.861328 0.901563 0.855469 0.901563 0.835938 0.921875 0.814453 0.937500 0.814453 0.948438 0.828125 0.945312 0.839844 0.925000 0.845703 0.912500 0.861328
0 0.531250 0.939453 0.521875 0.939453 0.514062 0.929688 0.507812 0.910156 0.507812 0.898438 0.521875 0.884766 0.537500 0.884766 0.554688 0.898438 0.554688 0.906250 0.531250 0.939453
0 0.103125 0.552734 0.050000 0.552734 0.032813 0.531250 0.029687 0.507812 0.043750 0.494141 0.056250 0.494141 0.081250 0.513672 0.100000 0.513672 0.107813 0.523438 0.107813 0.546875 0.103125 0.552734
0 0.128125 0.708984 0.021875 0.708984 0.017188 0.691406 0.046875 0.662109 0.081250 0.650391 0.109375 0.650391 0.125000 0.658203 0.148438 0.687500 0.137500 0.705078 0.128125 0.708984
0 0.168750 0.353516 0.151562 0.332031 0.151562 0.300781 0.156250 0.294922 0.182812 0.316406 0.168750 0.353516
0 0.287500 0.216797 0.279687 0.210938 0.276562 0.199219 0.276562 0.152344 0.287500 0.134766 0.296875 0.134766 0.304688 0.144531 0.304688 0.167969 0.295312 0.207031 0.287500 0.216797
0 0.484375 0.822266 0.459375 0.822266 0.445312 0.804688 0.442188 0.781250 0.456250 0.751953 0.487500 0.751953 0.495312 0.761719 0.498437 0.800781 0.484375 0.822266
0 0.256250 0.427734 0.245312 0.421875 0.245312 0.398438 0.256250 0.384766 0.275000 0.384766 0.285938 0.398438 0.285938 0.406250 0.256250 0.427734
0 0.037500 0.365234 0.006250 0.361328 0.004687 0.355469 0.009375 0.349609 0.043750 0.349609 0.045312 0.355469 0.037500 0.365234
0 0.362500 0.564453 0.350000 0.564453 0.342187 0.554688 0.345313 0.460938 0.350000 0.455078 0.359375 0.455078 0.367188 0.464844 0.370312 0.484375 0.370312 0.539062 0.362500 0.564453
0 0.471875 0.126953 0.450000 0.126953 0.445312 0.113281 0.481250 0.076172 0.506250 0.072266 0.510938 0.078125 0.510938 0.097656 0.500000 0.111328 0.471875 0.126953
0 0.281250 0.697266 0.268750 0.693359 0.251563 0.675781 0.239063 0.621094 0.243750 0.611328 0.265625 0.611328 0.271875 0.619141 0.284375 0.619141 0.292187 0.628906 0.285938 0.691406 0.281250 0.697266
0 0.140625 0.185547 0.131250 0.185547 0.117188 0.171875 0.114062 0.148438 0.143750 0.146484 0.156250 0.138672 0.160938 0.156250 0.140625 0.185547
0 0.450000 0.349609 0.428125 0.349609 0.414062 0.332031 0.407813 0.320312 0.407813 0.289062 0.434375 0.267578 0.478125 0.267578 0.492188 0.281250 0.495312 0.308594 0.478125 0.333984 0.450000 0.349609
0 0.462500 0.412109 0.450000 0.412109 0.445312 0.406250 0.445312 0.386719 0.451562 0.375000 0.462500 0.365234 0.493750 0.361328 0.498437 0.367188 0.498437 0.398438 0.490625 0.408203 0.462500 0.412109
0 0.170313 0.000000 0.146875 0.025391 0.112500 0.033203 0.107813 0.015625 0.117188 0.000000
0 0.228125 0.873047 0.212500 0.873047 0.171875 0.822266 0.157812 0.812500 0.157812 0.796875 0.165625 0.783203 0.193750 0.791016 0.220312 0.820312 0.232813 0.855469 0.228125 0.873047
0 0.043750 0.189453 0.028125 0.189453 0.023438 0.183594 0.023438 0.160156 0.028125 0.154297 0.046875 0.142578 0.059375 0.142578 0.076563 0.156250 0.043750 0.189453
0 0.193750 0.201172 0.182812 0.191406 0.182812 0.164062 0.187500 0.158203 0.200000 0.158203 0.217188 0.179688 0.212500 0.189453 0.203125 0.189453 0.193750 0.201172
0 0.375000 0.716797 0.356250 0.716797 0.339062 0.695312 0.339062 0.675781 0.371875 0.689453 0.379688 0.703125 0.375000 0.716797
0 0.143750 0.146484 0.115625 0.146484 0.107813 0.132812 0.107813 0.105469 0.137500 0.083984 0.162500 0.083984 0.170313 0.097656 0.170313 0.113281 0.143750 0.146484
0 0.240625 0.935547 0.181250 0.931641 0.173437 0.917969 0.200000 0.892578 0.215625 0.892578 0.248438 0.914062 0.248438 0.925781 0.240625 0.935547
0 0.000000 0.212891 0.037500 0.212891 0.042188 0.218750 0.040625 0.248047 0.000000 0.248047
0 0.150000 0.826172 0.131250 0.826172 0.120313 0.812500 0.114062 0.796875 0.112500 0.763672 0.146875 0.751953 0.164062 0.769531 0.157812 0.812500 0.150000 0.826172
0 0.093750 0.263672 0.075000 0.263672 0.059375 0.255859 0.048438 0.242188 0.048438 0.214844 0.056250 0.208984 0.068750 0.220703 0.106250 0.216797 0.110937 0.222656 0.110937 0.242188 0.093750 0.263672
0 0.248438 0.996094 0.245312 0.980469 0.271875 0.951172 0.300000 0.955078 0.310937 0.968750 0.317188 0.996094
0 0.340625 0.830078 0.325000 0.830078 0.317188 0.820312 0.314063 0.785156 0.350000 0.744141 0.362500 0.744141 0.370312 0.765625 0.370312 0.808594 0.359375 0.822266 0.340625 0.830078
0 0.109375 0.154297 0.075000 0.154297 0.065625 0.150391 0.060937 0.136719 0.078125 0.111328 0.106250 0.107422 0.107813 0.132812 0.114062 0.144531 0.109375 0.154297
