0 0.743750 0.255859 0.731250 0.255859 0.712500 0.232422 0.659375 0.232422 0.643750 0.220703 0.589063 0.167969 0.573438 0.132812 0.576562 0.101562 0.587500 0.087891 0.600000 0.083984 0.637500 0.095703 0.662500 0.087891 0.687500 0.099609 0.731250 0.158203 0.740625 0.158203 0.754687 0.179688 0.754687 0.226562 0.751563 0.246094 0.743750 0.255859
0 0.810937 0.000000 0.820312 0.015625 0.820312 0.035156 0.812500 0.044922 0.793750 0.052734 0.771875 0.052734 0.750000 0.041016 0.726562 0.011719 0.726562 0.000000
0 0.443750 0.751953 0.421875 0.751953 0.403125 0.744141 0.368750 0.716797 0.351562 0.695312 0.345313 0.671875 0.348438 0.636719 0.365625 0.615234 0.418750 0.611328 0.475000 0.623047 0.535937 0.687500 0.542188 0.722656 0.531250 0.736328 0.500000 0.744141 0.462500 0.744141 0.443750 0.751953
0 0.996875 0.962891 0.978125 0.947266 0.968750 0.947266 0.929688 0.890625 0.935937 0.863281 0.953125 0.837891 0.965625 0.837891 0.978125 0.849609 0.996875 0.849609
0 0.693750 0.591797 0.675000 0.591797 0.643750 0.576172 0.625000 0.576172 0.593750 0.556641 0.578125 0.556641 0.543750 0.533203 0.521875 0.529297 0.481250 0.494141 0.473438 0.484375 0.473438 0.468750 0.484375 0.451172 0.493750 0.451172 0.506250 0.439453 0.578125 0.439453 0.590625 0.447266 0.646875 0.455078 0.681250 0.470703 0.696875 0.482422 0.720313 0.515625 0.717187 0.566406 0.703125 0.587891 0.693750 0.591797
0 0.548438 0.996094 0.559375 0.978516 0.581250 0.962891 0.609375 0.962891 0.646875 0.986328 0.651563 0.996094
0 0.434375 0.587891 0.393750 0.587891 0.375000 0.572266 0.365625 0.572266 0.354687 0.554688 0.354687 0.535156 0.368750 0.513672 0.384375 0.509766 0.409375 0.509766 0.437500 0.525391 0.451562 0.542969 0.451562 0.574219 0.434375 0.587891
0 0.356250 0.337891 0.287500 0.310547 0.262500 0.283203 0.240625 0.275391 0.226562 0.257812 0.226562 0.246094 0.265625 0.205078 0.293750 0.201172 0.350000 0.216797 0.362500 0.232422 0.396875 0.248047 0.410938 0.265625 0.410938 0.277344 0.420312 0.292969 0.410938 0.316406 0.384375 0.333984 0.356250 0.337891
0 0.000000 0.337891 0.018750 0.337891 0.031250 0.318359 0.043750 0.314453 0.078125 0.314453 0.100000 0.322266 0.112500 0.337891 0.128125 0.337891 0.151562 0.382812 0.151562 0.390625 0.131250 0.419922 0.115625 0.423828 0.084375 0.423828 0.068750 0.412109 0.034375 0.400391 0.000000 0.396484
0 0.996875 0.126953 0.978125 0.130859 0.959375 0.154297 0.943750 0.154297 0.925000 0.142578 0.900000 0.142578 0.890625 0.134766 0.878125 0.142578 0.846875 0.146484 0.828125 0.138672 0.807813 0.109375 0.817187 0.078125 0.846875 0.052734 0.906250 0.060547 0.925000 0.048828 0.965625 0.048828 0.996875 0.064453
0 0.345313 0.000000 0.345313 0.039062 0.354687 0.070312 0.325000 0.083984 0.287500 0.080078 0.221875 0.052734 0.209375 0.033203 0.182812 0.015625 0.179688 0.000000
0 0.448437 0.000000 0.475000 0.017578 0.496875 0.041016 0.509375 0.044922 0.542188 0.089844 0.548438 0.113281 0.548438 0.144531 0.528125 0.173828 0.512500 0.173828 0.500000 0.162109 0.484375 0.162109 0.456250 0.150391 0.412500 0.119141 0.393750 0.115234 0.368750 0.099609 0.348438 0.054688 0.345313 0.000000
0 0.996875 0.388672 0.959375 0.388672 0.946875 0.380859 0.925000 0.380859 0.896875 0.353516 0.878125 0.349609 0.868750 0.337891 0.856250 0.333984 0.842187 0.308594 0.842187 0.246094 0.850000 0.232422 0.878125 0.216797 0.896875 0.216797 0.912500 0.228516 0.934375 0.224609 0.996875 0.279297
0 0.996875 0.611328 0.979688 0.597656 0.982812 0.574219 0.996875 0.556641
0 0.262500 0.958984 0.225000 0.955078 0.206250 0.947266 0.184375 0.923828 0.178125 0.923828 0.167187 0.910156 0.160938 0.882812 0.145313 0.855469 0.145313 0.828125 0.196875 0.779297 0.256250 0.771484 0.278125 0.775391 0.337500 0.822266 0.350000 0.845703 0.370312 0.863281 0.367188 0.882812 0.340625 0.923828 0.290625 0.951172 0.262500 0.958984
0 0.175000 0.166016 0.159375 0.166016 0.151562 0.140625 0.151562 0.089844 0.165625 0.080078 0.175000 0.080078 0.189062 0.105469 0.189062 0.152344 0.175000 0.166016
0 0.146875 0.771484 0.131250 0.771484 0.118750 0.763672 0.107813 0.746094 0.104688 0.714844 0.131250 0.673828 0.159375 0.650391 0.212500 0.623047 0.256250 0.619141 0.268750 0.623047 0.279687 0.636719 0.264062 0.675781 0.226562 0.714844 0.226562 0.746094 0.221875 0.751953 0.175000 0.759766 0.146875 0.771484
0 0.384375 0.755859 0.290625 0.755859 0.278125 0.748047 0.243750 0.751953 0.226562 0.742188 0.226562 0.714844 0.262500 0.677734 0.303125 0.666016 0.337500 0.666016 0.348438 0.675781 0.351562 0.695312 0.395313 0.738281 0.384375 0.755859
0 0.650000 0.439453 0.568750 0.431641 0.543750 0.419922 0.528125 0.419922 0.503125 0.404297 0.490625 0.404297 0.443750 0.361328 0.428125 0.353516 0.410938 0.332031 0.414062 0.300781 0.425000 0.291016 0.484375 0.298828 0.534375 0.322266 0.584375 0.330078 0.606250 0.345703 0.618750 0.345703 0.640625 0.361328 0.650000 0.361328 0.664062 0.378906 0.664062 0.425781 0.650000 0.439453
0 0.693750 0.923828 0.668750 0.923828 0.645312 0.906250 0.645312 0.855469 0.668750 0.810547 0.696875 0.787109 0.721875 0.787109 0.742188 0.808594 0.754687 0.832031 0.754687 0.890625 0.728125 0.912109 0.693750 0.923828
0 0.846875 0.482422 0.803125 0.478516 0.789062 0.460938 0.782813 0.437500 0.782813 0.402344 0.795312 0.367188 0.815625 0.337891 0.834375 0.330078 0.853125 0.330078 0.876563 0.347656 0.876563 0.375000 0.864062 0.406250 0.864062 0.457031 0.846875 0.482422
0 0.625000 0.720703 0.584375 0.720703 0.565625 0.712891 0.487500 0.634766 0.482812 0.628906 0.479687 0.601562 0.482812 0.558594 0.496875 0.544922 0.531250 0.541016 0.537500 0.548828 0.587500 0.556641 0.593750 0.564453 0.612500 0.568359 0.650000 0.603516 0.679688 0.648438 0.679688 0.667969 0.685937 0.683594 0.671875 0.705078 0.634375 0.712891 0.625000 0.720703
