0 0.695312 0.996094 0.692187 0.984375 0.709375 0.966797 0.734375 0.962891 0.745313 0.972656 0.737500 0.990234 0.720313 0.996094
0 0.962500 0.763672 0.948438 0.757812 0.948438 0.742188 0.968750 0.724609 0.978125 0.724609 0.982812 0.742188 0.962500 0.763672
0 0.440625 0.853516 0.418750 0.853516 0.414062 0.839844 0.428125 0.818359 0.450000 0.814453 0.457813 0.824219 0.457813 0.835938 0.440625 0.853516
0 0.659375 0.833984 0.645312 0.824219 0.645312 0.800781 0.662500 0.771484 0.678125 0.771484 0.689063 0.785156 0.689063 0.796875 0.659375 0.833984
0 0.000000 0.791016 0.018750 0.798828 0.026562 0.808594 0.026562 0.816406 0.000000 0.841797
0 0.743750 0.876953 0.709375 0.876953 0.704688 0.871094 0.704688 0.851562 0.721875 0.833984 0.750000 0.830078 0.771875 0.814453 0.789062 0.828125 0.784375 0.845703 0.743750 0.876953
0 0.996875 0.939453 0.990625 0.939453 0.985938 0.929688 0.985938 0.921875 0.996875 0.912109
0 0.382812 0.996094 0.403125 0.982422 0.418750 0.982422 0.423438 0.996094
0 0.621875 0.912109 0.596875 0.912109 0.581250 0.900391 0.573438 0.890625 0.573438 0.871094 0.578125 0.865234 0.590625 0.865234 0.618750 0.880859 0.626563 0.890625 0.626563 0.906250 0.621875 0.912109
0 0.635938 0.996094 0.650000 0.974609 0.678125 0.966797 0.685937 0.980469 0.670312 0.996094
0 0.790625 0.814453 0.779687 0.808594 0.787500 0.791016 0.812500 0.771484 0.828125 0.771484 0.832812 0.777344 0.818750 0.798828 0.790625 0.814453
0 0.142187 0.996094 0.156250 0.986328 0.184375 0.986328 0.207813 0.996094
0 0.718750 0.939453 0.706250 0.939453 0.701562 0.933594 0.701562 0.921875 0.712500 0.908203 0.731250 0.896484 0.750000 0.896484 0.754687 0.902344 0.746875 0.919922 0.718750 0.939453
0 0.956250 0.830078 0.935937 0.804688 0.940625 0.787109 0.950000 0.787109 0.960938 0.800781 0.960938 0.824219 0.956250 0.830078
0 0.843750 0.814453 0.835938 0.808594 0.835938 0.800781 0.853125 0.783203 0.860938 0.796875 0.843750 0.814453
0 0.743750 0.806641 0.737500 0.806641 0.729688 0.792969 0.771875 0.755859 0.796875 0.740234 0.828125 0.736328 0.832812 0.742188 0.821875 0.771484 0.812500 0.771484 0.781250 0.798828 0.743750 0.806641
0 0.942187 0.996094 0.942187 0.980469 0.950000 0.970703 0.978125 0.974609 0.985938 0.984375 0.982812 0.996094
0 0.850000 0.888672 0.809375 0.880859 0.804688 0.871094 0.815625 0.857422 0.853125 0.861328 0.857812 0.878906 0.850000 0.888672
0 0.653125 0.962891 0.642188 0.957031 0.642188 0.949219 0.653125 0.935547 0.665625 0.927734 0.693750 0.927734 0.698438 0.933594 0.693750 0.951172 0.653125 0.962891
0 0.071875 0.986328 0.056250 0.982422 0.045312 0.968750 0.056250 0.951172 0.093750 0.931641 0.121875 0.931641 0.126562 0.937500 0.126562 0.949219 0.118750 0.958984 0.071875 0.986328
0 0.337500 0.943359 0.331250 0.943359 0.320312 0.921875 0.328125 0.908203 0.362500 0.904297 0.370312 0.914062 0.353125 0.935547 0.337500 0.943359
0 0.492188 0.996094 0.489063 0.972656 0.515625 0.951172 0.540625 0.951172 0.551562 0.960938 0.546875 0.974609 0.521875 0.990234 0.498437 0.996094
0 0.996875 0.673828 0.987500 0.677734 0.979688 0.667969 0.979688 0.656250 0.987500 0.646484 0.996875 0.646484
0 0.803125 0.955078 0.765625 0.951172 0.760938 0.937500 0.787500 0.912109 0.809375 0.912109 0.817187 0.921875 0.817187 0.937500 0.803125 0.955078
