0 0.695312 0.474609 0.681641 0.472656 0.687500 0.455078 0.701172 0.457031 0.695312 0.474609
0 0.675781 0.994141 0.644531 0.994141 0.634766 0.976562 0.638672 0.949219 0.664062 0.927734 0.679688 0.931641 0.697266 0.957031 0.689453 0.980469 0.675781 0.994141
0 0.667969 0.591797 0.648438 0.591797 0.626953 0.570312 0.626953 0.546875 0.640625 0.533203 0.656250 0.533203 0.673828 0.554688 0.667969 0.591797
0 0.000000 0.845703 0.009766 0.820312 0.027344 0.806641 0.039062 0.806641 0.058594 0.814453 0.072266 0.828125 0.080078 0.847656 0.080078 0.871094 0.062500 0.904297 0.027344 0.904297 0.017578 0.894531 0.017578 0.878906 0.000000 0.865234
0 0.968750 0.123047 0.953125 0.123047 0.939453 0.109375 0.943359 0.082031 0.957031 0.060547 0.972656 0.060547 0.986328 0.078125 0.986328 0.105469 0.968750 0.123047
0 0.355469 0.486328 0.343750 0.486328 0.333984 0.476562 0.333984 0.445312 0.355469 0.419922 0.367188 0.419922 0.376953 0.429688 0.376953 0.464844 0.355469 0.486328
0 0.542969 0.384766 0.527344 0.384766 0.517578 0.375000 0.517578 0.359375 0.539062 0.333984 0.546875 0.345703 0.564453 0.347656 0.556641 0.371094 0.542969 0.384766
0 0.425781 0.357422 0.390625 0.353516 0.373047 0.328125 0.373047 0.304688 0.421875 0.271484 0.445312 0.271484 0.466797 0.289062 0.470703 0.312500 0.462891 0.332031 0.445312 0.349609 0.425781 0.357422
0 0.687500 0.166016 0.660156 0.154297 0.646484 0.136719 0.650391 0.105469 0.671875 0.083984 0.699219 0.087891 0.720703 0.113281 0.720703 0.144531 0.703125 0.162109 0.687500 0.166016
0 0.921875 0.408203 0.906250 0.408203 0.896484 0.398438 0.888672 0.378906 0.888672 0.343750 0.894531 0.333984 0.933594 0.326172 0.955078 0.355469 0.955078 0.375000 0.921875 0.408203
0 0.261719 0.416016 0.234375 0.412109 0.201172 0.386719 0.197266 0.363281 0.214844 0.337891 0.250000 0.337891 0.275391 0.363281 0.279297 0.398438 0.261719 0.416016
0 0.478516 0.000000 0.494141 0.035156 0.490234 0.058594 0.476562 0.072266 0.441406 0.072266 0.412109 0.050781 0.412109 0.019531 0.419922 0.000000
0 0.207031 0.677734 0.199219 0.677734 0.185547 0.664062 0.189453 0.640625 0.203125 0.626953 0.222656 0.619141 0.250000 0.623047 0.259766 0.632812 0.259766 0.644531 0.248047 0.660156 0.234375 0.673828 0.207031 0.677734
0 0.617188 0.798828 0.593750 0.791016 0.572266 0.761719 0.589844 0.736328 0.621094 0.740234 0.638672 0.761719 0.634766 0.789062 0.617188 0.798828
0 0.519531 0.947266 0.500000 0.947266 0.482422 0.933594 0.486328 0.894531 0.500000 0.880859 0.515625 0.880859 0.537109 0.898438 0.533203 0.937500 0.519531 0.947266
0 0.898438 0.076172 0.855469 0.072266 0.845703 0.062500 0.845703 0.027344 0.859375 0.009766 0.875000 0.001953 0.894531 0.001953 0.916016 0.023438 0.916016 0.054688 0.898438 0.076172
0 0.472656 0.212891 0.410156 0.208984 0.392578 0.191406 0.392578 0.171875 0.410156 0.150391 0.425781 0.142578 0.468750 0.146484 0.490234 0.171875 0.490234 0.191406 0.472656 0.212891
0 0.683594 0.447266 0.664062 0.447266 0.646484 0.437500 0.642578 0.394531 0.667969 0.369141 0.695312 0.365234 0.712891 0.390625 0.712891 0.425781 0.683594 0.447266
0 0.996094 0.751953 0.976562 0.751953 0.958984 0.734375 0.962891 0.707031 0.972656 0.697266 0.996094 0.697266
0 0.597656 0.626953 0.570312 0.626953 0.546875 0.615234 0.541016 0.597656 0.558594 0.583984 0.582031 0.583984 0.607422 0.613281 0.597656 0.626953
0 0.570312 0.345703 0.546875 0.345703 0.541016 0.339844 0.533203 0.300781 0.558594 0.271484 0.601562 0.271484 0.611328 0.285156 0.611328 0.304688 0.570312 0.345703
0 0.996094 0.931641 0.980469 0.927734 0.962891 0.910156 0.947266 0.859375 0.964844 0.826172 0.980469 0.818359 0.996094 0.822266
0 0.523438 0.841797 0.488281 0.841797 0.478516 0.832031 0.474609 0.816406 0.492188 0.798828 0.523438 0.798828 0.537109 0.812500 0.537109 0.832031 0.523438 0.841797
0 0.773438 0.474609 0.746094 0.474609 0.724609 0.445312 0.724609 0.402344 0.742188 0.380859 0.753906 0.376953 0.777344 0.384766 0.794922 0.402344 0.794922 0.453125 0.773438 0.474609
0 0.242188 0.802734 0.218750 0.802734 0.197266 0.781250 0.197266 0.765625 0.210938 0.751953 0.230469 0.744141 0.246094 0.748047 0.263672 0.773438 0.259766 0.792969 0.242188 0.802734
0 0.322266 0.000000 0.330078 0.011719 0.330078 0.035156 0.322266 0.050781 0.300781 0.064453 0.273438 0.064453 0.253906 0.052734 0.228516 0.023438 0.224609 0.000000
0 0.468750 0.521484 0.453125 0.521484 0.439453 0.507812 0.439453 0.484375 0.460938 0.455078 0.472656 0.447266 0.488281 0.447266 0.517578 0.468750 0.517578 0.488281 0.500000 0.509766 0.468750 0.521484
0 0.371094 0.607422 0.351562 0.603516 0.337891 0.589844 0.337891 0.550781 0.343750 0.544922 0.355469 0.544922 0.380859 0.578125 0.380859 0.601562 0.371094 0.607422
0 0.373047 0.996094 0.390625 0.966797 0.417969 0.955078 0.441406 0.962891 0.451172 0.972656 0.458984 0.996094
