0 0.997222 0.140278 0.980556 0.140278 0.927778 0.179167 0.902778 0.190278 0.866667 0.187500 0.852778 0.179167 0.845833 0.169444 0.837500 0.147222 0.837500 0.125000 0.851389 0.077778 0.876389 0.044444 0.876389 0.038889 0.908333 0.004167 0.918056 0.000000
0 0.997222 0.409722 0.983333 0.404167 0.968056 0.386111 0.968056 0.358333 0.979167 0.338889 0.987500 0.333333 0.987500 0.327778 0.997222 0.326389
0 0.855556 0.665278 0.825000 0.665278 0.811111 0.659722 0.781944 0.636111 0.773611 0.611111 0.776389 0.563889 0.784722 0.547222 0.793056 0.541667 0.795833 0.500000 0.812500 0.483333 0.813889 0.473611 0.827778 0.465278 0.850000 0.459722 0.891667 0.470833 0.912500 0.494444 0.918056 0.513889 0.915278 0.550000 0.909722 0.566667 0.890278 0.594444 0.887500 0.611111 0.876389 0.633333 0.873611 0.658333 0.855556 0.665278
0 0.997222 0.762500 0.977778 0.768056 0.952778 0.765278 0.926389 0.744444 0.920833 0.727778 0.920833 0.700000 0.940278 0.666667 0.972222 0.645833 0.997222 0.643056
0 0.291667 0.404167 0.255556 0.401389 0.237500 0.391667 0.226389 0.369444 0.226389 0.347222 0.234722 0.322222 0.250000 0.304167 0.277778 0.287500 0.322222 0.273611 0.347222 0.276389 0.362500 0.288889 0.379167 0.322222 0.373611 0.358333 0.361111 0.373611 0.338889 0.390278 0.313889 0.401389 0.291667 0.404167
0 0.713889 0.168056 0.675000 0.168056 0.662500 0.158333 0.654167 0.136111 0.654167 0.108333 0.659722 0.091667 0.672222 0.076389 0.738889 0.051389 0.766667 0.051389 0.777778 0.056944 0.793056 0.077778 0.793056 0.097222 0.787500 0.111111 0.775000 0.126389 0.736111 0.156944 0.713889 0.168056
0 0.544444 0.359722 0.516667 0.359722 0.497222 0.351389 0.470833 0.330556 0.429167 0.252778 0.429167 0.227778 0.444444 0.212500 0.466667 0.209722 0.488889 0.218056 0.525000 0.243056 0.556944 0.272222 0.573611 0.302778 0.576389 0.341667 0.566667 0.354167 0.544444 0.359722
0 0.477778 0.809722 0.452778 0.801389 0.440278 0.783333 0.437500 0.769444 0.440278 0.750000 0.477778 0.706944 0.505556 0.690278 0.569444 0.676389 0.591667 0.681944 0.612500 0.697222 0.618056 0.716667 0.609722 0.750000 0.600000 0.762500 0.541667 0.795833 0.511111 0.801389 0.505556 0.806944 0.477778 0.809722
0 0.633333 0.584722 0.620833 0.580556 0.625000 0.568056 0.631944 0.569444 0.633333 0.584722
0 0.244444 0.426389 0.225000 0.426389 0.215278 0.419444 0.215278 0.405556 0.223611 0.400000 0.225000 0.393056 0.238889 0.393056 0.244444 0.401389 0.251389 0.402778 0.251389 0.413889 0.244444 0.426389
0 0.680556 0.587500 0.662500 0.583333 0.666667 0.568056 0.683333 0.568056 0.687500 0.572222 0.687500 0.583333 0.680556 0.587500
0 0.136111 0.965278 0.111111 0.962500 0.102778 0.954167 0.097222 0.954167 0.090278 0.944444 0.079167 0.902778 0.095833 0.875000 0.101389 0.855556 0.091667 0.856944 0.065278 0.841667 0.056944 0.811111 0.045833 0.794444 0.045833 0.780556 0.037500 0.766667 0.034722 0.750000 0.045833 0.725000 0.061111 0.709722 0.080556 0.698611 0.108333 0.701389 0.129167 0.722222 0.137500 0.738889 0.140278 0.758333 0.131944 0.783333 0.131944 0.836111 0.158333 0.831944 0.166667 0.826389 0.205556 0.829167 0.226389 0.847222 0.237500 0.869444 0.231944 0.902778 0.200000 0.937500 0.175000 0.954167 0.163889 0.954167 0.136111 0.965278
0 0.200000 0.604167 0.187500 0.597222 0.188889 0.590278 0.206944 0.594444 0.206944 0.600000 0.200000 0.604167
0 0.652778 0.598611 0.640278 0.594444 0.641667 0.584722 0.651389 0.586111 0.652778 0.598611
0 0.581944 0.000000 0.576389 0.033333 0.555556 0.054167 0.544444 0.056944 0.525000 0.054167 0.508333 0.043056 0.484722 0.019444 0.473611 0.000000
0 0.000000 0.762500 0.008333 0.754167 0.019444 0.754167 0.026389 0.761111 0.026389 0.772222 0.016667 0.784722 0.008333 0.784722 0.000000 0.776389
0 0.000000 0.220833 0.008333 0.218056 0.015278 0.222222 0.013889 0.229167 0.000000 0.229167
0 0.908333 0.673611 0.888889 0.673611 0.876389 0.661111 0.876389 0.633333 0.902778 0.576389 0.909722 0.577778 0.926389 0.616667 0.926389 0.658333 0.908333 0.673611
0 0.525000 0.979167 0.501389 0.961111 0.498611 0.938889 0.512500 0.908333 0.527778 0.890278 0.550000 0.879167 0.563889 0.865278 0.583333 0.859722 0.608333 0.840278 0.627778 0.831944 0.666667 0.831944 0.690278 0.850000 0.690278 0.875000 0.681944 0.886111 0.673611 0.911111 0.630556 0.951389 0.625000 0.948611 0.608333 0.962500 0.594444 0.965278 0.577778 0.976389 0.525000 0.979167
0 0.813889 0.979167 0.800000 0.979167 0.783333 0.970833 0.759722 0.927778 0.759722 0.894444 0.770833 0.872222 0.768056 0.833333 0.783333 0.815278 0.802778 0.804167 0.825000 0.806944 0.843056 0.825000 0.851389 0.850000 0.879167 0.891667 0.879167 0.922222 0.868056 0.950000 0.841667 0.976389 0.813889 0.979167
0 0.652778 0.579167 0.636111 0.576389 0.634722 0.569444 0.650000 0.565278 0.652778 0.579167
0 0.227778 0.293056 0.197222 0.276389 0.187500 0.261111 0.187500 0.225000 0.193056 0.197222 0.201389 0.183333 0.198611 0.180556 0.227778 0.156944 0.255556 0.143056 0.297222 0.145833 0.336111 0.170833 0.345833 0.194444 0.340278 0.219444 0.323611 0.244444 0.305556 0.262500 0.275000 0.279167 0.247222 0.290278 0.227778 0.293056
0 0.644444 0.559722 0.623611 0.555556 0.623611 0.536111 0.630556 0.529167 0.647222 0.529167 0.651389 0.533333 0.651389 0.547222 0.644444 0.559722
0 0.272222 0.604167 0.250000 0.604167 0.241667 0.598611 0.230556 0.598611 0.209722 0.586111 0.206944 0.544444 0.212500 0.530556 0.225000 0.518056 0.241667 0.515278 0.258333 0.493056 0.272222 0.487500 0.294444 0.487500 0.336111 0.506944 0.338889 0.504167 0.354167 0.525000 0.351389 0.558333 0.340278 0.577778 0.311111 0.595833 0.272222 0.604167
0 0.000000 0.359722 0.061111 0.359722 0.083333 0.373611 0.098611 0.394444 0.095833 0.433333 0.083333 0.448611 0.066667 0.456944 0.038889 0.456944 0.016667 0.445833 0.000000 0.443056
0 0.000000 0.845833 0.015278 0.855556 0.031944 0.883333 0.034722 0.936111 0.023611 0.963889 0.005556 0.981944 0.000000 0.981944
0 0.666667 0.565278 0.655556 0.565278 0.651389 0.561111 0.658333 0.540278 0.670833 0.541667 0.670833 0.558333 0.666667 0.565278
0 0.000000 0.231944 0.027778 0.223611 0.066667 0.223611 0.086111 0.229167 0.094444 0.237500 0.119444 0.243056 0.137500 0.255556 0.137500 0.280556 0.131944 0.291667 0.111111 0.309722 0.044444 0.323611 0.000000 0.323611
0 0.000000 0.048611 0.030556 0.051389 0.072222 0.068056 0.093056 0.091667 0.098611 0.105556 0.098611 0.130556 0.093056 0.147222 0.063889 0.184722 0.061111 0.181944 0.025000 0.193056 0.000000 0.193056
0 0.752778 0.576389 0.722222 0.570833 0.709722 0.555556 0.701389 0.530556 0.683333 0.515278 0.644444 0.504167 0.622222 0.506944 0.612500 0.497222 0.606944 0.461111 0.612500 0.438889 0.622222 0.429167 0.638889 0.420833 0.683333 0.415278 0.702778 0.406944 0.719444 0.406944 0.727778 0.412500 0.738889 0.412500 0.762500 0.430556 0.779167 0.461111 0.784722 0.494444 0.784722 0.533333 0.770833 0.558333 0.761111 0.562500 0.752778 0.576389
0 0.748611 0.000000 0.761111 0.001389 0.768056 0.011111 0.765278 0.027778 0.752778 0.043056 0.736111 0.054167 0.713889 0.059722 0.686111 0.059722 0.683333 0.054167 0.666667 0.048611 0.654167 0.036111 0.651389 0.011111 0.659722 0.000000
0 0.116667 0.673611 0.072222 0.673611 0.062500 0.663889 0.037500 0.625000 0.040278 0.583333 0.062500 0.544444 0.083333 0.531944 0.097222 0.529167 0.119444 0.534722 0.127778 0.523611 0.136111 0.520833 0.161111 0.523611 0.181944 0.544444 0.179167 0.611111 0.159722 0.641667 0.116667 0.673611
0 0.291667 0.818056 0.219444 0.815278 0.180556 0.790278 0.162500 0.769444 0.151389 0.741667 0.151389 0.713889 0.159722 0.700000 0.186111 0.681944 0.258333 0.679167 0.305556 0.701389 0.329167 0.725000 0.337500 0.741667 0.340278 0.769444 0.329167 0.794444 0.319444 0.804167 0.291667 0.818056
