0 0.562500 0.470703 0.552734 0.464844 0.548828 0.437500 0.558594 0.427734 0.578125 0.427734 0.583984 0.437500 0.562500 0.470703
0 0.531250 0.291016 0.517578 0.281250 0.517578 0.265625 0.527344 0.255859 0.539062 0.255859 0.544922 0.273438 0.531250 0.291016
0 0.273438 0.173828 0.261719 0.173828 0.251953 0.164062 0.257812 0.146484 0.269531 0.142578 0.275391 0.148438 0.279297 0.167969 0.273438 0.173828
0 0.558594 0.634766 0.542969 0.634766 0.533203 0.621094 0.533203 0.609375 0.546875 0.599609 0.558594 0.599609 0.572266 0.609375 0.568359 0.625000 0.558594 0.634766
0 0.820312 0.291016 0.808594 0.291016 0.794922 0.277344 0.794922 0.261719 0.808594 0.244141 0.832031 0.244141 0.837891 0.250000 0.833984 0.281250 0.820312 0.291016
0 0.441406 0.751953 0.416016 0.734375 0.416016 0.718750 0.421875 0.712891 0.441406 0.716797 0.455078 0.734375 0.441406 0.751953
0 0.289062 0.146484 0.273438 0.146484 0.267578 0.132812 0.251953 0.121094 0.273438 0.099609 0.281250 0.099609 0.302734 0.121094 0.302734 0.136719 0.292969 0.138672 0.289062 0.146484
0 0.277344 0.310547 0.269531 0.310547 0.255859 0.292969 0.255859 0.281250 0.265625 0.271484 0.281250 0.271484 0.291016 0.281250 0.291016 0.296875 0.277344 0.310547
0 0.253906 0.533203 0.224609 0.523438 0.226562 0.501953 0.246094 0.498047 0.255859 0.503906 0.259766 0.527344 0.253906 0.533203
0 0.488281 0.333984 0.462891 0.324219 0.462891 0.308594 0.472656 0.298828 0.484375 0.298828 0.494141 0.308594 0.494141 0.328125 0.488281 0.333984
0 0.369141 0.000000 0.343750 0.029297 0.324219 0.033203 0.318359 0.015625 0.330078 0.000000
0 0.230469 0.044922 0.203125 0.044922 0.197266 0.039062 0.197266 0.019531 0.226562 0.009766 0.240234 0.023438 0.240234 0.035156 0.230469 0.044922
0 0.351562 0.482422 0.339844 0.482422 0.330078 0.472656 0.330078 0.457031 0.339844 0.447266 0.351562 0.447266 0.361328 0.457031 0.361328 0.468750 0.351562 0.482422
0 0.671875 0.427734 0.660156 0.427734 0.650391 0.417969 0.650391 0.402344 0.664062 0.384766 0.681641 0.394531 0.681641 0.417969 0.671875 0.427734
0 0.996094 0.607422 0.958984 0.574219 0.958984 0.558594 0.980469 0.544922 0.996094 0.560547
0 0.242188 0.591797 0.230469 0.591797 0.216797 0.578125 0.212891 0.562500 0.222656 0.552734 0.230469 0.552734 0.248047 0.574219 0.242188 0.591797
0 0.062500 0.142578 0.050781 0.142578 0.041016 0.132812 0.041016 0.117188 0.054688 0.103516 0.072266 0.109375 0.072266 0.128906 0.062500 0.142578
0 0.234375 0.443359 0.214844 0.443359 0.205078 0.433594 0.205078 0.425781 0.222656 0.408203 0.230469 0.408203 0.244141 0.421875 0.244141 0.433594 0.234375 0.443359
0 0.433594 0.576172 0.410156 0.572266 0.400391 0.550781 0.425781 0.541016 0.445312 0.544922 0.451172 0.554688 0.433594 0.576172
0 0.667969 0.548828 0.648438 0.548828 0.642578 0.542969 0.642578 0.527344 0.652344 0.517578 0.660156 0.517578 0.673828 0.531250 0.667969 0.548828
0 0.332031 0.603516 0.316406 0.603516 0.306641 0.589844 0.310547 0.566406 0.320312 0.556641 0.328125 0.556641 0.337891 0.570312 0.337891 0.597656 0.332031 0.603516
0 0.847656 0.556641 0.830078 0.542969 0.832031 0.513672 0.857422 0.527344 0.857422 0.546875 0.847656 0.556641
0 0.750000 0.880859 0.738281 0.880859 0.720703 0.859375 0.720703 0.832031 0.726562 0.826172 0.738281 0.826172 0.755859 0.843750 0.755859 0.875000 0.750000 0.880859
0 0.421875 0.416016 0.414062 0.416016 0.400391 0.398438 0.400391 0.390625 0.414062 0.376953 0.431641 0.390625 0.431641 0.406250 0.421875 0.416016
0 0.734375 0.591797 0.722656 0.591797 0.712891 0.582031 0.712891 0.562500 0.730469 0.552734 0.744141 0.558594 0.744141 0.582031 0.734375 0.591797
0 0.644531 0.298828 0.628906 0.294922 0.619141 0.285156 0.619141 0.265625 0.628906 0.255859 0.636719 0.255859 0.650391 0.273438 0.650391 0.292969 0.644531 0.298828
0 0.976562 0.423828 0.953125 0.423828 0.947266 0.417969 0.943359 0.394531 0.953125 0.380859 0.972656 0.380859 0.982422 0.390625 0.986328 0.414062 0.976562 0.423828
0 0.464844 0.560547 0.457031 0.560547 0.443359 0.539062 0.443359 0.523438 0.453125 0.509766 0.466797 0.515625 0.474609 0.535156 0.474609 0.550781 0.464844 0.560547
0 0.796875 0.623047 0.785156 0.619141 0.763672 0.593750 0.763672 0.585938 0.785156 0.568359 0.806641 0.585938 0.810547 0.609375 0.796875 0.623047
0 0.996094 0.806641 0.980469 0.806641 0.974609 0.800781 0.978516 0.789062 0.996094 0.775391
0 0.738281 0.107422 0.718750 0.107422 0.705078 0.097656 0.712891 0.078125 0.730469 0.064453 0.746094 0.072266 0.751953 0.085938 0.738281 0.107422
0 0.675781 0.630859 0.644531 0.626953 0.638672 0.609375 0.648438 0.599609 0.683594 0.603516 0.693359 0.617188 0.675781 0.630859
0 0.996094 0.560547 0.974609 0.542969 0.978516 0.523438 0.996094 0.517578
0 0.406250 0.603516 0.390625 0.599609 0.369141 0.578125 0.375000 0.564453 0.390625 0.560547 0.412109 0.582031 0.412109 0.597656 0.406250 0.603516
0 0.851562 0.470703 0.839844 0.470703 0.822266 0.453125 0.822266 0.437500 0.828125 0.431641 0.843750 0.431641 0.849609 0.437500 0.857422 0.453125 0.851562 0.470703
