0 0.212500 0.458984 0.159375 0.455078 0.140625 0.439453 0.078125 0.416016 0.073438 0.406250 0.078125 0.400391 0.100000 0.396484 0.112500 0.384766 0.131250 0.380859 0.225000 0.392578 0.250000 0.404297 0.257812 0.425781 0.237500 0.451172 0.212500 0.458984
0 0.360938 0.996094 0.381250 0.974609 0.390625 0.974609 0.403125 0.962891 0.496875 0.943359 0.501563 0.953125 0.489063 0.980469 0.473438 0.996094
0 0.996875 0.126953 0.992188 0.140625 0.981250 0.150391 0.959375 0.146484 0.946875 0.154297 0.939063 0.144531 0.945312 0.082031 0.954688 0.062500 0.954688 0.050781 0.971875 0.021484 0.996875 0.005859
0 0.996875 0.455078 0.981250 0.451172 0.960938 0.417969 0.960938 0.390625 0.978125 0.373047 0.996875 0.365234
0 0.632812 0.996094 0.684375 0.947266 0.737500 0.869141 0.743750 0.869141 0.753125 0.857422 0.765625 0.857422 0.773438 0.867188 0.770312 0.902344 0.735938 0.953125 0.732812 0.976562 0.723437 0.996094
0 0.996875 0.291016 0.962500 0.314453 0.954688 0.304688 0.954688 0.289062 0.948438 0.281250 0.960938 0.234375 0.975000 0.216797 0.996875 0.208984
0 0.865625 0.369141 0.831250 0.365234 0.826562 0.359375 0.826562 0.308594 0.846875 0.283203 0.900000 0.283203 0.904687 0.292969 0.892188 0.312500 0.889062 0.343750 0.865625 0.369141
0 0.442188 0.000000 0.459375 0.017578 0.465625 0.017578 0.489063 0.050781 0.492188 0.078125 0.487500 0.083984 0.462500 0.080078 0.443750 0.068359 0.429688 0.050781 0.426563 0.035156 0.404687 0.007812 0.404687 0.000000
0 0.773438 0.996094 0.776563 0.968750 0.823438 0.898438 0.846875 0.876953 0.859375 0.873047 0.909375 0.833984 0.940625 0.833984 0.964063 0.843750 0.957812 0.863281 0.934375 0.884766 0.915625 0.888672 0.903125 0.900391 0.890625 0.900391 0.837500 0.947266 0.831250 0.947266 0.804688 0.996094
0 0.215625 0.369141 0.106250 0.357422 0.040625 0.361328 0.023438 0.343750 0.023438 0.320312 0.037500 0.302734 0.078125 0.283203 0.112500 0.294922 0.184375 0.298828 0.193750 0.306641 0.221875 0.310547 0.257812 0.355469 0.253125 0.365234 0.215625 0.369141
0 0.153125 0.849609 0.118750 0.849609 0.114062 0.843750 0.117188 0.808594 0.150000 0.779297 0.225000 0.791016 0.242188 0.808594 0.231250 0.826172 0.153125 0.849609
0 0.353125 0.349609 0.293750 0.333984 0.281250 0.322266 0.271875 0.322266 0.259375 0.306641 0.212500 0.287109 0.204687 0.277344 0.207813 0.253906 0.221875 0.236328 0.231250 0.236328 0.246875 0.224609 0.325000 0.220703 0.359375 0.248047 0.396875 0.263672 0.448437 0.320312 0.443750 0.330078 0.400000 0.333984 0.353125 0.349609
0 0.881250 0.509766 0.843750 0.509766 0.831250 0.501953 0.796875 0.474609 0.782813 0.445312 0.815625 0.404297 0.825000 0.400391 0.865625 0.400391 0.884375 0.412109 0.898438 0.425781 0.904687 0.441406 0.901563 0.476562 0.907813 0.496094 0.900000 0.505859 0.881250 0.509766
0 0.548438 0.000000 0.590625 0.029297 0.598437 0.046875 0.593750 0.052734 0.537500 0.048828 0.490625 0.013672 0.485938 0.007812 0.489063 0.000000
0 0.787500 0.904297 0.779687 0.898438 0.779687 0.855469 0.784375 0.849609 0.825000 0.818359 0.834375 0.818359 0.871875 0.794922 0.889062 0.812500 0.885938 0.828125 0.878125 0.837891 0.865625 0.841797 0.840625 0.873047 0.818750 0.880859 0.787500 0.904297
0 0.537500 0.912109 0.526563 0.906250 0.523438 0.882812 0.526563 0.863281 0.539062 0.839844 0.593750 0.763672 0.615625 0.751953 0.631250 0.751953 0.642188 0.765625 0.642188 0.800781 0.578125 0.888672 0.553125 0.908203 0.537500 0.912109
0 0.246875 0.220703 0.178125 0.220703 0.160938 0.203125 0.154688 0.175781 0.171875 0.154297 0.193750 0.146484 0.268750 0.146484 0.303125 0.158203 0.326562 0.175781 0.326562 0.195312 0.315625 0.205078 0.246875 0.220703
0 0.446875 0.166016 0.425000 0.162109 0.418750 0.154297 0.375000 0.138672 0.346875 0.111328 0.340625 0.111328 0.320312 0.082031 0.320312 0.062500 0.334375 0.048828 0.371875 0.052734 0.381250 0.060547 0.415625 0.064453 0.450000 0.083984 0.473438 0.121094 0.473438 0.140625 0.456250 0.162109 0.446875 0.166016
0 0.340625 0.951172 0.296875 0.951172 0.289062 0.941406 0.292187 0.894531 0.321875 0.869141 0.362500 0.822266 0.390625 0.818359 0.415625 0.833984 0.429688 0.855469 0.426563 0.875000 0.393750 0.916016 0.340625 0.951172
0 0.218750 0.529297 0.162500 0.513672 0.154688 0.507812 0.154688 0.500000 0.206250 0.501953 0.220312 0.519531 0.218750 0.529297
0 0.804688 0.996094 0.828125 0.958984 0.834375 0.958984 0.859375 0.931641 0.875000 0.931641 0.879687 0.949219 0.864062 0.972656 0.860938 0.996094
0 0.403125 0.955078 0.389062 0.949219 0.396875 0.927734 0.418750 0.912109 0.431250 0.892578 0.481250 0.861328 0.517188 0.914062 0.512500 0.927734 0.503125 0.931641 0.481250 0.939453 0.440625 0.939453 0.403125 0.955078
0 0.653125 0.947266 0.637500 0.947266 0.632812 0.941406 0.632812 0.921875 0.660937 0.851562 0.673438 0.804688 0.687500 0.787109 0.715625 0.783203 0.746875 0.751953 0.753125 0.751953 0.757812 0.765625 0.751563 0.777344 0.751563 0.796875 0.739062 0.828125 0.739062 0.839844 0.726562 0.863281 0.653125 0.947266
0 0.000000 0.447266 0.015625 0.431641 0.050000 0.431641 0.075000 0.439453 0.118750 0.470703 0.135937 0.492188 0.135937 0.507812 0.115625 0.529297 0.106250 0.537109 0.084375 0.537109 0.078125 0.544922 0.040625 0.548828 0.034375 0.541016 0.021875 0.541016 0.000000 0.521484
0 0.100000 0.720703 0.090625 0.720703 0.082812 0.710938 0.089063 0.687500 0.126562 0.617188 0.140625 0.599609 0.150000 0.599609 0.164062 0.621094 0.160938 0.656250 0.154688 0.671875 0.125000 0.708984 0.100000 0.720703
0 0.381250 0.044922 0.356250 0.041016 0.351562 0.031250 0.356250 0.025391 0.375000 0.025391 0.385937 0.035156 0.381250 0.044922
0 0.296875 0.767578 0.282813 0.750000 0.273438 0.718750 0.303125 0.705078 0.312500 0.693359 0.365625 0.673828 0.370312 0.683594 0.296875 0.767578
0 0.268750 0.783203 0.168750 0.783203 0.137500 0.779297 0.132812 0.769531 0.156250 0.740234 0.168750 0.736328 0.187500 0.716797 0.228125 0.708984 0.270313 0.746094 0.273438 0.777344 0.268750 0.783203
0 0.214062 0.996094 0.207813 0.921875 0.223438 0.875000 0.250000 0.845703 0.268750 0.837891 0.281250 0.822266 0.296875 0.818359 0.301563 0.824219 0.301563 0.863281 0.289062 0.906250 0.289062 0.941406 0.279687 0.996094
0 0.134375 0.923828 0.096875 0.923828 0.081250 0.916016 0.070312 0.898438 0.109375 0.880859 0.137500 0.857422 0.150000 0.853516 0.187500 0.849609 0.204687 0.863281 0.204687 0.878906 0.193750 0.892578 0.175000 0.900391 0.159375 0.916016 0.134375 0.923828
0 0.765625 0.533203 0.737500 0.529297 0.712500 0.498047 0.693750 0.494141 0.685937 0.480469 0.706250 0.462891 0.750000 0.451172 0.762500 0.455078 0.789062 0.484375 0.789062 0.503906 0.765625 0.533203
0 0.496875 0.201172 0.475000 0.201172 0.462500 0.193359 0.454688 0.175781 0.454688 0.167969 0.484375 0.138672 0.492188 0.140625 0.501563 0.164062 0.501563 0.195312 0.496875 0.201172
0 0.806250 0.583984 0.784375 0.580078 0.768750 0.568359 0.770312 0.554688 0.790625 0.541016 0.815625 0.537109 0.820312 0.542969 0.820312 0.574219 0.806250 0.583984
