0 0.388672 0.000000 0.408203 0.015625 0.408203 0.027344 0.382812 0.044922 0.359375 0.041016 0.341797 0.023438 0.341797 0.011719 0.353516 0.000000
0 0.753906 0.291016 0.738281 0.291016 0.732422 0.285156 0.720703 0.261719 0.720703 0.246094 0.726562 0.240234 0.750000 0.244141 0.759766 0.253906 0.759766 0.285156 0.753906 0.291016
0 0.125000 0.978516 0.109375 0.978516 0.099609 0.968750 0.099609 0.949219 0.105469 0.943359 0.130859 0.953125 0.130859 0.972656 0.125000 0.978516
0 0.871094 0.673828 0.855469 0.673828 0.837891 0.660156 0.837891 0.636719 0.863281 0.619141 0.878906 0.619141 0.888672 0.628906 0.884766 0.660156 0.871094 0.673828
0 0.000000 0.876953 0.015625 0.876953 0.021484 0.882812 0.021484 0.902344 0.000000 0.916016
0 0.105469 0.939453 0.087891 0.933594 0.087891 0.917969 0.097656 0.908203 0.117188 0.908203 0.126953 0.917969 0.126953 0.929688 0.105469 0.939453
0 0.425781 0.185547 0.406250 0.185547 0.384766 0.160156 0.380859 0.148438 0.394531 0.126953 0.406250 0.126953 0.435547 0.152344 0.435547 0.171875 0.425781 0.185547
0 0.878906 0.259766 0.843750 0.255859 0.837891 0.250000 0.841797 0.230469 0.847656 0.224609 0.890625 0.224609 0.896484 0.230469 0.896484 0.246094 0.878906 0.259766
0 0.660156 0.302734 0.644531 0.302734 0.634766 0.285156 0.634766 0.277344 0.648438 0.263672 0.667969 0.263672 0.673828 0.269531 0.673828 0.289062 0.660156 0.302734
0 0.117188 0.896484 0.101562 0.896484 0.087891 0.886719 0.087891 0.875000 0.105469 0.857422 0.126953 0.867188 0.126953 0.882812 0.117188 0.896484
0 0.617188 0.310547 0.597656 0.310547 0.583984 0.296875 0.583984 0.289062 0.589844 0.283203 0.621094 0.287109 0.626953 0.300781 0.617188 0.310547
0 0.531250 0.240234 0.511719 0.240234 0.505859 0.234375 0.505859 0.210938 0.523438 0.197266 0.542969 0.197266 0.548828 0.203125 0.548828 0.222656 0.531250 0.240234
0 0.875000 0.556641 0.855469 0.556641 0.833984 0.539062 0.833984 0.507812 0.839844 0.501953 0.867188 0.509766 0.880859 0.523438 0.884766 0.546875 0.875000 0.556641
0 0.109375 0.845703 0.085938 0.845703 0.072266 0.832031 0.072266 0.812500 0.078125 0.806641 0.115234 0.824219 0.115234 0.839844 0.109375 0.845703
0 0.250000 0.955078 0.236328 0.945312 0.242188 0.927734 0.259766 0.937500 0.250000 0.955078
0 0.097656 0.990234 0.074219 0.990234 0.068359 0.984375 0.068359 0.964844 0.078125 0.951172 0.099609 0.953125 0.099609 0.968750 0.107422 0.976562 0.097656 0.990234
0 0.550781 0.283203 0.531250 0.283203 0.525391 0.277344 0.525391 0.253906 0.531250 0.248047 0.550781 0.248047 0.560547 0.257812 0.550781 0.283203
0 0.074219 0.873047 0.050781 0.873047 0.044922 0.867188 0.037109 0.855469 0.037109 0.835938 0.042969 0.830078 0.066406 0.830078 0.080078 0.843750 0.083984 0.863281 0.074219 0.873047
0 0.218750 0.939453 0.207031 0.939453 0.195312 0.927734 0.175781 0.927734 0.169922 0.921875 0.169922 0.894531 0.175781 0.888672 0.187500 0.888672 0.203125 0.908203 0.224609 0.921875 0.218750 0.939453
