0 0.000000 0.267578 0.007812 0.267578 0.017578 0.281250 0.013672 0.316406 0.000000 0.330078
0 0.726562 0.787109 0.710938 0.787109 0.701172 0.777344 0.693359 0.757812 0.693359 0.738281 0.699219 0.732422 0.714844 0.732422 0.724609 0.742188 0.732422 0.757812 0.732422 0.781250 0.726562 0.787109
0 0.460938 0.900391 0.449219 0.900391 0.431641 0.875000 0.431641 0.863281 0.441406 0.849609 0.453125 0.849609 0.466797 0.867188 0.470703 0.890625 0.460938 0.900391
0 0.132812 0.548828 0.117188 0.548828 0.095703 0.531250 0.095703 0.511719 0.105469 0.501953 0.121094 0.501953 0.134766 0.515625 0.138672 0.542969 0.132812 0.548828
0 0.351562 0.486328 0.332031 0.486328 0.314453 0.460938 0.314453 0.441406 0.324219 0.431641 0.339844 0.435547 0.357422 0.453125 0.357422 0.480469 0.351562 0.486328
0 0.296875 0.927734 0.285156 0.927734 0.271484 0.917969 0.259766 0.882812 0.265625 0.869141 0.281250 0.873047 0.302734 0.898438 0.306641 0.917969 0.296875 0.927734
0 0.996094 0.150391 0.986328 0.140625 0.986328 0.113281 0.996094 0.103516
0 0.265625 0.115234 0.250000 0.115234 0.236328 0.097656 0.236328 0.062500 0.246094 0.052734 0.257812 0.052734 0.275391 0.078125 0.275391 0.101562 0.265625 0.115234
0 0.753906 0.880859 0.718750 0.876953 0.705078 0.863281 0.701172 0.847656 0.714844 0.833984 0.750000 0.837891 0.763672 0.855469 0.763672 0.867188 0.753906 0.880859
0 0.558594 0.806641 0.550781 0.806641 0.525391 0.773438 0.525391 0.757812 0.539062 0.740234 0.550781 0.740234 0.576172 0.757812 0.576172 0.792969 0.558594 0.806641
0 0.218750 0.427734 0.203125 0.427734 0.185547 0.402344 0.189453 0.378906 0.199219 0.369141 0.210938 0.369141 0.228516 0.390625 0.232422 0.406250 0.218750 0.427734
0 0.449219 0.357422 0.433594 0.357422 0.423828 0.343750 0.423828 0.312500 0.433594 0.294922 0.445312 0.294922 0.455078 0.304688 0.458984 0.335938 0.449219 0.357422
0 0.832031 0.181641 0.816406 0.181641 0.806641 0.171875 0.802734 0.156250 0.806641 0.140625 0.820312 0.126953 0.828125 0.126953 0.841797 0.140625 0.841797 0.171875 0.832031 0.181641
0 0.949219 0.298828 0.929688 0.298828 0.916016 0.281250 0.916016 0.261719 0.929688 0.248047 0.941406 0.248047 0.951172 0.257812 0.955078 0.292969 0.949219 0.298828
0 0.109375 0.337891 0.093750 0.337891 0.080078 0.324219 0.080078 0.277344 0.089844 0.267578 0.101562 0.267578 0.119141 0.289062 0.119141 0.328125 0.109375 0.337891
0 0.171875 0.349609 0.152344 0.349609 0.142578 0.339844 0.142578 0.304688 0.152344 0.291016 0.164062 0.291016 0.177734 0.304688 0.181641 0.335938 0.171875 0.349609
0 0.640625 0.537109 0.625000 0.537109 0.611328 0.523438 0.611328 0.496094 0.625000 0.482422 0.636719 0.482422 0.654297 0.507812 0.654297 0.519531 0.640625 0.537109
0 0.996094 0.345703 0.982422 0.335938 0.982422 0.320312 0.974609 0.308594 0.978516 0.296875 0.996094 0.287109
0 0.210938 0.837891 0.191406 0.833984 0.177734 0.816406 0.177734 0.785156 0.183594 0.779297 0.199219 0.779297 0.220703 0.804688 0.220703 0.828125 0.210938 0.837891
0 0.750000 0.587891 0.738281 0.587891 0.712891 0.558594 0.708984 0.531250 0.718750 0.521484 0.730469 0.521484 0.751953 0.546875 0.755859 0.582031 0.750000 0.587891
0 0.042969 0.169922 0.027344 0.169922 0.013672 0.152344 0.013672 0.132812 0.023438 0.111328 0.039062 0.111328 0.052734 0.128906 0.052734 0.160156 0.042969 0.169922
0 0.751953 0.000000 0.744141 0.023438 0.722656 0.044922 0.714844 0.044922 0.705078 0.035156 0.705078 0.015625 0.716797 0.000000
0 0.289062 0.845703 0.273438 0.845703 0.255859 0.824219 0.255859 0.804688 0.265625 0.794922 0.285156 0.798828 0.298828 0.816406 0.298828 0.835938 0.289062 0.845703
0 0.000000 0.544922 0.017578 0.554688 0.017578 0.582031 0.000000 0.595703
0 0.199219 0.603516 0.191406 0.603516 0.166016 0.570312 0.166016 0.546875 0.171875 0.541016 0.187500 0.541016 0.208984 0.566406 0.208984 0.593750 0.199219 0.603516
0 0.300781 0.251953 0.277344 0.251953 0.267578 0.242188 0.267578 0.210938 0.277344 0.197266 0.296875 0.197266 0.310547 0.214844 0.310547 0.238281 0.300781 0.251953
0 0.113281 0.830078 0.085938 0.826172 0.068359 0.812500 0.064453 0.789062 0.074219 0.779297 0.097656 0.779297 0.119141 0.792969 0.123047 0.820312 0.113281 0.830078
0 0.218750 0.677734 0.199219 0.673828 0.185547 0.656250 0.181641 0.625000 0.187500 0.619141 0.203125 0.619141 0.224609 0.636719 0.232422 0.664062 0.218750 0.677734
0 0.273438 0.560547 0.261719 0.556641 0.248047 0.539062 0.248047 0.511719 0.261719 0.494141 0.279297 0.503906 0.287109 0.523438 0.287109 0.542969 0.273438 0.560547
0 0.550781 0.498047 0.535156 0.498047 0.521484 0.484375 0.521484 0.457031 0.542969 0.427734 0.560547 0.437500 0.560547 0.484375 0.550781 0.498047
0 0.617188 0.744141 0.605469 0.744141 0.591797 0.726562 0.591797 0.683594 0.601562 0.673828 0.617188 0.673828 0.630859 0.695312 0.630859 0.726562 0.617188 0.744141
0 0.382812 0.572266 0.375000 0.572266 0.361328 0.558594 0.357422 0.535156 0.367188 0.517578 0.378906 0.517578 0.392578 0.531250 0.396484 0.550781 0.382812 0.572266
0 0.156250 0.787109 0.140625 0.787109 0.126953 0.773438 0.123047 0.742188 0.128906 0.736328 0.144531 0.736328 0.162109 0.753906 0.166016 0.777344 0.156250 0.787109
0 0.183594 0.900391 0.167969 0.900391 0.154297 0.890625 0.150391 0.855469 0.156250 0.849609 0.179688 0.849609 0.189453 0.859375 0.193359 0.882812 0.183594 0.900391
0 0.275391 0.996094 0.271484 0.964844 0.277344 0.958984 0.300781 0.962891 0.310547 0.972656 0.318359 0.996094
0 0.093750 0.767578 0.078125 0.767578 0.052734 0.738281 0.052734 0.718750 0.058594 0.712891 0.074219 0.712891 0.095703 0.734375 0.099609 0.761719 0.093750 0.767578
0 0.859375 0.876953 0.845703 0.867188 0.837891 0.851562 0.837891 0.824219 0.847656 0.810547 0.859375 0.810547 0.880859 0.839844 0.876953 0.867188 0.859375 0.876953
0 0.996094 0.380859 0.972656 0.373047 0.958984 0.359375 0.955078 0.324219 0.968750 0.310547 0.976562 0.310547 0.982422 0.335938 0.996094 0.345703
0 0.796875 0.974609 0.781250 0.974609 0.763672 0.957031 0.759766 0.929688 0.769531 0.916016 0.785156 0.912109 0.806641 0.933594 0.810547 0.960938 0.796875 0.974609
0 0.265625 0.869141 0.250000 0.869141 0.232422 0.851562 0.228516 0.828125 0.234375 0.822266 0.257812 0.826172 0.271484 0.843750 0.265625 0.869141
0 0.363281 0.236328 0.343750 0.236328 0.333984 0.222656 0.337891 0.191406 0.351562 0.181641 0.359375 0.181641 0.373047 0.199219 0.373047 0.226562 0.363281 0.236328
0 0.277344 0.400391 0.257812 0.396484 0.248047 0.378906 0.244141 0.335938 0.257812 0.326172 0.277344 0.330078 0.294922 0.355469 0.294922 0.386719 0.277344 0.400391
0 0.687500 0.837891 0.671875 0.833984 0.662109 0.820312 0.662109 0.800781 0.679688 0.775391 0.695312 0.775391 0.708984 0.792969 0.708984 0.816406 0.687500 0.837891
0 0.673828 0.000000 0.656250 0.021484 0.640625 0.029297 0.632812 0.029297 0.619141 0.015625 0.623047 0.000000
0 0.623047 0.000000 0.619141 0.015625 0.593750 0.033203 0.562500 0.029297 0.548828 0.011719 0.552734 0.000000
0 0.914062 0.451172 0.898438 0.451172 0.884766 0.433594 0.884766 0.410156 0.894531 0.392578 0.914062 0.392578 0.927734 0.410156 0.927734 0.429688 0.914062 0.451172
0 0.292969 0.486328 0.277344 0.482422 0.263672 0.464844 0.259766 0.425781 0.269531 0.412109 0.285156 0.412109 0.298828 0.433594 0.298828 0.480469 0.292969 0.486328
0 0.242188 0.306641 0.226562 0.306641 0.208984 0.277344 0.208984 0.253906 0.222656 0.240234 0.240234 0.246094 0.251953 0.273438 0.251953 0.292969 0.242188 0.306641
0 0.382812 0.947266 0.371094 0.947266 0.349609 0.921875 0.349609 0.906250 0.359375 0.896484 0.378906 0.900391 0.392578 0.917969 0.392578 0.933594 0.382812 0.947266
0 0.882812 0.591797 0.867188 0.591797 0.849609 0.578125 0.841797 0.546875 0.851562 0.537109 0.867188 0.537109 0.880859 0.550781 0.888672 0.566406 0.888672 0.585938 0.882812 0.591797
0 0.296875 0.755859 0.285156 0.755859 0.263672 0.726562 0.263672 0.714844 0.277344 0.705078 0.292969 0.708984 0.310547 0.734375 0.296875 0.755859
0 0.457031 0.568359 0.441406 0.568359 0.427734 0.554688 0.427734 0.523438 0.437500 0.513672 0.449219 0.513672 0.462891 0.527344 0.466797 0.554688 0.457031 0.568359
0 0.398438 0.693359 0.382812 0.689453 0.373047 0.675781 0.373047 0.644531 0.386719 0.634766 0.408203 0.656250 0.408203 0.683594 0.398438 0.693359
0 0.761719 0.419922 0.746094 0.416016 0.732422 0.402344 0.728516 0.386719 0.728516 0.351562 0.746094 0.330078 0.757812 0.330078 0.779297 0.359375 0.779297 0.406250 0.761719 0.419922
0 0.058594 0.529297 0.042969 0.529297 0.025391 0.507812 0.025391 0.476562 0.031250 0.470703 0.046875 0.470703 0.064453 0.492188 0.064453 0.523438 0.058594 0.529297
0 0.537109 0.996094 0.537109 0.972656 0.550781 0.951172 0.562500 0.951172 0.576172 0.964844 0.580078 0.996094
0 0.240234 0.000000 0.251953 0.015625 0.251953 0.035156 0.242188 0.048828 0.222656 0.048828 0.208984 0.035156 0.208984 0.015625 0.220703 0.000000
0 0.597656 0.322266 0.582031 0.322266 0.572266 0.312500 0.572266 0.285156 0.585938 0.267578 0.609375 0.263672 0.619141 0.273438 0.619141 0.296875 0.611328 0.312500 0.597656 0.322266
0 0.519531 0.630859 0.503906 0.626953 0.494141 0.609375 0.498047 0.582031 0.507812 0.572266 0.519531 0.572266 0.533203 0.585938 0.533203 0.613281 0.519531 0.630859
0 0.535156 0.833984 0.523438 0.833984 0.509766 0.816406 0.505859 0.785156 0.515625 0.775391 0.527344 0.775391 0.548828 0.804688 0.548828 0.824219 0.535156 0.833984
0 0.898438 0.298828 0.886719 0.298828 0.876953 0.285156 0.876953 0.253906 0.890625 0.236328 0.910156 0.236328 0.916016 0.242188 0.916016 0.265625 0.912109 0.285156 0.898438 0.298828
0 0.675781 0.716797 0.660156 0.716797 0.646484 0.703125 0.646484 0.667969 0.656250 0.658203 0.671875 0.658203 0.681641 0.667969 0.681641 0.710938 0.675781 0.716797
0 0.757812 0.673828 0.742188 0.669922 0.728516 0.652344 0.728516 0.625000 0.738281 0.611328 0.753906 0.611328 0.767578 0.628906 0.771484 0.652344 0.757812 0.673828
0 0.136719 0.958984 0.121094 0.955078 0.107422 0.933594 0.107422 0.914062 0.117188 0.904297 0.128906 0.904297 0.146484 0.929688 0.146484 0.949219 0.136719 0.958984
0 0.078125 0.931641 0.066406 0.931641 0.052734 0.917969 0.048828 0.886719 0.058594 0.876953 0.066406 0.876953 0.083984 0.894531 0.087891 0.921875 0.078125 0.931641
0 0.505859 0.000000 0.501953 0.015625 0.484375 0.029297 0.468750 0.029297 0.458984 0.019531 0.458984 0.000000
