0 0.269531 0.244141 0.253906 0.244141 0.244141 0.234375 0.244141 0.218750 0.257812 0.197266 0.275391 0.207031 0.275391 0.238281 0.269531 0.244141
0 0.000000 0.572266 0.013672 0.585938 0.013672 0.601562 0.000000 0.607422
0 0.539062 0.267578 0.523438 0.263672 0.509766 0.250000 0.509766 0.242188 0.527344 0.228516 0.542969 0.228516 0.552734 0.238281 0.539062 0.267578
0 0.515625 0.990234 0.501953 0.984375 0.501953 0.960938 0.511719 0.951172 0.529297 0.960938 0.529297 0.972656 0.515625 0.990234
0 0.585938 0.529297 0.562500 0.529297 0.556641 0.511719 0.574219 0.498047 0.585938 0.498047 0.595703 0.507812 0.595703 0.519531 0.585938 0.529297
0 0.613281 0.224609 0.593750 0.220703 0.587891 0.210938 0.587891 0.199219 0.597656 0.189453 0.613281 0.189453 0.626953 0.207031 0.615234 0.214844 0.613281 0.224609
0 0.367188 0.669922 0.351562 0.666016 0.345703 0.652344 0.359375 0.638672 0.382812 0.630859 0.392578 0.644531 0.367188 0.669922
0 0.113281 0.728516 0.093750 0.728516 0.083984 0.718750 0.083984 0.707031 0.097656 0.693359 0.113281 0.693359 0.119141 0.699219 0.119141 0.722656 0.113281 0.728516
0 0.685547 0.000000 0.693359 0.015625 0.687500 0.025391 0.667969 0.025391 0.658203 0.015625 0.658203 0.000000
0 0.441406 0.849609 0.425781 0.849609 0.412109 0.835938 0.412109 0.824219 0.433594 0.798828 0.453125 0.798828 0.462891 0.808594 0.462891 0.820312 0.441406 0.849609
0 0.675781 0.197266 0.660156 0.197266 0.650391 0.187500 0.650391 0.171875 0.664062 0.158203 0.673828 0.160156 0.673828 0.175781 0.681641 0.179688 0.675781 0.197266
0 0.363281 0.775391 0.347656 0.775391 0.337891 0.765625 0.330078 0.742188 0.339844 0.732422 0.355469 0.736328 0.373047 0.753906 0.373047 0.765625 0.363281 0.775391
0 0.558594 0.103516 0.546875 0.103516 0.537109 0.093750 0.537109 0.085938 0.550781 0.072266 0.566406 0.072266 0.576172 0.082031 0.576172 0.089844 0.558594 0.103516
0 0.451172 0.996094 0.451172 0.960938 0.460938 0.951172 0.476562 0.955078 0.486328 0.964844 0.482422 0.996094
0 0.761719 0.318359 0.750000 0.318359 0.740234 0.308594 0.740234 0.292969 0.746094 0.287109 0.761719 0.287109 0.767578 0.292969 0.767578 0.312500 0.761719 0.318359
0 0.410156 0.931641 0.392578 0.921875 0.392578 0.910156 0.406250 0.892578 0.425781 0.892578 0.431641 0.917969 0.410156 0.931641
0 0.121094 0.583984 0.103516 0.582031 0.095703 0.574219 0.095703 0.558594 0.113281 0.529297 0.132812 0.529297 0.138672 0.535156 0.138672 0.562500 0.121094 0.583984
0 0.539062 0.939453 0.521484 0.933594 0.521484 0.910156 0.535156 0.896484 0.552734 0.906250 0.552734 0.921875 0.539062 0.939453
0 0.000000 0.521484 0.011719 0.525391 0.021484 0.539062 0.017578 0.554688 0.000000 0.560547
0 0.914062 0.404297 0.890625 0.404297 0.882812 0.396484 0.871094 0.400391 0.861328 0.382812 0.861328 0.375000 0.894531 0.345703 0.912109 0.347656 0.908203 0.359375 0.923828 0.386719 0.914062 0.404297
0 0.703125 0.087891 0.685547 0.078125 0.691406 0.064453 0.730469 0.060547 0.740234 0.070312 0.734375 0.080078 0.703125 0.087891
0 0.886719 0.525391 0.871094 0.525391 0.845703 0.496094 0.845703 0.480469 0.867188 0.462891 0.886719 0.462891 0.910156 0.474609 0.919922 0.488281 0.916016 0.507812 0.886719 0.525391
0 0.000000 0.771484 0.015625 0.767578 0.021484 0.773438 0.017578 0.796875 0.000000 0.806641
0 0.894531 0.228516 0.875000 0.228516 0.865234 0.218750 0.865234 0.207031 0.878906 0.197266 0.894531 0.197266 0.900391 0.203125 0.900391 0.222656 0.894531 0.228516
0 0.000000 0.908203 0.015625 0.896484 0.033203 0.910156 0.033203 0.929688 0.019531 0.943359 0.007812 0.943359 0.000000 0.935547
0 0.789062 0.576172 0.765625 0.576172 0.744141 0.558594 0.744141 0.523438 0.753906 0.513672 0.773438 0.513672 0.783203 0.523438 0.794922 0.546875 0.789062 0.576172
0 0.628906 0.884766 0.617188 0.884766 0.607422 0.871094 0.621094 0.845703 0.640625 0.845703 0.646484 0.851562 0.646484 0.867188 0.628906 0.884766
0 0.640625 0.587891 0.628906 0.587891 0.615234 0.574219 0.615234 0.550781 0.632812 0.533203 0.640625 0.533203 0.654297 0.554688 0.654297 0.574219 0.640625 0.587891
0 0.265625 0.533203 0.253906 0.533203 0.244141 0.523438 0.244141 0.503906 0.257812 0.486328 0.265625 0.486328 0.279297 0.500000 0.275391 0.523438 0.265625 0.533203
0 0.218750 0.857422 0.210938 0.857422 0.197266 0.843750 0.197266 0.824219 0.210938 0.814453 0.222656 0.818359 0.232422 0.832031 0.232422 0.843750 0.218750 0.857422
0 0.519531 0.775391 0.511719 0.775391 0.494141 0.757812 0.507812 0.740234 0.525391 0.746094 0.529297 0.761719 0.519531 0.775391
0 0.257812 0.974609 0.242188 0.974609 0.232422 0.960938 0.232422 0.953125 0.250000 0.939453 0.265625 0.939453 0.275391 0.949219 0.275391 0.960938 0.257812 0.974609
0 0.312500 0.228516 0.283203 0.222656 0.283203 0.207031 0.292969 0.197266 0.308594 0.197266 0.322266 0.210938 0.312500 0.228516
0 0.771484 0.000000 0.783203 0.019531 0.781250 0.041016 0.763672 0.035156 0.748047 0.000000
0 0.445312 0.052734 0.425781 0.052734 0.416016 0.035156 0.421875 0.001953 0.433594 0.001953 0.443359 0.019531 0.451172 0.042969 0.445312 0.052734
0 0.539062 0.060547 0.509766 0.042969 0.511719 0.021484 0.548828 0.019531 0.552734 0.042969 0.539062 0.060547
0 0.376953 0.996094 0.380859 0.972656 0.402344 0.958984 0.414062 0.958984 0.423828 0.968750 0.423828 0.996094
0 0.468750 0.919922 0.453125 0.916016 0.447266 0.902344 0.476562 0.880859 0.496094 0.884766 0.498047 0.898438 0.468750 0.919922
0 0.486328 0.000000 0.490234 0.027344 0.480469 0.037109 0.462891 0.015625 0.466797 0.000000
0 0.941406 0.892578 0.925781 0.892578 0.916016 0.878906 0.916016 0.851562 0.921875 0.845703 0.937500 0.845703 0.955078 0.859375 0.955078 0.875000 0.941406 0.892578
0 0.996094 0.427734 0.976562 0.427734 0.962891 0.417969 0.962891 0.390625 0.980469 0.376953 0.996094 0.380859
0 0.648438 0.333984 0.632812 0.330078 0.599609 0.296875 0.609375 0.275391 0.656250 0.283203 0.673828 0.296875 0.673828 0.316406 0.648438 0.333984
0 0.556641 0.996094 0.562500 0.982422 0.574219 0.982422 0.587891 0.996094
0 0.179688 0.701172 0.167969 0.701172 0.158203 0.691406 0.158203 0.679688 0.175781 0.658203 0.195312 0.650391 0.205078 0.660156 0.205078 0.675781 0.179688 0.701172
0 0.236328 0.000000 0.218750 0.037109 0.201172 0.027344 0.205078 0.000000
0 0.332031 0.376953 0.320312 0.376953 0.306641 0.367188 0.306641 0.347656 0.324219 0.322266 0.337891 0.328125 0.341797 0.351562 0.332031 0.376953
0 0.402344 0.533203 0.386719 0.533203 0.380859 0.527344 0.365234 0.500000 0.371094 0.490234 0.394531 0.486328 0.439453 0.507812 0.437500 0.521484 0.421875 0.517578 0.402344 0.533203
0 0.273438 0.724609 0.261719 0.724609 0.236328 0.707031 0.236328 0.695312 0.246094 0.685547 0.265625 0.693359 0.279297 0.707031 0.273438 0.724609
0 0.371094 0.849609 0.343750 0.849609 0.333984 0.839844 0.330078 0.824219 0.339844 0.814453 0.363281 0.814453 0.380859 0.828125 0.380859 0.839844 0.371094 0.849609
0 0.632812 0.185547 0.617188 0.185547 0.599609 0.175781 0.599609 0.152344 0.605469 0.146484 0.621094 0.146484 0.634766 0.156250 0.632812 0.185547
0 0.781250 0.236328 0.761719 0.236328 0.751953 0.226562 0.751953 0.214844 0.761719 0.201172 0.777344 0.201172 0.787109 0.210938 0.791016 0.226562 0.781250 0.236328
0 0.996094 0.337891 0.976562 0.345703 0.947266 0.324219 0.953125 0.306641 0.996094 0.310547
0 0.031250 0.599609 0.017578 0.597656 0.013672 0.570312 0.019531 0.560547 0.054688 0.552734 0.060547 0.582031 0.050781 0.591797 0.035156 0.591797 0.031250 0.599609
0 0.726562 0.244141 0.699219 0.244141 0.693359 0.238281 0.697266 0.222656 0.726562 0.208984 0.740234 0.222656 0.740234 0.230469 0.726562 0.244141
0 0.476562 0.552734 0.433594 0.548828 0.427734 0.542969 0.427734 0.523438 0.437500 0.521484 0.441406 0.513672 0.492188 0.513672 0.498047 0.531250 0.486328 0.535156 0.476562 0.552734
0 0.796875 0.158203 0.785156 0.158203 0.771484 0.144531 0.767578 0.121094 0.773438 0.115234 0.785156 0.115234 0.794922 0.125000 0.796875 0.158203
0 0.558594 0.650391 0.539062 0.650391 0.529297 0.640625 0.539062 0.619141 0.550781 0.619141 0.564453 0.632812 0.558594 0.650391
0 0.847656 0.361328 0.828125 0.361328 0.822266 0.351562 0.832031 0.330078 0.857422 0.335938 0.857422 0.351562 0.847656 0.361328
0 0.554688 0.798828 0.537109 0.789062 0.537109 0.777344 0.550781 0.767578 0.578125 0.767578 0.583984 0.777344 0.554688 0.798828
0 0.179688 0.587891 0.171875 0.587891 0.138672 0.554688 0.138672 0.531250 0.148438 0.517578 0.167969 0.517578 0.185547 0.531250 0.189453 0.574219 0.179688 0.587891
0 0.867188 0.744141 0.847656 0.740234 0.833984 0.726562 0.833984 0.714844 0.851562 0.701172 0.871094 0.708984 0.880859 0.722656 0.880859 0.730469 0.867188 0.744141
0 0.054688 0.501953 0.039062 0.501953 0.029297 0.492188 0.017578 0.460938 0.017578 0.445312 0.027344 0.435547 0.041016 0.445312 0.060547 0.476562 0.060547 0.496094 0.054688 0.501953
0 0.718750 0.423828 0.707031 0.423828 0.693359 0.410156 0.701172 0.382812 0.710938 0.373047 0.722656 0.373047 0.736328 0.386719 0.736328 0.398438 0.718750 0.423828
0 0.871094 0.310547 0.859375 0.310547 0.845703 0.285156 0.845703 0.269531 0.867188 0.251953 0.884766 0.269531 0.884766 0.296875 0.871094 0.310547
0 0.703125 0.923828 0.695312 0.923828 0.681641 0.902344 0.691406 0.888672 0.710938 0.884766 0.720703 0.894531 0.720703 0.906250 0.703125 0.923828
0 0.292969 0.126953 0.277344 0.123047 0.271484 0.109375 0.283203 0.085938 0.300781 0.076172 0.310547 0.105469 0.292969 0.126953
0 0.847656 0.896484 0.835938 0.896484 0.826172 0.886719 0.826172 0.871094 0.835938 0.861328 0.851562 0.861328 0.861328 0.871094 0.861328 0.882812 0.847656 0.896484
0 0.699219 0.697266 0.687500 0.697266 0.677734 0.679688 0.695312 0.658203 0.718750 0.650391 0.732422 0.664062 0.732422 0.675781 0.718750 0.689453 0.699219 0.697266
0 0.687500 0.982422 0.669922 0.972656 0.669922 0.960938 0.683594 0.947266 0.691406 0.947266 0.701172 0.960938 0.701172 0.968750 0.687500 0.982422
0 0.675781 0.115234 0.644531 0.107422 0.634766 0.097656 0.634766 0.082031 0.640625 0.076172 0.656250 0.076172 0.671875 0.087891 0.681641 0.097656 0.675781 0.115234
0 0.996094 0.599609 0.980469 0.595703 0.970703 0.585938 0.984375 0.568359 0.996094 0.568359
0 0.984375 0.052734 0.964844 0.052734 0.951172 0.039062 0.951172 0.027344 0.960938 0.017578 0.976562 0.017578 0.994141 0.035156 0.984375 0.052734
0 0.437500 0.158203 0.429688 0.158203 0.408203 0.128906 0.412109 0.117188 0.425781 0.107422 0.443359 0.121094 0.447266 0.132812 0.437500 0.158203
0 0.636719 0.802734 0.625000 0.802734 0.615234 0.792969 0.615234 0.781250 0.632812 0.767578 0.648438 0.767578 0.658203 0.781250 0.636719 0.802734
0 0.925781 0.669922 0.902344 0.669922 0.892578 0.660156 0.896484 0.640625 0.914062 0.623047 0.925781 0.623047 0.939453 0.632812 0.935547 0.656250 0.925781 0.669922
