0 0.582031 0.732422 0.550781 0.728516 0.537109 0.714844 0.537109 0.699219 0.542969 0.693359 0.570312 0.693359 0.587891 0.710938 0.582031 0.732422
0 0.843750 0.544922 0.828125 0.544922 0.818359 0.531250 0.818359 0.507812 0.835938 0.490234 0.847656 0.490234 0.857422 0.507812 0.857422 0.527344 0.843750 0.544922
0 0.847656 0.197266 0.828125 0.193359 0.814453 0.179688 0.810547 0.160156 0.820312 0.150391 0.839844 0.150391 0.857422 0.167969 0.857422 0.187500 0.847656 0.197266
0 0.335938 0.587891 0.316406 0.587891 0.298828 0.578125 0.298828 0.562500 0.308594 0.544922 0.339844 0.552734 0.349609 0.566406 0.349609 0.578125 0.335938 0.587891
0 0.257812 0.912109 0.238281 0.912109 0.210938 0.900391 0.193359 0.878906 0.197266 0.855469 0.210938 0.845703 0.242188 0.849609 0.267578 0.878906 0.267578 0.902344 0.257812 0.912109
0 0.265625 0.201172 0.253906 0.201172 0.232422 0.175781 0.232422 0.156250 0.246094 0.142578 0.261719 0.142578 0.279297 0.160156 0.279297 0.187500 0.265625 0.201172
0 0.480469 0.091797 0.453125 0.087891 0.431641 0.066406 0.423828 0.050781 0.429688 0.025391 0.457031 0.021484 0.482422 0.042969 0.494141 0.078125 0.480469 0.091797
0 0.464844 0.462891 0.439453 0.449219 0.445312 0.431641 0.457031 0.431641 0.466797 0.441406 0.464844 0.462891
0 0.968750 0.662109 0.957031 0.662109 0.947266 0.652344 0.947266 0.632812 0.968750 0.607422 0.980469 0.607422 0.990234 0.617188 0.990234 0.632812 0.982422 0.652344 0.968750 0.662109
0 0.921875 0.416016 0.902344 0.416016 0.888672 0.402344 0.888672 0.382812 0.898438 0.365234 0.917969 0.365234 0.931641 0.382812 0.931641 0.406250 0.921875 0.416016
0 0.210938 0.630859 0.191406 0.630859 0.185547 0.625000 0.185547 0.605469 0.191406 0.599609 0.207031 0.599609 0.212891 0.605469 0.210938 0.630859
0 0.000000 0.345703 0.019531 0.337891 0.050781 0.349609 0.056641 0.359375 0.056641 0.375000 0.039062 0.388672 0.000000 0.384766
0 0.531250 0.490234 0.480469 0.474609 0.466797 0.460938 0.466797 0.429688 0.500000 0.439453 0.537109 0.476562 0.531250 0.490234
0 0.667969 0.248047 0.644531 0.244141 0.630859 0.234375 0.636719 0.208984 0.664062 0.201172 0.677734 0.214844 0.677734 0.234375 0.667969 0.248047
0 0.117188 0.458984 0.078125 0.447266 0.072266 0.421875 0.085938 0.412109 0.121094 0.416016 0.130859 0.425781 0.130859 0.445312 0.117188 0.458984
0 0.164062 0.591797 0.144531 0.591797 0.126953 0.574219 0.126953 0.554688 0.136719 0.541016 0.167969 0.544922 0.181641 0.558594 0.185547 0.578125 0.164062 0.591797
0 0.000000 0.884766 0.013672 0.902344 0.013672 0.914062 0.000000 0.923828
0 0.621094 0.642578 0.597656 0.642578 0.566406 0.611328 0.535156 0.599609 0.521484 0.582031 0.525391 0.566406 0.531250 0.560547 0.550781 0.568359 0.562500 0.564453 0.582031 0.583984 0.628906 0.611328 0.634766 0.628906 0.621094 0.642578
