0 0.996875 0.236328 0.987500 0.255859 0.959375 0.271484 0.948438 0.250000 0.945312 0.222656 0.921875 0.205078 0.917188 0.187500 0.937500 0.173828 0.953125 0.181641 0.981250 0.181641 0.996875 0.193359
0 0.756250 0.912109 0.743750 0.912109 0.739062 0.906250 0.732812 0.878906 0.757812 0.863281 0.760938 0.832031 0.765625 0.826172 0.775000 0.826172 0.810937 0.851562 0.810937 0.859375 0.781250 0.896484 0.771875 0.896484 0.756250 0.912109
0 0.960938 0.000000 0.960938 0.007812 0.950000 0.021484 0.928125 0.033203 0.923438 0.027344 0.923438 0.011719 0.929688 0.000000
0 0.654687 0.996094 0.654687 0.984375 0.671875 0.974609 0.700000 0.982422 0.704688 0.996094
0 0.082812 0.996094 0.082812 0.984375 0.100000 0.966797 0.117188 0.972656 0.123438 0.996094
0 0.440625 0.123047 0.412500 0.123047 0.407813 0.117188 0.407813 0.093750 0.418750 0.080078 0.446875 0.080078 0.451562 0.085938 0.451562 0.097656 0.440625 0.123047
0 0.565625 0.806641 0.534375 0.802734 0.510938 0.773438 0.510938 0.753906 0.526563 0.742188 0.531250 0.724609 0.575000 0.728516 0.585938 0.742188 0.585938 0.750000 0.576562 0.761719 0.573438 0.792969 0.565625 0.806641
0 0.307812 0.000000 0.307812 0.015625 0.298438 0.031250 0.285938 0.078125 0.256250 0.103516 0.231250 0.103516 0.207813 0.082031 0.195312 0.039062 0.195312 0.019531 0.204687 0.000000
0 0.090625 0.826172 0.081250 0.826172 0.059375 0.806641 0.045312 0.773438 0.051562 0.722656 0.078125 0.693359 0.103125 0.701172 0.139063 0.746094 0.135937 0.792969 0.112500 0.822266 0.096875 0.818359 0.090625 0.826172
0 0.818750 0.802734 0.762500 0.798828 0.757812 0.792969 0.751563 0.746094 0.765625 0.705078 0.809375 0.697266 0.829688 0.710938 0.829688 0.789062 0.818750 0.802734
0 0.582812 0.996094 0.582812 0.988281 0.600000 0.974609 0.612500 0.974609 0.629687 0.996094
0 0.365625 0.943359 0.350000 0.943359 0.345313 0.925781 0.368750 0.904297 0.378125 0.904297 0.382812 0.921875 0.365625 0.943359
0 0.000000 0.294922 0.004687 0.289062 0.004687 0.257812 0.018750 0.251953 0.032813 0.281250 0.035937 0.312500 0.021875 0.330078 0.000000 0.326172
0 0.368750 0.123047 0.351562 0.113281 0.359375 0.095703 0.373437 0.105469 0.368750 0.123047
0 0.196875 0.994141 0.165625 0.994141 0.143750 0.986328 0.129688 0.960938 0.101562 0.933594 0.085938 0.902344 0.089063 0.875000 0.098437 0.855469 0.120313 0.820312 0.150000 0.791016 0.178125 0.794922 0.190625 0.806641 0.239063 0.871094 0.251563 0.921875 0.264062 0.933594 0.253125 0.966797 0.237500 0.970703 0.231250 0.978516 0.215625 0.978516 0.196875 0.994141
0 0.740625 0.791016 0.715625 0.787109 0.690625 0.771484 0.676562 0.753906 0.676562 0.722656 0.690625 0.705078 0.715625 0.701172 0.739062 0.710938 0.745313 0.722656 0.748437 0.750000 0.748437 0.781250 0.740625 0.791016
0 0.809375 0.994141 0.796875 0.994141 0.792188 0.988281 0.792188 0.968750 0.796875 0.962891 0.803125 0.962891 0.814063 0.976562 0.809375 0.994141
0 0.893750 0.611328 0.846875 0.599609 0.839063 0.589844 0.839063 0.578125 0.829688 0.558594 0.829688 0.531250 0.835938 0.515625 0.851562 0.492188 0.851562 0.484375 0.865625 0.474609 0.878125 0.474609 0.893750 0.486328 0.907813 0.503906 0.914062 0.523438 0.914062 0.582031 0.910937 0.593750 0.893750 0.611328
0 0.640625 0.564453 0.629687 0.558594 0.623437 0.531250 0.623437 0.492188 0.628125 0.486328 0.656250 0.494141 0.670312 0.507812 0.670312 0.527344 0.664062 0.542969 0.640625 0.564453
0 0.468750 0.740234 0.443750 0.732422 0.434375 0.712891 0.428125 0.712891 0.410938 0.695312 0.410938 0.679688 0.431250 0.658203 0.446875 0.658203 0.456250 0.669922 0.468750 0.669922 0.475000 0.677734 0.493750 0.677734 0.520312 0.699219 0.517188 0.726562 0.512500 0.732422 0.468750 0.740234
0 0.440625 0.900391 0.418750 0.900391 0.407813 0.875000 0.407813 0.851562 0.428125 0.833984 0.446875 0.833984 0.464062 0.847656 0.464062 0.882812 0.440625 0.900391
0 0.428125 0.330078 0.387500 0.322266 0.367188 0.304688 0.367188 0.289062 0.376563 0.277344 0.376563 0.253906 0.387500 0.224609 0.446875 0.228516 0.451562 0.246094 0.460938 0.257812 0.460938 0.265625 0.448437 0.281250 0.442188 0.312500 0.428125 0.330078
0 0.425000 0.802734 0.406250 0.802734 0.389062 0.777344 0.395313 0.714844 0.412500 0.701172 0.418750 0.701172 0.429688 0.714844 0.429688 0.730469 0.437500 0.740234 0.468750 0.744141 0.473438 0.750000 0.473438 0.777344 0.468750 0.783203 0.443750 0.798828 0.425000 0.802734
0 0.350000 0.767578 0.321875 0.767578 0.309375 0.755859 0.284375 0.751953 0.270313 0.730469 0.270313 0.695312 0.275000 0.689453 0.306250 0.689453 0.325000 0.666016 0.346875 0.666016 0.356250 0.681641 0.367188 0.687500 0.370312 0.714844 0.370312 0.738281 0.360938 0.757812 0.350000 0.767578
0 0.610938 0.000000 0.606250 0.009766 0.593750 0.013672 0.578125 0.033203 0.568750 0.033203 0.562500 0.041016 0.542188 0.031250 0.532813 0.000000
0 0.775000 0.298828 0.762500 0.298828 0.757812 0.292969 0.751563 0.257812 0.760938 0.238281 0.760938 0.222656 0.781250 0.212891 0.795312 0.230469 0.795312 0.269531 0.775000 0.298828
0 0.871875 0.439453 0.828125 0.439453 0.814063 0.425781 0.814063 0.378906 0.837500 0.349609 0.850000 0.341797 0.868750 0.341797 0.879687 0.359375 0.879687 0.402344 0.873437 0.410156 0.876563 0.433594 0.871875 0.439453
0 0.806250 0.662109 0.784375 0.662109 0.764062 0.628906 0.764062 0.593750 0.778125 0.572266 0.818750 0.587891 0.829688 0.601562 0.829688 0.625000 0.820312 0.648438 0.806250 0.662109
0 0.004687 0.996094 0.001563 0.976562 0.006250 0.970703 0.026562 0.972656 0.026562 0.996094
0 0.046875 0.982422 0.034375 0.982422 0.029687 0.976562 0.029687 0.957031 0.068750 0.908203 0.078125 0.908203 0.082812 0.914062 0.082812 0.945312 0.065625 0.970703 0.046875 0.982422
0 0.946875 0.306641 0.915625 0.306641 0.895312 0.289062 0.882812 0.253906 0.885938 0.218750 0.890625 0.212891 0.903125 0.216797 0.909375 0.208984 0.918750 0.208984 0.937500 0.212891 0.945312 0.222656 0.948438 0.250000 0.954688 0.257812 0.951562 0.300781 0.946875 0.306641
0 0.450000 0.478516 0.409375 0.466797 0.398438 0.449219 0.398438 0.421875 0.412500 0.408203 0.443750 0.408203 0.459375 0.396484 0.487500 0.400391 0.495312 0.421875 0.492188 0.441406 0.478125 0.462891 0.450000 0.478516
0 0.709375 0.494141 0.684375 0.494141 0.653125 0.466797 0.632812 0.433594 0.635938 0.398438 0.642188 0.382812 0.654687 0.359375 0.684375 0.330078 0.690625 0.330078 0.714063 0.363281 0.720313 0.476562 0.709375 0.494141
0 0.703125 0.943359 0.684375 0.943359 0.668750 0.935547 0.653125 0.900391 0.626563 0.882812 0.629687 0.859375 0.643750 0.845703 0.671875 0.837891 0.703125 0.861328 0.712500 0.861328 0.717187 0.867188 0.714063 0.929688 0.703125 0.943359
0 0.340625 0.908203 0.321875 0.900391 0.298438 0.859375 0.295312 0.808594 0.300000 0.802734 0.346875 0.802734 0.373437 0.839844 0.370312 0.886719 0.340625 0.908203
0 0.875000 0.173828 0.853125 0.169922 0.846875 0.162109 0.814063 0.148438 0.814063 0.097656 0.843750 0.060547 0.856250 0.068359 0.871875 0.064453 0.898438 0.089844 0.892188 0.156250 0.875000 0.173828
0 0.160938 0.000000 0.164062 0.027344 0.156250 0.037109 0.140625 0.037109 0.125000 0.025391 0.115625 0.025391 0.100000 0.013672 0.092188 0.000000
0 0.889062 0.000000 0.885938 0.050781 0.865625 0.068359 0.846875 0.064453 0.829688 0.042969 0.820312 0.019531 0.820312 0.000000
0 0.996875 0.794922 0.984375 0.794922 0.973437 0.785156 0.976562 0.757812 0.996875 0.748047
0 0.940625 0.134766 0.918750 0.130859 0.898438 0.105469 0.901563 0.050781 0.921875 0.033203 0.934375 0.033203 0.950000 0.044922 0.970313 0.089844 0.970313 0.109375 0.940625 0.134766
0 0.396875 0.048828 0.390625 0.048828 0.379688 0.035156 0.379688 0.027344 0.387500 0.017578 0.409375 0.017578 0.421875 0.009766 0.426563 0.015625 0.423438 0.035156 0.415625 0.044922 0.396875 0.048828
0 0.903125 0.427734 0.890625 0.427734 0.879687 0.410156 0.879687 0.367188 0.885938 0.359375 0.889062 0.335938 0.896875 0.326172 0.931250 0.326172 0.948438 0.343750 0.948438 0.363281 0.942187 0.375000 0.945312 0.394531 0.937500 0.404297 0.921875 0.404297 0.903125 0.427734
0 0.300000 0.177734 0.262500 0.173828 0.254688 0.156250 0.254688 0.136719 0.273438 0.113281 0.276562 0.089844 0.284375 0.080078 0.310937 0.097656 0.314063 0.148438 0.300000 0.177734
0 0.718750 0.685547 0.684375 0.685547 0.675000 0.677734 0.659375 0.677734 0.648438 0.656250 0.651563 0.628906 0.660937 0.613281 0.660937 0.597656 0.700000 0.544922 0.712500 0.544922 0.731250 0.560547 0.748437 0.582031 0.751563 0.593750 0.751563 0.632812 0.718750 0.685547
0 0.817187 0.000000 0.817187 0.023438 0.806250 0.041016 0.787500 0.060547 0.762500 0.064453 0.756250 0.064453 0.739062 0.039062 0.739062 0.019531 0.748437 0.000000
0 0.996875 0.384766 0.956250 0.373047 0.948438 0.363281 0.948438 0.347656 0.967187 0.332031 0.964063 0.312500 0.971875 0.302734 0.996875 0.302734
0 0.584375 0.646484 0.525000 0.642578 0.504687 0.625000 0.504687 0.574219 0.537500 0.533203 0.562500 0.529297 0.589063 0.558594 0.598437 0.582031 0.598437 0.621094 0.584375 0.646484
0 0.062500 0.412109 0.046875 0.412109 0.017188 0.367188 0.017188 0.339844 0.031250 0.318359 0.078125 0.326172 0.085938 0.335938 0.092188 0.363281 0.089063 0.402344 0.084375 0.408203 0.062500 0.412109
0 0.376563 0.000000 0.373437 0.023438 0.362500 0.033203 0.340625 0.033203 0.320312 0.000000
0 0.503125 0.962891 0.490625 0.962891 0.482812 0.953125 0.473438 0.929688 0.470313 0.894531 0.473438 0.882812 0.487500 0.873047 0.503125 0.845703 0.531250 0.841797 0.548438 0.863281 0.554688 0.917969 0.528125 0.955078 0.503125 0.962891
0 0.796875 0.962891 0.784375 0.962891 0.779687 0.957031 0.782813 0.941406 0.801562 0.921875 0.785937 0.902344 0.790625 0.888672 0.812500 0.892578 0.823438 0.906250 0.817187 0.933594 0.796875 0.962891
0 0.829688 0.996094 0.820312 0.972656 0.831250 0.966797 0.843750 0.978516 0.851562 0.964844 0.848437 0.894531 0.856250 0.884766 0.871875 0.880859 0.885938 0.906250 0.885938 0.945312 0.882812 0.976562 0.868750 0.982422 0.864062 0.996094
0 0.412500 0.650391 0.375000 0.642578 0.364063 0.621094 0.364063 0.582031 0.370312 0.558594 0.378125 0.548828 0.390625 0.552734 0.400000 0.537109 0.406250 0.537109 0.415625 0.548828 0.425000 0.548828 0.451562 0.582031 0.451562 0.605469 0.445312 0.617188 0.412500 0.650391
0 0.264062 0.996094 0.254688 0.984375 0.254688 0.964844 0.264062 0.933594 0.278125 0.908203 0.296875 0.904297 0.320312 0.925781 0.320312 0.933594 0.329688 0.945312 0.329688 0.957031 0.312500 0.978516 0.300000 0.978516 0.285938 0.996094
0 0.996875 0.541016 0.984375 0.541016 0.948438 0.503906 0.932813 0.464844 0.932813 0.449219 0.940625 0.435547 0.959375 0.431641 0.965625 0.439453 0.987500 0.435547 0.996875 0.455078
