0 0.839844 0.794922 0.822266 0.785156 0.826172 0.757812 0.835938 0.748047 0.847656 0.748047 0.880859 0.769531 0.878906 0.787109 0.839844 0.794922
0 0.716797 0.996094 0.705078 0.976562 0.714844 0.958984 0.740234 0.960938 0.748047 0.996094
0 0.625000 0.314453 0.597656 0.310547 0.583984 0.289062 0.595703 0.261719 0.613281 0.244141 0.640625 0.248047 0.650391 0.265625 0.638672 0.300781 0.625000 0.314453
0 0.882812 0.205078 0.867188 0.201172 0.849609 0.171875 0.853516 0.152344 0.863281 0.142578 0.890625 0.142578 0.908203 0.160156 0.908203 0.183594 0.894531 0.201172 0.882812 0.205078
0 0.041016 0.996094 0.041016 0.980469 0.046875 0.974609 0.101562 0.955078 0.111328 0.972656 0.095703 0.996094
0 0.058594 0.810547 0.027344 0.806641 0.013672 0.785156 0.042969 0.736328 0.066406 0.744141 0.083984 0.769531 0.083984 0.777344 0.058594 0.810547
0 0.355469 0.345703 0.345703 0.339844 0.345703 0.316406 0.357422 0.304688 0.357422 0.285156 0.363281 0.283203 0.373047 0.296875 0.373047 0.324219 0.369141 0.335938 0.355469 0.345703
0 0.546875 0.232422 0.519531 0.228516 0.505859 0.210938 0.505859 0.195312 0.515625 0.177734 0.531250 0.173828 0.568359 0.199219 0.568359 0.214844 0.546875 0.232422
0 0.441406 0.958984 0.429688 0.958984 0.412109 0.941406 0.408203 0.921875 0.414062 0.916016 0.425781 0.912109 0.439453 0.921875 0.447266 0.937500 0.447266 0.953125 0.441406 0.958984
0 0.109375 0.384766 0.087891 0.375000 0.087891 0.359375 0.113281 0.341797 0.140625 0.337891 0.150391 0.351562 0.146484 0.363281 0.132812 0.376953 0.109375 0.384766
