0 0.356250 0.576172 0.340625 0.576172 0.326562 0.562500 0.323437 0.531250 0.340625 0.505859 0.368750 0.501953 0.389062 0.519531 0.392188 0.546875 0.381250 0.564453 0.356250 0.576172
0 0.746875 0.494141 0.721875 0.490234 0.689063 0.441406 0.689063 0.414062 0.706250 0.380859 0.734375 0.380859 0.757812 0.410156 0.757812 0.417969 0.776563 0.445312 0.776563 0.460938 0.746875 0.494141
0 0.429688 0.000000 0.423438 0.035156 0.412500 0.048828 0.375000 0.044922 0.367188 0.031250 0.367188 0.000000
0 0.465625 0.091797 0.453125 0.091797 0.432812 0.062500 0.432812 0.046875 0.443750 0.029297 0.468750 0.033203 0.482812 0.050781 0.482812 0.070312 0.465625 0.091797
0 0.790625 0.869141 0.771875 0.869141 0.757812 0.855469 0.751563 0.839844 0.754687 0.785156 0.768750 0.763672 0.803125 0.771484 0.826562 0.796875 0.823438 0.835938 0.790625 0.869141
0 0.018750 0.158203 0.004687 0.152344 0.001563 0.082031 0.006250 0.076172 0.025000 0.099609 0.046875 0.091797 0.054688 0.101562 0.054688 0.136719 0.040625 0.150391 0.018750 0.158203
0 0.534375 0.748047 0.528125 0.748047 0.512500 0.724609 0.496875 0.724609 0.492188 0.718750 0.498437 0.699219 0.495312 0.679688 0.503125 0.669922 0.548438 0.695312 0.548438 0.722656 0.534375 0.748047
0 0.996875 0.955078 0.975000 0.958984 0.953125 0.943359 0.942187 0.929688 0.942187 0.906250 0.945312 0.882812 0.959375 0.869141 0.981250 0.869141 0.996875 0.888672
0 0.881250 0.775391 0.875000 0.775391 0.848437 0.746094 0.832812 0.707031 0.835938 0.691406 0.853125 0.677734 0.865625 0.658203 0.878125 0.673828 0.887500 0.673828 0.907813 0.699219 0.895312 0.718750 0.895312 0.757812 0.881250 0.775391
0 0.790625 0.216797 0.778125 0.216797 0.767188 0.203125 0.773438 0.109375 0.784375 0.091797 0.812500 0.123047 0.834375 0.126953 0.848437 0.140625 0.848437 0.171875 0.839063 0.191406 0.831250 0.197266 0.809375 0.185547 0.790625 0.216797
0 0.190625 0.205078 0.165625 0.205078 0.139063 0.156250 0.142187 0.121094 0.165625 0.095703 0.189062 0.105469 0.220312 0.164062 0.220312 0.179688 0.212500 0.189453 0.200000 0.189453 0.190625 0.205078
0 0.512500 0.548828 0.503125 0.548828 0.493750 0.537109 0.487500 0.537109 0.464062 0.511719 0.464062 0.484375 0.468750 0.478516 0.493750 0.474609 0.498437 0.480469 0.498437 0.488281 0.517188 0.515625 0.517188 0.542969 0.512500 0.548828
0 0.996875 0.193359 0.973437 0.171875 0.954688 0.117188 0.954688 0.093750 0.960938 0.074219 0.973437 0.046875 0.996875 0.017578
0 0.037500 0.494141 0.026562 0.488281 0.026562 0.441406 0.031250 0.435547 0.050000 0.427734 0.068750 0.435547 0.093750 0.435547 0.101562 0.445312 0.101562 0.476562 0.096875 0.482422 0.071875 0.478516 0.062500 0.490234 0.046875 0.486328 0.037500 0.494141
0 0.068750 0.248047 0.053125 0.244141 0.035937 0.222656 0.032813 0.207031 0.032813 0.191406 0.042188 0.179688 0.045312 0.160156 0.062500 0.142578 0.075000 0.142578 0.084375 0.154297 0.096875 0.158203 0.107813 0.171875 0.110937 0.187500 0.101562 0.214844 0.084375 0.224609 0.068750 0.248047
0 0.678125 0.201172 0.650000 0.201172 0.629687 0.175781 0.626563 0.152344 0.643750 0.119141 0.671875 0.119141 0.682813 0.132812 0.692187 0.156250 0.692187 0.171875 0.689063 0.187500 0.678125 0.201172
0 0.665625 0.458984 0.625000 0.458984 0.614062 0.445312 0.620313 0.414062 0.637500 0.392578 0.643750 0.392578 0.653125 0.408203 0.665625 0.412109 0.673438 0.421875 0.679688 0.449219 0.665625 0.458984
0 0.726562 0.996094 0.726562 0.968750 0.743750 0.947266 0.753125 0.943359 0.765625 0.943359 0.782813 0.960938 0.789062 0.976562 0.785937 0.996094
0 0.500000 0.919922 0.487500 0.919922 0.467187 0.890625 0.471875 0.873047 0.487500 0.873047 0.507812 0.894531 0.507812 0.910156 0.500000 0.919922
0 0.571875 0.564453 0.553125 0.564453 0.532813 0.527344 0.521875 0.513672 0.515625 0.513672 0.498437 0.488281 0.501563 0.457031 0.518750 0.435547 0.534375 0.435547 0.553125 0.447266 0.579688 0.476562 0.589063 0.500000 0.592187 0.535156 0.571875 0.564453
0 0.243750 0.431641 0.203125 0.431641 0.170313 0.406250 0.167187 0.382812 0.181250 0.341797 0.203125 0.326172 0.215625 0.326172 0.228125 0.330078 0.245312 0.351562 0.245312 0.375000 0.260937 0.386719 0.264062 0.406250 0.243750 0.431641
0 0.478125 0.740234 0.453125 0.740234 0.435937 0.718750 0.439063 0.675781 0.459375 0.650391 0.478125 0.650391 0.498437 0.671875 0.498437 0.699219 0.492188 0.722656 0.478125 0.740234
0 0.600000 0.396484 0.587500 0.396484 0.564063 0.367188 0.567187 0.347656 0.581250 0.333984 0.606250 0.333984 0.620313 0.355469 0.617188 0.382812 0.600000 0.396484
0 0.634375 0.673828 0.618750 0.673828 0.604688 0.660156 0.604688 0.652344 0.620313 0.632812 0.620313 0.621094 0.601562 0.605469 0.601562 0.593750 0.609375 0.583984 0.637500 0.587891 0.645312 0.601562 0.648438 0.660156 0.634375 0.673828
0 0.900000 0.529297 0.875000 0.529297 0.862500 0.521484 0.851562 0.492188 0.851562 0.437500 0.868750 0.412109 0.878125 0.408203 0.906250 0.412109 0.931250 0.455078 0.951562 0.457031 0.900000 0.529297
0 0.693750 0.330078 0.659375 0.326172 0.642188 0.296875 0.642188 0.265625 0.648438 0.238281 0.656250 0.228516 0.703125 0.220703 0.723437 0.246094 0.729688 0.289062 0.709375 0.326172 0.693750 0.330078
0 0.610938 0.996094 0.603125 0.994141 0.589063 0.976562 0.589063 0.949219 0.593750 0.943359 0.628125 0.943359 0.645312 0.953125 0.645312 0.976562 0.629687 0.996094
0 0.643750 0.798828 0.612500 0.791016 0.585938 0.765625 0.579688 0.753906 0.579688 0.738281 0.593750 0.712891 0.615625 0.705078 0.640625 0.716797 0.657813 0.734375 0.667188 0.765625 0.643750 0.798828
0 0.690625 0.951172 0.665625 0.943359 0.651563 0.910156 0.654687 0.871094 0.675000 0.841797 0.712500 0.845703 0.735938 0.882812 0.735938 0.914062 0.703125 0.947266 0.690625 0.951172
0 0.000000 0.208984 0.017188 0.234375 0.017188 0.246094 0.006250 0.251953 0.000000 0.244141
0 0.443750 0.435547 0.428125 0.435547 0.406250 0.423828 0.389062 0.398438 0.389062 0.343750 0.395313 0.324219 0.421875 0.302734 0.443750 0.306641 0.467187 0.355469 0.464062 0.402344 0.454688 0.425781 0.443750 0.435547
0 0.206250 0.646484 0.196875 0.646484 0.182812 0.628906 0.182812 0.617188 0.170313 0.589844 0.170313 0.570312 0.190625 0.544922 0.221875 0.537109 0.229687 0.566406 0.229687 0.617188 0.206250 0.646484
0 0.818750 0.677734 0.790625 0.673828 0.771875 0.646484 0.751563 0.628906 0.726562 0.585938 0.732812 0.531250 0.739062 0.515625 0.753125 0.501953 0.781250 0.501953 0.804688 0.542969 0.804688 0.554688 0.826562 0.585938 0.832812 0.656250 0.818750 0.677734
0 0.142187 0.000000 0.137500 0.009766 0.118750 0.021484 0.090625 0.017578 0.079687 0.000000
0 0.590625 0.912109 0.581250 0.912109 0.554688 0.882812 0.554688 0.835938 0.575000 0.810547 0.596875 0.810547 0.607812 0.824219 0.610938 0.839844 0.607812 0.867188 0.590625 0.912109
0 0.201563 0.996094 0.195312 0.976562 0.195312 0.945312 0.206250 0.935547 0.228125 0.935547 0.253125 0.947266 0.267188 0.968750 0.267188 0.996094
0 0.200000 0.931641 0.185938 0.925781 0.185938 0.906250 0.193750 0.896484 0.207813 0.906250 0.207813 0.917969 0.200000 0.931641
0 0.332813 0.996094 0.356250 0.982422 0.393750 0.982422 0.410938 0.996094
0 0.181250 0.517578 0.159375 0.513672 0.142187 0.484375 0.142187 0.472656 0.153125 0.466797 0.168750 0.474609 0.178125 0.443359 0.196875 0.443359 0.207813 0.453125 0.204687 0.484375 0.181250 0.517578
0 0.546875 0.427734 0.509375 0.427734 0.495312 0.410156 0.495312 0.378906 0.509375 0.369141 0.550000 0.369141 0.560937 0.394531 0.560937 0.417969 0.546875 0.427734
0 0.409375 0.646484 0.381250 0.642578 0.370312 0.628906 0.370312 0.605469 0.396875 0.564453 0.428125 0.560547 0.442188 0.578125 0.442188 0.617188 0.428125 0.634766 0.409375 0.646484
0 0.893750 0.115234 0.871875 0.099609 0.840625 0.095703 0.829688 0.078125 0.829688 0.058594 0.835938 0.042969 0.859375 0.013672 0.871875 0.017578 0.881250 0.029297 0.896875 0.029297 0.910937 0.050781 0.904687 0.097656 0.893750 0.115234
0 0.925000 0.697266 0.906250 0.697266 0.887500 0.673828 0.878125 0.673828 0.867188 0.656250 0.867188 0.632812 0.871875 0.626953 0.909375 0.626953 0.935937 0.660156 0.935937 0.683594 0.925000 0.697266
0 0.415625 0.142578 0.371875 0.134766 0.354687 0.113281 0.351562 0.082031 0.362500 0.060547 0.371875 0.052734 0.400000 0.048828 0.412500 0.056641 0.439063 0.089844 0.442188 0.117188 0.415625 0.142578
0 0.340625 0.927734 0.329688 0.917969 0.323437 0.898438 0.320312 0.867188 0.325000 0.861328 0.331250 0.861328 0.348438 0.890625 0.348438 0.914062 0.340625 0.927734
0 0.415625 0.767578 0.390625 0.759766 0.379688 0.742188 0.373437 0.699219 0.384375 0.685547 0.429688 0.714844 0.426563 0.753906 0.415625 0.767578
0 0.139063 0.996094 0.129688 0.960938 0.129688 0.933594 0.143750 0.908203 0.150000 0.908203 0.181250 0.951172 0.195312 0.957031 0.201563 0.996094
0 0.715625 0.751953 0.679688 0.710938 0.670312 0.683594 0.670312 0.671875 0.679688 0.652344 0.696875 0.634766 0.715625 0.634766 0.743750 0.646484 0.751563 0.656250 0.751563 0.671875 0.760938 0.695312 0.757812 0.734375 0.743750 0.748047 0.715625 0.751953
0 0.253125 0.884766 0.234375 0.880859 0.214062 0.851562 0.207813 0.828125 0.207813 0.800781 0.212500 0.794922 0.243750 0.791016 0.257812 0.808594 0.260937 0.863281 0.253125 0.884766
0 0.603125 0.662109 0.550000 0.654297 0.535937 0.632812 0.535937 0.593750 0.550000 0.580078 0.571875 0.580078 0.587500 0.591797 0.600000 0.591797 0.601562 0.605469 0.620313 0.621094 0.620313 0.632812 0.604688 0.652344 0.603125 0.662109
0 0.420312 0.996094 0.395313 0.960938 0.389062 0.937500 0.392188 0.890625 0.398438 0.867188 0.409375 0.857422 0.425000 0.857422 0.434375 0.865234 0.467187 0.906250 0.470313 0.949219 0.479687 0.960938 0.479687 0.984375 0.475000 0.990234 0.437500 0.990234 0.429688 0.996094
0 0.687500 0.544922 0.671875 0.544922 0.651563 0.531250 0.651563 0.492188 0.639062 0.464844 0.643750 0.455078 0.665625 0.458984 0.693750 0.451172 0.714063 0.480469 0.707812 0.492188 0.707812 0.523438 0.696875 0.541016 0.687500 0.544922
0 0.840625 0.939453 0.825000 0.939453 0.804688 0.925781 0.792188 0.902344 0.792188 0.867188 0.821875 0.837891 0.828125 0.849609 0.840625 0.849609 0.862500 0.837891 0.882812 0.855469 0.882812 0.890625 0.859375 0.927734 0.840625 0.939453
0 0.356250 0.849609 0.340625 0.845703 0.304688 0.820312 0.301563 0.796875 0.312500 0.763672 0.321875 0.759766 0.334375 0.779297 0.350000 0.787109 0.370312 0.812500 0.379688 0.839844 0.375000 0.845703 0.362500 0.841797 0.356250 0.849609
0 0.034375 0.099609 0.018750 0.095703 0.004687 0.074219 0.007812 0.054688 0.021875 0.041016 0.046875 0.041016 0.054688 0.054688 0.054688 0.082031 0.034375 0.099609
0 0.889062 0.996094 0.879687 0.988281 0.879687 0.968750 0.906250 0.955078 0.915625 0.943359 0.928125 0.943359 0.948438 0.964844 0.951562 0.996094
0 0.509375 0.876953 0.490625 0.876953 0.482812 0.867188 0.476562 0.855469 0.473438 0.820312 0.476562 0.808594 0.493750 0.791016 0.518750 0.787109 0.545312 0.812500 0.545312 0.847656 0.534375 0.865234 0.509375 0.876953
0 0.237500 0.708984 0.231250 0.708984 0.204687 0.675781 0.201563 0.648438 0.231250 0.615234 0.253125 0.615234 0.276562 0.652344 0.276562 0.667969 0.259375 0.701172 0.237500 0.708984
0 0.103125 0.443359 0.093750 0.435547 0.043750 0.427734 0.035937 0.414062 0.039062 0.386719 0.050000 0.373047 0.078125 0.373047 0.096875 0.384766 0.114062 0.410156 0.114062 0.425781 0.103125 0.443359
0 0.315625 0.283203 0.290625 0.283203 0.275000 0.267578 0.253125 0.259766 0.239063 0.234375 0.242188 0.207031 0.275000 0.185547 0.296875 0.189453 0.332813 0.230469 0.335938 0.242188 0.335938 0.261719 0.315625 0.283203
0 0.531250 0.287109 0.514062 0.265625 0.504687 0.242188 0.504687 0.218750 0.531250 0.181641 0.550000 0.177734 0.568750 0.185547 0.589063 0.207031 0.589063 0.238281 0.579688 0.269531 0.571875 0.279297 0.531250 0.287109
0 0.287500 0.521484 0.256250 0.521484 0.234375 0.513672 0.217188 0.488281 0.217188 0.468750 0.229687 0.457031 0.223438 0.437500 0.228125 0.431641 0.259375 0.427734 0.281250 0.404297 0.292187 0.410156 0.292187 0.417969 0.307812 0.437500 0.298438 0.464844 0.303125 0.470703 0.315625 0.466797 0.320312 0.472656 0.317188 0.492188 0.287500 0.521484
0 0.489063 0.996094 0.514062 0.972656 0.520312 0.945312 0.531250 0.935547 0.554688 0.949219 0.564063 0.964844 0.564063 0.984375 0.570312 0.996094
0 0.996875 0.556641 0.984375 0.544922 0.965625 0.541016 0.950000 0.564453 0.934375 0.568359 0.901563 0.542969 0.901563 0.527344 0.962500 0.447266 0.990625 0.447266 0.996875 0.458984
