0 0.469828 0.266346 0.464080 0.266346 0.452586 0.258654 0.447557 0.248077 0.443247 0.226923 0.446121 0.196154 0.451868 0.175000 0.467672 0.146154 0.478448 0.135577 0.489943 0.135577 0.500718 0.148077 0.503592 0.157692 0.506466 0.182692 0.503592 0.201923 0.500718 0.207692 0.497845 0.228846 0.490661 0.246154 0.481322 0.260577 0.469828 0.266346
0 0.876437 0.154808 0.856322 0.152885 0.842672 0.128846 0.836925 0.090385 0.846264 0.068269 0.860632 0.064423 0.863506 0.068269 0.870690 0.070192 0.880029 0.088462 0.885776 0.111538 0.887213 0.136538 0.882902 0.148077 0.876437 0.154808
0 0.000000 0.168269 0.012931 0.150962 0.030172 0.141346 0.053161 0.141346 0.068966 0.145192 0.076868 0.153846 0.079741 0.161538 0.079741 0.173077 0.076868 0.182692 0.047414 0.216346 0.027299 0.225962 0.010057 0.225962 0.000000 0.218269
0 0.761494 0.291346 0.748563 0.291346 0.739943 0.287500 0.723420 0.267308 0.721983 0.251923 0.724856 0.244231 0.726293 0.226923 0.739224 0.198077 0.757184 0.179808 0.767241 0.179808 0.774425 0.185577 0.780891 0.196154 0.783764 0.205769 0.783764 0.234615 0.779454 0.240385 0.773707 0.271154 0.775144 0.273077 0.769397 0.284615 0.761494 0.291346
0 0.853448 0.068269 0.841954 0.068269 0.831178 0.053846 0.828305 0.023077 0.837644 0.010577 0.847701 0.010577 0.854885 0.014423 0.864224 0.032692 0.868534 0.051923 0.860632 0.064423 0.853448 0.068269
0 0.887931 0.777885 0.879310 0.777885 0.875000 0.774038 0.852730 0.746154 0.836925 0.703846 0.838362 0.676923 0.842672 0.667308 0.853448 0.656731 0.867816 0.660577 0.882184 0.675962 0.890086 0.686538 0.901580 0.711538 0.907328 0.736538 0.905891 0.753846 0.898707 0.769231 0.887931 0.777885
0 0.623563 0.200962 0.609195 0.197115 0.604167 0.186538 0.604167 0.169231 0.614224 0.125000 0.629310 0.099038 0.645115 0.091346 0.656609 0.093269 0.668822 0.107692 0.671695 0.117308 0.671695 0.140385 0.663075 0.161538 0.653736 0.175962 0.623563 0.200962
0 0.527299 0.549038 0.514368 0.549038 0.502155 0.536538 0.496408 0.521154 0.493534 0.501923 0.494971 0.471154 0.500718 0.444231 0.508621 0.433654 0.517241 0.427885 0.530172 0.427885 0.537356 0.433654 0.546695 0.446154 0.552443 0.471154 0.552443 0.498077 0.546695 0.523077 0.540230 0.537500 0.534483 0.545192 0.527299 0.549038
0 0.906609 0.500962 0.892241 0.500962 0.876437 0.495192 0.863506 0.481731 0.856322 0.477885 0.841236 0.457692 0.834052 0.436538 0.834052 0.421154 0.836925 0.409615 0.843391 0.400962 0.860632 0.395192 0.867816 0.399038 0.872126 0.397115 0.875000 0.402885 0.880747 0.402885 0.892241 0.410577 0.895833 0.419231 0.904454 0.426923 0.917385 0.450000 0.921695 0.463462 0.921695 0.480769 0.918822 0.490385 0.906609 0.500962
0 0.804598 0.162500 0.785920 0.158654 0.784483 0.154808 0.771552 0.149038 0.766523 0.140385 0.766523 0.103846 0.772270 0.092308 0.781609 0.081731 0.797414 0.081731 0.808908 0.089423 0.814655 0.089423 0.819684 0.096154 0.828305 0.121154 0.826868 0.146154 0.821839 0.152885 0.804598 0.162500
0 0.316092 0.181731 0.294540 0.179808 0.284483 0.170192 0.269397 0.148077 0.263649 0.123077 0.263649 0.105769 0.265086 0.098077 0.272989 0.083654 0.283046 0.077885 0.298851 0.079808 0.313218 0.091346 0.323994 0.109615 0.331178 0.153846 0.326868 0.171154 0.316092 0.181731
0 0.941092 0.258654 0.929598 0.254808 0.910201 0.228846 0.905891 0.207692 0.905891 0.188462 0.908764 0.178846 0.912356 0.174038 0.935345 0.162500 0.943966 0.162500 0.951149 0.166346 0.960489 0.178846 0.969109 0.203846 0.969109 0.215385 0.964799 0.226923 0.956897 0.233654 0.953305 0.238462 0.950431 0.250000 0.941092 0.258654
0 0.772989 0.545192 0.767241 0.545192 0.766523 0.538462 0.755029 0.526923 0.755029 0.507692 0.757902 0.500000 0.762931 0.495192 0.774425 0.491346 0.790230 0.491346 0.792385 0.496154 0.790948 0.521154 0.785920 0.531731 0.772989 0.545192
0 0.600575 0.754808 0.589080 0.749038 0.582615 0.738462 0.579741 0.726923 0.581178 0.709615 0.592672 0.680769 0.607759 0.658654 0.620690 0.650962 0.629310 0.652885 0.640086 0.665385 0.644397 0.676923 0.644397 0.709615 0.637213 0.726923 0.627874 0.739423 0.614943 0.750962 0.600575 0.754808
0 0.298851 0.527885 0.285920 0.527885 0.271552 0.522115 0.259339 0.500000 0.255029 0.463462 0.256466 0.453846 0.259339 0.446154 0.270115 0.435577 0.294540 0.435577 0.301724 0.445192 0.318966 0.452885 0.325431 0.459615 0.329741 0.469231 0.331178 0.496154 0.326868 0.505769 0.310345 0.524038 0.298851 0.527885
0 0.170977 0.677885 0.156609 0.675962 0.146552 0.668269 0.128592 0.646154 0.111351 0.611538 0.107040 0.596154 0.107040 0.573077 0.109914 0.563462 0.119253 0.552885 0.132184 0.550962 0.150862 0.562500 0.167385 0.582692 0.183190 0.611538 0.187500 0.630769 0.186063 0.657692 0.181753 0.667308 0.170977 0.677885
0 0.160201 0.998077 0.162356 0.993269 0.178161 0.985577 0.186782 0.987500 0.197557 0.998077
0 0.959770 0.752885 0.939655 0.750962 0.926724 0.745192 0.907328 0.730769 0.898707 0.701923 0.885776 0.676923 0.884339 0.663462 0.889368 0.650962 0.905172 0.643269 0.920977 0.645192 0.939655 0.660577 0.960489 0.688462 0.971983 0.717308 0.973420 0.728846 0.969109 0.744231 0.959770 0.752885
0 0.136494 0.362500 0.122126 0.360577 0.112787 0.346154 0.111351 0.326923 0.115661 0.307692 0.135057 0.285577 0.155172 0.275962 0.160920 0.270192 0.176724 0.270192 0.179598 0.274038 0.182471 0.272115 0.194684 0.290385 0.193247 0.303846 0.188937 0.313462 0.179598 0.322115 0.169540 0.325962 0.150862 0.352885 0.136494 0.362500
0 0.998563 0.054808 0.993534 0.048077 0.989224 0.032692 0.989224 0.015385 0.993534 0.000000
0 0.205460 0.277885 0.192529 0.275962 0.173851 0.262500 0.157328 0.236538 0.148707 0.209615 0.148707 0.198077 0.155172 0.185577 0.169540 0.175962 0.191092 0.177885 0.205460 0.187500 0.219109 0.203846 0.221983 0.213462 0.233477 0.232692 0.239224 0.253846 0.237787 0.259615 0.229885 0.270192 0.219828 0.275962 0.205460 0.277885
0 0.998563 0.604808 0.993534 0.580769 0.994971 0.573077 0.997845 0.571154 0.994971 0.569231 0.994971 0.565385 0.998563 0.554808
0 0.408046 0.895192 0.395115 0.895192 0.377874 0.889423 0.370690 0.885577 0.361351 0.875000 0.351293 0.848077 0.351293 0.830769 0.360632 0.814423 0.377874 0.808654 0.392241 0.808654 0.416667 0.825962 0.431753 0.842308 0.436063 0.853846 0.434626 0.873077 0.422414 0.889423 0.408046 0.895192
