0 0.609375 0.525391 0.587500 0.525391 0.579688 0.515625 0.579688 0.500000 0.600000 0.482422 0.621875 0.482422 0.635938 0.500000 0.635938 0.515625 0.631250 0.521484 0.609375 0.525391
0 0.103125 0.974609 0.093750 0.974609 0.089063 0.960938 0.095312 0.937500 0.106250 0.923828 0.137500 0.916016 0.151562 0.921875 0.151562 0.945312 0.146875 0.951172 0.103125 0.974609
0 0.075000 0.833984 0.056250 0.833984 0.045312 0.820312 0.045312 0.789062 0.112500 0.751953 0.117188 0.757812 0.117188 0.773438 0.095312 0.812500 0.075000 0.833984
0 0.996875 0.119141 0.987500 0.130859 0.975000 0.134766 0.964063 0.113281 0.970313 0.082031 0.996875 0.048828
0 0.526563 0.996094 0.543750 0.970703 0.568750 0.955078 0.584375 0.931641 0.593750 0.931641 0.609375 0.919922 0.625000 0.900391 0.637500 0.900391 0.642188 0.906250 0.618750 0.943359 0.590625 0.962891 0.557813 0.996094
0 0.725000 0.380859 0.681250 0.380859 0.670312 0.371094 0.670312 0.351562 0.693750 0.330078 0.750000 0.341797 0.754687 0.355469 0.725000 0.380859
0 0.996875 0.712891 0.982812 0.734375 0.951562 0.824219 0.909375 0.873047 0.900000 0.880859 0.884375 0.880859 0.879687 0.875000 0.879687 0.859375 0.917188 0.804688 0.932813 0.761719 0.945312 0.746094 0.973437 0.687500 0.996875 0.666016
0 0.040625 0.728516 0.014063 0.726562 0.007812 0.703125 0.015625 0.689453 0.062500 0.673828 0.115625 0.673828 0.123438 0.683594 0.115625 0.701172 0.103125 0.701172 0.071875 0.720703 0.040625 0.728516
0 0.193750 0.748047 0.159375 0.748047 0.134375 0.740234 0.123438 0.730469 0.123438 0.722656 0.146875 0.705078 0.190625 0.705078 0.204687 0.726562 0.204687 0.738281 0.193750 0.748047
0 0.392188 0.000000 0.395313 0.019531 0.389062 0.027344 0.389062 0.042969 0.378125 0.052734 0.368750 0.052734 0.360938 0.035156 0.364063 0.000000
0 0.609375 0.646484 0.568750 0.642578 0.564063 0.636719 0.564063 0.621094 0.581250 0.607422 0.603125 0.607422 0.643750 0.576172 0.696875 0.572266 0.701562 0.578125 0.701562 0.589844 0.690625 0.603516 0.643750 0.634766 0.609375 0.646484
0 0.107813 0.000000 0.096875 0.013672 0.075000 0.013672 0.060937 0.000000
0 0.481250 0.759766 0.434375 0.755859 0.418750 0.748047 0.414062 0.738281 0.462500 0.701172 0.506250 0.701172 0.525000 0.685547 0.534375 0.685547 0.539062 0.691406 0.535937 0.726562 0.506250 0.751953 0.481250 0.759766
0 0.378125 0.845703 0.365625 0.845703 0.328125 0.826172 0.323437 0.820312 0.323437 0.804688 0.353125 0.787109 0.390625 0.783203 0.406250 0.775391 0.450000 0.779297 0.460938 0.792969 0.460938 0.804688 0.453125 0.814453 0.425000 0.818359 0.406250 0.833984 0.378125 0.845703
0 0.731250 0.279297 0.690625 0.279297 0.685937 0.269531 0.696875 0.251953 0.765625 0.220703 0.787500 0.205078 0.800000 0.208984 0.807813 0.218750 0.807813 0.230469 0.793750 0.248047 0.731250 0.279297
0 0.681250 0.783203 0.671875 0.779297 0.664062 0.765625 0.664062 0.738281 0.700000 0.701172 0.725000 0.708984 0.729688 0.714844 0.729688 0.746094 0.718750 0.759766 0.681250 0.783203
0 0.734375 0.462891 0.678125 0.458984 0.670312 0.449219 0.670312 0.437500 0.687500 0.419922 0.750000 0.408203 0.806250 0.408203 0.834375 0.419922 0.842187 0.429688 0.837500 0.443359 0.818750 0.451172 0.734375 0.462891
0 0.690625 0.134766 0.678125 0.134766 0.642188 0.105469 0.632812 0.085938 0.632812 0.058594 0.637500 0.052734 0.650000 0.048828 0.679688 0.074219 0.695312 0.121094 0.690625 0.134766
0 0.656250 0.314453 0.615625 0.314453 0.575000 0.302734 0.531250 0.279297 0.518750 0.279297 0.510938 0.269531 0.510938 0.253906 0.525000 0.244141 0.546875 0.244141 0.628125 0.271484 0.664062 0.296875 0.656250 0.314453
0 0.506250 0.908203 0.493750 0.908203 0.476562 0.882812 0.476562 0.871094 0.496875 0.845703 0.525000 0.841797 0.532813 0.851562 0.532813 0.875000 0.506250 0.908203
0 0.859375 0.279297 0.846875 0.279297 0.839063 0.269531 0.839063 0.238281 0.889062 0.144531 0.900000 0.130859 0.909375 0.130859 0.914062 0.136719 0.914062 0.160156 0.907813 0.179688 0.892188 0.207031 0.870313 0.265625 0.859375 0.279297
0 0.343750 0.291016 0.331250 0.291016 0.326562 0.285156 0.326562 0.261719 0.307812 0.234375 0.307812 0.210938 0.331250 0.189453 0.353125 0.189453 0.360938 0.199219 0.348438 0.230469 0.351562 0.281250 0.343750 0.291016
0 0.171875 0.810547 0.153125 0.806641 0.148438 0.800781 0.148438 0.785156 0.165625 0.771484 0.190625 0.775391 0.198437 0.785156 0.195312 0.796875 0.187500 0.806641 0.171875 0.810547
0 0.000000 0.708984 0.014063 0.714844 0.014063 0.734375 0.000000 0.748047
0 0.000000 0.525391 0.026562 0.550781 0.021875 0.564453 0.000000 0.560547
0 0.540625 0.486328 0.437500 0.486328 0.415625 0.478516 0.410938 0.464844 0.418750 0.455078 0.443750 0.443359 0.503125 0.443359 0.621875 0.412109 0.659375 0.412109 0.664062 0.417969 0.659375 0.431641 0.609375 0.466797 0.540625 0.486328
0 0.146875 0.900391 0.084375 0.896484 0.076563 0.886719 0.076563 0.863281 0.100000 0.837891 0.131250 0.841797 0.170313 0.878906 0.165625 0.892578 0.146875 0.900391
0 0.746875 0.208984 0.725000 0.208984 0.720313 0.195312 0.753125 0.150391 0.778125 0.142578 0.785937 0.152344 0.785937 0.171875 0.746875 0.208984
0 0.721875 0.091797 0.709375 0.087891 0.695312 0.070312 0.685937 0.050781 0.690625 0.041016 0.712500 0.037109 0.735938 0.062500 0.735938 0.078125 0.721875 0.091797
