0 0.265625 0.275391 0.242188 0.275391 0.232422 0.265625 0.232422 0.246094 0.253906 0.220703 0.273438 0.216797 0.291016 0.230469 0.291016 0.253906 0.265625 0.275391
0 0.699219 0.744141 0.656250 0.740234 0.646484 0.730469 0.646484 0.710938 0.664062 0.701172 0.683594 0.701172 0.699219 0.708984 0.708984 0.718750 0.708984 0.738281 0.699219 0.744141
0 0.000000 0.814453 0.015625 0.814453 0.029297 0.828125 0.023438 0.845703 0.000000 0.849609
0 0.070312 0.763672 0.046875 0.763672 0.021484 0.750000 0.017578 0.730469 0.031250 0.712891 0.058594 0.712891 0.080078 0.722656 0.083984 0.750000 0.070312 0.763672
0 0.437500 0.201172 0.417969 0.201172 0.412109 0.179688 0.429688 0.158203 0.453125 0.154297 0.462891 0.164062 0.462891 0.179688 0.449219 0.197266 0.437500 0.201172
0 0.925781 0.271484 0.902344 0.271484 0.888672 0.253906 0.888672 0.238281 0.914062 0.201172 0.937500 0.197266 0.955078 0.210938 0.955078 0.238281 0.943359 0.257812 0.925781 0.271484
0 0.996094 0.689453 0.953125 0.693359 0.935547 0.679688 0.935547 0.660156 0.953125 0.642578 0.996094 0.638672
0 0.066406 0.173828 0.046875 0.173828 0.029297 0.164062 0.029297 0.152344 0.039062 0.138672 0.070312 0.130859 0.087891 0.144531 0.087891 0.156250 0.066406 0.173828
0 0.507812 0.818359 0.488281 0.818359 0.464844 0.806641 0.458984 0.781250 0.468750 0.771484 0.507812 0.779297 0.517578 0.789062 0.517578 0.804688 0.507812 0.818359
0 0.523438 0.236328 0.503906 0.236328 0.494141 0.226562 0.494141 0.210938 0.515625 0.185547 0.539062 0.181641 0.548828 0.187500 0.548828 0.210938 0.523438 0.236328
0 0.703125 0.806641 0.664062 0.802734 0.650391 0.789062 0.650391 0.773438 0.660156 0.763672 0.699219 0.767578 0.716797 0.785156 0.716797 0.796875 0.703125 0.806641
