0 0.566406 0.060547 0.542969 0.060547 0.529297 0.046875 0.529297 0.023438 0.535156 0.017578 0.574219 0.013672 0.583984 0.023438 0.580078 0.050781 0.566406 0.060547
0 0.589844 0.224609 0.574219 0.220703 0.560547 0.207031 0.556641 0.164062 0.566406 0.158203 0.585938 0.162109 0.603516 0.187500 0.603516 0.210938 0.589844 0.224609
0 0.816406 0.767578 0.794922 0.750000 0.802734 0.722656 0.824219 0.708984 0.855469 0.712891 0.861328 0.722656 0.857422 0.738281 0.839844 0.755859 0.816406 0.767578
0 0.070312 0.142578 0.046875 0.138672 0.033203 0.125000 0.033203 0.093750 0.058594 0.064453 0.078125 0.060547 0.097656 0.068359 0.111328 0.082031 0.115234 0.105469 0.097656 0.130859 0.070312 0.142578
0 0.574219 0.607422 0.554688 0.607422 0.533203 0.585938 0.537109 0.570312 0.554688 0.556641 0.582031 0.556641 0.603516 0.574219 0.603516 0.585938 0.574219 0.607422
0 0.769531 0.775391 0.753906 0.775391 0.750000 0.767578 0.712891 0.746094 0.712891 0.730469 0.730469 0.712891 0.750000 0.708984 0.771484 0.726562 0.775391 0.765625 0.769531 0.775391
0 0.628906 0.064453 0.597656 0.064453 0.587891 0.054688 0.583984 0.015625 0.589844 0.009766 0.628906 0.005859 0.642578 0.019531 0.638672 0.054688 0.628906 0.064453
0 0.966797 0.996094 0.966797 0.953125 0.976562 0.943359 0.996094 0.943359
0 0.316406 0.173828 0.289062 0.166016 0.271484 0.144531 0.275391 0.089844 0.289062 0.076172 0.312500 0.072266 0.328125 0.076172 0.341797 0.089844 0.341797 0.097656 0.365234 0.113281 0.349609 0.152344 0.316406 0.173828
0 0.511719 0.244141 0.484375 0.244141 0.470703 0.222656 0.478516 0.187500 0.496094 0.181641 0.507812 0.169922 0.531250 0.177734 0.544922 0.203125 0.541016 0.226562 0.511719 0.244141
0 0.214844 0.443359 0.187500 0.439453 0.177734 0.429688 0.173828 0.410156 0.183594 0.396484 0.203125 0.392578 0.224609 0.410156 0.224609 0.433594 0.214844 0.443359
0 0.914062 0.865234 0.882812 0.857422 0.869141 0.835938 0.873047 0.804688 0.898438 0.787109 0.929688 0.787109 0.947266 0.800781 0.943359 0.847656 0.914062 0.865234
0 0.373047 0.000000 0.351562 0.017578 0.339844 0.013672 0.333984 0.000000
0 0.806641 0.996094 0.810547 0.980469 0.835938 0.966797 0.859375 0.974609 0.876953 0.996094
0 0.466797 0.000000 0.486328 0.023438 0.486328 0.042969 0.472656 0.060547 0.449219 0.056641 0.427734 0.035156 0.427734 0.015625 0.435547 0.000000
0 0.882812 0.326172 0.875000 0.326172 0.865234 0.316406 0.865234 0.304688 0.849609 0.292969 0.853516 0.269531 0.863281 0.259766 0.882812 0.263672 0.900391 0.292969 0.896484 0.320312 0.882812 0.326172
0 0.632812 0.177734 0.617188 0.177734 0.595703 0.144531 0.595703 0.128906 0.609375 0.119141 0.621094 0.119141 0.646484 0.136719 0.642578 0.167969 0.632812 0.177734
0 0.394531 0.478516 0.371094 0.478516 0.353516 0.460938 0.357422 0.437500 0.378906 0.423828 0.394531 0.423828 0.416016 0.437500 0.416016 0.460938 0.394531 0.478516
0 0.699219 0.853516 0.679688 0.849609 0.658203 0.820312 0.675781 0.783203 0.703125 0.787109 0.724609 0.824219 0.720703 0.835938 0.699219 0.853516
