0 0.248438 0.996094 0.215625 0.966797 0.179688 0.914062 0.179688 0.898438 0.193750 0.876953 0.225000 0.876953 0.281250 0.892578 0.343750 0.896484 0.362500 0.904297 0.370312 0.921875 0.345313 0.980469 0.345313 0.996094
0 0.603125 0.310547 0.546875 0.310547 0.532813 0.300781 0.523438 0.269531 0.520312 0.234375 0.546875 0.189453 0.587500 0.177734 0.612500 0.177734 0.621875 0.189453 0.643750 0.201172 0.681250 0.201172 0.717187 0.214844 0.717187 0.250000 0.703125 0.267578 0.625000 0.294922 0.603125 0.310547
0 0.715625 0.208984 0.681250 0.201172 0.643750 0.201172 0.620313 0.187500 0.620313 0.160156 0.614062 0.140625 0.626563 0.113281 0.665625 0.068359 0.693750 0.060547 0.706250 0.048828 0.737500 0.052734 0.753125 0.048828 0.759375 0.041016 0.787500 0.041016 0.803125 0.044922 0.809375 0.052734 0.821875 0.052734 0.851562 0.089844 0.851562 0.128906 0.832812 0.167969 0.818750 0.185547 0.759375 0.205078 0.715625 0.208984
0 0.132812 0.000000 0.135937 0.015625 0.126562 0.054688 0.106250 0.087891 0.087500 0.083984 0.067187 0.058594 0.067187 0.039062 0.073438 0.023438 0.092188 0.000000
0 0.651563 0.996094 0.648438 0.953125 0.654687 0.941406 0.654687 0.906250 0.659375 0.900391 0.681250 0.896484 0.703125 0.865234 0.721875 0.865234 0.731250 0.873047 0.803125 0.869141 0.821875 0.880859 0.832812 0.894531 0.845313 0.925781 0.842187 0.980469 0.832812 0.996094
0 0.837500 0.724609 0.825000 0.724609 0.807813 0.707031 0.807813 0.691406 0.814063 0.675781 0.832812 0.656250 0.832812 0.644531 0.815625 0.634766 0.798438 0.609375 0.821875 0.580078 0.840625 0.580078 0.856250 0.611328 0.862500 0.611328 0.875000 0.595703 0.896875 0.599609 0.907813 0.621094 0.907813 0.636719 0.900000 0.646484 0.875000 0.658203 0.864062 0.671875 0.857812 0.710938 0.850000 0.720703 0.837500 0.724609
0 0.590625 0.958984 0.537500 0.958984 0.503125 0.947266 0.487500 0.935547 0.473438 0.906250 0.454688 0.886719 0.445312 0.863281 0.448437 0.832031 0.465625 0.810547 0.475000 0.806641 0.493750 0.779297 0.515625 0.763672 0.553125 0.751953 0.590625 0.759766 0.607812 0.777344 0.610938 0.816406 0.620313 0.835938 0.657813 0.882812 0.635938 0.906250 0.612500 0.947266 0.590625 0.958984
0 0.487500 0.666016 0.450000 0.662109 0.434375 0.646484 0.412500 0.642578 0.401562 0.621094 0.395313 0.582031 0.362500 0.552734 0.354687 0.539062 0.368750 0.529297 0.393750 0.529297 0.462500 0.572266 0.492188 0.617188 0.492188 0.660156 0.487500 0.666016
0 0.996875 0.458984 0.959375 0.478516 0.896875 0.482422 0.846875 0.466797 0.823438 0.429688 0.823438 0.390625 0.832812 0.371094 0.832812 0.359375 0.857812 0.332031 0.875000 0.302734 0.918750 0.294922 0.959375 0.318359 0.996875 0.318359
0 0.000000 0.185547 0.037500 0.177734 0.087500 0.193359 0.109375 0.208984 0.123438 0.242188 0.148438 0.277344 0.157812 0.355469 0.146875 0.376953 0.125000 0.392578 0.075000 0.392578 0.043750 0.373047 0.000000 0.322266
0 0.000000 0.630859 0.006250 0.630859 0.025000 0.654297 0.037500 0.658203 0.054688 0.687500 0.067187 0.718750 0.067187 0.765625 0.076563 0.789062 0.073438 0.808594 0.046875 0.830078 0.025000 0.833984 0.018750 0.841797 0.000000 0.830078
0 0.234375 0.626953 0.190625 0.626953 0.181250 0.619141 0.159375 0.615234 0.140625 0.599609 0.123438 0.578125 0.095312 0.515625 0.095312 0.492188 0.101562 0.480469 0.140625 0.458984 0.162500 0.458984 0.200000 0.474609 0.254688 0.546875 0.254688 0.589844 0.248438 0.613281 0.234375 0.626953
0 0.404687 0.996094 0.418750 0.955078 0.450000 0.955078 0.493750 0.966797 0.514062 0.996094
0 0.353125 0.853516 0.337500 0.853516 0.300000 0.833984 0.282813 0.816406 0.260937 0.777344 0.257812 0.679688 0.267188 0.656250 0.306250 0.607422 0.340625 0.607422 0.368750 0.619141 0.389062 0.640625 0.407813 0.687500 0.410938 0.765625 0.395313 0.812500 0.371875 0.841797 0.353125 0.853516
0 0.996875 0.080078 0.965625 0.107422 0.937500 0.123047 0.868750 0.126953 0.851562 0.121094 0.851562 0.082031 0.818750 0.044922 0.737500 0.041016 0.731250 0.048828 0.693750 0.048828 0.671875 0.060547 0.659375 0.060547 0.654687 0.054688 0.654687 0.019531 0.676562 0.000000
0 0.240625 0.814453 0.203125 0.814453 0.184375 0.806641 0.159375 0.787109 0.142187 0.761719 0.123438 0.675781 0.126562 0.652344 0.137500 0.634766 0.146875 0.634766 0.181250 0.654297 0.217188 0.687500 0.251563 0.761719 0.251563 0.796875 0.240625 0.814453
0 0.775000 0.513672 0.728125 0.513672 0.718750 0.505859 0.684375 0.498047 0.645312 0.457031 0.645312 0.425781 0.657813 0.402344 0.684375 0.373047 0.718750 0.349609 0.746875 0.341797 0.771875 0.326172 0.831250 0.333984 0.842187 0.347656 0.832812 0.359375 0.832812 0.371094 0.823438 0.390625 0.823438 0.429688 0.842187 0.460938 0.800000 0.505859 0.775000 0.513672
0 0.996875 0.318359 0.959375 0.318359 0.940625 0.310547 0.921875 0.298828 0.906250 0.275391 0.879687 0.250000 0.879687 0.218750 0.903125 0.181641 0.912500 0.181641 0.934375 0.158203 0.956250 0.146484 0.975000 0.138672 0.996875 0.138672
