0 0.872222 0.218056 0.847222 0.218056 0.836111 0.212500 0.818056 0.191667 0.818056 0.163889 0.826389 0.147222 0.843056 0.122222 0.886111 0.084722 0.913889 0.076389 0.963889 0.079167 0.987500 0.102778 0.990278 0.125000 0.984722 0.141667 0.952778 0.176389 0.925000 0.198611 0.872222 0.218056
0 0.213889 0.295833 0.169444 0.287500 0.150000 0.273611 0.131944 0.250000 0.129167 0.225000 0.137500 0.205556 0.152778 0.190278 0.183333 0.173611 0.211111 0.151389 0.222222 0.145833 0.241667 0.145833 0.252778 0.148611 0.279167 0.177778 0.279167 0.227778 0.259722 0.263889 0.236111 0.287500 0.213889 0.295833
0 0.334722 0.000000 0.326389 0.030556 0.315278 0.050000 0.291667 0.065278 0.261111 0.065278 0.216667 0.045833 0.198611 0.025000 0.198611 0.000000
0 0.147222 0.459722 0.122222 0.459722 0.105556 0.454167 0.090278 0.441667 0.079167 0.419444 0.084722 0.380556 0.122222 0.340278 0.144444 0.326389 0.158333 0.320833 0.194444 0.323611 0.212500 0.338889 0.220833 0.361111 0.220833 0.386111 0.215278 0.408333 0.191667 0.443056 0.147222 0.459722
0 0.266667 0.745833 0.222222 0.743056 0.191667 0.726389 0.168056 0.702778 0.159722 0.686111 0.159722 0.655556 0.168056 0.633333 0.213889 0.584722 0.241667 0.570833 0.283333 0.568056 0.297222 0.573611 0.315278 0.588889 0.326389 0.616667 0.331944 0.652778 0.318056 0.708333 0.297222 0.731944 0.266667 0.745833
0 0.997222 0.793056 0.980556 0.787500 0.968056 0.763889 0.970833 0.722222 0.997222 0.662500
0 0.211111 0.562500 0.180556 0.559722 0.162500 0.538889 0.159722 0.508333 0.168056 0.477778 0.183333 0.459722 0.227778 0.426389 0.261111 0.418056 0.277778 0.420833 0.290278 0.433333 0.298611 0.452778 0.298611 0.469444 0.290278 0.488889 0.263889 0.534722 0.244444 0.548611 0.211111 0.562500
0 0.579167 0.997222 0.568056 0.983333 0.565278 0.966667 0.559722 0.961111 0.559722 0.880556 0.581944 0.844444 0.605556 0.823611 0.619444 0.820833 0.633333 0.820833 0.644444 0.826389 0.679167 0.863889 0.679167 0.888889 0.673611 0.905556 0.676389 0.958333 0.668056 0.991667 0.662500 0.997222
0 0.000000 0.329167 0.020833 0.363889 0.018056 0.405556 0.000000 0.423611
0 0.802778 0.723611 0.772222 0.723611 0.736111 0.704167 0.720833 0.683333 0.720833 0.666667 0.712500 0.652778 0.765278 0.572222 0.788889 0.556944 0.819444 0.559722 0.838889 0.570833 0.854167 0.586111 0.859722 0.608333 0.859722 0.627778 0.845833 0.675000 0.820833 0.711111 0.802778 0.723611
0 0.000000 0.795833 0.009722 0.772222 0.022222 0.759722 0.036111 0.754167 0.058333 0.756944 0.069444 0.762500 0.126389 0.822222 0.129167 0.852778 0.118056 0.880556 0.097222 0.901389 0.075000 0.909722 0.044444 0.909722 0.022222 0.901389 0.009722 0.888889 0.004167 0.844444 0.000000 0.837500
0 0.727778 0.456944 0.688889 0.451389 0.666667 0.437500 0.640278 0.413889 0.612500 0.375000 0.601389 0.352778 0.598611 0.330556 0.606944 0.302778 0.619444 0.290278 0.630556 0.284722 0.680556 0.290278 0.716667 0.318056 0.762500 0.372222 0.768056 0.391667 0.762500 0.433333 0.747222 0.451389 0.727778 0.456944
0 0.000000 0.087500 0.005556 0.076389 0.041667 0.076389 0.065278 0.097222 0.070833 0.113889 0.065278 0.152778 0.048611 0.186111 0.022222 0.212500 0.002778 0.220833 0.000000 0.218056
0 0.184722 0.997222 0.184722 0.988889 0.201389 0.955556 0.230556 0.934722 0.247222 0.934722 0.270833 0.952778 0.290278 0.988889 0.290278 0.997222
0 0.000000 0.529167 0.036111 0.543056 0.045833 0.552778 0.051389 0.566667 0.051389 0.583333 0.029167 0.636111 0.026389 0.677778 0.011111 0.698611 0.000000 0.701389
0 0.602778 0.554167 0.572222 0.551389 0.536111 0.537500 0.484722 0.494444 0.476389 0.475000 0.476389 0.455556 0.522222 0.409722 0.547222 0.398611 0.569444 0.401389 0.593056 0.430556 0.598611 0.450000 0.618056 0.483333 0.620833 0.511111 0.618056 0.538889 0.602778 0.554167
0 0.997222 0.323611 0.963889 0.345833 0.938889 0.351389 0.930556 0.348611 0.911111 0.356944 0.872222 0.354167 0.856944 0.338889 0.854167 0.327778 0.856944 0.302778 0.868056 0.286111 0.902778 0.256944 0.958333 0.240278 0.975000 0.237500 0.997222 0.240278
0 0.383333 0.348611 0.338889 0.343056 0.312500 0.316667 0.309722 0.291667 0.318056 0.269444 0.338889 0.245833 0.352778 0.237500 0.372222 0.234722 0.402778 0.243056 0.425000 0.262500 0.444444 0.270833 0.468056 0.294444 0.465278 0.322222 0.447222 0.340278 0.383333 0.348611
0 0.729167 0.997222 0.731944 0.988889 0.758333 0.965278 0.825000 0.934722 0.844444 0.934722 0.868056 0.955556 0.876389 0.977778 0.876389 0.997222
0 0.877778 0.898611 0.850000 0.895833 0.831944 0.872222 0.831944 0.833333 0.840278 0.813889 0.869444 0.781944 0.897222 0.768056 0.930556 0.765278 0.950000 0.773611 0.968056 0.800000 0.970833 0.822222 0.965278 0.844444 0.916667 0.881944 0.877778 0.898611
