0 0.382812 0.365234 0.359375 0.365234 0.341797 0.347656 0.341797 0.320312 0.363281 0.302734 0.382812 0.302734 0.404297 0.316406 0.404297 0.339844 0.382812 0.365234
0 0.074219 0.357422 0.066406 0.357422 0.048828 0.332031 0.066406 0.310547 0.089844 0.306641 0.103516 0.320312 0.103516 0.328125 0.091797 0.347656 0.074219 0.357422
0 0.867188 0.154297 0.843750 0.154297 0.830078 0.140625 0.830078 0.125000 0.822266 0.117188 0.826172 0.097656 0.851562 0.072266 0.871094 0.076172 0.892578 0.101562 0.888672 0.125000 0.867188 0.154297
0 0.171875 0.236328 0.160156 0.236328 0.138672 0.210938 0.138672 0.187500 0.148438 0.173828 0.171875 0.173828 0.189453 0.191406 0.189453 0.214844 0.171875 0.236328
0 0.101562 0.193359 0.062500 0.189453 0.044922 0.167969 0.048828 0.148438 0.058594 0.146484 0.089844 0.119141 0.105469 0.123047 0.123047 0.140625 0.123047 0.171875 0.101562 0.193359
0 0.037109 0.996094 0.037109 0.980469 0.046875 0.966797 0.082031 0.955078 0.099609 0.968750 0.103516 0.996094
0 0.365234 0.000000 0.357422 0.031250 0.335938 0.048828 0.308594 0.048828 0.291016 0.035156 0.291016 0.007812 0.298828 0.000000
0 0.488281 0.197266 0.460938 0.189453 0.451172 0.175781 0.455078 0.132812 0.472656 0.115234 0.500000 0.115234 0.513672 0.136719 0.513672 0.183594 0.488281 0.197266
0 0.703125 0.205078 0.683594 0.205078 0.669922 0.191406 0.662109 0.167969 0.666016 0.136719 0.683594 0.123047 0.710938 0.123047 0.732422 0.144531 0.736328 0.156250 0.736328 0.179688 0.703125 0.205078
0 0.738281 0.818359 0.710938 0.818359 0.701172 0.804688 0.705078 0.773438 0.726562 0.755859 0.761719 0.759766 0.767578 0.769531 0.759766 0.804688 0.738281 0.818359
