0 0.910156 0.412109 0.886719 0.412109 0.869141 0.394531 0.882812 0.353516 0.914062 0.353516 0.931641 0.378906 0.927734 0.394531 0.910156 0.412109
0 0.722656 0.853516 0.683594 0.853516 0.673828 0.843750 0.673828 0.832031 0.699219 0.802734 0.714844 0.802734 0.732422 0.824219 0.732422 0.843750 0.722656 0.853516
0 0.898438 0.939453 0.886719 0.939453 0.869141 0.925781 0.869141 0.914062 0.878906 0.900391 0.898438 0.900391 0.912109 0.914062 0.908203 0.933594 0.898438 0.939453
0 0.652344 0.771484 0.640625 0.771484 0.626953 0.761719 0.626953 0.726562 0.632812 0.720703 0.648438 0.720703 0.662109 0.730469 0.662109 0.753906 0.652344 0.771484
0 0.597656 0.810547 0.583984 0.804688 0.589844 0.791016 0.603516 0.796875 0.597656 0.810547
0 0.703125 0.759766 0.683594 0.759766 0.673828 0.746094 0.673828 0.722656 0.683594 0.712891 0.691406 0.712891 0.712891 0.738281 0.712891 0.750000 0.703125 0.759766
0 0.683594 0.822266 0.664062 0.822266 0.658203 0.816406 0.658203 0.785156 0.679688 0.771484 0.703125 0.771484 0.720703 0.789062 0.720703 0.796875 0.714844 0.802734 0.695312 0.802734 0.683594 0.822266
0 0.906250 0.689453 0.886719 0.685547 0.873047 0.667969 0.873047 0.644531 0.890625 0.626953 0.921875 0.626953 0.931641 0.644531 0.927734 0.675781 0.906250 0.689453
0 0.562500 0.634766 0.519531 0.634766 0.509766 0.605469 0.531250 0.591797 0.562500 0.599609 0.568359 0.605469 0.568359 0.628906 0.562500 0.634766
0 0.554688 0.673828 0.531250 0.673828 0.517578 0.660156 0.517578 0.644531 0.527344 0.634766 0.560547 0.636719 0.564453 0.660156 0.554688 0.673828
0 0.617188 0.791016 0.609375 0.791016 0.603516 0.777344 0.617188 0.763672 0.625000 0.763672 0.630859 0.777344 0.617188 0.791016
0 0.617188 0.810547 0.603516 0.804688 0.609375 0.791016 0.623047 0.796875 0.617188 0.810547
