0 0.847656 0.372559 0.842773 0.372559 0.840332 0.371094 0.840332 0.369141 0.845215 0.367188 0.843262 0.365234 0.843750 0.359863 0.851562 0.358887 0.855957 0.362305 0.855957 0.366211 0.854492 0.368652 0.847656 0.372559
0 0.109375 0.254395 0.103516 0.253418 0.097656 0.249512 0.096191 0.245117 0.099609 0.241699 0.106445 0.241699 0.111328 0.243652 0.113770 0.249023 0.109375 0.254395
0 0.388672 0.229980 0.380859 0.228027 0.376465 0.222656 0.375488 0.209961 0.381836 0.203613 0.390625 0.202637 0.397949 0.208008 0.400879 0.213867 0.400879 0.221680 0.396484 0.227051 0.388672 0.229980
0 0.827148 0.399902 0.824219 0.399902 0.821777 0.397461 0.823242 0.394043 0.827148 0.394043 0.828613 0.395508 0.827148 0.399902
0 0.569336 0.850098 0.562988 0.846680 0.564453 0.842285 0.568359 0.842285 0.569824 0.843750 0.570801 0.847656 0.569336 0.850098
0 0.656250 0.618652 0.651855 0.616211 0.651855 0.612305 0.659180 0.609863 0.659668 0.614258 0.656250 0.618652
0 0.177734 0.530762 0.174805 0.530762 0.170410 0.526367 0.172852 0.520996 0.178223 0.521484 0.177734 0.530762
0 0.438477 0.696777 0.435547 0.696777 0.434082 0.694336 0.434082 0.690430 0.435547 0.688965 0.441895 0.689453 0.441895 0.694336 0.438477 0.696777
0 0.890625 0.405762 0.878906 0.405762 0.874512 0.402344 0.874512 0.395508 0.876953 0.394043 0.889648 0.395020 0.893066 0.399414 0.893066 0.403320 0.890625 0.405762
0 0.530273 0.230957 0.522461 0.229980 0.517578 0.227051 0.512207 0.219727 0.513184 0.209961 0.518555 0.205566 0.527344 0.206543 0.536621 0.215820 0.537598 0.224609 0.534180 0.229004 0.530273 0.230957
0 0.861328 0.417480 0.855469 0.417480 0.854980 0.415039 0.856445 0.413574 0.862305 0.413574 0.862793 0.416016 0.861328 0.417480
0 0.999023 0.542480 0.996094 0.544434 0.989258 0.544434 0.981934 0.537109 0.981934 0.529297 0.984375 0.524902 0.991211 0.523926 0.999023 0.526855
0 0.914062 0.382324 0.900391 0.382324 0.896484 0.379395 0.893066 0.375000 0.893066 0.369141 0.895020 0.365234 0.900391 0.361816 0.907227 0.361816 0.915039 0.364746 0.920410 0.371094 0.920410 0.375977 0.914062 0.382324
0 0.284180 0.593262 0.270508 0.591309 0.269043 0.589844 0.270996 0.578125 0.276367 0.571777 0.284180 0.570801 0.291504 0.578125 0.288574 0.588867 0.284180 0.593262
0 0.462891 0.712402 0.455078 0.712402 0.450684 0.707031 0.450684 0.702148 0.454102 0.695801 0.467773 0.693848 0.473145 0.698242 0.472168 0.707031 0.462891 0.712402
0 0.127930 0.510254 0.117188 0.510254 0.112793 0.505859 0.111816 0.496094 0.114258 0.492676 0.123047 0.493652 0.126953 0.491699 0.134277 0.492188 0.137207 0.502930 0.127930 0.510254
0 0.349609 0.603027 0.338867 0.603027 0.331543 0.595703 0.331543 0.591797 0.333984 0.589355 0.341797 0.586426 0.348633 0.586426 0.355469 0.589355 0.356934 0.593750 0.354004 0.599609 0.349609 0.603027
0 0.695312 0.588379 0.691406 0.588379 0.689941 0.586914 0.689941 0.583008 0.691406 0.581543 0.696777 0.582031 0.696777 0.586914 0.695312 0.588379
0 0.418945 0.705566 0.411133 0.705566 0.404785 0.702148 0.406738 0.690430 0.412109 0.684082 0.420410 0.692383 0.422363 0.701172 0.418945 0.705566
0 0.547852 0.041504 0.541992 0.040527 0.538574 0.037109 0.538574 0.035156 0.542969 0.033691 0.546875 0.035645 0.549316 0.038086 0.547852 0.041504
0 0.616211 0.574707 0.608398 0.574707 0.604004 0.571289 0.604004 0.568359 0.611328 0.561035 0.622070 0.556152 0.625488 0.558594 0.627441 0.566406 0.625000 0.571777 0.620117 0.571777 0.616211 0.574707
0 0.597656 0.574707 0.592773 0.574707 0.591309 0.573242 0.591309 0.569336 0.593750 0.566895 0.597656 0.566895 0.599121 0.568359 0.597656 0.574707
0 0.926758 0.628418 0.918457 0.627930 0.919922 0.620605 0.925781 0.619629 0.931152 0.623047 0.931152 0.625000 0.926758 0.628418
0 0.403320 0.738770 0.398926 0.737305 0.395020 0.729492 0.395996 0.716797 0.398438 0.713379 0.403320 0.713379 0.406738 0.716797 0.410645 0.727539 0.406738 0.735352 0.403320 0.738770
0 0.724609 0.603027 0.723145 0.600586 0.723145 0.594727 0.724609 0.592285 0.726562 0.592285 0.727051 0.600586 0.724609 0.603027
0 0.879883 0.764160 0.874023 0.764160 0.867676 0.757812 0.866699 0.748047 0.870117 0.744629 0.881836 0.743652 0.888184 0.747070 0.890137 0.751953 0.888184 0.759766 0.879883 0.764160
0 0.794922 0.751465 0.786133 0.747559 0.781738 0.742188 0.779785 0.733398 0.783203 0.728027 0.794922 0.728027 0.801270 0.734375 0.799316 0.745117 0.794922 0.751465
0 0.312500 0.526855 0.300781 0.526855 0.292480 0.519531 0.290527 0.516602 0.290527 0.512695 0.295898 0.508301 0.305664 0.508301 0.310547 0.510254 0.313965 0.514648 0.312500 0.526855
0 0.203125 0.501465 0.195312 0.500488 0.189941 0.496094 0.187012 0.490234 0.187012 0.486328 0.191406 0.479004 0.201172 0.477051 0.211426 0.485352 0.213379 0.490234 0.212402 0.495117 0.208984 0.499512 0.203125 0.501465
0 0.561523 0.615723 0.553711 0.614746 0.544434 0.608398 0.544434 0.598633 0.553711 0.592285 0.558594 0.592285 0.568359 0.597168 0.571777 0.600586 0.571777 0.606445 0.567871 0.612305 0.561523 0.615723
0 0.140625 0.639160 0.128906 0.638184 0.122559 0.632812 0.125488 0.625000 0.134766 0.615723 0.141602 0.615723 0.146973 0.620117 0.147949 0.630859 0.140625 0.639160
0 0.191406 0.356934 0.185547 0.356934 0.184082 0.354492 0.184082 0.336914 0.188477 0.330566 0.195312 0.329590 0.197754 0.332031 0.199707 0.343750 0.196777 0.350586 0.191406 0.356934
0 0.568359 0.858887 0.564453 0.858887 0.558105 0.854492 0.558105 0.849609 0.559570 0.848145 0.564453 0.847168 0.570801 0.851562 0.570801 0.855469 0.568359 0.858887
0 0.283203 0.497559 0.276367 0.496582 0.274902 0.494141 0.277832 0.485352 0.289062 0.478027 0.296875 0.478027 0.299316 0.481445 0.299316 0.486328 0.297363 0.490234 0.291016 0.494629 0.283203 0.497559
0 0.711426 0.999023 0.713379 0.993164 0.720703 0.987793 0.731445 0.989746 0.735840 0.999023
0 0.795898 0.620605 0.791992 0.620605 0.786621 0.613281 0.786621 0.606445 0.790039 0.600098 0.796875 0.603027 0.803223 0.611328 0.802246 0.616211 0.795898 0.620605
0 0.775391 0.349121 0.767578 0.349121 0.761719 0.346191 0.757812 0.340332 0.753906 0.340332 0.752441 0.338867 0.753418 0.333984 0.758789 0.329590 0.766602 0.327637 0.777344 0.330566 0.781738 0.335938 0.781738 0.344727 0.775391 0.349121
0 0.775391 0.672363 0.766602 0.672363 0.762695 0.670410 0.755371 0.663086 0.753418 0.658203 0.753418 0.651367 0.755859 0.648926 0.764648 0.648926 0.773926 0.659180 0.775879 0.662109 0.776855 0.670898 0.775391 0.672363
0 0.204102 0.812012 0.186523 0.812012 0.178223 0.806641 0.179199 0.797852 0.183594 0.792480 0.190430 0.790527 0.204102 0.791504 0.216797 0.797363 0.218262 0.800781 0.216309 0.804688 0.211914 0.809082 0.204102 0.812012
0 0.764648 0.736816 0.760254 0.735352 0.761719 0.729004 0.763672 0.729004 0.765137 0.731445 0.764648 0.736816
0 0.777344 0.946777 0.769531 0.945801 0.768066 0.942383 0.769043 0.936523 0.774414 0.932129 0.778320 0.932129 0.783691 0.936523 0.782715 0.942383 0.777344 0.946777
0 0.705078 0.588379 0.698730 0.587891 0.697754 0.583008 0.699219 0.580566 0.706055 0.580566 0.707520 0.582031 0.707520 0.585938 0.705078 0.588379
0 0.861328 0.625488 0.854492 0.625488 0.848145 0.621094 0.845215 0.613281 0.847656 0.606934 0.860352 0.605957 0.864746 0.609375 0.867676 0.614258 0.867676 0.619141 0.865234 0.623535 0.861328 0.625488
0 0.215820 0.605957 0.202148 0.604004 0.198730 0.600586 0.196777 0.592773 0.199707 0.585938 0.203125 0.583496 0.212891 0.583496 0.217773 0.586426 0.222168 0.591797 0.220215 0.602539 0.215820 0.605957
0 0.747070 0.844238 0.740234 0.843262 0.731934 0.836914 0.730957 0.825195 0.737305 0.819824 0.747070 0.822754 0.753418 0.827148 0.755371 0.833008 0.755371 0.839844 0.752930 0.843262 0.747070 0.844238
0 0.456055 0.688965 0.449707 0.688477 0.450195 0.681152 0.453125 0.681152 0.457520 0.684570 0.456055 0.688965
0 0.837891 0.524902 0.832520 0.523438 0.827637 0.518555 0.824707 0.511719 0.823730 0.502930 0.828125 0.497559 0.841797 0.501465 0.843262 0.503906 0.845215 0.510742 0.845215 0.522461 0.837891 0.524902
0 0.908203 0.421387 0.899414 0.420410 0.894043 0.416016 0.895996 0.407227 0.910156 0.398926 0.918945 0.399902 0.920410 0.401367 0.920410 0.408203 0.918457 0.413086 0.913086 0.419434 0.908203 0.421387
0 0.839844 0.365723 0.832031 0.365723 0.828613 0.361328 0.828613 0.345703 0.833008 0.337402 0.840820 0.341309 0.844238 0.346680 0.845215 0.358398 0.839844 0.365723
0 0.964844 0.442871 0.958008 0.442871 0.951660 0.438477 0.951660 0.433594 0.954590 0.427734 0.960938 0.422363 0.970703 0.423340 0.975098 0.426758 0.975098 0.433594 0.970703 0.438965 0.964844 0.442871
0 0.828125 0.344238 0.822754 0.342773 0.823242 0.337402 0.829590 0.338867 0.829590 0.342773 0.828125 0.344238
0 0.764648 0.830566 0.758301 0.827148 0.756348 0.822266 0.756348 0.812500 0.758789 0.808105 0.767578 0.806152 0.770996 0.810547 0.770996 0.824219 0.764648 0.830566
0 0.550781 0.036621 0.541016 0.033691 0.540527 0.030273 0.543945 0.027832 0.546875 0.027832 0.551270 0.033203 0.550781 0.036621
0 0.019531 0.667480 0.013184 0.662109 0.010254 0.655273 0.010254 0.651367 0.017578 0.645996 0.022461 0.646973 0.024414 0.650879 0.027344 0.650879 0.033691 0.657227 0.033203 0.664551 0.023438 0.665527 0.019531 0.667480
0 0.724609 0.626465 0.721680 0.626465 0.720215 0.624023 0.720215 0.615234 0.722656 0.613770 0.725586 0.613770 0.727051 0.618164 0.727051 0.622070 0.724609 0.626465
0 0.184570 0.291504 0.181641 0.291504 0.178223 0.289062 0.175293 0.280273 0.175293 0.276367 0.181641 0.269043 0.187500 0.269043 0.195801 0.272461 0.192871 0.285156 0.189453 0.289551 0.184570 0.291504
0 0.778320 0.880371 0.772461 0.880371 0.767090 0.875000 0.766113 0.866211 0.768066 0.859375 0.775391 0.851074 0.784180 0.851074 0.787598 0.853516 0.789551 0.857422 0.791504 0.863281 0.790527 0.870117 0.785156 0.877441 0.778320 0.880371
0 0.611328 0.625488 0.604004 0.625000 0.604004 0.621094 0.607422 0.617676 0.611816 0.618164 0.612793 0.624023 0.611328 0.625488
0 0.162109 0.312012 0.159180 0.312012 0.153809 0.304688 0.153809 0.292969 0.155762 0.288086 0.160156 0.283691 0.166016 0.282715 0.170410 0.291016 0.170410 0.295898 0.167480 0.306641 0.162109 0.312012
0 0.271484 0.613770 0.267578 0.613770 0.265137 0.611328 0.265137 0.606445 0.268555 0.602051 0.272949 0.603516 0.272949 0.612305 0.271484 0.613770
0 0.840820 0.863770 0.833984 0.862793 0.827637 0.856445 0.827637 0.843750 0.831055 0.840332 0.840820 0.840332 0.849121 0.851562 0.849121 0.858398 0.840820 0.863770
0 0.673828 0.634277 0.671387 0.632812 0.669434 0.627930 0.668457 0.620117 0.673828 0.610840 0.679688 0.609863 0.684082 0.616211 0.685059 0.624023 0.679688 0.632324 0.673828 0.634277
0 0.679688 0.564941 0.673340 0.563477 0.672363 0.559570 0.674805 0.557129 0.677734 0.557129 0.681152 0.560547 0.679688 0.564941
0 0.835938 0.310059 0.823242 0.308105 0.817383 0.305176 0.813965 0.299805 0.814941 0.292969 0.820312 0.289551 0.826172 0.289551 0.831055 0.291504 0.836426 0.296875 0.839355 0.302734 0.839355 0.306641 0.835938 0.310059
0 0.770508 0.793457 0.759766 0.793457 0.751953 0.789551 0.749512 0.787109 0.750488 0.775391 0.759766 0.773926 0.764648 0.776855 0.772461 0.778809 0.775879 0.784180 0.775879 0.791016 0.770508 0.793457
0 0.144531 0.020996 0.133789 0.019043 0.127441 0.013672 0.126465 0.008789 0.129883 0.003418 0.131836 0.002441 0.136719 0.003418 0.148926 0.012695 0.147949 0.018555 0.144531 0.020996
0 0.447266 0.586426 0.441406 0.586426 0.436523 0.584473 0.431152 0.578125 0.431152 0.571289 0.439453 0.564941 0.449219 0.562988 0.455078 0.565918 0.459473 0.570312 0.460449 0.575195 0.452148 0.585449 0.447266 0.586426
0 0.537109 0.035645 0.533203 0.035645 0.531738 0.033203 0.533203 0.025879 0.540039 0.025879 0.541504 0.027344 0.539551 0.034180 0.537109 0.035645
0 0.601562 0.280762 0.589844 0.277832 0.585449 0.274414 0.584473 0.267578 0.589844 0.259277 0.597656 0.260254 0.604004 0.265625 0.605957 0.269531 0.605957 0.274414 0.604980 0.278320 0.601562 0.280762
0 0.669922 0.517090 0.666992 0.517090 0.661621 0.509766 0.660645 0.501953 0.662598 0.495117 0.665039 0.493652 0.673828 0.493652 0.678223 0.497070 0.677246 0.510742 0.669922 0.517090
0 0.147461 0.259277 0.140625 0.259277 0.139160 0.255859 0.146484 0.254395 0.147949 0.255859 0.147461 0.259277
0 0.602539 0.622559 0.599609 0.622559 0.595215 0.618164 0.596191 0.612305 0.600586 0.607910 0.604492 0.607910 0.607910 0.611328 0.607910 0.616211 0.602539 0.622559
0 0.141602 0.361816 0.137695 0.361816 0.134277 0.359375 0.134277 0.348633 0.136230 0.342773 0.142578 0.338379 0.151367 0.338379 0.152832 0.341797 0.150879 0.353516 0.145508 0.359863 0.141602 0.361816
0 0.651367 0.635254 0.644531 0.634277 0.641113 0.630859 0.641113 0.627930 0.652344 0.627441 0.653809 0.628906 0.653809 0.632812 0.651367 0.635254
0 0.740234 0.767090 0.737793 0.766602 0.737793 0.759766 0.745117 0.758301 0.745605 0.761719 0.740234 0.767090
0 0.173828 0.609863 0.159180 0.608887 0.152832 0.600586 0.153809 0.597656 0.157227 0.594238 0.167969 0.589355 0.180664 0.590332 0.185059 0.599609 0.181641 0.604980 0.179688 0.604980 0.173828 0.609863
0 0.973633 0.661621 0.963867 0.659668 0.958496 0.653320 0.959473 0.642578 0.963867 0.635254 0.976562 0.634277 0.982910 0.640625 0.981934 0.654297 0.977539 0.660645 0.973633 0.661621
0 0.293945 0.559082 0.288086 0.557129 0.283691 0.552734 0.281738 0.546875 0.282227 0.538574 0.288086 0.536621 0.296875 0.536621 0.304199 0.543945 0.306152 0.547852 0.303223 0.555664 0.299805 0.558105 0.293945 0.559082
0 0.868164 0.415527 0.862793 0.414062 0.862793 0.410156 0.864258 0.408691 0.867676 0.409180 0.868164 0.415527
0 0.419922 0.658691 0.414551 0.651367 0.415527 0.645508 0.423828 0.639160 0.430664 0.638184 0.435059 0.642578 0.434082 0.648438 0.425781 0.657715 0.419922 0.658691
0 0.885742 0.421387 0.879883 0.420410 0.877441 0.416016 0.877441 0.409180 0.879883 0.405762 0.889648 0.405762 0.891113 0.407227 0.890137 0.417969 0.885742 0.421387
0 0.712891 0.200684 0.704102 0.199707 0.701660 0.197266 0.699707 0.187500 0.707031 0.178223 0.712891 0.175293 0.716797 0.175293 0.722168 0.180664 0.723145 0.186523 0.712891 0.200684
0 0.860352 0.413574 0.854980 0.413086 0.854980 0.409180 0.857422 0.405762 0.861816 0.407227 0.861816 0.412109 0.860352 0.413574
0 0.139648 0.539551 0.137207 0.539062 0.137207 0.533203 0.143555 0.529785 0.145020 0.531250 0.145020 0.537109 0.139648 0.539551
0 0.269531 0.470215 0.265137 0.469727 0.265625 0.465332 0.270020 0.466797 0.269531 0.470215
0 0.819336 0.609863 0.810547 0.609863 0.807129 0.607422 0.809082 0.598633 0.813477 0.594238 0.828125 0.595215 0.829590 0.597656 0.828613 0.602539 0.819336 0.609863
0 0.665039 0.617676 0.658691 0.617188 0.662109 0.608887 0.666016 0.608887 0.668457 0.611328 0.668457 0.614258 0.665039 0.617676
0 0.770508 0.749512 0.760742 0.747559 0.760254 0.742188 0.761719 0.740723 0.765625 0.740723 0.770020 0.745117 0.770508 0.749512
0 0.976562 0.433105 0.975098 0.432617 0.974609 0.426270 0.970703 0.423340 0.962402 0.421875 0.962402 0.418945 0.964844 0.415527 0.973633 0.411621 0.981445 0.412598 0.987793 0.420898 0.986816 0.428711 0.981445 0.432129 0.976562 0.433105
0 0.370117 0.677246 0.366211 0.677246 0.364746 0.673828 0.366211 0.664551 0.371582 0.665039 0.371582 0.674805 0.370117 0.677246
0 0.339844 0.649902 0.333008 0.649902 0.327637 0.646484 0.327637 0.637695 0.332520 0.629883 0.330566 0.618164 0.336914 0.612793 0.341797 0.613770 0.346191 0.618164 0.349121 0.625000 0.348145 0.641602 0.339844 0.649902
0 0.801758 0.220215 0.791504 0.216797 0.790527 0.212891 0.792969 0.208496 0.796875 0.206543 0.801758 0.206543 0.808105 0.210938 0.808105 0.215820 0.801758 0.220215
0 0.185547 0.178223 0.175781 0.175293 0.169434 0.166992 0.169434 0.159180 0.174805 0.152832 0.178711 0.152832 0.185547 0.156738 0.189941 0.163086 0.190918 0.173828 0.185547 0.178223
0 0.723633 0.356934 0.716797 0.356934 0.713379 0.353516 0.715332 0.345703 0.719238 0.342773 0.719238 0.337891 0.716309 0.335938 0.716309 0.331055 0.717773 0.329590 0.725586 0.329590 0.736816 0.333984 0.737793 0.342773 0.734863 0.348633 0.731445 0.353027 0.723633 0.356934
