0 0.996094 0.751953 0.986328 0.742188 0.986328 0.707031 0.996094 0.697266
0 0.560547 0.996094 0.560547 0.980469 0.566406 0.974609 0.589844 0.974609 0.615234 0.996094
0 0.257812 0.974609 0.246094 0.974609 0.228516 0.953125 0.228516 0.933594 0.234375 0.927734 0.250000 0.927734 0.263672 0.941406 0.267578 0.964844 0.257812 0.974609
0 0.242188 0.423828 0.230469 0.423828 0.216797 0.410156 0.216797 0.371094 0.226562 0.357422 0.242188 0.357422 0.251953 0.367188 0.251953 0.414062 0.242188 0.423828
0 0.125000 0.154297 0.105469 0.154297 0.091797 0.144531 0.087891 0.109375 0.103516 0.074219 0.140625 0.037109 0.156250 0.037109 0.177734 0.062500 0.177734 0.085938 0.154297 0.128906 0.125000 0.154297
0 0.867188 0.458984 0.839844 0.458984 0.830078 0.449219 0.830078 0.433594 0.839844 0.423828 0.855469 0.419922 0.875000 0.423828 0.880859 0.429688 0.880859 0.449219 0.867188 0.458984
0 0.923828 0.996094 0.941406 0.986328 0.968750 0.986328 0.978516 0.996094
0 0.949219 0.302734 0.925781 0.298828 0.916016 0.285156 0.916016 0.261719 0.925781 0.251953 0.937500 0.251953 0.955078 0.273438 0.955078 0.296875 0.949219 0.302734
0 0.925781 0.564453 0.898438 0.560547 0.884766 0.546875 0.884766 0.539062 0.894531 0.529297 0.925781 0.533203 0.935547 0.546875 0.925781 0.564453
0 0.035156 0.681641 0.023438 0.681641 0.013672 0.671875 0.005859 0.648438 0.009766 0.628906 0.023438 0.619141 0.035156 0.623047 0.048828 0.644531 0.048828 0.667969 0.035156 0.681641
0 0.378906 0.888672 0.359375 0.888672 0.341797 0.867188 0.341797 0.839844 0.355469 0.826172 0.367188 0.826172 0.388672 0.855469 0.388672 0.875000 0.378906 0.888672
0 0.164062 0.677734 0.148438 0.673828 0.134766 0.660156 0.134766 0.636719 0.144531 0.626953 0.160156 0.626953 0.173828 0.644531 0.173828 0.667969 0.164062 0.677734
0 0.437500 0.099609 0.406250 0.095703 0.400391 0.089844 0.400391 0.074219 0.421875 0.052734 0.453125 0.044922 0.466797 0.054688 0.470703 0.070312 0.449219 0.095703 0.437500 0.099609
0 0.609375 0.447266 0.589844 0.447266 0.564453 0.425781 0.556641 0.402344 0.570312 0.380859 0.593750 0.384766 0.615234 0.406250 0.623047 0.429688 0.609375 0.447266
0 0.167969 0.498047 0.152344 0.498047 0.142578 0.480469 0.146484 0.453125 0.160156 0.435547 0.169922 0.441406 0.177734 0.460938 0.177734 0.484375 0.167969 0.498047
0 0.035156 0.775391 0.015625 0.775391 0.005859 0.761719 0.005859 0.734375 0.015625 0.724609 0.035156 0.724609 0.044922 0.734375 0.044922 0.765625 0.035156 0.775391
0 0.207031 0.587891 0.185547 0.578125 0.185547 0.550781 0.195312 0.541016 0.210938 0.541016 0.220703 0.550781 0.220703 0.574219 0.207031 0.587891
0 0.441406 0.490234 0.433594 0.490234 0.423828 0.476562 0.423828 0.433594 0.429688 0.427734 0.439453 0.429688 0.455078 0.453125 0.455078 0.472656 0.441406 0.490234
0 0.687500 0.978516 0.664062 0.970703 0.650391 0.957031 0.650391 0.937500 0.656250 0.931641 0.679688 0.931641 0.697266 0.949219 0.701172 0.960938 0.687500 0.978516
0 0.296875 0.470703 0.281250 0.466797 0.267578 0.449219 0.267578 0.421875 0.277344 0.408203 0.300781 0.408203 0.310547 0.421875 0.310547 0.453125 0.296875 0.470703
0 0.136719 0.806641 0.121094 0.806641 0.099609 0.777344 0.099609 0.757812 0.109375 0.740234 0.132812 0.740234 0.150391 0.765625 0.150391 0.796875 0.136719 0.806641
0 0.675781 0.767578 0.632812 0.763672 0.623047 0.753906 0.623047 0.738281 0.640625 0.724609 0.687500 0.728516 0.697266 0.742188 0.697266 0.753906 0.675781 0.767578
0 0.765625 0.701172 0.734375 0.701172 0.724609 0.691406 0.724609 0.675781 0.734375 0.666016 0.773438 0.669922 0.779297 0.687500 0.765625 0.701172
0 0.519531 0.599609 0.488281 0.595703 0.482422 0.578125 0.496094 0.564453 0.527344 0.568359 0.537109 0.582031 0.519531 0.599609
0 0.433594 0.267578 0.417969 0.267578 0.394531 0.255859 0.388672 0.250000 0.388672 0.234375 0.406250 0.220703 0.445312 0.224609 0.458984 0.238281 0.458984 0.250000 0.433594 0.267578
0 0.265625 0.740234 0.244141 0.730469 0.240234 0.707031 0.253906 0.685547 0.269531 0.685547 0.283203 0.707031 0.279297 0.726562 0.265625 0.740234
0 0.800781 0.939453 0.773438 0.935547 0.759766 0.921875 0.759766 0.910156 0.773438 0.892578 0.800781 0.892578 0.822266 0.910156 0.826172 0.921875 0.800781 0.939453
0 0.515625 0.142578 0.486328 0.132812 0.482422 0.109375 0.488281 0.103516 0.531250 0.099609 0.541016 0.109375 0.541016 0.125000 0.515625 0.142578
0 0.351562 0.462891 0.322266 0.441406 0.322266 0.417969 0.335938 0.400391 0.353516 0.410156 0.365234 0.433594 0.365234 0.449219 0.351562 0.462891
0 0.753906 0.279297 0.738281 0.279297 0.728516 0.269531 0.728516 0.257812 0.742188 0.232422 0.753906 0.220703 0.765625 0.220703 0.779297 0.234375 0.779297 0.242188 0.771484 0.265625 0.753906 0.279297
0 0.632812 0.076172 0.617188 0.076172 0.607422 0.066406 0.607422 0.054688 0.621094 0.041016 0.652344 0.037109 0.662109 0.054688 0.632812 0.076172
0 0.753906 0.419922 0.722656 0.416016 0.708984 0.402344 0.708984 0.390625 0.718750 0.380859 0.750000 0.388672 0.763672 0.402344 0.753906 0.419922
0 0.531250 0.978516 0.515625 0.978516 0.494141 0.960938 0.494141 0.945312 0.503906 0.935547 0.527344 0.935547 0.541016 0.945312 0.544922 0.960938 0.531250 0.978516
