0 0.921875 0.529297 0.912109 0.523438 0.908203 0.511719 0.925781 0.494141 0.941406 0.490234 0.951172 0.507812 0.945312 0.517578 0.921875 0.529297
0 0.390625 0.115234 0.367188 0.115234 0.333984 0.085938 0.330078 0.050781 0.343750 0.037109 0.359375 0.033203 0.392578 0.058594 0.400391 0.074219 0.400391 0.101562 0.390625 0.115234
0 0.167969 0.259766 0.156250 0.259766 0.142578 0.250000 0.142578 0.234375 0.152344 0.224609 0.167969 0.224609 0.177734 0.238281 0.167969 0.259766
0 0.945312 0.822266 0.921875 0.818359 0.900391 0.796875 0.896484 0.789062 0.906250 0.775391 0.925781 0.775391 0.955078 0.796875 0.955078 0.812500 0.945312 0.822266
0 0.730469 0.466797 0.695312 0.462891 0.685547 0.453125 0.685547 0.437500 0.703125 0.423828 0.738281 0.419922 0.751953 0.433594 0.751953 0.449219 0.730469 0.466797
0 0.566406 0.892578 0.542969 0.892578 0.513672 0.863281 0.509766 0.828125 0.519531 0.814453 0.550781 0.822266 0.568359 0.843750 0.576172 0.878906 0.566406 0.892578
0 0.156250 0.080078 0.148438 0.080078 0.130859 0.058594 0.134766 0.042969 0.144531 0.037109 0.160156 0.041016 0.169922 0.050781 0.169922 0.070312 0.156250 0.080078
0 0.453125 0.970703 0.437500 0.970703 0.427734 0.960938 0.427734 0.937500 0.445312 0.923828 0.460938 0.923828 0.474609 0.941406 0.466797 0.960938 0.453125 0.970703
0 0.156250 0.517578 0.128906 0.517578 0.101562 0.505859 0.083984 0.484375 0.087891 0.464844 0.101562 0.455078 0.128906 0.455078 0.144531 0.466797 0.166016 0.492188 0.166016 0.507812 0.156250 0.517578
0 0.777344 0.228516 0.753906 0.224609 0.744141 0.210938 0.748047 0.179688 0.757812 0.173828 0.787109 0.179688 0.787109 0.214844 0.777344 0.228516
0 0.460938 0.216797 0.410156 0.212891 0.400391 0.203125 0.404297 0.175781 0.429688 0.158203 0.472656 0.158203 0.486328 0.171875 0.486328 0.199219 0.460938 0.216797
0 0.890625 0.447266 0.867188 0.447266 0.857422 0.433594 0.886719 0.419922 0.896484 0.429688 0.890625 0.447266
0 0.890625 0.380859 0.869141 0.367188 0.867188 0.337891 0.886719 0.333984 0.904297 0.347656 0.904297 0.359375 0.890625 0.380859
0 0.777344 0.173828 0.734375 0.173828 0.732422 0.152344 0.750000 0.142578 0.777344 0.142578 0.783203 0.148438 0.777344 0.173828
0 0.261719 0.302734 0.242188 0.298828 0.228516 0.285156 0.224609 0.273438 0.230469 0.263672 0.253906 0.259766 0.267578 0.273438 0.271484 0.292969 0.261719 0.302734
0 0.351562 0.451172 0.326172 0.445312 0.318359 0.414062 0.347656 0.376953 0.367188 0.376953 0.376953 0.410156 0.365234 0.437500 0.351562 0.451172
