0 0.041667 0.404808 0.034483 0.404808 0.021552 0.399038 0.012213 0.388462 0.012213 0.378846 0.020115 0.366346 0.033046 0.358654 0.048851 0.358654 0.065374 0.376923 0.066810 0.392308 0.064655 0.395192 0.041667 0.404808
0 0.406609 0.762500 0.395115 0.762500 0.389368 0.758654 0.384339 0.751923 0.384339 0.746154 0.381466 0.742308 0.381466 0.732692 0.388649 0.715385 0.402299 0.700962 0.410920 0.700962 0.417385 0.711538 0.418822 0.721154 0.417385 0.742308 0.406609 0.762500
0 0.902299 0.602885 0.885057 0.600962 0.877155 0.590385 0.875718 0.580769 0.889368 0.560577 0.895115 0.560577 0.903736 0.550962 0.910920 0.554808 0.920259 0.565385 0.921695 0.576923 0.918822 0.582692 0.918822 0.590385 0.902299 0.602885
0 0.137931 0.887500 0.123563 0.887500 0.117816 0.883654 0.115661 0.880769 0.115661 0.867308 0.118534 0.857692 0.126437 0.849038 0.132184 0.845192 0.145115 0.843269 0.157328 0.851923 0.158764 0.867308 0.149425 0.881731 0.140805 0.883654 0.137931 0.887500
0 0.254310 0.537500 0.242816 0.537500 0.234914 0.526923 0.234914 0.519231 0.247126 0.493269 0.258621 0.495192 0.267960 0.505769 0.269397 0.513462 0.269397 0.521154 0.254310 0.537500
0 0.735632 0.772115 0.718391 0.772115 0.696839 0.764423 0.690374 0.753846 0.690374 0.740385 0.698276 0.729808 0.706897 0.727885 0.714080 0.735577 0.718391 0.735577 0.727011 0.743269 0.734195 0.745192 0.743534 0.755769 0.742098 0.765385 0.735632 0.772115
0 0.632184 0.349038 0.619253 0.347115 0.602730 0.330769 0.601293 0.315385 0.604885 0.308654 0.614943 0.304808 0.630747 0.304808 0.640086 0.313462 0.644397 0.332692 0.641523 0.340385 0.632184 0.349038
0 0.214080 0.960577 0.204023 0.960577 0.196121 0.950000 0.198994 0.928846 0.208333 0.916346 0.212644 0.914423 0.231322 0.916346 0.236351 0.925000 0.236351 0.938462 0.227011 0.950962 0.214080 0.960577
0 0.336207 0.545192 0.324713 0.543269 0.312500 0.525000 0.313937 0.511538 0.321839 0.500962 0.337644 0.499038 0.346264 0.504808 0.354167 0.515385 0.354167 0.526923 0.351293 0.534615 0.347701 0.539423 0.336207 0.545192
0 0.018678 0.864423 0.012931 0.862500 0.007902 0.855769 0.006466 0.832692 0.012931 0.814423 0.020115 0.806731 0.033046 0.800962 0.039511 0.809615 0.040948 0.817308 0.030172 0.820192 0.022270 0.830769 0.020833 0.840385 0.025144 0.855769 0.018678 0.864423
0 0.465517 0.879808 0.455460 0.879808 0.448276 0.870192 0.444684 0.869231 0.444684 0.832692 0.452586 0.820192 0.456897 0.818269 0.465517 0.818269 0.472701 0.825962 0.477730 0.842308 0.477730 0.859615 0.471983 0.873077 0.465517 0.879808
0 0.389368 0.933654 0.383621 0.933654 0.372845 0.919231 0.371408 0.896154 0.368534 0.890385 0.377874 0.872115 0.386494 0.874038 0.391523 0.882692 0.391523 0.896154 0.394397 0.901923 0.397270 0.921154 0.394397 0.928846 0.389368 0.933654
0 0.327586 0.704808 0.301724 0.700962 0.296695 0.686538 0.316092 0.662500 0.331897 0.660577 0.339799 0.669231 0.344109 0.680769 0.341236 0.688462 0.327586 0.704808
0 0.998563 0.081731 0.994971 0.076923 0.996408 0.061538 0.998563 0.058654
0 0.344828 0.356731 0.331897 0.356731 0.315374 0.342308 0.308190 0.328846 0.306753 0.321154 0.306753 0.315385 0.311782 0.306731 0.321839 0.306731 0.329023 0.310577 0.345546 0.325000 0.351293 0.334615 0.352730 0.344231 0.344828 0.356731
0 0.053161 0.981731 0.047414 0.981731 0.037356 0.974038 0.030172 0.974038 0.028017 0.971154 0.028017 0.963462 0.022270 0.957692 0.033046 0.929808 0.041667 0.925962 0.051724 0.927885 0.059626 0.940385 0.062500 0.967308 0.059626 0.975000 0.053161 0.981731
0 0.275862 0.120192 0.260057 0.110577 0.255029 0.103846 0.252155 0.092308 0.257184 0.083654 0.270115 0.079808 0.279454 0.088462 0.283764 0.103846 0.282328 0.113462 0.275862 0.120192
0 0.739943 0.533654 0.735632 0.533654 0.724856 0.519231 0.727011 0.510577 0.732759 0.508654 0.739224 0.515385 0.742098 0.521154 0.742098 0.530769 0.739943 0.533654
0 0.683908 0.297115 0.663793 0.295192 0.659483 0.287500 0.651580 0.280769 0.647270 0.261538 0.659483 0.250962 0.673851 0.252885 0.684626 0.271154 0.687500 0.280769 0.687500 0.292308 0.683908 0.297115
0 0.431034 0.483654 0.415230 0.483654 0.408764 0.476923 0.408764 0.467308 0.411638 0.459615 0.422414 0.445192 0.436782 0.449038 0.448994 0.461538 0.445402 0.474038 0.431034 0.483654
0 0.107759 0.324038 0.100575 0.324038 0.092672 0.317308 0.091236 0.305769 0.094109 0.290385 0.096983 0.282692 0.109195 0.266346 0.116379 0.262500 0.127874 0.262500 0.135776 0.273077 0.137213 0.288462 0.117816 0.318269 0.107759 0.324038
0 0.909483 0.554808 0.897989 0.549038 0.893678 0.550962 0.891523 0.548077 0.892960 0.530769 0.888649 0.519231 0.908046 0.504808 0.922414 0.502885 0.930316 0.511538 0.930316 0.519231 0.926006 0.530769 0.908764 0.548077 0.909483 0.554808
0 0.599138 0.547115 0.596264 0.547115 0.589799 0.538462 0.589799 0.526923 0.602011 0.508654 0.606322 0.504808 0.613506 0.504808 0.619253 0.512500 0.625000 0.514423 0.627155 0.511538 0.625718 0.494231 0.639368 0.479808 0.647989 0.477885 0.660201 0.490385 0.657328 0.507692 0.652299 0.514423 0.642241 0.512500 0.637931 0.518269 0.630747 0.518269 0.626437 0.527885 0.599138 0.547115
0 0.517241 0.549038 0.497126 0.547115 0.489224 0.536538 0.482040 0.519231 0.491379 0.508654 0.507184 0.510577 0.518678 0.518269 0.525144 0.528846 0.525144 0.538462 0.517241 0.549038
0 0.675287 0.660577 0.669540 0.649038 0.656609 0.650962 0.654454 0.648077 0.663793 0.633654 0.670977 0.627885 0.693966 0.627885 0.701149 0.631731 0.706178 0.638462 0.706178 0.648077 0.702586 0.652885 0.691092 0.656731 0.678161 0.656731 0.675287 0.660577
0 0.781609 0.225962 0.772989 0.225962 0.763649 0.211538 0.762213 0.192308 0.771552 0.179808 0.784483 0.185577 0.792385 0.196154 0.792385 0.200000 0.786638 0.205769 0.785201 0.223077 0.781609 0.225962
0 0.902299 0.281731 0.886494 0.279808 0.874282 0.269231 0.874282 0.259615 0.883621 0.245192 0.900862 0.241346 0.911638 0.251923 0.911638 0.271154 0.902299 0.281731
0 0.524425 0.916346 0.502874 0.914423 0.497845 0.909615 0.496408 0.900000 0.507184 0.885577 0.518678 0.881731 0.531609 0.881731 0.538075 0.890385 0.538075 0.900000 0.530172 0.912500 0.524425 0.916346
0 0.962644 0.799038 0.952586 0.797115 0.943966 0.791346 0.934626 0.778846 0.933190 0.755769 0.936782 0.749038 0.942529 0.745192 0.949713 0.745192 0.958333 0.750962 0.967672 0.763462 0.971983 0.773077 0.971983 0.790385 0.962644 0.799038
0 0.091954 0.104808 0.081897 0.104808 0.079741 0.101923 0.079741 0.076923 0.086207 0.058654 0.096264 0.045192 0.103448 0.045192 0.112787 0.057692 0.111351 0.073077 0.104167 0.092308 0.091954 0.104808
0 0.362069 0.814423 0.353448 0.812500 0.346983 0.803846 0.346983 0.790385 0.359195 0.772115 0.370690 0.768269 0.381466 0.778846 0.381466 0.790385 0.367816 0.810577 0.362069 0.814423
0 0.594828 0.881731 0.576149 0.879808 0.565374 0.867308 0.563937 0.850000 0.574713 0.835577 0.591954 0.839423 0.602730 0.851923 0.608477 0.863462 0.608477 0.869231 0.594828 0.881731
0 0.242816 0.897115 0.234195 0.895192 0.230603 0.890385 0.229167 0.873077 0.250000 0.841346 0.262931 0.837500 0.267960 0.846154 0.265086 0.873077 0.251437 0.893269 0.242816 0.897115
0 0.000000 0.466346 0.005747 0.468269 0.009339 0.473077 0.007902 0.490385 0.000000 0.499038
0 0.142241 0.543269 0.135057 0.543269 0.127874 0.537500 0.119971 0.526923 0.119971 0.515385 0.127874 0.500962 0.145115 0.489423 0.153017 0.500000 0.155891 0.517308 0.150144 0.534615 0.142241 0.543269
0 0.909483 0.699038 0.900862 0.699038 0.897270 0.694231 0.895833 0.680769 0.887213 0.669231 0.888649 0.655769 0.900862 0.641346 0.913793 0.641346 0.917385 0.646154 0.921695 0.661538 0.921695 0.673077 0.917385 0.680769 0.917385 0.690385 0.909483 0.699038
0 0.324713 0.824038 0.308908 0.824038 0.294540 0.818269 0.289511 0.811538 0.290948 0.796154 0.293822 0.790385 0.301724 0.781731 0.316092 0.779808 0.320402 0.785577 0.330460 0.791346 0.334052 0.796154 0.334052 0.805769 0.331178 0.815385 0.324713 0.824038
0 0.745690 0.249038 0.738506 0.247115 0.727730 0.238462 0.724856 0.223077 0.728448 0.216346 0.741379 0.216346 0.746408 0.223077 0.747845 0.240385 0.745690 0.249038
0 0.299569 0.000000 0.295977 0.006731 0.280172 0.020192 0.275862 0.020192 0.270833 0.011538 0.273707 0.000000
0 0.982759 0.597115 0.970546 0.588462 0.970546 0.582692 0.975575 0.575962 0.981322 0.575962 0.987787 0.584615 0.986351 0.592308 0.982759 0.597115
0 0.321839 0.979808 0.311782 0.979808 0.303879 0.969231 0.305316 0.930769 0.311782 0.920192 0.318247 0.925000 0.325431 0.944231 0.325431 0.965385 0.321839 0.979808
0 0.781609 0.904808 0.769397 0.901923 0.770833 0.888462 0.775144 0.876923 0.782328 0.869231 0.784483 0.862500 0.788793 0.862500 0.793103 0.856731 0.803161 0.852885 0.810345 0.854808 0.813937 0.859615 0.813937 0.875000 0.807471 0.877885 0.798851 0.875962 0.788075 0.888462 0.789511 0.900000 0.781609 0.904808
0 0.000000 0.983654 0.010057 0.987500 0.012213 0.992308 0.010776 0.998077
0 0.415230 0.633654 0.409483 0.633654 0.395115 0.625962 0.390086 0.619231 0.391523 0.609615 0.396552 0.602885 0.412356 0.604808 0.420259 0.619231 0.418822 0.628846 0.415230 0.633654
0 0.719828 0.077885 0.711207 0.077885 0.706178 0.071154 0.706178 0.063462 0.712644 0.052885 0.718391 0.049038 0.732759 0.050962 0.736351 0.057692 0.736351 0.063462 0.731322 0.070192 0.719828 0.077885
0 0.564655 0.706731 0.556034 0.706731 0.551006 0.700000 0.548132 0.692308 0.549569 0.678846 0.566092 0.658654 0.570402 0.658654 0.576149 0.652885 0.586207 0.656731 0.591236 0.667308 0.588362 0.686538 0.577586 0.700962 0.564655 0.706731
0 0.673132 0.998077 0.670259 0.992308 0.670259 0.984615 0.676724 0.975962 0.693966 0.962500 0.702586 0.962500 0.710489 0.973077 0.710489 0.988462 0.703305 0.998077
0 0.097701 0.843269 0.089080 0.843269 0.086925 0.840385 0.086925 0.832692 0.094109 0.819231 0.095546 0.809615 0.106322 0.802885 0.112787 0.809615 0.112787 0.813462 0.107040 0.821154 0.109914 0.828846 0.104885 0.831731 0.097701 0.843269
0 0.425287 0.920192 0.410920 0.918269 0.404454 0.901923 0.398707 0.894231 0.397270 0.882692 0.394397 0.878846 0.394397 0.865385 0.397989 0.856731 0.408046 0.856731 0.421695 0.867308 0.423132 0.875000 0.428879 0.884615 0.430316 0.898077 0.428879 0.911538 0.425287 0.920192
0 0.405172 0.695192 0.399425 0.695192 0.387213 0.678846 0.384339 0.671154 0.384339 0.657692 0.389368 0.650962 0.396552 0.652885 0.401580 0.661538 0.401580 0.669231 0.407328 0.682692 0.407328 0.692308 0.405172 0.695192
0 0.618534 0.000000 0.617098 0.005769 0.607759 0.014423 0.600575 0.008654 0.595546 0.000000
0 0.211207 0.799038 0.198276 0.799038 0.190374 0.790385 0.193247 0.767308 0.196121 0.759615 0.205460 0.749038 0.218391 0.754808 0.227730 0.767308 0.227730 0.776923 0.211207 0.799038
0 0.426724 0.604808 0.418103 0.604808 0.414511 0.600000 0.413075 0.578846 0.422414 0.568269 0.432471 0.568269 0.437500 0.575000 0.437500 0.592308 0.433908 0.599038 0.426724 0.604808
0 0.540948 0.998077 0.548851 0.991346 0.561063 0.998077
0 0.058908 0.618269 0.035920 0.616346 0.023707 0.598077 0.022270 0.592308 0.023707 0.584615 0.028736 0.577885 0.044540 0.574038 0.061782 0.575962 0.066092 0.579808 0.072557 0.592308 0.072557 0.605769 0.067529 0.614423 0.058908 0.618269
0 0.678161 0.537500 0.658046 0.531731 0.653017 0.523077 0.653017 0.513462 0.658046 0.506731 0.678161 0.493269 0.692529 0.493269 0.698276 0.497115 0.701868 0.507692 0.700431 0.515385 0.692529 0.527885 0.678161 0.537500
0 0.860632 0.189423 0.843391 0.187500 0.836925 0.180769 0.838362 0.169231 0.835489 0.155769 0.837644 0.152885 0.857759 0.150962 0.868534 0.161538 0.874282 0.171154 0.874282 0.176923 0.860632 0.189423
0 0.849138 0.133654 0.833333 0.131731 0.820402 0.122115 0.816810 0.117308 0.819684 0.100000 0.833333 0.089423 0.840517 0.089423 0.859195 0.097115 0.865661 0.109615 0.864224 0.119231 0.859195 0.127885 0.849138 0.133654
0 0.737069 0.749038 0.718391 0.735577 0.714080 0.735577 0.706178 0.726923 0.704741 0.711538 0.712644 0.700962 0.731322 0.699038 0.746408 0.715385 0.750718 0.726923 0.749282 0.740385 0.737069 0.749038
0 0.377874 0.237500 0.369253 0.237500 0.363506 0.233654 0.357040 0.223077 0.351293 0.188462 0.359195 0.179808 0.370690 0.181731 0.380029 0.194231 0.384339 0.209615 0.384339 0.223077 0.377874 0.237500
0 0.366379 0.472115 0.359195 0.470192 0.352730 0.461538 0.351293 0.451923 0.354167 0.444231 0.363506 0.431731 0.370690 0.431731 0.373563 0.427885 0.385057 0.429808 0.391523 0.438462 0.392960 0.448077 0.379310 0.464423 0.366379 0.472115
0 0.778736 0.283654 0.772270 0.278846 0.774425 0.274038 0.780891 0.276923 0.778736 0.283654
0 0.386494 0.279808 0.378592 0.271154 0.375718 0.250000 0.379310 0.245192 0.387931 0.243269 0.392241 0.237500 0.408046 0.237500 0.415948 0.253846 0.414511 0.261538 0.406609 0.268269 0.399425 0.266346 0.393678 0.275962 0.386494 0.279808
0 0.649425 0.960577 0.643678 0.960577 0.640086 0.955769 0.637213 0.944231 0.638649 0.932692 0.645833 0.915385 0.660920 0.900962 0.668103 0.897115 0.675287 0.899038 0.678879 0.903846 0.677443 0.921154 0.665948 0.944231 0.649425 0.960577
0 0.831178 0.000000 0.835489 0.009615 0.834052 0.017308 0.818966 0.029808 0.806034 0.027885 0.799569 0.021154 0.802443 0.003846 0.805316 0.000000
0 0.074713 0.943269 0.060345 0.941346 0.053879 0.926923 0.053879 0.905769 0.067529 0.891346 0.079023 0.895192 0.085489 0.905769 0.086925 0.921154 0.084052 0.934615 0.074713 0.943269
0 0.367816 0.874038 0.356322 0.870192 0.349856 0.859615 0.349856 0.855769 0.357759 0.841346 0.362069 0.841346 0.375000 0.829808 0.383621 0.831731 0.388649 0.840385 0.387213 0.850000 0.377874 0.866346 0.367816 0.874038
0 0.919540 0.164423 0.900862 0.162500 0.887213 0.140385 0.888649 0.126923 0.893678 0.122115 0.903736 0.122115 0.913793 0.127885 0.919540 0.125962 0.926724 0.133654 0.933190 0.144231 0.933190 0.155769 0.919540 0.164423
0 0.166667 0.516346 0.160920 0.516346 0.153017 0.505769 0.153017 0.500000 0.148707 0.492308 0.145833 0.469231 0.150862 0.462500 0.156609 0.462500 0.165230 0.474038 0.172414 0.464423 0.175287 0.464423 0.180316 0.473077 0.180316 0.488462 0.176006 0.498077 0.176006 0.505769 0.170977 0.514423 0.166667 0.516346
0 0.712644 0.458654 0.708333 0.458654 0.704741 0.450000 0.691810 0.436538 0.691810 0.425000 0.696839 0.418269 0.709770 0.418269 0.719109 0.430769 0.719109 0.450000 0.712644 0.458654
0 0.560345 0.658654 0.547414 0.652885 0.532328 0.632692 0.530891 0.623077 0.540230 0.610577 0.554598 0.606731 0.560345 0.608654 0.566810 0.617308 0.571121 0.640385 0.569684 0.646154 0.560345 0.658654
0 0.387931 0.429808 0.367816 0.425962 0.358477 0.411538 0.359914 0.401923 0.377874 0.387500 0.387931 0.387500 0.397989 0.393269 0.404454 0.403846 0.404454 0.415385 0.393678 0.427885 0.387931 0.429808
0 0.109195 0.437500 0.102011 0.429808 0.089080 0.431731 0.088362 0.426923 0.089799 0.409615 0.094828 0.402885 0.110632 0.397115 0.126437 0.404808 0.131466 0.413462 0.131466 0.421154 0.120690 0.433654 0.109195 0.437500
0 0.218391 0.722115 0.202586 0.720192 0.197557 0.713462 0.197557 0.701923 0.201868 0.696154 0.205460 0.677885 0.208333 0.677885 0.224138 0.658654 0.235632 0.658654 0.242098 0.667308 0.242098 0.673077 0.236351 0.684615 0.234914 0.696154 0.229167 0.711538 0.218391 0.722115
0 0.206897 0.160577 0.201149 0.160577 0.193966 0.154808 0.186063 0.140385 0.183190 0.128846 0.183190 0.107692 0.189655 0.097115 0.193966 0.095192 0.201868 0.100000 0.201868 0.103846 0.211925 0.117308 0.214799 0.128846 0.216236 0.148077 0.206897 0.160577
0 0.000000 0.785577 0.005747 0.772115 0.018678 0.772115 0.022270 0.776923 0.020833 0.786538 0.015086 0.792308 0.006466 0.813462 0.000000 0.816346
0 0.209770 0.295192 0.193966 0.295192 0.180316 0.278846 0.178879 0.263462 0.186782 0.250962 0.201149 0.249038 0.209770 0.254808 0.216236 0.263462 0.220546 0.278846 0.219109 0.288462 0.209770 0.295192
0 0.693966 0.839423 0.685345 0.839423 0.680316 0.821154 0.676006 0.815385 0.677443 0.796154 0.679598 0.793269 0.685345 0.793269 0.687500 0.796154 0.696121 0.817308 0.694684 0.825000 0.697557 0.828846 0.697557 0.834615 0.693966 0.839423
0 0.630747 0.191346 0.623563 0.191346 0.614224 0.182692 0.612787 0.161538 0.617098 0.146154 0.623563 0.139423 0.632184 0.141346 0.641523 0.157692 0.641523 0.175000 0.638649 0.182692 0.630747 0.191346
0 0.000000 0.714423 0.008621 0.702885 0.011494 0.702885 0.017960 0.709615 0.022270 0.721154 0.020833 0.744231 0.011494 0.754808 0.000000 0.752885
0 0.545977 0.347115 0.531609 0.343269 0.522270 0.321154 0.525144 0.305769 0.517960 0.294231 0.525862 0.283654 0.540230 0.283654 0.553879 0.298077 0.555316 0.336538 0.550287 0.345192 0.545977 0.347115
0 0.998563 0.697115 0.987069 0.697115 0.976293 0.682692 0.979167 0.669231 0.984195 0.662500 0.998563 0.654808
0 0.778736 0.866346 0.770115 0.866346 0.766523 0.859615 0.767960 0.828846 0.777299 0.814423 0.784483 0.808654 0.791667 0.804808 0.801724 0.806731 0.805316 0.811538 0.808190 0.823077 0.805316 0.838462 0.796695 0.848077 0.791667 0.858654 0.778736 0.866346
0 0.377155 0.000000 0.375718 0.013462 0.369253 0.024038 0.356322 0.024038 0.345546 0.011538 0.342672 0.000000
0 0.721264 0.570192 0.709770 0.568269 0.700431 0.557692 0.700431 0.540385 0.708333 0.529808 0.719828 0.527885 0.724138 0.518269 0.737787 0.534615 0.737787 0.551923 0.725575 0.568269 0.721264 0.570192
0 0.125000 0.985577 0.117816 0.983654 0.109914 0.971154 0.112787 0.942308 0.119253 0.933654 0.126437 0.937500 0.137213 0.951923 0.138649 0.963462 0.135776 0.978846 0.125000 0.985577
0 0.251437 0.552885 0.238506 0.550962 0.230603 0.540385 0.227730 0.534615 0.227730 0.517308 0.234914 0.507692 0.239224 0.492308 0.244253 0.483654 0.260057 0.481731 0.270115 0.489423 0.275144 0.500000 0.275144 0.525000 0.262931 0.545192 0.251437 0.552885
0 0.642241 0.422115 0.636494 0.422115 0.625718 0.405769 0.630747 0.391346 0.642241 0.395192 0.648707 0.403846 0.648707 0.415385 0.642241 0.422115
0 0.000000 0.970192 0.010057 0.958654 0.024425 0.958654 0.028017 0.963462 0.028017 0.971154 0.020115 0.981731 0.011494 0.987500 0.000000 0.983654
0 0.557471 0.460577 0.551724 0.460577 0.542385 0.453846 0.542385 0.446154 0.538075 0.438462 0.538075 0.430769 0.541667 0.425962 0.545977 0.425962 0.551724 0.437500 0.556034 0.437500 0.565374 0.446154 0.565374 0.453846 0.557471 0.460577
0 0.672414 0.420192 0.663793 0.420192 0.658764 0.413462 0.660201 0.401923 0.674569 0.388462 0.660201 0.369231 0.660201 0.355769 0.662356 0.352885 0.672414 0.352885 0.678161 0.356731 0.686063 0.365385 0.690374 0.378846 0.684626 0.411538 0.681034 0.416346 0.672414 0.420192
0 0.906609 0.058654 0.900144 0.053846 0.894397 0.030769 0.894397 0.021154 0.899425 0.014423 0.906609 0.016346 0.913075 0.023077 0.915948 0.038462 0.914511 0.050000 0.906609 0.058654
0 0.347701 0.581731 0.341954 0.581731 0.337644 0.577885 0.334052 0.571154 0.334052 0.563462 0.354885 0.537500 0.376437 0.531731 0.382902 0.540385 0.378592 0.559615 0.366379 0.574038 0.347701 0.581731
0 0.250000 0.975962 0.244253 0.975962 0.242098 0.973077 0.237787 0.944231 0.242816 0.935577 0.250000 0.929808 0.261494 0.927885 0.272270 0.938462 0.270833 0.955769 0.264368 0.958654 0.260057 0.968269 0.250000 0.975962
0 0.574713 0.441346 0.571839 0.441346 0.563937 0.428846 0.568966 0.420192 0.571839 0.420192 0.576868 0.426923 0.578305 0.436538 0.574713 0.441346
0 0.706897 0.256731 0.699713 0.254808 0.688218 0.237500 0.679598 0.241346 0.673132 0.236538 0.670259 0.219231 0.676724 0.208654 0.683908 0.206731 0.692529 0.212500 0.706178 0.228846 0.710489 0.240385 0.710489 0.251923 0.706897 0.256731
0 0.479885 0.258654 0.472701 0.256731 0.461925 0.246154 0.461925 0.242308 0.478448 0.222115 0.483477 0.225000 0.483477 0.242308 0.482040 0.255769 0.479885 0.258654
0 0.219828 0.122115 0.211207 0.116346 0.206178 0.107692 0.207615 0.101923 0.204741 0.096154 0.201868 0.073077 0.206897 0.064423 0.214080 0.064423 0.219828 0.068269 0.227730 0.078846 0.230603 0.107692 0.219828 0.122115
0 0.181034 0.710577 0.170977 0.706731 0.164511 0.698077 0.164511 0.680769 0.178161 0.662500 0.189655 0.660577 0.203305 0.671154 0.204741 0.686538 0.201868 0.696154 0.196839 0.702885 0.192529 0.702885 0.181034 0.710577
0 0.304598 0.299038 0.293103 0.299038 0.278736 0.291346 0.266523 0.275000 0.266523 0.261538 0.277299 0.250962 0.285920 0.250962 0.293103 0.256731 0.297414 0.256731 0.311063 0.276923 0.312500 0.282692 0.311063 0.294231 0.304598 0.299038
0 0.169540 0.270192 0.165230 0.270192 0.158046 0.264423 0.150862 0.264423 0.144397 0.257692 0.144397 0.232692 0.150862 0.224038 0.165230 0.224038 0.173132 0.238462 0.174569 0.263462 0.169540 0.270192
0 0.566092 0.418269 0.548851 0.416346 0.545259 0.407692 0.548851 0.402885 0.558908 0.406731 0.563218 0.400962 0.568966 0.400962 0.572557 0.409615 0.566092 0.418269
0 0.202586 0.629808 0.191810 0.625000 0.186063 0.611538 0.186063 0.603846 0.195402 0.589423 0.204023 0.583654 0.216954 0.581731 0.223420 0.588462 0.221983 0.605769 0.214080 0.624038 0.202586 0.629808
0 0.998563 0.752885 0.995690 0.760577 0.991379 0.760577 0.966954 0.750962 0.951868 0.736538 0.951868 0.728846 0.958333 0.718269 0.962644 0.716346 0.977011 0.718269 0.982759 0.725962 0.992816 0.729808 0.998563 0.739423
0 0.373563 0.952885 0.364943 0.952885 0.357040 0.944231 0.357040 0.940385 0.352730 0.934615 0.357040 0.901923 0.364943 0.891346 0.369971 0.892308 0.372845 0.919231 0.384339 0.934615 0.384339 0.938462 0.373563 0.952885
0 0.650862 0.450962 0.637931 0.447115 0.625718 0.434615 0.630747 0.420192 0.645115 0.420192 0.648707 0.415385 0.649425 0.406731 0.663793 0.420192 0.680316 0.417308 0.680316 0.421154 0.663793 0.449038 0.650862 0.450962
0 0.734195 0.191346 0.718391 0.189423 0.700431 0.169231 0.698994 0.157692 0.708333 0.143269 0.714080 0.141346 0.718391 0.147115 0.722701 0.147115 0.736351 0.167308 0.740661 0.184615 0.734195 0.191346
0 0.103448 0.462500 0.096264 0.460577 0.085489 0.446154 0.084052 0.438462 0.089080 0.431731 0.102011 0.429808 0.114224 0.446154 0.111351 0.455769 0.103448 0.462500
0 0.030172 0.247115 0.011494 0.239423 0.003592 0.230769 0.002155 0.219231 0.005747 0.210577 0.018678 0.200962 0.027299 0.200962 0.036638 0.209615 0.038075 0.234615 0.030172 0.247115
0 0.461207 0.560577 0.448276 0.558654 0.438937 0.550000 0.438937 0.540385 0.441810 0.532692 0.449713 0.524038 0.458333 0.522115 0.461207 0.525962 0.472701 0.527885 0.479167 0.536538 0.479167 0.544231 0.474856 0.551923 0.461207 0.560577
0 0.762931 0.270192 0.757184 0.270192 0.746408 0.253846 0.747845 0.232692 0.751437 0.227885 0.767241 0.229808 0.776580 0.240385 0.776580 0.250000 0.769397 0.257692 0.762931 0.270192
0 0.340517 0.093269 0.331897 0.093269 0.324713 0.089423 0.312500 0.075000 0.312500 0.067308 0.318966 0.054808 0.336207 0.052885 0.351293 0.069231 0.351293 0.084615 0.340517 0.093269
0 0.242098 0.998077 0.242098 0.994231 0.247126 0.987500 0.277299 0.987500 0.283764 0.992308 0.283764 0.998077
0 0.451149 0.916346 0.443966 0.916346 0.434626 0.898077 0.428879 0.892308 0.426006 0.873077 0.432471 0.864423 0.442529 0.866346 0.455460 0.879808 0.461925 0.880769 0.464799 0.903846 0.456897 0.914423 0.451149 0.916346
0 0.537356 0.943269 0.517241 0.941346 0.512213 0.934615 0.510776 0.921154 0.514368 0.916346 0.524425 0.916346 0.534483 0.906731 0.544540 0.906731 0.550287 0.910577 0.555316 0.919231 0.553879 0.930769 0.548851 0.937500 0.537356 0.943269
0 0.110632 0.777885 0.106322 0.777885 0.098420 0.765385 0.099856 0.738462 0.107759 0.725962 0.119253 0.724038 0.126437 0.727885 0.131466 0.734615 0.130029 0.763462 0.126437 0.770192 0.110632 0.777885
0 0.000000 0.110577 0.008621 0.118269 0.022270 0.138462 0.020833 0.151923 0.010776 0.178846 0.004310 0.183654 0.000000 0.177885
0 0.261494 0.174038 0.253592 0.169231 0.237787 0.142308 0.236351 0.128846 0.242816 0.116346 0.252874 0.114423 0.258621 0.118269 0.265086 0.128846 0.270833 0.157692 0.269397 0.167308 0.261494 0.174038
0 0.100575 0.258654 0.090517 0.258654 0.078305 0.242308 0.078305 0.225000 0.091954 0.197115 0.106322 0.193269 0.114224 0.203846 0.115661 0.230769 0.111351 0.246154 0.100575 0.258654
0 0.350575 0.262500 0.337644 0.260577 0.331178 0.244231 0.329741 0.226923 0.331178 0.213462 0.334770 0.208654 0.347701 0.210577 0.359914 0.226923 0.362787 0.250000 0.354885 0.260577 0.350575 0.262500
0 0.620690 0.677885 0.612069 0.675962 0.604885 0.670192 0.601293 0.663462 0.601293 0.651923 0.612069 0.639423 0.623563 0.631731 0.642241 0.639423 0.644397 0.646154 0.640086 0.653846 0.641523 0.673077 0.636494 0.674038 0.630747 0.670192 0.620690 0.677885
0 0.000000 0.656731 0.010057 0.664423 0.013649 0.671154 0.013649 0.686538 0.010057 0.691346 0.000000 0.691346
0 0.957615 0.000000 0.963362 0.005769 0.963362 0.011538 0.958333 0.018269 0.923851 0.033654 0.915230 0.033654 0.913075 0.030769 0.913075 0.023077 0.906609 0.016346 0.899425 0.014423 0.893678 0.018269 0.891523 0.015385 0.891523 0.009615 0.901580 0.000000
0 0.522989 0.237500 0.507902 0.236538 0.509339 0.228846 0.515086 0.221154 0.515086 0.217308 0.508621 0.210577 0.501437 0.210577 0.498563 0.214423 0.493534 0.211538 0.492098 0.190385 0.495690 0.183654 0.501437 0.181731 0.507184 0.183654 0.523707 0.205769 0.529454 0.223077 0.529454 0.230769 0.522989 0.237500
0 0.798851 0.727885 0.790230 0.725962 0.786638 0.721154 0.786638 0.715385 0.796695 0.694231 0.801006 0.678846 0.807471 0.670192 0.817529 0.672115 0.826868 0.684615 0.825431 0.705769 0.817529 0.714423 0.807471 0.710577 0.805316 0.713462 0.805316 0.721154 0.798851 0.727885
0 0.195402 0.904808 0.183908 0.899038 0.171695 0.876923 0.171695 0.869231 0.183908 0.854808 0.199713 0.856731 0.207615 0.867308 0.209052 0.880769 0.206178 0.890385 0.195402 0.904808
0 0.477011 0.062500 0.462644 0.058654 0.457615 0.050000 0.457615 0.040385 0.469828 0.027885 0.479885 0.029808 0.486351 0.042308 0.486351 0.051923 0.477011 0.062500
0 0.630747 0.812500 0.626437 0.812500 0.622126 0.806731 0.616379 0.806731 0.605603 0.786538 0.602730 0.771154 0.609195 0.762500 0.619253 0.764423 0.632184 0.774038 0.635776 0.786538 0.642960 0.794231 0.642960 0.805769 0.639368 0.810577 0.630747 0.812500
0 0.126437 0.602885 0.111351 0.588462 0.107040 0.573077 0.109914 0.546154 0.120690 0.533654 0.132902 0.546154 0.135776 0.559615 0.141523 0.571154 0.140086 0.586538 0.130747 0.600962 0.126437 0.602885
0 0.788075 0.998077 0.790948 0.982692 0.800287 0.970192 0.814655 0.960577 0.830460 0.958654 0.836925 0.967308 0.838362 0.976923 0.836925 0.984615 0.828305 0.998077
0 0.492816 0.445192 0.482759 0.441346 0.476293 0.432692 0.474856 0.419231 0.481322 0.410577 0.491379 0.404808 0.514368 0.406731 0.520833 0.419231 0.516523 0.432692 0.510057 0.441346 0.492816 0.445192
0 0.836207 0.752885 0.824713 0.752885 0.818247 0.744231 0.818247 0.730769 0.822557 0.719231 0.829023 0.710577 0.846264 0.706731 0.854167 0.713462 0.854167 0.728846 0.851293 0.738462 0.836207 0.752885
0 0.725575 0.977885 0.716954 0.977885 0.711925 0.969231 0.710489 0.957692 0.716954 0.949038 0.728448 0.945192 0.731322 0.941346 0.742816 0.941346 0.746408 0.946154 0.747845 0.955769 0.735632 0.972115 0.725575 0.977885
0 0.636494 0.304808 0.620690 0.304808 0.610632 0.295192 0.598420 0.278846 0.598420 0.265385 0.603448 0.258654 0.614943 0.256731 0.619253 0.260577 0.633621 0.262500 0.639368 0.266346 0.644397 0.273077 0.648707 0.290385 0.636494 0.304808
0 0.096983 0.000000 0.098420 0.011538 0.091954 0.022115 0.086207 0.025962 0.068966 0.024038 0.063937 0.015385 0.066092 0.006731 0.076149 0.014423 0.084770 0.012500 0.094109 0.000000
0 0.859195 0.552885 0.853448 0.552885 0.845546 0.546154 0.842672 0.530769 0.844109 0.525000 0.849138 0.518269 0.862069 0.510577 0.872126 0.510577 0.879310 0.514423 0.882902 0.519231 0.882902 0.528846 0.873563 0.541346 0.859195 0.552885
0 0.862069 0.291346 0.843391 0.289423 0.834052 0.276923 0.832615 0.261538 0.835489 0.250000 0.846264 0.237500 0.854885 0.235577 0.861351 0.242308 0.861351 0.265385 0.865661 0.273077 0.865661 0.282692 0.862069 0.291346
0 0.627874 0.068269 0.616379 0.068269 0.607040 0.059615 0.605603 0.040385 0.612069 0.031731 0.620690 0.027885 0.630747 0.027885 0.642960 0.036538 0.641523 0.051923 0.627874 0.068269
0 0.892241 0.218269 0.877874 0.212500 0.877155 0.205769 0.889368 0.183654 0.899425 0.181731 0.905891 0.192308 0.907328 0.205769 0.903736 0.214423 0.892241 0.218269
0 0.488506 0.677885 0.475575 0.677885 0.469109 0.669231 0.469109 0.659615 0.479885 0.633654 0.497126 0.631731 0.506466 0.642308 0.507902 0.659615 0.495690 0.675962 0.488506 0.677885
0 0.533046 0.991346 0.518678 0.989423 0.510057 0.983654 0.500718 0.971154 0.497845 0.961538 0.502874 0.947115 0.517241 0.945192 0.525862 0.950962 0.532328 0.959615 0.536638 0.971154 0.536638 0.980769 0.533046 0.991346
0 0.272989 0.808654 0.264368 0.806731 0.256466 0.796154 0.256466 0.784615 0.270115 0.772115 0.275862 0.762500 0.284483 0.760577 0.295259 0.771154 0.295259 0.782692 0.272989 0.808654
0 0.751437 0.329808 0.738506 0.324038 0.730603 0.309615 0.729167 0.301923 0.732040 0.286538 0.738506 0.277885 0.750000 0.277885 0.762213 0.300000 0.762213 0.315385 0.751437 0.329808
0 0.228448 0.450962 0.214080 0.450962 0.205460 0.447115 0.196121 0.430769 0.196121 0.417308 0.202586 0.408654 0.209770 0.404808 0.216954 0.404808 0.229885 0.416346 0.237787 0.430769 0.237787 0.438462 0.228448 0.450962
0 0.616379 0.947115 0.599138 0.945192 0.591236 0.934615 0.591236 0.926923 0.600575 0.914423 0.619253 0.912500 0.626437 0.916346 0.628592 0.919231 0.628592 0.934615 0.616379 0.947115
0 0.443966 0.762500 0.432471 0.762500 0.428161 0.758654 0.426006 0.755769 0.426006 0.742308 0.430316 0.725000 0.436063 0.713462 0.443966 0.702885 0.455460 0.697115 0.461925 0.705769 0.461925 0.725000 0.454741 0.740385 0.453305 0.750000 0.443966 0.762500
0 0.428161 0.377885 0.416667 0.374038 0.409483 0.375962 0.407328 0.373077 0.407328 0.350000 0.426724 0.331731 0.443966 0.337500 0.453305 0.353846 0.451868 0.361538 0.443966 0.372115 0.428161 0.377885
0 0.742816 0.166346 0.731322 0.160577 0.723420 0.150000 0.723420 0.144231 0.713362 0.136538 0.714799 0.117308 0.719828 0.110577 0.734195 0.108654 0.747845 0.130769 0.750718 0.151923 0.747845 0.161538 0.742816 0.166346
0 0.204023 0.562500 0.189655 0.558654 0.176006 0.540385 0.174569 0.523077 0.181034 0.512500 0.195402 0.512500 0.211925 0.538462 0.211925 0.551923 0.204023 0.562500
0 0.274425 0.237500 0.265805 0.237500 0.250718 0.225000 0.243534 0.207692 0.243534 0.198077 0.248563 0.189423 0.258621 0.187500 0.280891 0.219231 0.280891 0.225000 0.274425 0.237500
0 0.106322 0.968269 0.097701 0.966346 0.085489 0.944231 0.084052 0.928846 0.091954 0.912500 0.100575 0.912500 0.106322 0.916346 0.114224 0.932692 0.111351 0.959615 0.106322 0.968269
0 0.998563 0.114423 0.987787 0.103846 0.998563 0.085577
0 0.918103 0.389423 0.903736 0.385577 0.898707 0.378846 0.898707 0.371154 0.912356 0.356731 0.931034 0.356731 0.938937 0.367308 0.938937 0.371154 0.929598 0.381731 0.918103 0.389423
0 0.479885 0.797115 0.472701 0.795192 0.447557 0.761538 0.458333 0.733654 0.468391 0.735577 0.482040 0.761538 0.484914 0.775000 0.484914 0.790385 0.479885 0.797115
0 0.429598 0.287500 0.413793 0.287500 0.408764 0.280769 0.408764 0.275000 0.405891 0.271154 0.415948 0.257692 0.411638 0.244231 0.422414 0.235577 0.429598 0.239423 0.438937 0.253846 0.438937 0.271154 0.436063 0.275000 0.436063 0.280769 0.429598 0.287500
0 0.251437 0.083654 0.245690 0.083654 0.243534 0.080769 0.247845 0.063462 0.246408 0.057692 0.258621 0.047115 0.264368 0.047115 0.267960 0.055769 0.260776 0.073077 0.251437 0.083654
0 0.330460 0.187500 0.317529 0.181731 0.303879 0.161538 0.302443 0.144231 0.306034 0.135577 0.318966 0.133654 0.326149 0.137500 0.335489 0.148077 0.338362 0.155769 0.338362 0.173077 0.330460 0.187500
0 0.420259 0.998077 0.414511 0.992308 0.413075 0.986538 0.414511 0.961538 0.425287 0.941346 0.431034 0.937500 0.438218 0.937500 0.447557 0.944231 0.447557 0.955769 0.438937 0.982692 0.428879 0.998077
0 0.303161 0.237500 0.291667 0.235577 0.279454 0.213462 0.273707 0.209615 0.272270 0.192308 0.275862 0.187500 0.290230 0.187500 0.303879 0.201923 0.302443 0.211538 0.305316 0.234615 0.303161 0.237500
0 0.239943 0.406731 0.225575 0.406731 0.216236 0.396154 0.214799 0.376923 0.218391 0.372115 0.224138 0.372115 0.227011 0.368269 0.242816 0.368269 0.252874 0.370192 0.259339 0.378846 0.259339 0.394231 0.250000 0.402885 0.239943 0.406731
0 0.298851 0.683654 0.288793 0.681731 0.283764 0.673077 0.286638 0.651923 0.298851 0.637500 0.304598 0.633654 0.311782 0.633654 0.318247 0.642308 0.318247 0.657692 0.313937 0.667308 0.298851 0.683654
0 0.496408 0.000000 0.506466 0.013462 0.513649 0.028846 0.513649 0.042308 0.504310 0.050962 0.491379 0.047115 0.487069 0.049038 0.484914 0.036538 0.474856 0.026923 0.480603 0.019231 0.480603 0.015385 0.490661 0.003846 0.490661 0.000000
0 0.693966 0.393269 0.688937 0.392308 0.690374 0.378846 0.686063 0.365385 0.673132 0.353846 0.685345 0.339423 0.696839 0.343269 0.704741 0.353846 0.706178 0.359615 0.706178 0.373077 0.700431 0.386538 0.693966 0.393269
0 0.966954 0.077885 0.945402 0.075962 0.929598 0.066346 0.926006 0.059615 0.927443 0.048077 0.932471 0.041346 0.938218 0.041346 0.945402 0.035577 0.975575 0.039423 0.983477 0.053846 0.984914 0.067308 0.981322 0.072115 0.966954 0.077885
0 0.318966 0.243269 0.313218 0.243269 0.303879 0.225000 0.302443 0.196154 0.307471 0.191346 0.314655 0.191346 0.323994 0.205769 0.325431 0.228846 0.318966 0.243269
0 0.239943 0.800962 0.232759 0.800962 0.229167 0.794231 0.230603 0.775000 0.245690 0.752885 0.262931 0.749038 0.265086 0.751923 0.265086 0.765385 0.260776 0.778846 0.245690 0.799038 0.239943 0.800962
0 0.096264 0.695192 0.089799 0.690385 0.091236 0.671154 0.085489 0.661538 0.085489 0.650000 0.088362 0.640385 0.093391 0.633654 0.104885 0.631731 0.111351 0.638462 0.114224 0.655769 0.112787 0.665385 0.109914 0.669231 0.109914 0.676923 0.096264 0.695192
0 0.945402 0.583654 0.938218 0.579808 0.936063 0.571154 0.946839 0.556731 0.958333 0.556731 0.970546 0.563462 0.971983 0.571154 0.968391 0.577885 0.961207 0.575962 0.956897 0.581731 0.945402 0.583654
0 0.350575 0.739423 0.341954 0.737500 0.333333 0.725962 0.329023 0.725962 0.323994 0.715385 0.326868 0.705769 0.340517 0.689423 0.349138 0.689423 0.361351 0.701923 0.359914 0.721154 0.350575 0.739423
0 0.515805 0.327885 0.507184 0.325962 0.492098 0.307692 0.486351 0.294231 0.488506 0.285577 0.492816 0.281731 0.504310 0.279808 0.510057 0.283654 0.522270 0.300000 0.525144 0.305769 0.525144 0.313462 0.522270 0.321154 0.515805 0.327885
0 0.537356 0.110577 0.525862 0.104808 0.519397 0.094231 0.519397 0.084615 0.524425 0.074038 0.534483 0.074038 0.538075 0.078846 0.538075 0.086538 0.543822 0.094231 0.543822 0.101923 0.537356 0.110577
0 0.273707 0.000000 0.270833 0.007692 0.275144 0.019231 0.272989 0.025962 0.257184 0.020192 0.247845 0.011538 0.242098 0.003846 0.242098 0.000000
0 0.433908 0.127885 0.420977 0.124038 0.410201 0.098077 0.408764 0.076923 0.410201 0.069231 0.416667 0.060577 0.431034 0.068269 0.441810 0.084615 0.446121 0.096154 0.441810 0.119231 0.433908 0.127885
0 0.581897 0.216346 0.568966 0.216346 0.563218 0.212500 0.556753 0.201923 0.556753 0.192308 0.567529 0.179808 0.587644 0.174038 0.598420 0.182692 0.601293 0.188462 0.601293 0.196154 0.594828 0.210577 0.581897 0.216346
0 0.431034 0.681731 0.418822 0.665385 0.418822 0.650000 0.426724 0.639423 0.438218 0.631731 0.449713 0.627885 0.452586 0.631731 0.459770 0.633654 0.463362 0.640385 0.461925 0.653846 0.451149 0.668269 0.431034 0.681731
0 0.954023 0.337500 0.946839 0.337500 0.941810 0.330769 0.941810 0.319231 0.943966 0.316346 0.946839 0.316346 0.951149 0.310577 0.956897 0.310577 0.962644 0.302885 0.966954 0.306731 0.977011 0.304808 0.983477 0.311538 0.982040 0.321154 0.975575 0.329808 0.954023 0.337500
0 0.658046 0.689423 0.649425 0.689423 0.641523 0.678846 0.640086 0.653846 0.645115 0.645192 0.653736 0.647115 0.656609 0.650962 0.669540 0.649038 0.673132 0.653846 0.673132 0.675000 0.665230 0.685577 0.658046 0.689423
0 0.797414 0.610577 0.778736 0.608654 0.769397 0.596154 0.767960 0.584615 0.775862 0.570192 0.785920 0.570192 0.795977 0.577885 0.804598 0.579808 0.811063 0.586538 0.812500 0.598077 0.806034 0.606731 0.797414 0.610577
0 0.146552 0.816346 0.136494 0.816346 0.130029 0.809615 0.128592 0.801923 0.127155 0.780769 0.128592 0.765385 0.130747 0.758654 0.137931 0.754808 0.149425 0.760577 0.155891 0.773077 0.154454 0.803846 0.146552 0.816346
0 0.820402 0.908654 0.816810 0.901923 0.816810 0.896154 0.803879 0.882692 0.804598 0.877885 0.820402 0.874038 0.826868 0.878846 0.828305 0.892308 0.820402 0.908654
0 0.596264 0.985577 0.579023 0.983654 0.572557 0.976923 0.568247 0.959615 0.576149 0.947115 0.580460 0.945192 0.583333 0.949038 0.589080 0.949038 0.601293 0.961538 0.605603 0.975000 0.596264 0.985577
0 0.043103 0.312500 0.030172 0.308654 0.022270 0.298077 0.025144 0.282692 0.035920 0.268269 0.041667 0.264423 0.050287 0.268269 0.055316 0.282692 0.055316 0.292308 0.051006 0.301923 0.051006 0.307692 0.043103 0.312500
0 0.798132 0.000000 0.791667 0.010577 0.785920 0.010577 0.780891 0.003846 0.782328 0.000000
0 0.864943 0.241346 0.859195 0.241346 0.854885 0.235577 0.852011 0.235577 0.848420 0.226923 0.852730 0.207692 0.860632 0.199038 0.872126 0.200962 0.877155 0.207692 0.877155 0.223077 0.864943 0.241346
0 0.568247 0.000000 0.571121 0.011538 0.571121 0.028846 0.564655 0.037500 0.556034 0.037500 0.548132 0.028846 0.543822 0.000000
0 0.879310 0.235577 0.873563 0.233654 0.872845 0.226923 0.877874 0.222115 0.882184 0.222115 0.885776 0.225000 0.885776 0.230769 0.879310 0.235577
0 0.955460 0.874038 0.939655 0.872115 0.933908 0.868269 0.926006 0.855769 0.926006 0.840385 0.939655 0.825962 0.951149 0.824038 0.955460 0.827885 0.965517 0.829808 0.974856 0.842308 0.971983 0.857692 0.964080 0.868269 0.955460 0.874038
0 0.058908 0.193269 0.056034 0.193269 0.055316 0.186538 0.049569 0.180769 0.049569 0.173077 0.056034 0.160577 0.077586 0.145192 0.090517 0.147115 0.094109 0.151923 0.091236 0.169231 0.083333 0.179808 0.073276 0.189423 0.058908 0.193269
0 0.221264 0.225962 0.212644 0.224038 0.197557 0.201923 0.191810 0.186538 0.191810 0.178846 0.195402 0.170192 0.201149 0.170192 0.208333 0.175962 0.227730 0.203846 0.229167 0.213462 0.221264 0.225962
0 0.972701 0.183654 0.959770 0.179808 0.948994 0.167308 0.950431 0.159615 0.956897 0.152885 0.971264 0.147115 0.977011 0.147115 0.988506 0.154808 0.992098 0.159615 0.992098 0.173077 0.972701 0.183654
0 0.951868 0.998077 0.954023 0.993269 0.962644 0.987500 0.972701 0.987500 0.976293 0.998077
0 0.883621 0.085577 0.876437 0.085577 0.868534 0.069231 0.868534 0.055769 0.873563 0.047115 0.882184 0.047115 0.890086 0.057692 0.890086 0.076923 0.883621 0.085577
0 0.094109 0.000000 0.084770 0.012500 0.079023 0.014423 0.067529 0.008654 0.063937 0.000000
0 0.962644 0.643269 0.955460 0.643269 0.951868 0.638462 0.948994 0.619231 0.961207 0.593269 0.968391 0.595192 0.971264 0.591346 0.975575 0.591346 0.979167 0.596154 0.983477 0.615385 0.978448 0.614423 0.970546 0.628846 0.969109 0.640385 0.962644 0.643269
0 0.758621 0.506731 0.754310 0.506731 0.746408 0.496154 0.746408 0.484615 0.748563 0.481731 0.752874 0.481731 0.763649 0.496154 0.763649 0.500000 0.758621 0.506731
0 0.482040 0.998077 0.488506 0.993269 0.494253 0.993269 0.502155 0.998077
0 0.637931 0.720192 0.627874 0.714423 0.624282 0.709615 0.621408 0.698077 0.621408 0.692308 0.633621 0.675962 0.640805 0.674038 0.642960 0.682692 0.649425 0.689423 0.658046 0.689423 0.662356 0.685577 0.665948 0.688462 0.665948 0.703846 0.662356 0.708654 0.646552 0.718269 0.637931 0.720192
0 0.941092 0.320192 0.935345 0.320192 0.928879 0.313462 0.931753 0.290385 0.945402 0.275962 0.964080 0.275962 0.967672 0.282692 0.964799 0.300000 0.956897 0.310577 0.951149 0.310577 0.941092 0.320192
0 0.553161 0.854808 0.541667 0.852885 0.530891 0.840385 0.532328 0.821154 0.538793 0.814423 0.566092 0.816346 0.570402 0.818269 0.575431 0.826923 0.572557 0.840385 0.566092 0.849038 0.553161 0.854808
0 0.998563 0.647115 0.991379 0.656731 0.981322 0.658654 0.974138 0.654808 0.969109 0.642308 0.970546 0.628846 0.978448 0.614423 0.992816 0.614423 0.998563 0.620192
0 0.722701 0.495192 0.711207 0.493269 0.707615 0.484615 0.713362 0.463462 0.719828 0.456731 0.727011 0.456731 0.732040 0.463462 0.733477 0.478846 0.732040 0.486538 0.722701 0.495192
0 0.053161 0.154808 0.040230 0.154808 0.031609 0.149038 0.029454 0.140385 0.032328 0.128846 0.048851 0.110577 0.071839 0.110577 0.078305 0.119231 0.078305 0.125000 0.068966 0.141346 0.053161 0.154808
0 0.341236 0.998077 0.339799 0.990385 0.332615 0.976923 0.334052 0.963462 0.340517 0.956731 0.350575 0.960577 0.366379 0.975962 0.369971 0.980769 0.371408 0.998077
0 0.000000 0.124038 0.013649 0.136538 0.013649 0.140385 0.007184 0.149038 0.000000 0.149038
0 0.643678 0.581731 0.633621 0.577885 0.622845 0.559615 0.621408 0.546154 0.630747 0.535577 0.646552 0.539423 0.651580 0.546154 0.651580 0.551923 0.655891 0.561538 0.654454 0.575000 0.650862 0.579808 0.643678 0.581731
0 0.724856 0.998077 0.739943 0.989423 0.742816 0.989423 0.746408 0.998077
0 0.232759 0.370192 0.211207 0.364423 0.206178 0.357692 0.206178 0.346154 0.222701 0.327885 0.245690 0.324038 0.257902 0.336538 0.257902 0.344231 0.255029 0.348077 0.255029 0.353846 0.245690 0.366346 0.232759 0.370192
0 0.172414 0.595192 0.168103 0.595192 0.155172 0.583654 0.141523 0.561538 0.149425 0.537500 0.158046 0.537500 0.163075 0.544231 0.165948 0.557692 0.180316 0.573077 0.180316 0.584615 0.172414 0.595192
0 0.504310 0.125962 0.492816 0.124038 0.487787 0.117308 0.486351 0.101923 0.489943 0.097115 0.510057 0.095192 0.512213 0.098077 0.513649 0.109615 0.510776 0.119231 0.504310 0.125962
0 0.283046 0.481731 0.267241 0.479808 0.257902 0.461538 0.257902 0.453846 0.262931 0.447115 0.274425 0.443269 0.295977 0.441346 0.301006 0.450000 0.301006 0.457692 0.283046 0.481731
0 0.814655 0.368269 0.803161 0.368269 0.796695 0.357692 0.796695 0.346154 0.802443 0.340385 0.802443 0.323077 0.807471 0.312500 0.813218 0.312500 0.829023 0.325962 0.834052 0.340385 0.834052 0.353846 0.814655 0.368269
0 0.827586 0.649038 0.818247 0.644231 0.813937 0.630769 0.815374 0.625000 0.818966 0.620192 0.824713 0.618269 0.826868 0.609615 0.831897 0.602885 0.840517 0.597115 0.853448 0.595192 0.861351 0.607692 0.858477 0.621154 0.843391 0.639423 0.827586 0.649038
0 0.675287 0.862500 0.653736 0.860577 0.648707 0.853846 0.648707 0.840385 0.653736 0.833654 0.663793 0.829808 0.678161 0.829808 0.681034 0.825962 0.685345 0.839423 0.693966 0.839423 0.697557 0.834615 0.698276 0.827885 0.706178 0.836538 0.706178 0.844231 0.699713 0.852885 0.675287 0.862500
0 0.019397 0.000000 0.020833 0.011538 0.017960 0.021154 0.011494 0.029808 0.004310 0.027885 0.000000 0.020192
0 0.954023 0.449038 0.923851 0.443269 0.914511 0.432692 0.914511 0.426923 0.919540 0.418269 0.928161 0.414423 0.949713 0.414423 0.961207 0.422115 0.969109 0.434615 0.965517 0.443269 0.954023 0.449038
0 0.070402 0.781731 0.066092 0.781731 0.060345 0.775962 0.055316 0.765385 0.055316 0.748077 0.058190 0.738462 0.066092 0.725962 0.076149 0.727885 0.084052 0.742308 0.081178 0.753846 0.081178 0.771154 0.076149 0.779808 0.070402 0.781731
0 0.951149 0.491346 0.933908 0.487500 0.928879 0.480769 0.927443 0.473077 0.936782 0.460577 0.941092 0.460577 0.946839 0.454808 0.955460 0.454808 0.959770 0.458654 0.966954 0.456731 0.974856 0.465385 0.976293 0.478846 0.971264 0.487500 0.958333 0.487500 0.951149 0.491346
0 0.998563 0.304808 0.996408 0.298077 0.983477 0.280769 0.984914 0.265385 0.987069 0.262500 0.998563 0.262500
0 0.676724 0.799038 0.666667 0.797115 0.652299 0.799038 0.643678 0.795192 0.635776 0.786538 0.632902 0.775000 0.637931 0.770192 0.662356 0.770192 0.673851 0.766346 0.692529 0.770192 0.694684 0.773077 0.694684 0.782692 0.685345 0.793269 0.679598 0.793269 0.676724 0.799038
0 0.504310 0.245192 0.497126 0.245192 0.494971 0.242308 0.494971 0.225000 0.496408 0.217308 0.501437 0.210577 0.508621 0.210577 0.515086 0.217308 0.515086 0.221154 0.509339 0.228846 0.504310 0.245192
0 0.538793 0.491346 0.524425 0.491346 0.516523 0.482692 0.515086 0.476923 0.517960 0.469231 0.525862 0.458654 0.535920 0.452885 0.541667 0.452885 0.551724 0.460577 0.561782 0.458654 0.566810 0.465385 0.557471 0.481731 0.550287 0.487500 0.538793 0.491346
0 0.566092 0.816346 0.548851 0.814423 0.540230 0.804808 0.534483 0.804808 0.532328 0.801923 0.532328 0.794231 0.553161 0.774038 0.571839 0.774038 0.579741 0.782692 0.579741 0.809615 0.576149 0.814423 0.566092 0.816346
0 0.164511 0.998077 0.161638 0.976923 0.166667 0.966346 0.175287 0.960577 0.188218 0.960577 0.194684 0.973077 0.194684 0.982692 0.188937 0.998077
0 0.978448 0.227885 0.974856 0.225000 0.970546 0.213462 0.970546 0.203846 0.975575 0.197115 0.988506 0.197115 0.993534 0.215385 0.988506 0.222115 0.978448 0.227885
0 0.683908 0.106731 0.666667 0.102885 0.661638 0.096154 0.655891 0.075000 0.659483 0.066346 0.670977 0.064423 0.682471 0.075962 0.688218 0.077885 0.694684 0.086538 0.691810 0.098077 0.683908 0.106731
0 0.060345 0.243269 0.048851 0.243269 0.043822 0.236538 0.043822 0.211538 0.056034 0.193269 0.070402 0.189423 0.080460 0.191346 0.082615 0.194231 0.082615 0.205769 0.079741 0.215385 0.075431 0.225000 0.060345 0.243269
0 0.385057 0.616346 0.377874 0.616346 0.369971 0.605769 0.369971 0.588462 0.380747 0.572115 0.399425 0.566346 0.407328 0.575000 0.405891 0.584615 0.385057 0.616346
0 0.293103 0.925962 0.281609 0.925962 0.272270 0.911538 0.269397 0.896154 0.278736 0.881731 0.290230 0.875962 0.303879 0.884615 0.303879 0.905769 0.293103 0.925962
0 0.000000 0.045192 0.008621 0.045192 0.015086 0.053846 0.013649 0.061538 0.000000 0.079808
0 0.966954 0.925962 0.947557 0.915385 0.944684 0.907692 0.947557 0.896154 0.961207 0.881731 0.991379 0.881731 0.996408 0.888462 0.996408 0.901923 0.979885 0.920192 0.966954 0.925962
0 0.000000 0.816346 0.004310 0.816346 0.009339 0.821154 0.006466 0.832692 0.006466 0.850000 0.000000 0.850962
0 0.495690 0.612500 0.482759 0.612500 0.476293 0.601923 0.477730 0.586538 0.489943 0.574038 0.500000 0.574038 0.509339 0.584615 0.507902 0.600000 0.495690 0.612500
0 0.655172 0.129808 0.630747 0.127885 0.625000 0.124038 0.615661 0.109615 0.618534 0.090385 0.623563 0.085577 0.637931 0.085577 0.650862 0.095192 0.664511 0.111538 0.663075 0.121154 0.655172 0.129808
0 0.439655 0.335577 0.431753 0.326923 0.430316 0.321154 0.423132 0.311538 0.424569 0.296154 0.429598 0.289423 0.436782 0.287500 0.446839 0.289423 0.459052 0.303846 0.461925 0.311538 0.461925 0.323077 0.456897 0.331731 0.439655 0.335577
0 0.814655 0.920192 0.801724 0.912500 0.789511 0.898077 0.788075 0.888462 0.798851 0.875962 0.803161 0.877885 0.803879 0.882692 0.816810 0.896154 0.819684 0.911538 0.814655 0.920192
0 0.942529 0.414423 0.928161 0.414423 0.919540 0.408654 0.914511 0.401923 0.913075 0.394231 0.932471 0.377885 0.946839 0.377885 0.954741 0.396154 0.943247 0.407692 0.942529 0.414423
0 0.748563 0.372115 0.722701 0.366346 0.713362 0.350000 0.713362 0.338462 0.718391 0.331731 0.731322 0.331731 0.739943 0.345192 0.754310 0.347115 0.758621 0.350962 0.760776 0.353846 0.760776 0.361538 0.754310 0.370192 0.748563 0.372115
0 0.813218 0.247115 0.797414 0.243269 0.790948 0.234615 0.790948 0.230769 0.785201 0.223077 0.786638 0.205769 0.788793 0.202885 0.804598 0.199038 0.819684 0.213462 0.822557 0.219231 0.821121 0.234615 0.813218 0.247115
0 0.142241 0.093269 0.125000 0.091346 0.119971 0.084615 0.119971 0.069231 0.142241 0.043269 0.155172 0.039423 0.163075 0.048077 0.163075 0.059615 0.158764 0.067308 0.157328 0.078846 0.150862 0.087500 0.142241 0.093269
0 0.000000 0.562500 0.007184 0.556731 0.027299 0.554808 0.032328 0.563462 0.032328 0.569231 0.028017 0.575000 0.028017 0.578846 0.018678 0.593269 0.000000 0.597115
0 0.500000 0.725962 0.494253 0.724038 0.489224 0.717308 0.489224 0.705769 0.492098 0.696154 0.504310 0.681731 0.521552 0.683654 0.525144 0.688462 0.525144 0.700000 0.519397 0.713462 0.507184 0.724038 0.500000 0.725962
0 0.331897 0.770192 0.318966 0.768269 0.313937 0.763462 0.312500 0.748077 0.317529 0.741346 0.331897 0.735577 0.344109 0.746154 0.341236 0.757692 0.331897 0.770192
0 0.762931 0.531731 0.754310 0.531731 0.750000 0.527885 0.742098 0.528846 0.742098 0.521154 0.736351 0.511538 0.745690 0.495192 0.754310 0.506731 0.760057 0.504808 0.768678 0.512500 0.777299 0.512500 0.779454 0.515385 0.779454 0.521154 0.775862 0.525962 0.762931 0.531731
0 0.518678 0.114423 0.513649 0.109615 0.513649 0.101923 0.510057 0.095192 0.497126 0.097115 0.494971 0.094231 0.497845 0.090385 0.494971 0.078846 0.498563 0.066346 0.508621 0.066346 0.522270 0.076923 0.519397 0.084615 0.519397 0.094231 0.526580 0.105769 0.518678 0.114423
0 0.043103 0.499038 0.035920 0.499038 0.025144 0.488462 0.025144 0.471154 0.034483 0.458654 0.044540 0.452885 0.058908 0.450962 0.066092 0.454808 0.069684 0.459615 0.069684 0.469231 0.066810 0.476923 0.056034 0.493269 0.043103 0.499038
0 0.741379 0.639423 0.727011 0.639423 0.714080 0.631731 0.709770 0.633654 0.703305 0.625000 0.706178 0.611538 0.719828 0.597115 0.725575 0.597115 0.731322 0.604808 0.739943 0.608654 0.747845 0.621154 0.749282 0.630769 0.741379 0.639423
0 0.156609 0.629808 0.136494 0.622115 0.125718 0.607692 0.125718 0.603846 0.130747 0.600962 0.143678 0.583654 0.153736 0.581731 0.168822 0.596154 0.168822 0.619231 0.163793 0.625962 0.156609 0.629808
0 0.264368 0.733654 0.257184 0.731731 0.253592 0.726923 0.253592 0.715385 0.260776 0.700000 0.263649 0.680769 0.268678 0.674038 0.278736 0.674038 0.280891 0.676923 0.278017 0.684615 0.278017 0.692308 0.280891 0.696154 0.279454 0.721154 0.272989 0.731731 0.264368 0.733654
0 0.028736 0.856731 0.025862 0.856731 0.022270 0.848077 0.020833 0.834615 0.030172 0.820192 0.041667 0.818269 0.048132 0.826923 0.048132 0.844231 0.040230 0.854808 0.028736 0.856731
0 0.405172 0.210577 0.396552 0.210577 0.390805 0.206731 0.380029 0.192308 0.381466 0.178846 0.389368 0.168269 0.409483 0.172115 0.418822 0.188462 0.415948 0.201923 0.405172 0.210577
0 0.056753 0.000000 0.061063 0.021154 0.056034 0.027885 0.050287 0.029808 0.038793 0.027885 0.035201 0.023077 0.035201 0.017308 0.028017 0.000000
0 0.783046 0.454808 0.770115 0.454808 0.762931 0.450962 0.757902 0.442308 0.757902 0.430769 0.765805 0.418269 0.772989 0.412500 0.790230 0.410577 0.797414 0.414423 0.803879 0.423077 0.803879 0.436538 0.793103 0.450962 0.783046 0.454808
0 0.646552 0.375962 0.640805 0.375962 0.632902 0.367308 0.631466 0.350000 0.642241 0.339423 0.649425 0.341346 0.655891 0.348077 0.655891 0.367308 0.646552 0.375962
0 0.271552 0.974038 0.267241 0.974038 0.260776 0.967308 0.260776 0.963462 0.267241 0.956731 0.272989 0.956731 0.276580 0.961538 0.275144 0.969231 0.271552 0.974038
0 0.869253 0.960577 0.859195 0.960577 0.857040 0.957692 0.854167 0.951923 0.855603 0.934615 0.869253 0.914423 0.876437 0.910577 0.890805 0.910577 0.895833 0.917308 0.892960 0.934615 0.882184 0.950962 0.869253 0.960577
0 0.462644 0.099038 0.455460 0.099038 0.448276 0.093269 0.430316 0.067308 0.428879 0.051923 0.436782 0.039423 0.449713 0.037500 0.456897 0.041346 0.460489 0.055769 0.469109 0.061538 0.473420 0.078846 0.470546 0.090385 0.462644 0.099038
0 0.491379 0.270192 0.483477 0.265385 0.484914 0.257692 0.495690 0.245192 0.504310 0.245192 0.507902 0.250000 0.507902 0.257692 0.504310 0.262500 0.495690 0.260577 0.491379 0.270192
0 0.893678 0.745192 0.889368 0.745192 0.884339 0.736538 0.885776 0.707692 0.895115 0.695192 0.900862 0.699038 0.909483 0.699038 0.911638 0.713462 0.908764 0.730769 0.899425 0.743269 0.893678 0.745192
0 0.882184 0.487500 0.872126 0.485577 0.867098 0.478846 0.869971 0.461538 0.882184 0.449038 0.893678 0.445192 0.905172 0.447115 0.910201 0.457692 0.908764 0.471154 0.897989 0.481731 0.882184 0.487500
0 0.803161 0.922115 0.794540 0.922115 0.788075 0.915385 0.786638 0.903846 0.790230 0.899038 0.808190 0.917308 0.803161 0.922115
