0 0.683594 0.762207 0.680664 0.762207 0.677246 0.759766 0.677246 0.755859 0.678711 0.754395 0.682617 0.754395 0.685059 0.756836 0.683594 0.762207
0 0.478516 0.519043 0.475586 0.519043 0.474121 0.514648 0.474121 0.511719 0.476562 0.508301 0.480957 0.508789 0.480957 0.517578 0.478516 0.519043
0 0.915039 0.651855 0.911133 0.651855 0.908691 0.649414 0.908203 0.641113 0.916016 0.640137 0.918457 0.641602 0.918457 0.647461 0.915039 0.651855
0 0.787109 0.281738 0.783203 0.281738 0.781738 0.280273 0.781738 0.275391 0.783203 0.273926 0.787109 0.273926 0.789551 0.276367 0.789551 0.280273 0.787109 0.281738
0 0.689453 0.759277 0.685059 0.758789 0.683105 0.754883 0.684570 0.751465 0.687500 0.751465 0.689941 0.753906 0.689453 0.759277
0 0.171875 0.566895 0.163574 0.564453 0.163574 0.559570 0.167969 0.556152 0.169922 0.556152 0.173340 0.560547 0.174316 0.565430 0.171875 0.566895
0 0.780273 0.280762 0.776855 0.279297 0.777344 0.274902 0.781738 0.276367 0.780273 0.280762
0 0.916992 0.630371 0.911621 0.629883 0.907715 0.623047 0.909180 0.618652 0.912109 0.618652 0.914551 0.621094 0.917480 0.627930 0.916992 0.630371
0 0.983398 0.219238 0.979004 0.218750 0.974121 0.208984 0.976074 0.199219 0.980469 0.189941 0.990234 0.188965 0.993652 0.196289 0.994629 0.208984 0.989258 0.215332 0.983398 0.219238
0 0.464844 0.876465 0.458496 0.875000 0.458496 0.859375 0.464844 0.850098 0.470703 0.848145 0.475098 0.854492 0.475098 0.866211 0.471191 0.872070 0.464844 0.876465
0 0.750000 0.284668 0.744141 0.283691 0.743652 0.279297 0.750000 0.277832 0.750000 0.284668
0 0.213867 0.979004 0.208496 0.976562 0.209961 0.973145 0.215332 0.973633 0.216309 0.977539 0.213867 0.979004
0 0.746094 0.308105 0.743652 0.307617 0.743164 0.302246 0.747070 0.302246 0.748535 0.303711 0.748535 0.306641 0.746094 0.308105
0 0.623047 0.398926 0.611328 0.397949 0.604980 0.390625 0.606934 0.378906 0.614258 0.371582 0.622070 0.371582 0.626953 0.373535 0.633301 0.382812 0.632324 0.391602 0.623047 0.398926
0 0.175781 0.592285 0.169922 0.592285 0.166504 0.587891 0.165527 0.580078 0.167480 0.575195 0.161621 0.572266 0.163086 0.564941 0.167969 0.564941 0.169922 0.567871 0.175781 0.563965 0.180664 0.563965 0.186035 0.569336 0.186035 0.581055 0.182129 0.587891 0.175781 0.592285
0 0.280762 0.999023 0.279785 0.991211 0.285156 0.987793 0.290039 0.988770 0.292480 0.992188 0.292480 0.999023
0 0.742188 0.293457 0.738281 0.293457 0.736816 0.291992 0.737305 0.287598 0.741699 0.288086 0.742188 0.293457
0 0.944336 0.982910 0.939453 0.982910 0.937012 0.978516 0.937012 0.976562 0.941406 0.973145 0.946289 0.973145 0.947754 0.974609 0.947754 0.979492 0.944336 0.982910
0 0.655273 0.465332 0.651367 0.465332 0.645996 0.461914 0.645996 0.453125 0.647461 0.451660 0.658203 0.450684 0.659668 0.452148 0.659668 0.457031 0.656738 0.458984 0.656738 0.463867 0.655273 0.465332
0 0.619141 0.464355 0.614746 0.463867 0.612793 0.459961 0.613281 0.456543 0.618164 0.456543 0.619629 0.458008 0.619141 0.464355
0 0.753906 0.287598 0.750488 0.286133 0.751953 0.277832 0.757324 0.279297 0.757324 0.285156 0.753906 0.287598
0 0.362305 0.785645 0.354492 0.784668 0.353027 0.782227 0.353027 0.768555 0.358398 0.761230 0.365234 0.761230 0.370605 0.766602 0.368652 0.781250 0.362305 0.785645
0 0.750000 0.292480 0.744629 0.291992 0.743652 0.287109 0.745117 0.284668 0.750488 0.285156 0.751465 0.290039 0.750000 0.292480
0 0.659180 0.375488 0.656250 0.375488 0.649414 0.371582 0.645996 0.367188 0.646973 0.363281 0.655273 0.354980 0.670898 0.354980 0.674316 0.359375 0.674316 0.365234 0.671875 0.368652 0.666992 0.370605 0.663086 0.374512 0.659180 0.375488
0 0.632812 0.451660 0.624023 0.451660 0.622070 0.448730 0.617188 0.449707 0.613770 0.446289 0.613770 0.439453 0.616699 0.434570 0.625000 0.431152 0.633789 0.432129 0.639648 0.427246 0.646484 0.428223 0.649414 0.430176 0.654785 0.437500 0.654785 0.443359 0.650391 0.446777 0.632812 0.451660
0 0.104492 0.886230 0.096680 0.885254 0.093750 0.883301 0.086426 0.871094 0.086426 0.867188 0.096680 0.855957 0.103516 0.857910 0.117676 0.871094 0.117676 0.876953 0.115723 0.881836 0.110352 0.885254 0.104492 0.886230
0 0.923828 0.626465 0.919434 0.625000 0.919434 0.620117 0.921875 0.618652 0.926270 0.619141 0.926270 0.624023 0.923828 0.626465
0 0.171875 0.358887 0.157227 0.357910 0.149902 0.352539 0.149902 0.343750 0.155273 0.337402 0.165039 0.336426 0.176270 0.341797 0.179199 0.346680 0.179199 0.352539 0.174805 0.357910 0.171875 0.358887
0 0.305664 0.529785 0.299805 0.528809 0.298340 0.525391 0.299316 0.520508 0.303223 0.517578 0.304688 0.514160 0.317383 0.514160 0.320801 0.516602 0.319824 0.521484 0.314453 0.526855 0.305664 0.529785
0 0.281250 0.676270 0.275391 0.675293 0.270020 0.669922 0.269043 0.661133 0.277344 0.649902 0.289062 0.648926 0.295410 0.655273 0.295410 0.663086 0.292480 0.669922 0.288086 0.674316 0.281250 0.676270
0 0.646484 0.382324 0.641602 0.382324 0.640137 0.378906 0.643555 0.376465 0.647461 0.376465 0.647949 0.380859 0.646484 0.382324
0 0.149414 0.959473 0.139648 0.959473 0.134277 0.957031 0.129395 0.950195 0.129395 0.945312 0.132812 0.940918 0.142578 0.937012 0.153809 0.943359 0.156738 0.954102 0.149414 0.959473
0 0.486328 0.518066 0.482422 0.518066 0.480957 0.516602 0.480957 0.513672 0.483398 0.513184 0.484375 0.511230 0.486816 0.511719 0.486328 0.518066
0 0.576172 0.578613 0.574707 0.576172 0.574707 0.570312 0.577637 0.560547 0.583008 0.555176 0.589844 0.555176 0.592285 0.557617 0.592285 0.566406 0.590332 0.570312 0.587891 0.573730 0.580078 0.575684 0.576172 0.578613
0 0.704102 0.164551 0.691406 0.163574 0.688965 0.160156 0.689941 0.153320 0.697266 0.148926 0.709961 0.149902 0.713379 0.154297 0.712402 0.159180 0.708984 0.162598 0.704102 0.164551
0 0.643555 0.394043 0.640137 0.393555 0.639160 0.386719 0.640625 0.385254 0.646973 0.386719 0.646973 0.389648 0.643555 0.394043
0 0.465820 0.400879 0.458984 0.399902 0.451660 0.391602 0.451660 0.381836 0.457031 0.375488 0.463867 0.375488 0.467773 0.377441 0.473145 0.383789 0.473145 0.395508 0.471680 0.397949 0.465820 0.400879
0 0.412109 0.838379 0.410156 0.838379 0.406738 0.834961 0.400879 0.822266 0.400879 0.818359 0.407227 0.813965 0.417969 0.815918 0.422363 0.823242 0.422363 0.828125 0.412109 0.838379
0 0.965820 0.354004 0.956055 0.350098 0.951660 0.340820 0.951660 0.329102 0.958008 0.322754 0.965820 0.322754 0.968750 0.324707 0.974121 0.330078 0.977051 0.336914 0.976074 0.349609 0.965820 0.354004
0 0.600586 0.387207 0.589844 0.387207 0.583496 0.382812 0.580566 0.376953 0.580566 0.369141 0.583984 0.364746 0.596680 0.363770 0.602051 0.368164 0.604980 0.374023 0.604980 0.377930 0.604004 0.382812 0.600586 0.387207
0 0.342773 0.698730 0.335938 0.698730 0.330566 0.694336 0.329590 0.685547 0.333008 0.681152 0.343750 0.681152 0.346191 0.683594 0.347168 0.691406 0.342773 0.698730
0 0.218750 0.944824 0.208008 0.941895 0.202637 0.935547 0.202637 0.932617 0.211914 0.923340 0.220703 0.923340 0.226562 0.926270 0.229980 0.930664 0.230957 0.935547 0.229004 0.940430 0.224609 0.943848 0.218750 0.944824
0 0.750977 0.302246 0.743164 0.302246 0.741699 0.298828 0.743164 0.297363 0.750000 0.297363 0.751465 0.298828 0.750977 0.302246
0 0.740234 0.307129 0.736328 0.306152 0.735840 0.303711 0.737305 0.301270 0.741211 0.300293 0.742676 0.301758 0.742676 0.305664 0.740234 0.307129
0 0.673828 0.427246 0.667969 0.427246 0.665527 0.423828 0.665527 0.418945 0.667969 0.413574 0.670898 0.413574 0.672363 0.416016 0.673828 0.427246
0 0.217773 0.320801 0.209961 0.320801 0.207520 0.317383 0.207520 0.311523 0.210938 0.306152 0.215820 0.307129 0.221191 0.312500 0.221191 0.317383 0.217773 0.320801
0 0.389648 0.632324 0.377441 0.628906 0.374512 0.620117 0.374512 0.617188 0.376953 0.613770 0.387695 0.613770 0.394043 0.619141 0.395996 0.626953 0.389648 0.632324
0 0.910156 0.633301 0.904785 0.631836 0.902832 0.627930 0.904297 0.623535 0.908203 0.623535 0.911621 0.627930 0.910156 0.633301
0 0.048828 0.487793 0.044922 0.487793 0.042480 0.484375 0.042480 0.480469 0.044922 0.478027 0.047852 0.478027 0.050293 0.480469 0.050293 0.486328 0.048828 0.487793
0 0.057617 0.483887 0.050293 0.483398 0.050293 0.480469 0.048340 0.479492 0.049805 0.475098 0.058594 0.474121 0.060059 0.475586 0.060059 0.481445 0.057617 0.483887
0 0.972168 0.999023 0.967285 0.995117 0.964355 0.990234 0.964355 0.982422 0.968750 0.977051 0.976562 0.974121 0.988281 0.975098 0.994629 0.983398 0.994629 0.992188 0.989258 0.998535 0.986816 0.999023
0 0.318359 0.496582 0.309570 0.495605 0.305176 0.491211 0.309082 0.481445 0.311523 0.479980 0.316406 0.479980 0.321777 0.486328 0.321777 0.492188 0.318359 0.496582
0 0.623047 0.454590 0.618164 0.454590 0.616699 0.450195 0.622070 0.448730 0.623535 0.450195 0.623047 0.454590
0 0.496094 0.765137 0.492188 0.765137 0.482910 0.758789 0.482422 0.750488 0.491211 0.750488 0.498535 0.756836 0.499512 0.763672 0.496094 0.765137
0 0.493164 0.519043 0.486816 0.518555 0.486328 0.510254 0.491211 0.510254 0.492676 0.511719 0.493164 0.519043
0 0.922852 0.654785 0.919922 0.654785 0.917480 0.652344 0.917480 0.648438 0.918945 0.646973 0.921875 0.646973 0.924316 0.649414 0.924316 0.653320 0.922852 0.654785
0 0.140625 0.917480 0.128906 0.917480 0.120117 0.914551 0.115234 0.909668 0.107422 0.914551 0.091797 0.912598 0.088379 0.910156 0.106445 0.905762 0.109863 0.900391 0.115723 0.896484 0.117188 0.892090 0.123047 0.892090 0.128906 0.893066 0.132812 0.896973 0.149902 0.906250 0.149902 0.911133 0.140625 0.917480
0 0.682617 0.740723 0.678711 0.740723 0.676270 0.737305 0.676270 0.734375 0.680176 0.726562 0.680176 0.717773 0.683594 0.715332 0.687500 0.715332 0.692871 0.718750 0.692871 0.726562 0.689941 0.734375 0.682617 0.740723
0 0.628906 0.468262 0.624512 0.467773 0.625000 0.460449 0.630371 0.461914 0.628906 0.468262
0 0.310547 0.803223 0.300781 0.803223 0.297363 0.801758 0.296387 0.791016 0.298828 0.787598 0.309570 0.785645 0.314941 0.791016 0.314941 0.799805 0.310547 0.803223
0 0.823242 0.052246 0.815430 0.051270 0.813965 0.046875 0.814941 0.043945 0.818848 0.036133 0.823242 0.031738 0.832031 0.030762 0.833496 0.042969 0.823242 0.052246
0 0.735352 0.304199 0.729980 0.303711 0.731934 0.293945 0.734375 0.292480 0.741211 0.293457 0.741699 0.299805 0.737305 0.301270 0.735352 0.304199
0 0.963379 0.000000 0.962402 0.006836 0.955078 0.015137 0.951172 0.015137 0.948730 0.012695 0.948730 0.009766 0.954590 0.000000
0 0.460938 0.429199 0.455078 0.427246 0.453613 0.422852 0.459961 0.423340 0.461426 0.424805 0.460938 0.429199
0 0.219727 0.982910 0.214844 0.982910 0.213379 0.979492 0.216797 0.977051 0.219727 0.977051 0.221191 0.978516 0.219727 0.982910
0 0.918945 0.618652 0.914062 0.618652 0.912598 0.617188 0.912598 0.608398 0.915039 0.605957 0.921875 0.607910 0.924316 0.613281 0.924316 0.615234 0.918945 0.618652
0 0.349609 0.062012 0.336914 0.057129 0.335449 0.053711 0.336426 0.042969 0.338379 0.039062 0.344727 0.034668 0.351562 0.035645 0.355957 0.040039 0.356934 0.043945 0.355957 0.055664 0.349609 0.062012
0 0.065430 0.357910 0.057617 0.355957 0.050293 0.347656 0.049316 0.339844 0.051270 0.334961 0.055664 0.331543 0.064453 0.331543 0.067383 0.334473 0.068359 0.333496 0.074707 0.341797 0.074707 0.352539 0.069336 0.356934 0.065430 0.357910
0 0.211914 0.985840 0.205566 0.984375 0.205078 0.978027 0.209961 0.977051 0.213379 0.979492 0.214355 0.983398 0.211914 0.985840
0 0.679688 0.767090 0.674805 0.767090 0.673340 0.765625 0.673340 0.761719 0.677734 0.760254 0.681641 0.762207 0.682129 0.765625 0.679688 0.767090
0 0.693359 0.147949 0.683594 0.147949 0.682129 0.146484 0.683105 0.140625 0.690430 0.140137 0.694336 0.142090 0.694824 0.145508 0.693359 0.147949
0 0.815430 0.030762 0.812500 0.030762 0.810059 0.027344 0.809082 0.011719 0.813477 0.006348 0.822266 0.004395 0.826660 0.008789 0.826660 0.011719 0.823730 0.020508 0.816895 0.027344 0.815430 0.030762
0 0.601562 0.533691 0.594238 0.532227 0.593262 0.521484 0.595215 0.516602 0.600586 0.511230 0.607422 0.510254 0.610840 0.514648 0.610840 0.522461 0.605957 0.530273 0.601562 0.533691
0 0.915039 0.634277 0.911133 0.634277 0.910645 0.631836 0.912109 0.630371 0.916992 0.630371 0.917480 0.632812 0.915039 0.634277
0 0.646484 0.395996 0.644043 0.395508 0.644043 0.392578 0.646973 0.389648 0.646973 0.381836 0.648438 0.378418 0.651367 0.378418 0.652832 0.381836 0.652832 0.390625 0.646484 0.395996
