0 0.265625 0.642578 0.222656 0.638672 0.216797 0.632812 0.216797 0.605469 0.222656 0.599609 0.257812 0.599609 0.271484 0.613281 0.271484 0.636719 0.265625 0.642578
0 0.000000 0.009766 0.025391 0.035156 0.025391 0.074219 0.017578 0.089844 0.000000 0.103516
0 0.160156 0.619141 0.144531 0.619141 0.119141 0.601562 0.121094 0.560547 0.160156 0.556641 0.185547 0.578125 0.185547 0.597656 0.160156 0.619141
0 0.054688 0.681641 0.035156 0.681641 0.017578 0.660156 0.017578 0.636719 0.031250 0.623047 0.074219 0.623047 0.080078 0.628906 0.083984 0.656250 0.074219 0.669922 0.054688 0.681641
0 0.320312 0.642578 0.300781 0.623047 0.291016 0.621094 0.279297 0.585938 0.308594 0.552734 0.343750 0.552734 0.365234 0.574219 0.373047 0.609375 0.355469 0.626953 0.320312 0.642578
0 0.410156 0.412109 0.371094 0.408203 0.337891 0.371094 0.330078 0.355469 0.330078 0.332031 0.351562 0.298828 0.382812 0.294922 0.410156 0.302734 0.427734 0.316406 0.439453 0.351562 0.439453 0.371094 0.423828 0.402344 0.410156 0.412109
0 0.484375 0.513672 0.460938 0.513672 0.455078 0.500000 0.439453 0.492188 0.435547 0.480469 0.435547 0.457031 0.460938 0.431641 0.480469 0.435547 0.494141 0.449219 0.501953 0.500000 0.484375 0.513672
0 0.402344 0.595703 0.394531 0.595703 0.392578 0.585938 0.373047 0.570312 0.373047 0.542969 0.384766 0.531250 0.384766 0.519531 0.394531 0.505859 0.396484 0.535156 0.425781 0.556641 0.437500 0.556641 0.445312 0.541016 0.474609 0.546875 0.449219 0.556641 0.417969 0.587891 0.402344 0.595703
0 0.169922 0.000000 0.144531 0.029297 0.117188 0.037109 0.093750 0.037109 0.078125 0.029297 0.052734 0.000000
0 0.277344 0.974609 0.246094 0.970703 0.228516 0.957031 0.220703 0.941406 0.220703 0.910156 0.246094 0.888672 0.269531 0.888672 0.287109 0.902344 0.298828 0.960938 0.277344 0.974609
0 0.292969 0.251953 0.250000 0.248047 0.236328 0.238281 0.232422 0.195312 0.238281 0.189453 0.273438 0.185547 0.298828 0.199219 0.306641 0.214844 0.306641 0.238281 0.292969 0.251953
0 0.128906 0.189453 0.105469 0.189453 0.082031 0.177734 0.064453 0.160156 0.056641 0.136719 0.060547 0.105469 0.068359 0.093750 0.085938 0.076172 0.113281 0.064453 0.140625 0.072266 0.162109 0.093750 0.169922 0.113281 0.166016 0.164062 0.128906 0.189453
0 0.496094 0.529297 0.482422 0.515625 0.501953 0.500000 0.501953 0.476562 0.484375 0.435547 0.501953 0.449219 0.509766 0.480469 0.509766 0.503906 0.496094 0.529297
0 0.351562 0.951172 0.320312 0.951172 0.302734 0.921875 0.306641 0.894531 0.343750 0.876953 0.359375 0.876953 0.371094 0.888672 0.378906 0.888672 0.384766 0.906250 0.380859 0.941406 0.351562 0.951172
0 0.457031 0.978516 0.441406 0.978516 0.412109 0.941406 0.419922 0.910156 0.433594 0.896484 0.457031 0.888672 0.480469 0.896484 0.498047 0.921875 0.498047 0.945312 0.490234 0.960938 0.457031 0.978516
0 0.378906 0.701172 0.365234 0.695312 0.371094 0.681641 0.384766 0.687500 0.378906 0.701172
0 0.335938 0.740234 0.312500 0.736328 0.298828 0.718750 0.298828 0.695312 0.308594 0.681641 0.328125 0.677734 0.357422 0.699219 0.361328 0.722656 0.335938 0.740234
0 0.160156 0.720703 0.140625 0.720703 0.119141 0.703125 0.107422 0.679688 0.107422 0.656250 0.125000 0.638672 0.167969 0.642578 0.185547 0.664062 0.185547 0.691406 0.173828 0.703125 0.173828 0.710938 0.160156 0.720703
0 0.433594 0.478516 0.427734 0.445312 0.449219 0.435547 0.435547 0.457031 0.433594 0.478516
0 0.277344 0.853516 0.263672 0.847656 0.269531 0.833984 0.283203 0.839844 0.277344 0.853516
0 0.222656 0.572266 0.207031 0.568359 0.181641 0.542969 0.195312 0.509766 0.222656 0.509766 0.240234 0.523438 0.240234 0.562500 0.222656 0.572266
0 0.335938 0.302734 0.322266 0.296875 0.328125 0.283203 0.341797 0.289062 0.335938 0.302734
0 0.261719 0.837891 0.250000 0.830078 0.222656 0.826172 0.201172 0.792969 0.201172 0.769531 0.222656 0.740234 0.277344 0.744141 0.302734 0.773438 0.298828 0.785156 0.279297 0.800781 0.261719 0.837891
0 0.222656 0.251953 0.207031 0.251953 0.197266 0.242188 0.197266 0.218750 0.207031 0.208984 0.222656 0.208984 0.232422 0.218750 0.232422 0.234375 0.222656 0.251953
0 0.261719 0.712891 0.222656 0.708984 0.212891 0.695312 0.212891 0.667969 0.238281 0.642578 0.265625 0.642578 0.273438 0.634766 0.279297 0.652344 0.294922 0.664062 0.294922 0.671875 0.279297 0.699219 0.261719 0.712891
0 0.242188 0.474609 0.214844 0.470703 0.197266 0.453125 0.197266 0.406250 0.226562 0.376953 0.261719 0.376953 0.283203 0.406250 0.283203 0.429688 0.267578 0.457031 0.242188 0.474609
0 0.347656 0.533203 0.316406 0.533203 0.302734 0.511719 0.306641 0.480469 0.324219 0.462891 0.339844 0.458984 0.367188 0.466797 0.373047 0.476562 0.373047 0.496094 0.361328 0.523438 0.347656 0.533203
0 0.328125 0.857422 0.308594 0.857422 0.287109 0.843750 0.283203 0.812500 0.296875 0.798828 0.332031 0.794922 0.341797 0.804688 0.341797 0.839844 0.328125 0.857422
0 0.437500 0.556641 0.425781 0.556641 0.396484 0.535156 0.396484 0.507812 0.410156 0.494141 0.431641 0.503906 0.431641 0.527344 0.443359 0.539062 0.437500 0.556641
0 0.359375 0.298828 0.345703 0.292969 0.351562 0.279297 0.365234 0.285156 0.359375 0.298828
0 0.257812 0.326172 0.242188 0.326172 0.220703 0.316406 0.205078 0.292969 0.205078 0.253906 0.222656 0.251953 0.234375 0.228516 0.236328 0.238281 0.250000 0.248047 0.292969 0.251953 0.306641 0.238281 0.308594 0.212891 0.310547 0.242188 0.291016 0.261719 0.298828 0.277344 0.298828 0.296875 0.289062 0.314453 0.257812 0.326172
0 0.488281 0.544922 0.449219 0.544922 0.431641 0.527344 0.431641 0.503906 0.449219 0.494141 0.460938 0.513672 0.488281 0.517578 0.494141 0.523438 0.494141 0.539062 0.488281 0.544922
0 0.000000 0.556641 0.007812 0.548828 0.027344 0.548828 0.052734 0.570312 0.052734 0.601562 0.039062 0.611328 0.003906 0.611328 0.000000 0.603516
0 0.417969 0.865234 0.378906 0.861328 0.351562 0.849609 0.345703 0.843750 0.345703 0.828125 0.375000 0.798828 0.410156 0.791016 0.423828 0.804688 0.435547 0.832031 0.431641 0.851562 0.417969 0.865234
0 0.132812 0.427734 0.109375 0.427734 0.087891 0.417969 0.091797 0.367188 0.105469 0.353516 0.136719 0.357422 0.158203 0.382812 0.158203 0.410156 0.148438 0.423828 0.132812 0.427734
0 0.511719 0.373047 0.488281 0.369141 0.478516 0.355469 0.482422 0.339844 0.496094 0.330078 0.515625 0.330078 0.529297 0.343750 0.521484 0.367188 0.511719 0.373047
