0 0.644531 0.791016 0.621094 0.791016 0.595703 0.769531 0.595703 0.746094 0.621094 0.720703 0.656250 0.724609 0.673828 0.750000 0.669922 0.773438 0.644531 0.791016
0 0.433594 0.935547 0.398438 0.935547 0.392578 0.929688 0.423828 0.902344 0.425781 0.888672 0.443359 0.894531 0.443359 0.925781 0.433594 0.935547
0 0.234375 0.763672 0.216797 0.757812 0.212891 0.726562 0.246094 0.708984 0.250000 0.701172 0.277344 0.701172 0.291016 0.718750 0.287109 0.730469 0.234375 0.763672
0 0.164062 0.158203 0.136719 0.150391 0.119141 0.132812 0.115234 0.117188 0.119141 0.101562 0.148438 0.080078 0.175781 0.087891 0.197266 0.109375 0.193359 0.140625 0.164062 0.158203
0 0.503906 0.728516 0.484375 0.724609 0.466797 0.707031 0.466797 0.683594 0.488281 0.666016 0.507812 0.669922 0.529297 0.699219 0.529297 0.714844 0.503906 0.728516
0 0.171875 0.298828 0.158203 0.292969 0.164062 0.279297 0.177734 0.285156 0.171875 0.298828
0 0.386719 0.337891 0.373047 0.332031 0.378906 0.318359 0.392578 0.324219 0.386719 0.337891
0 0.812500 0.990234 0.792969 0.990234 0.775391 0.972656 0.775391 0.953125 0.787109 0.921875 0.808594 0.908203 0.837891 0.929688 0.837891 0.960938 0.830078 0.976562 0.812500 0.990234
0 0.394531 0.927734 0.367188 0.923828 0.361328 0.917969 0.361328 0.898438 0.382812 0.873047 0.414062 0.873047 0.423828 0.882812 0.423828 0.902344 0.394531 0.927734
0 0.613281 0.181641 0.585938 0.177734 0.564453 0.148438 0.568359 0.117188 0.589844 0.099609 0.613281 0.103516 0.646484 0.128906 0.646484 0.140625 0.634766 0.160156 0.613281 0.181641
0 0.996094 0.791016 0.982422 0.781250 0.978516 0.753906 0.978516 0.722656 0.996094 0.716797
0 0.183594 0.615234 0.160156 0.615234 0.134766 0.582031 0.138672 0.562500 0.148438 0.552734 0.156250 0.560547 0.164062 0.541016 0.199219 0.548828 0.212891 0.574219 0.208984 0.589844 0.183594 0.615234
