0 0.371875 0.853516 0.362500 0.853516 0.351562 0.843750 0.351562 0.820312 0.362500 0.806641 0.381250 0.806641 0.392188 0.820312 0.385937 0.843750 0.371875 0.853516
0 0.531250 0.228516 0.521875 0.228516 0.510938 0.214844 0.482812 0.160156 0.482812 0.140625 0.490625 0.130859 0.512500 0.138672 0.532813 0.164062 0.539062 0.183594 0.539062 0.218750 0.531250 0.228516
0 0.250000 0.263672 0.225000 0.263672 0.198437 0.238281 0.192188 0.210938 0.203125 0.193359 0.209375 0.193359 0.218750 0.181641 0.240625 0.181641 0.264062 0.199219 0.264062 0.242188 0.250000 0.263672
0 0.943750 0.787109 0.925000 0.783203 0.917188 0.773438 0.917188 0.761719 0.907813 0.742188 0.907813 0.722656 0.931250 0.685547 0.956250 0.677734 0.985938 0.710938 0.985938 0.726562 0.976562 0.757812 0.962500 0.775391 0.943750 0.787109
0 0.470313 0.000000 0.482812 0.078125 0.468750 0.103516 0.445312 0.093750 0.435937 0.066406 0.420312 0.050781 0.404687 0.000000
0 0.878125 0.509766 0.856250 0.509766 0.845313 0.500000 0.835938 0.449219 0.835938 0.417969 0.842187 0.394531 0.850000 0.384766 0.865625 0.376953 0.893750 0.376953 0.910937 0.394531 0.914062 0.445312 0.898438 0.488281 0.878125 0.509766
0 0.543750 0.541016 0.518750 0.533203 0.498437 0.503906 0.495312 0.488281 0.498437 0.460938 0.528125 0.435547 0.546875 0.435547 0.567187 0.457031 0.567187 0.492188 0.560937 0.519531 0.543750 0.541016
0 0.421875 0.771484 0.410938 0.765625 0.414062 0.757812 0.401562 0.746094 0.393750 0.728516 0.384375 0.728516 0.367188 0.699219 0.373437 0.664062 0.393750 0.646484 0.425000 0.646484 0.457813 0.679688 0.457813 0.703125 0.442188 0.710938 0.445312 0.722656 0.439063 0.726562 0.439063 0.742188 0.421875 0.771484
0 0.518750 0.955078 0.493750 0.955078 0.467187 0.929688 0.457813 0.910156 0.454688 0.886719 0.460938 0.863281 0.487500 0.841797 0.521875 0.845703 0.542188 0.882812 0.545312 0.914062 0.518750 0.955078
0 0.225000 0.822266 0.175000 0.791016 0.142187 0.746094 0.142187 0.714844 0.159375 0.689453 0.173437 0.699219 0.173437 0.718750 0.179688 0.722656 0.182812 0.750000 0.221875 0.771484 0.232813 0.789062 0.235937 0.808594 0.225000 0.822266
0 0.709375 0.611328 0.671875 0.603516 0.664062 0.566406 0.667188 0.507812 0.673438 0.500000 0.670312 0.496094 0.681250 0.478516 0.692187 0.472656 0.700000 0.455078 0.715625 0.458984 0.729688 0.472656 0.742188 0.515625 0.751563 0.523438 0.745313 0.539062 0.745313 0.558594 0.709375 0.611328
0 0.000000 0.060547 0.021875 0.064453 0.039062 0.078125 0.035937 0.125000 0.021875 0.146484 0.000000 0.150391
0 0.562500 0.732422 0.540625 0.728516 0.526563 0.710938 0.517188 0.695312 0.518750 0.662109 0.543750 0.646484 0.576562 0.656250 0.585938 0.695312 0.562500 0.732422
0 0.693750 0.826172 0.675000 0.826172 0.657813 0.812500 0.645312 0.777344 0.645312 0.753906 0.650000 0.748047 0.678125 0.736328 0.695312 0.750000 0.704688 0.781250 0.704688 0.812500 0.693750 0.826172
0 0.306250 0.232422 0.296875 0.232422 0.285938 0.218750 0.282813 0.187500 0.264062 0.160156 0.264062 0.136719 0.271875 0.130859 0.296875 0.134766 0.332813 0.167969 0.332813 0.199219 0.306250 0.232422
0 0.739062 0.000000 0.739062 0.015625 0.728125 0.041016 0.723437 0.035156 0.723437 0.015625 0.714063 0.019531 0.709375 0.060547 0.693750 0.060547 0.682813 0.050781 0.679688 0.000000
0 0.293750 0.396484 0.256250 0.388672 0.234375 0.376953 0.223438 0.359375 0.223438 0.343750 0.229687 0.332031 0.250000 0.314453 0.271875 0.314453 0.307812 0.359375 0.310937 0.371094 0.307812 0.382812 0.293750 0.396484
0 0.731250 0.158203 0.717187 0.148438 0.714063 0.105469 0.740625 0.072266 0.756250 0.072266 0.760938 0.078125 0.760938 0.093750 0.754687 0.117188 0.764062 0.132812 0.764062 0.144531 0.743750 0.146484 0.731250 0.158203
0 0.534375 0.615234 0.521875 0.615234 0.493750 0.599609 0.476562 0.578125 0.457813 0.535156 0.459375 0.513672 0.481250 0.509766 0.500000 0.529297 0.531250 0.537109 0.551562 0.558594 0.554688 0.593750 0.534375 0.615234
0 0.000000 0.033203 0.014063 0.054688 0.012500 0.060547 0.000000 0.060547
0 0.400000 0.193359 0.375000 0.193359 0.353125 0.185547 0.315625 0.150391 0.301563 0.125000 0.298438 0.082031 0.303125 0.076172 0.328125 0.076172 0.343750 0.056641 0.371875 0.056641 0.379688 0.066406 0.379688 0.082031 0.401562 0.097656 0.404687 0.117188 0.420312 0.140625 0.420312 0.167969 0.400000 0.193359
0 0.109375 0.814453 0.081250 0.806641 0.059375 0.787109 0.042188 0.761719 0.045312 0.746094 0.059375 0.740234 0.109375 0.744141 0.129688 0.773438 0.129688 0.796875 0.109375 0.814453
0 0.609375 0.369141 0.590625 0.365234 0.582812 0.355469 0.589063 0.320312 0.576562 0.312500 0.576562 0.300781 0.584375 0.275391 0.600000 0.271484 0.609375 0.259766 0.621875 0.259766 0.629687 0.273438 0.629687 0.320312 0.623437 0.347656 0.609375 0.369141
0 0.640625 0.244141 0.568750 0.240234 0.551562 0.226562 0.548438 0.207031 0.562500 0.189453 0.600000 0.185547 0.637500 0.158203 0.646875 0.158203 0.657813 0.167969 0.657813 0.230469 0.653125 0.240234 0.640625 0.244141
0 0.326562 0.000000 0.335938 0.007812 0.345313 0.031250 0.342187 0.058594 0.328125 0.076172 0.303125 0.076172 0.285938 0.062500 0.267188 0.023438 0.270313 0.007812 0.279687 0.000000
0 0.556250 0.373047 0.525000 0.353516 0.514062 0.335938 0.514062 0.316406 0.531250 0.287109 0.543750 0.287109 0.554688 0.296875 0.567187 0.335938 0.570312 0.355469 0.556250 0.373047
0 0.617188 0.000000 0.617188 0.015625 0.635938 0.050781 0.635938 0.066406 0.615625 0.103516 0.593750 0.115234 0.559375 0.115234 0.548438 0.101562 0.545312 0.078125 0.554688 0.058594 0.554688 0.035156 0.528125 0.017578 0.520312 0.000000
0 0.812500 0.763672 0.789062 0.757812 0.789062 0.699219 0.776563 0.679688 0.782813 0.652344 0.770312 0.609375 0.770312 0.582031 0.778125 0.572266 0.790625 0.572266 0.810937 0.589844 0.823438 0.613281 0.823438 0.628906 0.839063 0.648438 0.839063 0.660156 0.851562 0.671875 0.851562 0.695312 0.845313 0.707031 0.845313 0.722656 0.851562 0.734375 0.837500 0.740234 0.831250 0.751953 0.812500 0.763672
0 0.731250 0.404297 0.718750 0.396484 0.703125 0.404297 0.684375 0.404297 0.670312 0.367188 0.659375 0.361328 0.648438 0.339844 0.651563 0.320312 0.665625 0.310547 0.675000 0.322266 0.681250 0.322266 0.703125 0.302734 0.712500 0.318359 0.731250 0.330078 0.739062 0.328125 0.734375 0.322266 0.740625 0.322266 0.751563 0.339844 0.751563 0.359375 0.732812 0.390625 0.731250 0.404297
0 0.170313 0.000000 0.167187 0.015625 0.154688 0.019531 0.157812 0.042969 0.140625 0.064453 0.125000 0.064453 0.104688 0.050781 0.098437 0.039062 0.101562 0.000000
0 0.656250 0.994141 0.625000 0.994141 0.620313 0.988281 0.629687 0.968750 0.598437 0.941406 0.598437 0.925781 0.606250 0.916016 0.634375 0.916016 0.657813 0.941406 0.664062 0.957031 0.664062 0.984375 0.656250 0.994141
0 0.162500 0.857422 0.142187 0.847656 0.142187 0.824219 0.159375 0.791016 0.175000 0.791016 0.198437 0.808594 0.198437 0.832031 0.184375 0.849609 0.162500 0.857422
0 0.281250 0.755859 0.259375 0.755859 0.248438 0.742188 0.248438 0.722656 0.262500 0.705078 0.293750 0.693359 0.301563 0.703125 0.301563 0.718750 0.292187 0.746094 0.281250 0.755859
0 0.412500 0.435547 0.393750 0.431641 0.376563 0.398438 0.373437 0.355469 0.381250 0.341797 0.403125 0.345703 0.418750 0.357422 0.426563 0.371094 0.423438 0.386719 0.410938 0.402344 0.417187 0.417969 0.412500 0.435547
0 0.000000 0.951172 0.021875 0.962891 0.029687 0.980469 0.028125 0.994141 0.000000 0.994141
0 0.425000 0.994141 0.353125 0.994141 0.351562 0.984375 0.371875 0.955078 0.393750 0.951172 0.412500 0.958984 0.423438 0.972656 0.425000 0.994141
0 0.209375 0.763672 0.182812 0.750000 0.181250 0.720703 0.209375 0.716797 0.223438 0.734375 0.220312 0.753906 0.209375 0.763672
0 0.081250 0.212891 0.070312 0.207031 0.070312 0.183594 0.076563 0.160156 0.090625 0.150391 0.098437 0.156250 0.098437 0.179688 0.081250 0.212891
0 0.106250 0.939453 0.093750 0.939453 0.085938 0.929688 0.095312 0.902344 0.092188 0.886719 0.082812 0.875000 0.085938 0.867188 0.106250 0.865234 0.118750 0.873047 0.146875 0.876953 0.151562 0.882812 0.151562 0.898438 0.139063 0.925781 0.128125 0.935547 0.106250 0.939453
0 0.306250 0.927734 0.290625 0.927734 0.273438 0.910156 0.270313 0.882812 0.278125 0.873047 0.300000 0.876953 0.314063 0.898438 0.314063 0.914062 0.306250 0.927734
0 0.140625 0.283203 0.121875 0.267578 0.112500 0.267578 0.109375 0.275391 0.096875 0.275391 0.087500 0.267578 0.050000 0.271484 0.042188 0.261719 0.039062 0.234375 0.050000 0.216797 0.087500 0.208984 0.134375 0.220703 0.154688 0.238281 0.154688 0.257812 0.140625 0.283203
0 0.237500 0.103516 0.221875 0.103516 0.210938 0.093750 0.204687 0.078125 0.204687 0.050781 0.215625 0.033203 0.228125 0.029297 0.243750 0.009766 0.250000 0.009766 0.273438 0.035156 0.276562 0.089844 0.268750 0.099609 0.237500 0.103516
0 0.350000 0.896484 0.337500 0.896484 0.326562 0.886719 0.326562 0.859375 0.337500 0.841797 0.346875 0.841797 0.373437 0.863281 0.370312 0.882812 0.350000 0.896484
0 0.387500 0.619141 0.365625 0.619141 0.351562 0.597656 0.357812 0.570312 0.357812 0.539062 0.384375 0.494141 0.431250 0.482422 0.445312 0.503906 0.445312 0.589844 0.434375 0.599609 0.418750 0.599609 0.409375 0.583984 0.396875 0.580078 0.389062 0.585938 0.389062 0.601562 0.395313 0.609375 0.387500 0.619141
0 0.500000 0.314453 0.478125 0.310547 0.457813 0.273438 0.457813 0.222656 0.464062 0.203125 0.478125 0.193359 0.495312 0.203125 0.507812 0.226562 0.510938 0.246094 0.523438 0.253906 0.514062 0.277344 0.514062 0.300781 0.500000 0.314453
0 0.290625 0.986328 0.262500 0.986328 0.237500 0.966797 0.220312 0.929688 0.223438 0.906250 0.240625 0.892578 0.265625 0.888672 0.275000 0.912109 0.290625 0.927734 0.300000 0.927734 0.314063 0.964844 0.290625 0.986328
0 0.990625 0.701172 0.978125 0.701172 0.957812 0.679688 0.957812 0.667969 0.942187 0.625000 0.942187 0.601562 0.956250 0.587891 0.987500 0.599609 0.995313 0.613281 0.995313 0.695312 0.990625 0.701172
0 0.534375 0.798828 0.515625 0.798828 0.495312 0.777344 0.504687 0.753906 0.515625 0.744141 0.525000 0.744141 0.535937 0.753906 0.539062 0.773438 0.534375 0.798828
0 0.750000 0.279297 0.735938 0.261719 0.735938 0.234375 0.757812 0.218750 0.748437 0.203125 0.751563 0.191406 0.756250 0.185547 0.768750 0.185547 0.796875 0.201172 0.804688 0.214844 0.804688 0.257812 0.796875 0.263672 0.787500 0.259766 0.778125 0.275391 0.759375 0.271484 0.750000 0.279297
0 0.587500 0.978516 0.581250 0.978516 0.564063 0.949219 0.564063 0.933594 0.571875 0.919922 0.585938 0.929688 0.587500 0.978516
0 0.729688 0.996094 0.726562 0.976562 0.732812 0.957031 0.732812 0.929688 0.746875 0.900391 0.765625 0.900391 0.778125 0.908203 0.798438 0.937500 0.807813 0.972656 0.801562 0.996094
0 0.431250 0.357422 0.418750 0.357422 0.387500 0.337891 0.376563 0.308594 0.406250 0.287109 0.421875 0.287109 0.442188 0.308594 0.435937 0.320312 0.439063 0.351562 0.431250 0.357422
0 0.095312 0.000000 0.092188 0.031250 0.087500 0.037109 0.065625 0.037109 0.035937 0.000000
0 0.878125 0.306641 0.862500 0.302734 0.856250 0.291016 0.834375 0.302734 0.826562 0.289062 0.829688 0.253906 0.865625 0.232422 0.878125 0.232422 0.882812 0.250000 0.892188 0.261719 0.892188 0.273438 0.901563 0.281250 0.896875 0.294922 0.878125 0.306641
0 0.278125 0.638672 0.262500 0.638672 0.253125 0.630859 0.246875 0.634766 0.235937 0.621094 0.223438 0.582031 0.214062 0.570312 0.214062 0.550781 0.246875 0.509766 0.265625 0.505859 0.289062 0.531250 0.307812 0.566406 0.304688 0.597656 0.289062 0.628906 0.278125 0.638672
0 0.848437 0.000000 0.818750 0.017578 0.804688 0.011719 0.807813 0.000000
0 0.134375 0.994141 0.082812 0.992188 0.085938 0.960938 0.100000 0.939453 0.118750 0.935547 0.132812 0.949219 0.139063 0.964844 0.134375 0.994141
0 0.000000 0.197266 0.007812 0.230469 0.007812 0.273438 0.000000 0.279297
0 0.496875 0.435547 0.484375 0.435547 0.462500 0.419922 0.451562 0.398438 0.454688 0.378906 0.465625 0.361328 0.503125 0.337891 0.514062 0.351562 0.510938 0.375000 0.526563 0.390625 0.526563 0.406250 0.515625 0.423828 0.496875 0.435547
0 0.971875 0.978516 0.956250 0.978516 0.942187 0.968750 0.945312 0.906250 0.948438 0.890625 0.959375 0.876953 0.984375 0.873047 0.992188 0.886719 0.989062 0.953125 0.985938 0.964844 0.971875 0.978516
0 0.840625 0.146484 0.817187 0.144531 0.814063 0.101562 0.804688 0.093750 0.810937 0.042969 0.828125 0.025391 0.843750 0.025391 0.851562 0.035156 0.845313 0.058594 0.845313 0.101562 0.867188 0.125000 0.856250 0.126953 0.840625 0.146484
