0 0.326149 0.179808 0.306034 0.170192 0.299569 0.161538 0.295259 0.150000 0.293822 0.140385 0.310345 0.118269 0.317529 0.118269 0.327586 0.124038 0.334052 0.134615 0.336925 0.169231 0.331897 0.177885 0.326149 0.179808
0 0.306034 0.941346 0.297414 0.941346 0.271552 0.922115 0.259339 0.903846 0.257902 0.888462 0.265805 0.879808 0.275862 0.879808 0.283046 0.883654 0.295977 0.897115 0.311063 0.921154 0.311063 0.936538 0.306034 0.941346
0 0.445402 0.658654 0.439655 0.658654 0.431753 0.651923 0.426006 0.630769 0.413075 0.607692 0.411638 0.586538 0.420977 0.574038 0.431034 0.575962 0.441092 0.585577 0.457615 0.611538 0.460489 0.626923 0.459052 0.638462 0.454741 0.650000 0.445402 0.658654
0 0.800287 0.706731 0.775862 0.702885 0.768678 0.704808 0.761494 0.700962 0.752155 0.686538 0.752155 0.671154 0.765805 0.660577 0.771552 0.660577 0.787356 0.664423 0.803161 0.674038 0.809626 0.688462 0.809626 0.696154 0.806034 0.702885 0.800287 0.706731
0 0.147989 0.560577 0.132184 0.560577 0.122126 0.552885 0.114224 0.542308 0.112787 0.523077 0.117816 0.512500 0.127874 0.506731 0.133621 0.506731 0.146552 0.512500 0.158764 0.523077 0.161638 0.532692 0.160201 0.550000 0.147989 0.560577
0 0.836207 0.189423 0.827586 0.189423 0.821839 0.185577 0.815374 0.175000 0.816810 0.142308 0.830460 0.124038 0.840517 0.125962 0.846983 0.138462 0.848420 0.148077 0.846983 0.175000 0.836207 0.189423
0 0.191092 0.614423 0.178161 0.612500 0.163075 0.590385 0.161638 0.575000 0.168103 0.564423 0.175287 0.560577 0.191092 0.562500 0.199713 0.568269 0.209052 0.580769 0.209052 0.598077 0.191092 0.614423
0 0.268678 0.822115 0.257184 0.820192 0.243534 0.803846 0.240661 0.788462 0.247126 0.777885 0.257184 0.775962 0.270115 0.783654 0.275144 0.790385 0.278017 0.798077 0.278017 0.813462 0.268678 0.822115
0 0.768678 0.656731 0.762931 0.656731 0.750718 0.646154 0.750718 0.613462 0.755029 0.600000 0.762931 0.587500 0.772989 0.579808 0.780172 0.579808 0.784483 0.581731 0.792385 0.592308 0.793822 0.607692 0.790948 0.623077 0.783764 0.642308 0.768678 0.656731
0 0.573276 0.447115 0.554598 0.447115 0.547414 0.443269 0.533764 0.430769 0.533764 0.419231 0.538793 0.412500 0.548851 0.408654 0.577586 0.410577 0.585489 0.423077 0.585489 0.432692 0.579023 0.443269 0.573276 0.447115
0 0.356322 0.477885 0.323276 0.477885 0.312500 0.465385 0.311063 0.455769 0.320402 0.441346 0.344828 0.441346 0.359195 0.447115 0.364224 0.453846 0.364224 0.467308 0.356322 0.477885
0 0.326149 0.760577 0.310345 0.760577 0.301724 0.754808 0.292385 0.742308 0.293822 0.730769 0.298851 0.724038 0.316092 0.714423 0.346264 0.718269 0.349856 0.723077 0.348420 0.734615 0.334770 0.754808 0.326149 0.760577
0 0.240661 0.000000 0.244971 0.005769 0.244971 0.023077 0.232759 0.043269 0.221264 0.043269 0.214799 0.034615 0.214799 0.009615 0.220546 0.000000
0 0.400862 0.897115 0.389368 0.895192 0.384339 0.888462 0.384339 0.876923 0.397270 0.840385 0.403736 0.831731 0.409483 0.831731 0.415948 0.840385 0.418822 0.882692 0.410920 0.891346 0.400862 0.897115
0 0.626437 0.377885 0.614943 0.377885 0.603448 0.372115 0.595546 0.357692 0.596983 0.346154 0.592672 0.340385 0.594109 0.328846 0.599856 0.315385 0.604885 0.310577 0.625000 0.310577 0.637213 0.334615 0.637213 0.363462 0.626437 0.377885
0 0.311782 0.439423 0.298851 0.437500 0.289511 0.425000 0.285201 0.409615 0.288793 0.387500 0.308908 0.387500 0.316092 0.393269 0.321121 0.403846 0.318247 0.432692 0.311782 0.439423
0 0.094828 0.364423 0.079023 0.364423 0.071839 0.360577 0.061063 0.346154 0.059626 0.338462 0.061063 0.326923 0.064655 0.322115 0.074713 0.318269 0.081897 0.306731 0.087644 0.304808 0.108477 0.334615 0.107040 0.350000 0.094828 0.364423
0 0.403736 0.962500 0.395115 0.962500 0.388649 0.955769 0.380029 0.921154 0.382902 0.913462 0.390805 0.904808 0.413793 0.900962 0.424569 0.917308 0.424569 0.932692 0.418822 0.946154 0.403736 0.962500
0 0.520115 0.324038 0.504310 0.324038 0.494253 0.318269 0.489224 0.311538 0.482040 0.286538 0.483477 0.275000 0.488506 0.264423 0.494253 0.260577 0.525862 0.262500 0.535201 0.271154 0.535201 0.298077 0.528017 0.317308 0.520115 0.324038
0 0.369253 0.104808 0.362069 0.102885 0.341236 0.069231 0.339799 0.063462 0.344828 0.054808 0.363506 0.054808 0.364943 0.060577 0.372845 0.063462 0.377155 0.076923 0.377155 0.094231 0.369253 0.104808
0 0.843391 0.822115 0.829023 0.822115 0.822557 0.815385 0.822557 0.809615 0.831178 0.794231 0.831178 0.788462 0.836925 0.773077 0.844828 0.766346 0.850575 0.766346 0.857040 0.773077 0.855603 0.786538 0.861351 0.792308 0.852730 0.803846 0.852730 0.815385 0.843391 0.822115
0 0.766523 0.998077 0.770833 0.980769 0.785920 0.962500 0.794540 0.962500 0.803879 0.975000 0.803879 0.982692 0.796695 0.998077
0 0.168103 0.943269 0.153736 0.939423 0.147270 0.930769 0.145833 0.917308 0.148707 0.907692 0.158046 0.897115 0.176724 0.895192 0.183190 0.901923 0.184626 0.913462 0.176006 0.936538 0.168103 0.943269
0 0.709770 0.624038 0.688218 0.622115 0.666667 0.612500 0.657328 0.598077 0.657328 0.582692 0.662356 0.575962 0.670977 0.575962 0.714080 0.600962 0.717672 0.615385 0.709770 0.624038
0 0.830460 0.302885 0.814655 0.300962 0.803879 0.286538 0.803879 0.265385 0.813218 0.252885 0.829023 0.252885 0.837644 0.260577 0.845546 0.275000 0.845546 0.290385 0.839080 0.299038 0.830460 0.302885
0 0.512213 0.998077 0.520115 0.983654 0.525862 0.979808 0.543103 0.981731 0.549569 0.988462 0.552443 0.998077
0 0.752874 0.533654 0.742816 0.533654 0.736351 0.525000 0.733477 0.517308 0.733477 0.486538 0.746408 0.455769 0.750000 0.450962 0.760057 0.450962 0.766523 0.461538 0.766523 0.469231 0.769397 0.473077 0.769397 0.503846 0.766523 0.507692 0.767960 0.513462 0.763649 0.519231 0.763649 0.530769 0.757184 0.529808 0.752874 0.533654
0 0.915230 0.531731 0.903736 0.529808 0.894397 0.517308 0.895833 0.496154 0.906609 0.475962 0.912356 0.475962 0.915948 0.480769 0.917385 0.494231 0.921695 0.505769 0.923132 0.521154 0.915230 0.531731
0 0.998563 0.900962 0.994253 0.906731 0.984914 0.911538 0.990661 0.921154 0.993534 0.932692 0.993534 0.948077 0.990661 0.955769 0.981322 0.966346 0.966954 0.966346 0.956178 0.948077 0.956178 0.938462 0.960489 0.925000 0.970546 0.913462 0.963362 0.900000 0.963362 0.882692 0.969828 0.872115 0.982759 0.862500 0.992816 0.864423 0.998563 0.870192
0 0.432471 0.424038 0.426724 0.424038 0.424569 0.421154 0.424569 0.411538 0.434626 0.382692 0.449713 0.358654 0.458333 0.350962 0.466954 0.350962 0.473420 0.359615 0.471983 0.376923 0.432471 0.424038
0 0.466954 0.206731 0.451149 0.204808 0.442529 0.199038 0.436063 0.190385 0.434626 0.169231 0.443966 0.152885 0.452586 0.149038 0.465517 0.150962 0.482040 0.167308 0.483477 0.180769 0.480603 0.192308 0.466954 0.206731
0 0.573276 0.250962 0.568966 0.247115 0.551724 0.249038 0.544540 0.245192 0.535201 0.228846 0.535201 0.207692 0.543103 0.199038 0.554598 0.197115 0.581897 0.210577 0.589799 0.221154 0.592672 0.234615 0.573276 0.250962
0 0.856322 0.385577 0.849138 0.385577 0.844109 0.380769 0.835489 0.357692 0.835489 0.338462 0.847701 0.322115 0.866379 0.324038 0.874282 0.332692 0.875718 0.338462 0.877155 0.355769 0.874282 0.363462 0.856322 0.385577
0 0.357759 0.393269 0.346264 0.393269 0.338362 0.382692 0.338362 0.367308 0.329741 0.357692 0.329741 0.340385 0.339080 0.329808 0.352011 0.341346 0.362787 0.355769 0.365661 0.378846 0.357759 0.393269
0 0.593391 0.725962 0.586207 0.725962 0.576868 0.713462 0.578305 0.632692 0.581178 0.625000 0.587644 0.618269 0.596264 0.618269 0.605603 0.628846 0.612787 0.653846 0.612787 0.684615 0.608477 0.703846 0.604167 0.713462 0.593391 0.725962
0 0.385057 0.154808 0.376437 0.152885 0.371408 0.144231 0.374282 0.123077 0.382184 0.110577 0.389368 0.104808 0.402299 0.104808 0.413075 0.123077 0.410201 0.138462 0.403736 0.147115 0.385057 0.154808
0 0.704023 0.908654 0.696839 0.906731 0.693247 0.901923 0.693247 0.873077 0.696121 0.869231 0.697557 0.857692 0.697557 0.825000 0.698994 0.813462 0.705460 0.804808 0.714080 0.804808 0.724856 0.819231 0.724856 0.825000 0.727730 0.828846 0.727730 0.848077 0.721983 0.876923 0.710489 0.901923 0.704023 0.908654
0 0.790230 0.402885 0.781609 0.402885 0.773707 0.392308 0.772270 0.386538 0.772270 0.373077 0.776580 0.351923 0.784483 0.337500 0.793103 0.337500 0.801006 0.350000 0.803879 0.359615 0.803879 0.384615 0.799569 0.394231 0.790230 0.402885
0 0.258621 0.564423 0.237069 0.554808 0.230603 0.546154 0.227730 0.530769 0.235632 0.522115 0.245690 0.522115 0.268678 0.531731 0.273707 0.542308 0.272270 0.551923 0.267241 0.560577 0.258621 0.564423
0 0.119253 0.220192 0.107759 0.220192 0.094109 0.205769 0.091236 0.196154 0.091236 0.182692 0.097701 0.172115 0.110632 0.170192 0.124282 0.184615 0.127155 0.200000 0.122845 0.203846 0.128592 0.213462 0.119253 0.220192
0 0.644397 0.998077 0.647989 0.991346 0.655172 0.991346 0.658764 0.998077
0 0.998563 0.647115 0.994253 0.650962 0.982759 0.650962 0.977011 0.647115 0.973420 0.640385 0.973420 0.628846 0.982759 0.612500 0.989943 0.608654 0.998563 0.608654
0 0.337644 0.260577 0.329023 0.258654 0.310345 0.245192 0.301006 0.232692 0.295259 0.207692 0.295259 0.196154 0.300287 0.189423 0.307471 0.189423 0.311782 0.193269 0.317529 0.202885 0.341236 0.228846 0.344109 0.236538 0.344109 0.251923 0.337644 0.260577
0 0.724138 0.304808 0.708333 0.299038 0.686782 0.297115 0.678161 0.289423 0.673132 0.278846 0.673132 0.261538 0.677443 0.251923 0.686782 0.243269 0.696839 0.241346 0.701149 0.237500 0.715517 0.237500 0.729885 0.247115 0.739224 0.259615 0.742098 0.271154 0.742098 0.284615 0.732759 0.300962 0.724138 0.304808
0 0.280172 0.724038 0.254310 0.724038 0.250718 0.715385 0.250718 0.698077 0.262931 0.687500 0.293103 0.681731 0.303879 0.696154 0.303879 0.711538 0.294540 0.720192 0.280172 0.724038
0 0.318966 0.091346 0.311782 0.085577 0.307471 0.087500 0.292385 0.073077 0.292385 0.055769 0.308908 0.033654 0.318966 0.035577 0.326868 0.050000 0.322557 0.067308 0.323994 0.082692 0.318966 0.091346
0 0.258621 0.474038 0.244253 0.474038 0.236351 0.465385 0.233477 0.446154 0.237069 0.439423 0.248563 0.431731 0.252874 0.431731 0.262931 0.437500 0.269397 0.446154 0.272270 0.453846 0.270833 0.463462 0.265805 0.470192 0.258621 0.474038
0 0.824713 0.483654 0.816092 0.481731 0.806034 0.462500 0.793103 0.462500 0.786638 0.453846 0.786638 0.442308 0.791667 0.433654 0.797414 0.429808 0.821839 0.429808 0.831178 0.442308 0.838362 0.455769 0.839799 0.465385 0.833333 0.477885 0.824713 0.483654
0 0.212644 0.150962 0.201149 0.149038 0.191810 0.132692 0.188937 0.105769 0.191810 0.094231 0.199713 0.085577 0.208333 0.085577 0.217672 0.100000 0.220546 0.138462 0.217672 0.146154 0.212644 0.150962
0 0.691092 0.479808 0.682471 0.479808 0.676006 0.473077 0.673132 0.465385 0.673132 0.448077 0.678879 0.434615 0.686782 0.424038 0.696839 0.416346 0.706897 0.414423 0.711925 0.423077 0.710489 0.438462 0.701868 0.465385 0.691092 0.479808
0 0.653736 0.774038 0.636494 0.772115 0.630029 0.761538 0.627155 0.750000 0.628592 0.717308 0.632902 0.705769 0.640805 0.695192 0.652299 0.697115 0.660201 0.705769 0.664511 0.715385 0.668822 0.736538 0.668822 0.750000 0.665948 0.759615 0.653736 0.774038
0 0.185345 0.277885 0.175287 0.275962 0.163075 0.255769 0.163075 0.238462 0.165948 0.230769 0.172414 0.224038 0.189655 0.224038 0.198994 0.234615 0.201868 0.242308 0.201868 0.255769 0.198994 0.263462 0.189655 0.275962 0.185345 0.277885
0 0.619253 0.539423 0.612069 0.539423 0.611351 0.530769 0.619253 0.531731 0.619253 0.539423
0 0.033046 0.806731 0.021552 0.806731 0.011494 0.800962 0.005029 0.784615 0.006466 0.765385 0.012213 0.750000 0.021552 0.737500 0.031609 0.737500 0.037356 0.741346 0.046695 0.761538 0.045259 0.782692 0.039511 0.798077 0.033046 0.806731
0 0.363506 0.452885 0.359195 0.447115 0.350575 0.445192 0.339799 0.430769 0.336925 0.423077 0.336925 0.409615 0.340517 0.404808 0.347701 0.400962 0.363506 0.400962 0.370690 0.404808 0.378592 0.415385 0.378592 0.440385 0.373563 0.447115 0.366379 0.449038 0.363506 0.452885
0 0.478448 0.981731 0.465517 0.979808 0.456178 0.965385 0.451868 0.951923 0.450431 0.913462 0.454741 0.900000 0.461207 0.895192 0.469828 0.895192 0.477011 0.899038 0.490661 0.921154 0.493534 0.932692 0.493534 0.961538 0.490661 0.969231 0.482759 0.979808 0.478448 0.981731
0 0.270115 0.227885 0.257184 0.227885 0.250000 0.224038 0.240661 0.211538 0.237787 0.186538 0.242816 0.177885 0.254310 0.177885 0.265805 0.183654 0.276580 0.198077 0.276580 0.211538 0.270115 0.227885
0 0.044540 0.314423 0.031609 0.314423 0.025862 0.310577 0.019397 0.300000 0.022270 0.284615 0.030172 0.274038 0.041667 0.268269 0.063218 0.272115 0.071121 0.284615 0.069684 0.296154 0.063218 0.304808 0.044540 0.314423
0 0.897270 0.998077 0.898707 0.990385 0.908046 0.977885 0.918103 0.968269 0.923851 0.966346 0.936782 0.968269 0.943247 0.976923 0.943247 0.998077
0 0.952586 0.412500 0.946839 0.412500 0.943247 0.407692 0.943966 0.397115 0.948276 0.397115 0.953305 0.403846 0.952586 0.412500
0 0.275862 0.185577 0.267241 0.185577 0.260057 0.181731 0.249282 0.165385 0.246408 0.157692 0.246408 0.148077 0.254310 0.133654 0.267241 0.131731 0.278017 0.142308 0.283764 0.159615 0.283764 0.176923 0.275862 0.185577
0 0.250000 0.970192 0.231322 0.968269 0.221264 0.960577 0.213362 0.950000 0.210489 0.944231 0.210489 0.928846 0.214080 0.916346 0.234195 0.914423 0.244253 0.924038 0.251437 0.925962 0.265086 0.942308 0.267960 0.950000 0.266523 0.957692 0.260057 0.966346 0.250000 0.970192
0 0.137213 0.998077 0.132902 0.980769 0.137931 0.970192 0.147989 0.964423 0.188218 0.972115 0.202586 0.983654 0.210489 0.998077
0 0.919540 0.741346 0.910920 0.741346 0.908764 0.738462 0.895833 0.701923 0.900144 0.688462 0.905172 0.681731 0.918103 0.683654 0.928161 0.693269 0.938218 0.695192 0.944684 0.701923 0.943247 0.711538 0.936782 0.716346 0.931753 0.723077 0.931753 0.728846 0.919540 0.741346
0 0.058908 0.568269 0.048851 0.568269 0.043103 0.564423 0.039511 0.557692 0.039511 0.546154 0.046695 0.526923 0.053161 0.518269 0.067529 0.516346 0.078305 0.530769 0.078305 0.548077 0.068966 0.562500 0.058908 0.568269
0 0.000000 0.843269 0.026580 0.878846 0.025144 0.886538 0.017241 0.895192 0.000000 0.893269
0 0.635057 0.910577 0.622126 0.906731 0.611351 0.890385 0.611351 0.878846 0.614943 0.874038 0.630747 0.866346 0.637931 0.868269 0.644397 0.876923 0.645833 0.890385 0.642960 0.903846 0.635057 0.910577
0 0.806034 0.862500 0.797414 0.862500 0.791667 0.858654 0.773707 0.828846 0.772270 0.809615 0.780172 0.799038 0.794540 0.799038 0.808190 0.813462 0.813937 0.828846 0.815374 0.842308 0.813937 0.853846 0.806034 0.862500
0 0.604885 0.124038 0.591954 0.124038 0.572557 0.107692 0.566810 0.094231 0.566810 0.076923 0.570402 0.072115 0.574713 0.070192 0.580460 0.075962 0.590517 0.079808 0.601293 0.094231 0.608477 0.111538 0.608477 0.117308 0.604885 0.124038
0 0.449713 0.095192 0.442529 0.095192 0.440374 0.088462 0.427443 0.075000 0.427443 0.069231 0.431753 0.061538 0.445402 0.043269 0.455460 0.045192 0.464080 0.050962 0.467672 0.059615 0.459052 0.086538 0.449713 0.095192
0 0.531609 0.070192 0.521552 0.068269 0.510776 0.053846 0.505029 0.040385 0.505029 0.028846 0.507902 0.021154 0.517241 0.012500 0.527299 0.014423 0.538075 0.032692 0.540948 0.050000 0.538075 0.061538 0.531609 0.070192
0 0.761494 0.210577 0.738506 0.208654 0.732040 0.201923 0.730603 0.192308 0.760057 0.152885 0.765805 0.152885 0.775144 0.163462 0.778017 0.171154 0.778017 0.184615 0.772270 0.203846 0.761494 0.210577
0 0.293103 0.141346 0.283046 0.141346 0.265086 0.105769 0.267241 0.099038 0.281609 0.091346 0.290230 0.074038 0.309626 0.088462 0.309626 0.119231 0.293103 0.141346
0 0.109195 0.318269 0.097701 0.318269 0.088362 0.305769 0.086925 0.300000 0.076868 0.288462 0.072557 0.276923 0.072557 0.269231 0.080460 0.254808 0.089080 0.254808 0.111351 0.276923 0.112787 0.311538 0.109195 0.318269
0 0.655172 0.162500 0.620690 0.154808 0.615661 0.148077 0.615661 0.138462 0.618534 0.130769 0.627874 0.120192 0.636494 0.116346 0.647989 0.120192 0.660201 0.136538 0.664511 0.148077 0.664511 0.153846 0.655172 0.162500
0 0.581897 0.877885 0.576149 0.877885 0.569684 0.871154 0.569684 0.850000 0.576149 0.837500 0.590517 0.820192 0.593391 0.820192 0.607040 0.838462 0.607040 0.861538 0.602011 0.874038 0.586207 0.874038 0.581897 0.877885
0 0.998563 0.735577 0.974138 0.747115 0.964080 0.747115 0.956178 0.740385 0.957615 0.725000 0.969828 0.708654 0.984195 0.697115 0.998563 0.691346
0 0.875000 0.904808 0.869253 0.904808 0.861351 0.896154 0.859914 0.892308 0.861351 0.871154 0.865661 0.857692 0.872126 0.849038 0.877874 0.845192 0.892241 0.845192 0.897270 0.853846 0.897270 0.867308 0.884339 0.894231 0.875000 0.904808
0 0.998563 0.224038 0.992098 0.215385 0.992098 0.198077 0.998563 0.189423
0 0.577586 0.837500 0.568966 0.835577 0.563937 0.830769 0.561063 0.819231 0.561063 0.798077 0.563937 0.784615 0.573276 0.772115 0.583333 0.768269 0.595546 0.776923 0.599856 0.786538 0.599856 0.796154 0.589799 0.821154 0.577586 0.837500
0 0.000000 0.047115 0.015805 0.049038 0.025862 0.056731 0.029454 0.063462 0.029454 0.071154 0.025862 0.077885 0.011494 0.087500 0.000000 0.091346
0 0.285201 0.998077 0.290230 0.989423 0.304598 0.979808 0.326149 0.979808 0.343391 0.989423 0.346983 0.998077
0 0.143678 0.647115 0.133621 0.647115 0.116379 0.631731 0.107040 0.619231 0.105603 0.605769 0.114943 0.595192 0.123563 0.595192 0.137931 0.604808 0.145833 0.615385 0.150144 0.626923 0.150144 0.638462 0.143678 0.647115
0 0.445402 0.320192 0.435345 0.320192 0.429598 0.316346 0.421695 0.292308 0.421695 0.269231 0.424569 0.255769 0.433908 0.241346 0.446839 0.243269 0.453305 0.251923 0.456178 0.263462 0.456178 0.305769 0.445402 0.320192
0 0.091954 0.758654 0.081897 0.758654 0.076149 0.754808 0.062500 0.734615 0.058190 0.717308 0.064655 0.704808 0.079023 0.700962 0.095546 0.723077 0.099856 0.738462 0.099856 0.748077 0.091954 0.758654
0 0.877874 0.666346 0.865661 0.659615 0.864224 0.640385 0.873563 0.627885 0.885057 0.618269 0.900862 0.618269 0.907328 0.628846 0.907328 0.640385 0.896552 0.656731 0.877874 0.666346
0 0.602011 0.297115 0.586207 0.295192 0.581178 0.290385 0.578305 0.282692 0.575431 0.267308 0.576868 0.255769 0.573994 0.250000 0.589080 0.237500 0.600575 0.239423 0.621408 0.273077 0.619971 0.288462 0.616379 0.293269 0.602011 0.297115
0 0.016523 0.000000 0.016523 0.021154 0.005747 0.033654 0.000000 0.035577
0 0.161638 0.000000 0.168822 0.015385 0.168822 0.026923 0.160920 0.037500 0.150862 0.035577 0.134339 0.011538 0.131466 0.000000
0 0.692529 0.574038 0.681034 0.574038 0.671695 0.563462 0.677443 0.534615 0.683908 0.524038 0.689655 0.520192 0.696839 0.522115 0.703305 0.536538 0.703305 0.565385 0.692529 0.574038
0 0.104885 0.675962 0.083333 0.670192 0.071121 0.653846 0.066810 0.642308 0.066810 0.628846 0.070402 0.624038 0.080460 0.622115 0.089080 0.625962 0.099138 0.631731 0.114224 0.648077 0.117098 0.653846 0.117098 0.665385 0.110632 0.674038 0.104885 0.675962
0 0.362069 0.350962 0.359195 0.350962 0.343391 0.333654 0.335489 0.321154 0.334052 0.307692 0.339080 0.297115 0.356322 0.297115 0.374282 0.315385 0.377155 0.334615 0.369253 0.349038 0.362069 0.350962
0 0.620690 0.535577 0.619253 0.531731 0.614224 0.530769 0.602730 0.505769 0.602730 0.486538 0.607759 0.475962 0.613506 0.474038 0.622845 0.478846 0.630029 0.488462 0.632902 0.500000 0.632902 0.517308 0.630029 0.525000 0.620690 0.535577
0 0.264368 0.768269 0.252874 0.768269 0.246408 0.759615 0.246408 0.740385 0.249282 0.732692 0.254310 0.724038 0.284483 0.722115 0.285201 0.736538 0.279454 0.751923 0.272989 0.762500 0.264368 0.768269
0 0.844109 0.998077 0.845546 0.988462 0.850575 0.981731 0.857759 0.981731 0.864224 0.990385 0.865661 0.998077
0 0.204023 0.802885 0.183908 0.799038 0.174569 0.786538 0.173132 0.776923 0.176006 0.765385 0.174569 0.746154 0.177443 0.732692 0.182471 0.725962 0.192529 0.727885 0.200431 0.738462 0.210489 0.767308 0.211925 0.794231 0.204023 0.802885
0 0.728448 0.712500 0.719828 0.712500 0.714080 0.708654 0.707615 0.701923 0.703305 0.692308 0.700431 0.665385 0.708333 0.652885 0.716954 0.650962 0.722701 0.654808 0.733477 0.678846 0.734914 0.705769 0.728448 0.712500
0 0.886494 0.252885 0.875000 0.250962 0.867098 0.238462 0.864224 0.226923 0.864224 0.192308 0.870690 0.181731 0.875000 0.179808 0.889368 0.187500 0.894397 0.194231 0.897270 0.203846 0.894397 0.238462 0.886494 0.252885
0 0.025862 0.387500 0.014368 0.385577 0.005029 0.375000 0.002155 0.367308 0.000718 0.350000 0.002155 0.344231 0.010057 0.335577 0.025862 0.335577 0.034483 0.339423 0.046695 0.355769 0.045259 0.376923 0.041667 0.381731 0.025862 0.387500
0 0.080460 0.447115 0.066092 0.445192 0.059626 0.436538 0.055316 0.425000 0.055316 0.411538 0.063218 0.400962 0.071839 0.395192 0.086207 0.400962 0.092672 0.413462 0.094109 0.430769 0.087644 0.443269 0.080460 0.447115
0 0.962644 0.337500 0.943966 0.337500 0.936063 0.328846 0.934626 0.315385 0.940374 0.294231 0.946839 0.285577 0.958333 0.285577 0.974138 0.293269 0.983477 0.309615 0.980603 0.326923 0.975575 0.333654 0.962644 0.337500
0 0.844109 0.000000 0.848420 0.009615 0.845546 0.034615 0.842672 0.044231 0.834770 0.050962 0.824713 0.047115 0.819684 0.036538 0.819684 0.000000
0 0.278736 0.331731 0.270115 0.329808 0.262213 0.323077 0.257902 0.313462 0.257902 0.300000 0.260776 0.288462 0.272989 0.274038 0.280172 0.270192 0.288793 0.270192 0.296695 0.278846 0.299569 0.286538 0.298132 0.301923 0.290948 0.317308 0.278736 0.331731
0 0.998563 0.833654 0.966954 0.825962 0.957615 0.813462 0.959052 0.803846 0.966954 0.793269 0.979885 0.787500 0.998563 0.787500
0 0.140805 0.112500 0.133621 0.112500 0.127874 0.108654 0.122845 0.100000 0.118534 0.059615 0.123563 0.050962 0.136494 0.052885 0.150144 0.071154 0.153017 0.094231 0.148707 0.103846 0.140805 0.112500
0 0.054598 0.237500 0.040230 0.237500 0.034483 0.233654 0.028017 0.219231 0.028017 0.211538 0.033764 0.196154 0.043103 0.183654 0.047414 0.181731 0.057471 0.183654 0.063937 0.192308 0.066810 0.201923 0.066810 0.225000 0.058908 0.235577 0.054598 0.237500
0 0.471264 0.539423 0.459770 0.539423 0.455460 0.535577 0.448994 0.525000 0.448994 0.509615 0.451868 0.500000 0.459770 0.487500 0.466954 0.481731 0.478448 0.479808 0.487787 0.488462 0.487787 0.511538 0.490661 0.517308 0.479885 0.533654 0.471264 0.539423
0 0.728448 0.962500 0.722701 0.960577 0.717672 0.951923 0.720546 0.928846 0.726293 0.913462 0.732759 0.906731 0.755747 0.910577 0.760776 0.917308 0.760776 0.928846 0.756466 0.938462 0.745690 0.950962 0.728448 0.962500
0 0.488506 0.804808 0.478448 0.804808 0.468391 0.797115 0.456178 0.773077 0.453305 0.751923 0.450431 0.746154 0.450431 0.730769 0.453305 0.721154 0.451868 0.713462 0.454023 0.710577 0.461207 0.712500 0.469828 0.708654 0.477011 0.712500 0.489224 0.726923 0.493534 0.738462 0.496408 0.780769 0.494971 0.794231 0.488506 0.804808
0 0.501437 0.687500 0.492816 0.687500 0.486351 0.680769 0.482040 0.667308 0.483477 0.644231 0.493534 0.613462 0.504310 0.599038 0.510057 0.599038 0.519397 0.611538 0.523707 0.640385 0.512213 0.673077 0.501437 0.687500
0 0.341954 0.674038 0.323276 0.672115 0.295977 0.656731 0.290948 0.650000 0.292385 0.636538 0.301724 0.624038 0.314655 0.622115 0.329023 0.627885 0.344109 0.642308 0.345546 0.665385 0.341954 0.674038
0 0.500000 0.104808 0.491379 0.104808 0.477011 0.099038 0.464080 0.100962 0.457615 0.088462 0.466236 0.063462 0.468391 0.060577 0.481322 0.060577 0.500000 0.075962 0.505029 0.094231 0.505029 0.098077 0.500000 0.104808
0 0.297414 0.529808 0.257184 0.518269 0.250718 0.509615 0.250718 0.494231 0.255747 0.487500 0.267241 0.481731 0.295977 0.479808 0.303879 0.490385 0.309626 0.507692 0.309626 0.519231 0.303161 0.527885 0.297414 0.529808
0 0.370690 0.606731 0.356322 0.604808 0.349138 0.597115 0.343391 0.595192 0.336925 0.586538 0.335489 0.571154 0.338362 0.553846 0.347701 0.537500 0.364943 0.537500 0.367098 0.540385 0.367098 0.561538 0.381466 0.580769 0.380029 0.596154 0.370690 0.606731
0 0.998563 0.527885 0.989943 0.537500 0.978448 0.537500 0.962644 0.514423 0.955460 0.510577 0.950431 0.503846 0.951868 0.492308 0.959770 0.481731 0.982759 0.489423 0.992816 0.489423 0.998563 0.493269
0 0.635057 0.104808 0.623563 0.104808 0.609195 0.099038 0.595546 0.078846 0.592672 0.071154 0.592672 0.057692 0.600575 0.050962 0.609195 0.050962 0.613506 0.056731 0.617816 0.054808 0.623563 0.058654 0.631466 0.069231 0.631466 0.076923 0.638649 0.088462 0.638649 0.096154 0.635057 0.104808
0 0.372126 0.062500 0.364943 0.060577 0.363506 0.054808 0.344828 0.054808 0.336925 0.044231 0.338362 0.030769 0.344828 0.022115 0.357759 0.022115 0.364943 0.018269 0.373563 0.031731 0.378592 0.034615 0.380029 0.048077 0.377155 0.057692 0.372126 0.062500
0 0.890805 0.595192 0.877874 0.589423 0.862787 0.569231 0.855603 0.553846 0.852730 0.534615 0.859195 0.525962 0.864943 0.525962 0.869253 0.529808 0.894397 0.567308 0.898707 0.580769 0.897270 0.588462 0.890805 0.595192
0 0.073994 0.000000 0.078305 0.009615 0.078305 0.023077 0.076868 0.032692 0.070402 0.041346 0.063218 0.041346 0.050287 0.033654 0.038075 0.015385 0.033764 0.000000
0 0.130747 0.214423 0.125718 0.211538 0.123563 0.202885 0.130747 0.200962 0.134339 0.203846 0.130747 0.214423
0 0.951149 0.579808 0.943966 0.579808 0.938218 0.575962 0.926006 0.555769 0.926006 0.544231 0.928879 0.536538 0.939655 0.524038 0.943966 0.524038 0.951868 0.534615 0.957615 0.550000 0.959052 0.571154 0.951149 0.579808
0 0.045977 0.166346 0.037356 0.166346 0.017241 0.156731 0.010776 0.148077 0.009339 0.134615 0.021552 0.118269 0.027299 0.114423 0.045977 0.114423 0.051724 0.118269 0.059626 0.130769 0.059626 0.148077 0.055316 0.159615 0.045977 0.166346
0 0.912356 0.402885 0.897989 0.400962 0.884339 0.386538 0.884339 0.365385 0.889368 0.356731 0.908046 0.358654 0.918822 0.371154 0.923132 0.380769 0.923132 0.388462 0.918822 0.398077 0.912356 0.402885
0 0.231322 0.364423 0.222701 0.364423 0.205460 0.352885 0.200431 0.344231 0.201868 0.334615 0.208333 0.325962 0.215517 0.322115 0.237069 0.331731 0.242098 0.340385 0.242098 0.351923 0.238506 0.360577 0.231322 0.364423
0 0.929598 0.950962 0.915230 0.949038 0.913075 0.946154 0.913075 0.932692 0.924569 0.907692 0.932471 0.897115 0.939655 0.895192 0.948994 0.903846 0.950431 0.913462 0.954741 0.921154 0.954741 0.932692 0.943966 0.949038 0.932471 0.947115 0.929598 0.950962
0 0.091954 0.829808 0.081897 0.829808 0.076868 0.825000 0.076868 0.807692 0.096264 0.779808 0.107759 0.777885 0.115661 0.788462 0.117098 0.794231 0.114224 0.811538 0.109195 0.818269 0.091954 0.829808
0 0.589080 0.356731 0.577586 0.354808 0.566810 0.342308 0.563937 0.315385 0.571839 0.297115 0.584770 0.297115 0.594109 0.313462 0.592672 0.340385 0.596983 0.346154 0.596983 0.350000 0.589080 0.356731
0 0.780172 0.554808 0.771552 0.554808 0.763649 0.548077 0.763649 0.519231 0.771552 0.510577 0.785920 0.512500 0.793822 0.526923 0.792385 0.542308 0.780172 0.554808
0 0.284483 0.391346 0.274425 0.387500 0.269397 0.380769 0.266523 0.373077 0.266523 0.359615 0.285920 0.343269 0.294540 0.343269 0.308190 0.355769 0.308190 0.365385 0.293103 0.385577 0.284483 0.391346
0 0.846264 0.612500 0.833333 0.612500 0.822557 0.596154 0.818247 0.582692 0.818247 0.575000 0.819684 0.567308 0.823276 0.562500 0.834770 0.560577 0.846983 0.575000 0.854167 0.594231 0.854167 0.603846 0.850575 0.610577 0.846264 0.612500
0 0.625000 0.970192 0.617816 0.970192 0.612069 0.966346 0.605603 0.953846 0.602730 0.936538 0.605603 0.926923 0.612069 0.920192 0.622126 0.920192 0.630747 0.924038 0.640086 0.934615 0.642960 0.942308 0.641523 0.955769 0.632184 0.966346 0.625000 0.970192
0 0.334770 0.885577 0.326149 0.885577 0.316810 0.876923 0.312500 0.865385 0.312500 0.850000 0.315374 0.842308 0.326149 0.827885 0.339080 0.822115 0.343391 0.824038 0.349856 0.834615 0.351293 0.859615 0.345546 0.875000 0.334770 0.885577
0 0.153736 0.427885 0.140805 0.425962 0.131466 0.413462 0.127155 0.403846 0.127155 0.388462 0.130747 0.381731 0.136494 0.377885 0.152299 0.379808 0.160920 0.385577 0.170259 0.398077 0.170259 0.415385 0.163793 0.424038 0.153736 0.427885
0 0.780172 0.120192 0.771552 0.118269 0.762213 0.103846 0.759339 0.092308 0.759339 0.075000 0.765805 0.066346 0.777299 0.068269 0.783764 0.076923 0.788075 0.088462 0.788075 0.109615 0.780172 0.120192
0 0.931034 0.224038 0.923851 0.224038 0.918822 0.219231 0.915948 0.205769 0.917385 0.176923 0.918822 0.171154 0.935345 0.150962 0.945402 0.149038 0.951868 0.157692 0.951868 0.171154 0.948994 0.176923 0.947557 0.196154 0.938937 0.215385 0.931034 0.224038
0 0.998563 0.493269 0.992816 0.489423 0.982759 0.489423 0.962644 0.481731 0.954741 0.463462 0.954741 0.453846 0.962644 0.447115 0.968391 0.447115 0.979885 0.454808 0.985632 0.462500 0.998563 0.466346
0 0.237069 0.695192 0.218391 0.693269 0.213362 0.686538 0.216236 0.671154 0.229885 0.654808 0.238506 0.652885 0.250000 0.660577 0.258621 0.662500 0.267960 0.671154 0.266523 0.678846 0.258621 0.687500 0.237069 0.695192
0 0.524425 0.147115 0.510776 0.138462 0.506466 0.130769 0.503592 0.117308 0.506466 0.101923 0.517241 0.089423 0.524425 0.089423 0.533046 0.095192 0.540948 0.107692 0.545259 0.123077 0.543822 0.132692 0.537356 0.141346 0.524425 0.147115
0 0.998563 0.387500 0.992816 0.393269 0.969828 0.402885 0.959770 0.400962 0.951868 0.392308 0.953305 0.369231 0.965517 0.354808 0.972701 0.350962 0.987069 0.352885 0.998563 0.360577
0 0.701149 0.114423 0.685345 0.114423 0.673851 0.106731 0.664511 0.090385 0.664511 0.076923 0.670977 0.070192 0.693966 0.070192 0.705460 0.074038 0.710489 0.080769 0.713362 0.101923 0.709770 0.108654 0.701149 0.114423
0 0.883621 0.766346 0.872126 0.766346 0.867098 0.759615 0.865661 0.750000 0.868534 0.740385 0.880029 0.726923 0.880029 0.711538 0.882902 0.698077 0.886494 0.693269 0.890805 0.693269 0.895833 0.698077 0.897270 0.707692 0.907328 0.734615 0.905891 0.744231 0.897989 0.754808 0.892241 0.752885 0.890086 0.759615 0.883621 0.766346
0 0.137931 0.906731 0.126437 0.902885 0.119971 0.894231 0.118534 0.886538 0.118534 0.863462 0.121408 0.851923 0.127874 0.843269 0.133621 0.843269 0.151580 0.871154 0.151580 0.886538 0.148707 0.896154 0.137931 0.906731
0 0.540230 0.787500 0.533046 0.787500 0.523707 0.776923 0.519397 0.761538 0.517960 0.738462 0.520833 0.725000 0.530891 0.707692 0.543103 0.695192 0.550287 0.695192 0.561063 0.713462 0.561063 0.750000 0.556753 0.769231 0.548851 0.781731 0.540230 0.787500
0 0.135057 0.754808 0.125000 0.754808 0.117098 0.744231 0.109914 0.715385 0.109914 0.705769 0.123563 0.689423 0.132184 0.691346 0.141523 0.703846 0.145833 0.723077 0.142960 0.744231 0.135057 0.754808
0 0.870690 0.850962 0.860632 0.849038 0.857040 0.844231 0.852730 0.828846 0.852730 0.803846 0.862069 0.791346 0.869253 0.791346 0.871408 0.794231 0.882902 0.826923 0.882902 0.836538 0.880029 0.844231 0.870690 0.850962
0 0.349138 0.810577 0.339080 0.808654 0.332615 0.798077 0.335489 0.782692 0.359195 0.762500 0.372126 0.756731 0.383621 0.756731 0.388649 0.763462 0.388649 0.776923 0.382902 0.794231 0.375000 0.802885 0.367816 0.802885 0.349138 0.810577
0 0.162356 0.858654 0.149425 0.850962 0.138649 0.832692 0.138649 0.819231 0.141523 0.811538 0.147989 0.804808 0.156609 0.804808 0.166667 0.814423 0.173132 0.825000 0.174569 0.842308 0.162356 0.858654
