0 0.000000 0.745833 0.077778 0.745833 0.109722 0.769444 0.118056 0.783333 0.123611 0.805556 0.120833 0.816667 0.091667 0.845833 0.080556 0.845833 0.072222 0.854167 0.052778 0.862500 0.000000 0.862500
0 0.325000 0.951389 0.300000 0.951389 0.283333 0.945833 0.262500 0.922222 0.251389 0.897222 0.262500 0.869444 0.294444 0.843056 0.325000 0.834722 0.394444 0.843056 0.422222 0.856944 0.443056 0.877778 0.445833 0.888889 0.454167 0.897222 0.456944 0.916667 0.433333 0.937500 0.383333 0.948611 0.325000 0.951389
0 0.877778 0.709722 0.836111 0.709722 0.761111 0.695833 0.740278 0.677778 0.737500 0.650000 0.752778 0.626389 0.786111 0.609722 0.844444 0.606944 0.855556 0.612500 0.869444 0.612500 0.875000 0.618056 0.911111 0.623611 0.948611 0.655556 0.951389 0.683333 0.941667 0.695833 0.927778 0.704167 0.877778 0.709722
0 0.909722 0.997222 0.852778 0.987500 0.822222 0.968056 0.812500 0.958333 0.812500 0.941667 0.820833 0.919444 0.833333 0.906944 0.861111 0.895833 0.875000 0.895833 0.905556 0.884722 0.941667 0.881944 0.980556 0.895833 0.997222 0.912500
0 0.472222 0.334722 0.441667 0.334722 0.418056 0.308333 0.418056 0.272222 0.455556 0.234722 0.491667 0.209722 0.516667 0.201389 0.561111 0.201389 0.580556 0.209722 0.598611 0.225000 0.609722 0.247222 0.609722 0.269444 0.605556 0.273611 0.600000 0.273611 0.591667 0.284722 0.563889 0.304167 0.530556 0.320833 0.472222 0.334722
0 0.252778 0.809722 0.191667 0.804167 0.170833 0.788889 0.159722 0.744444 0.177778 0.720833 0.250000 0.665278 0.258333 0.665278 0.286111 0.651389 0.322222 0.651389 0.341667 0.659722 0.363889 0.662500 0.393056 0.680556 0.398611 0.691667 0.401389 0.722222 0.395833 0.733333 0.372222 0.756944 0.300000 0.801389 0.252778 0.809722
0 0.647222 0.826389 0.602778 0.823611 0.580556 0.809722 0.569444 0.809722 0.543056 0.786111 0.523611 0.761111 0.518056 0.744444 0.515278 0.694444 0.525000 0.681944 0.555556 0.668056 0.583333 0.665278 0.619444 0.679167 0.659722 0.711111 0.676389 0.738889 0.679167 0.783333 0.668056 0.813889 0.647222 0.826389
0 0.997222 0.609722 0.947222 0.618056 0.905556 0.604167 0.865278 0.569444 0.854167 0.550000 0.851389 0.533333 0.854167 0.502778 0.875000 0.481944 0.894444 0.470833 0.927778 0.465278 0.952778 0.473611 0.997222 0.479167
0 0.305556 0.515278 0.295833 0.511111 0.295833 0.502778 0.302778 0.495833 0.309722 0.500000 0.309722 0.511111 0.305556 0.515278
0 0.509722 0.000000 0.488889 0.020833 0.452778 0.034722 0.430556 0.034722 0.411111 0.026389 0.398611 0.008333 0.398611 0.000000
0 0.745833 0.000000 0.754167 0.027778 0.770833 0.055556 0.773611 0.097222 0.770833 0.113889 0.761111 0.123611 0.738889 0.129167 0.725000 0.129167 0.713889 0.123611 0.681944 0.094444 0.679167 0.080556 0.643056 0.008333 0.643056 0.000000
0 0.997222 0.870833 0.984722 0.861111 0.979167 0.847222 0.979167 0.822222 0.988889 0.815278 0.997222 0.820833
0 0.430556 0.573611 0.366667 0.568056 0.350000 0.559722 0.337500 0.544444 0.337500 0.516667 0.345833 0.494444 0.363889 0.479167 0.383333 0.470833 0.486111 0.470833 0.505556 0.479167 0.523611 0.502778 0.520833 0.544444 0.505556 0.559722 0.486111 0.568056 0.430556 0.573611
0 0.569444 0.454167 0.538889 0.454167 0.522222 0.448611 0.493056 0.425000 0.493056 0.394444 0.525000 0.359722 0.563889 0.340278 0.613889 0.329167 0.655556 0.331944 0.695833 0.355556 0.704167 0.377778 0.701389 0.400000 0.693056 0.416667 0.672222 0.437500 0.644444 0.448611 0.569444 0.454167
0 0.293056 0.000000 0.295833 0.008333 0.288889 0.015278 0.263889 0.031944 0.241667 0.037500 0.211111 0.037500 0.194444 0.031944 0.184722 0.016667 0.181944 0.000000
0 0.997222 0.081944 0.972222 0.095833 0.955556 0.095833 0.933333 0.087500 0.890278 0.038889 0.876389 0.016667 0.873611 0.000000
0 0.813889 0.873611 0.772222 0.870833 0.748611 0.850000 0.745833 0.841667 0.745833 0.802778 0.759722 0.741667 0.777778 0.720833 0.805556 0.718056 0.830556 0.729167 0.845833 0.750000 0.851389 0.769444 0.859722 0.777778 0.851389 0.833333 0.845833 0.844444 0.813889 0.873611
0 0.997222 0.434722 0.977778 0.437500 0.972222 0.431944 0.947222 0.434722 0.938889 0.429167 0.925000 0.429167 0.906944 0.413889 0.904167 0.405556 0.904167 0.375000 0.911111 0.362500 0.963889 0.326389 0.997222 0.320833
0 0.000000 0.309722 0.013889 0.295833 0.077778 0.265278 0.108333 0.256944 0.144444 0.256944 0.161111 0.262500 0.184722 0.286111 0.198611 0.319444 0.198611 0.341667 0.193056 0.355556 0.163889 0.376389 0.150000 0.381944 0.133333 0.379167 0.122222 0.384722 0.102778 0.384722 0.061111 0.412500 0.013889 0.415278 0.000000 0.409722
0 0.161111 0.173611 0.111111 0.165278 0.063889 0.137500 0.022222 0.120833 0.006944 0.094444 0.006944 0.080556 0.018056 0.058333 0.036111 0.043056 0.111111 0.018056 0.150000 0.020833 0.180556 0.034722 0.201389 0.058333 0.215278 0.083333 0.218056 0.127778 0.200000 0.154167 0.161111 0.173611
