0 0.574219 0.712891 0.554688 0.712891 0.541016 0.699219 0.541016 0.679688 0.566406 0.654297 0.578125 0.654297 0.587891 0.664062 0.587891 0.687500 0.574219 0.712891
0 0.867188 0.580078 0.855469 0.580078 0.837891 0.562500 0.833984 0.539062 0.859375 0.521484 0.882812 0.517578 0.896484 0.531250 0.896484 0.546875 0.884766 0.566406 0.867188 0.580078
0 0.671875 0.033203 0.658203 0.027344 0.660156 0.013672 0.677734 0.019531 0.671875 0.033203
0 0.335938 0.287109 0.314453 0.273438 0.314453 0.253906 0.324219 0.244141 0.343750 0.244141 0.353516 0.257812 0.349609 0.277344 0.335938 0.287109
0 0.199219 0.455078 0.183594 0.455078 0.166016 0.441406 0.169922 0.425781 0.179688 0.416016 0.199219 0.416016 0.212891 0.425781 0.212891 0.445312 0.199219 0.455078
0 0.597656 0.146484 0.578125 0.146484 0.568359 0.136719 0.568359 0.113281 0.593750 0.099609 0.609375 0.099609 0.615234 0.105469 0.611328 0.136719 0.597656 0.146484
0 0.996094 0.439453 0.978516 0.429688 0.970703 0.410156 0.978516 0.386719 0.996094 0.369141
0 0.164062 0.662109 0.148438 0.658203 0.142578 0.648438 0.148438 0.630859 0.167969 0.630859 0.173828 0.636719 0.173828 0.652344 0.164062 0.662109
0 0.675781 0.623047 0.652344 0.623047 0.646484 0.617188 0.646484 0.601562 0.675781 0.583984 0.703125 0.580078 0.708984 0.585938 0.705078 0.605469 0.675781 0.623047
0 0.785156 0.208984 0.761719 0.208984 0.748047 0.191406 0.765625 0.173828 0.785156 0.169922 0.794922 0.179688 0.794922 0.199219 0.785156 0.208984
0 0.652344 0.556641 0.636719 0.556641 0.630859 0.550781 0.630859 0.535156 0.619141 0.515625 0.619141 0.500000 0.632812 0.490234 0.648438 0.490234 0.662109 0.519531 0.662109 0.542969 0.652344 0.556641
0 0.664062 0.591797 0.644531 0.587891 0.638672 0.570312 0.671875 0.537109 0.691406 0.537109 0.701172 0.550781 0.701172 0.562500 0.691406 0.576172 0.664062 0.591797
0 0.582031 0.107422 0.566406 0.107422 0.560547 0.101562 0.560547 0.085938 0.574219 0.064453 0.589844 0.060547 0.607422 0.074219 0.603516 0.089844 0.582031 0.107422
0 0.765625 0.861328 0.748047 0.851562 0.751953 0.832031 0.761719 0.826172 0.769531 0.826172 0.779297 0.839844 0.779297 0.851562 0.765625 0.861328
0 0.332031 0.404297 0.318359 0.394531 0.318359 0.382812 0.332031 0.365234 0.347656 0.357422 0.371094 0.357422 0.380859 0.367188 0.380859 0.382812 0.371094 0.396484 0.332031 0.404297
