0 0.148438 0.482422 0.132812 0.482422 0.091797 0.464844 0.095703 0.433594 0.113281 0.392578 0.160156 0.396484 0.177734 0.417969 0.177734 0.453125 0.148438 0.482422
0 0.136719 0.396484 0.109375 0.392578 0.080078 0.371094 0.080078 0.339844 0.109375 0.314453 0.148438 0.318359 0.169922 0.355469 0.169922 0.363281 0.136719 0.396484
0 0.277344 0.423828 0.269531 0.423828 0.248047 0.398438 0.248047 0.371094 0.269531 0.349609 0.296875 0.337891 0.320312 0.337891 0.339844 0.345703 0.341797 0.371094 0.333984 0.398438 0.312500 0.416016 0.277344 0.423828
0 0.535156 0.892578 0.488281 0.888672 0.466797 0.871094 0.458984 0.855469 0.458984 0.816406 0.466797 0.800781 0.496094 0.779297 0.539062 0.783203 0.564453 0.804688 0.572266 0.820312 0.568359 0.859375 0.535156 0.892578
0 0.179688 0.205078 0.140625 0.205078 0.125000 0.197266 0.111328 0.179688 0.107422 0.167969 0.111328 0.140625 0.119141 0.125000 0.140625 0.107422 0.167969 0.107422 0.199219 0.126953 0.205078 0.136719 0.205078 0.179688 0.179688 0.205078
0 0.798828 0.000000 0.802734 0.011719 0.794922 0.023438 0.769531 0.037109 0.750000 0.037109 0.734375 0.025391 0.718750 0.025391 0.705078 0.000000
0 0.160156 0.619141 0.125000 0.619141 0.103516 0.597656 0.107422 0.539062 0.115234 0.523438 0.136719 0.505859 0.164062 0.509766 0.181641 0.527344 0.197266 0.558594 0.193359 0.589844 0.160156 0.619141
0 0.324219 0.197266 0.289062 0.193359 0.263672 0.160156 0.267578 0.121094 0.285156 0.103516 0.308594 0.095703 0.339844 0.103516 0.361328 0.132812 0.361328 0.160156 0.353516 0.175781 0.324219 0.197266
0 0.687500 0.591797 0.652344 0.587891 0.638672 0.578125 0.626953 0.558594 0.626953 0.531250 0.634766 0.515625 0.656250 0.501953 0.675781 0.501953 0.691406 0.509766 0.712891 0.539062 0.716797 0.566406 0.699219 0.587891 0.687500 0.591797
0 0.000000 0.166016 0.046875 0.166016 0.072266 0.187500 0.080078 0.203125 0.062500 0.220703 0.023438 0.240234 0.000000 0.228516
0 0.351562 0.533203 0.304688 0.533203 0.261719 0.513672 0.236328 0.488281 0.228516 0.457031 0.257812 0.435547 0.343750 0.435547 0.361328 0.457031 0.373047 0.484375 0.373047 0.515625 0.351562 0.533203
0 0.000000 0.888672 0.031250 0.853516 0.044922 0.851562 0.044922 0.867188 0.072266 0.894531 0.076172 0.917969 0.056641 0.949219 0.033203 0.968750 0.050781 0.962891 0.074219 0.966797 0.103516 0.996094
0 0.322266 0.000000 0.333984 0.019531 0.333984 0.042969 0.312500 0.064453 0.277344 0.060547 0.255859 0.039062 0.251953 0.019531 0.259766 0.000000
0 0.658203 0.000000 0.664062 0.009766 0.699219 0.017578 0.744141 0.039062 0.744141 0.070312 0.726562 0.091797 0.656250 0.099609 0.607422 0.058594 0.607422 0.035156 0.638672 0.000000
0 0.070312 0.486328 0.042969 0.486328 0.027344 0.478516 0.009766 0.453125 0.005859 0.425781 0.035156 0.396484 0.054688 0.404297 0.078125 0.404297 0.087891 0.414062 0.087891 0.453125 0.080078 0.460938 0.080078 0.480469 0.070312 0.486328
0 0.398438 0.341797 0.371094 0.341797 0.347656 0.330078 0.326172 0.300781 0.322266 0.261719 0.343750 0.236328 0.359375 0.228516 0.378906 0.224609 0.410156 0.236328 0.435547 0.269531 0.435547 0.304688 0.398438 0.341797
0 0.218750 0.115234 0.203125 0.099609 0.175781 0.087891 0.169922 0.078125 0.177734 0.054688 0.203125 0.037109 0.226562 0.037109 0.242188 0.044922 0.251953 0.058594 0.248047 0.093750 0.218750 0.115234
0 0.000000 0.333984 0.017578 0.351562 0.017578 0.371094 0.000000 0.408203
0 0.421875 0.685547 0.375000 0.677734 0.349609 0.656250 0.349609 0.636719 0.357422 0.628906 0.353516 0.617188 0.367188 0.603516 0.382812 0.595703 0.410156 0.595703 0.421875 0.599609 0.443359 0.621094 0.447266 0.656250 0.439453 0.671875 0.421875 0.685547
0 0.148438 0.990234 0.117188 0.986328 0.095703 0.957031 0.095703 0.902344 0.117188 0.876953 0.132812 0.869141 0.152344 0.869141 0.177734 0.894531 0.177734 0.945312 0.169922 0.953125 0.169922 0.972656 0.148438 0.990234
0 0.517578 0.996094 0.517578 0.933594 0.539062 0.912109 0.562500 0.912109 0.607422 0.957031 0.607422 0.996094
0 0.601562 0.447266 0.574219 0.447266 0.558594 0.439453 0.533203 0.410156 0.529297 0.386719 0.537109 0.367188 0.554688 0.349609 0.574219 0.341797 0.605469 0.349609 0.623047 0.367188 0.630859 0.386719 0.626953 0.425781 0.601562 0.447266
0 0.054688 0.341797 0.027344 0.341797 0.013672 0.332031 0.009766 0.312500 0.013672 0.292969 0.050781 0.248047 0.097656 0.228516 0.115234 0.242188 0.123047 0.257812 0.123047 0.296875 0.101562 0.318359 0.078125 0.322266 0.054688 0.341797
0 0.166016 0.996094 0.177734 0.976562 0.177734 0.941406 0.191406 0.927734 0.207031 0.927734 0.244141 0.960938 0.251953 0.976562 0.251953 0.996094
0 0.652344 0.830078 0.625000 0.830078 0.605469 0.822266 0.583984 0.789062 0.583984 0.753906 0.595703 0.734375 0.617188 0.720703 0.636719 0.720703 0.652344 0.728516 0.677734 0.757812 0.681641 0.804688 0.664062 0.826172 0.652344 0.830078
0 0.033203 0.000000 0.033203 0.031250 0.000000 0.052734
0 0.648438 0.966797 0.609375 0.962891 0.587891 0.933594 0.587891 0.898438 0.601562 0.884766 0.648438 0.888672 0.669922 0.914062 0.662109 0.945312 0.648438 0.966797
0 0.000000 0.771484 0.011719 0.771484 0.039062 0.787109 0.060547 0.808594 0.060547 0.835938 0.039062 0.853516 0.000000 0.869141
