0 0.033203 0.996094 0.058594 0.982422 0.074219 0.986328 0.083984 0.996094
0 0.527344 0.142578 0.503906 0.142578 0.482422 0.132812 0.482422 0.109375 0.496094 0.091797 0.531250 0.087891 0.544922 0.101562 0.544922 0.132812 0.527344 0.142578
0 0.281250 0.576172 0.261719 0.576172 0.244141 0.562500 0.240234 0.546875 0.250000 0.533203 0.273438 0.529297 0.291016 0.542969 0.294922 0.562500 0.281250 0.576172
0 0.921875 0.646484 0.886719 0.642578 0.855469 0.623047 0.845703 0.605469 0.849609 0.589844 0.875000 0.580078 0.910156 0.595703 0.931641 0.621094 0.931641 0.636719 0.921875 0.646484
0 0.070312 0.466797 0.042969 0.462891 0.029297 0.449219 0.021484 0.437500 0.021484 0.417969 0.027344 0.412109 0.054688 0.412109 0.076172 0.429688 0.083984 0.453125 0.070312 0.466797
0 0.109375 0.474609 0.089844 0.474609 0.087891 0.460938 0.101562 0.458984 0.107422 0.445312 0.117188 0.443359 0.123047 0.457031 0.109375 0.474609
0 0.464844 0.748047 0.437500 0.748047 0.427734 0.738281 0.427734 0.703125 0.457031 0.681641 0.511719 0.673828 0.521484 0.683594 0.525391 0.699219 0.507812 0.724609 0.464844 0.748047
0 0.917969 0.873047 0.886719 0.873047 0.867188 0.865234 0.845703 0.835938 0.849609 0.824219 0.859375 0.814453 0.886719 0.814453 0.906250 0.822266 0.927734 0.851562 0.917969 0.873047
0 0.257812 0.708984 0.226562 0.708984 0.220703 0.691406 0.257812 0.662109 0.296875 0.662109 0.302734 0.671875 0.298828 0.683594 0.281250 0.701172 0.257812 0.708984
0 0.625000 0.236328 0.609375 0.236328 0.587891 0.218750 0.587891 0.195312 0.609375 0.169922 0.640625 0.173828 0.658203 0.191406 0.654297 0.214844 0.625000 0.236328
