0 0.694524 0.509615 0.682997 0.509615 0.675793 0.488462 0.675793 0.473077 0.688761 0.459615 0.700288 0.463462 0.707493 0.473077 0.707493 0.484615 0.694524 0.509615
0 0.979827 0.286538 0.965418 0.286538 0.958213 0.276923 0.958213 0.265385 0.965418 0.255769 0.982709 0.255769 0.992795 0.269231 0.979827 0.286538
0 0.845821 0.000000 0.851585 0.023077 0.851585 0.034615 0.845821 0.042308 0.855908 0.048077 0.863112 0.061538 0.863112 0.076923 0.858790 0.082692 0.838617 0.078846 0.811239 0.034615 0.814121 0.011538 0.825648 0.000000
0 0.642651 0.940385 0.634006 0.940385 0.626801 0.926923 0.626801 0.907692 0.632565 0.892308 0.651297 0.871154 0.674352 0.871154 0.678674 0.876923 0.675793 0.907692 0.642651 0.940385
0 0.103746 0.113462 0.089337 0.113462 0.082133 0.103846 0.085014 0.084615 0.097983 0.067308 0.116715 0.088462 0.116715 0.103846 0.103746 0.113462
0 0.596542 0.367308 0.587896 0.367308 0.577810 0.353846 0.577810 0.330769 0.605187 0.290385 0.619597 0.290385 0.626801 0.300000 0.629683 0.319231 0.623919 0.334615 0.596542 0.367308
0 0.466859 0.286538 0.440922 0.282692 0.436599 0.276923 0.436599 0.257692 0.440922 0.251923 0.461095 0.255769 0.471182 0.269231 0.466859 0.286538
0 0.023055 0.309615 0.011527 0.305769 0.001441 0.292308 0.004323 0.269231 0.014409 0.251923 0.031700 0.244231 0.051873 0.244231 0.061960 0.257692 0.061960 0.276923 0.043228 0.301923 0.023055 0.309615
0 0.328530 0.186538 0.296830 0.186538 0.280980 0.169231 0.280980 0.161538 0.293948 0.140385 0.322767 0.132692 0.335735 0.150000 0.335735 0.176923 0.328530 0.186538
0 0.631124 0.809615 0.615274 0.792308 0.600865 0.765385 0.603746 0.742308 0.613833 0.732692 0.625360 0.732692 0.641210 0.750000 0.644092 0.792308 0.631124 0.809615
0 0.435159 0.394231 0.414986 0.394231 0.407781 0.380769 0.407781 0.361538 0.429395 0.328846 0.455331 0.325000 0.462536 0.334615 0.462536 0.357692 0.435159 0.394231
0 0.757925 0.294231 0.743516 0.294231 0.733429 0.276923 0.733429 0.261538 0.749280 0.240385 0.763689 0.240385 0.770893 0.250000 0.768012 0.273077 0.757925 0.294231
0 0.812680 0.736538 0.792507 0.736538 0.788184 0.730769 0.791066 0.707692 0.801153 0.694231 0.812680 0.694231 0.831412 0.711538 0.831412 0.723077 0.812680 0.736538
0 0.515850 0.801923 0.505764 0.796154 0.512968 0.771154 0.520173 0.776923 0.520173 0.796154 0.515850 0.801923
0 0.573487 0.832692 0.567723 0.832692 0.557637 0.819231 0.561960 0.801923 0.573487 0.801923 0.577810 0.807692 0.577810 0.826923 0.573487 0.832692
0 0.625360 0.086538 0.613833 0.086538 0.606628 0.076923 0.606628 0.046154 0.619597 0.021154 0.629683 0.026923 0.641210 0.053846 0.641210 0.065385 0.625360 0.086538
0 0.606628 0.000000 0.590778 0.021154 0.570605 0.021154 0.559078 0.013462 0.554755 0.000000
0 0.242075 0.521154 0.227666 0.521154 0.223343 0.515385 0.223343 0.484615 0.233429 0.471154 0.250720 0.478846 0.255043 0.492308 0.252161 0.507692 0.242075 0.521154
0 0.449568 0.675000 0.438040 0.675000 0.433718 0.669231 0.433718 0.650000 0.446686 0.632692 0.463977 0.628846 0.468300 0.646154 0.449568 0.675000
0 0.429395 0.775000 0.412104 0.771154 0.399135 0.753846 0.399135 0.746154 0.414986 0.725000 0.429395 0.725000 0.442363 0.746154 0.442363 0.761538 0.429395 0.775000
0 0.046110 0.198077 0.037464 0.198077 0.030259 0.188462 0.033141 0.173077 0.051873 0.144231 0.063401 0.140385 0.067723 0.146154 0.067723 0.173077 0.046110 0.198077
0 0.927954 0.517308 0.910663 0.517308 0.903458 0.507692 0.903458 0.488462 0.919308 0.471154 0.925072 0.471154 0.935159 0.492308 0.935159 0.507692 0.927954 0.517308
0 0.878963 0.655769 0.864553 0.655769 0.857349 0.646154 0.857349 0.626923 0.861671 0.621154 0.873199 0.617308 0.891931 0.630769 0.891931 0.646154 0.878963 0.655769
0 0.000000 0.586538 0.025937 0.582692 0.038905 0.607692 0.038905 0.626923 0.031700 0.636538 0.017291 0.644231 0.000000 0.640385
0 0.518732 0.113462 0.510086 0.113462 0.502882 0.100000 0.502882 0.069231 0.518732 0.040385 0.544669 0.036538 0.551873 0.046154 0.551873 0.073077 0.518732 0.113462
0 0.521614 0.801923 0.517291 0.800000 0.520173 0.776923 0.515850 0.771154 0.508646 0.776923 0.507205 0.786538 0.501441 0.778846 0.494236 0.780769 0.494236 0.750000 0.512968 0.721154 0.527378 0.721154 0.537464 0.738462 0.531700 0.788462 0.521614 0.801923
0 0.386167 0.951923 0.371758 0.951923 0.361671 0.942308 0.364553 0.923077 0.380403 0.905769 0.391931 0.905769 0.396254 0.911538 0.396254 0.930769 0.386167 0.951923
0 0.855908 0.459615 0.844380 0.459615 0.840058 0.453846 0.840058 0.434615 0.851585 0.400000 0.864553 0.390385 0.884726 0.390385 0.889049 0.396154 0.886167 0.430769 0.855908 0.459615
0 0.455331 0.898077 0.445245 0.888462 0.445245 0.861538 0.452450 0.851923 0.466859 0.851923 0.471182 0.857692 0.471182 0.880769 0.455331 0.898077
0 0.662824 0.317308 0.654179 0.317308 0.641210 0.300000 0.641210 0.273077 0.657061 0.259615 0.674352 0.259615 0.688761 0.267308 0.698847 0.280769 0.698847 0.292308 0.691643 0.301923 0.662824 0.317308
0 0.175793 0.101923 0.167147 0.101923 0.157061 0.088462 0.154179 0.042308 0.167147 0.017308 0.181556 0.013462 0.194524 0.026923 0.200288 0.061538 0.194524 0.084615 0.175793 0.101923
0 0.907781 0.178846 0.894813 0.173077 0.896254 0.155769 0.907781 0.155769 0.912104 0.161538 0.907781 0.178846
0 0.311239 0.075000 0.293948 0.071154 0.292507 0.061538 0.319885 0.025000 0.325648 0.025000 0.329971 0.030769 0.329971 0.050000 0.311239 0.075000
0 0.097983 0.690385 0.083573 0.686538 0.070605 0.669231 0.067723 0.646154 0.074928 0.632692 0.089337 0.636538 0.108069 0.665385 0.108069 0.676923 0.097983 0.690385
0 0.210375 0.536538 0.187320 0.536538 0.180115 0.526923 0.180115 0.496154 0.184438 0.490385 0.207493 0.490385 0.214697 0.500000 0.210375 0.536538
0 0.997118 0.028846 0.984150 0.011538 0.984150 0.000000
0 0.769452 0.625000 0.749280 0.621154 0.739193 0.596154 0.752161 0.575000 0.772334 0.555769 0.795389 0.548077 0.805476 0.561538 0.802594 0.588462 0.780980 0.617308 0.769452 0.625000
0 0.576369 0.128846 0.566282 0.123077 0.570605 0.109615 0.580692 0.115385 0.576369 0.128846
0 0.463977 0.305769 0.453890 0.303846 0.455331 0.286538 0.468300 0.288462 0.463977 0.305769
0 0.204611 0.340385 0.190202 0.336538 0.177233 0.315385 0.174352 0.288462 0.187320 0.275000 0.204611 0.275000 0.223343 0.300000 0.220461 0.326923 0.204611 0.340385
0 0.974063 0.578846 0.959654 0.578846 0.949568 0.546154 0.949568 0.503846 0.968300 0.486538 0.975504 0.492308 0.972622 0.553846 0.978386 0.573077 0.974063 0.578846
0 0.997118 0.301923 0.982709 0.301923 0.978386 0.296154 0.978386 0.288462 0.988473 0.275000 0.997118 0.278846
0 0.641210 0.996154 0.645533 0.986538 0.665706 0.990385 0.670029 0.996154
0 0.337176 0.482692 0.319885 0.482692 0.304035 0.465385 0.304035 0.442308 0.325648 0.401923 0.348703 0.401923 0.358790 0.411538 0.358790 0.442308 0.337176 0.482692
0 0.221902 0.809615 0.193084 0.809615 0.185879 0.800000 0.185879 0.780769 0.216138 0.759615 0.242075 0.763462 0.252161 0.776923 0.252161 0.784615 0.221902 0.809615
0 0.731988 0.263462 0.708934 0.255769 0.698847 0.246154 0.698847 0.226923 0.706052 0.217308 0.727666 0.219231 0.721902 0.246154 0.739193 0.253846 0.731988 0.263462
0 0.080692 0.501923 0.069164 0.501923 0.064841 0.496154 0.064841 0.480769 0.077810 0.448077 0.090778 0.457692 0.090778 0.488462 0.080692 0.501923
0 0.619597 0.601923 0.605187 0.601923 0.593660 0.594231 0.583573 0.580769 0.583573 0.573077 0.619597 0.548077 0.628242 0.548077 0.635447 0.557692 0.635447 0.580769 0.619597 0.601923
0 0.472622 0.448077 0.449568 0.444231 0.436599 0.430769 0.436599 0.419231 0.461095 0.390385 0.475504 0.390385 0.485591 0.400000 0.485591 0.426923 0.472622 0.448077
0 0.648415 0.244231 0.642651 0.244231 0.632565 0.226923 0.639769 0.213462 0.651297 0.213462 0.658501 0.226923 0.648415 0.244231
0 0.870317 0.209615 0.861671 0.209615 0.854467 0.200000 0.864553 0.182692 0.874640 0.192308 0.870317 0.209615
0 0.420749 0.298077 0.403458 0.298077 0.393372 0.276923 0.393372 0.250000 0.406340 0.228846 0.432277 0.228846 0.442363 0.242308 0.436599 0.273077 0.422190 0.288462 0.420749 0.298077
0 0.801153 0.244231 0.789625 0.244231 0.782421 0.234615 0.782421 0.223077 0.792507 0.213462 0.809798 0.209615 0.808357 0.234615 0.801153 0.244231
0 0.118156 0.713462 0.102305 0.707692 0.100865 0.682692 0.112392 0.678846 0.119597 0.688462 0.122478 0.707692 0.118156 0.713462
0 0.743516 0.251923 0.726225 0.251923 0.721902 0.246154 0.721902 0.234615 0.734870 0.209615 0.740634 0.209615 0.750720 0.226923 0.750720 0.238462 0.743516 0.251923
0 0.181556 0.925000 0.175793 0.925000 0.162824 0.907692 0.159942 0.869231 0.175793 0.832692 0.193084 0.828846 0.206052 0.853846 0.206052 0.896154 0.181556 0.925000
0 0.429395 0.540385 0.417867 0.540385 0.407781 0.526923 0.402017 0.507692 0.406340 0.494231 0.420749 0.498077 0.433718 0.515385 0.433718 0.534615 0.429395 0.540385
0 0.556196 0.201923 0.543228 0.196154 0.541787 0.163462 0.521614 0.159615 0.511527 0.146154 0.511527 0.134615 0.518732 0.125000 0.536023 0.125000 0.550432 0.159615 0.564841 0.140385 0.576369 0.136538 0.585014 0.136538 0.592219 0.146154 0.592219 0.161538 0.556196 0.201923
0 0.025937 0.559615 0.015850 0.550000 0.015850 0.538462 0.034582 0.509615 0.046110 0.505769 0.050432 0.511538 0.050432 0.526923 0.044669 0.542308 0.025937 0.559615
0 0.406340 0.444231 0.389049 0.444231 0.376081 0.426923 0.378963 0.357692 0.389049 0.348077 0.400576 0.348077 0.407781 0.357692 0.407781 0.380769 0.419308 0.400000 0.419308 0.423077 0.406340 0.444231
0 0.691643 0.171154 0.684438 0.165385 0.684438 0.150000 0.688761 0.144231 0.695965 0.146154 0.695965 0.165385 0.691643 0.171154
0 0.654179 0.055769 0.642651 0.055769 0.635447 0.046154 0.629683 0.030769 0.634006 0.013462 0.648415 0.009615 0.655620 0.019231 0.658501 0.050000 0.654179 0.055769
0 0.904899 0.155769 0.891931 0.153846 0.893372 0.132692 0.906340 0.138462 0.904899 0.155769
0 0.936599 0.782692 0.919308 0.782692 0.914986 0.776923 0.914986 0.753846 0.919308 0.748077 0.945245 0.748077 0.952450 0.753846 0.952450 0.761538 0.936599 0.782692
0 0.670029 0.996154 0.670029 0.980769 0.677233 0.971154 0.703170 0.971154 0.721902 0.996154
0 0.492795 0.686538 0.482709 0.680769 0.482709 0.646154 0.489914 0.636538 0.504323 0.636538 0.511527 0.646154 0.511527 0.665385 0.501441 0.682692 0.492795 0.686538
0 0.750720 0.000000 0.756484 0.011538 0.756484 0.034615 0.752161 0.040385 0.731988 0.036538 0.721902 0.023077 0.721902 0.000000
0 0.151297 0.996154 0.142651 0.980769 0.142651 0.957692 0.149856 0.948077 0.164265 0.948077 0.168588 0.953846 0.168588 0.996154
0 0.541787 0.436538 0.527378 0.436538 0.514409 0.400000 0.511527 0.365385 0.521614 0.348077 0.533141 0.348077 0.551873 0.373077 0.554755 0.384615 0.554755 0.411538 0.541787 0.436538
0 0.167147 0.648077 0.155620 0.644231 0.151297 0.630769 0.167147 0.598077 0.181556 0.598077 0.191643 0.611538 0.191643 0.619231 0.167147 0.648077
0 0.801153 0.213462 0.788184 0.203846 0.788184 0.196154 0.802594 0.165385 0.815562 0.159615 0.819885 0.176923 0.808357 0.207692 0.801153 0.213462
0 0.824207 0.167308 0.815562 0.159615 0.795389 0.163462 0.791066 0.157692 0.791066 0.130769 0.801153 0.113462 0.827089 0.113462 0.842939 0.130769 0.825648 0.150000 0.824207 0.167308
0 0.158501 0.428846 0.149856 0.409615 0.138329 0.409615 0.131124 0.400000 0.131124 0.384615 0.135447 0.378846 0.161383 0.375000 0.168588 0.384615 0.168588 0.407692 0.158501 0.428846
0 0.881844 0.194231 0.864553 0.182692 0.853026 0.194231 0.842939 0.180769 0.857349 0.161538 0.857349 0.150000 0.840058 0.126923 0.850144 0.105769 0.867435 0.101923 0.891931 0.134615 0.894813 0.184615 0.881844 0.194231
0 0.812680 0.855769 0.804035 0.855769 0.793948 0.846154 0.793948 0.826923 0.801153 0.817308 0.812680 0.817308 0.822767 0.826923 0.822767 0.842308 0.812680 0.855769
0 0.965418 0.136538 0.922190 0.136538 0.917867 0.130769 0.917867 0.123077 0.926513 0.111538 0.920749 0.092308 0.930836 0.075000 0.945245 0.063462 0.976945 0.067308 0.989914 0.088462 0.989914 0.119231 0.982709 0.128846 0.965418 0.136538
0 0.463977 0.986538 0.452450 0.982692 0.445245 0.973077 0.448127 0.957692 0.458213 0.944231 0.469741 0.944231 0.476945 0.953846 0.476945 0.969231 0.463977 0.986538
0 0.997118 0.463462 0.984150 0.457692 0.984150 0.442308 0.997118 0.432692
0 0.122478 0.000000 0.115274 0.017308 0.100865 0.025000 0.092219 0.021154 0.076369 0.000000
0 0.708934 0.440385 0.668588 0.436538 0.664265 0.430769 0.667147 0.400000 0.680115 0.390385 0.703170 0.398077 0.716138 0.415385 0.716138 0.430769 0.708934 0.440385
0 0.639769 0.644231 0.625360 0.644231 0.621037 0.630769 0.642651 0.605769 0.648415 0.605769 0.655620 0.611538 0.655620 0.626923 0.639769 0.644231
0 0.579251 0.071154 0.569164 0.065385 0.569164 0.050000 0.577810 0.026923 0.590778 0.021154 0.595101 0.046154 0.589337 0.061538 0.579251 0.071154
0 0.731988 0.490385 0.711816 0.490385 0.707493 0.484615 0.707493 0.465385 0.727666 0.419231 0.734870 0.409615 0.743516 0.409615 0.749280 0.425000 0.762248 0.426923 0.762248 0.438462 0.747839 0.461538 0.744957 0.476923 0.731988 0.490385
0 0.913545 0.401923 0.902017 0.401923 0.886167 0.369231 0.886167 0.338462 0.899135 0.325000 0.910663 0.325000 0.923631 0.346154 0.923631 0.384615 0.913545 0.401923
0 0.619597 0.632692 0.605187 0.632692 0.595101 0.619231 0.589337 0.596154 0.619597 0.601923 0.635447 0.580769 0.635447 0.561538 0.639769 0.559615 0.661383 0.584615 0.661383 0.603846 0.657061 0.609615 0.642651 0.605769 0.619597 0.632692
0 0.334294 0.267308 0.322767 0.267308 0.304035 0.250000 0.304035 0.215385 0.311239 0.198077 0.331412 0.201923 0.350144 0.226923 0.350144 0.250000 0.334294 0.267308
0 0.525937 0.996154 0.528818 0.965385 0.547550 0.928846 0.561960 0.928846 0.572046 0.946154 0.566282 0.996154
0 0.981268 0.996154 0.987032 0.657692 0.984150 0.646154 0.988473 0.640385 0.992795 0.646154 0.989914 0.996154
0 0.657061 0.386538 0.639769 0.386538 0.635447 0.380769 0.635447 0.357692 0.639769 0.351923 0.657061 0.348077 0.664265 0.357692 0.664265 0.376923 0.657061 0.386538
0 0.236311 0.644231 0.221902 0.644231 0.211816 0.634615 0.211816 0.607692 0.230548 0.582692 0.242075 0.575000 0.256484 0.575000 0.266571 0.584615 0.269452 0.611538 0.247839 0.640385 0.236311 0.644231
0 0.844380 0.178846 0.832853 0.178846 0.825648 0.165385 0.825648 0.150000 0.838617 0.136538 0.857349 0.150000 0.857349 0.161538 0.844380 0.178846
0 0.204611 0.767308 0.188761 0.753846 0.191643 0.719231 0.216138 0.686538 0.239193 0.686538 0.246398 0.696154 0.246398 0.723077 0.237752 0.750000 0.230548 0.759615 0.216138 0.759615 0.204611 0.767308
0 0.997118 0.567308 0.979827 0.567308 0.972622 0.553846 0.975504 0.492308 0.988473 0.475000 0.997118 0.475000
0 0.092219 0.271154 0.077810 0.271154 0.067723 0.257692 0.067723 0.238462 0.086455 0.205769 0.109510 0.198077 0.125360 0.219231 0.125360 0.246154 0.092219 0.271154
0 0.798271 0.063462 0.783862 0.063462 0.770893 0.050000 0.770893 0.026923 0.778098 0.017308 0.801153 0.017308 0.808357 0.026923 0.808357 0.050000 0.798271 0.063462
0 0.438040 0.317308 0.422190 0.307692 0.422190 0.288462 0.435159 0.275000 0.445245 0.284615 0.445245 0.300000 0.438040 0.317308
0 0.855908 0.848077 0.851585 0.846154 0.854467 0.811538 0.861671 0.801923 0.876081 0.801923 0.880403 0.807692 0.880403 0.823077 0.855908 0.848077
0 0.187320 0.225000 0.175793 0.225000 0.171470 0.219231 0.171470 0.192308 0.181556 0.175000 0.198847 0.171154 0.206052 0.188462 0.187320 0.225000
0 0.582133 0.582692 0.560519 0.573077 0.560519 0.553846 0.570605 0.525000 0.577810 0.523077 0.574928 0.542308 0.582133 0.548077 0.586455 0.530769 0.580692 0.523077 0.590778 0.521154 0.597983 0.530769 0.597983 0.565385 0.587896 0.567308 0.582133 0.582692
0 0.677233 0.078846 0.667147 0.073077 0.667147 0.042308 0.674352 0.032692 0.685879 0.032692 0.690202 0.038462 0.690202 0.057692 0.677233 0.078846
0 0.420749 0.555769 0.400576 0.551923 0.393372 0.542308 0.396254 0.507692 0.402017 0.503846 0.407781 0.526923 0.417867 0.540385 0.429395 0.540385 0.433718 0.534615 0.433718 0.515385 0.413545 0.492308 0.446686 0.490385 0.459654 0.507692 0.459654 0.530769 0.443804 0.548077 0.420749 0.555769
0 0.760807 0.425000 0.749280 0.425000 0.744957 0.411538 0.770893 0.357692 0.783862 0.340385 0.789625 0.340385 0.793948 0.346154 0.793948 0.392308 0.760807 0.425000
0 0.000000 0.048077 0.017291 0.044231 0.047550 0.076923 0.047550 0.092308 0.028818 0.113462 0.000000 0.105769
0 0.259366 0.478846 0.247839 0.478846 0.237752 0.469231 0.234870 0.438462 0.242075 0.428846 0.259366 0.425000 0.269452 0.434615 0.269452 0.450000 0.259366 0.478846
0 0.904899 0.278846 0.877522 0.261538 0.877522 0.238462 0.887608 0.225000 0.904899 0.228846 0.914986 0.246154 0.914986 0.261538 0.904899 0.278846
0 0.827089 0.663462 0.812680 0.663462 0.808357 0.646154 0.832853 0.605769 0.847262 0.601923 0.851585 0.607692 0.851585 0.626923 0.827089 0.663462
0 0.063401 0.494231 0.038905 0.465385 0.038905 0.446154 0.051873 0.425000 0.063401 0.425000 0.085014 0.446154 0.076369 0.450000 0.063401 0.494231
0 0.123919 0.967308 0.103746 0.963462 0.099424 0.957692 0.099424 0.938462 0.112392 0.921154 0.126801 0.921154 0.134006 0.930769 0.134006 0.953846 0.123919 0.967308
0 0.714697 0.109615 0.688761 0.101923 0.681556 0.092308 0.684438 0.073077 0.706052 0.048077 0.714697 0.048077 0.727666 0.069231 0.727666 0.088462 0.714697 0.109615
0 0.648415 0.136538 0.638329 0.126923 0.635447 0.096154 0.641210 0.076923 0.654179 0.067308 0.667147 0.080769 0.667147 0.092308 0.648415 0.136538
0 0.729107 0.417308 0.717579 0.417308 0.704611 0.403846 0.704611 0.392308 0.711816 0.382692 0.729107 0.382692 0.736311 0.392308 0.736311 0.407692 0.729107 0.417308
0 0.913545 0.771154 0.906340 0.761538 0.912104 0.723077 0.930836 0.701923 0.951009 0.705769 0.955331 0.711538 0.955331 0.750000 0.919308 0.748077 0.913545 0.771154
0 0.844380 0.986538 0.824207 0.986538 0.819885 0.980769 0.822767 0.957692 0.861671 0.913462 0.873199 0.913462 0.883285 0.926923 0.877522 0.950000 0.844380 0.986538
0 0.221902 0.598077 0.213256 0.598077 0.200288 0.580769 0.197406 0.553846 0.201729 0.548077 0.227666 0.548077 0.231988 0.553846 0.231988 0.580769 0.221902 0.598077
0 0.455331 0.913462 0.440922 0.913462 0.436599 0.907692 0.439481 0.869231 0.445245 0.865385 0.445245 0.888462 0.452450 0.898077 0.461095 0.894231 0.471182 0.880769 0.471182 0.857692 0.453890 0.850000 0.458213 0.844231 0.469741 0.844231 0.485591 0.861538 0.485591 0.876923 0.466859 0.905769 0.455331 0.913462
0 0.890490 0.598077 0.878963 0.598077 0.871758 0.576923 0.890490 0.548077 0.902017 0.548077 0.909222 0.565385 0.890490 0.598077
0 0.371758 0.090385 0.360231 0.090385 0.355908 0.084615 0.355908 0.065385 0.368876 0.048077 0.386167 0.040385 0.402017 0.057692 0.402017 0.073077 0.394813 0.082692 0.377522 0.082692 0.371758 0.090385
0 0.766571 0.478846 0.749280 0.478846 0.744957 0.473077 0.763689 0.436538 0.775216 0.436538 0.782421 0.446154 0.782421 0.457692 0.766571 0.478846
0 0.227666 0.548077 0.216138 0.548077 0.211816 0.542308 0.216138 0.513462 0.237752 0.523077 0.237752 0.534615 0.227666 0.548077
0 0.135447 0.544231 0.125360 0.538462 0.131124 0.515385 0.152738 0.482692 0.178674 0.459615 0.182997 0.465385 0.180115 0.496154 0.135447 0.544231
0 0.818444 0.898077 0.811239 0.896154 0.808357 0.880769 0.799712 0.869231 0.824207 0.840385 0.847262 0.836538 0.851585 0.842308 0.851585 0.861538 0.829971 0.890385 0.818444 0.898077
0 0.891931 0.000000 0.884726 0.017308 0.878963 0.017308 0.868876 0.000000
0 0.123919 0.921154 0.110951 0.919231 0.110951 0.903846 0.121037 0.890385 0.126801 0.890385 0.136888 0.907692 0.132565 0.917308 0.123919 0.921154
0 0.429395 0.490385 0.416427 0.484615 0.416427 0.469231 0.420749 0.463462 0.432277 0.463462 0.436599 0.469231 0.436599 0.480769 0.429395 0.490385
0 0.239193 0.909615 0.221902 0.909615 0.217579 0.903846 0.217579 0.884615 0.250720 0.828846 0.268012 0.825000 0.278098 0.846154 0.272334 0.880769 0.239193 0.909615
0 0.752161 0.201923 0.720461 0.198077 0.713256 0.169231 0.729107 0.140385 0.746398 0.128846 0.766571 0.128846 0.773775 0.138462 0.773775 0.169231 0.752161 0.201923
0 0.538905 0.905769 0.521614 0.905769 0.517291 0.900000 0.523055 0.865385 0.536023 0.840385 0.557637 0.869231 0.554755 0.892308 0.538905 0.905769
0 0.685879 0.148077 0.672911 0.142308 0.672911 0.126923 0.688761 0.101923 0.697406 0.101923 0.707493 0.111538 0.704611 0.134615 0.697406 0.144231 0.685879 0.148077
0 0.997118 0.363462 0.979827 0.363462 0.969741 0.346154 0.969741 0.326923 0.981268 0.303846 0.997118 0.301923
0 0.789625 0.217308 0.772334 0.217308 0.768012 0.211538 0.765130 0.192308 0.775216 0.178846 0.793948 0.176923 0.788184 0.196154 0.793948 0.211538 0.789625 0.217308
0 0.129683 0.463462 0.118156 0.463462 0.108069 0.453846 0.108069 0.419231 0.118156 0.390385 0.129683 0.390385 0.138329 0.409615 0.149856 0.409615 0.157061 0.419231 0.157061 0.438462 0.144092 0.455769 0.129683 0.463462
0 0.801153 0.913462 0.789625 0.913462 0.782421 0.903846 0.785303 0.880769 0.795389 0.871154 0.801153 0.871154 0.811239 0.888462 0.811239 0.903846 0.801153 0.913462
