0 0.027344 0.943359 0.019531 0.943359 0.005859 0.929688 0.005859 0.910156 0.011719 0.904297 0.035156 0.904297 0.041016 0.910156 0.041016 0.925781 0.027344 0.943359
0 0.160156 0.931641 0.146484 0.929688 0.130859 0.902344 0.130859 0.878906 0.136719 0.873047 0.144531 0.873047 0.162109 0.894531 0.166016 0.925781 0.160156 0.931641
0 0.058594 0.263672 0.039062 0.263672 0.013672 0.242188 0.013672 0.226562 0.023438 0.216797 0.046875 0.220703 0.060547 0.234375 0.064453 0.257812 0.058594 0.263672
0 0.281250 0.564453 0.263672 0.558594 0.263672 0.542969 0.277344 0.529297 0.296875 0.529297 0.302734 0.535156 0.302734 0.554688 0.281250 0.564453
0 0.257812 0.166016 0.244141 0.160156 0.244141 0.136719 0.250000 0.130859 0.263672 0.136719 0.263672 0.160156 0.257812 0.166016
0 0.390625 0.451172 0.373047 0.445312 0.373047 0.421875 0.378906 0.416016 0.400391 0.425781 0.400391 0.441406 0.390625 0.451172
0 0.996094 0.537109 0.984375 0.537109 0.966797 0.515625 0.976562 0.498047 0.996094 0.498047
0 0.187500 0.107422 0.169922 0.097656 0.175781 0.080078 0.193359 0.089844 0.187500 0.107422
0 0.572266 0.996094 0.576172 0.980469 0.585938 0.970703 0.595703 0.976562 0.603516 0.996094
0 0.480469 0.658203 0.464844 0.650391 0.445312 0.650391 0.427734 0.632812 0.437500 0.623047 0.468750 0.623047 0.490234 0.644531 0.480469 0.658203
0 0.421875 0.486328 0.402344 0.486328 0.392578 0.476562 0.392578 0.449219 0.410156 0.431641 0.427734 0.437500 0.427734 0.480469 0.421875 0.486328
0 0.179688 0.447266 0.167969 0.439453 0.148438 0.443359 0.134766 0.421875 0.138672 0.410156 0.156250 0.400391 0.171875 0.408203 0.189453 0.433594 0.179688 0.447266
0 0.357422 0.000000 0.351562 0.017578 0.337891 0.011719 0.337891 0.000000
0 0.476562 0.208984 0.462891 0.203125 0.468750 0.189453 0.482422 0.195312 0.476562 0.208984
0 0.835938 0.951172 0.824219 0.951172 0.810547 0.937500 0.820312 0.908203 0.832031 0.908203 0.849609 0.929688 0.835938 0.951172
0 0.253906 0.478516 0.234375 0.478516 0.228516 0.472656 0.220703 0.453125 0.226562 0.439453 0.234375 0.439453 0.263672 0.464844 0.253906 0.478516
0 0.460938 0.349609 0.425781 0.341797 0.416016 0.332031 0.416016 0.320312 0.425781 0.310547 0.441406 0.318359 0.460938 0.318359 0.470703 0.328125 0.460938 0.349609
0 0.199219 0.111328 0.189453 0.105469 0.193359 0.089844 0.185547 0.082031 0.191406 0.076172 0.207031 0.076172 0.216797 0.089844 0.216797 0.097656 0.199219 0.111328
0 0.535156 0.490234 0.507812 0.486328 0.501953 0.480469 0.505859 0.449219 0.515625 0.439453 0.531250 0.439453 0.541016 0.449219 0.541016 0.484375 0.535156 0.490234
0 0.468750 0.751953 0.449219 0.744141 0.443359 0.730469 0.458984 0.710938 0.462891 0.691406 0.480469 0.685547 0.494141 0.703125 0.494141 0.722656 0.490234 0.734375 0.468750 0.751953
0 0.859375 0.150391 0.841797 0.144531 0.841797 0.128906 0.859375 0.111328 0.871094 0.111328 0.876953 0.117188 0.876953 0.136719 0.859375 0.150391
0 0.277344 0.166016 0.263672 0.160156 0.263672 0.148438 0.273438 0.138672 0.289062 0.138672 0.294922 0.152344 0.277344 0.166016
0 0.363281 0.478516 0.349609 0.472656 0.349609 0.457031 0.355469 0.451172 0.369141 0.457031 0.369141 0.472656 0.363281 0.478516
0 0.328125 0.220703 0.310547 0.214844 0.310547 0.195312 0.324219 0.173828 0.357422 0.187500 0.357422 0.195312 0.328125 0.220703
0 0.117188 0.962891 0.099609 0.949219 0.095703 0.933594 0.117188 0.916016 0.125000 0.916016 0.134766 0.945312 0.117188 0.962891
0 0.708984 0.000000 0.703125 0.009766 0.679688 0.009766 0.669922 0.000000
0 0.996094 0.759766 0.976562 0.740234 0.964844 0.740234 0.955078 0.726562 0.955078 0.718750 0.968750 0.705078 0.996094 0.708984
0 0.539062 0.193359 0.523438 0.193359 0.509766 0.183594 0.505859 0.164062 0.511719 0.158203 0.535156 0.154297 0.541016 0.160156 0.544922 0.187500 0.539062 0.193359
0 0.039062 0.990234 0.015625 0.990234 0.009766 0.972656 0.019531 0.962891 0.039062 0.962891 0.044922 0.968750 0.044922 0.984375 0.039062 0.990234
0 0.199219 0.548828 0.189453 0.542969 0.189453 0.531250 0.203125 0.517578 0.222656 0.513672 0.232422 0.531250 0.199219 0.548828
0 0.316406 0.333984 0.277344 0.333984 0.271484 0.328125 0.271484 0.308594 0.304688 0.291016 0.328125 0.287109 0.333984 0.292969 0.333984 0.312500 0.316406 0.333984
0 0.060547 0.996094 0.066406 0.986328 0.085938 0.978516 0.105469 0.978516 0.111328 0.984375 0.107422 0.996094
0 0.117188 0.443359 0.103516 0.437500 0.103516 0.417969 0.125000 0.400391 0.132812 0.400391 0.138672 0.417969 0.117188 0.443359
0 0.148438 0.755859 0.113281 0.748047 0.103516 0.738281 0.103516 0.726562 0.128906 0.712891 0.156250 0.716797 0.169922 0.730469 0.169922 0.746094 0.148438 0.755859
0 0.105469 0.462891 0.091797 0.457031 0.097656 0.443359 0.111328 0.449219 0.105469 0.462891
0 0.542969 0.716797 0.523438 0.716797 0.517578 0.710938 0.517578 0.691406 0.527344 0.677734 0.554688 0.681641 0.564453 0.691406 0.564453 0.699219 0.542969 0.716797
0 0.558594 0.556641 0.542969 0.556641 0.529297 0.539062 0.533203 0.503906 0.542969 0.490234 0.550781 0.490234 0.572266 0.511719 0.572266 0.535156 0.558594 0.556641
0 0.195312 0.716797 0.181641 0.707031 0.181641 0.679688 0.187500 0.673828 0.207031 0.685547 0.230469 0.685547 0.236328 0.691406 0.226562 0.708984 0.195312 0.716797
0 0.042969 0.193359 0.027344 0.193359 0.017578 0.179688 0.035156 0.166016 0.046875 0.166016 0.052734 0.183594 0.042969 0.193359
0 0.929688 0.259766 0.912109 0.253906 0.912109 0.238281 0.921875 0.224609 0.935547 0.230469 0.935547 0.253906 0.929688 0.259766
0 0.941406 0.060547 0.929688 0.060547 0.919922 0.050781 0.919922 0.039062 0.929688 0.029297 0.953125 0.029297 0.962891 0.039062 0.962891 0.046875 0.941406 0.060547
0 0.308594 0.169922 0.298828 0.164062 0.298828 0.148438 0.304688 0.142578 0.314453 0.148438 0.314453 0.164062 0.308594 0.169922
0 0.380859 0.000000 0.380859 0.011719 0.371094 0.021484 0.357422 0.015625 0.357422 0.000000
0 0.964844 0.220703 0.937500 0.216797 0.931641 0.199219 0.941406 0.189453 0.957031 0.189453 0.970703 0.203125 0.964844 0.220703
0 0.519531 0.232422 0.503906 0.232422 0.494141 0.222656 0.494141 0.207031 0.503906 0.197266 0.523438 0.197266 0.533203 0.207031 0.519531 0.232422
0 0.339844 0.740234 0.328125 0.740234 0.318359 0.730469 0.318359 0.710938 0.347656 0.673828 0.359375 0.673828 0.369141 0.683594 0.369141 0.695312 0.361328 0.714844 0.339844 0.740234
0 0.496094 0.205078 0.482422 0.199219 0.482422 0.183594 0.490234 0.167969 0.503906 0.162109 0.509766 0.167969 0.509766 0.183594 0.496094 0.205078
0 0.445312 0.537109 0.429688 0.537109 0.410156 0.509766 0.392578 0.503906 0.392578 0.496094 0.402344 0.486328 0.437500 0.486328 0.455078 0.503906 0.455078 0.523438 0.445312 0.537109
0 0.000000 0.708984 0.029297 0.722656 0.011719 0.748047 0.000000 0.748047
0 0.367188 0.455078 0.353516 0.445312 0.353516 0.421875 0.359375 0.416016 0.373047 0.421875 0.373047 0.445312 0.367188 0.455078
0 0.140625 0.115234 0.126953 0.105469 0.126953 0.093750 0.144531 0.076172 0.154297 0.085938 0.154297 0.105469 0.140625 0.115234
0 0.396484 0.000000 0.400391 0.015625 0.394531 0.021484 0.376953 0.015625 0.380859 0.000000
0 0.292969 0.642578 0.275391 0.625000 0.285156 0.607422 0.304688 0.607422 0.314453 0.621094 0.292969 0.642578
0 0.257812 0.880859 0.234375 0.876953 0.220703 0.859375 0.230469 0.849609 0.242188 0.849609 0.269531 0.822266 0.279297 0.832031 0.279297 0.867188 0.257812 0.880859
0 0.285156 0.775391 0.269531 0.775391 0.259766 0.765625 0.259766 0.746094 0.273438 0.736328 0.285156 0.736328 0.294922 0.746094 0.294922 0.761719 0.285156 0.775391
0 0.062500 0.658203 0.050781 0.658203 0.037109 0.640625 0.037109 0.617188 0.046875 0.607422 0.066406 0.607422 0.072266 0.613281 0.068359 0.652344 0.062500 0.658203
0 0.859375 0.193359 0.835938 0.193359 0.826172 0.179688 0.843750 0.166016 0.863281 0.162109 0.873047 0.179688 0.859375 0.193359
0 0.312500 0.853516 0.296875 0.853516 0.291016 0.847656 0.291016 0.824219 0.300781 0.814453 0.312500 0.814453 0.330078 0.835938 0.324219 0.849609 0.312500 0.853516
0 0.375000 0.080078 0.355469 0.080078 0.349609 0.074219 0.349609 0.062500 0.363281 0.048828 0.375000 0.048828 0.384766 0.058594 0.384766 0.070312 0.375000 0.080078
