0 0.000000 0.427734 0.019531 0.423828 0.037109 0.437500 0.037109 0.460938 0.000000 0.490234
0 0.429688 0.412109 0.406250 0.408203 0.396484 0.398438 0.388672 0.375000 0.402344 0.361328 0.414062 0.361328 0.431641 0.375000 0.439453 0.394531 0.429688 0.412109
0 0.765625 0.927734 0.746094 0.927734 0.728516 0.914062 0.720703 0.902344 0.720703 0.886719 0.730469 0.876953 0.750000 0.876953 0.775391 0.898438 0.779297 0.914062 0.765625 0.927734
0 0.488281 0.654297 0.457031 0.646484 0.447266 0.632812 0.447266 0.609375 0.457031 0.599609 0.484375 0.603516 0.498047 0.617188 0.501953 0.628906 0.488281 0.654297
0 0.355469 0.091797 0.335938 0.091797 0.318359 0.078125 0.310547 0.062500 0.310547 0.039062 0.316406 0.029297 0.343750 0.025391 0.361328 0.042969 0.365234 0.078125 0.355469 0.091797
0 0.871094 0.259766 0.859375 0.259766 0.845703 0.250000 0.845703 0.226562 0.859375 0.208984 0.867188 0.208984 0.880859 0.226562 0.880859 0.250000 0.871094 0.259766
0 0.726562 0.513672 0.710938 0.513672 0.687500 0.501953 0.677734 0.488281 0.677734 0.476562 0.691406 0.458984 0.722656 0.455078 0.748047 0.476562 0.751953 0.488281 0.744141 0.503906 0.726562 0.513672
0 0.660156 0.259766 0.644531 0.259766 0.630859 0.246094 0.626953 0.199219 0.656250 0.193359 0.671875 0.181641 0.685547 0.195312 0.685547 0.214844 0.673828 0.250000 0.660156 0.259766
0 0.943359 0.000000 0.939453 0.035156 0.921875 0.044922 0.912109 0.035156 0.912109 0.011719 0.923828 0.000000
0 0.039062 0.802734 0.009766 0.781250 0.009766 0.761719 0.019531 0.751953 0.046875 0.755859 0.064453 0.777344 0.060547 0.792969 0.039062 0.802734
