0 0.832031 0.943359 0.804688 0.939453 0.794922 0.929688 0.794922 0.910156 0.820312 0.876953 0.839844 0.873047 0.865234 0.890625 0.865234 0.917969 0.832031 0.943359
0 0.449219 0.919922 0.427734 0.910156 0.419922 0.894531 0.419922 0.875000 0.437500 0.857422 0.464844 0.857422 0.478516 0.871094 0.482422 0.890625 0.464844 0.916016 0.449219 0.919922
0 0.601562 0.501953 0.591797 0.496094 0.591797 0.488281 0.623047 0.414062 0.636719 0.400391 0.648438 0.400391 0.654297 0.410156 0.642578 0.445312 0.626953 0.457031 0.623047 0.480469 0.601562 0.501953
0 0.808594 0.541016 0.785156 0.541016 0.763672 0.511719 0.767578 0.484375 0.789062 0.466797 0.808594 0.470703 0.830078 0.488281 0.833984 0.519531 0.808594 0.541016
0 0.371094 0.658203 0.351562 0.658203 0.326172 0.644531 0.314453 0.625000 0.314453 0.609375 0.324219 0.591797 0.339844 0.587891 0.367188 0.615234 0.386719 0.615234 0.396484 0.625000 0.392578 0.648438 0.371094 0.658203
0 0.398438 0.189453 0.375000 0.185547 0.361328 0.164062 0.361328 0.105469 0.386719 0.087891 0.402344 0.087891 0.408203 0.093750 0.416016 0.109375 0.416016 0.136719 0.423828 0.148438 0.423828 0.171875 0.398438 0.189453
0 0.058594 0.779297 0.039062 0.779297 0.033203 0.773438 0.039062 0.736328 0.050781 0.736328 0.068359 0.750000 0.058594 0.779297
0 0.503906 0.130859 0.464844 0.126953 0.451172 0.101562 0.455078 0.078125 0.476562 0.060547 0.511719 0.064453 0.525391 0.078125 0.529297 0.105469 0.503906 0.130859
0 0.421875 0.958984 0.390625 0.958984 0.376953 0.949219 0.365234 0.925781 0.365234 0.898438 0.373047 0.875000 0.398438 0.853516 0.423828 0.863281 0.416016 0.882812 0.419922 0.898438 0.439453 0.917969 0.439453 0.937500 0.421875 0.958984
0 0.527344 0.345703 0.507812 0.345703 0.490234 0.332031 0.490234 0.289062 0.511719 0.259766 0.550781 0.255859 0.568359 0.277344 0.568359 0.300781 0.527344 0.345703
0 0.699219 0.603516 0.679688 0.603516 0.669922 0.593750 0.669922 0.574219 0.679688 0.564453 0.708984 0.578125 0.708984 0.593750 0.699219 0.603516
0 0.099609 0.000000 0.089844 0.017578 0.066406 0.025391 0.035156 0.021484 0.021484 0.000000
0 0.964844 0.775391 0.933594 0.771484 0.919922 0.750000 0.919922 0.730469 0.927734 0.718750 0.953125 0.705078 0.972656 0.708984 0.994141 0.734375 0.994141 0.753906 0.964844 0.775391
0 0.675781 0.630859 0.660156 0.630859 0.642578 0.617188 0.642578 0.597656 0.648438 0.591797 0.667969 0.587891 0.685547 0.605469 0.685547 0.617188 0.675781 0.630859
0 0.000000 0.275391 0.011719 0.263672 0.031250 0.259766 0.054688 0.271484 0.068359 0.292969 0.068359 0.316406 0.046875 0.333984 0.019531 0.333984 0.007812 0.330078 0.000000 0.318359
0 0.335938 0.712891 0.304688 0.712891 0.279297 0.699219 0.271484 0.675781 0.296875 0.646484 0.316406 0.642578 0.349609 0.667969 0.353516 0.699219 0.335938 0.712891
0 0.761719 0.931641 0.746094 0.931641 0.710938 0.916016 0.693359 0.886719 0.697266 0.871094 0.734375 0.841797 0.753906 0.845703 0.755859 0.855469 0.773438 0.861328 0.783203 0.875000 0.783203 0.902344 0.761719 0.931641
0 0.000000 0.712891 0.019531 0.712891 0.029297 0.726562 0.029297 0.753906 0.000000 0.755859
