0 0.000000 0.604167 0.004167 0.597222 0.001389 0.580556 0.015278 0.547222 0.018056 0.525000 0.026389 0.511111 0.061111 0.487500 0.094444 0.487500 0.101389 0.494444 0.109722 0.516667 0.109722 0.561111 0.098611 0.594444 0.106944 0.655556 0.095833 0.708333 0.077778 0.723611 0.069444 0.723611 0.058333 0.731944 0.033333 0.720833 0.018056 0.702778 0.006944 0.666667 0.000000 0.623611
0 0.669444 0.568056 0.641667 0.565278 0.618056 0.536111 0.612500 0.491667 0.631944 0.444444 0.655556 0.418056 0.686111 0.415278 0.708333 0.395833 0.725000 0.387500 0.755556 0.387500 0.766667 0.393056 0.784722 0.413889 0.784722 0.433333 0.770833 0.461111 0.737500 0.497222 0.698611 0.552778 0.669444 0.568056
0 0.891667 0.168056 0.863889 0.168056 0.833333 0.159722 0.806944 0.133333 0.806944 0.127778 0.798611 0.125000 0.795833 0.116667 0.793056 0.088889 0.806944 0.069444 0.852778 0.029167 0.877778 0.029167 0.936111 0.056944 0.959722 0.077778 0.965278 0.088889 0.965278 0.125000 0.959722 0.133333 0.919444 0.162500 0.891667 0.168056
0 0.516667 0.312500 0.441667 0.309722 0.429167 0.300000 0.409722 0.261111 0.409722 0.233333 0.430556 0.209722 0.494444 0.193056 0.552778 0.190278 0.580556 0.198611 0.595833 0.213889 0.604167 0.225000 0.604167 0.261111 0.593056 0.283333 0.586111 0.290278 0.577778 0.290278 0.547222 0.306944 0.516667 0.312500
0 0.000000 0.923611 0.005556 0.923611 0.020833 0.936111 0.037500 0.963889 0.034722 0.983333 0.015278 0.997222
0 0.580556 0.484722 0.550000 0.481944 0.526389 0.461111 0.515278 0.436111 0.515278 0.411111 0.537500 0.380556 0.566667 0.354167 0.588889 0.345833 0.622222 0.348611 0.643056 0.366667 0.651389 0.383333 0.651389 0.413889 0.645833 0.427778 0.623611 0.447222 0.606944 0.469444 0.591667 0.481944 0.580556 0.484722
0 0.336111 0.704167 0.316667 0.704167 0.286111 0.693056 0.248611 0.644444 0.240278 0.586111 0.252778 0.570833 0.275000 0.556944 0.316667 0.565278 0.341667 0.576389 0.351389 0.586111 0.368056 0.616667 0.368056 0.683333 0.336111 0.704167
0 0.475000 0.956944 0.441667 0.956944 0.416667 0.945833 0.393056 0.925000 0.373611 0.891667 0.362500 0.858333 0.362500 0.808333 0.373611 0.786111 0.397222 0.768056 0.450000 0.768056 0.498611 0.819444 0.526389 0.866667 0.531944 0.886111 0.531944 0.913889 0.523611 0.933333 0.502778 0.948611 0.475000 0.956944
0 0.370833 0.000000 0.369444 0.004167 0.330556 0.004167 0.326389 0.000000
0 0.995833 0.000000 0.997222 0.000000 0.997222 0.137500 0.995833 0.137500
0 0.997222 0.509722 0.988889 0.512500 0.965278 0.500000 0.931944 0.422222 0.937500 0.391667 0.950000 0.379167 0.975000 0.368056 0.997222 0.368056
0 0.511111 0.151389 0.475000 0.151389 0.444444 0.143056 0.431944 0.127778 0.431944 0.097222 0.456944 0.044444 0.494444 0.009722 0.522222 0.001389 0.547222 0.004167 0.565278 0.019444 0.570833 0.033333 0.570833 0.063889 0.565278 0.075000 0.565278 0.088889 0.551389 0.125000 0.527778 0.145833 0.511111 0.151389
0 0.208333 0.754167 0.180556 0.754167 0.155556 0.740278 0.129167 0.694444 0.134722 0.605556 0.152778 0.584722 0.163889 0.579167 0.186111 0.576389 0.208333 0.584722 0.220833 0.597222 0.245833 0.644444 0.248611 0.688889 0.243056 0.713889 0.231944 0.736111 0.208333 0.754167
0 0.375000 0.437500 0.358333 0.437500 0.311111 0.423611 0.301389 0.413889 0.295833 0.394444 0.277778 0.384722 0.259722 0.366667 0.248611 0.325000 0.248611 0.291667 0.262500 0.266667 0.283333 0.248611 0.313889 0.245833 0.325000 0.248611 0.350000 0.265278 0.369444 0.279167 0.393056 0.305556 0.409722 0.336111 0.415278 0.358333 0.412500 0.402778 0.394444 0.429167 0.375000 0.437500
0 0.809722 0.997222 0.818056 0.975000 0.836111 0.956944 0.844444 0.954167 0.869444 0.956944 0.887500 0.975000 0.893056 0.997222
0 0.997222 0.215278 0.991667 0.215278 0.984722 0.205556 0.984722 0.188889 0.997222 0.162500
0 0.738889 0.387500 0.675000 0.381944 0.651389 0.363889 0.637500 0.336111 0.637500 0.305556 0.650000 0.281944 0.680556 0.265278 0.711111 0.262500 0.738889 0.270833 0.783333 0.273611 0.805556 0.281944 0.818056 0.294444 0.826389 0.330556 0.823611 0.344444 0.812500 0.361111 0.794444 0.376389 0.738889 0.387500
0 0.309722 0.000000 0.302778 0.006944 0.288889 0.009722 0.275000 0.009722 0.265278 0.000000
0 0.594444 0.587500 0.566667 0.587500 0.547222 0.579167 0.480556 0.581944 0.466667 0.576389 0.448611 0.561111 0.443056 0.550000 0.445833 0.511111 0.451389 0.500000 0.472222 0.479167 0.486111 0.473611 0.522222 0.473611 0.536111 0.481944 0.588889 0.487500 0.606944 0.505556 0.618056 0.525000 0.618056 0.550000 0.612500 0.572222 0.594444 0.587500
0 0.518056 0.997222 0.515278 0.952778 0.531944 0.911111 0.555556 0.887500 0.575000 0.887500 0.580556 0.881944 0.608333 0.890278 0.623611 0.908333 0.631944 0.936111 0.629167 0.983333 0.623611 0.997222
0 0.454167 0.000000 0.440278 0.030556 0.386111 0.090278 0.344444 0.104167 0.319444 0.104167 0.293056 0.072222 0.293056 0.044444 0.298611 0.030556 0.313889 0.018056 0.381944 0.000000
0 0.252778 0.984722 0.216667 0.981944 0.172222 0.934722 0.161111 0.929167 0.116667 0.929167 0.100000 0.920833 0.076389 0.891667 0.076389 0.872222 0.081944 0.861111 0.102778 0.845833 0.152778 0.845833 0.216667 0.865278 0.250000 0.884722 0.279167 0.911111 0.284722 0.927778 0.284722 0.947222 0.276389 0.966667 0.252778 0.984722
0 0.223611 0.000000 0.241667 0.012500 0.265278 0.038889 0.270833 0.069444 0.268056 0.080556 0.247222 0.101389 0.208333 0.123611 0.166667 0.120833 0.154167 0.108333 0.148611 0.094444 0.123611 0.061111 0.118056 0.030556 0.131944 0.000000
