0 0.259375 0.419922 0.240625 0.419922 0.220312 0.394531 0.220312 0.363281 0.228125 0.353516 0.240625 0.353516 0.257812 0.367188 0.264062 0.390625 0.264062 0.414062 0.259375 0.419922
0 0.221875 0.197266 0.209375 0.193359 0.185938 0.164062 0.185938 0.144531 0.209375 0.119141 0.240625 0.119141 0.251563 0.136719 0.251563 0.164062 0.240625 0.189453 0.221875 0.197266
0 0.693750 0.306641 0.682813 0.296875 0.682813 0.277344 0.687500 0.271484 0.696875 0.271484 0.704688 0.281250 0.704688 0.292969 0.693750 0.306641
0 0.850000 0.810547 0.840625 0.810547 0.832812 0.796875 0.829688 0.769531 0.834375 0.763672 0.843750 0.763672 0.851562 0.773438 0.854688 0.804688 0.850000 0.810547
0 0.996875 0.568359 0.987500 0.576172 0.965625 0.580078 0.960938 0.574219 0.960938 0.527344 0.942187 0.500000 0.968750 0.466797 0.996875 0.466797
0 0.359375 0.513672 0.331250 0.513672 0.315625 0.505859 0.295312 0.480469 0.289062 0.464844 0.292187 0.449219 0.296875 0.443359 0.340625 0.443359 0.353125 0.455078 0.364063 0.472656 0.364063 0.507812 0.359375 0.513672
0 0.201563 0.000000 0.218750 0.005859 0.229687 0.019531 0.232813 0.085938 0.225000 0.095703 0.181250 0.091797 0.164062 0.082031 0.157812 0.066406 0.157812 0.046875 0.173437 0.039062 0.176563 0.000000
0 0.246875 0.466797 0.234375 0.462891 0.226562 0.453125 0.223438 0.417969 0.228125 0.412109 0.234375 0.412109 0.245312 0.429688 0.251563 0.453125 0.246875 0.466797
0 0.096875 0.205078 0.087500 0.205078 0.051562 0.160156 0.051562 0.136719 0.045312 0.125000 0.045312 0.109375 0.050000 0.103516 0.075000 0.103516 0.079687 0.109375 0.079687 0.128906 0.098437 0.164062 0.101562 0.179688 0.101562 0.199219 0.096875 0.205078
0 0.517188 0.996094 0.514062 0.964844 0.521875 0.955078 0.543750 0.955078 0.548438 0.960938 0.548438 0.996094
0 0.378125 0.685547 0.365625 0.685547 0.342187 0.664062 0.342187 0.644531 0.346875 0.638672 0.375000 0.642578 0.398438 0.664062 0.396875 0.677734 0.378125 0.685547
0 0.162500 0.255859 0.156250 0.255859 0.142187 0.230469 0.135937 0.214844 0.140625 0.201172 0.148438 0.207031 0.167187 0.246094 0.162500 0.255859
0 0.575000 0.361328 0.559375 0.361328 0.546875 0.353516 0.535937 0.339844 0.535937 0.324219 0.546875 0.314453 0.571875 0.330078 0.579688 0.339844 0.579688 0.355469 0.575000 0.361328
0 0.193750 0.490234 0.178125 0.490234 0.159375 0.478516 0.145313 0.460938 0.145313 0.414062 0.153125 0.404297 0.178125 0.408203 0.207813 0.437500 0.210938 0.480469 0.193750 0.490234
0 0.996875 0.724609 0.978125 0.720703 0.970313 0.707031 0.970313 0.675781 0.975000 0.669922 0.996875 0.666016
0 0.170313 0.000000 0.176563 0.027344 0.168750 0.044922 0.159375 0.044922 0.148438 0.035156 0.135937 0.000000
0 0.750000 0.923828 0.706250 0.916016 0.701562 0.902344 0.706250 0.896484 0.740625 0.900391 0.751563 0.910156 0.750000 0.923828
0 0.400000 0.970703 0.387500 0.970703 0.373437 0.949219 0.373437 0.929688 0.381250 0.916016 0.396875 0.916016 0.410938 0.941406 0.410938 0.960938 0.400000 0.970703
0 0.775000 0.455078 0.765625 0.455078 0.754687 0.441406 0.745313 0.414062 0.745313 0.394531 0.750000 0.388672 0.768750 0.388672 0.789062 0.417969 0.789062 0.445312 0.775000 0.455078
0 0.771875 0.138672 0.753125 0.138672 0.751563 0.125000 0.778125 0.095703 0.796875 0.087891 0.798438 0.105469 0.771875 0.138672
0 0.518750 0.076172 0.496875 0.076172 0.453125 0.060547 0.442188 0.039062 0.442188 0.019531 0.446875 0.013672 0.471875 0.013672 0.523438 0.066406 0.518750 0.076172
0 0.321875 0.708984 0.315625 0.708984 0.298438 0.687500 0.298438 0.667969 0.292187 0.660156 0.296875 0.650391 0.306250 0.650391 0.332813 0.683594 0.332813 0.699219 0.321875 0.708984
0 0.484375 0.900391 0.456250 0.900391 0.429688 0.875000 0.429688 0.839844 0.440625 0.826172 0.471875 0.830078 0.485938 0.847656 0.489063 0.894531 0.484375 0.900391
0 0.259375 0.669922 0.243750 0.669922 0.218750 0.658203 0.201563 0.636719 0.195312 0.625000 0.195312 0.597656 0.203125 0.587891 0.234375 0.587891 0.257812 0.613281 0.267188 0.640625 0.267188 0.656250 0.259375 0.669922
0 0.784375 0.591797 0.771875 0.591797 0.739062 0.554688 0.739062 0.515625 0.743750 0.509766 0.762500 0.513672 0.770312 0.535156 0.785937 0.554688 0.789062 0.585938 0.784375 0.591797
0 0.959375 0.951172 0.946875 0.951172 0.926562 0.917969 0.923438 0.855469 0.928125 0.849609 0.950000 0.853516 0.964063 0.878906 0.967187 0.933594 0.959375 0.951172
0 0.529687 0.000000 0.525000 0.017578 0.493750 0.013672 0.476562 0.000000
0 0.650000 0.060547 0.640625 0.060547 0.632812 0.050781 0.629687 0.027344 0.620313 0.011719 0.625000 0.001953 0.631250 0.001953 0.639062 0.019531 0.651563 0.031250 0.654687 0.054688 0.650000 0.060547
0 0.946875 0.587891 0.906250 0.587891 0.889062 0.570312 0.885938 0.539062 0.896875 0.517578 0.909375 0.517578 0.918750 0.509766 0.950000 0.509766 0.957812 0.519531 0.964063 0.539062 0.960938 0.570312 0.946875 0.587891
0 0.403125 0.744141 0.390625 0.744141 0.379688 0.726562 0.376563 0.687500 0.381250 0.681641 0.396875 0.677734 0.420312 0.710938 0.420312 0.722656 0.403125 0.744141
0 0.318750 0.767578 0.300000 0.767578 0.265625 0.748047 0.248438 0.726562 0.248438 0.703125 0.256250 0.693359 0.281250 0.693359 0.320312 0.738281 0.323437 0.761719 0.318750 0.767578
0 0.668750 0.154297 0.659375 0.154297 0.648438 0.140625 0.645312 0.113281 0.650000 0.107422 0.667188 0.117188 0.673438 0.140625 0.668750 0.154297
0 0.271875 0.337891 0.243750 0.333984 0.232813 0.320312 0.232813 0.277344 0.240625 0.267578 0.262500 0.267578 0.276562 0.285156 0.279687 0.320312 0.271875 0.337891
0 0.973437 0.996094 0.957812 0.976562 0.957812 0.953125 0.968750 0.931641 0.981250 0.931641 0.989062 0.945312 0.989062 0.996094
0 0.784375 0.548828 0.770312 0.535156 0.767188 0.523438 0.767188 0.484375 0.771875 0.478516 0.779687 0.484375 0.785937 0.507812 0.789062 0.542969 0.784375 0.548828
0 0.476562 0.996094 0.473438 0.976562 0.478125 0.970703 0.484375 0.970703 0.501563 0.996094
0 0.284375 0.263672 0.265625 0.259766 0.254688 0.238281 0.254688 0.214844 0.265625 0.197266 0.281250 0.197266 0.289062 0.210938 0.289062 0.257812 0.284375 0.263672
0 0.196875 0.248047 0.181250 0.248047 0.173437 0.230469 0.176563 0.207031 0.184375 0.193359 0.200000 0.193359 0.204687 0.199219 0.201563 0.242188 0.196875 0.248047
0 0.734375 0.255859 0.715625 0.255859 0.695312 0.214844 0.695312 0.203125 0.709375 0.185547 0.725000 0.185547 0.739062 0.210938 0.739062 0.250000 0.734375 0.255859
0 0.365625 0.869141 0.343750 0.869141 0.320312 0.847656 0.317188 0.800781 0.325000 0.783203 0.337500 0.783203 0.346875 0.794922 0.362500 0.798828 0.373437 0.812500 0.376563 0.855469 0.365625 0.869141
0 0.000000 0.916016 0.023438 0.929688 0.035937 0.960938 0.035937 0.996094
0 0.681250 0.638672 0.656250 0.638672 0.632812 0.617188 0.632812 0.582031 0.637500 0.576172 0.659375 0.564453 0.687500 0.564453 0.717187 0.589844 0.717187 0.625000 0.706250 0.634766 0.681250 0.638672
0 0.878125 0.787109 0.865625 0.787109 0.842187 0.761719 0.835938 0.742188 0.840625 0.724609 0.853125 0.728516 0.873437 0.750000 0.882812 0.773438 0.878125 0.787109
0 0.653125 0.697266 0.643750 0.697266 0.629687 0.675781 0.643750 0.669922 0.657813 0.687500 0.653125 0.697266
0 0.743750 0.341797 0.725000 0.341797 0.710938 0.328125 0.715625 0.302734 0.737500 0.302734 0.748437 0.316406 0.748437 0.335938 0.743750 0.341797
0 0.446875 0.814453 0.428125 0.810547 0.410938 0.789062 0.401562 0.753906 0.412500 0.736328 0.425000 0.740234 0.448437 0.773438 0.451562 0.808594 0.446875 0.814453
0 0.796875 0.876953 0.756250 0.876953 0.743750 0.873047 0.735938 0.863281 0.735938 0.855469 0.757812 0.835938 0.764062 0.820312 0.764062 0.796875 0.771875 0.787109 0.790625 0.791016 0.806250 0.814453 0.823438 0.824219 0.823438 0.851562 0.806250 0.873047 0.796875 0.876953
0 0.762500 0.111328 0.745313 0.078125 0.748437 0.042969 0.775000 0.005859 0.796875 0.005859 0.804688 0.015625 0.804688 0.058594 0.795312 0.082031 0.762500 0.111328
0 0.575000 0.251953 0.537500 0.248047 0.520312 0.222656 0.520312 0.191406 0.525000 0.185547 0.540625 0.185547 0.550000 0.193359 0.565625 0.193359 0.582812 0.222656 0.575000 0.251953
0 0.859375 0.728516 0.846875 0.728516 0.831250 0.716797 0.820312 0.695312 0.825000 0.689453 0.846875 0.689453 0.864062 0.714844 0.859375 0.728516
0 0.368750 0.947266 0.356250 0.947266 0.339062 0.925781 0.335938 0.902344 0.343750 0.892578 0.375000 0.892578 0.382812 0.902344 0.382812 0.914062 0.368750 0.947266
0 0.000000 0.041016 0.018750 0.048828 0.026562 0.058594 0.035937 0.085938 0.035937 0.109375 0.031250 0.115234 0.015625 0.115234 0.000000 0.099609
0 0.225000 0.564453 0.203125 0.564453 0.185938 0.546875 0.182812 0.511719 0.190625 0.501953 0.209375 0.501953 0.214062 0.507812 0.229687 0.550781 0.225000 0.564453
0 0.784375 0.646484 0.778125 0.646484 0.767188 0.632812 0.757812 0.609375 0.757812 0.589844 0.762500 0.583984 0.785937 0.617188 0.789062 0.640625 0.784375 0.646484
0 0.362500 0.576172 0.326562 0.558594 0.323437 0.531250 0.328125 0.525391 0.359375 0.525391 0.364063 0.531250 0.367188 0.570312 0.362500 0.576172
0 0.637500 0.474609 0.581250 0.470703 0.567187 0.457031 0.570312 0.425781 0.596875 0.408203 0.618750 0.408203 0.650000 0.419922 0.654687 0.425781 0.654687 0.457031 0.637500 0.474609
0 0.512500 0.966797 0.501563 0.957031 0.482812 0.921875 0.482812 0.902344 0.493750 0.888672 0.500000 0.888672 0.514062 0.906250 0.526563 0.945312 0.526563 0.953125 0.512500 0.966797
0 0.790625 0.248047 0.773438 0.238281 0.764062 0.207031 0.764062 0.171875 0.778125 0.146484 0.806250 0.158203 0.817187 0.175781 0.817187 0.203125 0.807813 0.230469 0.790625 0.248047
0 0.734375 0.556641 0.720313 0.550781 0.710938 0.515625 0.710938 0.503906 0.718750 0.494141 0.726562 0.500000 0.739062 0.531250 0.739062 0.550781 0.734375 0.556641
0 0.725000 0.123047 0.712500 0.119141 0.704688 0.105469 0.704688 0.089844 0.712500 0.080078 0.721875 0.080078 0.735938 0.097656 0.732812 0.113281 0.725000 0.123047
0 0.343750 0.443359 0.321875 0.443359 0.309375 0.435547 0.292187 0.414062 0.285938 0.390625 0.300000 0.373047 0.328125 0.373047 0.348438 0.398438 0.351562 0.410156 0.351562 0.433594 0.343750 0.443359
0 0.312500 0.353516 0.303125 0.353516 0.292187 0.339844 0.292187 0.324219 0.296875 0.318359 0.312500 0.318359 0.317188 0.324219 0.317188 0.347656 0.312500 0.353516
0 0.309375 0.646484 0.287500 0.634766 0.276562 0.621094 0.276562 0.589844 0.281250 0.583984 0.293750 0.587891 0.304688 0.601562 0.317188 0.632812 0.309375 0.646484
0 0.109375 0.162109 0.096875 0.162109 0.092188 0.156250 0.089063 0.128906 0.093750 0.123047 0.103125 0.123047 0.114062 0.136719 0.114062 0.156250 0.109375 0.162109
0 0.368750 0.634766 0.346875 0.630859 0.332813 0.613281 0.320312 0.574219 0.328125 0.560547 0.343750 0.564453 0.364063 0.585938 0.376563 0.613281 0.376563 0.625000 0.368750 0.634766
0 0.996875 0.662109 0.987500 0.662109 0.967187 0.640625 0.967187 0.617188 0.996875 0.591797
0 0.846875 0.408203 0.831250 0.408203 0.807813 0.375000 0.814063 0.320312 0.834375 0.298828 0.853125 0.306641 0.867188 0.335938 0.867188 0.382812 0.846875 0.408203
0 0.293750 0.134766 0.268750 0.134766 0.264062 0.128906 0.260937 0.101562 0.271875 0.083984 0.284375 0.083984 0.289062 0.089844 0.298438 0.113281 0.298438 0.128906 0.293750 0.134766
0 0.056250 0.259766 0.034375 0.259766 0.023438 0.250000 0.023438 0.222656 0.017188 0.210938 0.028125 0.197266 0.043750 0.197266 0.060937 0.222656 0.064062 0.250000 0.056250 0.259766
0 0.625000 0.103516 0.610938 0.093750 0.615625 0.080078 0.629687 0.085938 0.625000 0.103516
0 0.206250 0.333984 0.200000 0.333984 0.182812 0.304688 0.182812 0.273438 0.189062 0.253906 0.200000 0.244141 0.218750 0.248047 0.232813 0.265625 0.232813 0.289062 0.207813 0.308594 0.210938 0.328125 0.206250 0.333984
0 0.640625 0.162109 0.626563 0.152344 0.623437 0.132812 0.628125 0.126953 0.645312 0.148438 0.640625 0.162109
0 0.875000 0.630859 0.862500 0.630859 0.848437 0.617188 0.845313 0.593750 0.853125 0.583984 0.865625 0.583984 0.879687 0.593750 0.882812 0.621094 0.875000 0.630859
0 0.668750 0.556641 0.634375 0.556641 0.612500 0.544922 0.604688 0.527344 0.604688 0.507812 0.612500 0.498047 0.631250 0.498047 0.653125 0.513672 0.673438 0.535156 0.673438 0.550781 0.668750 0.556641
0 0.700000 0.166016 0.693750 0.166016 0.682813 0.152344 0.682813 0.128906 0.687500 0.123047 0.704688 0.148438 0.700000 0.166016
0 0.825000 0.517578 0.806250 0.517578 0.792188 0.500000 0.789062 0.484375 0.776563 0.468750 0.776563 0.453125 0.781250 0.447266 0.809375 0.458984 0.829688 0.484375 0.829688 0.511719 0.825000 0.517578
0 0.771875 0.755859 0.734375 0.755859 0.709375 0.740234 0.701562 0.730469 0.704688 0.699219 0.709375 0.693359 0.743750 0.693359 0.765625 0.705078 0.782813 0.734375 0.782813 0.742188 0.771875 0.755859
0 0.740625 0.853516 0.715625 0.853516 0.701562 0.839844 0.704688 0.792969 0.712500 0.783203 0.750000 0.783203 0.764062 0.796875 0.764062 0.820312 0.757812 0.835938 0.740625 0.853516
0 0.631250 0.353516 0.600000 0.349609 0.578125 0.330078 0.570312 0.320312 0.570312 0.292969 0.587500 0.279297 0.606250 0.279297 0.634375 0.294922 0.642188 0.304688 0.642188 0.343750 0.631250 0.353516
0 0.900000 0.501953 0.871875 0.498047 0.845313 0.480469 0.848437 0.429688 0.856250 0.408203 0.896875 0.408203 0.917188 0.429688 0.917188 0.472656 0.910937 0.492188 0.900000 0.501953
0 0.731250 0.423828 0.721875 0.423828 0.710938 0.410156 0.698438 0.375000 0.703125 0.365234 0.735938 0.398438 0.735938 0.417969 0.731250 0.423828
0 0.834375 0.587891 0.828125 0.587891 0.798438 0.554688 0.798438 0.523438 0.803125 0.517578 0.821875 0.517578 0.842187 0.539062 0.845313 0.574219 0.834375 0.587891
0 0.525000 0.169922 0.506250 0.158203 0.495312 0.136719 0.492188 0.109375 0.509375 0.091797 0.525000 0.091797 0.537500 0.099609 0.564063 0.140625 0.559375 0.158203 0.525000 0.169922
0 0.734375 0.689453 0.700000 0.689453 0.684375 0.681641 0.673438 0.664062 0.673438 0.640625 0.706250 0.634766 0.718750 0.623047 0.728125 0.623047 0.748437 0.648438 0.754687 0.671875 0.750000 0.685547 0.734375 0.689453
0 0.115625 0.298828 0.103125 0.294922 0.092188 0.281250 0.092188 0.265625 0.103125 0.251953 0.118750 0.251953 0.129688 0.261719 0.129688 0.277344 0.115625 0.298828
0 0.600000 0.228516 0.587500 0.228516 0.565625 0.193359 0.550000 0.193359 0.542188 0.187500 0.542188 0.179688 0.546875 0.173828 0.593750 0.177734 0.607812 0.195312 0.607812 0.218750 0.600000 0.228516
0 0.757812 0.996094 0.742188 0.972656 0.742188 0.929688 0.753125 0.919922 0.784375 0.923828 0.789062 0.929688 0.798438 0.957031 0.798438 0.980469 0.789062 0.996094
0 0.776563 0.000000 0.746875 0.044922 0.718750 0.044922 0.710938 0.015625 0.725000 0.001953 0.745313 0.000000
0 0.614062 0.000000 0.629687 0.027344 0.635938 0.054688 0.631250 0.064453 0.612500 0.064453 0.592187 0.031250 0.592187 0.015625 0.610938 0.000000
