0 0.173828 0.996094 0.181641 0.976562 0.199219 0.962891 0.216797 0.968750 0.224609 0.996094
0 0.867188 0.236328 0.843750 0.236328 0.833984 0.226562 0.833984 0.207031 0.855469 0.185547 0.882812 0.181641 0.896484 0.195312 0.896484 0.207031 0.867188 0.236328
0 0.187500 0.783203 0.173828 0.781250 0.173828 0.753906 0.181641 0.734375 0.195312 0.728516 0.208984 0.746094 0.208984 0.761719 0.187500 0.783203
0 0.062500 0.189453 0.046875 0.189453 0.037109 0.179688 0.037109 0.152344 0.054688 0.138672 0.062500 0.138672 0.076172 0.152344 0.076172 0.171875 0.062500 0.189453
0 0.679688 0.123047 0.664062 0.123047 0.654297 0.113281 0.654297 0.089844 0.675781 0.064453 0.695312 0.060547 0.708984 0.082031 0.701172 0.105469 0.679688 0.123047
0 0.199219 0.130859 0.187500 0.130859 0.162109 0.101562 0.162109 0.085938 0.179688 0.072266 0.195312 0.072266 0.212891 0.097656 0.212891 0.113281 0.199219 0.130859
0 0.523438 0.724609 0.500000 0.724609 0.482422 0.710938 0.474609 0.695312 0.474609 0.679688 0.480469 0.673828 0.507812 0.681641 0.529297 0.703125 0.529297 0.718750 0.523438 0.724609
0 0.648438 0.458984 0.632812 0.458984 0.611328 0.437500 0.611328 0.421875 0.625000 0.408203 0.644531 0.408203 0.658203 0.425781 0.662109 0.445312 0.648438 0.458984
0 0.121094 0.337891 0.093750 0.333984 0.083984 0.324219 0.083984 0.312500 0.113281 0.291016 0.136719 0.291016 0.146484 0.300781 0.146484 0.320312 0.121094 0.337891
0 0.558594 0.333984 0.537109 0.324219 0.537109 0.304688 0.558594 0.275391 0.574219 0.275391 0.580078 0.281250 0.580078 0.300781 0.558594 0.333984
0 0.996094 0.466797 0.988281 0.474609 0.972656 0.474609 0.962891 0.464844 0.962891 0.453125 0.962891 0.445312 0.976562 0.431641 0.996094 0.427734
0 0.585938 0.837891 0.574219 0.837891 0.548828 0.808594 0.548828 0.785156 0.554688 0.779297 0.562500 0.779297 0.591797 0.804688 0.595703 0.824219 0.585938 0.837891
0 0.042969 0.572266 0.031250 0.572266 0.013672 0.554688 0.013672 0.535156 0.027344 0.517578 0.035156 0.517578 0.056641 0.542969 0.056641 0.558594 0.042969 0.572266
0 0.671875 0.759766 0.648438 0.759766 0.630859 0.746094 0.626953 0.726562 0.640625 0.712891 0.664062 0.712891 0.681641 0.730469 0.681641 0.746094 0.671875 0.759766
0 0.382812 0.306641 0.359375 0.306641 0.353516 0.300781 0.353516 0.281250 0.378906 0.251953 0.406250 0.248047 0.416016 0.261719 0.412109 0.285156 0.382812 0.306641
0 0.451172 0.000000 0.470703 0.011719 0.470703 0.027344 0.460938 0.037109 0.445312 0.037109 0.427734 0.027344 0.423828 0.011719 0.435547 0.000000
0 0.421875 0.080078 0.414062 0.080078 0.400391 0.066406 0.400391 0.050781 0.417969 0.029297 0.433594 0.029297 0.447266 0.039062 0.447266 0.058594 0.437500 0.072266 0.421875 0.080078
0 0.496094 0.232422 0.484375 0.232422 0.474609 0.222656 0.474609 0.207031 0.503906 0.185547 0.513672 0.195312 0.513672 0.210938 0.496094 0.232422
0 0.054688 0.779297 0.037109 0.769531 0.033203 0.746094 0.054688 0.712891 0.070312 0.712891 0.080078 0.722656 0.080078 0.746094 0.054688 0.779297
0 0.394531 0.615234 0.378906 0.615234 0.373047 0.609375 0.376953 0.562500 0.386719 0.552734 0.398438 0.552734 0.408203 0.566406 0.408203 0.597656 0.394531 0.615234
0 0.097656 0.904297 0.085938 0.904297 0.072266 0.890625 0.076172 0.863281 0.097656 0.833984 0.117188 0.833984 0.126953 0.847656 0.126953 0.863281 0.097656 0.904297
0 0.828125 0.443359 0.812500 0.439453 0.802734 0.429688 0.802734 0.406250 0.824219 0.376953 0.839844 0.376953 0.853516 0.394531 0.853516 0.417969 0.828125 0.443359
0 0.152344 0.169922 0.144531 0.169922 0.126953 0.148438 0.126953 0.136719 0.136719 0.126953 0.152344 0.126953 0.162109 0.140625 0.162109 0.156250 0.152344 0.169922
0 0.800781 0.826172 0.777344 0.826172 0.763672 0.808594 0.759766 0.777344 0.773438 0.763672 0.792969 0.763672 0.810547 0.785156 0.810547 0.812500 0.800781 0.826172
0 0.300781 0.908203 0.281250 0.908203 0.271484 0.886719 0.285156 0.869141 0.308594 0.861328 0.318359 0.875000 0.318359 0.890625 0.300781 0.908203
0 0.105469 0.236328 0.089844 0.232422 0.080078 0.222656 0.080078 0.199219 0.105469 0.177734 0.132812 0.173828 0.138672 0.179688 0.134766 0.203125 0.126953 0.218750 0.105469 0.236328
0 0.832031 0.517578 0.812500 0.517578 0.798828 0.503906 0.798828 0.484375 0.812500 0.458984 0.828125 0.458984 0.841797 0.472656 0.845703 0.500000 0.832031 0.517578
0 0.148438 0.107422 0.125000 0.107422 0.119141 0.101562 0.119141 0.089844 0.144531 0.068359 0.162109 0.078125 0.162109 0.089844 0.148438 0.107422
0 0.917969 0.818359 0.902344 0.818359 0.880859 0.792969 0.880859 0.769531 0.894531 0.751953 0.917969 0.755859 0.931641 0.777344 0.935547 0.796875 0.917969 0.818359
0 0.953125 0.373047 0.937500 0.373047 0.931641 0.367188 0.931641 0.343750 0.945312 0.326172 0.968750 0.318359 0.978516 0.328125 0.978516 0.339844 0.966797 0.363281 0.953125 0.373047
0 0.660156 0.365234 0.640625 0.365234 0.626953 0.347656 0.626953 0.324219 0.636719 0.314453 0.664062 0.314453 0.677734 0.332031 0.677734 0.351562 0.660156 0.365234
0 0.445312 0.529297 0.421875 0.529297 0.412109 0.515625 0.412109 0.488281 0.421875 0.470703 0.433594 0.474609 0.447266 0.492188 0.451172 0.523438 0.445312 0.529297
0 0.164062 0.076172 0.138672 0.062500 0.134766 0.031250 0.140625 0.025391 0.156250 0.025391 0.169922 0.042969 0.169922 0.070312 0.164062 0.076172
0 0.250000 0.095703 0.234375 0.095703 0.224609 0.085938 0.224609 0.054688 0.230469 0.048828 0.246094 0.052734 0.259766 0.066406 0.259766 0.085938 0.250000 0.095703
0 0.105469 0.177734 0.089844 0.177734 0.080078 0.167969 0.083984 0.148438 0.093750 0.138672 0.105469 0.138672 0.119141 0.152344 0.115234 0.167969 0.105469 0.177734
0 0.757812 0.673828 0.742188 0.669922 0.720703 0.648438 0.720703 0.628906 0.726562 0.623047 0.746094 0.623047 0.763672 0.640625 0.767578 0.664062 0.757812 0.673828
0 0.105469 0.107422 0.085938 0.107422 0.076172 0.093750 0.076172 0.078125 0.089844 0.056641 0.105469 0.056641 0.119141 0.070312 0.119141 0.093750 0.105469 0.107422
0 0.429688 0.966797 0.406250 0.962891 0.392578 0.949219 0.388672 0.929688 0.398438 0.919922 0.417969 0.916016 0.427734 0.925781 0.435547 0.945312 0.435547 0.960938 0.429688 0.966797
0 0.218750 0.056641 0.195312 0.056641 0.185547 0.046875 0.185547 0.027344 0.195312 0.017578 0.226562 0.013672 0.236328 0.023438 0.236328 0.039062 0.218750 0.056641
0 0.250000 0.376953 0.238281 0.376953 0.228516 0.367188 0.228516 0.355469 0.246094 0.337891 0.269531 0.333984 0.275391 0.351562 0.250000 0.376953
0 0.000000 0.857422 0.009766 0.878906 0.000000 0.912109
0 0.179688 0.193359 0.158203 0.183594 0.154297 0.167969 0.162109 0.148438 0.175781 0.134766 0.199219 0.130859 0.208984 0.140625 0.208984 0.164062 0.197266 0.183594 0.179688 0.193359
