0 0.665625 0.568359 0.637500 0.568359 0.626563 0.554688 0.626563 0.531250 0.640625 0.505859 0.650000 0.505859 0.667188 0.523438 0.670312 0.562500 0.665625 0.568359
0 0.940625 0.705078 0.928125 0.685547 0.912500 0.677734 0.906250 0.677734 0.893750 0.701172 0.882812 0.687500 0.885938 0.656250 0.900000 0.646484 0.918750 0.662109 0.937500 0.662109 0.939063 0.671875 0.954688 0.691406 0.940625 0.705078
0 0.906250 0.349609 0.881250 0.349609 0.834375 0.333984 0.764062 0.261719 0.751563 0.246094 0.751563 0.230469 0.768750 0.228516 0.781250 0.236328 0.809375 0.267578 0.825000 0.271484 0.837500 0.287109 0.871875 0.302734 0.893750 0.322266 0.915625 0.322266 0.906250 0.349609
0 0.900000 0.626953 0.881250 0.623047 0.868750 0.611328 0.856250 0.611328 0.842187 0.597656 0.835938 0.562500 0.839063 0.542969 0.853125 0.521484 0.878125 0.521484 0.890625 0.533203 0.906250 0.533203 0.929688 0.554688 0.929688 0.570312 0.935937 0.582031 0.932813 0.613281 0.925000 0.623047 0.900000 0.626953
0 0.915625 0.509766 0.890625 0.501953 0.876563 0.480469 0.884375 0.458984 0.903125 0.458984 0.907813 0.445312 0.884375 0.427734 0.871875 0.431641 0.868750 0.412109 0.903125 0.412109 0.921875 0.423828 0.926562 0.437500 0.920312 0.453125 0.925000 0.458984 0.940625 0.458984 0.948438 0.468750 0.948438 0.484375 0.915625 0.509766
0 0.034375 0.169922 0.021875 0.169922 0.004687 0.152344 0.001563 0.132812 0.006250 0.126953 0.028125 0.107422 0.053125 0.111328 0.068750 0.103516 0.085938 0.113281 0.085938 0.140625 0.075000 0.162109 0.034375 0.169922
0 0.467187 0.000000 0.485938 0.046875 0.481250 0.064453 0.471875 0.064453 0.453125 0.041016 0.428125 0.029297 0.417187 0.015625 0.417187 0.000000
0 0.609375 0.302734 0.590625 0.302734 0.560937 0.269531 0.551562 0.246094 0.551562 0.195312 0.514062 0.167969 0.525000 0.123047 0.550000 0.111328 0.565625 0.111328 0.584375 0.119141 0.595313 0.132812 0.601562 0.156250 0.604688 0.222656 0.614062 0.265625 0.614062 0.296875 0.609375 0.302734
0 0.831250 0.400391 0.781250 0.396484 0.764062 0.363281 0.767188 0.332031 0.775000 0.322266 0.784375 0.322266 0.793750 0.306641 0.812500 0.310547 0.825000 0.322266 0.842187 0.347656 0.845313 0.375000 0.845313 0.386719 0.831250 0.400391
0 0.582812 0.000000 0.600000 0.044922 0.612500 0.052734 0.631250 0.052734 0.645312 0.070312 0.639062 0.089844 0.639062 0.113281 0.634375 0.119141 0.615625 0.095703 0.600000 0.091797 0.576562 0.062500 0.570312 0.042969 0.548438 0.019531 0.551562 0.000000
0 0.140625 0.193359 0.118750 0.185547 0.092188 0.160156 0.092188 0.132812 0.104688 0.097656 0.121875 0.076172 0.131250 0.072266 0.159375 0.076172 0.176563 0.093750 0.176563 0.164062 0.159375 0.185547 0.140625 0.193359
0 0.659375 0.275391 0.646875 0.275391 0.637500 0.267578 0.604688 0.214844 0.603125 0.166016 0.634375 0.166016 0.639062 0.171875 0.639062 0.214844 0.650000 0.228516 0.675000 0.224609 0.679688 0.230469 0.673438 0.261719 0.659375 0.275391
0 0.357812 0.000000 0.370312 0.046875 0.362500 0.064453 0.337500 0.056641 0.323437 0.039062 0.320312 0.000000
0 0.121875 0.341797 0.096875 0.337891 0.082812 0.320312 0.085938 0.289062 0.079687 0.281250 0.079687 0.230469 0.090625 0.208984 0.106250 0.208984 0.128125 0.220703 0.154688 0.253906 0.154688 0.277344 0.135937 0.308594 0.135937 0.324219 0.121875 0.341797
0 0.996875 0.794922 0.975000 0.783203 0.967187 0.769531 0.973437 0.761719 0.973437 0.718750 0.985938 0.691406 0.985938 0.679688 0.996875 0.673828
0 0.800000 0.478516 0.776563 0.464844 0.776563 0.453125 0.785937 0.445312 0.796875 0.419922 0.821875 0.416016 0.831250 0.423828 0.846875 0.423828 0.854688 0.433594 0.859375 0.466797 0.831250 0.466797 0.818750 0.458984 0.800000 0.478516
0 0.609375 0.482422 0.584375 0.478516 0.565625 0.462891 0.553125 0.462891 0.529687 0.437500 0.526563 0.406250 0.546875 0.376953 0.584375 0.384766 0.614062 0.425781 0.617188 0.472656 0.609375 0.482422
0 0.846875 0.759766 0.832812 0.753906 0.832812 0.734375 0.839063 0.714844 0.865625 0.689453 0.882812 0.707031 0.882812 0.726562 0.846875 0.759766
0 0.293750 0.115234 0.268750 0.115234 0.257812 0.105469 0.257812 0.089844 0.275000 0.068359 0.289062 0.074219 0.298438 0.097656 0.293750 0.115234
0 0.446875 0.115234 0.428125 0.111328 0.410938 0.089844 0.410938 0.070312 0.398438 0.054688 0.400000 0.041016 0.431250 0.029297 0.453125 0.041016 0.476562 0.066406 0.473438 0.093750 0.446875 0.115234
0 0.975000 0.716797 0.939063 0.671875 0.942187 0.644531 0.950000 0.630859 0.956250 0.630859 0.989062 0.671875 0.975000 0.716797
0 0.878125 0.478516 0.868750 0.478516 0.860938 0.468750 0.854688 0.433594 0.845313 0.414062 0.845313 0.398438 0.850000 0.392578 0.860938 0.398438 0.870313 0.421875 0.873437 0.445312 0.882812 0.460938 0.878125 0.478516
0 0.831250 0.736328 0.795312 0.699219 0.798438 0.664062 0.806250 0.654297 0.831250 0.677734 0.864062 0.691406 0.839063 0.714844 0.831250 0.736328
0 0.320312 0.000000 0.320312 0.031250 0.284375 0.064453 0.278125 0.064453 0.273438 0.054688 0.276562 0.007812 0.271875 0.001953 0.246875 0.033203 0.231250 0.033203 0.207813 0.011719 0.207813 0.000000
0 0.556250 0.314453 0.540625 0.310547 0.492188 0.269531 0.485938 0.242188 0.448437 0.183594 0.445312 0.152344 0.456250 0.134766 0.484375 0.126953 0.498437 0.144531 0.504687 0.187500 0.523438 0.242188 0.540625 0.251953 0.553125 0.248047 0.570312 0.281250 0.564063 0.304688 0.556250 0.314453
0 0.000000 0.306641 0.007812 0.312500 0.010937 0.332031 0.010937 0.347656 0.000000 0.357422
0 0.665625 0.228516 0.650000 0.228516 0.639062 0.214844 0.635938 0.183594 0.640625 0.169922 0.676562 0.191406 0.679688 0.218750 0.665625 0.228516
0 0.725000 0.486328 0.717187 0.484375 0.710938 0.468750 0.723437 0.457031 0.734375 0.435547 0.765625 0.439453 0.776563 0.453125 0.776563 0.472656 0.771875 0.478516 0.740625 0.470703 0.725000 0.486328
0 0.562500 0.583984 0.556250 0.583984 0.545312 0.570312 0.545312 0.558594 0.553125 0.548828 0.567187 0.554688 0.567187 0.578125 0.562500 0.583984
0 0.925000 0.744141 0.909375 0.744141 0.892188 0.726562 0.892188 0.707031 0.906250 0.677734 0.928125 0.685547 0.939063 0.699219 0.935937 0.738281 0.925000 0.744141
0 0.609375 0.416016 0.585938 0.386719 0.589063 0.371094 0.579688 0.347656 0.579688 0.320312 0.573438 0.312500 0.578125 0.306641 0.606250 0.326172 0.628125 0.322266 0.642188 0.339844 0.648438 0.363281 0.648438 0.398438 0.637500 0.408203 0.609375 0.416016
0 0.865625 0.689453 0.850000 0.689453 0.831250 0.677734 0.810937 0.660156 0.810937 0.648438 0.821875 0.634766 0.859375 0.642578 0.873437 0.660156 0.865625 0.689453
0 0.968750 0.767578 0.953125 0.763672 0.935937 0.738281 0.939063 0.707031 0.950000 0.697266 0.956250 0.697266 0.973437 0.718750 0.973437 0.761719 0.968750 0.767578
0 0.984375 0.416016 0.934375 0.388672 0.910937 0.359375 0.907813 0.339844 0.921875 0.318359 0.956250 0.318359 0.985938 0.343750 0.992188 0.359375 0.992188 0.406250 0.984375 0.416016
0 0.568750 0.541016 0.559375 0.529297 0.550000 0.537109 0.525000 0.529297 0.514062 0.515625 0.510938 0.500000 0.531250 0.474609 0.553125 0.470703 0.576562 0.523438 0.568750 0.541016
0 0.468750 0.607422 0.450000 0.607422 0.426563 0.585938 0.423438 0.566406 0.429688 0.550781 0.446875 0.529297 0.468750 0.525391 0.484375 0.525391 0.512500 0.537109 0.520312 0.546875 0.520312 0.558594 0.501563 0.570312 0.501563 0.585938 0.493750 0.595703 0.468750 0.607422
0 0.706250 0.568359 0.668750 0.568359 0.670312 0.535156 0.660937 0.515625 0.678125 0.517578 0.696875 0.505859 0.712500 0.505859 0.714063 0.492188 0.703125 0.482422 0.665625 0.486328 0.657813 0.468750 0.693750 0.435547 0.726562 0.433594 0.720313 0.414062 0.698438 0.390625 0.682813 0.363281 0.685937 0.335938 0.709375 0.306641 0.731250 0.318359 0.751563 0.343750 0.754687 0.367188 0.773438 0.398438 0.773438 0.410156 0.765625 0.419922 0.750000 0.423828 0.750000 0.435547 0.734375 0.435547 0.723437 0.457031 0.710938 0.468750 0.710938 0.476562 0.725000 0.486328 0.746875 0.470703 0.775000 0.478516 0.776563 0.484375 0.770312 0.507812 0.756250 0.525391 0.743750 0.537109 0.728125 0.533203 0.720313 0.554688 0.706250 0.568359
0 0.854688 0.996094 0.854688 0.894531 0.848437 0.875000 0.853125 0.861328 0.862500 0.861328 0.895312 0.902344 0.904687 0.925781 0.907813 0.964844 0.904687 0.980469 0.892188 0.996094
0 0.179688 0.000000 0.201563 0.035156 0.178125 0.064453 0.153125 0.060547 0.139063 0.042969 0.145313 0.027344 0.145313 0.007812 0.154688 0.000000
