0 0.728125 0.087891 0.709375 0.080078 0.698438 0.066406 0.689063 0.046875 0.696875 0.029297 0.721875 0.025391 0.739062 0.042969 0.742188 0.066406 0.728125 0.087891
0 0.490625 0.529297 0.478125 0.529297 0.473438 0.523438 0.473438 0.511719 0.481250 0.501953 0.493750 0.501953 0.498437 0.507812 0.498437 0.519531 0.490625 0.529297
0 0.700000 0.306641 0.678125 0.306641 0.650000 0.291016 0.639062 0.277344 0.635938 0.257812 0.646875 0.244141 0.659375 0.244141 0.687500 0.259766 0.710938 0.285156 0.710938 0.296875 0.700000 0.306641
0 0.146875 0.146484 0.125000 0.146484 0.109375 0.134766 0.090625 0.134766 0.085938 0.128906 0.090625 0.123047 0.121875 0.123047 0.131250 0.130859 0.146875 0.130859 0.151562 0.136719 0.146875 0.146484
0 0.153125 0.138672 0.146875 0.130859 0.131250 0.130859 0.118750 0.123047 0.101562 0.093750 0.112500 0.083984 0.159375 0.091797 0.173437 0.109375 0.173437 0.121094 0.153125 0.138672
0 0.368750 0.712891 0.359375 0.712891 0.345313 0.695312 0.348438 0.679688 0.362500 0.658203 0.390625 0.666016 0.398438 0.679688 0.398438 0.695312 0.393750 0.701172 0.368750 0.712891
0 0.918750 0.513672 0.890625 0.513672 0.882812 0.500000 0.912500 0.478516 0.937500 0.482422 0.945312 0.492188 0.940625 0.505859 0.918750 0.513672
0 0.939063 0.000000 0.931250 0.017578 0.906250 0.021484 0.850000 0.017578 0.840625 0.013672 0.835938 0.000000
0 0.528125 0.669922 0.506250 0.669922 0.498437 0.660156 0.498437 0.644531 0.503125 0.638672 0.528125 0.638672 0.532813 0.644531 0.532813 0.664062 0.528125 0.669922
0 0.956250 0.080078 0.937500 0.076172 0.928125 0.064453 0.915625 0.060547 0.892188 0.035156 0.892188 0.023438 0.906250 0.021484 0.931250 0.029297 0.943750 0.041016 0.956250 0.041016 0.967187 0.058594 0.967187 0.070312 0.956250 0.080078
0 0.612500 0.556641 0.584375 0.556641 0.567187 0.542969 0.560937 0.527344 0.568750 0.517578 0.587500 0.517578 0.617188 0.539062 0.612500 0.556641
0 0.215625 0.732422 0.190625 0.728516 0.165625 0.712891 0.148438 0.695312 0.148438 0.683594 0.168750 0.666016 0.184375 0.669922 0.223438 0.707031 0.223438 0.718750 0.215625 0.732422
0 0.512500 0.591797 0.478125 0.587891 0.457813 0.562500 0.460938 0.542969 0.471875 0.529297 0.493750 0.525391 0.517188 0.558594 0.517188 0.585938 0.512500 0.591797
0 0.425000 0.072266 0.381250 0.060547 0.370312 0.050781 0.370312 0.042969 0.384375 0.037109 0.425000 0.056641 0.429688 0.062500 0.425000 0.072266
0 0.271875 0.541016 0.254688 0.539062 0.254688 0.511719 0.262500 0.498047 0.287500 0.498047 0.289062 0.511719 0.279687 0.523438 0.279687 0.535156 0.271875 0.541016
0 0.603125 0.095703 0.590625 0.095703 0.550000 0.076172 0.518750 0.048828 0.510938 0.031250 0.521875 0.025391 0.600000 0.072266 0.607812 0.082031 0.603125 0.095703
0 0.471875 0.833984 0.456250 0.833984 0.421875 0.818359 0.417187 0.812500 0.417187 0.796875 0.421875 0.791016 0.490625 0.794922 0.526563 0.812500 0.521875 0.822266 0.512500 0.826172 0.471875 0.833984
0 0.996875 0.330078 0.982812 0.320312 0.982812 0.308594 0.996875 0.302734
0 0.637500 0.646484 0.612500 0.642578 0.600000 0.630859 0.585938 0.609375 0.589063 0.597656 0.618750 0.576172 0.631250 0.580078 0.648438 0.609375 0.648438 0.632812 0.637500 0.646484
0 0.376563 0.996094 0.381250 0.982422 0.400000 0.978516 0.425000 0.982422 0.435937 0.996094
0 0.337500 0.935547 0.315625 0.935547 0.304688 0.925781 0.304688 0.917969 0.312500 0.908203 0.353125 0.900391 0.373437 0.910156 0.362500 0.927734 0.337500 0.935547
0 0.409375 0.587891 0.381250 0.583984 0.379688 0.566406 0.387500 0.556641 0.406250 0.556641 0.410938 0.562500 0.409375 0.587891
