0 0.738889 0.193056 0.716667 0.193056 0.683333 0.176389 0.662500 0.158333 0.656944 0.144444 0.659722 0.100000 0.677778 0.076389 0.711111 0.054167 0.738889 0.048611 0.775000 0.051389 0.783333 0.054167 0.815278 0.083333 0.823611 0.102778 0.823611 0.141667 0.802778 0.168056 0.738889 0.193056
0 0.643056 0.000000 0.643056 0.025000 0.634722 0.044444 0.605556 0.068056 0.580556 0.079167 0.544444 0.076389 0.477778 0.059722 0.465278 0.041667 0.465278 0.008333 0.473611 0.000000
0 0.370833 0.997222 0.376389 0.963889 0.391667 0.945833 0.411111 0.934722 0.436111 0.934722 0.452778 0.929167 0.494444 0.929167 0.497222 0.934722 0.505556 0.934722 0.520833 0.950000 0.526389 0.963889 0.526389 0.997222
0 0.000000 0.690278 0.011111 0.676389 0.027778 0.668056 0.030556 0.662500 0.091667 0.637500 0.113889 0.637500 0.136111 0.645833 0.148611 0.658333 0.159722 0.688889 0.156944 0.719444 0.151389 0.722222 0.145833 0.741667 0.118056 0.775000 0.091667 0.798611 0.069444 0.809722 0.041667 0.806944 0.038889 0.801389 0.036111 0.804167 0.019444 0.798611 0.000000 0.779167
0 0.888889 0.934722 0.861111 0.934722 0.825000 0.923611 0.804167 0.897222 0.804167 0.861111 0.809722 0.844444 0.815278 0.833333 0.838889 0.815278 0.880556 0.815278 0.905556 0.834722 0.913889 0.834722 0.944444 0.848611 0.955556 0.848611 0.958333 0.837500 0.968056 0.838889 0.968056 0.855556 0.979167 0.866667 0.979167 0.886111 0.963889 0.898611 0.888889 0.934722
0 0.375000 0.254167 0.336111 0.251389 0.323611 0.241667 0.312500 0.225000 0.309722 0.194444 0.320833 0.172222 0.344444 0.145833 0.397222 0.109722 0.416667 0.101389 0.455556 0.104167 0.476389 0.122222 0.481944 0.136111 0.481944 0.155556 0.447222 0.201389 0.397222 0.243056 0.375000 0.254167
0 0.997222 0.795833 0.941667 0.759722 0.905556 0.751389 0.890278 0.733333 0.890278 0.708333 0.900000 0.693056 0.908333 0.693056 0.930556 0.679167 0.947222 0.679167 0.961111 0.673611 0.997222 0.673611
0 0.729167 0.997222 0.720833 0.986111 0.720833 0.958333 0.750000 0.937500 0.775000 0.931944 0.805556 0.940278 0.831944 0.966667 0.840278 0.997222
0 0.422222 0.723611 0.394444 0.723611 0.369444 0.709722 0.334722 0.675000 0.334722 0.658333 0.352778 0.656944 0.366667 0.670833 0.422222 0.698611 0.431944 0.713889 0.431944 0.719444 0.422222 0.723611
0 0.558333 0.881944 0.516667 0.876389 0.497222 0.865278 0.488889 0.854167 0.438889 0.837500 0.423611 0.827778 0.415278 0.813889 0.415278 0.777778 0.418056 0.755556 0.431944 0.738889 0.433333 0.729167 0.438889 0.731944 0.450000 0.720833 0.472222 0.709722 0.488889 0.709722 0.497222 0.712500 0.526389 0.738889 0.537500 0.769444 0.568056 0.794444 0.590278 0.825000 0.590278 0.852778 0.569444 0.876389 0.558333 0.881944
0 0.572222 0.584722 0.552778 0.584722 0.523611 0.552778 0.523611 0.483333 0.540278 0.438889 0.577778 0.406944 0.600000 0.406944 0.633333 0.423611 0.651389 0.441667 0.654167 0.486111 0.637500 0.516667 0.637500 0.525000 0.623611 0.544444 0.605556 0.565278 0.572222 0.584722
0 0.000000 0.923611 0.030556 0.893056 0.044444 0.884722 0.080556 0.876389 0.102778 0.879167 0.144444 0.901389 0.162500 0.927778 0.159722 0.933333 0.168056 0.944444 0.170833 0.966667 0.163889 0.976389 0.134722 0.997222
0 0.377778 0.820833 0.341667 0.818056 0.312500 0.794444 0.312500 0.763889 0.301389 0.738889 0.298611 0.697222 0.327778 0.656944 0.334722 0.658333 0.334722 0.675000 0.375000 0.715278 0.391667 0.723611 0.430556 0.723611 0.431944 0.713889 0.440278 0.713889 0.440278 0.730556 0.433333 0.729167 0.415278 0.755556 0.415278 0.772222 0.409722 0.786111 0.398611 0.802778 0.377778 0.820833
0 0.497222 0.559722 0.479167 0.555556 0.477778 0.537500 0.497222 0.537500 0.501389 0.541667 0.501389 0.555556 0.497222 0.559722
0 0.786111 0.434722 0.744444 0.431944 0.725000 0.420833 0.701389 0.394444 0.687500 0.347222 0.687500 0.319444 0.711111 0.295833 0.727778 0.290278 0.758333 0.290278 0.797222 0.301389 0.811111 0.298611 0.838889 0.309722 0.856944 0.330556 0.859722 0.352778 0.843056 0.400000 0.827778 0.415278 0.786111 0.434722
0 0.058333 0.851389 0.045833 0.850000 0.047222 0.831944 0.061111 0.831944 0.065278 0.836111 0.065278 0.844444 0.058333 0.851389
0 0.411111 0.431944 0.383333 0.429167 0.361111 0.418056 0.331944 0.386111 0.329167 0.369444 0.334722 0.355556 0.344444 0.345833 0.355556 0.343056 0.380556 0.326389 0.419444 0.279167 0.441667 0.276389 0.455556 0.281944 0.466667 0.293056 0.477778 0.295833 0.504167 0.319444 0.509722 0.327778 0.509722 0.347222 0.487500 0.386111 0.472222 0.401389 0.450000 0.412500 0.419444 0.418056 0.418056 0.427778 0.411111 0.431944
0 0.686111 0.595833 0.647222 0.584722 0.631944 0.563889 0.631944 0.538889 0.637500 0.516667 0.661111 0.484722 0.711111 0.456944 0.725000 0.456944 0.761111 0.445833 0.791667 0.451389 0.829167 0.477778 0.837500 0.494444 0.837500 0.538889 0.825000 0.551389 0.788889 0.568056 0.772222 0.568056 0.725000 0.581944 0.711111 0.593056 0.686111 0.595833
