0 0.750000 0.791016 0.732422 0.789062 0.732422 0.773438 0.738281 0.767578 0.755859 0.773438 0.750000 0.791016
0 0.152344 0.865234 0.136719 0.865234 0.103516 0.832031 0.103516 0.824219 0.121094 0.818359 0.160156 0.837891 0.162109 0.851562 0.152344 0.865234
0 0.539062 0.853516 0.527344 0.853516 0.509766 0.839844 0.505859 0.820312 0.511719 0.814453 0.527344 0.814453 0.537109 0.824219 0.544922 0.839844 0.539062 0.853516
0 0.160156 0.681641 0.136719 0.677734 0.123047 0.664062 0.123047 0.652344 0.132812 0.642578 0.156250 0.642578 0.177734 0.660156 0.177734 0.667969 0.160156 0.681641
0 0.949219 0.392578 0.933594 0.388672 0.919922 0.375000 0.916016 0.359375 0.921875 0.353516 0.937500 0.353516 0.955078 0.371094 0.955078 0.386719 0.949219 0.392578
0 0.996094 0.798828 0.982422 0.789062 0.974609 0.761719 0.978516 0.746094 0.996094 0.732422
0 0.890625 0.080078 0.871094 0.080078 0.861328 0.066406 0.890625 0.048828 0.910156 0.048828 0.916016 0.066406 0.890625 0.080078
0 0.148438 0.763672 0.130859 0.753906 0.130859 0.730469 0.140625 0.720703 0.154297 0.734375 0.154297 0.757812 0.148438 0.763672
0 0.472656 0.744141 0.449219 0.740234 0.443359 0.718750 0.460938 0.701172 0.484375 0.693359 0.494141 0.703125 0.498047 0.718750 0.472656 0.744141
0 0.191406 0.423828 0.169922 0.410156 0.169922 0.394531 0.175781 0.388672 0.187500 0.388672 0.201172 0.402344 0.201172 0.414062 0.191406 0.423828
0 0.890625 0.482422 0.867188 0.474609 0.857422 0.464844 0.857422 0.445312 0.867188 0.435547 0.886719 0.435547 0.900391 0.453125 0.904297 0.472656 0.890625 0.482422
0 0.542969 0.880859 0.515625 0.880859 0.498047 0.863281 0.501953 0.847656 0.511719 0.841797 0.546875 0.861328 0.548828 0.875000 0.542969 0.880859
0 0.039062 0.494141 0.015625 0.490234 0.009766 0.472656 0.015625 0.466797 0.042969 0.466797 0.052734 0.480469 0.039062 0.494141
0 0.804688 0.662109 0.789062 0.662109 0.783203 0.656250 0.783203 0.628906 0.796875 0.619141 0.824219 0.619141 0.833984 0.632812 0.833984 0.648438 0.804688 0.662109
0 0.441406 0.720703 0.419922 0.710938 0.419922 0.691406 0.445312 0.673828 0.464844 0.673828 0.470703 0.679688 0.470703 0.699219 0.460938 0.701172 0.441406 0.720703
0 0.660156 0.986328 0.640625 0.986328 0.630859 0.976562 0.630859 0.964844 0.640625 0.955078 0.660156 0.955078 0.669922 0.964844 0.673828 0.976562 0.660156 0.986328
0 0.742188 0.095703 0.726562 0.095703 0.708984 0.082031 0.701172 0.062500 0.710938 0.052734 0.726562 0.052734 0.744141 0.062500 0.748047 0.089844 0.742188 0.095703
0 0.875000 0.294922 0.845703 0.273438 0.851562 0.255859 0.859375 0.255859 0.880859 0.277344 0.875000 0.294922
