0 0.128906 0.849609 0.107422 0.835938 0.103516 0.804688 0.125000 0.775391 0.144531 0.771484 0.162109 0.785156 0.169922 0.820312 0.152344 0.845703 0.128906 0.849609
0 0.363281 0.470703 0.335938 0.462891 0.318359 0.445312 0.314453 0.429688 0.326172 0.394531 0.347656 0.384766 0.378906 0.388672 0.394531 0.396484 0.408203 0.414062 0.404297 0.441406 0.382812 0.462891 0.363281 0.470703
0 0.996094 0.740234 0.980469 0.751953 0.949219 0.751953 0.931641 0.722656 0.931641 0.679688 0.945312 0.666016 0.953125 0.666016 0.953125 0.658203 0.980469 0.662109 0.996094 0.673828
0 0.667969 0.986328 0.648438 0.986328 0.613281 0.974609 0.597656 0.966797 0.568359 0.937500 0.564453 0.921875 0.576172 0.894531 0.568359 0.878906 0.568359 0.859375 0.589844 0.841797 0.605469 0.841797 0.611328 0.847656 0.621094 0.884766 0.685547 0.921875 0.701172 0.964844 0.691406 0.978516 0.667969 0.986328
0 0.121094 0.509766 0.082031 0.505859 0.056641 0.472656 0.056641 0.437500 0.064453 0.421875 0.085938 0.404297 0.117188 0.404297 0.136719 0.416016 0.154297 0.437500 0.154297 0.468750 0.121094 0.509766
0 0.890625 0.771484 0.855469 0.767578 0.845703 0.757812 0.845703 0.742188 0.830078 0.718750 0.830078 0.675781 0.843750 0.662109 0.890625 0.666016 0.916016 0.699219 0.919922 0.746094 0.902344 0.767578 0.890625 0.771484
0 0.886719 0.775391 0.835938 0.775391 0.841797 0.765625 0.837891 0.738281 0.845703 0.742188 0.845703 0.757812 0.855469 0.767578 0.886719 0.775391
0 0.589844 0.720703 0.574219 0.712891 0.566406 0.697266 0.548828 0.695312 0.566406 0.669922 0.589844 0.669922 0.603516 0.683594 0.603516 0.703125 0.589844 0.720703
0 0.394531 0.794922 0.326172 0.792969 0.322266 0.785156 0.330078 0.773438 0.330078 0.753906 0.351562 0.716797 0.386719 0.720703 0.400391 0.734375 0.408203 0.761719 0.394531 0.794922
0 0.191406 0.697266 0.171875 0.697266 0.154297 0.683594 0.150391 0.660156 0.160156 0.646484 0.187500 0.642578 0.205078 0.656250 0.208984 0.683594 0.191406 0.697266
0 0.582031 0.736328 0.564453 0.730469 0.574219 0.712891 0.587891 0.718750 0.582031 0.736328
0 0.062500 0.763672 0.039062 0.763672 0.021484 0.750000 0.013672 0.726562 0.023438 0.705078 0.039062 0.697266 0.058594 0.697266 0.083984 0.714844 0.087891 0.734375 0.076172 0.753906 0.062500 0.763672
0 0.246094 0.611328 0.214844 0.607422 0.201172 0.593750 0.189453 0.550781 0.197266 0.531250 0.210938 0.517578 0.234375 0.505859 0.265625 0.505859 0.287109 0.527344 0.287109 0.570312 0.279297 0.589844 0.246094 0.611328
0 0.304688 0.771484 0.277344 0.771484 0.248047 0.753906 0.248047 0.703125 0.257812 0.693359 0.296875 0.685547 0.326172 0.710938 0.326172 0.738281 0.318359 0.757812 0.304688 0.771484
0 0.000000 0.076172 0.015625 0.068359 0.046875 0.068359 0.064453 0.082031 0.072266 0.097656 0.068359 0.125000 0.039062 0.146484 0.023438 0.146484 0.000000 0.126953
0 0.148438 0.197266 0.128906 0.193359 0.115234 0.179688 0.107422 0.160156 0.107422 0.136719 0.128906 0.111328 0.164062 0.107422 0.185547 0.125000 0.189453 0.152344 0.177734 0.179688 0.148438 0.197266
0 0.449219 0.669922 0.421875 0.669922 0.396484 0.652344 0.353516 0.601562 0.369141 0.593750 0.369141 0.570312 0.359375 0.564453 0.390625 0.548828 0.414062 0.548828 0.464844 0.568359 0.494141 0.589844 0.501953 0.605469 0.494141 0.640625 0.476562 0.658203 0.449219 0.669922
0 0.566406 0.720703 0.544922 0.710938 0.550781 0.697266 0.566406 0.697266 0.572266 0.703125 0.566406 0.720703
0 0.250000 0.837891 0.226562 0.830078 0.208984 0.804688 0.212891 0.789062 0.234375 0.775391 0.253906 0.775391 0.269531 0.783203 0.279297 0.796875 0.275391 0.824219 0.250000 0.837891
0 0.382812 0.951172 0.367188 0.951172 0.357422 0.921875 0.326172 0.906250 0.326172 0.894531 0.343750 0.876953 0.363281 0.869141 0.402344 0.880859 0.412109 0.894531 0.412109 0.929688 0.382812 0.951172
0 0.542969 0.822266 0.503906 0.818359 0.486328 0.804688 0.478516 0.789062 0.482422 0.761719 0.496094 0.748047 0.523438 0.736328 0.558594 0.736328 0.580078 0.765625 0.572266 0.804688 0.542969 0.822266
0 0.921875 0.650391 0.816406 0.650391 0.783203 0.628906 0.808594 0.623047 0.833984 0.585938 0.837891 0.554688 0.832031 0.541016 0.863281 0.541016 0.916016 0.582031 0.908203 0.589844 0.908203 0.632812 0.921875 0.650391
0 0.234375 0.330078 0.199219 0.326172 0.173828 0.296875 0.173828 0.265625 0.203125 0.236328 0.242188 0.240234 0.255859 0.250000 0.267578 0.269531 0.271484 0.289062 0.263672 0.308594 0.234375 0.330078
0 0.115234 0.996094 0.123047 0.976562 0.144531 0.958984 0.164062 0.958984 0.179688 0.966797 0.193359 0.980469 0.197266 0.996094
0 0.968750 0.564453 0.921875 0.564453 0.892578 0.542969 0.884766 0.527344 0.884766 0.500000 0.894531 0.482422 0.929688 0.478516 0.957031 0.486328 0.974609 0.500000 0.986328 0.515625 0.986328 0.542969 0.968750 0.564453
0 0.859375 0.478516 0.820312 0.470703 0.798828 0.441406 0.802734 0.398438 0.824219 0.376953 0.878906 0.373047 0.890625 0.376953 0.912109 0.398438 0.916016 0.437500 0.908203 0.453125 0.890625 0.470703 0.859375 0.478516
0 0.777344 0.884766 0.730469 0.880859 0.705078 0.855469 0.705078 0.816406 0.738281 0.783203 0.765625 0.783203 0.781250 0.791016 0.802734 0.816406 0.802734 0.859375 0.777344 0.884766
0 0.117188 0.669922 0.097656 0.669922 0.082031 0.662109 0.068359 0.640625 0.068359 0.613281 0.089844 0.595703 0.117188 0.599609 0.138672 0.625000 0.138672 0.652344 0.117188 0.669922
0 0.792969 0.626953 0.781250 0.626953 0.759766 0.609375 0.759766 0.570312 0.796875 0.541016 0.828125 0.541016 0.837891 0.554688 0.833984 0.585938 0.814453 0.617188 0.792969 0.626953
0 0.312500 0.681641 0.292969 0.681641 0.271484 0.660156 0.267578 0.648438 0.275391 0.628906 0.296875 0.607422 0.320312 0.607422 0.337891 0.628906 0.337891 0.656250 0.312500 0.681641
0 0.371094 0.861328 0.355469 0.861328 0.326172 0.843750 0.326172 0.816406 0.335938 0.806641 0.390625 0.806641 0.396484 0.812500 0.396484 0.839844 0.382812 0.857422 0.371094 0.861328
0 0.000000 0.623047 0.015625 0.619141 0.041016 0.636719 0.041016 0.652344 0.033203 0.664062 0.023438 0.673828 0.000000 0.677734
0 0.000000 0.525391 0.019531 0.521484 0.044922 0.539062 0.041016 0.574219 0.019531 0.591797 0.000000 0.591797
0 0.550781 0.576172 0.531250 0.576172 0.513672 0.554688 0.527344 0.521484 0.550781 0.521484 0.564453 0.539062 0.564453 0.562500 0.550781 0.576172
0 0.363281 0.599609 0.337891 0.589844 0.337891 0.574219 0.343750 0.568359 0.369141 0.570312 0.369141 0.593750 0.363281 0.599609
0 0.996094 0.310547 0.962891 0.281250 0.951172 0.261719 0.951172 0.238281 0.958984 0.226562 0.976562 0.216797 0.996094 0.216797
0 0.824219 0.779297 0.812500 0.779297 0.794922 0.761719 0.794922 0.726562 0.800781 0.720703 0.816406 0.720703 0.837891 0.738281 0.841797 0.765625 0.824219 0.779297
0 0.171875 0.931641 0.148438 0.931641 0.126953 0.917969 0.123047 0.875000 0.136719 0.861328 0.164062 0.861328 0.189453 0.882812 0.189453 0.894531 0.171875 0.931641
0 0.953125 0.646484 0.921875 0.646484 0.908203 0.632812 0.908203 0.589844 0.914062 0.583984 0.945312 0.580078 0.958984 0.589844 0.962891 0.636719 0.953125 0.646484
0 0.000000 0.791016 0.011719 0.794922 0.033203 0.820312 0.033203 0.847656 0.019531 0.861328 0.000000 0.869141
0 0.250000 0.486328 0.214844 0.482422 0.193359 0.464844 0.185547 0.449219 0.185547 0.417969 0.218750 0.392578 0.246094 0.392578 0.265625 0.400391 0.283203 0.425781 0.279297 0.460938 0.250000 0.486328
0 0.000000 0.220703 0.027344 0.220703 0.048828 0.242188 0.044922 0.273438 0.023438 0.291016 0.000000 0.291016
0 0.718750 0.775391 0.683594 0.767578 0.666016 0.750000 0.658203 0.730469 0.666016 0.699219 0.679688 0.685547 0.699219 0.677734 0.730469 0.685547 0.755859 0.718750 0.755859 0.738281 0.748047 0.753906 0.718750 0.775391
0 0.332031 0.982422 0.296875 0.974609 0.275391 0.953125 0.271484 0.937500 0.289062 0.908203 0.316406 0.896484 0.328125 0.884766 0.333984 0.886719 0.326172 0.894531 0.326172 0.906250 0.351562 0.916016 0.361328 0.929688 0.361328 0.945312 0.373047 0.953125 0.332031 0.982422
