0 0.484375 0.396484 0.446875 0.396484 0.437500 0.380859 0.415625 0.373047 0.414062 0.363281 0.453125 0.330078 0.493750 0.326172 0.514062 0.347656 0.514062 0.375000 0.503125 0.388672 0.484375 0.396484
0 0.506250 0.923828 0.484375 0.923828 0.459375 0.912109 0.443750 0.912109 0.414062 0.882812 0.392188 0.835938 0.395313 0.777344 0.403125 0.767578 0.437500 0.771484 0.473438 0.816406 0.517188 0.894531 0.517188 0.910156 0.506250 0.923828
0 0.093750 0.537109 0.075000 0.537109 0.065625 0.533203 0.060937 0.523438 0.064062 0.488281 0.075000 0.466797 0.087500 0.470703 0.095312 0.480469 0.107813 0.511719 0.107813 0.531250 0.093750 0.537109
0 0.615625 0.892578 0.587500 0.888672 0.576562 0.867188 0.573438 0.843750 0.573438 0.761719 0.582812 0.738281 0.596875 0.720703 0.609375 0.720703 0.620313 0.738281 0.620313 0.816406 0.628125 0.826172 0.645312 0.832031 0.645312 0.851562 0.639062 0.867188 0.625000 0.888672 0.615625 0.892578
0 0.915625 0.302734 0.900000 0.291016 0.875000 0.287109 0.853125 0.271484 0.810937 0.210938 0.810937 0.187500 0.831250 0.185547 0.846875 0.193359 0.865625 0.212891 0.906250 0.236328 0.926562 0.269531 0.926562 0.292969 0.915625 0.302734
0 0.362500 0.169922 0.343750 0.169922 0.300000 0.146484 0.285938 0.125000 0.289062 0.101562 0.306250 0.087891 0.331250 0.083984 0.381250 0.107422 0.392188 0.121094 0.392188 0.148438 0.378125 0.166016 0.371875 0.162109 0.362500 0.169922
0 0.223438 0.000000 0.223438 0.011719 0.215625 0.013672 0.187500 0.044922 0.176563 0.039062 0.176563 0.000000
0 0.740625 0.509766 0.710938 0.507812 0.710938 0.500000 0.735938 0.476562 0.734375 0.435547 0.753125 0.439453 0.770312 0.460938 0.767188 0.488281 0.756250 0.501953 0.740625 0.509766
0 0.834375 0.802734 0.784375 0.802734 0.770312 0.777344 0.770312 0.761719 0.837500 0.732422 0.850000 0.732422 0.860938 0.792969 0.834375 0.802734
0 0.110937 0.000000 0.109375 0.005859 0.071875 0.005859 0.070312 0.000000
0 0.956250 0.740234 0.950000 0.740234 0.931250 0.720703 0.923438 0.703125 0.923438 0.660156 0.929688 0.640625 0.943750 0.623047 0.965625 0.623047 0.978125 0.630859 0.992188 0.652344 0.992188 0.660156 0.975000 0.673828 0.960938 0.699219 0.956250 0.740234
0 0.843750 0.951172 0.835938 0.949219 0.840625 0.935547 0.859375 0.927734 0.903125 0.880859 0.934375 0.876953 0.948438 0.886719 0.948438 0.921875 0.931250 0.943359 0.868750 0.939453 0.843750 0.951172
0 0.493750 0.279297 0.475000 0.279297 0.445312 0.250000 0.448437 0.207031 0.442188 0.183594 0.453125 0.166016 0.471875 0.166016 0.487500 0.177734 0.510938 0.218750 0.514062 0.257812 0.493750 0.279297
0 0.743750 0.197266 0.729688 0.191406 0.729688 0.164062 0.740625 0.130859 0.751563 0.136719 0.751563 0.183594 0.743750 0.197266
0 0.253125 0.705078 0.237500 0.705078 0.220312 0.687500 0.220312 0.652344 0.228125 0.638672 0.253125 0.646484 0.267188 0.660156 0.270313 0.691406 0.253125 0.705078
0 0.793750 0.732422 0.765625 0.728516 0.757812 0.710938 0.757812 0.675781 0.771875 0.654297 0.779687 0.656250 0.773438 0.695312 0.795312 0.722656 0.793750 0.732422
0 0.203125 0.318359 0.201563 0.308594 0.182812 0.289062 0.182812 0.253906 0.200000 0.232422 0.250000 0.232422 0.267188 0.250000 0.270313 0.269531 0.253125 0.294922 0.234375 0.310547 0.212500 0.310547 0.203125 0.318359
0 0.300000 0.326172 0.259375 0.318359 0.248438 0.304688 0.248438 0.296875 0.271875 0.271484 0.318750 0.275391 0.329688 0.289062 0.329688 0.296875 0.312500 0.306641 0.300000 0.326172
0 0.096875 0.794922 0.084375 0.794922 0.043750 0.763672 0.014063 0.703125 0.015625 0.669922 0.035937 0.679688 0.032813 0.640625 0.037500 0.630859 0.050000 0.630859 0.078125 0.654297 0.123438 0.718750 0.123438 0.757812 0.114062 0.777344 0.096875 0.794922
0 0.343750 0.361328 0.298438 0.355469 0.298438 0.332031 0.312500 0.306641 0.340625 0.302734 0.364063 0.324219 0.364063 0.347656 0.343750 0.361328
0 0.428125 0.517578 0.387500 0.517578 0.375000 0.509766 0.360938 0.484375 0.360938 0.449219 0.381250 0.431641 0.428125 0.427734 0.453125 0.431641 0.485938 0.457031 0.485938 0.484375 0.478125 0.498047 0.462500 0.509766 0.443750 0.509766 0.428125 0.517578
0 0.000000 0.958984 0.028125 0.935547 0.082812 0.937500 0.082812 0.953125 0.071875 0.966797 0.046875 0.982422 0.004687 0.996094
0 0.331250 0.720703 0.306250 0.720703 0.298438 0.714844 0.295312 0.699219 0.303125 0.689453 0.343750 0.681641 0.348438 0.703125 0.331250 0.720703
0 0.418750 0.599609 0.396875 0.595703 0.390625 0.583984 0.387500 0.587891 0.351562 0.582031 0.393750 0.580078 0.407813 0.558594 0.401562 0.535156 0.406250 0.517578 0.453125 0.509766 0.457813 0.519531 0.457813 0.562500 0.437500 0.591797 0.418750 0.599609
0 0.568750 0.662109 0.553125 0.658203 0.529687 0.628906 0.517188 0.601562 0.520312 0.550781 0.531250 0.537109 0.546875 0.529297 0.568750 0.529297 0.593750 0.560547 0.598437 0.542969 0.601562 0.582031 0.595313 0.613281 0.579688 0.652344 0.568750 0.662109
0 0.878125 0.361328 0.846875 0.361328 0.825000 0.349609 0.782813 0.300781 0.767188 0.257812 0.767188 0.218750 0.775000 0.201172 0.809375 0.201172 0.820312 0.226562 0.853125 0.271484 0.885938 0.292969 0.895312 0.316406 0.895312 0.339844 0.878125 0.361328
0 0.700000 0.837891 0.671875 0.837891 0.628125 0.826172 0.617188 0.808594 0.620313 0.765625 0.631250 0.751953 0.662500 0.751953 0.681250 0.763672 0.728125 0.775391 0.754687 0.792969 0.754687 0.804688 0.746875 0.814453 0.725000 0.830078 0.700000 0.837891
0 0.287500 0.650391 0.265625 0.650391 0.245312 0.632812 0.242188 0.597656 0.250000 0.587891 0.271875 0.572266 0.303125 0.572266 0.334375 0.580078 0.348438 0.589844 0.351562 0.617188 0.343750 0.626953 0.287500 0.650391
0 0.412500 0.880859 0.403125 0.880859 0.373437 0.847656 0.370312 0.816406 0.384375 0.779297 0.395313 0.781250 0.389062 0.804688 0.392188 0.835938 0.412500 0.880859
0 0.350000 0.310547 0.340625 0.302734 0.323437 0.300781 0.329688 0.296875 0.329688 0.289062 0.317188 0.273438 0.317188 0.257812 0.310937 0.253906 0.320312 0.246094 0.321875 0.216797 0.350000 0.216797 0.356250 0.224609 0.371875 0.224609 0.392188 0.246094 0.392188 0.285156 0.371875 0.298828 0.359375 0.298828 0.350000 0.310547
0 0.840625 0.412109 0.831250 0.412109 0.818750 0.396484 0.793750 0.380859 0.776563 0.378906 0.789062 0.375000 0.782813 0.363281 0.779687 0.335938 0.787500 0.314453 0.793750 0.314453 0.825000 0.349609 0.846875 0.361328 0.878125 0.361328 0.892188 0.347656 0.896875 0.326172 0.928125 0.349609 0.939063 0.371094 0.937500 0.392578 0.903125 0.376953 0.890625 0.376953 0.859375 0.388672 0.840625 0.412109
0 0.412500 0.341797 0.396875 0.341797 0.373437 0.320312 0.379688 0.296875 0.434375 0.267578 0.459375 0.271484 0.467187 0.281250 0.464062 0.304688 0.446875 0.322266 0.412500 0.341797
0 0.329688 0.000000 0.335938 0.011719 0.335938 0.035156 0.321875 0.060547 0.290625 0.080078 0.262500 0.080078 0.245312 0.062500 0.245312 0.035156 0.235937 0.023438 0.284375 0.009766 0.285938 0.000000
0 0.368750 0.802734 0.356250 0.798828 0.342187 0.773438 0.342187 0.742188 0.362500 0.708984 0.371875 0.708984 0.392188 0.730469 0.389062 0.761719 0.368750 0.802734
0 0.315625 0.791016 0.303125 0.791016 0.298438 0.773438 0.282813 0.757812 0.281250 0.724609 0.300000 0.724609 0.323437 0.761719 0.326562 0.777344 0.315625 0.791016
0 0.628125 0.041016 0.606250 0.041016 0.598437 0.011719 0.628125 0.009766 0.632812 0.015625 0.628125 0.041016
0 0.393750 0.580078 0.306250 0.576172 0.289062 0.566406 0.285938 0.542969 0.296875 0.529297 0.315625 0.525391 0.390625 0.525391 0.400000 0.529297 0.407813 0.546875 0.404687 0.566406 0.393750 0.580078
0 0.560937 0.000000 0.579688 0.011719 0.579688 0.035156 0.575000 0.041016 0.562500 0.041016 0.534375 0.025391 0.529687 0.019531 0.529687 0.000000
0 0.718750 0.623047 0.706250 0.623047 0.698438 0.613281 0.698438 0.546875 0.704688 0.527344 0.737500 0.517578 0.759375 0.517578 0.771875 0.525391 0.771875 0.541016 0.756250 0.544922 0.729688 0.566406 0.723437 0.578125 0.723437 0.601562 0.732812 0.609375 0.732812 0.617188 0.718750 0.623047
0 0.759375 0.388672 0.745313 0.355469 0.745313 0.324219 0.739062 0.316406 0.759375 0.302734 0.773438 0.316406 0.782813 0.339844 0.785937 0.367188 0.784375 0.376953 0.759375 0.388672
0 0.837500 0.939453 0.803125 0.939453 0.795312 0.933594 0.792188 0.898438 0.800000 0.884766 0.870313 0.882812 0.870313 0.914062 0.859375 0.927734 0.837500 0.939453
0 0.621875 0.587891 0.606250 0.587891 0.598437 0.574219 0.598437 0.527344 0.640625 0.486328 0.656250 0.490234 0.660937 0.496094 0.660937 0.527344 0.651563 0.550781 0.621875 0.587891
0 0.278125 0.435547 0.259375 0.431641 0.248438 0.417969 0.246875 0.384766 0.271875 0.373047 0.289062 0.394531 0.289062 0.425781 0.278125 0.435547
0 0.900000 0.193359 0.865625 0.189453 0.848437 0.164062 0.832812 0.125000 0.826562 0.066406 0.842187 0.023438 0.859375 0.009766 0.887500 0.017578 0.907813 0.042969 0.923438 0.078125 0.926562 0.156250 0.920312 0.171875 0.900000 0.193359
0 0.218750 0.896484 0.175000 0.892578 0.160938 0.875000 0.157812 0.855469 0.171875 0.833984 0.189062 0.820312 0.215625 0.775391 0.225000 0.767578 0.243750 0.767578 0.256250 0.775391 0.264062 0.789062 0.264062 0.832031 0.251563 0.863281 0.218750 0.896484
0 0.475000 0.759766 0.456250 0.759766 0.435937 0.734375 0.426563 0.703125 0.429688 0.652344 0.439063 0.625000 0.453125 0.603516 0.468750 0.603516 0.484375 0.615234 0.501563 0.660156 0.501563 0.718750 0.475000 0.759766
0 0.818750 0.728516 0.796875 0.728516 0.776563 0.703125 0.773438 0.679688 0.785937 0.652344 0.812500 0.619141 0.834375 0.615234 0.851562 0.628906 0.857812 0.644531 0.857812 0.671875 0.848437 0.691406 0.848437 0.703125 0.818750 0.728516
0 0.331250 0.939453 0.293750 0.939453 0.278125 0.931641 0.254688 0.898438 0.260937 0.859375 0.293750 0.826172 0.337500 0.822266 0.359375 0.833984 0.373437 0.855469 0.373437 0.878906 0.367188 0.898438 0.346875 0.927734 0.331250 0.939453
0 0.846875 0.177734 0.831250 0.177734 0.804688 0.148438 0.785937 0.085938 0.785937 0.042969 0.806250 0.017578 0.831250 0.017578 0.839063 0.023438 0.835938 0.046875 0.826562 0.062500 0.826562 0.089844 0.835938 0.136719 0.848437 0.160156 0.846875 0.177734
0 0.756250 0.615234 0.737500 0.615234 0.723437 0.601562 0.723437 0.578125 0.743750 0.552734 0.775000 0.537109 0.787500 0.537109 0.823438 0.562500 0.829688 0.578125 0.828125 0.591797 0.806250 0.603516 0.790625 0.603516 0.784375 0.611328 0.756250 0.615234
0 0.367188 0.996094 0.360938 0.984375 0.364063 0.949219 0.379688 0.902344 0.390625 0.892578 0.404687 0.898438 0.401562 0.949219 0.409375 0.962891 0.420312 0.968750 0.417187 0.996094
0 0.000000 0.763672 0.026562 0.812500 0.023438 0.859375 0.006250 0.876953 0.000000 0.876953
0 0.234375 0.447266 0.215625 0.443359 0.192188 0.414062 0.192188 0.398438 0.200000 0.388672 0.231250 0.384766 0.235937 0.390625 0.239063 0.441406 0.234375 0.447266
0 0.612500 0.197266 0.606250 0.197266 0.598437 0.179688 0.601562 0.121094 0.632812 0.023438 0.643750 0.013672 0.653125 0.013672 0.660937 0.031250 0.660937 0.054688 0.654687 0.070312 0.651563 0.109375 0.626563 0.179688 0.612500 0.197266
0 0.748437 0.000000 0.745313 0.015625 0.731250 0.037109 0.706250 0.037109 0.698438 0.027344 0.695312 0.000000
0 0.740625 0.650391 0.715625 0.650391 0.704688 0.640625 0.704688 0.628906 0.734375 0.615234 0.789062 0.613281 0.787500 0.630859 0.740625 0.650391
0 0.606250 0.521484 0.581250 0.521484 0.573438 0.511719 0.570312 0.484375 0.579688 0.441406 0.618750 0.388672 0.634375 0.376953 0.650000 0.376953 0.654687 0.390625 0.648438 0.425781 0.642188 0.433594 0.645312 0.476562 0.631250 0.498047 0.609375 0.509766 0.606250 0.521484
0 0.243750 0.232422 0.196875 0.232422 0.192188 0.210938 0.192188 0.183594 0.201563 0.152344 0.228125 0.111328 0.246875 0.111328 0.257812 0.148438 0.248438 0.183594 0.248438 0.226562 0.243750 0.232422
0 0.821875 0.466797 0.796875 0.462891 0.773438 0.441406 0.757812 0.417969 0.757812 0.394531 0.762500 0.384766 0.793750 0.380859 0.812500 0.392578 0.829688 0.414062 0.835938 0.429688 0.835938 0.453125 0.831250 0.462891 0.821875 0.466797
0 0.996875 0.810547 0.973437 0.785156 0.954688 0.742188 0.960938 0.699219 0.975000 0.673828 0.987500 0.666016 0.993750 0.654297 0.996875 0.658203
0 0.850000 0.884766 0.809375 0.884766 0.789062 0.867188 0.785937 0.832031 0.815625 0.802734 0.875000 0.798828 0.893750 0.806641 0.904687 0.828125 0.901563 0.859375 0.878125 0.880859 0.850000 0.884766
0 0.687500 0.623047 0.650000 0.619141 0.645312 0.613281 0.645312 0.589844 0.654687 0.550781 0.667188 0.523438 0.681250 0.513672 0.700000 0.513672 0.704688 0.531250 0.698438 0.546875 0.695312 0.613281 0.687500 0.623047
0 0.285938 0.000000 0.284375 0.009766 0.253125 0.021484 0.237500 0.021484 0.225000 0.013672 0.223438 0.000000
0 0.687500 0.513672 0.684375 0.501953 0.671875 0.501953 0.645312 0.472656 0.642188 0.433594 0.648438 0.425781 0.654687 0.382812 0.668750 0.373047 0.681250 0.373047 0.700000 0.384766 0.735938 0.445312 0.735938 0.476562 0.709375 0.501953 0.690625 0.501953 0.687500 0.513672
0 0.434375 0.259766 0.415625 0.259766 0.396875 0.248047 0.373437 0.195312 0.373437 0.175781 0.379688 0.160156 0.403125 0.134766 0.425000 0.138672 0.442188 0.179688 0.448437 0.207031 0.448437 0.246094 0.443750 0.255859 0.434375 0.259766
0 0.000000 0.333984 0.017188 0.355469 0.017188 0.378906 0.000000 0.400391
0 0.923438 0.000000 0.948438 0.035156 0.948438 0.074219 0.943750 0.083984 0.923438 0.082031 0.907813 0.042969 0.889062 0.019531 0.889062 0.000000
0 0.543750 0.345703 0.528125 0.345703 0.496875 0.322266 0.489063 0.308594 0.489063 0.292969 0.500000 0.291016 0.512500 0.279297 0.562500 0.279297 0.576562 0.304688 0.573438 0.332031 0.562500 0.341797 0.543750 0.345703
0 0.540625 0.521484 0.528125 0.521484 0.514062 0.511719 0.514062 0.480469 0.548438 0.402344 0.565625 0.400391 0.582812 0.417969 0.570312 0.500000 0.565625 0.509766 0.540625 0.521484
0 0.959375 0.486328 0.934375 0.482422 0.890625 0.443359 0.865625 0.427734 0.846875 0.423828 0.842187 0.406250 0.865625 0.384766 0.890625 0.376953 0.903125 0.376953 0.934375 0.392578 0.954688 0.417969 0.967187 0.445312 0.967187 0.476562 0.959375 0.486328
0 0.075000 0.427734 0.018750 0.423828 0.017188 0.402344 0.023438 0.367188 0.037500 0.345703 0.050000 0.345703 0.053125 0.333984 0.084375 0.322266 0.095312 0.343750 0.095312 0.378906 0.075000 0.427734
0 0.426563 0.996094 0.426563 0.980469 0.401562 0.949219 0.401562 0.917969 0.412500 0.880859 0.437500 0.908203 0.459375 0.912109 0.490625 0.951172 0.503125 0.958984 0.510938 0.972656 0.514062 0.996094
0 0.751563 0.996094 0.781250 0.974609 0.821875 0.962891 0.823438 0.972656 0.817187 0.976562 0.814063 0.996094
0 0.935937 0.996094 0.943750 0.982422 0.978125 0.958984 0.996875 0.958984
0 0.931250 0.615234 0.896875 0.599609 0.873437 0.570312 0.857812 0.531250 0.862500 0.501953 0.881250 0.490234 0.900000 0.490234 0.918750 0.498047 0.951562 0.535156 0.964063 0.558594 0.964063 0.589844 0.956250 0.607422 0.931250 0.615234
0 0.443750 0.431641 0.384375 0.431641 0.382812 0.386719 0.406250 0.373047 0.437500 0.380859 0.448437 0.406250 0.448437 0.425781 0.443750 0.431641
0 0.315625 0.251953 0.281250 0.248047 0.262500 0.236328 0.248438 0.214844 0.251563 0.164062 0.262500 0.142578 0.296875 0.142578 0.314063 0.160156 0.320312 0.175781 0.320312 0.246094 0.315625 0.251953
0 0.000000 0.427734 0.059375 0.423828 0.073438 0.437500 0.073438 0.449219 0.056250 0.462891 0.015625 0.462891 0.000000 0.451172
0 0.312500 0.529297 0.303125 0.529297 0.303125 0.521484 0.289062 0.511719 0.289062 0.476562 0.296875 0.458984 0.312500 0.455078 0.318750 0.447266 0.334375 0.447266 0.351562 0.464844 0.348438 0.515625 0.337500 0.525391 0.312500 0.529297
0 0.250000 0.384766 0.218750 0.384766 0.195312 0.367188 0.192188 0.335938 0.200000 0.318359 0.212500 0.310547 0.246875 0.310547 0.267188 0.328125 0.273438 0.343750 0.273438 0.371094 0.250000 0.384766
0 0.350000 0.447266 0.312500 0.447266 0.292187 0.425781 0.298438 0.398438 0.318750 0.373047 0.337500 0.373047 0.360938 0.410156 0.360938 0.433594 0.350000 0.447266
0 0.178125 0.830078 0.159375 0.830078 0.146875 0.822266 0.132812 0.800781 0.139063 0.738281 0.162500 0.716797 0.181250 0.720703 0.204687 0.753906 0.204687 0.792969 0.178125 0.830078
0 0.106250 0.427734 0.082812 0.421875 0.082812 0.410156 0.095312 0.378906 0.089063 0.304688 0.103125 0.283203 0.118750 0.283203 0.139063 0.308594 0.139063 0.332031 0.106250 0.427734
0 0.539062 0.996094 0.550000 0.990234 0.578125 0.990234 0.585938 0.996094
0 0.750000 0.986328 0.728125 0.986328 0.706250 0.974609 0.698438 0.964844 0.698438 0.933594 0.712500 0.919922 0.775000 0.916016 0.785937 0.929688 0.785937 0.964844 0.768750 0.982422 0.750000 0.986328
0 0.814063 0.996094 0.817187 0.976562 0.834375 0.955078 0.868750 0.939453 0.925000 0.939453 0.934375 0.947266 0.942187 0.960938 0.942187 0.984375 0.935937 0.996094
0 0.000000 0.701172 0.012500 0.701172 0.035937 0.753906 0.065625 0.783203 0.078125 0.787109 0.079687 0.796875 0.065625 0.810547 0.050000 0.810547 0.026562 0.792969 0.000000 0.748047
