0 0.514368 0.468269 0.494253 0.466346 0.461207 0.443269 0.447557 0.425000 0.441810 0.411538 0.440374 0.401923 0.443247 0.392308 0.448276 0.385577 0.456897 0.381731 0.469828 0.383654 0.482759 0.389423 0.510057 0.410577 0.522270 0.426923 0.526580 0.440385 0.525144 0.457692 0.514368 0.468269
0 0.231322 0.831731 0.224856 0.826923 0.219109 0.809615 0.219109 0.780769 0.226293 0.765385 0.224856 0.753846 0.228448 0.749038 0.232759 0.749038 0.239943 0.739423 0.247126 0.739423 0.253592 0.751923 0.253592 0.775000 0.250718 0.782692 0.250718 0.792308 0.247845 0.800000 0.236351 0.815385 0.236351 0.823077 0.231322 0.831731
0 0.936782 0.497115 0.923851 0.495192 0.915948 0.482692 0.915948 0.469231 0.920259 0.450000 0.933908 0.437500 0.952586 0.437500 0.959770 0.441346 0.963362 0.446154 0.961925 0.465385 0.936782 0.497115
0 0.097701 0.872115 0.091954 0.872115 0.088362 0.863462 0.093391 0.860577 0.097701 0.864423 0.099856 0.867308 0.097701 0.872115
0 0.998563 0.287500 0.987787 0.305769 0.977011 0.318269 0.969828 0.320192 0.963362 0.315385 0.963362 0.305769 0.960489 0.300000 0.977730 0.271154 0.990661 0.257692 0.990661 0.250000 0.998563 0.239423
0 0.436782 0.666346 0.426724 0.666346 0.408046 0.656731 0.391523 0.634615 0.384339 0.613462 0.384339 0.601923 0.393678 0.587500 0.410920 0.583654 0.426724 0.587500 0.442529 0.597115 0.454741 0.611538 0.454741 0.642308 0.448994 0.657692 0.436782 0.666346
0 0.498563 0.312500 0.485632 0.312500 0.471264 0.306731 0.466236 0.296154 0.469109 0.278846 0.478448 0.264423 0.495690 0.250962 0.521552 0.249038 0.527299 0.252885 0.532328 0.263462 0.528017 0.282692 0.518678 0.297115 0.498563 0.312500
0 0.931753 0.998077 0.927443 0.990385 0.926006 0.975000 0.928879 0.967308 0.939655 0.956731 0.959770 0.958654 0.981322 0.975962 0.992816 0.995192 0.998563 0.995192
0 0.935345 0.060577 0.925287 0.058654 0.910201 0.044231 0.905891 0.032692 0.905891 0.019231 0.912356 0.008654 0.931034 0.006731 0.943247 0.019231 0.943247 0.046154 0.935345 0.060577
0 0.735632 0.368269 0.727011 0.366346 0.721983 0.355769 0.720546 0.328846 0.727011 0.316346 0.732759 0.316346 0.740661 0.325000 0.744971 0.342308 0.744971 0.357692 0.739943 0.366346 0.735632 0.368269
0 0.594828 0.324038 0.586207 0.322115 0.579741 0.313462 0.575431 0.301923 0.573994 0.271154 0.575431 0.259615 0.581897 0.247115 0.591954 0.241346 0.600575 0.241346 0.608477 0.250000 0.611351 0.257692 0.614224 0.271154 0.614224 0.290385 0.608477 0.309615 0.594828 0.324038
0 0.093391 0.133654 0.080460 0.131731 0.047414 0.114423 0.036638 0.098077 0.038075 0.082692 0.043103 0.075962 0.053161 0.070192 0.068966 0.070192 0.086207 0.079808 0.102730 0.101923 0.105603 0.113462 0.102730 0.126923 0.093391 0.133654
0 0.122126 0.918269 0.107759 0.918269 0.101293 0.909615 0.098420 0.901923 0.098420 0.876923 0.102011 0.872115 0.114943 0.872115 0.125000 0.887500 0.134339 0.894231 0.137213 0.909615 0.122126 0.918269
0 0.998563 0.089423 0.988506 0.085577 0.982040 0.076923 0.979167 0.061538 0.980603 0.034615 0.983477 0.025000 0.988506 0.018269 0.998563 0.020192
0 0.107759 0.800962 0.086207 0.800962 0.063218 0.789423 0.055316 0.776923 0.055316 0.763462 0.067529 0.752885 0.081897 0.752885 0.109195 0.766346 0.117098 0.776923 0.118534 0.790385 0.107759 0.800962
0 0.718391 0.593269 0.698276 0.585577 0.681753 0.563462 0.676006 0.548077 0.676006 0.532692 0.679598 0.525962 0.683908 0.522115 0.691092 0.522115 0.699713 0.529808 0.714080 0.529808 0.721264 0.533654 0.727730 0.542308 0.736351 0.563462 0.736351 0.578846 0.728448 0.589423 0.718391 0.593269
0 0.779454 0.998077 0.779454 0.992308 0.785201 0.982692 0.790230 0.975962 0.797414 0.974038 0.813218 0.974038 0.823276 0.977885 0.838362 0.994231 0.838362 0.998077
0 0.392241 0.347115 0.382184 0.347115 0.367816 0.339423 0.359195 0.331731 0.339799 0.305769 0.332615 0.286538 0.332615 0.276923 0.339080 0.266346 0.343391 0.262500 0.354885 0.262500 0.373563 0.268269 0.391523 0.288462 0.397270 0.300000 0.403017 0.325000 0.401580 0.336538 0.392241 0.347115
0 0.647989 0.797115 0.629310 0.797115 0.624282 0.790385 0.622845 0.782692 0.627155 0.765385 0.635057 0.754808 0.647989 0.749038 0.662356 0.749038 0.670977 0.754808 0.674569 0.761538 0.674569 0.776923 0.671695 0.782692 0.647989 0.797115
0 0.596264 0.468269 0.590517 0.466346 0.582615 0.451923 0.584052 0.436538 0.588362 0.423077 0.588362 0.411538 0.592672 0.396154 0.602011 0.381731 0.613506 0.379808 0.618534 0.384615 0.622845 0.398077 0.622845 0.428846 0.617098 0.448077 0.604885 0.462500 0.596264 0.468269
0 0.306034 0.697115 0.294540 0.693269 0.288075 0.684615 0.283764 0.663462 0.285201 0.634615 0.293822 0.605769 0.304598 0.591346 0.320402 0.589423 0.329741 0.600000 0.332615 0.607692 0.334052 0.640385 0.331178 0.657692 0.322557 0.680769 0.314655 0.691346 0.306034 0.697115
0 0.748563 0.541346 0.744253 0.541346 0.739943 0.535577 0.732759 0.535577 0.727730 0.530769 0.724856 0.507692 0.717672 0.494231 0.721983 0.463462 0.731322 0.450962 0.737069 0.452885 0.740661 0.457692 0.753592 0.492308 0.753592 0.526923 0.752155 0.536538 0.748563 0.541346
0 0.772989 0.100962 0.754310 0.099038 0.737069 0.083654 0.724856 0.067308 0.721983 0.059615 0.720546 0.051923 0.723420 0.042308 0.731322 0.035577 0.747126 0.037500 0.774425 0.058654 0.785201 0.076923 0.785201 0.088462 0.781609 0.095192 0.772989 0.100962
0 0.998563 0.662500 0.987069 0.660577 0.982040 0.644231 0.985632 0.633654 0.992816 0.625962 0.998563 0.624038
0 0.433908 0.197115 0.413793 0.197115 0.408046 0.193269 0.400144 0.180769 0.400144 0.169231 0.403017 0.161538 0.413793 0.149038 0.432471 0.139423 0.445402 0.139423 0.461207 0.147115 0.467672 0.159615 0.467672 0.169231 0.464799 0.175000 0.458333 0.185577 0.433908 0.197115
0 0.280172 0.204808 0.244253 0.204808 0.238506 0.200962 0.230603 0.188462 0.232040 0.173077 0.241379 0.162500 0.254310 0.158654 0.280172 0.160577 0.285920 0.164423 0.295259 0.178846 0.295259 0.198077 0.280172 0.204808
0 0.895115 0.643269 0.880747 0.637500 0.868534 0.615385 0.867098 0.594231 0.869971 0.590385 0.869971 0.584615 0.876437 0.575962 0.883621 0.575962 0.895115 0.583654 0.907328 0.603846 0.907328 0.626923 0.895115 0.643269
0 0.998563 0.581731 0.982759 0.595192 0.972701 0.597115 0.967672 0.590385 0.967672 0.584615 0.964799 0.580769 0.971983 0.551923 0.988506 0.531731 0.998563 0.525962
0 0.833333 0.841346 0.824713 0.841346 0.816810 0.828846 0.813937 0.819231 0.813937 0.780769 0.821121 0.751923 0.829023 0.741346 0.839080 0.739423 0.851293 0.755769 0.854167 0.773077 0.854167 0.792308 0.848420 0.821154 0.833333 0.841346
0 0.500718 0.998077 0.502155 0.980769 0.515086 0.944231 0.531609 0.920192 0.537356 0.920192 0.540948 0.926923 0.543822 0.971154 0.540948 0.988462 0.536638 0.998077
0 0.889368 0.485577 0.879310 0.485577 0.873563 0.481731 0.869971 0.473077 0.871408 0.455769 0.880029 0.436538 0.902299 0.410577 0.916667 0.402885 0.932471 0.404808 0.938937 0.413462 0.938937 0.436538 0.928161 0.441346 0.920259 0.450000 0.915230 0.472115 0.910920 0.470192 0.889368 0.485577
0 0.873563 0.199038 0.859195 0.199038 0.840517 0.189423 0.832615 0.180769 0.831178 0.167308 0.839080 0.156731 0.843391 0.154808 0.867816 0.154808 0.883621 0.160577 0.891523 0.173077 0.891523 0.182692 0.883621 0.195192 0.873563 0.199038
0 0.191092 0.641346 0.172414 0.641346 0.156609 0.637500 0.147989 0.631731 0.138649 0.617308 0.140086 0.603846 0.147989 0.595192 0.156609 0.591346 0.166667 0.591346 0.170977 0.587500 0.182471 0.585577 0.195402 0.587500 0.204023 0.593269 0.213362 0.605769 0.211925 0.615385 0.198276 0.637500 0.191092 0.641346
0 0.998563 0.772115 0.984195 0.791346 0.964080 0.804808 0.952586 0.808654 0.939655 0.808654 0.927443 0.796154 0.927443 0.782692 0.934626 0.765385 0.949713 0.747115 0.959770 0.739423 0.969828 0.735577 0.987069 0.735577 0.991379 0.737500 0.998563 0.747115
0 0.353448 0.974038 0.340517 0.972115 0.328305 0.961538 0.328305 0.934615 0.340517 0.916346 0.360632 0.900962 0.370690 0.899038 0.389368 0.902885 0.397270 0.915385 0.394397 0.942308 0.376437 0.964423 0.364943 0.972115 0.353448 0.974038
0 0.000000 0.545192 0.002874 0.545192 0.012213 0.561538 0.017960 0.578846 0.019397 0.594231 0.019397 0.615385 0.015086 0.626923 0.007184 0.635577 0.000000 0.635577
0 0.931034 0.277885 0.913793 0.275962 0.904454 0.263462 0.904454 0.246154 0.910201 0.232692 0.925287 0.214423 0.941092 0.206731 0.954023 0.208654 0.961925 0.219231 0.961925 0.244231 0.956178 0.257692 0.946839 0.270192 0.931034 0.277885
0 0.336207 0.843269 0.316092 0.841346 0.306753 0.830769 0.306753 0.826923 0.318966 0.804808 0.350575 0.785577 0.367816 0.787500 0.379310 0.793269 0.384339 0.800000 0.385776 0.811538 0.377874 0.825962 0.336207 0.843269
0 0.242816 0.100962 0.222701 0.099038 0.201149 0.085577 0.176006 0.053846 0.171695 0.044231 0.171695 0.034615 0.181034 0.024038 0.199713 0.025962 0.247126 0.060577 0.256466 0.073077 0.256466 0.086538 0.250000 0.097115 0.242816 0.100962
0 0.738506 0.835577 0.728448 0.833654 0.724856 0.828846 0.721983 0.821154 0.723420 0.805769 0.734914 0.780769 0.751437 0.754808 0.765805 0.747115 0.774425 0.749038 0.782328 0.761538 0.782328 0.778846 0.778017 0.794231 0.761494 0.820192 0.738506 0.835577
0 0.635057 0.685577 0.622126 0.681731 0.612787 0.669231 0.609914 0.657692 0.612787 0.638462 0.622126 0.624038 0.633621 0.616346 0.655172 0.614423 0.665230 0.620192 0.677443 0.636538 0.678879 0.653846 0.676006 0.661538 0.668103 0.672115 0.656609 0.679808 0.635057 0.685577
0 0.790230 0.649038 0.777299 0.645192 0.769397 0.632692 0.770833 0.605769 0.781609 0.595192 0.793103 0.595192 0.808908 0.602885 0.822557 0.626923 0.822557 0.636538 0.817529 0.643269 0.811782 0.647115 0.794540 0.645192 0.790230 0.649038
0 0.478448 0.879808 0.466954 0.875962 0.461925 0.869231 0.456178 0.848077 0.456178 0.830769 0.459052 0.819231 0.464080 0.810577 0.474138 0.802885 0.479885 0.802885 0.484195 0.797115 0.492816 0.795192 0.500718 0.801923 0.500718 0.817308 0.490661 0.838462 0.490661 0.857692 0.484914 0.873077 0.478448 0.879808
0 0.358477 0.000000 0.362069 0.008654 0.375000 0.016346 0.381466 0.026923 0.381466 0.040385 0.372126 0.050962 0.357759 0.050962 0.327586 0.033654 0.311063 0.009615 0.308190 0.000000
0 0.542385 0.000000 0.542385 0.036538 0.538075 0.051923 0.528736 0.062500 0.521552 0.062500 0.515805 0.058654 0.506466 0.046154 0.502155 0.030769 0.502155 0.009615 0.505029 0.000000
0 0.145115 0.947115 0.127874 0.941346 0.119971 0.928846 0.118534 0.919231 0.142241 0.908654 0.151580 0.919231 0.154454 0.928846 0.161638 0.936538 0.159483 0.943269 0.152299 0.939423 0.145115 0.947115
0 0.904454 0.000000 0.900144 0.011538 0.889368 0.027885 0.882184 0.027885 0.874282 0.021154 0.871408 0.015385 0.872845 0.000000
0 0.689655 0.389423 0.676724 0.387500 0.668822 0.373077 0.668822 0.351923 0.671695 0.344231 0.678161 0.337500 0.685345 0.337500 0.694684 0.350000 0.696121 0.355769 0.697557 0.373077 0.694684 0.382692 0.689655 0.389423
0 0.820402 0.243269 0.811782 0.243269 0.795977 0.235577 0.789511 0.225000 0.789511 0.213462 0.800287 0.200962 0.808908 0.200962 0.829023 0.214423 0.832615 0.221154 0.831178 0.232692 0.820402 0.243269
0 0.814655 0.358654 0.806034 0.358654 0.798851 0.352885 0.785201 0.321154 0.786638 0.288462 0.795977 0.274038 0.810345 0.275962 0.818247 0.290385 0.823994 0.309615 0.826868 0.323077 0.826868 0.342308 0.823994 0.350000 0.814655 0.358654
0 0.692529 0.247115 0.666667 0.243269 0.659483 0.239423 0.651580 0.228846 0.651580 0.221154 0.647270 0.211538 0.648707 0.194231 0.653736 0.191346 0.663793 0.174038 0.675287 0.172115 0.693966 0.177885 0.702586 0.185577 0.709052 0.196154 0.714799 0.217308 0.713362 0.228846 0.704023 0.241346 0.692529 0.247115
0 0.109195 0.366346 0.093391 0.366346 0.087644 0.362500 0.075431 0.342308 0.072557 0.328846 0.073994 0.305769 0.076868 0.296154 0.086207 0.287500 0.094828 0.287500 0.106322 0.295192 0.122845 0.326923 0.122845 0.350000 0.114943 0.362500 0.109195 0.366346
0 0.662356 0.949038 0.642241 0.949038 0.627874 0.939423 0.609914 0.915385 0.607040 0.903846 0.609914 0.888462 0.622126 0.877885 0.636494 0.877885 0.660920 0.899038 0.670259 0.911538 0.670259 0.917308 0.674569 0.923077 0.673132 0.938462 0.662356 0.949038
