0 0.871875 0.931641 0.853125 0.923828 0.832812 0.894531 0.829688 0.871094 0.837500 0.857422 0.871875 0.865234 0.879687 0.875000 0.879687 0.921875 0.871875 0.931641
0 0.690625 0.130859 0.671875 0.130859 0.643750 0.119141 0.635938 0.109375 0.639062 0.078125 0.662500 0.056641 0.687500 0.060547 0.703125 0.076172 0.710938 0.085938 0.707812 0.109375 0.690625 0.130859
0 0.581250 0.119141 0.540625 0.115234 0.532813 0.105469 0.532813 0.070312 0.550000 0.056641 0.565625 0.033203 0.596875 0.029297 0.614062 0.046875 0.614062 0.070312 0.604688 0.093750 0.581250 0.119141
0 0.445312 0.996094 0.445312 0.976562 0.454688 0.964844 0.457813 0.941406 0.471875 0.927734 0.509375 0.935547 0.520312 0.945312 0.526563 0.972656 0.523438 0.996094
0 0.828125 0.884766 0.790625 0.884766 0.776563 0.855469 0.782813 0.828125 0.803125 0.806641 0.828125 0.806641 0.839063 0.820312 0.839063 0.855469 0.829688 0.871094 0.828125 0.884766
0 0.996875 0.451172 0.985938 0.429688 0.985938 0.406250 0.996875 0.396484
0 0.604688 0.996094 0.603125 0.978516 0.628125 0.978516 0.650000 0.962891 0.657813 0.980469 0.657813 0.996094
0 0.267188 0.000000 0.270313 0.058594 0.256250 0.083984 0.250000 0.083984 0.221875 0.041016 0.204687 0.039062 0.201563 0.000000
0 0.815625 0.361328 0.803125 0.361328 0.789062 0.335938 0.760938 0.308594 0.764062 0.285156 0.778125 0.267578 0.828125 0.263672 0.842187 0.289062 0.845313 0.320312 0.839063 0.332031 0.839063 0.347656 0.815625 0.361328
0 0.996875 0.728516 0.975000 0.705078 0.950000 0.689453 0.940625 0.689453 0.907813 0.664062 0.910937 0.632812 0.934375 0.603516 0.946875 0.599609 0.959375 0.611328 0.996875 0.607422
0 0.259375 0.982422 0.237500 0.978516 0.226562 0.968750 0.226562 0.953125 0.237500 0.927734 0.243750 0.927734 0.267188 0.953125 0.267188 0.968750 0.259375 0.982422
0 0.201563 0.000000 0.204687 0.039062 0.196875 0.048828 0.168750 0.048828 0.139063 0.000000
0 0.684375 0.458984 0.668750 0.458984 0.657813 0.445312 0.617188 0.371094 0.617188 0.347656 0.643750 0.322266 0.681250 0.326172 0.714063 0.378906 0.726562 0.410156 0.726562 0.425781 0.715625 0.443359 0.684375 0.458984
0 0.287500 0.876953 0.221875 0.873047 0.215625 0.853516 0.193750 0.845703 0.167187 0.812500 0.167187 0.789062 0.181250 0.775391 0.203125 0.771484 0.243750 0.775391 0.281250 0.787109 0.314063 0.824219 0.314063 0.843750 0.307812 0.859375 0.287500 0.876953
0 0.189062 0.996094 0.185938 0.968750 0.196875 0.935547 0.198437 0.949219 0.206250 0.958984 0.215625 0.966797 0.226562 0.964844 0.235937 0.984375 0.235937 0.996094
0 0.996875 0.990234 0.982812 0.968750 0.982812 0.953125 0.996875 0.939453
0 0.781250 0.244141 0.756250 0.244141 0.739062 0.222656 0.739062 0.191406 0.756250 0.166016 0.778125 0.173828 0.789062 0.187500 0.792188 0.230469 0.781250 0.244141
0 0.628125 0.978516 0.603125 0.978516 0.589063 0.964844 0.582812 0.925781 0.582812 0.902344 0.587500 0.896484 0.596875 0.896484 0.621875 0.916016 0.651563 0.949219 0.650000 0.962891 0.628125 0.978516
0 0.525000 0.775391 0.500000 0.775391 0.490625 0.767578 0.482812 0.757812 0.482812 0.738281 0.500000 0.720703 0.531250 0.724609 0.535937 0.730469 0.535937 0.757812 0.525000 0.775391
0 0.570312 0.000000 0.564063 0.011719 0.570312 0.031250 0.531250 0.072266 0.512500 0.068359 0.489063 0.042969 0.489063 0.031250 0.482812 0.023438 0.485938 0.000000
0 0.785937 0.000000 0.765625 0.025391 0.743750 0.021484 0.729688 0.000000
0 0.685937 0.996094 0.685937 0.984375 0.696875 0.974609 0.725000 0.982422 0.732812 0.996094
0 0.000000 0.779297 0.050000 0.783203 0.059375 0.787109 0.070312 0.804688 0.067187 0.839844 0.056250 0.857422 0.028125 0.869141 0.000000 0.865234
0 0.996875 0.607422 0.959375 0.611328 0.948438 0.601562 0.948438 0.566406 0.954688 0.550781 0.968750 0.537109 0.996875 0.541016
0 0.753125 0.681641 0.731250 0.677734 0.714063 0.660156 0.714063 0.589844 0.768750 0.513672 0.790625 0.509766 0.818750 0.529297 0.832812 0.550781 0.832812 0.601562 0.815625 0.626953 0.806250 0.626953 0.781250 0.662109 0.753125 0.681641
0 0.828125 0.447266 0.807813 0.445312 0.795312 0.425781 0.795312 0.406250 0.798438 0.394531 0.815625 0.376953 0.843750 0.376953 0.860938 0.394531 0.860938 0.417969 0.828125 0.447266
0 0.996875 0.146484 0.987500 0.142578 0.967187 0.113281 0.970313 0.058594 0.984375 0.037109 0.996875 0.037109
0 0.634375 0.923828 0.589063 0.894531 0.589063 0.863281 0.625000 0.822266 0.656250 0.822266 0.664062 0.832031 0.664062 0.847656 0.670312 0.859375 0.670312 0.894531 0.659375 0.912109 0.640625 0.916016 0.634375 0.923828
0 0.070312 0.996094 0.070312 0.988281 0.092188 0.953125 0.098437 0.925781 0.112500 0.908203 0.143750 0.908203 0.154688 0.917969 0.157812 0.972656 0.151562 0.996094
0 0.381250 0.798828 0.325000 0.798828 0.320312 0.785156 0.331250 0.771484 0.353125 0.763672 0.409375 0.759766 0.414062 0.765625 0.414062 0.781250 0.406250 0.791016 0.381250 0.798828
0 0.779687 0.996094 0.767188 0.964844 0.767188 0.921875 0.790625 0.884766 0.828125 0.884766 0.853125 0.923828 0.873437 0.937500 0.870313 0.957031 0.876563 0.996094
0 0.562500 0.720703 0.540625 0.720703 0.529687 0.707031 0.529687 0.699219 0.562500 0.677734 0.578125 0.658203 0.587500 0.658203 0.592187 0.664062 0.589063 0.691406 0.575000 0.712891 0.562500 0.720703
0 0.643750 0.294922 0.628125 0.294922 0.601562 0.269531 0.595313 0.250000 0.595313 0.226562 0.598437 0.214844 0.615625 0.197266 0.640625 0.181641 0.662500 0.181641 0.671875 0.185547 0.698438 0.222656 0.701562 0.273438 0.693750 0.283203 0.675000 0.283203 0.662500 0.275391 0.643750 0.294922
0 0.410938 0.000000 0.423438 0.023438 0.423438 0.050781 0.403125 0.080078 0.356250 0.091797 0.343750 0.091797 0.332813 0.078125 0.332813 0.054688 0.326562 0.042969 0.329688 0.000000
0 0.221875 0.966797 0.215625 0.966797 0.198437 0.949219 0.198437 0.929688 0.209375 0.919922 0.225000 0.919922 0.232813 0.929688 0.232813 0.941406 0.221875 0.966797
0 0.951562 0.000000 0.934375 0.025391 0.918750 0.025391 0.892188 0.000000
0 0.909375 0.560547 0.881250 0.560547 0.831250 0.548828 0.818750 0.529297 0.782813 0.503906 0.785937 0.460938 0.800000 0.447266 0.828125 0.447266 0.862500 0.416016 0.881250 0.416016 0.896875 0.431641 0.937500 0.431641 0.954688 0.453125 0.964063 0.476562 0.967187 0.503906 0.957812 0.527344 0.940625 0.548828 0.931250 0.556641 0.909375 0.560547
