0 0.996094 0.318359 0.986328 0.308594 0.986328 0.273438 0.996094 0.255859
0 0.187500 0.443359 0.164062 0.443359 0.150391 0.433594 0.150391 0.417969 0.179688 0.396484 0.199219 0.400391 0.212891 0.417969 0.205078 0.433594 0.187500 0.443359
0 0.906250 0.919922 0.890625 0.919922 0.880859 0.910156 0.880859 0.890625 0.906250 0.861328 0.921875 0.861328 0.931641 0.871094 0.931641 0.890625 0.919922 0.910156 0.906250 0.919922
0 0.566406 0.908203 0.546875 0.908203 0.531250 0.900391 0.509766 0.878906 0.505859 0.855469 0.515625 0.841797 0.542969 0.845703 0.572266 0.875000 0.576172 0.894531 0.566406 0.908203
0 0.105469 0.775391 0.087891 0.769531 0.087891 0.746094 0.101562 0.736328 0.125000 0.736328 0.130859 0.742188 0.130859 0.757812 0.105469 0.775391
0 0.542969 0.123047 0.517578 0.121094 0.519531 0.095703 0.542969 0.095703 0.548828 0.101562 0.548828 0.117188 0.542969 0.123047
0 0.441406 0.115234 0.421875 0.115234 0.408203 0.101562 0.408203 0.089844 0.429688 0.072266 0.441406 0.072266 0.455078 0.082031 0.455078 0.105469 0.441406 0.115234
0 0.826172 0.000000 0.826172 0.027344 0.818359 0.042969 0.808594 0.052734 0.792969 0.052734 0.779297 0.019531 0.794922 0.000000
0 0.515625 0.380859 0.498047 0.378906 0.494141 0.335938 0.507812 0.322266 0.527344 0.318359 0.537109 0.324219 0.541016 0.339844 0.529297 0.367188 0.515625 0.380859
0 0.679688 0.169922 0.660156 0.169922 0.654297 0.144531 0.662109 0.121094 0.683594 0.107422 0.705078 0.125000 0.705078 0.136719 0.697266 0.156250 0.679688 0.169922
