0 0.370312 0.711914 0.357812 0.708008 0.352344 0.703125 0.350781 0.691406 0.342969 0.675781 0.344531 0.650391 0.352344 0.638672 0.352344 0.625000 0.363281 0.595703 0.367188 0.590820 0.387500 0.588867 0.401562 0.592773 0.414844 0.611328 0.416406 0.621094 0.417969 0.646484 0.414844 0.685547 0.407813 0.700195 0.387500 0.706055 0.384375 0.709961 0.370312 0.711914
0 0.714063 0.315430 0.693750 0.315430 0.678906 0.294922 0.678906 0.259766 0.692187 0.241211 0.723437 0.243164 0.732031 0.251953 0.736719 0.261719 0.738281 0.281250 0.735156 0.287109 0.735156 0.296875 0.723437 0.311523 0.714063 0.315430
0 0.803125 0.590820 0.792188 0.588867 0.785156 0.580078 0.778906 0.564453 0.777344 0.542969 0.785937 0.524414 0.806250 0.522461 0.810937 0.528320 0.818750 0.530273 0.830469 0.550781 0.825781 0.580078 0.815625 0.588867 0.803125 0.590820
0 0.878125 0.333008 0.850000 0.333008 0.843750 0.329102 0.836719 0.320312 0.836719 0.298828 0.848437 0.282227 0.856250 0.282227 0.878125 0.252930 0.884375 0.247070 0.890625 0.247070 0.899219 0.255859 0.896094 0.310547 0.888281 0.322266 0.888281 0.326172 0.878125 0.333008
0 0.570312 0.198242 0.565625 0.198242 0.558594 0.189453 0.544531 0.156250 0.546094 0.136719 0.565625 0.112305 0.571094 0.117188 0.572656 0.195312 0.570312 0.198242
0 0.489063 0.288086 0.468750 0.284180 0.453906 0.267578 0.453906 0.257812 0.447656 0.244141 0.447656 0.228516 0.459375 0.209961 0.485938 0.208008 0.509375 0.227539 0.514844 0.238281 0.514844 0.269531 0.498437 0.284180 0.489063 0.288086
0 0.768750 0.088867 0.746875 0.088867 0.742188 0.084961 0.736719 0.078125 0.736719 0.072266 0.728906 0.052734 0.728906 0.031250 0.751563 0.006836 0.757812 0.006836 0.767969 0.013672 0.774219 0.023438 0.782031 0.048828 0.777344 0.072266 0.768750 0.088867
0 0.821875 0.172852 0.803125 0.163086 0.791406 0.148438 0.788281 0.142578 0.788281 0.134766 0.782031 0.125000 0.782031 0.107422 0.786719 0.089844 0.795312 0.081055 0.815625 0.079102 0.825000 0.084961 0.835156 0.099609 0.835156 0.107422 0.839844 0.119141 0.838281 0.142578 0.833594 0.158203 0.821875 0.172852
0 0.650000 0.909180 0.634375 0.905273 0.619531 0.886719 0.613281 0.837891 0.621875 0.829102 0.637500 0.831055 0.642188 0.836914 0.645312 0.836914 0.664844 0.861328 0.666406 0.876953 0.661719 0.886719 0.661719 0.900391 0.650000 0.909180
0 0.000000 0.018555 0.004687 0.018555 0.010156 0.025391 0.010156 0.031250 0.016406 0.044922 0.013281 0.070312 0.003125 0.081055 0.000000 0.081055
0 0.762500 0.405273 0.756250 0.399414 0.750000 0.399414 0.738281 0.386719 0.741406 0.347656 0.760938 0.311523 0.785937 0.309570 0.797656 0.324219 0.803906 0.355469 0.795312 0.377930 0.792188 0.377930 0.782813 0.391602 0.778125 0.389648 0.775000 0.393555 0.768750 0.393555 0.762500 0.405273
0 0.476562 0.913086 0.457813 0.913086 0.455469 0.910156 0.450781 0.896484 0.450781 0.886719 0.456250 0.875977 0.470313 0.875977 0.478906 0.884766 0.480469 0.902344 0.476562 0.913086
0 0.184375 0.522461 0.179688 0.518555 0.165625 0.518555 0.153906 0.503906 0.149219 0.492188 0.149219 0.478516 0.159375 0.461914 0.181250 0.459961 0.183594 0.462891 0.189844 0.480469 0.189844 0.509766 0.188281 0.517578 0.184375 0.522461
0 0.117188 0.262695 0.107813 0.262695 0.097656 0.250000 0.099219 0.238281 0.103906 0.228516 0.103906 0.222656 0.107813 0.217773 0.115625 0.213867 0.128125 0.213867 0.133594 0.220703 0.136719 0.242188 0.128125 0.256836 0.117188 0.262695
0 0.285938 0.647461 0.267969 0.625000 0.267969 0.580078 0.273438 0.565430 0.282813 0.561523 0.300000 0.561523 0.310156 0.576172 0.311719 0.593750 0.303906 0.605469 0.302344 0.640625 0.298438 0.645508 0.285938 0.647461
0 0.843750 0.288086 0.828125 0.288086 0.817969 0.273438 0.816406 0.242188 0.823438 0.225586 0.839063 0.217773 0.851562 0.217773 0.864844 0.234375 0.869531 0.253906 0.869531 0.265625 0.856250 0.282227 0.848437 0.282227 0.843750 0.288086
0 0.142187 0.944336 0.120313 0.944336 0.115625 0.942383 0.107031 0.929688 0.105469 0.910156 0.107031 0.894531 0.109375 0.891602 0.125000 0.883789 0.142187 0.883789 0.150000 0.887695 0.160156 0.900391 0.160156 0.919922 0.155469 0.925781 0.153906 0.933594 0.142187 0.944336
0 0.195312 0.940430 0.182812 0.940430 0.161719 0.910156 0.158594 0.886719 0.171875 0.874023 0.179688 0.874023 0.194531 0.892578 0.199219 0.904297 0.203906 0.935547 0.195312 0.940430
0 0.879687 0.821289 0.867188 0.821289 0.860938 0.817383 0.846094 0.794922 0.842969 0.779297 0.851562 0.764648 0.856250 0.764648 0.859375 0.760742 0.871875 0.760742 0.879687 0.764648 0.889844 0.779297 0.891406 0.802734 0.889844 0.808594 0.879687 0.821289
0 0.504687 0.102539 0.489063 0.102539 0.484375 0.096680 0.481250 0.096680 0.474219 0.087891 0.471094 0.076172 0.464844 0.066406 0.463281 0.046875 0.466406 0.041016 0.466406 0.031250 0.473438 0.022461 0.479687 0.022461 0.484375 0.016602 0.504687 0.014648 0.514062 0.018555 0.525781 0.035156 0.527344 0.060547 0.524219 0.076172 0.513281 0.097656 0.504687 0.102539
0 0.246875 0.526367 0.237500 0.526367 0.233594 0.521484 0.233594 0.490234 0.242188 0.481445 0.275000 0.481445 0.277344 0.484375 0.277344 0.511719 0.267188 0.520508 0.250000 0.522461 0.246875 0.526367
0 0.726562 0.715820 0.717187 0.713867 0.710156 0.703125 0.707031 0.683594 0.691406 0.652344 0.689844 0.628906 0.695312 0.622070 0.709375 0.622070 0.723437 0.643555 0.737500 0.651367 0.746094 0.660156 0.749219 0.669922 0.747656 0.707031 0.742188 0.711914 0.726562 0.715820
0 0.550000 0.913086 0.543750 0.913086 0.534375 0.907227 0.524219 0.894531 0.521094 0.875000 0.522656 0.861328 0.525781 0.855469 0.525781 0.843750 0.528125 0.840820 0.535937 0.842773 0.543750 0.856445 0.548438 0.856445 0.556250 0.848633 0.570312 0.868164 0.585938 0.870117 0.592969 0.880859 0.592969 0.902344 0.587500 0.909180 0.562500 0.909180 0.550000 0.913086
0 0.509375 0.852539 0.493750 0.852539 0.475781 0.830078 0.477344 0.789062 0.489063 0.774414 0.493750 0.772461 0.505469 0.781250 0.511719 0.794922 0.514844 0.810547 0.521094 0.816406 0.525781 0.828125 0.524219 0.841797 0.518750 0.848633 0.509375 0.852539
0 0.667188 0.243164 0.659375 0.243164 0.645312 0.233398 0.633594 0.214844 0.636719 0.197266 0.642969 0.185547 0.642969 0.177734 0.654687 0.165039 0.665625 0.165039 0.675000 0.170898 0.683594 0.179688 0.696094 0.203125 0.694531 0.228516 0.685937 0.239258 0.667188 0.243164
0 0.450000 0.639648 0.431250 0.639648 0.423438 0.635742 0.416406 0.626953 0.413281 0.605469 0.407031 0.593750 0.416406 0.574219 0.425000 0.565430 0.437500 0.565430 0.446875 0.569336 0.453125 0.573242 0.458594 0.582031 0.461719 0.591797 0.460156 0.628906 0.450000 0.639648
0 0.548438 0.856445 0.543750 0.856445 0.535937 0.842773 0.531250 0.842773 0.525781 0.835938 0.525781 0.828125 0.519531 0.810547 0.539062 0.788086 0.557813 0.786133 0.567187 0.790039 0.574219 0.800781 0.574219 0.820312 0.571094 0.830078 0.565625 0.836914 0.562500 0.836914 0.548438 0.856445
0 0.264062 0.377930 0.250000 0.372070 0.239063 0.360352 0.234375 0.360352 0.227344 0.347656 0.227344 0.326172 0.233594 0.310547 0.235156 0.298828 0.240625 0.291992 0.245312 0.291992 0.259375 0.282227 0.264062 0.286133 0.279687 0.286133 0.298438 0.297852 0.303906 0.304688 0.307031 0.326172 0.307031 0.339844 0.293750 0.360352 0.284375 0.370117 0.273438 0.372070 0.264062 0.377930
0 0.373437 0.565430 0.360938 0.561523 0.357031 0.556641 0.352344 0.546875 0.350781 0.529297 0.362500 0.516602 0.370312 0.512695 0.382812 0.512695 0.399219 0.525391 0.402344 0.531250 0.403906 0.548828 0.398438 0.561523 0.373437 0.565430
0 0.664062 0.137695 0.650000 0.133789 0.641406 0.121094 0.641406 0.103516 0.646875 0.088867 0.662500 0.084961 0.671875 0.088867 0.682031 0.107422 0.683594 0.121094 0.680469 0.126953 0.671875 0.135742 0.664062 0.137695
0 0.510938 0.198242 0.495312 0.198242 0.482812 0.190430 0.473438 0.190430 0.466406 0.183594 0.466406 0.179688 0.458594 0.167969 0.458594 0.158203 0.471875 0.149414 0.481250 0.149414 0.495312 0.143555 0.520312 0.143555 0.528125 0.147461 0.536719 0.160156 0.538281 0.173828 0.526563 0.190430 0.510938 0.198242
0 0.000000 0.231445 0.017188 0.229492 0.025781 0.238281 0.025781 0.244141 0.028906 0.248047 0.028906 0.267578 0.021094 0.291016 0.009375 0.295898 0.000000 0.290039
0 0.010937 0.610352 0.003125 0.610352 0.000781 0.607422 0.000781 0.564453 0.007812 0.561523 0.020313 0.541992 0.029687 0.538086 0.043750 0.541992 0.055469 0.558594 0.055469 0.583984 0.045312 0.600586 0.035937 0.606445 0.017188 0.602539 0.010937 0.610352
0 0.256250 0.186523 0.248438 0.184570 0.230469 0.162109 0.228906 0.152344 0.231250 0.149414 0.250000 0.145508 0.254688 0.149414 0.260937 0.149414 0.264844 0.154297 0.256250 0.186523
0 0.442188 0.868164 0.428125 0.868164 0.417969 0.857422 0.419531 0.837891 0.435937 0.823242 0.462500 0.823242 0.471094 0.832031 0.472656 0.841797 0.453125 0.864258 0.442188 0.868164
0 0.064062 0.831055 0.040625 0.825195 0.030469 0.810547 0.028906 0.796875 0.028906 0.783203 0.041406 0.757812 0.050000 0.750977 0.059375 0.750977 0.062500 0.747070 0.073438 0.752930 0.086719 0.775391 0.086719 0.794922 0.080469 0.810547 0.064062 0.831055
0 0.077344 0.998047 0.080469 0.986328 0.092188 0.971680 0.106250 0.971680 0.117969 0.984375 0.121094 0.998047
0 0.068750 0.377930 0.057813 0.374023 0.050781 0.361328 0.050781 0.349609 0.053906 0.341797 0.060937 0.334961 0.071875 0.334961 0.080469 0.353516 0.080469 0.359375 0.074219 0.373047 0.068750 0.377930
0 0.415625 0.379883 0.403125 0.375977 0.396094 0.367188 0.392969 0.343750 0.394531 0.335938 0.403125 0.325195 0.412500 0.321289 0.421875 0.325195 0.432031 0.343750 0.430469 0.363281 0.415625 0.379883
0 0.329688 0.665039 0.312500 0.663086 0.310156 0.660156 0.310156 0.646484 0.302344 0.634766 0.305469 0.601562 0.318750 0.596680 0.323437 0.590820 0.339062 0.594727 0.349219 0.607422 0.349219 0.632812 0.344531 0.640625 0.344531 0.654297 0.337500 0.663086 0.329688 0.665039
0 0.535156 0.000000 0.525000 0.018555 0.509375 0.018555 0.504687 0.014648 0.484375 0.016602 0.474219 0.007812 0.475781 0.000000
0 0.931250 0.096680 0.920312 0.094727 0.917188 0.090820 0.907813 0.094727 0.903906 0.085938 0.903906 0.072266 0.915625 0.063477 0.925000 0.067383 0.929688 0.065430 0.933594 0.074219 0.933594 0.093750 0.931250 0.096680
0 0.151562 0.393555 0.139063 0.391602 0.130469 0.382812 0.128906 0.373047 0.130469 0.353516 0.143750 0.338867 0.155469 0.345703 0.161719 0.363281 0.155469 0.378906 0.155469 0.388672 0.151562 0.393555
0 0.764062 0.651367 0.735938 0.647461 0.721875 0.633789 0.717969 0.628906 0.717969 0.623047 0.711719 0.615234 0.708594 0.605469 0.708594 0.593750 0.721875 0.581055 0.750000 0.581055 0.757812 0.584961 0.774219 0.615234 0.774219 0.642578 0.764062 0.651367
0 0.042188 0.723633 0.021875 0.721680 0.018750 0.717773 0.012500 0.717773 0.005469 0.708984 0.002344 0.656250 0.003906 0.646484 0.009375 0.637695 0.031250 0.631836 0.046875 0.631836 0.071094 0.662109 0.072656 0.679688 0.069531 0.705078 0.056250 0.719727 0.042188 0.723633
0 0.031250 0.461914 0.025000 0.458008 0.017188 0.458008 0.010156 0.447266 0.007031 0.437500 0.007031 0.417969 0.012500 0.411133 0.021875 0.407227 0.034375 0.407227 0.043750 0.413086 0.050781 0.421875 0.049219 0.439453 0.044531 0.451172 0.039062 0.459961 0.031250 0.461914
0 0.879687 0.559570 0.865625 0.557617 0.850781 0.539062 0.846094 0.529297 0.846094 0.521484 0.835156 0.511719 0.833594 0.498047 0.838281 0.492188 0.838281 0.486328 0.847656 0.480469 0.850781 0.458984 0.859375 0.448242 0.864062 0.446289 0.875000 0.450195 0.880469 0.457031 0.885156 0.468750 0.885156 0.478516 0.891406 0.484375 0.888281 0.496094 0.892969 0.503906 0.892969 0.515625 0.897656 0.525391 0.894531 0.542969 0.879687 0.559570
0 0.071875 0.178711 0.056250 0.178711 0.042969 0.162109 0.039844 0.154297 0.041406 0.138672 0.060937 0.124023 0.076563 0.124023 0.084375 0.127930 0.091406 0.138672 0.088281 0.154297 0.089844 0.162109 0.081250 0.172852 0.076563 0.172852 0.071875 0.178711
0 0.457813 0.725586 0.443750 0.725586 0.426563 0.719727 0.417969 0.708984 0.414844 0.666016 0.419531 0.660156 0.421094 0.650391 0.429688 0.641602 0.456250 0.643555 0.467969 0.650391 0.475781 0.687500 0.457813 0.725586
