0 0.628125 0.283203 0.615625 0.283203 0.590625 0.267578 0.573438 0.246094 0.560937 0.218750 0.560937 0.187500 0.567187 0.167969 0.585938 0.128906 0.600000 0.115234 0.612500 0.115234 0.631250 0.126953 0.648438 0.148438 0.654687 0.167969 0.654687 0.253906 0.643750 0.275391 0.628125 0.283203
0 0.268750 0.755859 0.256250 0.755859 0.235937 0.742188 0.232813 0.707031 0.264062 0.625000 0.267188 0.601562 0.284375 0.576172 0.306250 0.568359 0.325000 0.580078 0.365625 0.587891 0.406250 0.607422 0.417187 0.621094 0.409375 0.638672 0.368750 0.658203 0.303125 0.732422 0.268750 0.755859
0 0.996875 0.970703 0.982812 0.957031 0.976562 0.941406 0.976562 0.921875 0.990625 0.900391 0.996875 0.900391
0 0.000000 0.044922 0.020313 0.023438 0.025000 0.009766 0.034375 0.009766 0.068750 0.041016 0.082812 0.066406 0.082812 0.093750 0.059375 0.134766 0.040625 0.146484 0.009375 0.142578 0.000000 0.134766
0 0.995313 0.080078 0.996875 0.080078 0.996875 0.173828 0.995313 0.173828
0 0.328125 0.263672 0.281250 0.263672 0.256250 0.244141 0.245312 0.226562 0.239063 0.210938 0.239063 0.144531 0.245312 0.128906 0.265625 0.107422 0.309375 0.103516 0.335938 0.117188 0.354687 0.187500 0.345313 0.207031 0.342187 0.238281 0.328125 0.263672
0 0.890625 0.201172 0.878125 0.197266 0.870313 0.187500 0.860938 0.164062 0.867188 0.109375 0.885938 0.074219 0.909375 0.044922 0.918750 0.052734 0.928125 0.052734 0.940625 0.041016 0.962500 0.044922 0.976562 0.058594 0.960938 0.093750 0.957812 0.113281 0.950000 0.115234 0.935937 0.132812 0.929688 0.171875 0.918750 0.185547 0.890625 0.201172
0 0.000000 0.298828 0.015625 0.279297 0.031250 0.275391 0.046875 0.259766 0.050000 0.271484 0.067187 0.285156 0.064062 0.308594 0.045312 0.335938 0.045312 0.390625 0.028125 0.412109 0.000000 0.427734
0 0.675000 0.646484 0.628125 0.646484 0.614062 0.617188 0.607812 0.539062 0.614062 0.519531 0.634375 0.501953 0.668750 0.505859 0.701562 0.570312 0.704688 0.617188 0.690625 0.638672 0.675000 0.646484
0 0.571875 0.994141 0.534375 0.994141 0.529687 0.984375 0.550000 0.962891 0.565625 0.962891 0.576562 0.976562 0.571875 0.994141
0 0.443750 0.916016 0.434375 0.916016 0.428125 0.908203 0.334375 0.869141 0.318750 0.857422 0.300000 0.853516 0.292187 0.832031 0.292187 0.800781 0.303125 0.791016 0.343750 0.794922 0.365625 0.779297 0.440625 0.783203 0.445312 0.789062 0.445312 0.824219 0.470313 0.859375 0.467187 0.886719 0.443750 0.916016
0 0.728125 0.818359 0.684375 0.814453 0.648438 0.781250 0.648438 0.718750 0.665625 0.697266 0.715625 0.689453 0.754687 0.722656 0.760938 0.742188 0.760938 0.769531 0.751563 0.796875 0.728125 0.818359
0 0.593750 0.400391 0.562500 0.396484 0.537500 0.376953 0.526563 0.359375 0.510938 0.316406 0.510938 0.292969 0.517188 0.277344 0.534375 0.259766 0.581250 0.255859 0.617188 0.285156 0.610938 0.292969 0.617188 0.320312 0.614062 0.371094 0.610938 0.382812 0.593750 0.400391
0 0.229687 0.996094 0.229687 0.921875 0.242188 0.894531 0.265625 0.873047 0.296875 0.876953 0.307812 0.890625 0.320312 0.921875 0.320312 0.945312 0.307812 0.964844 0.301563 0.996094
0 0.137500 0.240234 0.125000 0.240234 0.120313 0.234375 0.120313 0.179688 0.132812 0.144531 0.129688 0.078125 0.162500 0.025391 0.181250 0.017578 0.192188 0.035156 0.198437 0.062500 0.198437 0.128906 0.179688 0.191406 0.137500 0.240234
0 0.406250 0.201172 0.371875 0.201172 0.351562 0.183594 0.348438 0.160156 0.335938 0.128906 0.335938 0.097656 0.356250 0.068359 0.378125 0.068359 0.392188 0.082031 0.398438 0.097656 0.417187 0.156250 0.414062 0.191406 0.406250 0.201172
0 0.996875 0.185547 0.984375 0.185547 0.968750 0.173828 0.957812 0.152344 0.957812 0.105469 0.973437 0.062500 0.990625 0.044922 0.996875 0.064453
0 0.914062 0.000000 0.895312 0.039062 0.851562 0.097656 0.829688 0.164062 0.823438 0.199219 0.812500 0.212891 0.800000 0.216797 0.767188 0.175781 0.764062 0.140625 0.792188 0.066406 0.826562 0.000000
0 0.218750 0.615234 0.175000 0.611328 0.162500 0.603516 0.151562 0.585938 0.151562 0.558594 0.165625 0.544922 0.181250 0.541016 0.231250 0.544922 0.248438 0.566406 0.248438 0.582031 0.234375 0.607422 0.218750 0.615234
0 0.740625 0.353516 0.721875 0.353516 0.700000 0.341797 0.670312 0.281250 0.648438 0.269531 0.654687 0.253906 0.656250 0.173828 0.681250 0.177734 0.725000 0.228516 0.779687 0.273438 0.785937 0.289062 0.782813 0.312500 0.762500 0.341797 0.740625 0.353516
0 0.428125 0.779297 0.371875 0.779297 0.348438 0.746094 0.339062 0.710938 0.342187 0.687500 0.356250 0.669922 0.415625 0.630859 0.437500 0.634766 0.448437 0.648438 0.457813 0.667969 0.460938 0.691406 0.460938 0.718750 0.451562 0.753906 0.428125 0.779297
0 0.629687 0.000000 0.618750 0.005859 0.579688 0.000000
0 0.784375 0.962891 0.756250 0.958984 0.739062 0.937500 0.729688 0.898438 0.729688 0.859375 0.746875 0.837891 0.765625 0.830078 0.812500 0.833984 0.829688 0.855469 0.839063 0.886719 0.835938 0.925781 0.826562 0.941406 0.784375 0.962891
0 0.826562 0.000000 0.792188 0.066406 0.762500 0.146484 0.753125 0.138672 0.737500 0.146484 0.717187 0.121094 0.720313 0.093750 0.710938 0.058594 0.710938 0.019531 0.720313 0.000000
0 0.996875 0.732422 0.971875 0.755859 0.940625 0.759766 0.910937 0.730469 0.907813 0.710938 0.910937 0.679688 0.929688 0.636719 0.965625 0.587891 0.996875 0.587891
0 0.906250 0.509766 0.881250 0.505859 0.848437 0.457031 0.848437 0.406250 0.860938 0.363281 0.887500 0.341797 0.903125 0.337891 0.918750 0.345703 0.939063 0.367188 0.951562 0.390625 0.957812 0.417969 0.954688 0.472656 0.928125 0.501953 0.906250 0.509766
0 0.000000 0.798828 0.028125 0.806641 0.046875 0.826172 0.073438 0.863281 0.079687 0.894531 0.079687 0.910156 0.068750 0.939453 0.050000 0.947266 0.021875 0.947266 0.000000 0.931641
0 0.556250 0.876953 0.468750 0.857422 0.445312 0.824219 0.445312 0.804688 0.467187 0.777344 0.468750 0.767578 0.493750 0.751953 0.534375 0.708984 0.565625 0.705078 0.593750 0.720703 0.610938 0.738281 0.632812 0.789062 0.635938 0.828125 0.632812 0.839844 0.612500 0.861328 0.556250 0.876953
0 0.153125 0.740234 0.134375 0.740234 0.114062 0.718750 0.107813 0.695312 0.110937 0.648438 0.121875 0.634766 0.137500 0.626953 0.184375 0.630859 0.201563 0.660156 0.201563 0.691406 0.187500 0.712891 0.153125 0.740234
0 0.387500 0.486328 0.346875 0.486328 0.321875 0.478516 0.301563 0.457031 0.292187 0.433594 0.292187 0.417969 0.285938 0.410156 0.285938 0.378906 0.304688 0.343750 0.334375 0.318359 0.353125 0.318359 0.375000 0.333984 0.414062 0.386719 0.414062 0.453125 0.407813 0.468750 0.387500 0.486328
