0 0.596875 0.240234 0.587500 0.240234 0.576562 0.222656 0.576562 0.183594 0.590625 0.166016 0.600000 0.166016 0.617188 0.191406 0.617188 0.222656 0.596875 0.240234
0 0.537500 0.591797 0.529687 0.589844 0.523438 0.566406 0.507812 0.554688 0.492188 0.511719 0.515625 0.478516 0.543750 0.455078 0.568750 0.451172 0.573438 0.457031 0.573438 0.472656 0.567187 0.480469 0.567187 0.496094 0.553125 0.509766 0.540625 0.505859 0.523438 0.519531 0.523438 0.531250 0.539062 0.562500 0.537500 0.591797
0 0.290625 0.224609 0.275000 0.220703 0.260937 0.195312 0.260937 0.183594 0.271875 0.166016 0.287500 0.166016 0.301563 0.187500 0.298438 0.218750 0.290625 0.224609
0 0.065625 0.908203 0.046875 0.904297 0.032813 0.890625 0.029687 0.863281 0.010937 0.828125 0.010937 0.816406 0.021875 0.798828 0.050000 0.798828 0.054688 0.804688 0.070312 0.851562 0.070312 0.867188 0.082812 0.886719 0.082812 0.894531 0.065625 0.908203
0 0.676562 0.000000 0.676562 0.019531 0.662500 0.033203 0.646875 0.037109 0.634375 0.033203 0.626563 0.023438 0.620313 0.000000
0 0.381250 0.517578 0.373437 0.511719 0.376563 0.500000 0.392188 0.488281 0.398438 0.464844 0.409375 0.451172 0.425000 0.447266 0.442188 0.460938 0.442188 0.468750 0.431250 0.482422 0.400000 0.509766 0.390625 0.505859 0.381250 0.517578
0 0.668750 0.748047 0.662500 0.748047 0.639062 0.718750 0.629687 0.695312 0.634375 0.685547 0.653125 0.693359 0.682813 0.730469 0.682813 0.738281 0.668750 0.748047
0 0.359375 0.146484 0.337500 0.142578 0.323437 0.121094 0.323437 0.097656 0.343750 0.072266 0.357812 0.082031 0.357812 0.093750 0.379688 0.121094 0.379688 0.132812 0.371875 0.142578 0.359375 0.146484
0 0.687500 0.142578 0.656250 0.138672 0.651563 0.132812 0.651563 0.113281 0.662500 0.099609 0.676562 0.093750 0.676562 0.070312 0.693750 0.056641 0.704688 0.070312 0.710938 0.101562 0.692187 0.125000 0.687500 0.142578
0 0.487500 0.353516 0.465625 0.353516 0.454688 0.332031 0.439063 0.320312 0.442188 0.261719 0.448437 0.246094 0.465625 0.232422 0.487500 0.236328 0.510938 0.265625 0.507812 0.324219 0.501563 0.339844 0.487500 0.353516
0 0.989062 0.000000 0.984375 0.013672 0.953125 0.021484 0.946875 0.029297 0.906250 0.025391 0.901563 0.019531 0.904687 0.000000
0 0.278125 0.318359 0.243750 0.314453 0.225000 0.283203 0.207813 0.269531 0.207813 0.257812 0.228125 0.244141 0.275000 0.251953 0.298438 0.281250 0.298438 0.308594 0.278125 0.318359
0 0.996875 0.244141 0.982812 0.214844 0.982812 0.175781 0.996875 0.158203
0 0.512500 0.884766 0.500000 0.884766 0.489063 0.871094 0.484375 0.853516 0.473438 0.867188 0.473438 0.875000 0.462500 0.880859 0.445312 0.867188 0.435937 0.843750 0.435937 0.804688 0.442188 0.781250 0.450000 0.771484 0.496875 0.759766 0.495312 0.769531 0.500000 0.775391 0.506250 0.775391 0.509375 0.767578 0.528125 0.794922 0.540625 0.794922 0.548438 0.804688 0.548438 0.843750 0.512500 0.884766
0 0.400000 0.095703 0.390625 0.095703 0.379688 0.078125 0.379688 0.066406 0.387500 0.052734 0.403125 0.052734 0.417187 0.070312 0.417187 0.082031 0.400000 0.095703
