0 0.179688 0.392578 0.167969 0.384766 0.152344 0.388672 0.138672 0.371094 0.150391 0.332031 0.160156 0.326172 0.177734 0.335938 0.189453 0.355469 0.189453 0.382812 0.179688 0.392578
0 0.289062 0.908203 0.265625 0.908203 0.244141 0.882812 0.244141 0.863281 0.251953 0.847656 0.265625 0.837891 0.296875 0.841797 0.310547 0.863281 0.306641 0.890625 0.289062 0.908203
0 0.253906 0.673828 0.230469 0.669922 0.224609 0.660156 0.259766 0.613281 0.281250 0.603516 0.291016 0.613281 0.291016 0.636719 0.283203 0.652344 0.253906 0.673828
0 0.945312 0.158203 0.929688 0.158203 0.917969 0.150391 0.908203 0.132812 0.908203 0.109375 0.917969 0.095703 0.949219 0.091797 0.968750 0.099609 0.974609 0.109375 0.966797 0.140625 0.945312 0.158203
0 0.226562 0.185547 0.167969 0.185547 0.162109 0.179688 0.162109 0.156250 0.183594 0.138672 0.210938 0.138672 0.232422 0.160156 0.226562 0.185547
0 0.382812 0.244141 0.371094 0.244141 0.353516 0.218750 0.353516 0.203125 0.363281 0.193359 0.398438 0.193359 0.412109 0.207031 0.404297 0.230469 0.382812 0.244141
0 0.437500 0.107422 0.437500 0.041016 0.455078 0.058594 0.455078 0.078125 0.443359 0.089844 0.447266 0.097656 0.437500 0.107422
0 0.064453 0.996094 0.078125 0.982422 0.097656 0.974609 0.125000 0.982422 0.130859 0.996094
0 0.574219 0.466797 0.546875 0.458984 0.525391 0.433594 0.525391 0.414062 0.535156 0.404297 0.570312 0.412109 0.595703 0.429688 0.595703 0.449219 0.574219 0.466797
0 0.498047 0.996094 0.494141 0.980469 0.501953 0.964844 0.515625 0.955078 0.531250 0.955078 0.548828 0.968750 0.544922 0.996094
