0 0.768678 0.981731 0.754310 0.981731 0.744253 0.975962 0.739224 0.967308 0.739224 0.961538 0.744253 0.952885 0.758621 0.947115 0.767241 0.925962 0.775862 0.925962 0.783764 0.934615 0.783764 0.955769 0.775144 0.976923 0.768678 0.981731
0 0.288793 0.577885 0.284483 0.577885 0.280891 0.573077 0.279454 0.534615 0.283764 0.521154 0.291667 0.510577 0.301724 0.506731 0.312500 0.517308 0.313937 0.536538 0.308190 0.551923 0.288793 0.577885
0 0.511494 0.245192 0.498563 0.243269 0.493534 0.232692 0.496408 0.198077 0.505747 0.185577 0.517241 0.185577 0.528736 0.179808 0.535201 0.194231 0.542385 0.201923 0.542385 0.207692 0.538793 0.212500 0.528736 0.216346 0.511494 0.245192
0 0.132184 0.925962 0.123563 0.925962 0.116379 0.922115 0.107040 0.909615 0.104167 0.901923 0.104167 0.890385 0.110632 0.881731 0.139368 0.879808 0.154454 0.896154 0.154454 0.909615 0.149425 0.916346 0.146552 0.920192 0.132184 0.925962
0 0.699713 0.747115 0.692529 0.747115 0.686063 0.738462 0.683190 0.730769 0.684626 0.707692 0.687500 0.698077 0.695402 0.685577 0.701149 0.681731 0.712644 0.681731 0.717672 0.688462 0.719109 0.703846 0.709052 0.738462 0.699713 0.747115
0 0.241379 0.233654 0.231322 0.233654 0.226293 0.226923 0.226293 0.205769 0.229167 0.196154 0.244253 0.179808 0.258621 0.177885 0.266523 0.186538 0.269397 0.200000 0.267960 0.207692 0.261494 0.218269 0.241379 0.233654
0 0.738506 0.385577 0.725575 0.383654 0.719109 0.375000 0.717672 0.363462 0.731322 0.337500 0.739943 0.333654 0.750000 0.333654 0.760776 0.355769 0.760776 0.369231 0.750000 0.381731 0.738506 0.385577
0 0.716954 0.597115 0.709770 0.597115 0.703305 0.588462 0.698994 0.575000 0.706178 0.550000 0.722701 0.527885 0.744253 0.518269 0.748563 0.520192 0.753592 0.530769 0.753592 0.550000 0.750718 0.557692 0.721264 0.595192 0.716954 0.597115
0 0.537356 0.272115 0.530172 0.272115 0.520833 0.255769 0.517960 0.238462 0.520833 0.226923 0.528736 0.216346 0.538793 0.212500 0.543103 0.206731 0.561782 0.204808 0.568966 0.208654 0.573994 0.215385 0.579741 0.236538 0.579741 0.248077 0.576868 0.255769 0.570402 0.262500 0.550287 0.264423 0.537356 0.272115
0 0.686782 0.379808 0.675287 0.375962 0.670259 0.369231 0.667385 0.355769 0.674569 0.348077 0.676006 0.340385 0.683908 0.329808 0.693966 0.329808 0.703305 0.342308 0.703305 0.359615 0.698276 0.370192 0.686782 0.379808
0 0.540230 0.106731 0.525862 0.106731 0.508621 0.097115 0.500718 0.086538 0.499282 0.063462 0.507184 0.050962 0.528736 0.050962 0.538075 0.063462 0.538075 0.069231 0.545259 0.086538 0.545259 0.100000 0.540230 0.106731
0 0.000000 0.297115 0.007184 0.285577 0.012931 0.283654 0.017241 0.285577 0.021552 0.293269 0.027299 0.295192 0.030891 0.301923 0.029454 0.326923 0.018678 0.341346 0.000000 0.347115
0 0.415230 0.933654 0.403736 0.933654 0.395833 0.923077 0.398707 0.909615 0.397270 0.892308 0.398707 0.886538 0.405172 0.879808 0.416667 0.879808 0.422414 0.883654 0.428879 0.900000 0.426006 0.919231 0.415230 0.933654
0 0.961207 0.216346 0.943966 0.216346 0.934626 0.203846 0.923132 0.163462 0.923132 0.148077 0.926724 0.143269 0.943966 0.143269 0.959052 0.159615 0.963362 0.178846 0.969109 0.184615 0.971983 0.192308 0.971983 0.209615 0.961207 0.216346
0 0.968391 0.143269 0.955460 0.143269 0.946839 0.127885 0.932471 0.124038 0.928879 0.119231 0.928879 0.109615 0.938218 0.097115 0.949713 0.097115 0.956897 0.089423 0.964080 0.089423 0.969109 0.098077 0.969109 0.107692 0.964799 0.113462 0.964799 0.119231 0.970546 0.128846 0.970546 0.140385 0.968391 0.143269
0 0.760057 0.422115 0.745690 0.422115 0.739224 0.417308 0.733477 0.405769 0.733477 0.390385 0.735632 0.385577 0.750000 0.381731 0.757184 0.374038 0.761494 0.377885 0.767241 0.377885 0.773707 0.384615 0.775144 0.400000 0.772270 0.407692 0.760057 0.422115
0 0.936063 0.998077 0.924569 0.984615 0.913075 0.959615 0.913075 0.942308 0.920977 0.922115 0.941092 0.924038 0.948276 0.929808 0.959052 0.946154 0.960489 0.971154 0.954741 0.990385 0.947557 0.998077
0 0.340517 0.372115 0.324713 0.370192 0.316810 0.359615 0.312500 0.340385 0.312500 0.323077 0.318247 0.309615 0.326149 0.297115 0.336207 0.291346 0.346264 0.293269 0.352730 0.300000 0.352730 0.319231 0.346983 0.330769 0.348420 0.363462 0.340517 0.372115
0 0.583333 0.956731 0.571839 0.952885 0.556753 0.936538 0.556753 0.921154 0.563218 0.908654 0.580460 0.904808 0.594109 0.921154 0.596983 0.928846 0.596983 0.940385 0.589080 0.952885 0.583333 0.956731
0 0.962644 0.525962 0.954023 0.524038 0.950431 0.519231 0.953305 0.498077 0.956178 0.494231 0.953305 0.482692 0.953305 0.467308 0.956897 0.458654 0.969828 0.458654 0.982759 0.466346 0.990661 0.476923 0.992098 0.498077 0.977011 0.520192 0.962644 0.525962
0 0.000000 0.564423 0.004310 0.564423 0.014368 0.574038 0.020833 0.582692 0.023707 0.592308 0.023707 0.603846 0.017241 0.614423 0.000000 0.614423
0 0.771552 0.735577 0.764368 0.733654 0.752155 0.721154 0.749282 0.694231 0.758621 0.683654 0.765805 0.683654 0.770115 0.689423 0.780172 0.693269 0.789511 0.707692 0.789511 0.726923 0.784483 0.731731 0.771552 0.735577
0 0.307471 0.141346 0.294540 0.139423 0.280891 0.119231 0.275144 0.101923 0.275144 0.071154 0.285920 0.060577 0.294540 0.060577 0.299569 0.065385 0.308190 0.098077 0.309626 0.119231 0.313937 0.126923 0.307471 0.141346
0 0.998563 0.100962 0.987069 0.097115 0.976293 0.086538 0.976293 0.067308 0.984195 0.047115 0.992816 0.047115 0.998563 0.058654
0 0.727011 0.477885 0.719828 0.475962 0.706178 0.457692 0.703305 0.446154 0.700431 0.428846 0.701868 0.415385 0.712644 0.406731 0.721264 0.412500 0.732040 0.426923 0.736351 0.438462 0.737787 0.459615 0.733477 0.471154 0.727011 0.477885
0 0.063218 0.954808 0.057471 0.954808 0.049569 0.940385 0.049569 0.919231 0.045259 0.905769 0.045259 0.892308 0.051724 0.881731 0.064655 0.885577 0.072557 0.894231 0.079741 0.909615 0.076868 0.934615 0.071121 0.948077 0.063218 0.954808
0 0.860632 0.731731 0.846264 0.725962 0.838362 0.715385 0.838362 0.709615 0.835489 0.705769 0.839799 0.698077 0.841236 0.675000 0.853448 0.664423 0.864943 0.668269 0.871408 0.680769 0.869971 0.700000 0.872845 0.721154 0.867816 0.729808 0.860632 0.731731
0 0.336207 0.129808 0.327586 0.129808 0.321121 0.123077 0.309626 0.086538 0.309626 0.069231 0.312500 0.059615 0.320402 0.052885 0.326149 0.052885 0.334052 0.061538 0.346983 0.098077 0.346983 0.113462 0.336207 0.129808
0 0.806034 0.172115 0.803161 0.172115 0.798132 0.165385 0.798132 0.151923 0.803879 0.130769 0.814655 0.116346 0.829023 0.118269 0.832615 0.126923 0.832615 0.134615 0.825431 0.161538 0.806034 0.172115
0 0.826868 0.998077 0.823994 0.994231 0.823994 0.982692 0.835489 0.951923 0.846264 0.939423 0.862069 0.941346 0.869971 0.951923 0.869971 0.957692 0.872845 0.961538 0.871408 0.978846 0.867816 0.983654 0.849138 0.991346 0.842672 0.998077
0 0.852011 0.800962 0.841954 0.797115 0.836925 0.790385 0.836925 0.771154 0.844109 0.755769 0.846983 0.742308 0.852011 0.735577 0.866379 0.737500 0.877155 0.748077 0.878592 0.763462 0.868534 0.786538 0.859195 0.797115 0.852011 0.800962
0 0.936782 0.270192 0.920977 0.268269 0.915948 0.263462 0.914511 0.255769 0.914511 0.246154 0.920259 0.228846 0.926724 0.218269 0.931034 0.216346 0.942529 0.218269 0.950431 0.230769 0.947557 0.259615 0.936782 0.270192
0 0.000000 0.154808 0.010057 0.147115 0.017241 0.147115 0.021552 0.143269 0.034483 0.143269 0.042385 0.151923 0.042385 0.163462 0.028736 0.179808 0.007184 0.189423 0.000000 0.187500
0 0.038793 0.881731 0.025862 0.879808 0.019397 0.865385 0.020833 0.851923 0.027299 0.841346 0.038793 0.839423 0.047414 0.843269 0.061782 0.843269 0.071121 0.851923 0.071121 0.861538 0.066092 0.872115 0.038793 0.881731
0 0.966236 0.000000 0.962644 0.004808 0.952586 0.004808 0.946839 0.008654 0.936782 0.024038 0.928879 0.013462 0.927443 0.000000
0 0.788793 0.797115 0.780172 0.797115 0.767960 0.782692 0.769397 0.755769 0.774425 0.739423 0.791667 0.747115 0.798132 0.759615 0.793822 0.790385 0.788793 0.797115
0 0.806034 0.554808 0.803161 0.554808 0.795259 0.540385 0.795259 0.532692 0.800287 0.522115 0.820402 0.508654 0.834770 0.510577 0.841236 0.517308 0.841236 0.530769 0.833333 0.545192 0.814655 0.547115 0.806034 0.554808
0 0.998563 0.397115 0.988506 0.410577 0.972701 0.420192 0.955460 0.416346 0.947557 0.405769 0.946121 0.398077 0.953305 0.367308 0.965517 0.354808 0.982759 0.358654 0.990661 0.367308 0.998563 0.381731
0 0.658764 0.000000 0.658764 0.007692 0.667385 0.023077 0.667385 0.030769 0.655172 0.049038 0.645115 0.052885 0.636494 0.050962 0.627155 0.040385 0.622845 0.030769 0.621408 0.011538 0.630029 0.000000
0 0.824713 0.385577 0.818966 0.385577 0.812500 0.378846 0.806753 0.359615 0.808190 0.330769 0.811063 0.323077 0.817529 0.316346 0.827586 0.316346 0.831897 0.320192 0.838362 0.336538 0.836925 0.371154 0.831897 0.381731 0.824713 0.385577
0 0.814655 0.652885 0.801724 0.652885 0.797414 0.649038 0.789511 0.648077 0.789511 0.613462 0.798851 0.600962 0.813218 0.604808 0.825431 0.619231 0.828305 0.626923 0.828305 0.638462 0.825431 0.644231 0.814655 0.652885
0 0.751437 0.249038 0.739943 0.247115 0.728448 0.239423 0.711925 0.217308 0.710489 0.203846 0.716954 0.197115 0.725575 0.195192 0.734195 0.200962 0.741379 0.210577 0.755747 0.216346 0.762213 0.225000 0.762213 0.240385 0.751437 0.249038
0 0.211207 0.583654 0.199713 0.581731 0.174569 0.551923 0.167385 0.536538 0.167385 0.526923 0.172414 0.520192 0.179598 0.520192 0.196839 0.529808 0.207615 0.544231 0.216236 0.561538 0.216236 0.576923 0.211207 0.583654
0 0.070402 0.314423 0.063218 0.312500 0.058190 0.305769 0.055316 0.296154 0.056753 0.267308 0.058190 0.261538 0.066092 0.250962 0.073276 0.247115 0.081897 0.247115 0.094109 0.263462 0.095546 0.282692 0.090517 0.293269 0.074713 0.312500 0.070402 0.314423
0 0.090517 0.447115 0.084770 0.445192 0.079741 0.438462 0.079741 0.419231 0.088362 0.396154 0.098420 0.376923 0.109195 0.364423 0.114943 0.360577 0.127874 0.364423 0.131466 0.369231 0.131466 0.384615 0.127155 0.396154 0.115661 0.411538 0.105603 0.434615 0.099138 0.443269 0.090517 0.447115
0 0.442529 0.110577 0.431034 0.108654 0.424569 0.096154 0.424569 0.080769 0.428879 0.063462 0.436782 0.054808 0.443966 0.054808 0.448276 0.058654 0.459052 0.076923 0.459052 0.096154 0.454023 0.102885 0.442529 0.110577
0 0.102011 0.097115 0.090517 0.093269 0.078305 0.073077 0.079741 0.053846 0.087644 0.045192 0.109195 0.045192 0.114224 0.048077 0.119971 0.059615 0.121408 0.073077 0.118534 0.084615 0.112069 0.093269 0.102011 0.097115
0 0.817529 0.593269 0.808908 0.593269 0.801724 0.587500 0.796695 0.578846 0.796695 0.569231 0.804598 0.554808 0.814655 0.547115 0.834770 0.545192 0.841236 0.557692 0.841236 0.565385 0.823276 0.589423 0.817529 0.593269
0 0.623563 0.337500 0.613506 0.335577 0.609914 0.330769 0.609914 0.321154 0.617098 0.296154 0.622126 0.291346 0.632184 0.291346 0.645833 0.301923 0.645833 0.311538 0.633621 0.333654 0.623563 0.337500
0 0.811782 0.877885 0.788793 0.877885 0.776580 0.859615 0.776580 0.844231 0.783046 0.835577 0.788793 0.833654 0.793103 0.825962 0.813218 0.822115 0.823994 0.840385 0.823994 0.861538 0.821121 0.869231 0.811782 0.877885
0 0.439655 0.174038 0.431753 0.169231 0.427443 0.157692 0.428879 0.136538 0.451149 0.120192 0.462644 0.124038 0.470546 0.136538 0.469109 0.153846 0.465517 0.158654 0.448276 0.164423 0.439655 0.174038
0 0.195402 0.470192 0.185345 0.470192 0.178879 0.461538 0.180316 0.438462 0.188218 0.427885 0.196839 0.422115 0.216954 0.422115 0.223420 0.430769 0.221983 0.440385 0.204023 0.464423 0.195402 0.470192
0 0.067529 0.616346 0.056034 0.614423 0.046695 0.596154 0.046695 0.578846 0.053879 0.559615 0.060345 0.552885 0.068966 0.552885 0.074713 0.556731 0.079741 0.565385 0.082615 0.578846 0.079741 0.600000 0.067529 0.616346
0 0.875000 0.443269 0.866379 0.443269 0.852011 0.424038 0.839080 0.422115 0.832615 0.409615 0.835489 0.396154 0.839080 0.391346 0.849138 0.389423 0.853448 0.391346 0.862069 0.402885 0.875000 0.404808 0.878592 0.409615 0.882902 0.425000 0.880029 0.438462 0.875000 0.443269
0 0.553161 0.620192 0.541667 0.618269 0.520833 0.592308 0.513649 0.565385 0.515086 0.553846 0.520115 0.545192 0.531609 0.539423 0.554598 0.566346 0.569684 0.573077 0.571121 0.588462 0.568247 0.603846 0.560345 0.616346 0.553161 0.620192
0 0.751437 0.129808 0.742816 0.129808 0.737069 0.125962 0.732040 0.119231 0.730603 0.107692 0.732040 0.086538 0.737069 0.077885 0.745690 0.072115 0.757184 0.072115 0.760776 0.078846 0.756466 0.096154 0.759339 0.117308 0.757902 0.123077 0.751437 0.129808
0 0.954023 0.795192 0.936782 0.789423 0.928879 0.780769 0.926006 0.773077 0.926006 0.746154 0.931753 0.725000 0.938218 0.718269 0.951149 0.720192 0.956178 0.726923 0.961925 0.742308 0.963362 0.778846 0.961925 0.786538 0.954023 0.795192
0 0.394397 0.000000 0.395833 0.007692 0.391523 0.023077 0.385057 0.031731 0.376437 0.037500 0.362069 0.035577 0.352730 0.023077 0.351293 0.000000
0 0.000000 0.475962 0.013649 0.488462 0.019397 0.501923 0.019397 0.515385 0.015805 0.524038 0.011494 0.527885 0.004310 0.527885 0.000000 0.524038
0 0.640805 0.258654 0.633621 0.258654 0.625718 0.250000 0.625718 0.232692 0.636494 0.216346 0.645115 0.208654 0.659483 0.210577 0.664511 0.219231 0.663075 0.228846 0.653017 0.242308 0.650144 0.251923 0.640805 0.258654
0 0.132184 0.972115 0.125000 0.970192 0.117098 0.957692 0.117098 0.946154 0.112787 0.938462 0.117816 0.922115 0.123563 0.925962 0.140805 0.922115 0.151580 0.940385 0.151580 0.951923 0.132184 0.972115
0 0.910920 0.531731 0.897989 0.531731 0.889368 0.525962 0.879310 0.525962 0.873563 0.522115 0.869971 0.517308 0.869971 0.503846 0.885057 0.481731 0.893678 0.481731 0.899425 0.485577 0.915948 0.507692 0.917385 0.523077 0.910920 0.531731
0 0.949713 0.606731 0.943966 0.604808 0.928161 0.591346 0.920259 0.575000 0.924569 0.563462 0.924569 0.555769 0.939655 0.537500 0.946839 0.537500 0.950431 0.542308 0.950431 0.563462 0.960489 0.584615 0.960489 0.596154 0.949713 0.606731
0 0.311782 0.474038 0.297414 0.472115 0.291667 0.468269 0.283764 0.455769 0.283764 0.442308 0.286638 0.432692 0.301724 0.418269 0.308908 0.414423 0.318966 0.414423 0.331897 0.422115 0.344109 0.442308 0.344109 0.448077 0.326149 0.468269 0.311782 0.474038
0 0.517241 0.889423 0.500000 0.885577 0.492816 0.877885 0.487787 0.867308 0.487787 0.850000 0.490661 0.840385 0.500000 0.827885 0.522989 0.820192 0.533046 0.824038 0.540948 0.834615 0.543822 0.844231 0.543822 0.857692 0.540948 0.869231 0.533046 0.881731 0.517241 0.889423
0 0.998563 0.177885 0.991379 0.183654 0.981322 0.183654 0.978448 0.179808 0.972701 0.179808 0.968391 0.183654 0.963362 0.178846 0.960489 0.169231 0.971264 0.152885 0.984195 0.141346 0.992816 0.141346 0.998563 0.149038
0 0.706897 0.314423 0.698276 0.312500 0.684626 0.296154 0.686063 0.280769 0.693966 0.272115 0.704023 0.270192 0.714080 0.275962 0.719828 0.275962 0.728448 0.281731 0.732040 0.288462 0.732040 0.294231 0.725575 0.302885 0.722701 0.302885 0.714080 0.312500 0.706897 0.314423
0 0.897989 0.689423 0.886494 0.687500 0.878592 0.678846 0.874282 0.667308 0.874282 0.642308 0.877155 0.632692 0.889368 0.618269 0.905172 0.616346 0.914511 0.628846 0.917385 0.659615 0.913075 0.675000 0.905172 0.685577 0.897989 0.689423
0 0.228448 0.508654 0.221264 0.506731 0.216236 0.498077 0.219109 0.478846 0.229885 0.464423 0.235632 0.464423 0.242816 0.456731 0.252874 0.456731 0.263649 0.473077 0.265086 0.488462 0.260057 0.495192 0.244253 0.495192 0.228448 0.508654
0 0.543103 0.199038 0.538793 0.199038 0.529454 0.180769 0.529454 0.159615 0.540230 0.145192 0.548851 0.141346 0.561782 0.145192 0.565374 0.151923 0.562500 0.180769 0.557471 0.189423 0.543103 0.199038
0 0.926724 0.904808 0.913793 0.895192 0.907328 0.886538 0.903017 0.875000 0.900144 0.863462 0.900144 0.844231 0.908046 0.833654 0.915230 0.833654 0.928161 0.843269 0.940374 0.859615 0.944684 0.873077 0.946121 0.886538 0.943247 0.896154 0.935345 0.902885 0.926724 0.904808
0 0.709052 0.000000 0.711925 0.009615 0.710489 0.019231 0.701149 0.031731 0.692529 0.029808 0.683190 0.019231 0.678879 0.009615 0.678879 0.000000
0 0.502874 0.304808 0.491379 0.300962 0.471983 0.276923 0.470546 0.255769 0.474856 0.240385 0.478448 0.235577 0.494253 0.233654 0.506466 0.257692 0.507902 0.271154 0.512213 0.280769 0.512213 0.290385 0.510776 0.296154 0.502874 0.304808
0 0.232759 0.375962 0.221264 0.375962 0.216954 0.372115 0.211925 0.361538 0.210489 0.348077 0.214799 0.340385 0.214799 0.334615 0.227011 0.314423 0.235632 0.308654 0.245690 0.308654 0.252155 0.317308 0.253592 0.340385 0.232759 0.375962
0 0.303161 0.343269 0.294540 0.343269 0.288075 0.330769 0.293822 0.313462 0.293822 0.292308 0.296695 0.284615 0.303161 0.277885 0.320402 0.279808 0.326868 0.288462 0.326868 0.296154 0.312500 0.323077 0.312500 0.338462 0.303161 0.343269
0 0.928161 0.110577 0.922414 0.110577 0.918103 0.104808 0.908764 0.090385 0.908764 0.084615 0.925287 0.066346 0.931034 0.066346 0.939655 0.058654 0.948276 0.060577 0.951868 0.067308 0.951868 0.080769 0.943966 0.097115 0.938218 0.097115 0.928161 0.110577
0 0.981322 0.733654 0.974138 0.731731 0.969109 0.725000 0.966236 0.715385 0.967672 0.701923 0.979885 0.685577 0.989943 0.683654 0.996408 0.694231 0.997845 0.711538 0.996408 0.717308 0.994253 0.720192 0.988506 0.720192 0.986351 0.728846 0.981322 0.733654
0 0.834770 0.058654 0.818966 0.058654 0.808908 0.054808 0.799569 0.044231 0.798132 0.034615 0.813218 0.018269 0.829023 0.018269 0.836207 0.022115 0.842672 0.028846 0.845546 0.044231 0.834770 0.058654
0 0.857759 0.277885 0.850575 0.277885 0.835489 0.259615 0.834052 0.238462 0.837644 0.231731 0.849138 0.227885 0.859195 0.229808 0.869971 0.242308 0.869971 0.250000 0.874282 0.255769 0.874282 0.259615 0.857759 0.277885
0 0.524425 0.424038 0.514368 0.422115 0.497126 0.406731 0.479885 0.404808 0.473420 0.396154 0.473420 0.380769 0.476293 0.375000 0.484195 0.366346 0.495690 0.362500 0.510057 0.362500 0.525862 0.368269 0.540948 0.386538 0.542385 0.405769 0.534483 0.418269 0.524425 0.424038
0 0.886494 0.608654 0.877874 0.608654 0.872845 0.603846 0.868534 0.594231 0.869971 0.580769 0.887931 0.564423 0.899425 0.558654 0.909483 0.560577 0.915948 0.569231 0.914511 0.590385 0.910920 0.595192 0.900862 0.597115 0.886494 0.608654
0 0.175287 0.425962 0.169540 0.424038 0.161638 0.413462 0.161638 0.400000 0.170259 0.378846 0.175287 0.372115 0.182471 0.370192 0.198276 0.383654 0.203305 0.398077 0.200431 0.405769 0.189655 0.420192 0.175287 0.425962
0 0.344109 0.998077 0.345546 0.988462 0.350575 0.979808 0.359195 0.977885 0.366379 0.972115 0.375000 0.972115 0.385776 0.998077
0 0.500000 0.802885 0.485632 0.795192 0.479167 0.786538 0.477730 0.771154 0.483477 0.755769 0.488506 0.749038 0.497126 0.745192 0.511494 0.745192 0.525144 0.759615 0.528017 0.773077 0.525144 0.784615 0.515805 0.797115 0.500000 0.802885
0 0.221264 0.133654 0.215517 0.133654 0.210489 0.128846 0.200431 0.105769 0.200431 0.090385 0.211207 0.077885 0.222701 0.077885 0.233477 0.096154 0.233477 0.111538 0.221264 0.133654
0 0.119253 0.245192 0.113506 0.243269 0.104167 0.232692 0.099856 0.215385 0.101293 0.182692 0.109195 0.170192 0.117816 0.170192 0.122845 0.176923 0.128592 0.200000 0.130029 0.226923 0.127155 0.236538 0.119253 0.245192
0 0.696839 0.975962 0.692529 0.974038 0.688937 0.967308 0.686063 0.955769 0.686063 0.934615 0.688937 0.921154 0.693966 0.914423 0.701149 0.912500 0.710489 0.925000 0.714799 0.965385 0.706897 0.974038 0.696839 0.975962
0 0.000000 0.399038 0.008621 0.393269 0.022989 0.391346 0.027299 0.387500 0.038793 0.387500 0.043822 0.394231 0.043822 0.411538 0.040948 0.421154 0.033046 0.433654 0.027299 0.437500 0.010057 0.437500 0.000000 0.429808
0 0.030891 0.998077 0.020833 0.980769 0.017960 0.969231 0.015086 0.942308 0.018678 0.937500 0.028736 0.941346 0.053879 0.978846 0.055316 0.994231 0.052443 0.998077
0 0.637931 0.164423 0.622126 0.164423 0.617816 0.160577 0.606322 0.158654 0.602730 0.153846 0.601293 0.134615 0.610632 0.118269 0.620690 0.114423 0.625000 0.118269 0.630747 0.118269 0.642960 0.128846 0.645833 0.136538 0.645833 0.148077 0.642960 0.157692 0.637931 0.164423
0 0.198276 0.956731 0.185345 0.956731 0.173851 0.937500 0.169540 0.937500 0.160201 0.928846 0.160201 0.909615 0.168103 0.897115 0.179598 0.899038 0.186782 0.910577 0.196839 0.914423 0.201868 0.921154 0.204741 0.928846 0.204741 0.944231 0.198276 0.956731
0 0.172414 0.056731 0.160920 0.052885 0.157328 0.046154 0.157328 0.038462 0.163075 0.025000 0.163075 0.003846 0.165230 0.000962 0.181034 0.002885 0.188937 0.015385 0.188937 0.032692 0.186063 0.042308 0.176724 0.054808 0.172414 0.056731
0 0.900862 0.410577 0.892241 0.410577 0.883621 0.404808 0.877155 0.394231 0.880029 0.369231 0.882902 0.361538 0.890805 0.354808 0.900862 0.358654 0.908046 0.370192 0.911638 0.371154 0.911638 0.405769 0.900862 0.410577
0 0.305316 0.000000 0.303879 0.011538 0.293103 0.022115 0.278736 0.020192 0.270833 0.009615 0.269397 0.000000
0 0.367816 0.208654 0.357759 0.206731 0.349138 0.199038 0.338362 0.176923 0.339799 0.151923 0.344109 0.142308 0.350575 0.135577 0.363506 0.133654 0.372126 0.137500 0.380029 0.148077 0.378592 0.155769 0.385776 0.173077 0.385776 0.190385 0.379310 0.202885 0.367816 0.208654
0 0.675287 0.562500 0.668103 0.562500 0.663075 0.555769 0.663075 0.538462 0.660201 0.530769 0.665948 0.513462 0.672414 0.504808 0.683908 0.502885 0.691810 0.513462 0.693247 0.530769 0.681753 0.557692 0.675287 0.562500
0 0.998563 0.799038 0.992816 0.804808 0.988506 0.804808 0.982759 0.800962 0.977730 0.790385 0.979167 0.771154 0.990661 0.751923 0.986351 0.740385 0.989943 0.735577 0.998563 0.731731
0 0.580460 0.893269 0.566092 0.891346 0.559626 0.882692 0.558190 0.867308 0.564655 0.850962 0.580460 0.843269 0.589080 0.843269 0.598420 0.853846 0.599856 0.865385 0.595546 0.876923 0.580460 0.893269
0 0.728448 0.897115 0.719828 0.897115 0.714799 0.890385 0.716236 0.873077 0.710489 0.867308 0.709052 0.859615 0.711207 0.852885 0.735632 0.841346 0.738506 0.837500 0.747845 0.848077 0.747845 0.857692 0.736351 0.888462 0.728448 0.897115
0 0.446839 0.727885 0.437500 0.721154 0.427443 0.692308 0.427443 0.678846 0.436782 0.664423 0.443966 0.664423 0.446839 0.668269 0.448994 0.675000 0.454741 0.680769 0.457615 0.692308 0.454741 0.713462 0.446839 0.727885
0 0.385776 0.998077 0.382902 0.994231 0.384339 0.980769 0.387213 0.973077 0.395115 0.964423 0.402299 0.964423 0.411638 0.973077 0.413075 0.998077
0 0.593391 0.097115 0.587644 0.097115 0.579023 0.091346 0.571121 0.075000 0.568247 0.040385 0.574713 0.033654 0.586207 0.037500 0.601293 0.061538 0.601293 0.084615 0.593391 0.097115
0 0.622126 0.837500 0.610632 0.833654 0.596983 0.815385 0.596983 0.809615 0.604167 0.792308 0.612069 0.781731 0.619253 0.777885 0.632184 0.777885 0.639368 0.781731 0.644397 0.788462 0.644397 0.809615 0.629310 0.833654 0.622126 0.837500
0 0.913793 0.193269 0.906609 0.193269 0.895115 0.183654 0.886494 0.187500 0.877874 0.185577 0.875718 0.182692 0.874282 0.167308 0.878592 0.155769 0.887931 0.147115 0.903736 0.145192 0.909483 0.150962 0.922414 0.156731 0.926006 0.173077 0.918822 0.188462 0.913793 0.193269
0 0.646552 0.879808 0.635057 0.879808 0.622845 0.859615 0.622845 0.836538 0.629310 0.833654 0.645115 0.808654 0.655172 0.816346 0.663075 0.826923 0.664511 0.834615 0.664511 0.844231 0.658764 0.857692 0.657328 0.867308 0.646552 0.879808
0 0.324713 0.941346 0.314655 0.939423 0.310345 0.933654 0.306034 0.933654 0.299569 0.925000 0.299569 0.913462 0.306753 0.900000 0.318966 0.891346 0.337644 0.899038 0.342672 0.905769 0.342672 0.917308 0.339799 0.926923 0.324713 0.941346
0 0.778736 0.664423 0.771552 0.662500 0.752155 0.642308 0.752155 0.626923 0.755029 0.619231 0.764368 0.608654 0.785920 0.608654 0.790948 0.615385 0.789511 0.651923 0.783046 0.662500 0.778736 0.664423
0 0.850575 0.889423 0.837644 0.889423 0.823276 0.881731 0.816810 0.875000 0.823994 0.861538 0.823994 0.842308 0.834770 0.827885 0.845546 0.836538 0.849856 0.851923 0.858477 0.869231 0.855603 0.882692 0.850575 0.889423
0 0.109195 0.979808 0.079023 0.979808 0.068247 0.967308 0.068247 0.951923 0.079023 0.925962 0.086207 0.920192 0.090517 0.920192 0.102011 0.925962 0.115661 0.942308 0.117098 0.967308 0.109195 0.979808
0 0.173851 0.275962 0.159483 0.274038 0.153736 0.268269 0.151580 0.265385 0.150144 0.251923 0.150144 0.234615 0.153017 0.221154 0.165230 0.202885 0.170977 0.200962 0.176724 0.202885 0.184626 0.211538 0.190374 0.226923 0.190374 0.246154 0.183190 0.259615 0.181753 0.267308 0.173851 0.275962
0 0.670977 0.145192 0.665230 0.145192 0.654454 0.132692 0.654454 0.117308 0.660920 0.104808 0.675287 0.093269 0.691092 0.091346 0.697557 0.100000 0.697557 0.105769 0.700431 0.109615 0.700431 0.121154 0.693966 0.129808 0.670977 0.145192
0 0.973420 0.000000 0.980603 0.009615 0.979167 0.026923 0.962644 0.045192 0.948276 0.050962 0.941092 0.058654 0.933908 0.056731 0.928879 0.050000 0.928879 0.036538 0.946839 0.008654 0.952586 0.004808 0.962644 0.004808 0.966236 0.000000
0 0.579023 0.572115 0.567529 0.572115 0.554598 0.566346 0.529454 0.536538 0.529454 0.519231 0.535920 0.504808 0.541667 0.500962 0.553161 0.500962 0.570402 0.512500 0.582615 0.526923 0.588362 0.542308 0.588362 0.559615 0.579023 0.572115
0 0.998563 0.908654 0.989943 0.920192 0.975575 0.920192 0.957615 0.892308 0.957615 0.884615 0.961207 0.879808 0.972701 0.879808 0.987069 0.868269 0.998563 0.874038
0 0.646552 0.958654 0.637931 0.956731 0.632902 0.950000 0.631466 0.930769 0.638649 0.907692 0.644397 0.898077 0.650862 0.891346 0.658046 0.891346 0.661638 0.896154 0.661638 0.911538 0.658764 0.919231 0.657328 0.942308 0.654454 0.950000 0.646552 0.958654
0 0.714080 0.852885 0.699713 0.849038 0.690374 0.832692 0.690374 0.823077 0.696839 0.816346 0.716954 0.816346 0.722701 0.810577 0.735632 0.812500 0.740661 0.823077 0.739224 0.836538 0.735632 0.841346 0.714080 0.852885
0 0.998563 0.322115 0.995690 0.322115 0.986351 0.311538 0.984914 0.301923 0.982040 0.298077 0.983477 0.286538 0.989224 0.276923 0.989224 0.267308 0.991379 0.264423 0.998563 0.264423
0 0.399425 0.431731 0.390805 0.431731 0.384339 0.423077 0.382902 0.403846 0.390086 0.378846 0.397989 0.368269 0.410920 0.364423 0.420259 0.376923 0.420259 0.400000 0.413075 0.417308 0.399425 0.431731
0 0.673851 0.499038 0.662356 0.497115 0.658764 0.490385 0.660201 0.457692 0.665230 0.449038 0.670977 0.447115 0.679598 0.449038 0.684626 0.457692 0.680316 0.494231 0.673851 0.499038
0 0.515805 0.952885 0.507184 0.950962 0.501437 0.945192 0.491379 0.945192 0.484914 0.938462 0.483477 0.915385 0.488506 0.904808 0.510057 0.904808 0.525144 0.921154 0.525144 0.940385 0.515805 0.952885
0 0.929598 0.422115 0.919540 0.422115 0.913075 0.411538 0.910201 0.396154 0.911638 0.351923 0.913075 0.346154 0.918103 0.341346 0.933908 0.341346 0.940374 0.348077 0.946121 0.359615 0.944684 0.396154 0.941810 0.400000 0.940374 0.409615 0.929598 0.422115
0 0.231322 0.981731 0.212644 0.981731 0.201868 0.973077 0.198994 0.955769 0.206897 0.939423 0.216954 0.937500 0.227011 0.950962 0.235632 0.954808 0.240661 0.961538 0.240661 0.973077 0.231322 0.981731
0 0.998563 0.664423 0.989943 0.664423 0.979885 0.677885 0.972701 0.681731 0.966954 0.679808 0.959052 0.669231 0.959052 0.657692 0.964799 0.640385 0.975575 0.625962 0.989943 0.618269 0.998563 0.624038
0 0.998563 0.558654 0.987069 0.558654 0.984914 0.555769 0.982040 0.532692 0.983477 0.511538 0.992816 0.497115 0.998563 0.495192
