0 0.306250 0.830078 0.296875 0.814453 0.271875 0.822266 0.265625 0.830078 0.267188 0.820312 0.262500 0.814453 0.235937 0.796875 0.232813 0.777344 0.218750 0.751953 0.196875 0.748047 0.192188 0.742188 0.185938 0.726562 0.185938 0.707031 0.196875 0.685547 0.218750 0.681641 0.243750 0.689453 0.289062 0.734375 0.307812 0.781250 0.301563 0.804688 0.307812 0.816406 0.306250 0.830078
0 0.865625 0.115234 0.862500 0.103516 0.850000 0.103516 0.843750 0.111328 0.793750 0.103516 0.779687 0.089844 0.773438 0.062500 0.793750 0.033203 0.818750 0.025391 0.853125 0.041016 0.867188 0.062500 0.865625 0.115234
0 0.656250 0.447266 0.621875 0.443359 0.617188 0.433594 0.617188 0.406250 0.665625 0.404297 0.670312 0.425781 0.656250 0.447266
0 0.121875 0.177734 0.084375 0.154297 0.054688 0.117188 0.054688 0.082031 0.068750 0.060547 0.093750 0.056641 0.126562 0.117188 0.160938 0.164062 0.150000 0.169922 0.134375 0.166016 0.121875 0.177734
0 0.806250 0.400391 0.795312 0.394531 0.795312 0.382812 0.804688 0.375000 0.801562 0.355469 0.795312 0.347656 0.795312 0.320312 0.803125 0.310547 0.859375 0.310547 0.882812 0.339844 0.876563 0.363281 0.856250 0.384766 0.837500 0.396484 0.812500 0.392578 0.806250 0.400391
0 0.756250 0.826172 0.731250 0.826172 0.710938 0.808594 0.710938 0.769531 0.701562 0.738281 0.701562 0.683594 0.709375 0.673828 0.737500 0.673828 0.759375 0.689453 0.781250 0.685547 0.810937 0.718750 0.807813 0.746094 0.803125 0.751953 0.778125 0.748047 0.767188 0.757812 0.767188 0.808594 0.756250 0.826172
0 0.562500 0.802734 0.546875 0.802734 0.525000 0.791016 0.507812 0.757812 0.507812 0.710938 0.521875 0.689453 0.556250 0.689453 0.576562 0.714844 0.579688 0.777344 0.576562 0.789062 0.562500 0.802734
0 0.167187 0.000000 0.140625 0.033203 0.115625 0.025391 0.101562 0.000000
0 0.743750 0.591797 0.712500 0.591797 0.693750 0.583984 0.685937 0.574219 0.685937 0.558594 0.706250 0.541016 0.734375 0.537109 0.756250 0.525391 0.778125 0.529297 0.789062 0.546875 0.789062 0.566406 0.775000 0.580078 0.743750 0.591797
0 0.904687 0.000000 0.896875 0.021484 0.871875 0.021484 0.864062 0.011719 0.864062 0.000000
0 0.546875 0.263672 0.534375 0.263672 0.529687 0.253906 0.526563 0.156250 0.535937 0.136719 0.535937 0.125000 0.526563 0.117188 0.526563 0.101562 0.537500 0.091797 0.559375 0.091797 0.567187 0.105469 0.567187 0.136719 0.560937 0.156250 0.548438 0.171875 0.551562 0.257812 0.546875 0.263672
0 0.242188 0.996094 0.243750 0.978516 0.262500 0.982422 0.279687 0.996094
0 0.379688 0.996094 0.382812 0.988281 0.373437 0.984375 0.376563 0.937500 0.370312 0.917969 0.371875 0.900391 0.389062 0.976562 0.400000 0.990234 0.421875 0.990234 0.428125 0.982422 0.434375 0.990234 0.450000 0.990234 0.454688 0.996094
0 0.671875 0.529297 0.656250 0.525391 0.642188 0.511719 0.642188 0.500000 0.650000 0.490234 0.665625 0.486328 0.685937 0.496094 0.692187 0.507812 0.692187 0.523438 0.671875 0.529297
0 0.368750 0.552734 0.343750 0.552734 0.312500 0.537109 0.298438 0.519531 0.295312 0.503906 0.337500 0.494141 0.362500 0.509766 0.371875 0.509766 0.379688 0.519531 0.379688 0.539062 0.368750 0.552734
0 0.504687 0.000000 0.507812 0.023438 0.520312 0.039062 0.520312 0.062500 0.510938 0.082031 0.500000 0.091797 0.481250 0.083984 0.450000 0.091797 0.437500 0.083984 0.418750 0.056641 0.396875 0.056641 0.392188 0.050781 0.393750 0.041016 0.415625 0.041016 0.423438 0.027344 0.423438 0.000000
0 0.443750 0.814453 0.418750 0.806641 0.364063 0.750000 0.376563 0.722656 0.359375 0.720703 0.357812 0.714844 0.375000 0.689453 0.400000 0.697266 0.426563 0.734375 0.448437 0.789062 0.448437 0.808594 0.443750 0.814453
0 0.125000 0.826172 0.100000 0.814453 0.085938 0.792969 0.085938 0.746094 0.093750 0.728516 0.131250 0.724609 0.164062 0.738281 0.162500 0.751953 0.143750 0.755859 0.129688 0.773438 0.125000 0.826172
0 0.773438 0.000000 0.773438 0.007812 0.746875 0.037109 0.718750 0.048828 0.693750 0.044922 0.682813 0.031250 0.682813 0.015625 0.695312 0.000000
0 0.690625 0.470703 0.679688 0.464844 0.667188 0.441406 0.671875 0.419922 0.690625 0.419922 0.695312 0.429688 0.695312 0.464844 0.690625 0.470703
0 0.621875 0.294922 0.589063 0.292969 0.589063 0.238281 0.593750 0.232422 0.606250 0.232422 0.632812 0.261719 0.632812 0.285156 0.621875 0.294922
0 0.662500 0.865234 0.640625 0.833984 0.631250 0.830078 0.610938 0.804688 0.595313 0.765625 0.595313 0.675781 0.612500 0.654297 0.640625 0.654297 0.653125 0.662109 0.685937 0.699219 0.707812 0.753906 0.710938 0.812500 0.704688 0.828125 0.687500 0.845703 0.665625 0.849609 0.662500 0.865234
0 0.896875 0.341797 0.878125 0.337891 0.859375 0.310547 0.840625 0.310547 0.832812 0.304688 0.835938 0.261719 0.842187 0.242188 0.853125 0.228516 0.881250 0.232422 0.889062 0.250000 0.895312 0.304688 0.901563 0.320312 0.901563 0.335938 0.896875 0.341797
0 0.637500 0.505859 0.618750 0.505859 0.610938 0.496094 0.610938 0.480469 0.621875 0.462891 0.634375 0.462891 0.645312 0.480469 0.645312 0.496094 0.637500 0.505859
0 0.282813 0.996094 0.279687 0.980469 0.257812 0.941406 0.264062 0.914062 0.251563 0.875000 0.251563 0.855469 0.271875 0.822266 0.284375 0.818359 0.303125 0.822266 0.335938 0.875000 0.342187 0.906250 0.351562 0.925781 0.354687 0.996094
0 0.093750 0.908203 0.065625 0.904297 0.039062 0.871094 0.035937 0.855469 0.007812 0.808594 0.007812 0.785156 0.014063 0.769531 0.034375 0.751953 0.050000 0.751953 0.062500 0.759766 0.082812 0.785156 0.104688 0.835938 0.107813 0.890625 0.093750 0.908203
0 0.159375 0.849609 0.150000 0.849609 0.126562 0.816406 0.129688 0.773438 0.143750 0.755859 0.165625 0.748047 0.218750 0.751953 0.232813 0.777344 0.235937 0.824219 0.225000 0.826172 0.215625 0.818359 0.178125 0.822266 0.160938 0.839844 0.159375 0.849609
0 0.846875 0.740234 0.825000 0.740234 0.812500 0.732422 0.810937 0.718750 0.787500 0.689453 0.776563 0.683594 0.754687 0.632812 0.757812 0.605469 0.750000 0.607422 0.745313 0.601562 0.746875 0.587891 0.787500 0.572266 0.839063 0.636719 0.857812 0.683594 0.857812 0.718750 0.846875 0.740234
0 0.470313 0.996094 0.445312 0.957031 0.432812 0.890625 0.423438 0.878906 0.423438 0.867188 0.432812 0.859375 0.437500 0.830078 0.468750 0.853516 0.476562 0.875000 0.498437 0.902344 0.517188 0.972656 0.507812 0.996094
0 0.143750 0.416016 0.118750 0.408203 0.106250 0.396484 0.084375 0.392578 0.057813 0.359375 0.039062 0.320312 0.039062 0.292969 0.050000 0.279297 0.071875 0.275391 0.096875 0.291016 0.126562 0.320312 0.148438 0.382812 0.148438 0.410156 0.143750 0.416016
0 0.196875 0.294922 0.187500 0.294922 0.135937 0.234375 0.120313 0.207031 0.125000 0.173828 0.137500 0.166016 0.159375 0.169922 0.178125 0.181641 0.198437 0.207031 0.201563 0.277344 0.196875 0.294922
0 0.734375 0.427734 0.725000 0.427734 0.715625 0.416016 0.671875 0.396484 0.664062 0.386719 0.664062 0.367188 0.678125 0.361328 0.687500 0.373047 0.693750 0.361328 0.706250 0.353516 0.746875 0.361328 0.754687 0.378906 0.754687 0.406250 0.743750 0.423828 0.734375 0.427734
0 0.982812 0.996094 0.979688 0.972656 0.996875 0.958984
0 0.000000 0.822266 0.012500 0.822266 0.039062 0.863281 0.039062 0.890625 0.012500 0.927734 0.000000 0.923828
0 0.196875 0.384766 0.181250 0.384766 0.167187 0.367188 0.167187 0.343750 0.171875 0.337891 0.198437 0.351562 0.196875 0.384766
0 0.137500 0.626953 0.100000 0.611328 0.085938 0.593750 0.087500 0.556641 0.121875 0.564453 0.142187 0.589844 0.142187 0.621094 0.137500 0.626953
0 0.601562 0.000000 0.593750 0.013672 0.578125 0.021484 0.556250 0.021484 0.545312 0.011719 0.545312 0.000000
0 0.996875 0.876953 0.965625 0.849609 0.956250 0.845703 0.946875 0.853516 0.942187 0.847656 0.910937 0.773438 0.910937 0.742188 0.921875 0.716797 0.937500 0.716797 0.996875 0.763672
0 0.187500 0.177734 0.178125 0.177734 0.162500 0.166016 0.126562 0.117188 0.095312 0.058594 0.103125 0.025391 0.121875 0.025391 0.137500 0.033203 0.157812 0.054688 0.192188 0.140625 0.195312 0.171875 0.187500 0.177734
0 0.971875 0.080078 0.943750 0.064453 0.912500 0.064453 0.893750 0.072266 0.885938 0.050781 0.889062 0.031250 0.870313 0.023438 0.959375 0.013672 0.962500 0.025391 0.975000 0.029297 0.982812 0.039062 0.982812 0.066406 0.971875 0.080078
0 0.732812 0.996094 0.704688 0.957031 0.698438 0.937500 0.692187 0.933594 0.664062 0.878906 0.664062 0.851562 0.681250 0.849609 0.692187 0.875000 0.703125 0.888672 0.709375 0.888672 0.710938 0.882812 0.698438 0.863281 0.698438 0.839844 0.715625 0.826172 0.728125 0.826172 0.782813 0.898438 0.792188 0.917969 0.795312 0.949219 0.776563 0.996094
0 0.587500 0.923828 0.568750 0.923828 0.554688 0.910156 0.529687 0.843750 0.545312 0.824219 0.550000 0.802734 0.562500 0.802734 0.568750 0.794922 0.587500 0.810547 0.614062 0.851562 0.607812 0.902344 0.587500 0.923828
0 0.800000 0.556641 0.790625 0.556641 0.778125 0.529297 0.760938 0.523438 0.764062 0.507812 0.771875 0.498047 0.793750 0.494141 0.798438 0.500000 0.804688 0.515625 0.804688 0.539062 0.814063 0.542969 0.800000 0.556641
0 0.896875 0.423828 0.862500 0.423828 0.857812 0.417969 0.860938 0.382812 0.884375 0.365234 0.900000 0.365234 0.918750 0.376953 0.923438 0.406250 0.912500 0.419922 0.896875 0.423828
0 0.962500 0.419922 0.950000 0.419922 0.929688 0.394531 0.934375 0.373047 0.945312 0.375000 0.964063 0.410156 0.962500 0.419922
0 0.973437 0.000000 0.956250 0.017578 0.928125 0.013672 0.923438 0.000000
0 0.812500 0.541016 0.804688 0.539062 0.804688 0.515625 0.795312 0.496094 0.795312 0.460938 0.801562 0.425781 0.806250 0.419922 0.825000 0.419922 0.835938 0.441406 0.835938 0.460938 0.812500 0.541016
0 0.996875 0.400391 0.978125 0.400391 0.965625 0.392578 0.948438 0.367188 0.948438 0.351562 0.959375 0.333984 0.975000 0.326172 0.996875 0.330078
0 0.387500 0.607422 0.328125 0.607422 0.306250 0.599609 0.304688 0.585938 0.368750 0.580078 0.387500 0.572266 0.418750 0.572266 0.423438 0.578125 0.418750 0.595703 0.387500 0.607422
0 0.865625 0.896484 0.821875 0.892578 0.792188 0.863281 0.767188 0.808594 0.764062 0.765625 0.771875 0.751953 0.806250 0.748047 0.812500 0.763672 0.818750 0.763672 0.848437 0.792969 0.860938 0.824219 0.864062 0.847656 0.873437 0.859375 0.873437 0.882812 0.865625 0.896484
0 0.246875 0.951172 0.228125 0.947266 0.173437 0.894531 0.157812 0.863281 0.160938 0.839844 0.171875 0.826172 0.190625 0.818359 0.215625 0.818359 0.231250 0.826172 0.242188 0.839844 0.264062 0.914062 0.257812 0.937500 0.246875 0.951172
0 0.235937 0.000000 0.235937 0.011719 0.221875 0.037109 0.210938 0.027344 0.201563 0.000000
0 0.568750 0.373047 0.562500 0.373047 0.557813 0.363281 0.557813 0.332031 0.571875 0.306641 0.593750 0.306641 0.592187 0.343750 0.568750 0.373047
0 0.421875 0.990234 0.400000 0.990234 0.389062 0.976562 0.379688 0.921875 0.364063 0.875000 0.364063 0.851562 0.371875 0.841797 0.387500 0.841797 0.404687 0.871094 0.410938 0.910156 0.429688 0.957031 0.429688 0.980469 0.421875 0.990234
0 0.609375 0.162109 0.598437 0.160156 0.598437 0.125000 0.629687 0.070312 0.637500 0.060547 0.650000 0.060547 0.651563 0.093750 0.645312 0.109375 0.632812 0.140625 0.609375 0.162109
0 0.703125 0.353516 0.673438 0.351562 0.671875 0.294922 0.690625 0.294922 0.718750 0.306641 0.726562 0.316406 0.726562 0.332031 0.703125 0.353516
0 0.937500 0.595703 0.918750 0.591797 0.892188 0.570312 0.889062 0.542969 0.900000 0.525391 0.912500 0.525391 0.926562 0.542969 0.939063 0.578125 0.937500 0.595703
0 0.934375 0.564453 0.926562 0.542969 0.912500 0.525391 0.895312 0.523438 0.885938 0.488281 0.925000 0.466797 0.950000 0.466797 0.965625 0.474609 0.976562 0.488281 0.979688 0.519531 0.965625 0.541016 0.946875 0.544922 0.934375 0.564453
0 0.590625 0.529297 0.581250 0.529297 0.573438 0.519531 0.575000 0.470703 0.581250 0.470703 0.592187 0.488281 0.595313 0.523438 0.590625 0.529297
0 0.703125 0.205078 0.681250 0.205078 0.673438 0.191406 0.673438 0.160156 0.684375 0.146484 0.700000 0.146484 0.714063 0.167969 0.714063 0.195312 0.703125 0.205078
0 0.145313 0.996094 0.142187 0.945312 0.153125 0.923828 0.181250 0.923828 0.203125 0.935547 0.235937 0.972656 0.242188 0.996094
0 0.584375 0.576172 0.568750 0.576172 0.559375 0.568359 0.535937 0.539062 0.523438 0.511719 0.526563 0.468750 0.543750 0.443359 0.551562 0.449219 0.560937 0.503906 0.582812 0.546875 0.584375 0.576172
0 0.000000 0.361328 0.035937 0.421875 0.039062 0.500000 0.028125 0.501953 0.018750 0.494141 0.000000 0.466797
0 0.612500 0.392578 0.595313 0.390625 0.595313 0.363281 0.601562 0.343750 0.621875 0.318359 0.643750 0.318359 0.648438 0.324219 0.648438 0.351562 0.642188 0.378906 0.631250 0.388672 0.612500 0.392578
0 0.193750 0.603516 0.178125 0.603516 0.173437 0.597656 0.173437 0.585938 0.181250 0.576172 0.193750 0.576172 0.203125 0.564453 0.212500 0.564453 0.226562 0.578125 0.225000 0.595703 0.206250 0.595703 0.193750 0.603516
0 0.768750 0.248047 0.740625 0.244141 0.735938 0.238281 0.735938 0.222656 0.746875 0.216797 0.765625 0.220703 0.770312 0.226562 0.768750 0.248047
0 0.962500 0.154297 0.928125 0.154297 0.909375 0.142578 0.896875 0.146484 0.867188 0.121094 0.867188 0.097656 0.881250 0.080078 0.890625 0.080078 0.896875 0.068359 0.956250 0.068359 0.978125 0.087891 0.989062 0.109375 0.989062 0.132812 0.978125 0.146484 0.962500 0.154297
0 0.865625 0.154297 0.800000 0.142578 0.771875 0.150391 0.764062 0.144531 0.760938 0.113281 0.768750 0.095703 0.784375 0.095703 0.818750 0.111328 0.843750 0.111328 0.850000 0.103516 0.862500 0.103516 0.870313 0.128906 0.865625 0.154297
0 0.934375 0.708984 0.900000 0.689453 0.893750 0.677734 0.878125 0.669922 0.845313 0.632812 0.842187 0.582031 0.846875 0.576172 0.893750 0.572266 0.918750 0.591797 0.939063 0.597656 0.939063 0.605469 0.954688 0.628906 0.960938 0.695312 0.934375 0.708984
0 0.950000 0.314453 0.943750 0.314453 0.920312 0.281250 0.914062 0.226562 0.921875 0.216797 0.937500 0.216797 0.950000 0.224609 0.967187 0.246094 0.967187 0.292969 0.950000 0.314453
0 0.000000 0.490234 0.006250 0.490234 0.029687 0.519531 0.029687 0.562500 0.018750 0.576172 0.000000 0.576172
0 0.776563 0.996094 0.796875 0.935547 0.850000 0.966797 0.860938 0.980469 0.864062 0.996094
0 0.660937 0.996094 0.664062 0.964844 0.681250 0.939453 0.687500 0.947266 0.700000 0.947266 0.732812 0.996094
0 0.162500 0.572266 0.125000 0.568359 0.107813 0.550781 0.107813 0.542969 0.115625 0.529297 0.178125 0.505859 0.200000 0.513672 0.210938 0.527344 0.214062 0.546875 0.200000 0.564453 0.162500 0.572266
0 0.881250 0.224609 0.803125 0.220703 0.787500 0.208984 0.776563 0.191406 0.779687 0.156250 0.787500 0.146484 0.840625 0.150391 0.846875 0.166016 0.862500 0.173828 0.889062 0.207031 0.881250 0.224609
0 0.881250 0.576172 0.834375 0.572266 0.823438 0.554688 0.823438 0.527344 0.832812 0.503906 0.853125 0.478516 0.881250 0.486328 0.898438 0.527344 0.889062 0.542969 0.892188 0.570312 0.881250 0.576172
0 0.623437 0.996094 0.610938 0.976562 0.610938 0.941406 0.617188 0.929688 0.618750 0.830078 0.634375 0.830078 0.645312 0.839844 0.679688 0.917969 0.679688 0.941406 0.664062 0.964844 0.660937 0.996094
0 0.250000 0.638672 0.228125 0.634766 0.226562 0.621094 0.253125 0.619141 0.257812 0.632812 0.250000 0.638672
0 0.575000 0.982422 0.546875 0.982422 0.534375 0.974609 0.514062 0.953125 0.507812 0.937500 0.504687 0.886719 0.514062 0.855469 0.521875 0.845703 0.532813 0.847656 0.554688 0.910156 0.568750 0.923828 0.584375 0.923828 0.592187 0.933594 0.589063 0.968750 0.575000 0.982422
0 0.134375 0.513672 0.103125 0.513672 0.089063 0.496094 0.089063 0.472656 0.079687 0.460938 0.079687 0.445312 0.089063 0.421875 0.103125 0.404297 0.143750 0.416016 0.148438 0.402344 0.156250 0.400391 0.179688 0.433594 0.182812 0.464844 0.171875 0.486328 0.159375 0.486328 0.134375 0.513672
0 0.687500 0.634766 0.615625 0.626953 0.595313 0.605469 0.595313 0.593750 0.600000 0.587891 0.628125 0.587891 0.696875 0.595703 0.707812 0.605469 0.707812 0.621094 0.687500 0.634766
0 0.918750 0.208984 0.906250 0.208984 0.887500 0.189453 0.871875 0.185547 0.846875 0.166016 0.845313 0.156250 0.887500 0.150391 0.900000 0.142578 0.937500 0.154297 0.937500 0.162109 0.957812 0.175781 0.957812 0.187500 0.931250 0.197266 0.918750 0.208984
0 0.496875 0.583984 0.443750 0.583984 0.439063 0.578125 0.439063 0.562500 0.456250 0.544922 0.484375 0.544922 0.498437 0.566406 0.496875 0.583984
