0 0.656250 0.080078 0.642578 0.074219 0.648438 0.060547 0.662109 0.066406 0.656250 0.080078
0 0.570312 0.099609 0.568359 0.082031 0.580078 0.074219 0.576172 0.062500 0.593750 0.060547 0.595703 0.066406 0.583984 0.074219 0.591797 0.078125 0.591797 0.089844 0.570312 0.099609
0 0.507812 0.119141 0.496094 0.119141 0.474609 0.105469 0.474609 0.089844 0.484375 0.076172 0.509766 0.078125 0.513672 0.113281 0.507812 0.119141
0 0.957031 0.525391 0.943359 0.519531 0.947266 0.507812 0.935547 0.500000 0.941406 0.486328 0.955078 0.492188 0.951172 0.503906 0.962891 0.511719 0.957031 0.525391
0 0.000000 0.435547 0.023438 0.427734 0.048828 0.453125 0.048828 0.468750 0.035156 0.490234 0.019531 0.490234 0.000000 0.478516
0 0.609375 0.287109 0.585938 0.279297 0.580078 0.257812 0.601562 0.240234 0.621094 0.240234 0.634766 0.253906 0.634766 0.269531 0.625000 0.283203 0.609375 0.287109
0 0.488281 0.060547 0.468750 0.060547 0.458984 0.042969 0.458984 0.019531 0.472656 0.009766 0.480469 0.009766 0.505859 0.042969 0.488281 0.060547
0 0.628906 0.095703 0.615234 0.089844 0.621094 0.076172 0.634766 0.082031 0.628906 0.095703
0 0.589844 0.064453 0.576172 0.058594 0.582031 0.044922 0.595703 0.050781 0.589844 0.064453
0 0.673828 0.000000 0.664062 0.021484 0.644531 0.017578 0.638672 0.000000
0 0.691406 0.919922 0.644531 0.916016 0.630859 0.890625 0.642578 0.882812 0.648438 0.869141 0.667969 0.869141 0.697266 0.898438 0.697266 0.914062 0.691406 0.919922
0 0.136719 0.560547 0.093750 0.544922 0.087891 0.539062 0.087891 0.519531 0.093750 0.513672 0.117188 0.513672 0.144531 0.529297 0.150391 0.546875 0.136719 0.560547
0 0.525391 0.000000 0.541016 0.023438 0.541016 0.039062 0.531250 0.048828 0.511719 0.048828 0.498047 0.035156 0.498047 0.027344 0.474609 0.007812 0.474609 0.000000
0 0.074219 0.189453 0.050781 0.189453 0.033203 0.171875 0.037109 0.160156 0.054688 0.150391 0.070312 0.150391 0.082031 0.158203 0.083984 0.183594 0.074219 0.189453
0 0.986328 0.000000 0.986328 0.015625 0.964844 0.025391 0.933594 0.017578 0.927734 0.000000
0 0.671875 0.962891 0.628906 0.958984 0.607422 0.925781 0.607422 0.906250 0.613281 0.900391 0.632812 0.900391 0.644531 0.916016 0.675781 0.923828 0.685547 0.933594 0.685547 0.949219 0.671875 0.962891
0 0.113281 0.099609 0.093750 0.099609 0.087891 0.085938 0.105469 0.060547 0.125000 0.056641 0.134766 0.062500 0.134766 0.078125 0.113281 0.099609
0 0.937500 0.525391 0.923828 0.519531 0.929688 0.505859 0.943359 0.511719 0.937500 0.525391
0 0.976562 0.529297 0.962891 0.523438 0.962891 0.492188 0.968750 0.486328 0.982422 0.496094 0.982422 0.523438 0.976562 0.529297
0 0.542969 0.107422 0.519531 0.107422 0.513672 0.101562 0.509766 0.078125 0.515625 0.072266 0.542969 0.072266 0.552734 0.082031 0.552734 0.097656 0.542969 0.107422
0 0.707031 0.083984 0.677734 0.074219 0.677734 0.050781 0.683594 0.041016 0.695312 0.044922 0.712891 0.066406 0.707031 0.083984
