0 0.996875 0.712891 0.984375 0.728516 0.978125 0.728516 0.939063 0.683594 0.926562 0.628906 0.929688 0.589844 0.950000 0.568359 0.965625 0.568359 0.976562 0.578125 0.985938 0.609375 0.996875 0.623047
0 0.815625 0.923828 0.801562 0.917969 0.801562 0.875000 0.806250 0.869141 0.840625 0.865234 0.845313 0.882812 0.815625 0.923828
0 0.715625 0.478516 0.703125 0.478516 0.698438 0.472656 0.698438 0.460938 0.682813 0.433594 0.679688 0.410156 0.665625 0.404297 0.651563 0.382812 0.651563 0.371094 0.684375 0.330078 0.715625 0.337891 0.729688 0.351562 0.732812 0.378906 0.707812 0.417969 0.707812 0.433594 0.720313 0.453125 0.720313 0.472656 0.715625 0.478516
0 0.506250 0.544922 0.487500 0.541016 0.475000 0.525391 0.453125 0.525391 0.435937 0.476562 0.442188 0.445312 0.450000 0.435547 0.478125 0.419922 0.503125 0.423828 0.512500 0.408203 0.518750 0.408203 0.523438 0.414062 0.529687 0.464844 0.529687 0.515625 0.506250 0.544922
0 0.368750 0.955078 0.359375 0.951172 0.348438 0.933594 0.356250 0.904297 0.371875 0.904297 0.376563 0.910156 0.379688 0.945312 0.368750 0.955078
0 0.171875 0.775391 0.160938 0.769531 0.160938 0.750000 0.145313 0.738281 0.145313 0.730469 0.168750 0.701172 0.179688 0.707031 0.179688 0.746094 0.171875 0.775391
0 0.846875 0.591797 0.818750 0.587891 0.814063 0.582031 0.810937 0.562500 0.818750 0.548828 0.851562 0.566406 0.851562 0.585938 0.846875 0.591797
0 0.696875 0.853516 0.684375 0.845703 0.656250 0.845703 0.639062 0.824219 0.639062 0.804688 0.648438 0.792969 0.648438 0.781250 0.687500 0.748047 0.700000 0.748047 0.704688 0.753906 0.720313 0.804688 0.717187 0.824219 0.707812 0.843750 0.696875 0.853516
0 0.342187 0.996094 0.339062 0.988281 0.353125 0.970703 0.378125 0.966797 0.396875 0.966797 0.420312 0.996094
0 0.846875 0.791016 0.818750 0.791016 0.793750 0.783203 0.782813 0.769531 0.782813 0.750000 0.793750 0.736328 0.815625 0.732422 0.825000 0.724609 0.875000 0.732422 0.885938 0.750000 0.871875 0.767578 0.862500 0.763672 0.846875 0.791016
0 0.212500 0.783203 0.203125 0.783203 0.192188 0.769531 0.192188 0.761719 0.206250 0.748047 0.221875 0.748047 0.229687 0.757812 0.229687 0.769531 0.212500 0.783203
0 0.000000 0.419922 0.053125 0.384766 0.087500 0.380859 0.103125 0.369141 0.114062 0.375000 0.107813 0.433594 0.103125 0.439453 0.078125 0.447266 0.062500 0.462891 0.050000 0.462891 0.034375 0.478516 0.000000 0.490234
0 0.951562 0.996094 0.962500 0.978516 0.971875 0.978516 0.981250 0.966797 0.996875 0.966797
0 0.278125 0.572266 0.262500 0.572266 0.242188 0.562500 0.226562 0.535156 0.229687 0.511719 0.271875 0.474609 0.315625 0.474609 0.326562 0.488281 0.329688 0.523438 0.314063 0.535156 0.300000 0.564453 0.278125 0.572266
0 0.473438 0.996094 0.476562 0.925781 0.496875 0.912109 0.518750 0.912109 0.526563 0.925781 0.532813 0.949219 0.532813 0.984375 0.523438 0.996094
0 0.515625 0.810547 0.484375 0.810547 0.478125 0.802734 0.468750 0.806641 0.429688 0.765625 0.426563 0.746094 0.456250 0.716797 0.493750 0.712891 0.520312 0.769531 0.520312 0.804688 0.515625 0.810547
0 0.825000 0.220703 0.817187 0.214844 0.821875 0.201172 0.846875 0.189453 0.859375 0.189453 0.864062 0.195312 0.856250 0.212891 0.834375 0.212891 0.825000 0.220703
0 0.234375 0.388672 0.218750 0.388672 0.207813 0.378906 0.207813 0.359375 0.221875 0.341797 0.234375 0.341797 0.253125 0.326172 0.265625 0.326172 0.278125 0.310547 0.296875 0.302734 0.309375 0.302734 0.323437 0.316406 0.323437 0.332031 0.293750 0.361328 0.284375 0.361328 0.271875 0.376953 0.234375 0.388672
0 0.873437 0.996094 0.864062 0.980469 0.860938 0.953125 0.864062 0.937500 0.884375 0.919922 0.915625 0.923828 0.932813 0.933594 0.932813 0.960938 0.926562 0.988281 0.920312 0.996094
0 0.856250 0.572266 0.846875 0.560547 0.831250 0.556641 0.820312 0.535156 0.820312 0.523438 0.837500 0.501953 0.850000 0.501953 0.873437 0.531250 0.870313 0.558594 0.856250 0.572266
0 0.656250 0.740234 0.615625 0.736328 0.598437 0.718750 0.598437 0.667969 0.606250 0.650391 0.618750 0.646484 0.667188 0.707031 0.667188 0.730469 0.656250 0.740234
0 0.296875 0.748047 0.282813 0.742188 0.282813 0.722656 0.276562 0.714844 0.276562 0.703125 0.293750 0.681641 0.328125 0.681641 0.348438 0.703125 0.351562 0.730469 0.346875 0.736328 0.337500 0.736328 0.331250 0.744141 0.315625 0.740234 0.296875 0.748047
0 0.753125 0.150391 0.715625 0.150391 0.710938 0.144531 0.710938 0.125000 0.715625 0.119141 0.765625 0.115234 0.818750 0.091797 0.829688 0.101562 0.829688 0.113281 0.815625 0.138672 0.765625 0.142578 0.753125 0.150391
0 0.489063 0.000000 0.479687 0.023438 0.479687 0.054688 0.475000 0.060547 0.465625 0.060547 0.445312 0.042969 0.435937 0.000000
0 0.628125 0.900391 0.603125 0.900391 0.598437 0.894531 0.598437 0.878906 0.606250 0.869141 0.625000 0.869141 0.632812 0.886719 0.628125 0.900391
0 0.709375 0.646484 0.656250 0.626953 0.642188 0.605469 0.642188 0.597656 0.646875 0.591797 0.684375 0.591797 0.693750 0.576172 0.709375 0.568359 0.729688 0.609375 0.723437 0.632812 0.709375 0.646484
0 0.890625 0.505859 0.875000 0.501953 0.856250 0.482422 0.821875 0.474609 0.817187 0.468750 0.820312 0.437500 0.831250 0.427734 0.856250 0.427734 0.896875 0.447266 0.907813 0.464844 0.907813 0.484375 0.890625 0.505859
0 0.756250 0.466797 0.721875 0.466797 0.717187 0.445312 0.707812 0.433594 0.707812 0.417969 0.734375 0.376953 0.746875 0.373047 0.756250 0.361328 0.775000 0.357422 0.785937 0.367188 0.789062 0.386719 0.773438 0.410156 0.764062 0.437500 0.764062 0.457031 0.756250 0.466797
0 0.928125 0.896484 0.915625 0.892578 0.904687 0.878906 0.910937 0.824219 0.870313 0.781250 0.870313 0.769531 0.893750 0.744141 0.912500 0.751953 0.934375 0.751953 0.951562 0.769531 0.951562 0.839844 0.957812 0.851562 0.957812 0.867188 0.943750 0.888672 0.928125 0.896484
0 0.490625 0.876953 0.471875 0.873047 0.451562 0.859375 0.451562 0.824219 0.465625 0.806641 0.478125 0.802734 0.490625 0.822266 0.500000 0.822266 0.507812 0.835938 0.504687 0.863281 0.490625 0.876953
0 0.178125 0.904297 0.167187 0.898438 0.167187 0.886719 0.189062 0.851562 0.189062 0.820312 0.200000 0.814453 0.204687 0.820312 0.204687 0.855469 0.178125 0.904297
0 0.337500 0.994141 0.306250 0.994141 0.278125 0.986328 0.254688 0.964844 0.254688 0.953125 0.262500 0.943359 0.275000 0.943359 0.279687 0.937500 0.276562 0.910156 0.281250 0.904297 0.296875 0.900391 0.342187 0.957031 0.351562 0.972656 0.337500 0.994141
0 0.821875 0.669922 0.806250 0.669922 0.801562 0.664062 0.801562 0.628906 0.818750 0.619141 0.829688 0.625000 0.829688 0.660156 0.821875 0.669922
0 0.623437 0.000000 0.639062 0.019531 0.639062 0.035156 0.664062 0.093750 0.657813 0.117188 0.643750 0.130859 0.621875 0.130859 0.614062 0.121094 0.607812 0.066406 0.598437 0.039062 0.601562 0.000000
0 0.600000 0.548828 0.571875 0.548828 0.567187 0.542969 0.557813 0.496094 0.562500 0.490234 0.578125 0.490234 0.590625 0.474609 0.612500 0.470703 0.625000 0.455078 0.634375 0.455078 0.639062 0.460938 0.635938 0.507812 0.628125 0.517578 0.615625 0.521484 0.600000 0.548828
0 0.000000 0.599609 0.015625 0.611328 0.026562 0.632812 0.026562 0.648438 0.000000 0.685547
0 0.587500 0.951172 0.571875 0.951172 0.564063 0.941406 0.564063 0.933594 0.576562 0.921875 0.576562 0.910156 0.584375 0.900391 0.601562 0.910156 0.601562 0.925781 0.587500 0.951172
0 0.565625 0.716797 0.528125 0.716797 0.517188 0.683594 0.534375 0.669922 0.562500 0.669922 0.581250 0.677734 0.585938 0.691406 0.565625 0.716797
0 0.468750 0.708984 0.454688 0.703125 0.451562 0.675781 0.443750 0.666016 0.421875 0.662109 0.407813 0.648438 0.407813 0.625000 0.412500 0.619141 0.459375 0.615234 0.470313 0.628906 0.485938 0.667969 0.485938 0.683594 0.479687 0.699219 0.468750 0.708984
0 0.178125 0.443359 0.140625 0.439453 0.120313 0.425781 0.123438 0.386719 0.117188 0.371094 0.128125 0.357422 0.162500 0.357422 0.179688 0.375000 0.189062 0.394531 0.189062 0.417969 0.178125 0.443359
0 0.521875 0.669922 0.506250 0.669922 0.498437 0.660156 0.501563 0.640625 0.518750 0.623047 0.537500 0.623047 0.557813 0.636719 0.550000 0.654297 0.521875 0.669922
0 0.303125 0.822266 0.290625 0.822266 0.273438 0.804688 0.273438 0.777344 0.281250 0.767578 0.306250 0.775391 0.323437 0.789062 0.323437 0.804688 0.303125 0.822266
0 0.179688 0.996094 0.179688 0.972656 0.200000 0.951172 0.209375 0.951172 0.229687 0.976562 0.229687 0.996094
0 0.131250 0.884766 0.118750 0.884766 0.114062 0.878906 0.110937 0.839844 0.128125 0.822266 0.162500 0.818359 0.179688 0.843750 0.179688 0.855469 0.165625 0.876953 0.131250 0.884766
0 0.000000 0.763672 0.015625 0.751953 0.034375 0.755859 0.051562 0.796875 0.048438 0.816406 0.035937 0.828125 0.029687 0.851562 0.009375 0.869141 0.000000 0.869141
0 0.646875 0.986328 0.618750 0.978516 0.610938 0.968750 0.610938 0.933594 0.625000 0.916016 0.650000 0.916016 0.667188 0.929688 0.667188 0.964844 0.646875 0.986328
0 0.200000 0.744141 0.182812 0.734375 0.182812 0.707031 0.190625 0.693359 0.209375 0.693359 0.226562 0.714844 0.221875 0.728516 0.200000 0.744141
0 0.673438 0.996094 0.670312 0.976562 0.706250 0.916016 0.728125 0.927734 0.745313 0.957031 0.742188 0.984375 0.714063 0.996094
0 0.590625 0.619141 0.568750 0.611328 0.528125 0.611328 0.523438 0.597656 0.540625 0.576172 0.584375 0.572266 0.595313 0.601562 0.590625 0.619141
0 0.890625 0.126953 0.882812 0.121094 0.882812 0.093750 0.890625 0.083984 0.937500 0.080078 0.942187 0.085938 0.939063 0.105469 0.928125 0.119141 0.890625 0.126953
0 0.337500 0.478516 0.312500 0.470703 0.304688 0.460938 0.301563 0.433594 0.309375 0.419922 0.337500 0.396484 0.365625 0.400391 0.376563 0.414062 0.373437 0.429688 0.387500 0.439453 0.395313 0.453125 0.375000 0.474609 0.362500 0.470703 0.337500 0.478516
0 0.912500 0.439453 0.878125 0.439453 0.856250 0.427734 0.837500 0.427734 0.829688 0.417969 0.829688 0.406250 0.853125 0.365234 0.865625 0.353516 0.887500 0.349609 0.904687 0.367188 0.917188 0.394531 0.920312 0.429688 0.912500 0.439453
0 0.590625 0.263672 0.562500 0.263672 0.557813 0.257812 0.557813 0.238281 0.564063 0.222656 0.618750 0.162109 0.637500 0.162109 0.648438 0.179688 0.645312 0.210938 0.612500 0.255859 0.600000 0.255859 0.590625 0.263672
