0 0.195402 0.908654 0.178161 0.906731 0.174569 0.901923 0.171695 0.884615 0.174569 0.873077 0.182471 0.862500 0.191092 0.858654 0.202586 0.858654 0.220546 0.878846 0.220546 0.886538 0.211207 0.899038 0.195402 0.908654
0 0.428879 0.000000 0.433190 0.009615 0.433190 0.015385 0.427443 0.026923 0.424569 0.042308 0.419540 0.049038 0.412356 0.049038 0.407328 0.042308 0.398707 0.017308 0.398707 0.000000
0 0.349138 0.877885 0.336207 0.872115 0.325431 0.857692 0.323994 0.842308 0.326868 0.834615 0.334770 0.825962 0.356322 0.827885 0.365661 0.836538 0.364224 0.867308 0.360632 0.872115 0.349138 0.877885
0 0.616379 0.668269 0.602011 0.668269 0.584052 0.653846 0.575431 0.638462 0.573994 0.630769 0.575431 0.623077 0.583333 0.612500 0.589080 0.608654 0.610632 0.608654 0.618534 0.615385 0.619971 0.634615 0.625718 0.644231 0.622845 0.648077 0.621408 0.661538 0.616379 0.668269
0 0.520115 0.693269 0.511494 0.693269 0.503592 0.684615 0.503592 0.669231 0.506466 0.634615 0.515805 0.622115 0.522989 0.620192 0.531609 0.624038 0.538075 0.632692 0.538075 0.653846 0.542385 0.661538 0.542385 0.669231 0.528736 0.689423 0.520115 0.693269
0 0.037356 0.631731 0.018678 0.631731 0.006466 0.619231 0.005029 0.601923 0.009339 0.590385 0.015805 0.581731 0.027299 0.577885 0.033046 0.581731 0.047414 0.583654 0.058908 0.581731 0.065374 0.592308 0.065374 0.609615 0.058908 0.618269 0.037356 0.631731
0 0.699713 0.170192 0.689655 0.168269 0.684626 0.163462 0.683190 0.150000 0.686063 0.142308 0.696839 0.125962 0.705460 0.118269 0.724138 0.118269 0.732040 0.130769 0.730603 0.150000 0.722701 0.160577 0.714080 0.166346 0.699713 0.170192
0 0.339799 0.998077 0.339799 0.976923 0.344109 0.965385 0.354885 0.956731 0.362069 0.956731 0.369971 0.971154 0.369971 0.998077
0 0.137931 0.208654 0.130029 0.200000 0.127155 0.190385 0.125718 0.153846 0.133621 0.139423 0.142241 0.133654 0.152299 0.133654 0.157328 0.140385 0.158764 0.151923 0.154454 0.175000 0.154454 0.188462 0.145115 0.204808 0.137931 0.208654
0 0.379310 0.070192 0.366379 0.068269 0.349856 0.038462 0.348420 0.023077 0.356322 0.012500 0.362069 0.012500 0.372845 0.030769 0.382902 0.042308 0.385776 0.059615 0.379310 0.070192
0 0.543103 0.150962 0.533046 0.147115 0.526580 0.134615 0.525144 0.117308 0.529454 0.098077 0.541667 0.081731 0.556034 0.081731 0.564655 0.085577 0.569684 0.094231 0.568247 0.119231 0.557471 0.139423 0.551724 0.141346 0.543103 0.150962
0 0.000000 0.795192 0.005747 0.791346 0.018678 0.791346 0.022989 0.793269 0.032328 0.807692 0.030891 0.817308 0.022989 0.827885 0.008621 0.827885 0.000000 0.820192
0 0.396552 0.741346 0.387931 0.741346 0.382902 0.736538 0.378592 0.725000 0.380029 0.711538 0.392241 0.685577 0.406609 0.681731 0.413075 0.692308 0.414511 0.703846 0.405891 0.732692 0.396552 0.741346
0 0.347701 0.758654 0.334770 0.754808 0.329741 0.750000 0.329741 0.728846 0.343391 0.716346 0.349138 0.716346 0.358477 0.732692 0.355603 0.750000 0.347701 0.758654
0 0.000000 0.004808 0.008621 0.002885 0.021552 0.018269 0.035920 0.020192 0.043822 0.030769 0.045259 0.046154 0.037356 0.060577 0.025862 0.062500 0.014368 0.054808 0.000000 0.039423
0 0.998563 0.056731 0.992098 0.071154 0.987069 0.075962 0.977011 0.074038 0.969828 0.064423 0.969109 0.028846 0.964080 0.022115 0.956178 0.019231 0.956178 0.000000
0 0.271552 0.825962 0.265805 0.825962 0.262213 0.821154 0.262213 0.807692 0.270833 0.796154 0.280891 0.773077 0.287356 0.766346 0.294540 0.764423 0.299569 0.771154 0.301006 0.782692 0.292385 0.811538 0.287356 0.820192 0.271552 0.825962
0 0.998563 0.252885 0.994253 0.252885 0.990661 0.248077 0.990661 0.242308 0.986351 0.232692 0.986351 0.219231 0.993534 0.207692 0.993534 0.203846 0.998563 0.199038
0 0.219828 0.641346 0.215517 0.641346 0.210489 0.636538 0.210489 0.619231 0.224856 0.594231 0.227730 0.578846 0.232759 0.572115 0.237069 0.572115 0.244971 0.584615 0.243534 0.613462 0.235632 0.625962 0.231322 0.625962 0.219828 0.641346
0 0.172414 0.552885 0.156609 0.552885 0.147270 0.544231 0.147270 0.534615 0.153017 0.525000 0.156609 0.512500 0.185345 0.512500 0.191810 0.519231 0.193247 0.530769 0.183908 0.543269 0.172414 0.552885
0 0.314655 0.997115 0.297414 0.993269 0.285201 0.973077 0.285201 0.953846 0.293103 0.941346 0.307471 0.939423 0.316092 0.945192 0.325431 0.957692 0.326868 0.978846 0.323994 0.986538 0.314655 0.997115
0 0.897989 0.547115 0.889368 0.547115 0.881466 0.538462 0.877155 0.526923 0.877155 0.511538 0.885057 0.497115 0.902299 0.491346 0.911638 0.500000 0.914511 0.515385 0.911638 0.530769 0.897989 0.547115
0 0.435345 0.739423 0.426724 0.739423 0.423132 0.734615 0.423132 0.725000 0.418822 0.719231 0.418822 0.707692 0.431034 0.677885 0.446839 0.675962 0.460489 0.688462 0.460489 0.696154 0.453305 0.715385 0.435345 0.739423
0 0.376437 0.216346 0.364943 0.210577 0.352730 0.196154 0.346983 0.182692 0.346983 0.161538 0.349138 0.158654 0.353448 0.158654 0.356322 0.154808 0.364943 0.154808 0.377874 0.164423 0.387213 0.178846 0.388649 0.203846 0.383621 0.212500 0.376437 0.216346
0 0.903736 0.731731 0.897989 0.729808 0.895833 0.725000 0.903736 0.722115 0.903736 0.731731
0 0.208333 0.125962 0.199713 0.125962 0.190374 0.111538 0.184626 0.080769 0.198276 0.049038 0.219828 0.043269 0.232040 0.057692 0.219109 0.109615 0.208333 0.125962
0 0.086207 0.283654 0.077586 0.283654 0.066810 0.271154 0.055316 0.236538 0.056753 0.201923 0.058190 0.196154 0.066092 0.185577 0.073276 0.185577 0.081178 0.194231 0.091236 0.230769 0.092672 0.271154 0.086207 0.283654
0 0.764368 0.347115 0.754310 0.345192 0.746408 0.336538 0.744971 0.319231 0.752874 0.304808 0.762931 0.297115 0.780172 0.299038 0.788075 0.309615 0.786638 0.323077 0.777299 0.339423 0.764368 0.347115
0 0.484914 0.000000 0.484914 0.003846 0.478448 0.012500 0.459770 0.010577 0.454741 0.003846 0.454741 0.000000
0 0.801724 0.268269 0.787356 0.266346 0.779454 0.257692 0.778017 0.250000 0.769397 0.238462 0.767960 0.211538 0.770115 0.208654 0.774425 0.208654 0.781609 0.200962 0.788793 0.202885 0.797414 0.216346 0.816810 0.236538 0.811063 0.263462 0.801724 0.268269
0 0.448276 0.647115 0.426724 0.645192 0.420259 0.636538 0.418822 0.619231 0.421695 0.611538 0.429598 0.602885 0.454023 0.595192 0.462644 0.597115 0.470546 0.607692 0.470546 0.626923 0.464080 0.637500 0.448276 0.647115
0 0.600575 0.345192 0.591954 0.343269 0.585489 0.332692 0.585489 0.286538 0.593391 0.274038 0.600575 0.274038 0.606322 0.277885 0.617098 0.294231 0.618534 0.307692 0.617098 0.330769 0.612069 0.337500 0.600575 0.345192
0 0.670977 0.079808 0.645115 0.068269 0.638649 0.061538 0.637213 0.053846 0.632902 0.048077 0.632902 0.036538 0.639368 0.024038 0.645115 0.024038 0.663793 0.037500 0.684626 0.061538 0.683190 0.071154 0.679598 0.075962 0.670977 0.079808
0 0.806034 0.818269 0.797414 0.818269 0.792385 0.811538 0.792385 0.788462 0.801724 0.775962 0.814655 0.770192 0.830460 0.770192 0.841236 0.778846 0.842672 0.790385 0.830460 0.808654 0.816092 0.816346 0.806034 0.818269
0 0.035201 0.998077 0.027299 0.993269 0.020833 0.982692 0.019397 0.963462 0.022270 0.951923 0.035920 0.937500 0.056034 0.935577 0.068966 0.943269 0.078305 0.955769 0.079741 0.969231 0.078305 0.975000 0.070402 0.985577 0.052443 0.998077
0 0.846264 0.412500 0.839080 0.410577 0.834052 0.403846 0.834052 0.390385 0.852011 0.360577 0.860632 0.358654 0.869971 0.375000 0.871408 0.390385 0.860632 0.406731 0.846264 0.412500
0 0.900862 0.335577 0.888649 0.334615 0.881466 0.321154 0.881466 0.309615 0.882902 0.300000 0.888649 0.292308 0.891523 0.282692 0.900862 0.270192 0.908046 0.266346 0.915948 0.278846 0.915948 0.305769 0.911638 0.321154 0.900862 0.335577
0 0.942529 0.202885 0.926724 0.195192 0.920259 0.182692 0.921695 0.165385 0.932471 0.152885 0.951149 0.160577 0.960489 0.175000 0.959052 0.188462 0.951149 0.199038 0.942529 0.202885
0 0.392241 0.589423 0.377874 0.587500 0.372845 0.580769 0.372845 0.567308 0.377155 0.550000 0.386494 0.537500 0.400862 0.533654 0.409483 0.537500 0.417385 0.548077 0.421695 0.557692 0.421695 0.571154 0.410920 0.585577 0.397989 0.585577 0.392241 0.589423
0 0.425287 0.908654 0.418103 0.906731 0.414511 0.901923 0.414511 0.886538 0.421695 0.871154 0.424569 0.855769 0.432471 0.849038 0.441092 0.849038 0.446839 0.852885 0.451868 0.861538 0.448994 0.886538 0.439655 0.902885 0.425287 0.908654
0 0.489943 0.412500 0.484914 0.409615 0.483477 0.403846 0.483477 0.398077 0.489224 0.386538 0.489224 0.382692 0.484914 0.376923 0.484914 0.361538 0.495690 0.349038 0.502874 0.349038 0.505747 0.352885 0.518678 0.349038 0.522270 0.355769 0.522270 0.388462 0.517241 0.393269 0.505747 0.397115 0.497126 0.408654 0.489943 0.412500
0 0.106322 0.849038 0.096264 0.849038 0.094109 0.846154 0.094109 0.836538 0.103448 0.820192 0.109195 0.820192 0.111351 0.823077 0.111351 0.842308 0.106322 0.849038
0 0.683908 0.575962 0.673851 0.575962 0.663793 0.568269 0.655891 0.557692 0.651580 0.546154 0.651580 0.538462 0.659483 0.524038 0.665230 0.520192 0.675287 0.520192 0.695402 0.529808 0.701868 0.538462 0.701868 0.565385 0.693966 0.574038 0.683908 0.575962
0 0.465517 0.212500 0.456897 0.210577 0.450431 0.196154 0.450431 0.176923 0.454741 0.171154 0.454741 0.163462 0.468391 0.143269 0.478448 0.137500 0.491379 0.137500 0.497845 0.148077 0.499282 0.169231 0.494971 0.180769 0.481322 0.199038 0.465517 0.212500
0 0.359195 0.487500 0.352011 0.487500 0.348420 0.482692 0.345546 0.465385 0.331178 0.446154 0.331178 0.434615 0.333333 0.431731 0.347701 0.427885 0.362787 0.440385 0.364224 0.450000 0.367098 0.453846 0.367098 0.471154 0.359195 0.487500
0 0.945402 0.466346 0.929598 0.466346 0.920259 0.434615 0.923132 0.405769 0.927443 0.398077 0.927443 0.392308 0.935345 0.379808 0.943966 0.379808 0.951868 0.390385 0.953305 0.409615 0.959052 0.425000 0.959052 0.442308 0.945402 0.466346
0 0.120690 0.647115 0.113506 0.647115 0.108477 0.640385 0.104167 0.623077 0.105603 0.611538 0.109914 0.598077 0.124282 0.576923 0.125718 0.571154 0.129310 0.566346 0.135057 0.566346 0.138649 0.571154 0.141523 0.586538 0.141523 0.621154 0.129310 0.641346 0.120690 0.647115
0 0.729885 0.964423 0.712644 0.958654 0.706178 0.946154 0.701149 0.943269 0.694684 0.932692 0.694684 0.919231 0.697557 0.911538 0.714080 0.893269 0.721264 0.895192 0.726293 0.901923 0.727730 0.926923 0.736351 0.944231 0.736351 0.957692 0.729885 0.964423
0 0.971264 0.424038 0.962644 0.422115 0.953305 0.409615 0.951868 0.359615 0.954741 0.350000 0.961207 0.343269 0.968391 0.343269 0.976293 0.351923 0.982040 0.373077 0.982040 0.413462 0.971264 0.424038
0 0.257184 0.800962 0.247126 0.800962 0.242816 0.797115 0.239224 0.792308 0.239224 0.780769 0.245690 0.768269 0.251437 0.766346 0.268678 0.750962 0.275144 0.761538 0.275144 0.775000 0.267960 0.790385 0.257184 0.800962
0 0.807471 0.910577 0.803161 0.910577 0.795259 0.903846 0.792385 0.890385 0.793822 0.875000 0.799569 0.861538 0.810345 0.847115 0.817529 0.843269 0.826149 0.843269 0.834052 0.851923 0.836925 0.859615 0.835489 0.875000 0.821839 0.900962 0.807471 0.910577
0 0.475575 0.937500 0.471264 0.935577 0.464799 0.925000 0.464799 0.900000 0.474856 0.880769 0.474856 0.876923 0.481322 0.868269 0.495690 0.866346 0.502155 0.875000 0.502155 0.896154 0.499282 0.903846 0.486351 0.921154 0.483477 0.930769 0.475575 0.937500
0 0.534483 0.410577 0.526580 0.403846 0.525144 0.392308 0.522270 0.388462 0.522270 0.363462 0.526580 0.355769 0.529454 0.340385 0.534483 0.335577 0.540230 0.335577 0.546695 0.344231 0.548132 0.365385 0.542385 0.382692 0.539511 0.403846 0.534483 0.410577
0 0.792385 0.000000 0.795259 0.009615 0.791667 0.014423 0.783046 0.016346 0.774425 0.010577 0.765086 0.036538 0.755747 0.045192 0.750000 0.045192 0.742098 0.032692 0.739224 0.000000
0 0.808908 0.745192 0.794540 0.739423 0.789511 0.730769 0.788075 0.713462 0.785201 0.707692 0.788075 0.703846 0.786638 0.698077 0.790230 0.691346 0.806034 0.689423 0.819684 0.705769 0.823994 0.717308 0.822557 0.732692 0.816092 0.741346 0.808908 0.745192
0 0.132902 0.000000 0.135057 0.004808 0.140805 0.004808 0.148707 0.013462 0.155891 0.030769 0.157328 0.042308 0.157328 0.055769 0.153017 0.065385 0.149425 0.070192 0.136494 0.075962 0.120690 0.072115 0.112787 0.061538 0.108477 0.046154 0.108477 0.025000 0.111351 0.017308 0.122126 0.002885 0.127155 0.000000
0 0.040230 0.768269 0.025862 0.764423 0.010057 0.766346 0.006466 0.761538 0.007902 0.750000 0.030172 0.731731 0.044540 0.729808 0.060345 0.735577 0.063937 0.740385 0.063937 0.746154 0.060345 0.750962 0.054598 0.750962 0.045977 0.766346 0.040230 0.768269
0 0.553161 0.262500 0.541667 0.262500 0.528736 0.256731 0.523707 0.248077 0.523707 0.240385 0.537356 0.222115 0.551724 0.208654 0.558908 0.206731 0.566810 0.215385 0.565374 0.250000 0.560345 0.258654 0.553161 0.262500
0 0.244253 0.499038 0.231322 0.499038 0.226293 0.492308 0.227730 0.471154 0.221983 0.463462 0.221983 0.451923 0.232759 0.441346 0.242816 0.441346 0.248563 0.445192 0.255029 0.457692 0.253592 0.478846 0.247845 0.486538 0.247845 0.494231 0.244253 0.499038
0 0.581897 0.579808 0.576149 0.579808 0.565374 0.565385 0.562500 0.555769 0.562500 0.542308 0.566810 0.526923 0.571839 0.520192 0.593391 0.516346 0.602730 0.530769 0.602730 0.550000 0.581897 0.579808
0 0.780172 0.995192 0.774425 0.995192 0.769397 0.988462 0.767960 0.980769 0.770833 0.971154 0.788793 0.943269 0.800287 0.939423 0.808190 0.953846 0.808190 0.978846 0.800287 0.987500 0.788793 0.989423 0.780172 0.995192
0 0.000000 0.264423 0.004310 0.264423 0.011494 0.270192 0.022270 0.284615 0.025144 0.300000 0.025144 0.307692 0.018678 0.318269 0.008621 0.318269 0.000000 0.314423
0 0.458333 0.374038 0.451149 0.374038 0.446121 0.367308 0.446121 0.350000 0.450431 0.330769 0.456178 0.319231 0.464080 0.310577 0.481322 0.308654 0.487787 0.319231 0.487787 0.330769 0.477730 0.351923 0.458333 0.374038
0 0.826149 0.533654 0.821121 0.530769 0.822557 0.523077 0.811063 0.507692 0.808190 0.498077 0.811063 0.476923 0.818966 0.464423 0.836207 0.468269 0.839799 0.473077 0.844109 0.488462 0.844109 0.503846 0.839799 0.519231 0.831897 0.524038 0.826149 0.533654
0 0.050287 0.583654 0.022270 0.578846 0.025144 0.576923 0.019397 0.569231 0.019397 0.561538 0.022270 0.559615 0.027299 0.541346 0.045977 0.537500 0.066092 0.539423 0.068247 0.542308 0.075431 0.557692 0.075431 0.571154 0.068966 0.579808 0.050287 0.583654
0 0.183908 0.424038 0.170977 0.420192 0.161638 0.407692 0.154454 0.388462 0.155891 0.378846 0.168103 0.362500 0.181034 0.356731 0.188218 0.358654 0.191810 0.363462 0.200431 0.392308 0.200431 0.405769 0.197557 0.413462 0.192529 0.420192 0.183908 0.424038
0 0.442529 0.962500 0.438218 0.962500 0.423851 0.952885 0.409483 0.952885 0.403017 0.942308 0.405891 0.932692 0.415230 0.920192 0.419540 0.920192 0.425287 0.914423 0.441092 0.914423 0.448994 0.926923 0.450431 0.942308 0.447557 0.955769 0.442529 0.962500
0 0.857759 0.272115 0.843391 0.270192 0.834770 0.260577 0.831897 0.260577 0.828305 0.253846 0.831178 0.236538 0.841954 0.222115 0.856322 0.235577 0.866379 0.235577 0.872845 0.242308 0.868534 0.259615 0.857759 0.272115
0 0.443966 0.845192 0.438218 0.845192 0.432471 0.837500 0.426724 0.837500 0.420259 0.830769 0.420259 0.815385 0.431034 0.802885 0.441092 0.802885 0.454741 0.823077 0.451868 0.836538 0.443966 0.845192
0 0.301724 0.260577 0.287356 0.260577 0.275862 0.254808 0.265086 0.238462 0.263649 0.219231 0.270115 0.210577 0.275862 0.210577 0.290230 0.214423 0.301724 0.224038 0.308190 0.236538 0.308190 0.253846 0.301724 0.260577
0 0.298132 0.000000 0.298132 0.009615 0.293103 0.016346 0.281609 0.020192 0.275862 0.020192 0.273707 0.017308 0.275144 0.000000
0 0.000000 0.681731 0.004310 0.675962 0.021552 0.666346 0.031609 0.666346 0.038075 0.675000 0.030891 0.696154 0.030891 0.705769 0.022989 0.716346 0.010057 0.716346 0.000000 0.712500
0 0.658046 0.972115 0.652299 0.972115 0.643678 0.966346 0.637213 0.957692 0.637213 0.940385 0.641523 0.921154 0.647989 0.912500 0.660920 0.908654 0.670259 0.917308 0.670259 0.955769 0.667385 0.963462 0.658046 0.972115
0 0.866379 0.954808 0.852011 0.952885 0.846983 0.944231 0.846983 0.934615 0.855603 0.915385 0.857040 0.886538 0.862069 0.879808 0.867816 0.883654 0.874282 0.894231 0.880029 0.919231 0.880029 0.932692 0.877155 0.940385 0.866379 0.954808
0 0.636494 0.906731 0.629310 0.906731 0.615661 0.894231 0.614224 0.873077 0.616379 0.870192 0.622126 0.870192 0.632184 0.864423 0.639368 0.868269 0.647270 0.878846 0.648707 0.894231 0.636494 0.906731
0 0.959770 0.087500 0.952586 0.087500 0.950431 0.084615 0.937500 0.038462 0.937500 0.028846 0.949713 0.018269 0.961207 0.020192 0.969109 0.028846 0.970546 0.073077 0.959770 0.087500
0 0.231322 0.212500 0.222701 0.212500 0.216954 0.206731 0.211207 0.206731 0.209052 0.188462 0.215517 0.185577 0.225575 0.168269 0.244253 0.168269 0.249282 0.175000 0.250718 0.190385 0.238506 0.208654 0.231322 0.212500
0 0.975575 0.843269 0.959770 0.837500 0.950431 0.825000 0.950431 0.809615 0.946121 0.801923 0.954023 0.789423 0.964080 0.787500 0.966954 0.783654 0.974138 0.783654 0.982759 0.789423 0.989224 0.800000 0.989224 0.825000 0.984914 0.834615 0.975575 0.843269
0 0.201149 0.224038 0.195402 0.224038 0.188937 0.215385 0.181753 0.203846 0.177443 0.190385 0.177443 0.176923 0.185345 0.158654 0.196839 0.160577 0.206178 0.169231 0.209052 0.176923 0.210489 0.219231 0.201149 0.224038
0 0.402299 0.399038 0.395115 0.399038 0.390086 0.392308 0.390086 0.361538 0.398707 0.321154 0.405172 0.312500 0.410920 0.312500 0.418822 0.325000 0.421695 0.334615 0.421695 0.363462 0.411638 0.386538 0.402299 0.399038
0 0.110632 0.754808 0.099138 0.750962 0.092672 0.742308 0.088362 0.725000 0.089799 0.707692 0.091954 0.704808 0.123563 0.704808 0.130029 0.711538 0.131466 0.732692 0.128592 0.740385 0.120690 0.749038 0.110632 0.754808
0 0.109195 0.520192 0.100575 0.520192 0.091236 0.505769 0.094109 0.476923 0.100575 0.470192 0.112069 0.474038 0.119253 0.472115 0.127155 0.480769 0.128592 0.494231 0.125718 0.503846 0.109195 0.520192
0 0.709770 0.452885 0.701149 0.452885 0.695402 0.449038 0.686063 0.432692 0.688937 0.426923 0.690374 0.411538 0.705460 0.391346 0.714080 0.393269 0.720546 0.401923 0.724856 0.415385 0.724856 0.434615 0.715517 0.449038 0.709770 0.452885
0 0.241379 0.416346 0.231322 0.414423 0.223420 0.403846 0.217672 0.386538 0.214799 0.375000 0.214799 0.353846 0.217672 0.346154 0.222701 0.341346 0.231322 0.341346 0.237787 0.348077 0.250718 0.380769 0.250718 0.405769 0.241379 0.416346
0 0.226293 0.000000 0.226293 0.003846 0.232759 0.006731 0.236351 0.013462 0.233477 0.026923 0.227011 0.035577 0.215517 0.035577 0.206897 0.029808 0.200431 0.021154 0.200431 0.011538 0.206178 0.005769 0.207615 0.000000
0 0.137931 0.868269 0.130029 0.859615 0.127155 0.846154 0.128592 0.836538 0.135057 0.829808 0.139368 0.829808 0.142960 0.834615 0.142960 0.857692 0.137931 0.868269
0 0.909483 0.993269 0.900862 0.991346 0.892960 0.982692 0.891523 0.971154 0.894397 0.961538 0.923851 0.929808 0.938218 0.927885 0.944684 0.936538 0.944684 0.948077 0.937500 0.969231 0.919540 0.989423 0.909483 0.993269
0 0.363506 0.381731 0.359195 0.381731 0.352730 0.375000 0.349856 0.365385 0.349856 0.351923 0.352730 0.332692 0.359914 0.315385 0.367816 0.304808 0.375000 0.302885 0.380029 0.307692 0.381466 0.313462 0.381466 0.340385 0.374282 0.355769 0.368534 0.376923 0.363506 0.381731
0 0.777299 0.814423 0.767241 0.814423 0.762931 0.810577 0.756466 0.801923 0.756466 0.790385 0.759339 0.780769 0.765805 0.772115 0.772989 0.766346 0.783046 0.766346 0.788075 0.776923 0.788075 0.784615 0.786638 0.796154 0.777299 0.814423
0 0.176724 0.331731 0.160920 0.331731 0.157328 0.326923 0.157328 0.301923 0.161638 0.290385 0.172414 0.281731 0.191092 0.283654 0.196121 0.292308 0.196121 0.303846 0.188937 0.319231 0.176724 0.331731
0 0.182471 0.806731 0.176724 0.806731 0.168103 0.800962 0.163075 0.794231 0.163075 0.780769 0.168822 0.765385 0.175287 0.756731 0.185345 0.749038 0.196839 0.747115 0.204741 0.753846 0.206178 0.769231 0.196121 0.796154 0.182471 0.806731
0 0.816092 0.072115 0.807471 0.068269 0.798132 0.055769 0.788075 0.030769 0.790230 0.025962 0.810345 0.016346 0.821839 0.033654 0.833333 0.041346 0.838362 0.048077 0.833333 0.058654 0.816092 0.072115
0 0.283046 0.658654 0.262931 0.658654 0.253592 0.644231 0.253592 0.638462 0.274425 0.610577 0.285920 0.600962 0.291667 0.602885 0.299569 0.613462 0.299569 0.619231 0.289511 0.650000 0.283046 0.658654
0 0.176724 0.974038 0.166667 0.968269 0.156609 0.954808 0.150862 0.952885 0.146552 0.956731 0.141523 0.950000 0.141523 0.930769 0.150862 0.916346 0.158046 0.910577 0.172414 0.914423 0.183908 0.924038 0.191810 0.936538 0.191810 0.953846 0.176724 0.974038
0 0.639368 0.652885 0.626437 0.645192 0.619971 0.634615 0.619971 0.623077 0.615661 0.611538 0.617098 0.598077 0.627874 0.587500 0.636494 0.587500 0.640805 0.591346 0.650144 0.607692 0.650144 0.640385 0.643678 0.645192 0.639368 0.652885
0 0.788793 0.452885 0.784483 0.452885 0.777299 0.447115 0.770833 0.438462 0.766523 0.425000 0.766523 0.405769 0.774425 0.395192 0.791667 0.399038 0.798132 0.413462 0.798132 0.442308 0.788793 0.452885
0 0.604885 0.891346 0.598420 0.888462 0.597701 0.877885 0.604167 0.876923 0.604885 0.891346
0 0.757184 0.639423 0.747126 0.637500 0.738506 0.631731 0.732040 0.623077 0.726293 0.605769 0.726293 0.590385 0.728448 0.587500 0.734195 0.583654 0.742816 0.585577 0.752874 0.591346 0.763649 0.605769 0.766523 0.623077 0.763649 0.632692 0.757184 0.639423
0 0.307471 0.520192 0.295977 0.518269 0.285201 0.503846 0.282328 0.496154 0.282328 0.476923 0.286638 0.471154 0.288075 0.463462 0.295977 0.454808 0.306034 0.456731 0.311063 0.463462 0.311063 0.473077 0.313937 0.476923 0.313937 0.507692 0.307471 0.520192
0 0.709770 0.693269 0.696839 0.693269 0.688218 0.687500 0.678879 0.675000 0.676006 0.667308 0.676006 0.644231 0.683908 0.631731 0.699713 0.633654 0.713362 0.650000 0.716236 0.680769 0.709770 0.693269
0 0.831897 0.116346 0.821839 0.112500 0.812500 0.100000 0.811063 0.090385 0.816810 0.082692 0.818247 0.069231 0.833333 0.058654 0.839080 0.060577 0.846983 0.071154 0.848420 0.086538 0.839799 0.109615 0.831897 0.116346
0 0.946839 0.695192 0.943966 0.695192 0.938218 0.683654 0.931034 0.685577 0.926724 0.677885 0.913793 0.683654 0.905172 0.683654 0.887931 0.675962 0.875000 0.666346 0.866379 0.658654 0.852730 0.638462 0.849856 0.630769 0.851293 0.615385 0.860632 0.606731 0.872126 0.606731 0.883621 0.610577 0.897989 0.620192 0.905172 0.633654 0.910920 0.635577 0.926006 0.651923 0.926006 0.659615 0.937500 0.673077 0.939655 0.679808 0.946839 0.677885 0.950431 0.682692 0.950431 0.690385 0.946839 0.695192
0 0.478448 0.820192 0.471264 0.820192 0.459052 0.811538 0.459052 0.794231 0.462644 0.787500 0.475575 0.789423 0.480603 0.796154 0.483477 0.813462 0.478448 0.820192
0 0.633621 0.475962 0.623563 0.472115 0.618534 0.465385 0.615661 0.459615 0.615661 0.444231 0.617098 0.432692 0.621408 0.423077 0.626437 0.416346 0.637931 0.414423 0.648707 0.432692 0.650144 0.446154 0.647270 0.463462 0.640805 0.472115 0.633621 0.475962
0 0.629310 0.825962 0.616379 0.825962 0.606322 0.818269 0.601293 0.809615 0.599856 0.796154 0.604167 0.782692 0.616379 0.768269 0.629310 0.762500 0.645115 0.760577 0.657328 0.773077 0.660201 0.788462 0.655891 0.801923 0.645115 0.816346 0.629310 0.825962
0 0.877874 0.493269 0.860632 0.491346 0.852730 0.482692 0.848420 0.473077 0.846983 0.457692 0.853448 0.447115 0.867816 0.443269 0.879310 0.449038 0.884339 0.455769 0.888649 0.467308 0.888649 0.480769 0.883621 0.489423 0.877874 0.493269
0 0.626437 0.954808 0.616379 0.954808 0.602011 0.941346 0.582615 0.917308 0.582615 0.907692 0.587644 0.900962 0.600575 0.900962 0.612069 0.906731 0.622126 0.904808 0.630029 0.917308 0.628592 0.928846 0.631466 0.932692 0.630029 0.950000 0.626437 0.954808
0 0.681034 0.300962 0.672414 0.300962 0.667385 0.296154 0.670259 0.263462 0.679598 0.252885 0.686782 0.249038 0.701149 0.249038 0.707615 0.257692 0.706178 0.275000 0.696839 0.287500 0.681034 0.300962
0 0.883621 0.912500 0.879310 0.912500 0.875718 0.905769 0.872845 0.875000 0.882902 0.846154 0.890805 0.835577 0.905172 0.833654 0.913075 0.855769 0.907328 0.884615 0.890805 0.910577 0.883621 0.912500
0 0.755747 0.533654 0.745690 0.531731 0.732040 0.515385 0.726293 0.501923 0.727730 0.475000 0.735632 0.466346 0.738506 0.466346 0.750718 0.478846 0.750718 0.488462 0.762213 0.507692 0.763649 0.521154 0.755747 0.533654
0 0.703305 0.998077 0.703305 0.980769 0.711207 0.972115 0.724138 0.972115 0.738506 0.977885 0.744971 0.986538 0.746408 0.998077
0 0.725575 0.774038 0.716954 0.772115 0.713362 0.763462 0.704741 0.753846 0.703305 0.738462 0.706178 0.728846 0.714080 0.716346 0.721264 0.716346 0.727011 0.708654 0.737069 0.706731 0.742098 0.711538 0.744971 0.721154 0.744971 0.740385 0.737787 0.763462 0.725575 0.774038
0 0.285920 0.889423 0.278736 0.889423 0.273707 0.884615 0.270833 0.865385 0.265086 0.848077 0.265086 0.836538 0.271552 0.827885 0.283046 0.827885 0.286638 0.832692 0.293822 0.855769 0.298132 0.861538 0.296695 0.873077 0.285920 0.889423
0 0.639368 0.249038 0.627874 0.245192 0.615661 0.225000 0.612787 0.205769 0.614224 0.200000 0.623563 0.189423 0.632184 0.187500 0.640805 0.195192 0.650862 0.199038 0.657328 0.207692 0.658764 0.221154 0.654454 0.234615 0.639368 0.249038
0 0.785920 0.150962 0.778736 0.149038 0.767960 0.130769 0.769397 0.115385 0.778736 0.104808 0.793103 0.104808 0.801724 0.110577 0.808190 0.123077 0.808190 0.134615 0.803161 0.141346 0.785920 0.150962
0 0.998563 0.585577 0.977011 0.589423 0.969109 0.582692 0.969109 0.561538 0.977730 0.528846 0.987069 0.514423 0.994253 0.508654 0.998563 0.508654
0 0.045977 0.918269 0.033046 0.918269 0.018678 0.912500 0.007902 0.901923 0.005029 0.884615 0.021552 0.862500 0.030172 0.860577 0.047414 0.864423 0.063218 0.874038 0.071121 0.884615 0.071121 0.901923 0.063218 0.910577 0.045977 0.918269
0 0.528736 0.974038 0.524425 0.974038 0.519397 0.967308 0.519397 0.948077 0.526580 0.923077 0.540230 0.910577 0.548851 0.910577 0.557471 0.916346 0.565374 0.926923 0.568247 0.944231 0.566810 0.951923 0.561782 0.958654 0.545977 0.962500 0.528736 0.974038
0 0.222701 0.831731 0.211207 0.827885 0.196121 0.798077 0.196121 0.792308 0.206897 0.768269 0.218391 0.770192 0.223420 0.776923 0.234914 0.807692 0.232040 0.823077 0.222701 0.831731
0 0.333333 0.666346 0.326149 0.666346 0.318247 0.659615 0.315374 0.650000 0.316810 0.636538 0.329023 0.614423 0.336207 0.608654 0.346264 0.606731 0.354167 0.619231 0.354167 0.632692 0.346983 0.653846 0.340517 0.662500 0.333333 0.666346
0 0.369253 0.739423 0.359195 0.733654 0.349856 0.717308 0.345546 0.715385 0.350575 0.699038 0.363506 0.695192 0.380029 0.711538 0.380029 0.721154 0.369253 0.739423
0 0.908046 0.789423 0.887931 0.787500 0.875718 0.771154 0.859914 0.734615 0.863506 0.724038 0.875000 0.722115 0.885057 0.731731 0.892241 0.731731 0.897989 0.735577 0.910201 0.751923 0.915948 0.765385 0.915948 0.778846 0.908046 0.789423
0 0.818966 0.199038 0.801724 0.197115 0.787356 0.191346 0.780891 0.182692 0.779454 0.173077 0.784483 0.166346 0.793103 0.162500 0.817529 0.158654 0.843391 0.160577 0.846983 0.165385 0.846983 0.176923 0.844109 0.182692 0.829023 0.195192 0.818966 0.199038
0 0.244253 0.168269 0.229885 0.168269 0.227730 0.161538 0.224856 0.161538 0.220546 0.150000 0.219828 0.133654 0.232759 0.127885 0.241379 0.127885 0.256466 0.140385 0.259339 0.150000 0.255029 0.161538 0.244253 0.168269
0 0.224138 0.981731 0.206897 0.981731 0.190374 0.957692 0.191810 0.923077 0.199713 0.912500 0.211207 0.904808 0.222701 0.906731 0.226293 0.911538 0.229167 0.923077 0.230603 0.973077 0.224138 0.981731
0 0.395115 0.685577 0.392241 0.685577 0.381466 0.675000 0.377155 0.657692 0.380029 0.650000 0.385057 0.645192 0.392241 0.643269 0.400862 0.635577 0.410920 0.635577 0.417385 0.644231 0.418822 0.663462 0.409483 0.677885 0.395115 0.685577
0 0.071839 0.406731 0.035920 0.397115 0.032328 0.386538 0.033764 0.369231 0.044540 0.360577 0.061782 0.360577 0.068966 0.364423 0.075431 0.373077 0.079741 0.386538 0.079741 0.400000 0.071839 0.406731
0 0.175287 0.662500 0.172414 0.662500 0.164511 0.651923 0.160201 0.636538 0.160201 0.598077 0.163075 0.590385 0.170977 0.581731 0.179598 0.585577 0.184626 0.592308 0.188937 0.605769 0.187500 0.642308 0.183190 0.655769 0.175287 0.662500
0 0.000000 0.143269 0.005029 0.148077 0.005029 0.165385 0.000000 0.170192
0 0.666667 0.116346 0.649425 0.116346 0.640805 0.112500 0.619971 0.084615 0.619971 0.071154 0.630747 0.060577 0.635057 0.060577 0.645115 0.068269 0.670977 0.079808 0.676006 0.088462 0.676006 0.100000 0.666667 0.116346
0 0.544540 0.531731 0.533046 0.531731 0.528017 0.525000 0.525144 0.488462 0.528017 0.476923 0.538793 0.462500 0.553161 0.456731 0.565374 0.467308 0.566810 0.490385 0.556753 0.519231 0.548851 0.529808 0.544540 0.531731
0 0.455460 0.470192 0.443966 0.464423 0.438937 0.457692 0.438937 0.442308 0.452586 0.420192 0.472701 0.414423 0.477730 0.419231 0.480603 0.426923 0.482040 0.444231 0.468391 0.462500 0.455460 0.470192
0 0.455460 0.131731 0.448276 0.131731 0.444684 0.126923 0.438937 0.101923 0.440374 0.071154 0.449713 0.058654 0.454023 0.058654 0.460489 0.065385 0.466236 0.080769 0.464799 0.088462 0.470546 0.096154 0.469109 0.111538 0.455460 0.131731
0 0.536638 0.000000 0.541667 0.000962 0.552443 0.013462 0.551006 0.028846 0.543103 0.039423 0.521552 0.045192 0.517241 0.037500 0.510776 0.032692 0.510776 0.025000 0.507902 0.019231 0.517241 0.008654 0.525862 0.004808 0.528017 0.000000
0 0.919540 0.581731 0.907328 0.571154 0.907328 0.555769 0.910201 0.544231 0.915948 0.534615 0.925287 0.522115 0.929598 0.522115 0.937500 0.530769 0.938937 0.544231 0.931753 0.569231 0.919540 0.581731
0 0.326149 0.112500 0.313218 0.110577 0.308190 0.103846 0.305316 0.094231 0.308190 0.065385 0.318966 0.050962 0.329023 0.050962 0.341236 0.069231 0.341236 0.090385 0.338362 0.100000 0.326149 0.112500
0 0.886494 0.081731 0.876437 0.079808 0.857040 0.053846 0.855603 0.034615 0.862069 0.022115 0.879310 0.024038 0.891523 0.038462 0.891523 0.071154 0.886494 0.081731
0 0.000000 0.466346 0.011494 0.456731 0.028736 0.454808 0.037356 0.460577 0.042385 0.471154 0.042385 0.480769 0.039511 0.488462 0.030172 0.497115 0.005747 0.500962 0.000000 0.495192
0 0.126437 0.270192 0.116379 0.270192 0.109914 0.259615 0.101293 0.213462 0.101293 0.200000 0.106322 0.193269 0.114943 0.197115 0.119971 0.203846 0.135776 0.240385 0.135776 0.253846 0.126437 0.270192
0 0.252874 0.620192 0.248563 0.620192 0.243534 0.613462 0.243534 0.596154 0.244971 0.584615 0.249282 0.576923 0.249282 0.563462 0.254310 0.556731 0.270115 0.558654 0.277299 0.562500 0.288075 0.582692 0.285201 0.600000 0.275862 0.610577 0.261494 0.612500 0.252874 0.620192
0 0.283046 0.395192 0.271552 0.393269 0.266523 0.386538 0.265086 0.376923 0.266523 0.367308 0.270833 0.359615 0.263649 0.348077 0.263649 0.336538 0.272989 0.322115 0.278736 0.318269 0.284483 0.318269 0.294540 0.324038 0.299569 0.332692 0.293822 0.380769 0.283046 0.395192
