0 0.253906 0.533203 0.218750 0.533203 0.197266 0.511719 0.197266 0.472656 0.207031 0.462891 0.246094 0.458984 0.263672 0.476562 0.267578 0.523438 0.253906 0.533203
0 0.000000 0.146484 0.005859 0.148438 0.005859 0.218750 0.000000 0.220703
0 0.714844 0.548828 0.683594 0.548828 0.666016 0.535156 0.658203 0.503906 0.666016 0.484375 0.683594 0.466797 0.718750 0.470703 0.740234 0.496094 0.740234 0.531250 0.714844 0.548828
0 0.755859 0.000000 0.750000 0.009766 0.722656 0.017578 0.691406 0.013672 0.685547 0.000000
0 0.250000 0.666016 0.222656 0.662109 0.201172 0.636719 0.201172 0.617188 0.208984 0.601562 0.230469 0.583984 0.257812 0.583984 0.273438 0.591797 0.283203 0.605469 0.279297 0.640625 0.250000 0.666016
0 0.488281 0.310547 0.453125 0.310547 0.447266 0.304688 0.447266 0.250000 0.472656 0.228516 0.488281 0.228516 0.505859 0.238281 0.517578 0.277344 0.517578 0.289062 0.488281 0.310547
0 0.093750 0.556641 0.070312 0.556641 0.062500 0.548828 0.046875 0.548828 0.037109 0.539062 0.041016 0.496094 0.054688 0.478516 0.082031 0.478516 0.107422 0.500000 0.107422 0.546875 0.093750 0.556641
0 0.449219 0.884766 0.423828 0.871094 0.416016 0.835938 0.429688 0.822266 0.464844 0.818359 0.486328 0.832031 0.490234 0.847656 0.460938 0.880859 0.449219 0.884766
0 0.000000 0.037109 0.005859 0.042969 0.005859 0.082031 0.000000 0.083984
0 0.347656 0.947266 0.332031 0.943359 0.318359 0.929688 0.322266 0.902344 0.332031 0.888672 0.363281 0.880859 0.380859 0.898438 0.380859 0.921875 0.359375 0.943359 0.347656 0.947266
0 0.421875 0.181641 0.408203 0.175781 0.414062 0.162109 0.427734 0.167969 0.421875 0.181641
0 0.878906 0.396484 0.867188 0.396484 0.849609 0.378906 0.845703 0.347656 0.863281 0.322266 0.898438 0.318359 0.923828 0.335938 0.927734 0.355469 0.910156 0.380859 0.878906 0.396484
0 0.593750 0.994141 0.566406 0.990234 0.544922 0.964844 0.541016 0.929688 0.550781 0.919922 0.605469 0.912109 0.626953 0.929688 0.630859 0.957031 0.593750 0.994141
0 0.343750 0.154297 0.296875 0.154297 0.291016 0.148438 0.283203 0.097656 0.296875 0.080078 0.324219 0.072266 0.353516 0.097656 0.357422 0.132812 0.343750 0.154297
0 0.593750 0.287109 0.550781 0.279297 0.541016 0.265625 0.544922 0.226562 0.566406 0.208984 0.597656 0.216797 0.615234 0.242188 0.615234 0.273438 0.593750 0.287109
0 0.792969 0.642578 0.773438 0.642578 0.767578 0.636719 0.767578 0.613281 0.773438 0.607422 0.789062 0.607422 0.802734 0.621094 0.802734 0.632812 0.792969 0.642578
0 0.632812 0.869141 0.609375 0.861328 0.599609 0.851562 0.599609 0.839844 0.617188 0.814453 0.644531 0.806641 0.662109 0.824219 0.662109 0.839844 0.654297 0.855469 0.632812 0.869141
0 0.527344 0.439453 0.496094 0.423828 0.482422 0.394531 0.482422 0.378906 0.503906 0.353516 0.531250 0.353516 0.564453 0.378906 0.568359 0.414062 0.550781 0.431641 0.527344 0.439453
0 0.746094 0.951172 0.722656 0.951172 0.693359 0.925781 0.701172 0.882812 0.714844 0.869141 0.742188 0.869141 0.761719 0.880859 0.771484 0.894531 0.771484 0.929688 0.746094 0.951172
0 0.884766 0.996094 0.884766 0.972656 0.921875 0.943359 0.937500 0.943359 0.966797 0.960938 0.978516 0.980469 0.970703 0.996094
0 0.308594 0.513672 0.277344 0.513672 0.267578 0.503906 0.263672 0.476562 0.240234 0.457031 0.244141 0.437500 0.265625 0.416016 0.308594 0.419922 0.341797 0.457031 0.341797 0.492188 0.308594 0.513672
0 0.439453 0.000000 0.439453 0.007812 0.425781 0.021484 0.386719 0.025391 0.375000 0.033203 0.351562 0.029297 0.337891 0.000000
0 0.664062 0.404297 0.644531 0.404297 0.615234 0.382812 0.615234 0.351562 0.640625 0.330078 0.671875 0.330078 0.689453 0.355469 0.689453 0.378906 0.664062 0.404297
0 0.363281 0.439453 0.332031 0.435547 0.318359 0.421875 0.314453 0.406250 0.318359 0.378906 0.347656 0.361328 0.359375 0.361328 0.388672 0.382812 0.388672 0.410156 0.363281 0.439453
0 0.251953 0.996094 0.240234 0.976562 0.240234 0.949219 0.257812 0.919922 0.292969 0.927734 0.314453 0.945312 0.310547 0.996094
0 0.296875 0.884766 0.277344 0.880859 0.259766 0.863281 0.255859 0.847656 0.259766 0.835938 0.281250 0.814453 0.308594 0.810547 0.326172 0.832031 0.326172 0.847656 0.318359 0.867188 0.296875 0.884766
0 0.390625 0.271484 0.355469 0.267578 0.337891 0.250000 0.337891 0.222656 0.351562 0.189453 0.382812 0.177734 0.402344 0.177734 0.435547 0.195312 0.435547 0.230469 0.414062 0.263672 0.390625 0.271484
0 0.390625 0.587891 0.359375 0.580078 0.345703 0.558594 0.345703 0.523438 0.367188 0.505859 0.386719 0.505859 0.406250 0.521484 0.416016 0.531250 0.423828 0.554688 0.416016 0.578125 0.390625 0.587891
0 0.000000 0.693359 0.019531 0.689453 0.041016 0.707031 0.044922 0.722656 0.044922 0.734375 0.031250 0.748047 0.000000 0.759766
0 0.550781 0.162109 0.535156 0.162109 0.513672 0.144531 0.521484 0.105469 0.542969 0.087891 0.558594 0.087891 0.580078 0.117188 0.572266 0.140625 0.550781 0.162109
0 0.578125 0.697266 0.546875 0.693359 0.521484 0.667969 0.517578 0.640625 0.535156 0.619141 0.570312 0.615234 0.607422 0.636719 0.607422 0.664062 0.599609 0.679688 0.578125 0.697266
0 0.714844 0.697266 0.703125 0.697266 0.691406 0.685547 0.667969 0.689453 0.658203 0.679688 0.658203 0.640625 0.679688 0.619141 0.691406 0.619141 0.699219 0.611328 0.730469 0.619141 0.744141 0.632812 0.744141 0.667969 0.734375 0.685547 0.714844 0.697266
0 0.750000 0.806641 0.675781 0.798828 0.669922 0.792969 0.666016 0.761719 0.673828 0.753906 0.673828 0.742188 0.691406 0.724609 0.753906 0.728516 0.771484 0.742188 0.783203 0.761719 0.783203 0.781250 0.769531 0.798828 0.750000 0.806641
0 0.605469 0.771484 0.574219 0.771484 0.556641 0.738281 0.578125 0.724609 0.609375 0.724609 0.619141 0.734375 0.619141 0.746094 0.605469 0.771484
0 0.617188 0.513672 0.562500 0.513672 0.548828 0.503906 0.541016 0.484375 0.541016 0.457031 0.566406 0.431641 0.617188 0.427734 0.642578 0.445312 0.642578 0.488281 0.617188 0.513672
0 0.093750 0.583984 0.080078 0.578125 0.085938 0.564453 0.099609 0.570312 0.093750 0.583984
0 0.548828 0.000000 0.548828 0.035156 0.527344 0.048828 0.486328 0.042969 0.478516 0.035156 0.478516 0.000000
