0 0.160156 0.365234 0.132812 0.361328 0.111328 0.335938 0.111328 0.304688 0.121094 0.294922 0.140625 0.294922 0.162109 0.320312 0.166016 0.355469 0.160156 0.365234
0 0.902344 0.248047 0.851562 0.248047 0.841797 0.218750 0.859375 0.201172 0.894531 0.189453 0.917969 0.189453 0.933594 0.197266 0.931641 0.222656 0.902344 0.248047
0 0.871094 0.701172 0.847656 0.701172 0.830078 0.687500 0.818359 0.656250 0.818359 0.625000 0.824219 0.619141 0.851562 0.615234 0.873047 0.632812 0.888672 0.679688 0.871094 0.701172
0 0.589844 0.591797 0.574219 0.591797 0.552734 0.574219 0.552734 0.539062 0.570312 0.529297 0.597656 0.541016 0.607422 0.554688 0.607422 0.578125 0.589844 0.591797
0 0.160156 0.658203 0.136719 0.658203 0.123047 0.644531 0.115234 0.625000 0.115234 0.601562 0.125000 0.591797 0.140625 0.591797 0.158203 0.601562 0.166016 0.617188 0.166016 0.652344 0.160156 0.658203
0 0.222656 0.193359 0.191406 0.193359 0.173828 0.179688 0.154297 0.148438 0.154297 0.128906 0.167969 0.115234 0.199219 0.119141 0.228516 0.144531 0.240234 0.171875 0.236328 0.183594 0.222656 0.193359
0 0.306641 0.996094 0.332031 0.978516 0.361328 0.996094
0 0.558594 0.283203 0.539062 0.283203 0.517578 0.269531 0.517578 0.238281 0.531250 0.224609 0.550781 0.224609 0.568359 0.238281 0.568359 0.273438 0.558594 0.283203
0 0.550781 0.099609 0.537109 0.093750 0.542969 0.076172 0.552734 0.078125 0.550781 0.099609
0 0.863281 0.900391 0.839844 0.896484 0.822266 0.878906 0.822266 0.855469 0.828125 0.845703 0.855469 0.841797 0.871094 0.849609 0.880859 0.863281 0.880859 0.882812 0.863281 0.900391
0 0.628906 0.462891 0.607422 0.460938 0.607422 0.445312 0.613281 0.439453 0.630859 0.441406 0.628906 0.462891
