0 0.192188 0.996094 0.200000 0.982422 0.212500 0.978516 0.226562 0.996094
0 0.156250 0.748047 0.148438 0.746094 0.151562 0.730469 0.240625 0.607422 0.259375 0.599609 0.273438 0.613281 0.276562 0.628906 0.260937 0.667969 0.231250 0.712891 0.156250 0.748047
0 0.400000 0.423828 0.356250 0.392578 0.328125 0.384766 0.312500 0.373047 0.268750 0.373047 0.243750 0.361328 0.239063 0.355469 0.239063 0.339844 0.281250 0.287109 0.356250 0.291016 0.403125 0.322266 0.417187 0.343750 0.417187 0.394531 0.400000 0.423828
0 0.362500 0.291016 0.293750 0.291016 0.285938 0.281250 0.285938 0.257812 0.318750 0.224609 0.353125 0.220703 0.393750 0.232422 0.407813 0.250000 0.401562 0.273438 0.381250 0.287109 0.362500 0.291016
0 0.026562 0.000000 0.010937 0.054688 0.010937 0.074219 0.000000 0.091797
0 0.087500 0.775391 0.059375 0.775391 0.039062 0.750000 0.039062 0.730469 0.046875 0.720703 0.078125 0.724609 0.112500 0.716797 0.134375 0.697266 0.164062 0.683594 0.160938 0.699219 0.146875 0.720703 0.087500 0.775391
0 0.382812 0.000000 0.404687 0.027344 0.423438 0.074219 0.423438 0.101562 0.403125 0.119141 0.384375 0.123047 0.353125 0.119141 0.334375 0.103516 0.307812 0.070312 0.301563 0.042969 0.279687 0.000000
0 0.150000 0.142578 0.121875 0.142578 0.100000 0.126953 0.092188 0.113281 0.098437 0.074219 0.134375 0.029297 0.165625 0.037109 0.179688 0.054688 0.189062 0.078125 0.189062 0.097656 0.179688 0.121094 0.150000 0.142578
0 0.137500 0.994141 0.059375 0.994141 0.057813 0.984375 0.153125 0.865234 0.215625 0.818359 0.237500 0.818359 0.245312 0.828125 0.251563 0.851562 0.251563 0.875000 0.239063 0.914062 0.200000 0.958984 0.137500 0.994141
0 0.290625 0.751953 0.275000 0.751953 0.270313 0.746094 0.267188 0.703125 0.276562 0.667969 0.296875 0.642578 0.309375 0.638672 0.343750 0.607422 0.359375 0.607422 0.381250 0.623047 0.401562 0.648438 0.407813 0.664062 0.403125 0.673828 0.381250 0.658203 0.368750 0.681641 0.354687 0.687500 0.375000 0.712891 0.384375 0.712891 0.395313 0.722656 0.390625 0.736328 0.371875 0.728516 0.328125 0.728516 0.306250 0.732422 0.290625 0.751953
0 0.000000 0.623047 0.018750 0.587891 0.034375 0.583984 0.039062 0.589844 0.029687 0.625000 0.012500 0.654297 0.001563 0.644531 0.000000 0.630859
0 0.062500 0.919922 0.046875 0.919922 0.042188 0.914062 0.045312 0.898438 0.073438 0.871094 0.098437 0.835938 0.101562 0.820312 0.137500 0.787109 0.150000 0.767578 0.168750 0.751953 0.193750 0.748047 0.218750 0.732422 0.231250 0.736328 0.239063 0.746094 0.229687 0.781250 0.206250 0.814453 0.178125 0.833984 0.121875 0.888672 0.093750 0.896484 0.062500 0.919922
0 0.253125 0.576172 0.237500 0.576172 0.215625 0.564453 0.207813 0.554688 0.204687 0.531250 0.214062 0.488281 0.235937 0.445312 0.254688 0.421875 0.265625 0.392578 0.318750 0.396484 0.343750 0.412109 0.371875 0.416016 0.382812 0.425781 0.376563 0.449219 0.365625 0.462891 0.350000 0.470703 0.312500 0.525391 0.253125 0.576172
0 0.171875 0.482422 0.156250 0.470703 0.137500 0.474609 0.104688 0.433594 0.101562 0.398438 0.107813 0.375000 0.121875 0.357422 0.128125 0.357422 0.137500 0.376953 0.168750 0.373047 0.173437 0.378906 0.173437 0.410156 0.189062 0.433594 0.195312 0.468750 0.171875 0.482422
