0 0.997222 0.648611 0.986111 0.651389 0.975000 0.645833 0.954167 0.625000 0.954167 0.616667 0.948611 0.613889 0.937500 0.591667 0.940278 0.588889 0.931944 0.569444 0.929167 0.544444 0.934722 0.502778 0.947222 0.479167 0.958333 0.473611 0.986111 0.473611 0.997222 0.487500
0 0.255556 0.498611 0.234722 0.488889 0.234722 0.477778 0.241667 0.465278 0.252778 0.465278 0.259722 0.472222 0.259722 0.494444 0.255556 0.498611
0 0.997222 0.931944 0.958333 0.937500 0.927778 0.934722 0.895833 0.911111 0.873611 0.872222 0.876389 0.841667 0.901389 0.805556 0.958333 0.759722 0.997222 0.745833
0 0.311111 0.745833 0.300000 0.745833 0.291667 0.740278 0.276389 0.722222 0.276389 0.700000 0.265278 0.677778 0.265278 0.636111 0.287500 0.600000 0.322222 0.579167 0.344444 0.573611 0.380556 0.579167 0.398611 0.597222 0.398611 0.625000 0.404167 0.650000 0.401389 0.672222 0.377778 0.698611 0.344444 0.712500 0.340278 0.727778 0.311111 0.745833
0 0.515278 0.997222 0.512500 0.986111 0.504167 0.977778 0.498611 0.955556 0.498611 0.908333 0.501389 0.897222 0.520833 0.872222 0.544444 0.859722 0.575000 0.859722 0.594444 0.865278 0.608333 0.873611 0.620833 0.891667 0.620833 0.919444 0.587500 0.963889 0.587500 0.997222
0 0.108333 0.593056 0.069444 0.587500 0.054167 0.575000 0.043056 0.558333 0.037500 0.538889 0.040278 0.508333 0.065278 0.461111 0.105556 0.420833 0.147222 0.398611 0.180556 0.398611 0.204167 0.419444 0.212500 0.444444 0.209722 0.483333 0.184722 0.536111 0.175000 0.540278 0.138889 0.579167 0.108333 0.593056
0 0.852778 0.295833 0.833333 0.295833 0.815278 0.277778 0.804167 0.255556 0.804167 0.225000 0.812500 0.213889 0.826389 0.172222 0.856944 0.133333 0.861111 0.134722 0.883333 0.118056 0.911111 0.118056 0.934722 0.133333 0.948611 0.161111 0.940278 0.208333 0.929167 0.233333 0.909722 0.255556 0.904167 0.269444 0.872222 0.290278 0.852778 0.295833
0 0.247222 0.890278 0.219444 0.890278 0.200000 0.884722 0.188889 0.876389 0.175000 0.873611 0.162500 0.852778 0.159722 0.808333 0.165278 0.786111 0.181944 0.763889 0.197222 0.756944 0.200000 0.751389 0.238889 0.751389 0.263889 0.762500 0.284722 0.780556 0.293056 0.808333 0.290278 0.847222 0.276389 0.872222 0.247222 0.890278
0 0.804167 0.000000 0.801389 0.011111 0.791667 0.018056 0.780556 0.018056 0.776389 0.013889 0.779167 0.000000
0 0.450000 0.384722 0.438889 0.384722 0.429167 0.377778 0.420833 0.352778 0.426389 0.319444 0.437500 0.302778 0.437500 0.294444 0.452778 0.273611 0.463889 0.265278 0.480556 0.262500 0.494444 0.262500 0.500000 0.268056 0.519444 0.268056 0.533333 0.262500 0.561111 0.270833 0.573611 0.283333 0.581944 0.302778 0.579167 0.319444 0.555556 0.348611 0.527778 0.365278 0.450000 0.384722
0 0.000000 0.045833 0.025000 0.048611 0.056944 0.075000 0.065278 0.088889 0.073611 0.122222 0.068056 0.155556 0.043056 0.191667 0.027778 0.204167 0.000000 0.204167
0 0.230556 0.190278 0.208333 0.187500 0.179167 0.158333 0.168056 0.136111 0.165278 0.077778 0.179167 0.047222 0.202778 0.023611 0.230556 0.009722 0.233333 0.012500 0.241667 0.006944 0.261111 0.006944 0.288889 0.018056 0.312500 0.038889 0.323611 0.061111 0.326389 0.102778 0.312500 0.136111 0.294444 0.148611 0.275000 0.170833 0.255556 0.181944 0.233333 0.184722 0.230556 0.190278
0 0.661111 0.229167 0.644444 0.226389 0.626389 0.211111 0.615278 0.191667 0.606944 0.147222 0.594444 0.137500 0.583333 0.137500 0.579167 0.133333 0.573611 0.122222 0.573611 0.102778 0.584722 0.083333 0.625000 0.048611 0.652778 0.037500 0.675000 0.037500 0.694444 0.048611 0.701389 0.058333 0.701389 0.091667 0.687500 0.175000 0.690278 0.194444 0.681944 0.216667 0.661111 0.229167
0 0.000000 0.351389 0.011111 0.351389 0.036111 0.368056 0.056944 0.394444 0.056944 0.405556 0.062500 0.413889 0.056944 0.455556 0.043056 0.480556 0.034722 0.486111 0.029167 0.502778 0.022222 0.509722 0.000000 0.512500
0 0.422222 0.981944 0.400000 0.981944 0.381944 0.963889 0.370833 0.941667 0.370833 0.888889 0.379167 0.869444 0.384722 0.813889 0.400000 0.804167 0.444444 0.798611 0.481944 0.822222 0.487500 0.861111 0.470833 0.897222 0.459722 0.911111 0.445833 0.966667 0.436111 0.976389 0.422222 0.981944
0 0.863889 0.690278 0.827778 0.687500 0.804167 0.672222 0.795833 0.658333 0.790278 0.636111 0.790278 0.605556 0.798611 0.580556 0.823611 0.558333 0.823611 0.552778 0.838889 0.537500 0.848611 0.533333 0.850000 0.526389 0.897222 0.520833 0.912500 0.533333 0.923611 0.572222 0.898611 0.655556 0.884722 0.675000 0.863889 0.690278
0 0.000000 0.601389 0.013889 0.601389 0.025000 0.606944 0.037500 0.622222 0.040278 0.636111 0.040278 0.666667 0.034722 0.691667 0.015278 0.741667 0.000000 0.762500
0 0.330556 0.490278 0.311111 0.487500 0.288889 0.468056 0.280556 0.468056 0.265278 0.452778 0.251389 0.419444 0.251389 0.386111 0.262500 0.358333 0.280556 0.334722 0.294444 0.323611 0.316667 0.315278 0.319444 0.309722 0.352778 0.304167 0.383333 0.315278 0.398611 0.330556 0.406944 0.352778 0.406944 0.380556 0.393056 0.394444 0.384722 0.438889 0.376389 0.444444 0.379167 0.452778 0.373611 0.455556 0.370833 0.469444 0.363889 0.476389 0.330556 0.490278
0 0.397222 0.254167 0.366667 0.254167 0.340278 0.233333 0.323611 0.197222 0.326389 0.166667 0.343056 0.127778 0.375000 0.104167 0.441667 0.104167 0.451389 0.111111 0.462500 0.130556 0.462500 0.188889 0.451389 0.208333 0.443056 0.213889 0.437500 0.227778 0.419444 0.243056 0.397222 0.254167
0 0.997222 0.134722 0.979167 0.108333 0.973611 0.086111 0.973611 0.058333 0.984722 0.025000 0.981944 0.011111 0.997222 0.009722
0 0.830556 0.512500 0.808333 0.512500 0.780556 0.504167 0.759722 0.488889 0.748611 0.469444 0.748611 0.450000 0.743056 0.436111 0.715278 0.388889 0.718056 0.352778 0.734722 0.322222 0.752778 0.309722 0.772222 0.304167 0.802778 0.306944 0.822222 0.318056 0.851389 0.355556 0.865278 0.405556 0.865278 0.463889 0.862500 0.483333 0.838889 0.509722 0.830556 0.512500
0 0.751389 0.997222 0.731944 0.955556 0.723611 0.919444 0.726389 0.869444 0.734722 0.855556 0.750000 0.845833 0.786111 0.845833 0.802778 0.851389 0.823611 0.875000 0.851389 0.938889 0.851389 0.972222 0.840278 0.997222
0 0.533333 0.698611 0.527778 0.690278 0.511111 0.693056 0.505556 0.687500 0.486111 0.693056 0.468056 0.691667 0.469444 0.681944 0.484722 0.675000 0.479167 0.650000 0.465278 0.641667 0.465278 0.636111 0.476389 0.627778 0.476389 0.619444 0.484722 0.608333 0.481944 0.597222 0.494444 0.593056 0.511111 0.609722 0.520833 0.600000 0.518056 0.580556 0.527778 0.579167 0.531944 0.586111 0.531944 0.605556 0.538889 0.615278 0.548611 0.608333 0.545833 0.600000 0.552778 0.593056 0.586111 0.590278 0.608333 0.606944 0.612500 0.602778 0.612500 0.588889 0.622222 0.587500 0.620833 0.613889 0.626389 0.619444 0.626389 0.644444 0.604167 0.663889 0.604167 0.683333 0.583333 0.679167 0.579167 0.683333 0.580556 0.693056 0.572222 0.693056 0.569444 0.687500 0.563889 0.693056 0.552778 0.690278 0.538889 0.693056 0.533333 0.698611
