0 0.423438 0.217773 0.409375 0.209961 0.400781 0.201172 0.402344 0.179688 0.414062 0.161133 0.431250 0.157227 0.444531 0.169922 0.447656 0.179688 0.447656 0.197266 0.439063 0.209961 0.423438 0.217773
0 0.768750 0.504883 0.759375 0.504883 0.753125 0.500977 0.735156 0.480469 0.730469 0.466797 0.730469 0.447266 0.733594 0.439453 0.743750 0.422852 0.756250 0.416992 0.767188 0.416992 0.776563 0.422852 0.786719 0.435547 0.789844 0.447266 0.789844 0.470703 0.786719 0.484375 0.778125 0.499023 0.768750 0.504883
0 0.525000 0.938477 0.512500 0.938477 0.503906 0.921875 0.503906 0.896484 0.510156 0.878906 0.515625 0.872070 0.528125 0.864258 0.550000 0.864258 0.557813 0.868164 0.563281 0.890625 0.551562 0.907227 0.546094 0.910156 0.535156 0.929688 0.525000 0.938477
0 0.452344 0.998047 0.470313 0.973633 0.479687 0.967773 0.500000 0.969727 0.516406 0.990234 0.517969 0.998047
0 0.910937 0.180664 0.895312 0.178711 0.889844 0.167969 0.886719 0.152344 0.889844 0.130859 0.903125 0.122070 0.918750 0.124023 0.930469 0.138672 0.930469 0.144531 0.935156 0.154297 0.933594 0.164062 0.928125 0.172852 0.910937 0.180664
0 0.896875 0.737305 0.882812 0.737305 0.871875 0.731445 0.864844 0.716797 0.864844 0.695312 0.867969 0.679688 0.878125 0.670898 0.887500 0.670898 0.890625 0.666992 0.898438 0.666992 0.907031 0.677734 0.907031 0.693359 0.897656 0.705078 0.897656 0.710938 0.907031 0.716797 0.907031 0.726562 0.901563 0.735352 0.896875 0.737305
0 0.779687 0.184570 0.764062 0.174805 0.757812 0.165039 0.746875 0.157227 0.739844 0.148438 0.738281 0.140625 0.739844 0.109375 0.749219 0.091797 0.760938 0.059570 0.771875 0.061523 0.792188 0.084961 0.804688 0.096680 0.807813 0.096680 0.817969 0.119141 0.816406 0.144531 0.808594 0.158203 0.807031 0.166016 0.779687 0.184570
0 0.818750 0.438477 0.809375 0.436523 0.802344 0.427734 0.800781 0.417969 0.785156 0.388672 0.785156 0.343750 0.793750 0.327148 0.804688 0.323242 0.811719 0.328125 0.811719 0.332031 0.819531 0.341797 0.824219 0.353516 0.832031 0.361328 0.832031 0.373047 0.836719 0.394531 0.836719 0.416016 0.833594 0.425781 0.818750 0.438477
0 0.048438 0.299805 0.025000 0.299805 0.010156 0.285156 0.007031 0.271484 0.010156 0.248047 0.022656 0.236328 0.026562 0.223633 0.034375 0.227539 0.059375 0.227539 0.067187 0.221680 0.071094 0.216797 0.071094 0.208984 0.076563 0.196289 0.079687 0.202148 0.082812 0.200195 0.094531 0.214844 0.097656 0.222656 0.102344 0.240234 0.102344 0.259766 0.099219 0.271484 0.092188 0.280273 0.078125 0.290039 0.065625 0.291992 0.048438 0.299805
0 0.815625 0.083008 0.803125 0.081055 0.791406 0.066406 0.786719 0.044922 0.798438 0.032227 0.814063 0.032227 0.825781 0.042969 0.830469 0.054688 0.830469 0.064453 0.827344 0.072266 0.815625 0.083008
0 0.352344 0.998047 0.350781 0.986328 0.357812 0.981445 0.361719 0.986328 0.355469 0.994141 0.357031 0.998047
0 0.000000 0.938477 0.020313 0.938477 0.051562 0.958008 0.063281 0.984375 0.063281 0.998047
0 0.187500 0.295898 0.160938 0.293945 0.154688 0.290039 0.141406 0.269531 0.139844 0.244141 0.133594 0.224609 0.154688 0.200195 0.179688 0.198242 0.187500 0.202148 0.196875 0.209961 0.207031 0.226562 0.207031 0.234375 0.213281 0.250000 0.213281 0.267578 0.195312 0.293945 0.187500 0.295898
0 0.411719 0.000000 0.411719 0.007812 0.399219 0.031250 0.376563 0.047852 0.354687 0.047852 0.332813 0.040039 0.310156 0.019531 0.302344 0.000000
0 0.357031 0.998047 0.355469 0.994141 0.370312 0.975586 0.379688 0.969727 0.385937 0.969727 0.396875 0.961914 0.417187 0.963867 0.428125 0.969727 0.435156 0.982422 0.436719 0.992188 0.434375 0.997070 0.363281 0.998047
0 0.085938 0.340820 0.070312 0.340820 0.061719 0.330078 0.063281 0.318359 0.076563 0.301758 0.089063 0.307617 0.096094 0.320312 0.096094 0.332031 0.085938 0.340820
0 0.696094 0.998047 0.686719 0.982422 0.686719 0.964844 0.689844 0.957031 0.696875 0.946289 0.703125 0.946289 0.712500 0.938477 0.726562 0.936523 0.737500 0.936523 0.746094 0.941406 0.763281 0.978516 0.763281 0.998047
0 0.232813 0.491211 0.212500 0.491211 0.203125 0.487305 0.189844 0.472656 0.183594 0.460938 0.178906 0.431641 0.178906 0.414062 0.183594 0.392578 0.192188 0.383789 0.210938 0.383789 0.243750 0.399414 0.264844 0.423828 0.269531 0.435547 0.267969 0.451172 0.258594 0.470703 0.246875 0.485352 0.232813 0.491211
0 0.707812 0.504883 0.690625 0.504883 0.674219 0.486328 0.671094 0.478516 0.669531 0.451172 0.674219 0.437500 0.682813 0.428711 0.704688 0.426758 0.714063 0.432617 0.730469 0.453125 0.730469 0.466797 0.733594 0.474609 0.730469 0.484375 0.715625 0.502930 0.707812 0.504883
0 0.363281 0.998047 0.435937 0.995117 0.436719 0.998047
0 0.465625 0.678711 0.445312 0.674805 0.428125 0.661133 0.416406 0.642578 0.408594 0.623047 0.417969 0.570312 0.425000 0.561523 0.434375 0.555664 0.454688 0.561523 0.476562 0.577148 0.489844 0.595703 0.497656 0.617188 0.497656 0.638672 0.486719 0.652344 0.480469 0.667969 0.471875 0.676758 0.465625 0.678711
0 0.648438 0.125977 0.635938 0.118164 0.634375 0.120117 0.628125 0.110352 0.614062 0.102539 0.607031 0.091797 0.607031 0.056641 0.611719 0.039062 0.626563 0.020508 0.643750 0.010742 0.653125 0.012695 0.657813 0.018555 0.664062 0.018555 0.671875 0.026367 0.680469 0.039062 0.689844 0.068359 0.686719 0.099609 0.677344 0.111328 0.677344 0.115234 0.668750 0.122070 0.656250 0.122070 0.648438 0.125977
0 0.506250 0.799805 0.490625 0.799805 0.484375 0.795898 0.461719 0.759766 0.461719 0.744141 0.475000 0.721680 0.500000 0.721680 0.507812 0.725586 0.521094 0.744141 0.521094 0.755859 0.524219 0.759766 0.521094 0.781250 0.517969 0.791016 0.506250 0.799805
0 0.837500 0.569336 0.812500 0.567383 0.799219 0.548828 0.797656 0.521484 0.800781 0.511719 0.815625 0.495117 0.834375 0.495117 0.843750 0.500977 0.855469 0.519531 0.858594 0.537109 0.855469 0.554688 0.848437 0.563477 0.837500 0.569336
0 0.562500 0.272461 0.553125 0.272461 0.532813 0.260742 0.519531 0.242188 0.519531 0.203125 0.530469 0.177734 0.535937 0.172852 0.562500 0.174805 0.578906 0.193359 0.583594 0.203125 0.585156 0.228516 0.562500 0.272461
0 0.965625 0.352539 0.953125 0.352539 0.928125 0.342773 0.914062 0.334961 0.902344 0.322266 0.897656 0.314453 0.891406 0.289062 0.891406 0.265625 0.898438 0.249023 0.918750 0.233398 0.942187 0.223633 0.953125 0.225586 0.967969 0.238281 0.983594 0.265625 0.989844 0.283203 0.992969 0.298828 0.992969 0.316406 0.986719 0.333984 0.965625 0.352539
0 0.154688 0.530273 0.142187 0.530273 0.130469 0.523438 0.122656 0.507812 0.122656 0.490234 0.128125 0.483398 0.145313 0.477539 0.163281 0.488281 0.166406 0.500000 0.166406 0.517578 0.160938 0.526367 0.154688 0.530273
0 0.142187 0.178711 0.131250 0.176758 0.121094 0.166016 0.110156 0.142578 0.110156 0.126953 0.131250 0.088867 0.139063 0.084961 0.148438 0.084961 0.171094 0.113281 0.171094 0.130859 0.174219 0.138672 0.164844 0.160156 0.156250 0.170898 0.142187 0.178711
0 0.242969 0.998047 0.244531 0.984375 0.248438 0.975586 0.271875 0.959961 0.281250 0.959961 0.289062 0.956055 0.301563 0.956055 0.303906 0.958984 0.308594 0.972656 0.313281 0.978516 0.314844 0.998047
0 0.276562 0.375977 0.273438 0.372070 0.268750 0.374023 0.259375 0.370117 0.240625 0.354492 0.232031 0.341797 0.225781 0.320312 0.222656 0.318359 0.227344 0.285156 0.239063 0.268555 0.250000 0.262695 0.271875 0.264648 0.289062 0.274414 0.297656 0.285156 0.308594 0.310547 0.310156 0.339844 0.307031 0.349609 0.295312 0.366211 0.279687 0.372070 0.276562 0.375977
0 0.365625 0.616211 0.342187 0.610352 0.332813 0.598633 0.307812 0.583008 0.302344 0.574219 0.296094 0.558594 0.296094 0.546875 0.300781 0.533203 0.300781 0.519531 0.312500 0.506836 0.335938 0.500977 0.360938 0.508789 0.379688 0.520508 0.393750 0.534180 0.403906 0.548828 0.407031 0.564453 0.397656 0.591797 0.384375 0.606445 0.365625 0.616211
0 0.526563 0.389648 0.501563 0.389648 0.489063 0.383789 0.480469 0.375000 0.467969 0.351562 0.467969 0.324219 0.475781 0.316406 0.482812 0.301758 0.493750 0.293945 0.509375 0.290039 0.526563 0.295898 0.541406 0.316406 0.547656 0.341797 0.547656 0.369141 0.539062 0.383789 0.526563 0.389648
0 0.059375 0.227539 0.034375 0.227539 0.021875 0.221680 0.016406 0.212891 0.014844 0.207031 0.016406 0.181641 0.035937 0.161133 0.045312 0.161133 0.060937 0.168945 0.075781 0.195312 0.071094 0.208984 0.071094 0.216797 0.059375 0.227539
0 0.429688 0.307617 0.417187 0.303711 0.405469 0.291016 0.400781 0.281250 0.399219 0.269531 0.400781 0.253906 0.410156 0.236328 0.421875 0.223633 0.435937 0.217773 0.448437 0.217773 0.457813 0.221680 0.472656 0.242188 0.475781 0.250000 0.475781 0.275391 0.457813 0.301758 0.429688 0.307617
