0 0.234375 0.392578 0.223438 0.386719 0.214062 0.367188 0.214062 0.343750 0.228125 0.322266 0.240625 0.322266 0.257812 0.339844 0.257812 0.355469 0.234375 0.392578
0 0.328125 0.111328 0.296875 0.091797 0.278125 0.091797 0.262500 0.099609 0.260937 0.089844 0.271875 0.080078 0.303125 0.080078 0.332813 0.101562 0.328125 0.111328
0 0.996875 0.248047 0.984375 0.259766 0.970313 0.253906 0.970313 0.238281 0.996875 0.216797
0 0.292187 0.000000 0.279687 0.023438 0.279687 0.046875 0.271875 0.056641 0.253125 0.064453 0.248438 0.046875 0.267188 0.000000
0 0.393750 0.291016 0.375000 0.291016 0.367188 0.281250 0.367188 0.253906 0.384375 0.228516 0.440625 0.224609 0.454688 0.234375 0.448437 0.257812 0.440625 0.267578 0.418750 0.283203 0.393750 0.291016
0 0.140625 0.583984 0.112500 0.583984 0.104688 0.574219 0.104688 0.562500 0.121875 0.541016 0.143750 0.537109 0.151562 0.546875 0.151562 0.574219 0.140625 0.583984
0 0.300000 0.423828 0.292187 0.417969 0.292187 0.386719 0.303125 0.376953 0.307812 0.386719 0.301563 0.394531 0.304688 0.417969 0.300000 0.423828
0 0.265625 0.736328 0.240625 0.732422 0.220312 0.707031 0.217188 0.671875 0.221875 0.666016 0.243750 0.666016 0.267188 0.691406 0.273438 0.703125 0.273438 0.722656 0.265625 0.736328
0 0.320312 0.996094 0.317188 0.957031 0.325000 0.947266 0.350000 0.951172 0.370312 0.976562 0.376563 0.996094
0 0.278125 0.248047 0.270313 0.242188 0.270313 0.222656 0.296875 0.185547 0.312500 0.169922 0.325000 0.166016 0.329688 0.171875 0.329688 0.187500 0.323437 0.199219 0.287500 0.244141 0.278125 0.248047
0 0.129688 0.000000 0.126562 0.015625 0.103125 0.041016 0.081250 0.037109 0.060937 0.015625 0.057813 0.000000
0 0.418750 0.599609 0.410938 0.589844 0.418750 0.580078 0.431250 0.576172 0.453125 0.548828 0.471875 0.544922 0.476562 0.550781 0.450000 0.583984 0.418750 0.599609
0 0.275000 0.853516 0.262500 0.853516 0.254688 0.839844 0.254688 0.796875 0.262500 0.787109 0.290625 0.791016 0.295312 0.796875 0.285938 0.835938 0.275000 0.853516
0 0.328125 0.931641 0.318750 0.931641 0.310937 0.921875 0.310937 0.898438 0.325000 0.873047 0.331250 0.873047 0.339062 0.886719 0.335938 0.921875 0.328125 0.931641
0 0.178125 0.107422 0.160938 0.105469 0.157812 0.082031 0.187500 0.044922 0.203125 0.044922 0.207813 0.050781 0.207813 0.085938 0.178125 0.107422
0 0.203125 0.794922 0.189062 0.785156 0.193750 0.771484 0.207813 0.785156 0.203125 0.794922
0 0.037500 0.599609 0.025000 0.599609 0.017188 0.589844 0.010937 0.570312 0.010937 0.546875 0.034375 0.509766 0.059375 0.509766 0.082812 0.542969 0.053125 0.556641 0.045312 0.566406 0.045312 0.589844 0.037500 0.599609
0 0.300000 0.287109 0.292187 0.281250 0.298438 0.250000 0.312500 0.236328 0.328125 0.236328 0.332813 0.253906 0.312500 0.263672 0.300000 0.287109
0 0.081250 0.494141 0.059375 0.490234 0.051562 0.480469 0.051562 0.464844 0.065625 0.447266 0.084375 0.447266 0.092188 0.457031 0.089063 0.484375 0.081250 0.494141
0 0.478125 0.076172 0.440625 0.076172 0.435937 0.070312 0.435937 0.054688 0.471875 0.033203 0.503125 0.033203 0.507812 0.046875 0.487500 0.072266 0.478125 0.076172
0 0.128125 0.291016 0.118750 0.291016 0.098437 0.265625 0.098437 0.242188 0.118750 0.224609 0.134375 0.224609 0.142187 0.238281 0.142187 0.265625 0.128125 0.291016
0 0.190625 0.396484 0.179688 0.390625 0.179688 0.355469 0.192188 0.332031 0.212500 0.310547 0.217188 0.324219 0.207813 0.347656 0.207813 0.363281 0.201563 0.382812 0.190625 0.396484
0 0.278125 0.974609 0.271875 0.974609 0.257812 0.949219 0.257812 0.921875 0.271875 0.896484 0.281250 0.896484 0.295312 0.914062 0.295312 0.949219 0.278125 0.974609
0 0.137500 0.505859 0.129688 0.500000 0.129688 0.492188 0.137500 0.478516 0.143750 0.478516 0.148438 0.496094 0.137500 0.505859
0 0.268750 0.162109 0.262500 0.162109 0.254688 0.148438 0.251563 0.117188 0.262500 0.099609 0.278125 0.091797 0.303125 0.095703 0.307812 0.121094 0.284375 0.130859 0.268750 0.162109
0 0.468750 0.216797 0.450000 0.216797 0.428125 0.205078 0.420312 0.191406 0.420312 0.171875 0.443750 0.162109 0.459375 0.146484 0.490625 0.154297 0.501563 0.167969 0.501563 0.195312 0.490625 0.208984 0.468750 0.216797
0 0.409375 0.810547 0.400000 0.810547 0.392188 0.800781 0.392188 0.781250 0.396875 0.775391 0.409375 0.775391 0.414062 0.781250 0.414062 0.804688 0.409375 0.810547
0 0.112500 0.919922 0.103125 0.919922 0.095312 0.910156 0.092188 0.875000 0.103125 0.865234 0.125000 0.865234 0.135937 0.878906 0.135937 0.894531 0.112500 0.919922
0 0.418750 0.689453 0.410938 0.679688 0.462500 0.626953 0.493750 0.615234 0.507812 0.621094 0.507812 0.628906 0.496875 0.642578 0.456250 0.677734 0.418750 0.689453
0 0.381250 0.525391 0.370312 0.519531 0.373437 0.500000 0.381250 0.490234 0.403125 0.470703 0.431250 0.458984 0.440625 0.447266 0.448437 0.453125 0.445312 0.472656 0.434375 0.490234 0.381250 0.525391
0 0.046875 0.365234 0.034375 0.365234 0.029687 0.359375 0.026562 0.335938 0.029687 0.289062 0.037500 0.275391 0.046875 0.275391 0.070312 0.308594 0.067187 0.351562 0.046875 0.365234
0 0.425000 0.666016 0.409375 0.666016 0.404687 0.660156 0.404687 0.648438 0.415625 0.626953 0.437500 0.603516 0.484375 0.568359 0.506250 0.564453 0.510938 0.570312 0.507812 0.589844 0.496875 0.603516 0.481250 0.619141 0.462500 0.626953 0.425000 0.666016
0 0.443750 0.892578 0.423438 0.878906 0.420312 0.847656 0.428125 0.830078 0.459375 0.818359 0.464062 0.832031 0.457813 0.843750 0.457813 0.863281 0.443750 0.892578
0 0.109375 0.697266 0.100000 0.697266 0.089063 0.683594 0.092188 0.644531 0.131250 0.603516 0.146875 0.603516 0.151562 0.621094 0.145313 0.648438 0.139063 0.664062 0.109375 0.697266
0 0.143750 0.427734 0.134375 0.427734 0.120313 0.406250 0.120313 0.382812 0.125000 0.376953 0.134375 0.396484 0.157812 0.406250 0.157812 0.414062 0.143750 0.427734
0 0.996875 0.474609 0.978125 0.466797 0.970313 0.441406 0.971875 0.416016 0.996875 0.412109
0 0.296875 0.173828 0.284375 0.173828 0.279687 0.167969 0.276562 0.140625 0.284375 0.130859 0.306250 0.126953 0.317188 0.136719 0.317188 0.152344 0.296875 0.173828
0 0.100000 0.771484 0.064062 0.730469 0.060937 0.710938 0.065625 0.705078 0.084375 0.708984 0.110937 0.746094 0.110937 0.757812 0.100000 0.771484
0 0.168750 0.404297 0.143750 0.404297 0.129688 0.390625 0.123438 0.371094 0.123438 0.332031 0.134375 0.314453 0.159375 0.314453 0.176563 0.335938 0.179688 0.390625 0.168750 0.404297
0 0.403125 0.755859 0.395313 0.750000 0.395313 0.738281 0.418750 0.701172 0.437500 0.689453 0.459375 0.689453 0.464062 0.695312 0.459375 0.705078 0.434375 0.716797 0.403125 0.755859
0 0.975000 0.466797 0.946875 0.455078 0.932813 0.437500 0.932813 0.417969 0.937500 0.412109 0.965625 0.412109 0.970313 0.417969 0.975000 0.466797
0 0.000000 0.357422 0.015625 0.341797 0.029687 0.351562 0.026562 0.382812 0.014063 0.406250 0.000000 0.419922
0 0.218750 0.619141 0.203125 0.619141 0.192188 0.605469 0.192188 0.578125 0.200000 0.568359 0.231250 0.556641 0.264062 0.582031 0.264062 0.593750 0.253125 0.607422 0.225000 0.611328 0.218750 0.619141
0 0.026562 0.996094 0.007812 0.953125 0.007812 0.937500 0.015625 0.919922 0.021875 0.919922 0.045312 0.949219 0.048438 0.988281 0.042188 0.996094
0 0.456250 0.794922 0.435937 0.777344 0.432812 0.753906 0.450000 0.720703 0.484375 0.697266 0.493750 0.697266 0.498437 0.703125 0.495312 0.726562 0.460938 0.769531 0.460938 0.789062 0.456250 0.794922
0 0.459375 0.974609 0.446875 0.974609 0.435937 0.960938 0.435937 0.929688 0.442188 0.914062 0.462500 0.896484 0.490625 0.900391 0.510938 0.921875 0.514062 0.937500 0.503125 0.951172 0.481250 0.951172 0.459375 0.974609
0 0.334375 0.826172 0.328125 0.826172 0.323437 0.816406 0.340625 0.798828 0.345313 0.808594 0.334375 0.826172
0 0.412500 0.560547 0.393750 0.560547 0.385937 0.546875 0.450000 0.501953 0.468750 0.501953 0.473438 0.507812 0.450000 0.533203 0.421875 0.548828 0.412500 0.560547
0 0.203125 0.501953 0.178125 0.501953 0.167187 0.484375 0.170313 0.468750 0.187500 0.447266 0.196875 0.443359 0.214062 0.453125 0.214062 0.488281 0.203125 0.501953
0 0.000000 0.177734 0.012500 0.177734 0.032813 0.203125 0.029687 0.218750 0.012500 0.240234 0.000000 0.240234
0 0.493750 0.142578 0.443750 0.142578 0.432812 0.128906 0.453125 0.107422 0.509375 0.111328 0.514062 0.125000 0.493750 0.142578
0 0.393750 0.462891 0.371875 0.462891 0.367188 0.457031 0.367188 0.437500 0.379688 0.394531 0.409375 0.380859 0.428125 0.384766 0.439063 0.398438 0.439063 0.414062 0.415625 0.447266 0.393750 0.462891
0 0.996875 0.552734 0.962500 0.552734 0.942187 0.535156 0.942187 0.523438 0.950000 0.513672 0.996875 0.521484
0 0.996875 0.302734 0.965625 0.298828 0.960938 0.292969 0.962500 0.283203 0.996875 0.248047
0 0.068750 0.158203 0.037500 0.146484 0.032813 0.132812 0.045312 0.105469 0.065625 0.080078 0.081250 0.076172 0.101562 0.093750 0.104688 0.121094 0.084375 0.154297 0.068750 0.158203
0 0.996875 0.341797 0.976562 0.320312 0.981250 0.302734 0.996875 0.302734
0 0.312500 0.693359 0.290625 0.689453 0.279687 0.667969 0.279687 0.652344 0.296875 0.634766 0.334375 0.634766 0.342187 0.644531 0.342187 0.667969 0.328125 0.685547 0.312500 0.693359
0 0.400000 0.080078 0.390625 0.080078 0.382812 0.070312 0.379688 0.042969 0.400000 0.017578 0.415625 0.013672 0.426563 0.023438 0.426563 0.042969 0.410938 0.058594 0.410938 0.066406 0.400000 0.080078
0 0.046875 0.900391 0.040625 0.900391 0.035937 0.886719 0.056250 0.869141 0.065625 0.869141 0.070312 0.886719 0.062500 0.896484 0.046875 0.900391
0 0.460938 0.996094 0.457813 0.984375 0.462500 0.978516 0.515625 0.955078 0.531250 0.955078 0.545312 0.968750 0.545312 0.988281 0.539062 0.996094
0 0.321875 0.498047 0.314063 0.492188 0.314063 0.484375 0.328125 0.470703 0.332813 0.480469 0.321875 0.498047
0 0.000000 0.630859 0.021875 0.599609 0.035937 0.601562 0.039062 0.625000 0.023438 0.648438 0.014063 0.675781 0.000000 0.681641
0 0.043750 0.474609 0.028125 0.474609 0.014063 0.457031 0.017188 0.414062 0.031250 0.400391 0.056250 0.400391 0.060937 0.406250 0.060937 0.453125 0.043750 0.474609
0 0.428125 0.564453 0.421875 0.564453 0.417187 0.554688 0.450000 0.533203 0.471875 0.509766 0.496875 0.509766 0.501563 0.515625 0.484375 0.537109 0.459375 0.544922 0.443750 0.560547 0.428125 0.564453
0 0.000000 0.111328 0.012500 0.115234 0.035937 0.144531 0.035937 0.164062 0.025000 0.177734 0.000000 0.177734
0 0.043750 0.869141 0.035937 0.863281 0.039062 0.773438 0.059375 0.748047 0.075000 0.748047 0.082812 0.757812 0.082812 0.800781 0.073438 0.828125 0.043750 0.869141
0 0.068750 0.603516 0.050000 0.603516 0.045312 0.597656 0.045312 0.566406 0.062500 0.548828 0.078125 0.548828 0.082812 0.554688 0.082812 0.589844 0.068750 0.603516
0 0.996875 0.412109 0.981250 0.412109 0.967187 0.390625 0.967187 0.382812 0.978125 0.373047 0.990625 0.373047 0.996875 0.380859
0 0.526563 0.000000 0.515625 0.017578 0.500000 0.021484 0.471875 0.021484 0.464062 0.000000
0 0.996875 0.521484 0.962500 0.517578 0.945312 0.492188 0.945312 0.480469 0.959375 0.462891 0.996875 0.474609
0 0.384375 0.365234 0.365625 0.365234 0.360938 0.359375 0.364063 0.335938 0.390625 0.310547 0.421875 0.302734 0.426563 0.320312 0.384375 0.365234
0 0.996875 0.611328 0.982812 0.597656 0.982812 0.578125 0.996875 0.572266
0 0.000000 0.791016 0.009375 0.791016 0.020313 0.808594 0.020313 0.832031 0.014063 0.847656 0.000000 0.861328
0 0.343750 0.560547 0.334375 0.560547 0.323437 0.542969 0.334375 0.513672 0.346875 0.513672 0.351562 0.519531 0.351562 0.550781 0.343750 0.560547
0 0.240625 0.533203 0.218750 0.533203 0.210938 0.523438 0.210938 0.503906 0.231250 0.462891 0.237500 0.462891 0.245312 0.476562 0.245312 0.527344 0.240625 0.533203
