0 0.806641 0.996094 0.806641 0.964844 0.828125 0.955078 0.845703 0.972656 0.845703 0.996094
0 0.406250 0.126953 0.378906 0.119141 0.357422 0.078125 0.361328 0.046875 0.382812 0.033203 0.406250 0.041016 0.431641 0.082031 0.427734 0.117188 0.406250 0.126953
0 0.378906 0.255859 0.359375 0.251953 0.345703 0.238281 0.341797 0.218750 0.351562 0.208984 0.367188 0.208984 0.384766 0.226562 0.388672 0.246094 0.378906 0.255859
0 0.324219 0.658203 0.304688 0.658203 0.281250 0.646484 0.267578 0.628906 0.267578 0.613281 0.281250 0.603516 0.296875 0.603516 0.308594 0.611328 0.330078 0.632812 0.330078 0.652344 0.324219 0.658203
0 0.785156 0.423828 0.761719 0.423828 0.751953 0.406250 0.769531 0.380859 0.792969 0.376953 0.806641 0.398438 0.802734 0.410156 0.785156 0.423828
0 0.652344 0.720703 0.636719 0.716797 0.619141 0.699219 0.615234 0.679688 0.625000 0.666016 0.644531 0.666016 0.662109 0.683594 0.666016 0.707031 0.652344 0.720703
0 0.000000 0.861328 0.013672 0.867188 0.013672 0.882812 0.000000 0.888672
0 0.904297 0.000000 0.898438 0.009766 0.878906 0.009766 0.869141 0.000000
0 0.460938 0.537109 0.441406 0.533203 0.423828 0.519531 0.419922 0.500000 0.429688 0.490234 0.457031 0.490234 0.478516 0.507812 0.478516 0.523438 0.460938 0.537109
0 0.054688 0.791016 0.035156 0.787109 0.025391 0.773438 0.025391 0.761719 0.039062 0.748047 0.058594 0.740234 0.080078 0.753906 0.083984 0.773438 0.070312 0.787109 0.054688 0.791016
0 0.125000 0.197266 0.105469 0.193359 0.095703 0.183594 0.101562 0.162109 0.132812 0.158203 0.142578 0.164062 0.142578 0.187500 0.125000 0.197266
0 0.609375 0.267578 0.597656 0.267578 0.576172 0.238281 0.580078 0.218750 0.589844 0.208984 0.601562 0.212891 0.619141 0.238281 0.619141 0.257812 0.609375 0.267578
0 0.871094 0.759766 0.857422 0.753906 0.849609 0.730469 0.859375 0.701172 0.875000 0.701172 0.884766 0.718750 0.884766 0.750000 0.871094 0.759766
0 0.599609 0.000000 0.611328 0.031250 0.601562 0.044922 0.589844 0.048828 0.582031 0.048828 0.556641 0.027344 0.548828 0.000000
0 0.835938 0.216797 0.816406 0.216797 0.806641 0.203125 0.810547 0.171875 0.820312 0.162109 0.835938 0.162109 0.845703 0.183594 0.845703 0.199219 0.835938 0.216797
0 0.996094 0.404297 0.974609 0.382812 0.974609 0.355469 0.984375 0.345703 0.996094 0.345703
0 0.648438 0.986328 0.632812 0.986328 0.626953 0.980469 0.623047 0.945312 0.640625 0.927734 0.660156 0.923828 0.669922 0.937500 0.669922 0.960938 0.648438 0.986328
0 0.085938 0.638672 0.062500 0.638672 0.056641 0.632812 0.056641 0.617188 0.082031 0.591797 0.101562 0.587891 0.111328 0.593750 0.115234 0.613281 0.105469 0.626953 0.085938 0.638672
0 0.203125 0.716797 0.191406 0.712891 0.181641 0.699219 0.181641 0.667969 0.187500 0.658203 0.203125 0.658203 0.216797 0.671875 0.220703 0.699219 0.203125 0.716797
0 0.437500 0.931641 0.421875 0.927734 0.400391 0.898438 0.404297 0.878906 0.417969 0.869141 0.433594 0.873047 0.455078 0.898438 0.451172 0.921875 0.437500 0.931641
0 0.406250 0.693359 0.386719 0.689453 0.384766 0.679688 0.402344 0.673828 0.406250 0.693359
0 0.339844 0.318359 0.316406 0.310547 0.306641 0.300781 0.302734 0.281250 0.312500 0.271484 0.320312 0.271484 0.341797 0.289062 0.345703 0.312500 0.339844 0.318359
