0 0.812500 0.685547 0.771875 0.685547 0.757812 0.667969 0.757812 0.648438 0.775000 0.619141 0.793750 0.615234 0.812500 0.626953 0.846875 0.626953 0.856250 0.615234 0.871875 0.615234 0.889062 0.628906 0.884375 0.642578 0.865625 0.650391 0.853125 0.666016 0.812500 0.685547
0 0.368750 0.673828 0.315625 0.662109 0.246875 0.626953 0.210938 0.601562 0.204687 0.589844 0.204687 0.574219 0.231250 0.552734 0.284375 0.552734 0.300000 0.560547 0.321875 0.576172 0.370312 0.636719 0.376563 0.648438 0.376563 0.664062 0.368750 0.673828
0 0.929688 0.000000 0.928125 0.005859 0.906250 0.013672 0.881250 0.013672 0.873437 0.000000
0 0.996875 0.318359 0.953125 0.318359 0.940625 0.310547 0.926562 0.289062 0.901563 0.191406 0.898438 0.089844 0.904687 0.070312 0.915625 0.056641 0.931250 0.048828 0.950000 0.048828 0.973437 0.074219 0.996875 0.119141
0 0.887500 0.572266 0.853125 0.572266 0.831250 0.556641 0.817187 0.535156 0.826562 0.484375 0.845313 0.449219 0.862500 0.431641 0.884375 0.435547 0.903125 0.447266 0.932813 0.488281 0.932813 0.511719 0.926562 0.531250 0.900000 0.564453 0.887500 0.572266
0 0.079687 0.000000 0.095312 0.027344 0.117188 0.089844 0.126562 0.101562 0.157812 0.214844 0.160938 0.281250 0.154688 0.304688 0.137500 0.322266 0.112500 0.314453 0.079687 0.273438 0.042188 0.210938 0.014063 0.113281 0.010937 0.000000
0 0.010937 0.000000 0.014063 0.125000 0.000000 0.150391
0 0.989062 0.996094 0.985938 0.984375 0.968750 0.962891 0.943750 0.962891 0.935937 0.957031 0.929688 0.937500 0.917188 0.921875 0.917188 0.902344 0.926562 0.886719 0.946875 0.869141 0.971875 0.869141 0.987500 0.880859 0.992188 0.886719 0.992188 0.914062 0.979688 0.949219 0.990625 0.966797 0.996875 0.966797
0 0.565625 0.626953 0.496875 0.626953 0.462500 0.615234 0.445312 0.597656 0.432812 0.574219 0.423438 0.554688 0.423438 0.539062 0.440625 0.517578 0.456250 0.517578 0.465625 0.505859 0.500000 0.501953 0.515625 0.509766 0.553125 0.537109 0.582812 0.570312 0.585938 0.601562 0.565625 0.626953
0 0.570312 0.996094 0.535937 0.968750 0.520312 0.945312 0.510938 0.917969 0.514062 0.871094 0.543750 0.841797 0.587500 0.849609 0.625000 0.880859 0.660937 0.921875 0.667188 0.937500 0.667188 0.968750 0.659375 0.982422 0.639062 0.996094
0 0.000000 0.474609 0.020313 0.500000 0.045312 0.574219 0.076563 0.625000 0.079687 0.664062 0.065625 0.685547 0.050000 0.685547 0.031250 0.677734 0.000000 0.646484
0 0.720313 0.996094 0.754687 0.917969 0.784375 0.896484 0.800000 0.896484 0.814063 0.910156 0.820312 0.929688 0.826562 0.996094
0 0.996875 0.462891 0.962500 0.455078 0.921875 0.435547 0.885938 0.394531 0.876563 0.371094 0.885938 0.324219 0.915625 0.283203 0.925000 0.283203 0.935937 0.304688 0.953125 0.318359 0.996875 0.318359
0 0.368750 0.583984 0.340625 0.583984 0.296875 0.544922 0.275000 0.537109 0.217188 0.457031 0.207813 0.433594 0.207813 0.390625 0.220312 0.359375 0.231250 0.345703 0.240625 0.337891 0.290625 0.341797 0.315625 0.361328 0.354687 0.414062 0.392188 0.503906 0.398438 0.539062 0.392188 0.566406 0.368750 0.583984
0 0.826562 0.996094 0.835938 0.980469 0.845313 0.945312 0.865625 0.919922 0.878125 0.916016 0.915625 0.919922 0.929688 0.937500 0.935937 0.960938 0.914062 0.996094
