0 0.046875 0.322266 0.027344 0.318359 0.017578 0.304688 0.017578 0.281250 0.027344 0.267578 0.050781 0.271484 0.060547 0.289062 0.056641 0.312500 0.046875 0.322266
0 0.316406 0.830078 0.300781 0.830078 0.283203 0.804688 0.283203 0.785156 0.292969 0.775391 0.308594 0.775391 0.322266 0.792969 0.316406 0.830078
0 0.929688 0.962891 0.912109 0.957031 0.917969 0.943359 0.927734 0.945312 0.929688 0.962891
0 0.707031 0.373047 0.683594 0.369141 0.658203 0.343750 0.658203 0.308594 0.671875 0.298828 0.703125 0.302734 0.728516 0.332031 0.724609 0.363281 0.707031 0.373047
0 0.148438 0.345703 0.128906 0.345703 0.115234 0.328125 0.115234 0.300781 0.128906 0.287109 0.144531 0.287109 0.162109 0.304688 0.162109 0.320312 0.148438 0.345703
0 0.287109 0.000000 0.306641 0.019531 0.306641 0.042969 0.292969 0.052734 0.257812 0.044922 0.236328 0.019531 0.240234 0.000000
0 0.085938 0.111328 0.070312 0.111328 0.052734 0.097656 0.044922 0.062500 0.054688 0.048828 0.078125 0.052734 0.095703 0.074219 0.095703 0.101562 0.085938 0.111328
0 0.273438 0.322266 0.250000 0.318359 0.232422 0.296875 0.232422 0.273438 0.261719 0.251953 0.279297 0.253906 0.291016 0.265625 0.298828 0.289062 0.298828 0.312500 0.273438 0.322266
0 0.964844 0.759766 0.953125 0.755859 0.931641 0.730469 0.931641 0.718750 0.941406 0.705078 0.957031 0.705078 0.978516 0.730469 0.978516 0.750000 0.964844 0.759766
0 0.492188 0.880859 0.476562 0.880859 0.464844 0.873047 0.451172 0.859375 0.447266 0.843750 0.460938 0.833984 0.480469 0.837891 0.501953 0.859375 0.501953 0.871094 0.492188 0.880859
0 0.429688 0.494141 0.414062 0.494141 0.392578 0.476562 0.388672 0.445312 0.398438 0.435547 0.410156 0.435547 0.427734 0.453125 0.435547 0.472656 0.429688 0.494141
0 0.765625 0.142578 0.742188 0.142578 0.728516 0.132812 0.734375 0.103516 0.750000 0.095703 0.765625 0.095703 0.771484 0.101562 0.765625 0.142578
0 0.000000 0.896484 0.019531 0.884766 0.041016 0.898438 0.037109 0.929688 0.019531 0.943359 0.000000 0.939453
0 0.890625 0.888672 0.867188 0.884766 0.853516 0.863281 0.853516 0.843750 0.863281 0.830078 0.882812 0.826172 0.900391 0.843750 0.904297 0.878906 0.890625 0.888672
0 0.791016 0.996094 0.800781 0.986328 0.824219 0.986328 0.837891 0.996094
0 0.796875 0.177734 0.775391 0.171875 0.775391 0.156250 0.781250 0.150391 0.802734 0.156250 0.796875 0.177734
0 0.738281 0.748047 0.726562 0.748047 0.716797 0.730469 0.730469 0.728516 0.740234 0.738281 0.738281 0.748047
0 0.640625 0.130859 0.628906 0.130859 0.603516 0.109375 0.603516 0.093750 0.617188 0.080078 0.636719 0.087891 0.650391 0.101562 0.640625 0.130859
0 0.148438 0.115234 0.130859 0.109375 0.136719 0.095703 0.154297 0.101562 0.148438 0.115234
0 0.484375 0.833984 0.468750 0.833984 0.447266 0.812500 0.447266 0.796875 0.460938 0.779297 0.476562 0.779297 0.501953 0.792969 0.501953 0.808594 0.484375 0.833984
0 0.386719 0.189453 0.373047 0.183594 0.361328 0.164062 0.361328 0.148438 0.371094 0.138672 0.386719 0.142578 0.400391 0.167969 0.400391 0.183594 0.386719 0.189453
0 0.671875 0.693359 0.654297 0.687500 0.656250 0.673828 0.673828 0.683594 0.671875 0.693359
