0 0.126437 0.991346 0.119253 0.991346 0.108477 0.976923 0.108477 0.971154 0.115661 0.957692 0.118534 0.944231 0.126437 0.933654 0.136494 0.931731 0.140086 0.936538 0.140086 0.946154 0.137213 0.953846 0.138649 0.978846 0.132184 0.989423 0.126437 0.991346
0 0.837644 0.964423 0.827586 0.964423 0.816810 0.951923 0.816810 0.915385 0.823276 0.906731 0.831897 0.906731 0.841236 0.919231 0.845546 0.934615 0.844109 0.957692 0.837644 0.964423
0 0.446839 0.668269 0.438218 0.668269 0.430316 0.659615 0.428879 0.651923 0.433190 0.640385 0.448276 0.620192 0.458333 0.612500 0.466954 0.610577 0.470546 0.615385 0.471983 0.623077 0.470546 0.634615 0.461925 0.648077 0.461925 0.651923 0.446839 0.668269
0 0.479885 0.202885 0.475575 0.202885 0.467672 0.196154 0.467672 0.173077 0.481322 0.156731 0.495690 0.150962 0.509339 0.165385 0.507902 0.176923 0.492816 0.195192 0.479885 0.202885
0 0.389368 0.727885 0.382184 0.727885 0.378592 0.723077 0.378592 0.715385 0.374282 0.705769 0.375718 0.692308 0.383621 0.679808 0.393678 0.670192 0.403736 0.677885 0.412356 0.677885 0.417385 0.684615 0.415948 0.698077 0.396552 0.724038 0.389368 0.727885
0 0.998563 0.943269 0.989943 0.937500 0.982040 0.925000 0.976293 0.907692 0.976293 0.892308 0.977730 0.886538 0.987069 0.877885 0.998563 0.879808
0 0.030172 0.547115 0.021552 0.547115 0.012931 0.541346 0.006466 0.530769 0.005029 0.525000 0.006466 0.513462 0.014368 0.502885 0.027299 0.500962 0.035920 0.506731 0.047414 0.508654 0.052443 0.515385 0.052443 0.526923 0.040230 0.541346 0.030172 0.547115
0 0.000000 0.764423 0.011494 0.770192 0.020833 0.782692 0.020833 0.794231 0.017241 0.800962 0.011494 0.804808 0.000000 0.804808
0 0.826149 0.106731 0.820402 0.106731 0.811782 0.100962 0.806753 0.094231 0.803879 0.084615 0.808190 0.071154 0.806753 0.053846 0.814655 0.035577 0.830460 0.035577 0.846983 0.055769 0.848420 0.063462 0.846983 0.076923 0.836925 0.098077 0.826149 0.106731
0 0.716954 0.652885 0.709770 0.650962 0.703305 0.642308 0.694684 0.623077 0.694684 0.611538 0.699713 0.602885 0.714080 0.602885 0.727011 0.612500 0.734914 0.625000 0.734914 0.644231 0.731322 0.649038 0.716954 0.652885
0 0.860632 0.847115 0.847701 0.843269 0.835489 0.826923 0.834052 0.800000 0.837644 0.793269 0.852011 0.791346 0.864943 0.799038 0.875718 0.813462 0.878592 0.821154 0.877155 0.838462 0.872126 0.845192 0.860632 0.847115
0 0.998563 0.341346 0.988506 0.339423 0.986351 0.348077 0.975575 0.358654 0.972701 0.358654 0.969109 0.350000 0.971983 0.342308 0.970546 0.325000 0.972701 0.316346 0.981322 0.312500 0.987069 0.304808 0.991379 0.304808 0.994971 0.315385 0.998563 0.318269
0 0.346264 0.212500 0.336207 0.212500 0.329741 0.205769 0.329741 0.180769 0.332615 0.173077 0.343391 0.160577 0.352011 0.156731 0.363506 0.158654 0.369971 0.169231 0.369971 0.184615 0.362069 0.199038 0.346264 0.212500
0 0.658046 0.860577 0.653736 0.860577 0.645833 0.848077 0.647270 0.828846 0.662356 0.799038 0.666667 0.795192 0.679598 0.795192 0.684626 0.801923 0.684626 0.813462 0.680316 0.828846 0.670259 0.850000 0.658046 0.860577
0 0.137931 0.620192 0.117816 0.620192 0.109195 0.614423 0.104167 0.605769 0.105603 0.586538 0.112069 0.577885 0.122126 0.577885 0.143678 0.591346 0.147270 0.596154 0.148707 0.609615 0.137931 0.620192
0 0.277299 0.727885 0.265805 0.725962 0.260776 0.719231 0.257902 0.707692 0.257902 0.690385 0.265805 0.679808 0.277299 0.681731 0.290230 0.677885 0.295259 0.682692 0.295259 0.701923 0.290948 0.711538 0.277299 0.727885
0 0.244253 0.760577 0.234195 0.756731 0.226293 0.746154 0.229167 0.715385 0.239943 0.700962 0.250000 0.702885 0.260776 0.715385 0.260776 0.746154 0.254310 0.756731 0.247126 0.756731 0.244253 0.760577
0 0.534483 0.793269 0.520115 0.791346 0.506466 0.767308 0.505029 0.753846 0.511494 0.741346 0.517241 0.737500 0.530172 0.739423 0.543822 0.757692 0.545259 0.780769 0.534483 0.793269
0 0.445402 0.066346 0.431034 0.066346 0.418103 0.058654 0.410201 0.048077 0.410201 0.036538 0.413075 0.030769 0.420977 0.022115 0.429598 0.018269 0.443966 0.018269 0.457615 0.036538 0.457615 0.050000 0.454741 0.057692 0.445402 0.066346
0 0.787356 0.491346 0.779454 0.486538 0.773707 0.473077 0.773707 0.450000 0.783046 0.435577 0.791667 0.433654 0.796695 0.440385 0.798132 0.450000 0.798132 0.478846 0.793103 0.489423 0.787356 0.491346
0 0.150862 0.168269 0.132184 0.168269 0.124282 0.157692 0.124282 0.144231 0.130747 0.133654 0.135057 0.129808 0.155172 0.125962 0.170977 0.127885 0.180316 0.134615 0.181753 0.144231 0.173851 0.154808 0.150862 0.168269
0 0.673851 0.550962 0.665230 0.550962 0.660201 0.544231 0.660201 0.532692 0.663075 0.525000 0.681034 0.504808 0.693966 0.504808 0.698994 0.517308 0.698994 0.526923 0.688218 0.543269 0.673851 0.550962
0 0.619971 0.998077 0.621408 0.986538 0.635057 0.962500 0.643678 0.956731 0.652299 0.956731 0.658764 0.963462 0.658764 0.976923 0.651580 0.998077
0 0.719828 0.939423 0.712644 0.939423 0.706897 0.935577 0.703305 0.930769 0.703305 0.917308 0.722701 0.887500 0.731322 0.881731 0.739943 0.881731 0.746408 0.890385 0.746408 0.905769 0.739224 0.923077 0.729885 0.935577 0.719828 0.939423
0 0.998563 0.435577 0.979885 0.429808 0.970546 0.415385 0.967672 0.405769 0.967672 0.396154 0.974138 0.385577 0.994253 0.383654 0.998563 0.387500
0 0.363506 0.118269 0.352011 0.118269 0.343391 0.114423 0.338362 0.107692 0.334052 0.096154 0.334052 0.082692 0.340517 0.072115 0.350575 0.066346 0.362069 0.066346 0.374282 0.078846 0.377155 0.086538 0.377155 0.101923 0.369253 0.114423 0.363506 0.118269
0 0.753592 0.998077 0.753592 0.969231 0.759339 0.957692 0.767241 0.949038 0.774425 0.949038 0.779454 0.957692 0.782328 0.973077 0.782328 0.990385 0.779454 0.998077
0 0.643678 0.662500 0.632184 0.662500 0.626437 0.658654 0.621408 0.648077 0.621408 0.640385 0.625718 0.626923 0.624282 0.609615 0.630747 0.599038 0.640805 0.599038 0.651580 0.611538 0.658764 0.636538 0.658764 0.642308 0.653017 0.653846 0.643678 0.662500
0 0.390086 0.998077 0.391523 0.976923 0.400144 0.953846 0.408046 0.943269 0.415230 0.939423 0.422414 0.941346 0.428879 0.950000 0.431753 0.961538 0.433190 0.980769 0.426006 0.998077
0 0.000000 0.941346 0.012213 0.951923 0.017960 0.967308 0.017960 0.992308 0.013649 0.998077
0 0.164511 0.998077 0.167385 0.982692 0.179598 0.964423 0.196839 0.956731 0.204023 0.958654 0.213362 0.973077 0.214799 0.986538 0.209052 0.998077
0 0.249282 0.000000 0.253592 0.009615 0.257902 0.048077 0.255029 0.055769 0.244253 0.066346 0.232759 0.064423 0.220546 0.050000 0.216236 0.032692 0.217672 0.000000
0 0.071121 0.998077 0.069684 0.990385 0.076149 0.979808 0.091954 0.974038 0.109195 0.977885 0.118534 0.990385 0.118534 0.998077
0 0.933908 0.243269 0.922414 0.243269 0.908046 0.237500 0.900144 0.226923 0.901580 0.211538 0.906609 0.204808 0.913793 0.200962 0.923851 0.200962 0.939655 0.210577 0.950431 0.225000 0.950431 0.228846 0.945402 0.237500 0.933908 0.243269
0 0.692529 0.122115 0.678161 0.122115 0.670977 0.116346 0.667385 0.109615 0.667385 0.090385 0.673132 0.078846 0.683908 0.066346 0.692529 0.062500 0.711207 0.064423 0.716236 0.071154 0.717672 0.086538 0.701868 0.113462 0.692529 0.122115
0 0.376437 0.329808 0.372126 0.329808 0.365661 0.323077 0.362787 0.307692 0.358477 0.300000 0.359914 0.284615 0.367816 0.272115 0.376437 0.266346 0.395833 0.286538 0.394397 0.303846 0.384339 0.323077 0.376437 0.329808
0 0.396552 0.285577 0.387931 0.279808 0.375718 0.263462 0.380029 0.236538 0.385057 0.229808 0.390805 0.229808 0.410920 0.241346 0.417385 0.251923 0.411638 0.273077 0.402299 0.283654 0.396552 0.285577
0 0.903736 0.174038 0.886494 0.174038 0.876437 0.168269 0.868534 0.153846 0.855603 0.140385 0.854167 0.128846 0.862069 0.120192 0.867816 0.120192 0.879310 0.131731 0.896552 0.133654 0.907328 0.148077 0.908764 0.153846 0.908764 0.169231 0.903736 0.174038
0 0.308908 0.408654 0.293103 0.406731 0.285920 0.400962 0.275144 0.384615 0.272270 0.376923 0.273707 0.369231 0.283046 0.360577 0.298851 0.360577 0.313218 0.368269 0.322557 0.382692 0.322557 0.394231 0.316092 0.404808 0.308908 0.408654
0 0.975575 0.316346 0.962644 0.314423 0.957615 0.307692 0.957615 0.280769 0.962644 0.274038 0.985632 0.281731 0.993534 0.292308 0.994971 0.301923 0.992816 0.304808 0.987069 0.304808 0.975575 0.316346
0 0.570402 0.268269 0.558908 0.266346 0.552443 0.257692 0.552443 0.251923 0.562500 0.217308 0.568966 0.210577 0.574713 0.210577 0.579741 0.215385 0.581178 0.221154 0.579741 0.251923 0.570402 0.268269
0 0.709770 0.435577 0.698276 0.429808 0.691810 0.421154 0.693247 0.405769 0.699713 0.393269 0.721264 0.387500 0.727730 0.394231 0.730603 0.413462 0.721264 0.431731 0.709770 0.435577
0 0.630747 0.845192 0.623563 0.845192 0.618534 0.838462 0.612787 0.823077 0.614224 0.792308 0.627874 0.774038 0.635057 0.775962 0.638649 0.780769 0.641523 0.794231 0.641523 0.815385 0.638649 0.832692 0.630747 0.845192
0 0.336207 0.874038 0.330460 0.874038 0.323994 0.867308 0.322557 0.853846 0.325431 0.834615 0.340517 0.808654 0.349138 0.799038 0.356322 0.799038 0.361351 0.807692 0.357040 0.832692 0.348420 0.861538 0.340517 0.872115 0.336207 0.874038
0 0.913793 0.710577 0.905172 0.710577 0.900144 0.703846 0.895833 0.692308 0.895833 0.680769 0.912356 0.668269 0.919540 0.656731 0.928161 0.654808 0.933190 0.663462 0.934626 0.678846 0.931753 0.694231 0.913793 0.710577
0 0.568966 0.700962 0.558908 0.699038 0.552443 0.690385 0.552443 0.671154 0.558190 0.651923 0.567529 0.637500 0.571839 0.633654 0.581897 0.633654 0.586925 0.640385 0.588362 0.648077 0.585489 0.673077 0.578305 0.692308 0.568966 0.700962
0 0.043103 0.343269 0.031609 0.341346 0.014368 0.327885 0.003592 0.313462 0.002155 0.298077 0.008621 0.291346 0.017241 0.291346 0.028736 0.297115 0.047414 0.314423 0.055316 0.325000 0.055316 0.332692 0.050287 0.339423 0.043103 0.343269
0 0.757902 0.000000 0.755029 0.011538 0.745690 0.020192 0.737069 0.018269 0.730603 0.000000
0 0.869253 0.650962 0.859195 0.647115 0.851293 0.632692 0.851293 0.619231 0.854167 0.607692 0.863506 0.595192 0.886494 0.591346 0.894397 0.598077 0.897270 0.605769 0.897270 0.619231 0.889368 0.633654 0.883621 0.635577 0.876437 0.647115 0.869253 0.650962
0 0.770115 0.889423 0.762931 0.889423 0.756466 0.878846 0.756466 0.869231 0.762213 0.861538 0.762213 0.857692 0.767241 0.850962 0.775862 0.849038 0.785201 0.834615 0.785201 0.828846 0.788793 0.825962 0.794540 0.825962 0.798851 0.831731 0.808908 0.833654 0.813937 0.846154 0.812500 0.857692 0.807471 0.864423 0.790230 0.862500 0.783046 0.866346 0.779454 0.871154 0.776580 0.882692 0.770115 0.889423
0 0.629310 0.475962 0.619253 0.474038 0.612787 0.463462 0.612787 0.446154 0.615661 0.436538 0.622126 0.427885 0.636494 0.418269 0.653736 0.420192 0.655891 0.423077 0.655891 0.444231 0.648707 0.461538 0.642241 0.472115 0.629310 0.475962
0 0.926724 0.370192 0.915230 0.366346 0.905172 0.358654 0.885776 0.332692 0.884339 0.317308 0.889368 0.308654 0.897989 0.304808 0.919540 0.306731 0.925287 0.310577 0.938937 0.328846 0.944684 0.346154 0.944684 0.353846 0.933908 0.368269 0.926724 0.370192
0 0.691092 0.756731 0.682471 0.754808 0.678879 0.748077 0.678879 0.738462 0.687500 0.709615 0.696839 0.697115 0.716954 0.699038 0.723420 0.707692 0.721983 0.721154 0.708333 0.743269 0.691092 0.756731
0 0.725575 0.247115 0.719828 0.247115 0.713362 0.238462 0.713362 0.211538 0.735632 0.195192 0.757184 0.195192 0.762213 0.203846 0.760776 0.211538 0.745690 0.231731 0.731322 0.245192 0.725575 0.247115
0 0.000000 0.716346 0.005747 0.706731 0.024425 0.697115 0.045977 0.695192 0.056753 0.703846 0.053879 0.715385 0.045977 0.725962 0.037356 0.731731 0.011494 0.735577 0.000000 0.725962
0 0.000000 0.454808 0.008621 0.439423 0.015805 0.439423 0.034483 0.452885 0.043822 0.465385 0.042385 0.478846 0.035920 0.485577 0.008621 0.485577 0.004310 0.483654 0.000000 0.475962
0 0.551724 0.527885 0.545977 0.527885 0.538075 0.519231 0.540948 0.503846 0.556034 0.483654 0.563218 0.477885 0.581897 0.477885 0.588362 0.490385 0.586925 0.500000 0.568966 0.520192 0.551724 0.527885
0 0.637931 0.137500 0.616379 0.135577 0.608477 0.126923 0.608477 0.117308 0.619253 0.104808 0.645115 0.093269 0.653736 0.093269 0.660201 0.103846 0.657328 0.117308 0.649425 0.131731 0.637931 0.137500
0 0.814655 0.295192 0.804598 0.295192 0.798851 0.291346 0.792385 0.278846 0.792385 0.269231 0.799569 0.259615 0.799569 0.250000 0.806034 0.245192 0.823276 0.249038 0.832615 0.259615 0.835489 0.267308 0.835489 0.278846 0.823276 0.291346 0.814655 0.295192
0 0.998563 0.064423 0.975575 0.066346 0.966236 0.057692 0.963362 0.048077 0.963362 0.040385 0.966236 0.036538 0.967672 0.026923 0.977011 0.014423 0.998563 0.014423
0 0.264368 0.929808 0.255747 0.929808 0.250000 0.924038 0.229885 0.924038 0.224856 0.917308 0.224856 0.909615 0.235632 0.899038 0.267241 0.897115 0.275144 0.907692 0.275144 0.923077 0.264368 0.929808
0 0.362069 0.693269 0.352011 0.693269 0.344109 0.684615 0.342672 0.675000 0.346983 0.661538 0.357759 0.649038 0.372126 0.639423 0.383621 0.633654 0.396552 0.633654 0.401580 0.642308 0.400144 0.659615 0.389368 0.675962 0.380029 0.684615 0.377874 0.691346 0.369253 0.689423 0.362069 0.693269
0 0.909483 0.462500 0.897989 0.460577 0.890086 0.450000 0.888649 0.444231 0.890086 0.415385 0.892960 0.411538 0.892960 0.405769 0.902299 0.397115 0.914511 0.403846 0.914511 0.407692 0.921695 0.419231 0.923132 0.428846 0.923132 0.442308 0.920259 0.451923 0.909483 0.462500
0 0.083333 0.775962 0.063218 0.768269 0.052443 0.757692 0.052443 0.748077 0.058908 0.737500 0.073276 0.729808 0.084770 0.729808 0.096264 0.731731 0.105603 0.742308 0.105603 0.759615 0.096264 0.770192 0.083333 0.775962
0 0.364943 0.952885 0.357759 0.952885 0.349856 0.940385 0.349856 0.907692 0.359914 0.882692 0.369253 0.870192 0.380747 0.868269 0.387213 0.875000 0.387213 0.901923 0.381466 0.928846 0.374282 0.942308 0.364943 0.952885
0 0.755747 0.535577 0.748563 0.535577 0.740661 0.526923 0.744971 0.509615 0.750000 0.502885 0.764368 0.491346 0.775862 0.491346 0.785201 0.501923 0.785201 0.509615 0.778736 0.518269 0.772989 0.520192 0.767241 0.527885 0.755747 0.535577
0 0.998563 0.014423 0.974138 0.014423 0.967672 0.005769 0.969109 0.000000
0 0.744253 0.495192 0.735632 0.495192 0.730603 0.488462 0.727730 0.475000 0.730603 0.463462 0.741379 0.449038 0.745690 0.449038 0.750000 0.443269 0.755747 0.443269 0.760776 0.450000 0.760776 0.469231 0.756466 0.482692 0.744253 0.495192
0 0.432471 0.154808 0.409483 0.150962 0.398707 0.138462 0.397270 0.119231 0.406609 0.104808 0.419540 0.100962 0.432471 0.106731 0.446121 0.123077 0.447557 0.136538 0.444684 0.144231 0.432471 0.154808
0 0.650862 0.375962 0.637931 0.375962 0.631466 0.367308 0.631466 0.355769 0.635776 0.346154 0.646552 0.333654 0.663793 0.322115 0.673851 0.318269 0.681034 0.320192 0.684626 0.325000 0.683190 0.344231 0.665230 0.368269 0.650862 0.375962
0 0.581897 0.327885 0.573276 0.327885 0.565374 0.317308 0.563937 0.303846 0.568247 0.288462 0.577586 0.281731 0.600575 0.279808 0.607040 0.288462 0.605603 0.305769 0.591954 0.322115 0.581897 0.327885
0 0.760057 0.412500 0.748563 0.410577 0.740661 0.401923 0.742098 0.373077 0.750000 0.364423 0.764368 0.366346 0.767241 0.370192 0.774425 0.370192 0.779454 0.375000 0.779454 0.384615 0.772270 0.398077 0.760057 0.412500
0 0.071839 0.608654 0.063218 0.608654 0.048851 0.595192 0.043103 0.593269 0.038075 0.584615 0.036638 0.569231 0.044540 0.562500 0.061782 0.562500 0.074713 0.568269 0.084052 0.582692 0.084052 0.594231 0.079023 0.602885 0.071839 0.608654
0 0.550287 0.091346 0.540230 0.091346 0.535201 0.086538 0.532328 0.078846 0.533764 0.061538 0.536638 0.053846 0.550287 0.037500 0.567529 0.037500 0.573994 0.046154 0.575431 0.065385 0.564655 0.083654 0.560345 0.083654 0.550287 0.091346
0 0.603448 0.920192 0.596264 0.920192 0.585489 0.903846 0.584052 0.855769 0.590517 0.847115 0.600575 0.849038 0.609914 0.861538 0.615661 0.882692 0.614224 0.900000 0.609914 0.911538 0.603448 0.920192
0 0.635057 0.527885 0.617816 0.524038 0.611351 0.515385 0.609914 0.496154 0.614943 0.485577 0.626437 0.479808 0.630747 0.474038 0.643678 0.470192 0.651580 0.486538 0.651580 0.505769 0.635057 0.527885
0 0.104885 0.662500 0.089080 0.656731 0.082615 0.646154 0.081178 0.625000 0.090517 0.614423 0.100575 0.616346 0.109195 0.629808 0.122126 0.631731 0.127155 0.640385 0.125718 0.650000 0.119253 0.658654 0.104885 0.662500
0 0.283046 0.797115 0.274425 0.797115 0.265086 0.786538 0.262213 0.776923 0.267241 0.766346 0.275862 0.762500 0.289511 0.784615 0.289511 0.792308 0.283046 0.797115
0 0.047414 0.166346 0.038793 0.166346 0.026580 0.153846 0.026580 0.117308 0.029454 0.100000 0.033046 0.093269 0.038793 0.089423 0.047414 0.091346 0.059626 0.109615 0.062500 0.119231 0.062500 0.140385 0.058190 0.157692 0.047414 0.166346
0 0.182471 0.835577 0.173851 0.835577 0.164511 0.823077 0.158764 0.809615 0.155891 0.796154 0.155891 0.771154 0.165230 0.760577 0.169540 0.760577 0.178879 0.771154 0.187500 0.796154 0.187500 0.826923 0.182471 0.835577
0 0.923851 0.075962 0.908046 0.074038 0.901580 0.065385 0.901580 0.055769 0.920977 0.025962 0.932471 0.022115 0.941092 0.025962 0.946121 0.032692 0.946121 0.051923 0.935345 0.070192 0.923851 0.075962
0 0.787356 0.827885 0.774425 0.825962 0.764368 0.812500 0.750000 0.812500 0.744971 0.805769 0.744971 0.796154 0.750000 0.787500 0.752874 0.787500 0.764368 0.774038 0.787356 0.777885 0.796695 0.794231 0.796695 0.803846 0.790948 0.819231 0.792385 0.825000 0.787356 0.827885
0 0.462644 0.816346 0.451149 0.814423 0.444684 0.803846 0.443247 0.790385 0.448994 0.761538 0.456178 0.744231 0.465517 0.735577 0.471264 0.735577 0.476293 0.740385 0.479167 0.753846 0.470546 0.801923 0.462644 0.816346
0 0.949713 0.129808 0.936782 0.127885 0.926006 0.117308 0.926006 0.101923 0.923132 0.098077 0.923132 0.090385 0.933908 0.075962 0.938218 0.077885 0.943966 0.072115 0.954023 0.072115 0.961207 0.075962 0.969828 0.074038 0.987069 0.087500 0.994971 0.100000 0.993534 0.113462 0.987069 0.125962 0.965517 0.125962 0.956897 0.122115 0.949713 0.129808
0 0.640805 0.727885 0.629310 0.725962 0.614943 0.714423 0.607040 0.703846 0.605603 0.690385 0.612069 0.677885 0.619253 0.672115 0.630747 0.674038 0.650144 0.700000 0.651580 0.713462 0.648707 0.721154 0.640805 0.727885
0 0.000000 0.575962 0.002874 0.575962 0.007902 0.582692 0.007902 0.590385 0.000000 0.599038
0 0.706178 0.998077 0.704741 0.982692 0.709052 0.967308 0.722701 0.956731 0.731322 0.956731 0.740661 0.965385 0.744971 0.976923 0.743534 0.998077
0 0.658764 0.000000 0.661638 0.005769 0.658764 0.021154 0.645115 0.029808 0.613506 0.022115 0.601293 0.009615 0.599856 0.000000
0 0.949713 0.185577 0.944684 0.178846 0.946839 0.172115 0.949713 0.172115 0.953305 0.178846 0.949713 0.185577
0 0.882184 0.968269 0.873563 0.966346 0.869971 0.961538 0.867098 0.948077 0.865661 0.913462 0.872126 0.895192 0.877874 0.895192 0.881466 0.903846 0.887213 0.909615 0.894397 0.934615 0.892960 0.948077 0.887213 0.963462 0.882184 0.968269
0 0.873563 0.427885 0.867816 0.427885 0.857040 0.415385 0.839799 0.380769 0.839799 0.365385 0.846264 0.354808 0.859195 0.358654 0.875000 0.372115 0.884339 0.388462 0.884339 0.403846 0.887213 0.415385 0.883621 0.422115 0.879310 0.422115 0.873563 0.427885
0 0.166667 0.647115 0.150862 0.643269 0.145833 0.632692 0.145833 0.621154 0.158046 0.604808 0.163793 0.600962 0.168103 0.600962 0.172414 0.606731 0.178161 0.606731 0.188937 0.623077 0.188937 0.632692 0.186782 0.635577 0.176724 0.645192 0.166667 0.647115
0 0.270115 0.631731 0.255747 0.629808 0.246408 0.617308 0.246408 0.592308 0.254310 0.577885 0.272989 0.577885 0.283764 0.590385 0.283764 0.615385 0.274425 0.629808 0.270115 0.631731
0 0.570402 0.441346 0.558908 0.441346 0.555316 0.438462 0.551006 0.430769 0.552443 0.417308 0.556753 0.407692 0.571839 0.389423 0.577586 0.385577 0.587644 0.385577 0.594109 0.394231 0.594109 0.409615 0.586925 0.426923 0.581897 0.433654 0.570402 0.441346
0 0.172414 0.714423 0.160920 0.712500 0.151580 0.701923 0.148707 0.692308 0.150144 0.680769 0.159483 0.672115 0.168103 0.674038 0.176724 0.666346 0.196839 0.668269 0.201868 0.678846 0.198994 0.694231 0.191092 0.704808 0.172414 0.714423
0 0.087644 0.274038 0.074713 0.274038 0.064655 0.268269 0.059626 0.259615 0.058190 0.250000 0.064655 0.237500 0.079023 0.224038 0.091954 0.216346 0.099138 0.216346 0.109914 0.226923 0.111351 0.238462 0.105603 0.255769 0.094828 0.270192 0.087644 0.274038
0 0.829741 0.998077 0.837644 0.987500 0.846264 0.987500 0.852730 0.998077
0 0.902299 0.577885 0.892241 0.575962 0.888649 0.571154 0.884339 0.557692 0.884339 0.542308 0.891523 0.519231 0.896552 0.512500 0.910920 0.508654 0.920259 0.523077 0.921695 0.542308 0.917385 0.555769 0.917385 0.569231 0.915230 0.572115 0.908046 0.572115 0.902299 0.577885
0 0.616379 0.087500 0.594828 0.081731 0.586925 0.071154 0.586925 0.046154 0.596264 0.027885 0.609195 0.027885 0.614943 0.031731 0.627155 0.050000 0.632902 0.063462 0.631466 0.076923 0.627874 0.081731 0.616379 0.087500
0 0.343391 0.283654 0.336207 0.283654 0.328305 0.275000 0.325431 0.267308 0.325431 0.253846 0.329741 0.242308 0.339080 0.231731 0.354885 0.229808 0.364224 0.240385 0.364224 0.251923 0.358477 0.267308 0.347701 0.281731 0.343391 0.283654
0 0.817529 0.725962 0.804598 0.722115 0.798132 0.713462 0.796695 0.701923 0.802443 0.684615 0.814655 0.668269 0.824713 0.664423 0.829741 0.675000 0.829741 0.707692 0.826868 0.715385 0.817529 0.725962
0 0.714080 0.866346 0.708333 0.866346 0.698994 0.857692 0.698994 0.842308 0.704741 0.828846 0.715517 0.814423 0.729885 0.808654 0.737787 0.817308 0.740661 0.825000 0.739224 0.844231 0.725575 0.862500 0.714080 0.866346
0 0.000000 0.010577 0.009339 0.023077 0.009339 0.046154 0.003592 0.067308 0.000000 0.070192
0 0.433908 0.337500 0.426724 0.337500 0.420259 0.326923 0.424569 0.307692 0.438218 0.289423 0.451149 0.281731 0.458333 0.283654 0.463362 0.290385 0.466236 0.300000 0.463362 0.315385 0.454023 0.327885 0.442529 0.335577 0.433908 0.337500
0 0.080460 0.972115 0.067529 0.968269 0.059626 0.955769 0.061063 0.930769 0.068966 0.920192 0.076149 0.916346 0.083333 0.916346 0.096264 0.924038 0.105603 0.934615 0.109914 0.944231 0.109914 0.959615 0.106322 0.964423 0.080460 0.972115
0 0.254310 0.885577 0.239943 0.885577 0.229167 0.875000 0.229167 0.863462 0.235632 0.850962 0.261494 0.847115 0.272989 0.850962 0.279454 0.859615 0.279454 0.871154 0.274425 0.879808 0.254310 0.885577
0 0.712644 0.385577 0.701149 0.385577 0.697557 0.380769 0.696121 0.373077 0.700431 0.357692 0.722701 0.331731 0.732759 0.325962 0.744253 0.327885 0.746408 0.330769 0.746408 0.346154 0.743534 0.353846 0.727011 0.375962 0.712644 0.385577
0 0.854885 0.224038 0.837644 0.216346 0.818247 0.194231 0.815374 0.186538 0.815374 0.176923 0.821839 0.166346 0.834770 0.164423 0.849138 0.174038 0.855603 0.182692 0.862787 0.215385 0.859195 0.222115 0.854885 0.224038
0 0.673851 0.262500 0.666667 0.262500 0.658764 0.253846 0.658764 0.232692 0.672414 0.214423 0.689655 0.208654 0.695402 0.212500 0.700431 0.221154 0.700431 0.232692 0.689655 0.249038 0.673851 0.262500
0 0.027299 0.874038 0.020115 0.874038 0.010776 0.863462 0.009339 0.857692 0.010776 0.846154 0.017241 0.837500 0.030172 0.827885 0.047414 0.829808 0.052443 0.836538 0.051006 0.853846 0.041667 0.868269 0.027299 0.874038
0 0.245690 0.804808 0.234914 0.792308 0.234914 0.778846 0.241379 0.768269 0.254310 0.768269 0.257902 0.776923 0.257902 0.788462 0.253592 0.798077 0.245690 0.804808
0 0.645115 0.202885 0.632184 0.200962 0.619971 0.188462 0.619971 0.175000 0.622845 0.167308 0.637931 0.150962 0.659483 0.143269 0.670977 0.145192 0.674569 0.150000 0.676006 0.157692 0.667385 0.184615 0.656609 0.197115 0.645115 0.202885
0 0.596264 0.256731 0.584770 0.256731 0.579741 0.251923 0.579741 0.226923 0.596264 0.214423 0.609195 0.212500 0.615661 0.223077 0.615661 0.238462 0.602011 0.254808 0.596264 0.256731
0 0.173851 0.093269 0.150862 0.091346 0.126437 0.077885 0.117098 0.065385 0.115661 0.050000 0.120690 0.043269 0.133621 0.043269 0.146552 0.047115 0.163793 0.058654 0.177443 0.076923 0.177443 0.088462 0.173851 0.093269
0 0.100575 0.893269 0.076149 0.889423 0.068247 0.878846 0.065374 0.867308 0.068247 0.855769 0.073276 0.849038 0.077586 0.845192 0.090517 0.843269 0.104167 0.859615 0.108477 0.869231 0.108477 0.882692 0.100575 0.893269
0 0.929598 0.606731 0.919540 0.604808 0.913075 0.594231 0.913075 0.586538 0.917385 0.575000 0.931034 0.558654 0.942529 0.550962 0.964080 0.550962 0.967672 0.555769 0.969109 0.569231 0.963362 0.582692 0.948276 0.599038 0.929598 0.606731
0 0.510057 0.079808 0.504310 0.079808 0.492098 0.059615 0.494971 0.042308 0.502155 0.034615 0.504310 0.025962 0.512931 0.027885 0.529454 0.050000 0.529454 0.059615 0.526580 0.065385 0.510057 0.079808
0 0.955460 0.727885 0.948276 0.727885 0.944684 0.723077 0.937500 0.703846 0.938937 0.678846 0.946839 0.664423 0.956897 0.670192 0.966954 0.670192 0.973420 0.678846 0.971983 0.705769 0.966236 0.719231 0.955460 0.727885
0 0.041667 0.920192 0.031609 0.920192 0.028736 0.916346 0.026580 0.913462 0.026580 0.900000 0.030891 0.890385 0.045977 0.872115 0.060345 0.870192 0.065374 0.878846 0.065374 0.890385 0.054598 0.908654 0.041667 0.920192
0 0.528736 0.347115 0.520115 0.347115 0.513649 0.332692 0.513649 0.290385 0.516523 0.282692 0.524425 0.275962 0.528736 0.275962 0.535201 0.282692 0.542385 0.303846 0.542385 0.321154 0.528736 0.347115
0 0.892960 0.998077 0.894397 0.992308 0.905172 0.979808 0.913793 0.981731 0.918822 0.988462 0.921695 0.998077
0 0.945402 0.950962 0.939655 0.949038 0.930316 0.936538 0.924569 0.921154 0.923132 0.892308 0.931034 0.883654 0.941092 0.885577 0.951868 0.905769 0.954741 0.919231 0.954741 0.940385 0.949713 0.949038 0.945402 0.950962
0 0.949713 0.795192 0.939655 0.795192 0.923851 0.787500 0.915948 0.773077 0.918822 0.757692 0.925287 0.750962 0.936782 0.745192 0.951149 0.745192 0.969828 0.752885 0.973420 0.759615 0.971983 0.771154 0.962644 0.787500 0.949713 0.795192
0 0.893678 0.731731 0.880747 0.731731 0.866379 0.724038 0.851293 0.701923 0.849856 0.688462 0.854885 0.681731 0.869253 0.681731 0.890805 0.691346 0.903017 0.711538 0.903017 0.721154 0.893678 0.731731
0 0.807471 0.608654 0.800287 0.608654 0.793822 0.601923 0.789511 0.584615 0.789511 0.561538 0.793822 0.548077 0.801724 0.537500 0.813218 0.533654 0.822557 0.542308 0.826868 0.553846 0.826868 0.575000 0.818247 0.598077 0.807471 0.608654
0 0.714080 0.210577 0.704023 0.210577 0.698994 0.201923 0.698994 0.194231 0.706178 0.182692 0.710489 0.167308 0.729885 0.143269 0.741379 0.139423 0.748563 0.141346 0.752155 0.146154 0.753592 0.161538 0.744971 0.184615 0.737069 0.195192 0.714080 0.210577
