0 0.056250 0.888672 0.034375 0.888672 0.026562 0.878906 0.026562 0.859375 0.034375 0.845703 0.046875 0.845703 0.060937 0.859375 0.064062 0.878906 0.056250 0.888672
0 0.993750 0.294922 0.971875 0.287109 0.951562 0.261719 0.951562 0.210938 0.968750 0.189453 0.981250 0.189453 0.985938 0.195312 0.989062 0.222656 0.995313 0.226562 0.993750 0.294922
0 0.340625 0.115234 0.321875 0.111328 0.301563 0.097656 0.301563 0.046875 0.309375 0.033203 0.321875 0.025391 0.340625 0.025391 0.360938 0.054688 0.357812 0.101562 0.340625 0.115234
0 0.993750 0.537109 0.965625 0.537109 0.942187 0.507812 0.942187 0.472656 0.948438 0.457031 0.965625 0.439453 0.993750 0.427734 0.993750 0.537109
0 0.321875 0.212891 0.284375 0.212891 0.265625 0.201172 0.257812 0.191406 0.260937 0.152344 0.271875 0.138672 0.318750 0.134766 0.335938 0.164062 0.335938 0.187500 0.321875 0.212891
0 0.000000 0.556641 0.012500 0.552734 0.034375 0.568359 0.045312 0.585938 0.048438 0.605469 0.028125 0.626953 0.000000 0.626953
0 0.665625 0.841797 0.650000 0.841797 0.626563 0.828125 0.620313 0.812500 0.620313 0.785156 0.634375 0.763672 0.665625 0.755859 0.685937 0.777344 0.682813 0.816406 0.676562 0.832031 0.665625 0.841797
0 0.537500 0.341797 0.528125 0.341797 0.517188 0.324219 0.517188 0.265625 0.521875 0.259766 0.534375 0.263672 0.546875 0.255859 0.554688 0.265625 0.554688 0.296875 0.537500 0.341797
0 0.000000 0.462891 0.018750 0.435547 0.025000 0.435547 0.057813 0.472656 0.064062 0.496094 0.070312 0.500000 0.070312 0.519531 0.053125 0.537109 0.012500 0.541016 0.000000 0.533203
0 0.956250 0.376953 0.943750 0.376953 0.929688 0.359375 0.932813 0.308594 0.935937 0.296875 0.943750 0.291016 0.965625 0.291016 0.985938 0.312500 0.985938 0.347656 0.975000 0.365234 0.956250 0.376953
0 0.162500 0.283203 0.137500 0.279297 0.123438 0.261719 0.117188 0.242188 0.121875 0.220703 0.153125 0.201172 0.178125 0.208984 0.185938 0.234375 0.185938 0.246094 0.162500 0.283203
0 0.840625 0.283203 0.828125 0.283203 0.817187 0.269531 0.810937 0.257812 0.810937 0.234375 0.832812 0.187500 0.850000 0.177734 0.876563 0.214844 0.876563 0.230469 0.857812 0.250000 0.851562 0.277344 0.840625 0.283203
0 0.068750 0.583984 0.059375 0.583984 0.048438 0.574219 0.042188 0.558594 0.042188 0.539062 0.059375 0.533203 0.065625 0.521484 0.087500 0.521484 0.098437 0.535156 0.098437 0.546875 0.068750 0.583984
0 0.000000 0.873047 0.010937 0.886719 0.001563 0.917969 0.017188 0.937500 0.014063 0.960938 0.000000 0.970703
0 0.443750 0.751953 0.387500 0.751953 0.373437 0.738281 0.373437 0.714844 0.393750 0.693359 0.415625 0.697266 0.425000 0.705078 0.446875 0.705078 0.454688 0.718750 0.454688 0.742188 0.443750 0.751953
0 0.500000 0.486328 0.475000 0.486328 0.454688 0.460938 0.454688 0.429688 0.487500 0.396484 0.500000 0.396484 0.526563 0.433594 0.520312 0.472656 0.500000 0.486328
0 0.684375 0.552734 0.662500 0.552734 0.650000 0.544922 0.614062 0.503906 0.614062 0.496094 0.625000 0.486328 0.650000 0.486328 0.687500 0.458984 0.709375 0.455078 0.717187 0.468750 0.720313 0.492188 0.717187 0.515625 0.696875 0.548828 0.684375 0.552734
0 0.209375 0.791016 0.193750 0.791016 0.189062 0.781250 0.189062 0.761719 0.196875 0.744141 0.212500 0.751953 0.220312 0.765625 0.217188 0.781250 0.209375 0.791016
0 0.343750 0.537109 0.331250 0.537109 0.282813 0.480469 0.257812 0.429688 0.257812 0.406250 0.262500 0.400391 0.300000 0.419922 0.317188 0.437500 0.326562 0.460938 0.329688 0.488281 0.351562 0.515625 0.343750 0.537109
0 0.217188 0.996094 0.176563 0.960938 0.170313 0.921875 0.160938 0.906250 0.160938 0.886719 0.167187 0.871094 0.187500 0.853516 0.215625 0.857422 0.270313 0.941406 0.267188 0.968750 0.250000 0.994141 0.242188 0.996094
0 0.659375 0.138672 0.634375 0.130859 0.626563 0.121094 0.626563 0.101562 0.635938 0.074219 0.650000 0.052734 0.671875 0.048828 0.679688 0.062500 0.676562 0.109375 0.659375 0.138672
0 0.318750 0.427734 0.306250 0.427734 0.300000 0.419922 0.284375 0.416016 0.267188 0.398438 0.267188 0.378906 0.281250 0.357422 0.315625 0.361328 0.323437 0.371094 0.326562 0.414062 0.318750 0.427734
0 0.962500 0.748047 0.939063 0.738281 0.932813 0.722656 0.935937 0.683594 0.956250 0.658203 0.987500 0.658203 0.995313 0.683594 0.995313 0.730469 0.962500 0.748047
0 0.775000 0.158203 0.743750 0.158203 0.726562 0.132812 0.726562 0.097656 0.735938 0.074219 0.732812 0.070312 0.756250 0.041016 0.768750 0.037109 0.784375 0.044922 0.798438 0.070312 0.795312 0.132812 0.775000 0.158203
0 0.406250 0.638672 0.384375 0.638672 0.367188 0.613281 0.364063 0.593750 0.367188 0.578125 0.378125 0.564453 0.393750 0.556641 0.406250 0.560547 0.439063 0.605469 0.439063 0.617188 0.431250 0.626953 0.406250 0.638672
0 0.935937 0.000000 0.935937 0.019531 0.915625 0.041016 0.878125 0.037109 0.864062 0.019531 0.864062 0.000000
0 0.865625 0.701172 0.856250 0.697266 0.848437 0.683594 0.851562 0.648438 0.835938 0.621094 0.835938 0.605469 0.850000 0.576172 0.887500 0.564453 0.914062 0.601562 0.914062 0.625000 0.904687 0.648438 0.910937 0.652344 0.887500 0.689453 0.868750 0.689453 0.865625 0.701172
0 0.217188 0.000000 0.217188 0.035156 0.210938 0.050781 0.200000 0.060547 0.178125 0.060547 0.162500 0.052734 0.135937 0.000000
0 0.884375 0.853516 0.862500 0.853516 0.854688 0.839844 0.860938 0.792969 0.881250 0.763672 0.909375 0.763672 0.920312 0.777344 0.917188 0.816406 0.896875 0.845703 0.884375 0.853516
0 0.135937 0.000000 0.148438 0.031250 0.148438 0.062500 0.140625 0.076172 0.093750 0.072266 0.051562 0.027344 0.048438 0.000000
0 0.971875 0.994141 0.935937 0.992188 0.953125 0.970703 0.962500 0.970703 0.973437 0.980469 0.971875 0.994141
0 0.528125 0.994141 0.464062 0.992188 0.487500 0.962891 0.509375 0.962891 0.526563 0.980469 0.528125 0.994141
0 0.600000 0.130859 0.584375 0.130859 0.570312 0.113281 0.564063 0.078125 0.567187 0.042969 0.587500 0.025391 0.603125 0.025391 0.617188 0.042969 0.610938 0.109375 0.600000 0.130859
0 0.370312 0.996094 0.351562 0.976562 0.348438 0.964844 0.356250 0.935547 0.381250 0.935547 0.409375 0.955078 0.415625 0.951172 0.434375 0.958984 0.451562 0.996094
0 0.625000 0.666016 0.587500 0.662109 0.570312 0.644531 0.551562 0.593750 0.551562 0.578125 0.559375 0.560547 0.584375 0.544922 0.603125 0.544922 0.623437 0.566406 0.635938 0.601562 0.639062 0.628906 0.635938 0.652344 0.625000 0.666016
0 0.778125 0.845703 0.756250 0.837891 0.739062 0.816406 0.735938 0.785156 0.746875 0.767578 0.790625 0.771484 0.804688 0.792969 0.804688 0.824219 0.778125 0.845703
0 0.896875 0.994141 0.865625 0.994141 0.864062 0.988281 0.868750 0.982422 0.887500 0.982422 0.896875 0.994141
0 0.762500 0.392578 0.734375 0.392578 0.714063 0.367188 0.717187 0.328125 0.743750 0.294922 0.762500 0.302734 0.776563 0.328125 0.776563 0.371094 0.762500 0.392578
0 0.775000 0.482422 0.753125 0.482422 0.735938 0.457031 0.735938 0.425781 0.750000 0.412109 0.775000 0.408203 0.795312 0.421875 0.798438 0.453125 0.804688 0.464844 0.775000 0.482422
0 0.484375 0.556641 0.471875 0.556641 0.454688 0.523438 0.465625 0.478516 0.475000 0.486328 0.500000 0.486328 0.504687 0.496094 0.504687 0.511719 0.484375 0.556641
0 0.321875 0.365234 0.275000 0.357422 0.248438 0.328125 0.251563 0.273438 0.268750 0.244141 0.312500 0.255859 0.329688 0.277344 0.335938 0.296875 0.335938 0.328125 0.329688 0.355469 0.321875 0.365234
0 0.457813 0.000000 0.467187 0.035156 0.464062 0.089844 0.456250 0.095703 0.440625 0.087891 0.421875 0.087891 0.410938 0.078125 0.407813 0.058594 0.395313 0.039062 0.410938 0.000000
0 0.626563 0.996094 0.650000 0.958984 0.671875 0.947266 0.700000 0.958984 0.732812 0.992188 0.692187 0.996094
0 0.596875 0.974609 0.565625 0.970703 0.554688 0.957031 0.554688 0.925781 0.570312 0.867188 0.587500 0.845703 0.606250 0.841797 0.615625 0.845703 0.632812 0.871094 0.635938 0.894531 0.620313 0.933594 0.620313 0.957031 0.596875 0.974609
0 0.365625 0.927734 0.350000 0.923828 0.343750 0.912109 0.320312 0.894531 0.317188 0.855469 0.298438 0.820312 0.301563 0.785156 0.315625 0.767578 0.331250 0.759766 0.371875 0.763672 0.390625 0.779297 0.398438 0.796875 0.389062 0.832031 0.389062 0.890625 0.385937 0.902344 0.365625 0.927734
0 0.925000 0.345703 0.903125 0.345703 0.889062 0.328125 0.892188 0.304688 0.909375 0.279297 0.918750 0.279297 0.929688 0.296875 0.932813 0.324219 0.925000 0.345703
0 0.853125 0.978516 0.843750 0.978516 0.826562 0.960938 0.814063 0.937500 0.814063 0.917969 0.821875 0.900391 0.834375 0.892578 0.850000 0.892578 0.856250 0.884766 0.873437 0.906250 0.876563 0.953125 0.853125 0.978516
0 0.540625 0.673828 0.517188 0.671875 0.514062 0.656250 0.521875 0.642578 0.542188 0.644531 0.545312 0.664062 0.540625 0.673828
0 0.865625 0.169922 0.843750 0.169922 0.817187 0.148438 0.804688 0.128906 0.804688 0.097656 0.812500 0.087891 0.840625 0.091797 0.864062 0.105469 0.876563 0.132812 0.873437 0.164062 0.865625 0.169922
0 0.406250 0.240234 0.390625 0.232422 0.379688 0.218750 0.376563 0.195312 0.392188 0.160156 0.417187 0.132812 0.431250 0.103516 0.462500 0.099609 0.475000 0.111328 0.518750 0.103516 0.526563 0.113281 0.526563 0.140625 0.501563 0.167969 0.485938 0.207031 0.475000 0.220703 0.462500 0.228516 0.421875 0.228516 0.406250 0.240234
0 0.520312 0.000000 0.506250 0.021484 0.493750 0.021484 0.489063 0.000000
0 0.621875 0.443359 0.612500 0.443359 0.590625 0.427734 0.579688 0.406250 0.582812 0.382812 0.601562 0.355469 0.628125 0.341797 0.656250 0.357422 0.670312 0.375000 0.670312 0.402344 0.656250 0.423828 0.621875 0.443359
0 0.409375 0.466797 0.387500 0.466797 0.379688 0.460938 0.382812 0.425781 0.400000 0.369141 0.435937 0.406250 0.435937 0.433594 0.429688 0.449219 0.409375 0.466797
0 0.837500 0.486328 0.812500 0.482422 0.798438 0.449219 0.798438 0.425781 0.804688 0.410156 0.815625 0.400391 0.834375 0.404297 0.851562 0.441406 0.851562 0.468750 0.837500 0.486328
0 0.756250 0.701172 0.715625 0.701172 0.696875 0.693359 0.681250 0.677734 0.676562 0.667969 0.679688 0.621094 0.709375 0.595703 0.753125 0.607422 0.762500 0.615234 0.789062 0.648438 0.789062 0.671875 0.781250 0.685547 0.756250 0.701172
0 0.553125 0.748047 0.543750 0.748047 0.521875 0.728516 0.506250 0.732422 0.485938 0.710938 0.479687 0.695312 0.479687 0.675781 0.490625 0.658203 0.506250 0.658203 0.518750 0.677734 0.548438 0.675781 0.551562 0.703125 0.564063 0.714844 0.560937 0.742188 0.553125 0.748047
0 0.625000 0.775391 0.615625 0.775391 0.604688 0.761719 0.604688 0.734375 0.615625 0.720703 0.640625 0.720703 0.654687 0.734375 0.657813 0.757812 0.634375 0.763672 0.625000 0.775391
0 0.153125 0.505859 0.131250 0.505859 0.123438 0.500000 0.098437 0.433594 0.098437 0.402344 0.104688 0.386719 0.131250 0.353516 0.165625 0.373047 0.176563 0.386719 0.176563 0.398438 0.189062 0.414062 0.195312 0.437500 0.182812 0.476562 0.153125 0.505859
0 0.112500 0.767578 0.090625 0.748047 0.075000 0.748047 0.070312 0.742188 0.070312 0.726562 0.079687 0.707031 0.112500 0.666016 0.131250 0.666016 0.142187 0.675781 0.148438 0.691406 0.148438 0.738281 0.131250 0.759766 0.112500 0.767578
0 0.953125 0.962891 0.925000 0.962891 0.917188 0.953125 0.923438 0.921875 0.934375 0.912109 0.950000 0.912109 0.970313 0.933594 0.970313 0.949219 0.953125 0.962891
0 0.481250 0.884766 0.450000 0.884766 0.426563 0.867188 0.420312 0.800781 0.428125 0.771484 0.462500 0.771484 0.510938 0.804688 0.517188 0.824219 0.514062 0.855469 0.503125 0.873047 0.481250 0.884766
0 0.628125 0.248047 0.596875 0.244141 0.579688 0.222656 0.579688 0.195312 0.592187 0.171875 0.592187 0.160156 0.609375 0.138672 0.625000 0.138672 0.634375 0.146484 0.660937 0.195312 0.654687 0.222656 0.628125 0.248047
0 0.906250 0.912109 0.890625 0.912109 0.885938 0.902344 0.885938 0.875000 0.895312 0.855469 0.925000 0.822266 0.953125 0.826172 0.957812 0.835938 0.957812 0.859375 0.951562 0.878906 0.937500 0.896484 0.906250 0.912109
0 0.250000 0.662109 0.228125 0.654297 0.195312 0.597656 0.198437 0.558594 0.204687 0.554688 0.210938 0.531250 0.228125 0.517578 0.268750 0.521484 0.295312 0.582031 0.295312 0.605469 0.289062 0.621094 0.276562 0.632812 0.265625 0.654297 0.250000 0.662109
