0 0.962644 0.827885 0.955460 0.825962 0.949713 0.818269 0.929598 0.818269 0.925287 0.810577 0.918822 0.805769 0.922414 0.797115 0.928161 0.797115 0.936063 0.784615 0.934626 0.771154 0.929598 0.762500 0.911638 0.755769 0.913075 0.744231 0.926724 0.727885 0.936782 0.727885 0.943966 0.724038 0.958333 0.725962 0.972701 0.735577 0.979167 0.744231 0.980603 0.751923 0.989224 0.767308 0.989224 0.786538 0.982040 0.809615 0.974138 0.820192 0.962644 0.827885
0 0.998563 0.527885 0.989224 0.519231 0.984914 0.505769 0.984914 0.496154 0.987787 0.488462 0.994253 0.477885 0.998563 0.477885
0 0.308908 0.227885 0.300287 0.225962 0.290948 0.207692 0.293822 0.169231 0.290948 0.123077 0.295259 0.107692 0.310345 0.083654 0.316092 0.079808 0.326149 0.079808 0.337644 0.087500 0.344109 0.100000 0.348420 0.121154 0.346983 0.144231 0.336925 0.188462 0.328305 0.209615 0.318966 0.222115 0.308908 0.227885
0 0.433908 0.341346 0.416667 0.339423 0.406609 0.331731 0.395833 0.319231 0.390086 0.305769 0.387213 0.294231 0.387213 0.276923 0.390086 0.261538 0.395833 0.244231 0.405172 0.233654 0.423851 0.231731 0.443247 0.257692 0.443247 0.267308 0.448994 0.284615 0.450431 0.315385 0.444684 0.332692 0.433908 0.341346
0 0.900862 0.804808 0.893678 0.804808 0.887213 0.796154 0.887213 0.782692 0.893678 0.774038 0.912356 0.756731 0.923851 0.758654 0.933190 0.767308 0.936063 0.784615 0.928161 0.797115 0.900862 0.804808
0 0.150862 0.962500 0.142241 0.962500 0.139368 0.958654 0.133621 0.960577 0.127874 0.954808 0.113506 0.952885 0.109914 0.946154 0.109914 0.909615 0.105603 0.903846 0.105603 0.900000 0.107759 0.897115 0.113506 0.897115 0.126437 0.875962 0.130747 0.875962 0.139368 0.866346 0.143678 0.866346 0.149425 0.874038 0.160920 0.875962 0.178879 0.911538 0.178879 0.915385 0.173132 0.921154 0.174569 0.926923 0.165948 0.951923 0.158046 0.960577 0.150862 0.962500
0 0.478448 0.150962 0.462644 0.150962 0.455460 0.147115 0.446121 0.132692 0.444684 0.115385 0.463362 0.075000 0.478448 0.056731 0.492816 0.050962 0.507184 0.052885 0.520833 0.069231 0.523707 0.078846 0.519397 0.100000 0.509339 0.123077 0.497126 0.139423 0.478448 0.150962
0 0.067529 0.258654 0.054598 0.252885 0.048132 0.244231 0.048132 0.238462 0.043822 0.230769 0.038075 0.163462 0.040948 0.151923 0.049569 0.142308 0.049569 0.132692 0.061782 0.125962 0.071839 0.127885 0.086925 0.146154 0.094109 0.165385 0.098420 0.192308 0.098420 0.215385 0.091236 0.244231 0.081897 0.254808 0.067529 0.258654
0 0.715517 0.985577 0.704023 0.985577 0.696839 0.979808 0.688937 0.969231 0.678879 0.938462 0.671695 0.875000 0.676006 0.857692 0.685345 0.847115 0.696839 0.845192 0.714080 0.852885 0.729167 0.875000 0.729167 0.882692 0.736351 0.903846 0.736351 0.917308 0.733477 0.923077 0.727730 0.965385 0.715517 0.985577
0 0.343391 0.562500 0.323276 0.562500 0.310345 0.554808 0.306753 0.550000 0.302443 0.534615 0.303879 0.509615 0.311782 0.499038 0.333333 0.489423 0.346264 0.489423 0.376437 0.499038 0.385776 0.511538 0.387213 0.519231 0.384339 0.528846 0.364943 0.554808 0.343391 0.562500
0 0.949713 0.239423 0.932471 0.239423 0.928161 0.235577 0.917385 0.221154 0.910201 0.201923 0.908764 0.188462 0.913075 0.146154 0.915948 0.136538 0.928161 0.124038 0.941092 0.124038 0.952586 0.131731 0.967672 0.155769 0.971983 0.171154 0.973420 0.207692 0.970546 0.221154 0.964080 0.231731 0.949713 0.239423
0 0.630747 0.541346 0.622126 0.541346 0.616379 0.537500 0.609914 0.526923 0.609914 0.505769 0.614224 0.471154 0.621408 0.444231 0.628592 0.428846 0.637931 0.418269 0.650862 0.416346 0.656609 0.420192 0.663075 0.430769 0.664511 0.484615 0.655891 0.519231 0.649425 0.527885 0.630747 0.541346
0 0.504310 0.485577 0.489943 0.485577 0.480603 0.476923 0.476293 0.467308 0.473420 0.453846 0.474856 0.403846 0.482040 0.382692 0.491379 0.370192 0.505747 0.358654 0.525862 0.354808 0.531609 0.358654 0.536638 0.367308 0.539511 0.382692 0.538075 0.419231 0.528017 0.459615 0.512931 0.479808 0.504310 0.485577
0 0.719828 0.300962 0.714799 0.296154 0.714799 0.288462 0.716954 0.285577 0.723420 0.290385 0.719828 0.300962
0 0.647989 0.099038 0.639368 0.099038 0.633621 0.095192 0.625718 0.082692 0.625718 0.069231 0.632902 0.053846 0.652299 0.027885 0.669540 0.012500 0.688218 0.004808 0.699713 0.006731 0.714799 0.021154 0.717672 0.028846 0.717672 0.040385 0.713362 0.053846 0.704023 0.068269 0.696839 0.075962 0.686782 0.079808 0.675287 0.089423 0.647989 0.099038
0 0.379310 0.666346 0.356322 0.658654 0.353448 0.654808 0.347701 0.654808 0.332615 0.630769 0.329741 0.607692 0.341954 0.591346 0.357759 0.583654 0.372126 0.585577 0.376437 0.581731 0.387931 0.581731 0.396552 0.577885 0.408046 0.577885 0.418103 0.583654 0.430316 0.601923 0.431753 0.625000 0.427443 0.632692 0.427443 0.638462 0.405172 0.662500 0.379310 0.666346
0 0.777299 0.647115 0.747126 0.643269 0.737069 0.637500 0.732759 0.631731 0.729167 0.625000 0.729167 0.613462 0.734914 0.603846 0.734914 0.590385 0.750000 0.572115 0.772989 0.558654 0.787356 0.558654 0.803161 0.562500 0.813218 0.568269 0.819684 0.576923 0.823994 0.588462 0.823994 0.600000 0.821121 0.607692 0.798851 0.635577 0.790230 0.643269 0.777299 0.647115
0 0.367816 0.770192 0.357759 0.770192 0.340517 0.760577 0.319684 0.736538 0.313937 0.723077 0.313937 0.711538 0.311063 0.703846 0.312500 0.665385 0.320402 0.654808 0.329023 0.649038 0.341954 0.650962 0.356322 0.658654 0.387213 0.707692 0.387213 0.748077 0.379310 0.762500 0.367816 0.770192
0 0.683908 0.327885 0.673851 0.327885 0.665948 0.319231 0.664511 0.286538 0.660201 0.273077 0.660201 0.250000 0.663075 0.246154 0.663075 0.236538 0.667385 0.230769 0.671695 0.213462 0.691092 0.185577 0.695402 0.185577 0.701149 0.179808 0.712644 0.181731 0.726293 0.198077 0.729167 0.223077 0.724856 0.255769 0.720546 0.265385 0.720546 0.282692 0.707615 0.298077 0.696839 0.320192 0.683908 0.327885
0 0.761494 0.833654 0.750000 0.833654 0.735632 0.824038 0.726293 0.809615 0.724856 0.794231 0.734914 0.761538 0.739943 0.754808 0.755747 0.743269 0.771552 0.741346 0.783046 0.747115 0.792385 0.757692 0.798132 0.775000 0.798132 0.796154 0.792385 0.811538 0.784483 0.822115 0.770115 0.831731 0.761494 0.833654
0 0.910920 0.375962 0.895115 0.375962 0.880747 0.370192 0.858477 0.348077 0.854167 0.328846 0.863506 0.304808 0.872126 0.300962 0.876437 0.295192 0.896552 0.295192 0.900862 0.299038 0.920977 0.304808 0.936063 0.321154 0.938937 0.332692 0.938937 0.350000 0.936063 0.357692 0.922414 0.372115 0.910920 0.375962
0 0.903736 0.918269 0.897989 0.914423 0.889368 0.916346 0.877874 0.912500 0.867816 0.916346 0.849138 0.914423 0.834052 0.900000 0.832615 0.884615 0.840517 0.870192 0.846264 0.872115 0.850575 0.866346 0.863506 0.860577 0.906609 0.858654 0.917385 0.869231 0.917385 0.875000 0.924569 0.880769 0.927443 0.888462 0.920977 0.902885 0.918103 0.902885 0.903736 0.918269
0 0.111351 0.000000 0.115661 0.013462 0.115661 0.032692 0.107759 0.049038 0.086207 0.060577 0.030172 0.060577 0.019397 0.050000 0.017960 0.032692 0.027299 0.020192 0.040230 0.012500 0.048132 0.000000
0 0.188218 0.920192 0.181034 0.920192 0.178879 0.917308 0.178879 0.911538 0.171695 0.894231 0.160201 0.875000 0.160201 0.865385 0.155891 0.853846 0.157328 0.838462 0.154454 0.832692 0.155891 0.815385 0.163075 0.798077 0.175287 0.783654 0.182471 0.781731 0.201149 0.783654 0.203305 0.786538 0.203305 0.790385 0.216236 0.809615 0.223420 0.838462 0.219109 0.878846 0.211925 0.900000 0.196839 0.916346 0.188218 0.920192
0 0.931034 0.866346 0.923851 0.866346 0.920259 0.861538 0.917385 0.855769 0.917385 0.844231 0.939655 0.820192 0.949713 0.818269 0.957615 0.830769 0.957615 0.842308 0.931034 0.866346
0 0.278736 0.833654 0.275144 0.832692 0.275144 0.823077 0.277299 0.820192 0.280891 0.821154 0.280891 0.830769 0.278736 0.833654
0 0.770115 0.343269 0.762931 0.343269 0.756466 0.334615 0.756466 0.330769 0.743534 0.309615 0.740661 0.296154 0.753592 0.271154 0.755029 0.261538 0.763649 0.246154 0.770833 0.225000 0.777299 0.216346 0.788793 0.212500 0.799569 0.225000 0.801006 0.236538 0.795259 0.261538 0.790948 0.298077 0.780891 0.321154 0.779454 0.330769 0.770115 0.343269
0 0.000000 0.106731 0.001437 0.099038 0.015805 0.085577 0.035920 0.083654 0.044540 0.089423 0.053879 0.107692 0.053879 0.117308 0.049569 0.126923 0.051006 0.138462 0.038075 0.159615 0.039511 0.182692 0.035920 0.183654 0.024425 0.202885 0.020115 0.202885 0.014368 0.208654 0.000000 0.202885
0 0.000000 0.906731 0.004310 0.900962 0.009339 0.903846 0.006466 0.917308 0.000000 0.920192
0 0.000000 0.268269 0.014368 0.272115 0.025862 0.279808 0.039511 0.298077 0.046695 0.315385 0.046695 0.330769 0.037356 0.343269 0.018678 0.352885 0.000000 0.350962
0 0.000000 0.499038 0.020833 0.526923 0.025144 0.548077 0.023707 0.559615 0.012931 0.575962 0.000000 0.577885
0 0.002155 0.998077 0.003592 0.969231 0.009339 0.942308 0.015086 0.926923 0.027299 0.910577 0.033046 0.906731 0.045977 0.908654 0.055316 0.921154 0.059626 0.938462 0.059626 0.971154 0.066810 0.986538 0.068247 0.998077
0 0.735632 0.299038 0.729885 0.299038 0.721983 0.288462 0.720546 0.265385 0.724856 0.255769 0.726293 0.240385 0.729167 0.236538 0.729167 0.223077 0.732040 0.219231 0.736351 0.198077 0.742098 0.186538 0.743534 0.173077 0.755747 0.166346 0.767241 0.172115 0.778017 0.182692 0.782328 0.190385 0.782328 0.201923 0.755029 0.261538 0.753592 0.271154 0.744971 0.284615 0.743534 0.292308 0.735632 0.299038
0 0.918822 0.000000 0.918822 0.015385 0.910201 0.048077 0.903736 0.058654 0.897989 0.062500 0.883621 0.060577 0.869971 0.042308 0.862787 0.025000 0.859914 0.000000
0 0.586207 0.431731 0.571839 0.427885 0.559626 0.411538 0.555316 0.398077 0.555316 0.353846 0.561063 0.332692 0.561063 0.321154 0.574713 0.302885 0.580460 0.299038 0.590517 0.299038 0.599138 0.304808 0.608477 0.319231 0.615661 0.344231 0.614224 0.384615 0.608477 0.407692 0.596264 0.425962 0.586207 0.431731
0 0.425287 0.099038 0.412356 0.093269 0.403736 0.085577 0.388649 0.061538 0.387213 0.048077 0.392960 0.030769 0.409483 0.014423 0.439655 0.022115 0.446839 0.027885 0.457615 0.046154 0.457615 0.067308 0.447557 0.086538 0.425287 0.099038
0 0.142241 0.981731 0.133621 0.979808 0.126437 0.974038 0.122126 0.966346 0.107759 0.962500 0.104167 0.957692 0.102730 0.925000 0.099856 0.921154 0.095546 0.892308 0.098420 0.886538 0.099856 0.873077 0.104167 0.865385 0.116379 0.850962 0.122126 0.849038 0.143678 0.850962 0.150862 0.856731 0.160201 0.871154 0.159483 0.875962 0.155172 0.875962 0.149425 0.874038 0.143678 0.866346 0.139368 0.866346 0.130747 0.875962 0.126437 0.875962 0.113506 0.897115 0.107759 0.897115 0.105603 0.900000 0.105603 0.903846 0.109914 0.909615 0.109914 0.946154 0.113506 0.952885 0.127874 0.954808 0.133621 0.960577 0.158046 0.960577 0.160201 0.963462 0.150862 0.975962 0.142241 0.981731
0 0.998563 0.077885 0.987069 0.095192 0.977011 0.100962 0.958333 0.099038 0.948276 0.089423 0.940374 0.076923 0.934626 0.057692 0.934626 0.000000
0 0.227011 0.549038 0.198276 0.549038 0.188218 0.543269 0.174569 0.526923 0.170259 0.515385 0.170259 0.500000 0.174569 0.488462 0.185345 0.472115 0.204023 0.462500 0.227011 0.464423 0.245690 0.472115 0.267960 0.488462 0.267960 0.498077 0.262213 0.505769 0.260776 0.521154 0.255747 0.524038 0.244253 0.539423 0.227011 0.549038
0 0.837644 0.356731 0.821839 0.354808 0.806753 0.332692 0.802443 0.313462 0.801006 0.288462 0.803879 0.276923 0.803879 0.259615 0.806753 0.248077 0.816092 0.237500 0.827586 0.237500 0.830460 0.241346 0.836207 0.239423 0.844828 0.243269 0.852730 0.253846 0.867098 0.284615 0.865661 0.300000 0.854167 0.328846 0.855603 0.342308 0.847701 0.350962 0.837644 0.356731
0 0.822557 0.998077 0.830460 0.991346 0.844828 0.993269 0.852730 0.998077
0 0.998563 0.622115 0.981322 0.624038 0.945402 0.616346 0.936063 0.600000 0.934626 0.578846 0.934626 0.571154 0.938937 0.565385 0.938937 0.561538 0.941092 0.558654 0.946839 0.558654 0.952586 0.550962 0.975575 0.552885 0.985632 0.560577 0.989943 0.560577 0.998563 0.570192
0 0.507184 0.318269 0.491379 0.318269 0.473420 0.298077 0.470546 0.290385 0.471983 0.261538 0.484195 0.239423 0.502874 0.222115 0.521552 0.216346 0.537356 0.218269 0.545259 0.226923 0.549569 0.238462 0.548132 0.265385 0.540948 0.282692 0.525862 0.304808 0.517241 0.308654 0.507184 0.318269
0 0.570402 0.958654 0.556034 0.958654 0.538793 0.950962 0.530172 0.943269 0.519397 0.925000 0.513649 0.911538 0.509339 0.888462 0.510776 0.871154 0.518678 0.854808 0.528736 0.849038 0.537356 0.849038 0.564655 0.858654 0.581897 0.875962 0.589799 0.888462 0.595546 0.911538 0.594109 0.934615 0.586207 0.949038 0.570402 0.958654
0 0.183908 0.250962 0.172414 0.247115 0.158046 0.233654 0.142960 0.205769 0.141523 0.184615 0.148707 0.136538 0.158046 0.122115 0.176724 0.120192 0.183908 0.125962 0.193247 0.138462 0.194684 0.150000 0.210489 0.188462 0.210489 0.203846 0.200431 0.236538 0.192529 0.247115 0.183908 0.250962
0 0.262931 0.843269 0.258621 0.843269 0.254310 0.835577 0.250000 0.835577 0.246408 0.830769 0.243534 0.807692 0.248563 0.802885 0.255747 0.802885 0.266523 0.788462 0.268678 0.781731 0.281609 0.779808 0.283764 0.784615 0.279454 0.792308 0.288075 0.807692 0.288075 0.811538 0.277299 0.816346 0.270115 0.827885 0.265805 0.827885 0.263649 0.830769 0.265086 0.840385 0.262931 0.843269
0 0.127874 0.431731 0.107759 0.429808 0.091954 0.424038 0.081178 0.403846 0.084052 0.388462 0.091954 0.375962 0.094828 0.375962 0.099138 0.370192 0.119253 0.362500 0.158046 0.364423 0.165948 0.373077 0.170259 0.386538 0.170259 0.394231 0.165948 0.407692 0.155172 0.418269 0.127874 0.431731
0 0.271552 0.443269 0.237069 0.443269 0.224138 0.439423 0.211925 0.425000 0.211925 0.407692 0.222701 0.391346 0.232759 0.383654 0.268678 0.379808 0.288793 0.381731 0.301006 0.398077 0.301006 0.417308 0.287356 0.435577 0.271552 0.443269
0 0.870690 0.529808 0.856322 0.527885 0.843391 0.518269 0.836925 0.507692 0.835489 0.488462 0.848420 0.459615 0.854885 0.450962 0.870690 0.441346 0.895115 0.443269 0.906609 0.456731 0.912356 0.458654 0.918822 0.469231 0.917385 0.490385 0.911638 0.503846 0.903736 0.514423 0.879310 0.527885 0.870690 0.529808
0 0.448276 0.958654 0.413793 0.956731 0.387931 0.939423 0.375718 0.921154 0.371408 0.905769 0.371408 0.886538 0.375718 0.875000 0.380747 0.868269 0.390805 0.862500 0.416667 0.862500 0.442529 0.879808 0.456178 0.896154 0.467672 0.923077 0.466236 0.944231 0.456897 0.954808 0.448276 0.958654
