0 0.333984 0.000000 0.328125 0.017578 0.281250 0.033203 0.287109 0.000000
0 0.179688 0.244141 0.171875 0.244141 0.158203 0.226562 0.160156 0.212891 0.173828 0.214844 0.181641 0.230469 0.179688 0.244141
0 0.519531 0.064453 0.496094 0.064453 0.484375 0.052734 0.468750 0.048828 0.462891 0.042969 0.466797 0.031250 0.476562 0.021484 0.500000 0.013672 0.531250 0.013672 0.544922 0.027344 0.544922 0.042969 0.531250 0.060547 0.519531 0.064453
0 0.546875 0.388672 0.523438 0.384766 0.513672 0.375000 0.513672 0.359375 0.531250 0.345703 0.550781 0.345703 0.564453 0.359375 0.564453 0.375000 0.546875 0.388672
0 0.980469 0.923828 0.957031 0.923828 0.935547 0.906250 0.941406 0.876953 0.964844 0.873047 0.986328 0.886719 0.990234 0.910156 0.980469 0.923828
0 0.464844 0.498047 0.437500 0.498047 0.427734 0.488281 0.423828 0.472656 0.449219 0.447266 0.476562 0.435547 0.496094 0.435547 0.509766 0.449219 0.505859 0.468750 0.488281 0.486328 0.464844 0.498047
0 0.945312 0.529297 0.929688 0.529297 0.916016 0.511719 0.916016 0.500000 0.937500 0.482422 0.964844 0.478516 0.978516 0.492188 0.978516 0.511719 0.964844 0.525391 0.945312 0.529297
0 0.671875 0.958984 0.625000 0.947266 0.607422 0.933594 0.607422 0.921875 0.617188 0.916016 0.675781 0.916016 0.693359 0.933594 0.693359 0.941406 0.671875 0.958984
0 0.277344 0.029297 0.253906 0.029297 0.248047 0.023438 0.257812 0.001953 0.283203 0.003906 0.277344 0.029297
0 0.996094 0.400391 0.972656 0.408203 0.958984 0.390625 0.968750 0.365234 0.992188 0.353516 0.996094 0.357422
0 0.996094 0.173828 0.976562 0.169922 0.955078 0.140625 0.955078 0.117188 0.968750 0.099609 0.996094 0.103516
0 0.765625 0.552734 0.742188 0.548828 0.732422 0.535156 0.732422 0.519531 0.753906 0.494141 0.777344 0.486328 0.787109 0.492188 0.794922 0.519531 0.787109 0.535156 0.765625 0.552734
0 0.140625 0.251953 0.117188 0.251953 0.107422 0.238281 0.107422 0.191406 0.117188 0.185547 0.144531 0.189453 0.154297 0.207031 0.150391 0.238281 0.140625 0.251953
0 0.187500 0.861328 0.160156 0.861328 0.125000 0.845703 0.115234 0.835938 0.115234 0.808594 0.132812 0.794922 0.164062 0.794922 0.187500 0.806641 0.205078 0.824219 0.205078 0.847656 0.187500 0.861328
0 0.636719 0.259766 0.617188 0.259766 0.591797 0.238281 0.595703 0.218750 0.609375 0.205078 0.632812 0.205078 0.636719 0.212891 0.658203 0.222656 0.658203 0.242188 0.636719 0.259766
0 0.960938 0.248047 0.937500 0.244141 0.927734 0.226562 0.941406 0.205078 0.972656 0.197266 0.990234 0.222656 0.976562 0.240234 0.960938 0.248047
0 0.726562 0.845703 0.691406 0.841797 0.681641 0.832031 0.677734 0.812500 0.687500 0.798828 0.718750 0.794922 0.732422 0.808594 0.736328 0.835938 0.726562 0.845703
0 0.394531 0.833984 0.371094 0.833984 0.359375 0.826172 0.341797 0.808594 0.341797 0.796875 0.355469 0.783203 0.371094 0.783203 0.382812 0.791016 0.400391 0.808594 0.394531 0.833984
0 0.371094 0.208984 0.345703 0.203125 0.345703 0.179688 0.359375 0.169922 0.394531 0.169922 0.400391 0.187500 0.371094 0.208984
0 0.660156 0.220703 0.648438 0.220703 0.634766 0.210938 0.634766 0.195312 0.648438 0.181641 0.660156 0.181641 0.673828 0.195312 0.673828 0.207031 0.660156 0.220703
0 0.144531 0.185547 0.126953 0.175781 0.128906 0.166016 0.150391 0.171875 0.144531 0.185547
0 0.285156 0.400391 0.261719 0.400391 0.251953 0.378906 0.277344 0.349609 0.300781 0.345703 0.310547 0.355469 0.310547 0.375000 0.285156 0.400391
0 0.187500 0.955078 0.175781 0.955078 0.146484 0.937500 0.142578 0.914062 0.148438 0.904297 0.167969 0.900391 0.201172 0.925781 0.201172 0.937500 0.187500 0.955078
0 0.746094 0.310547 0.724609 0.296875 0.724609 0.285156 0.730469 0.275391 0.757812 0.267578 0.767578 0.273438 0.771484 0.292969 0.746094 0.310547
