0 0.383333 0.468056 0.336111 0.465278 0.302778 0.448611 0.294444 0.448611 0.286111 0.440278 0.255556 0.429167 0.245833 0.419444 0.245833 0.402778 0.263889 0.381944 0.280556 0.373611 0.336111 0.362500 0.394444 0.365278 0.459722 0.402778 0.462500 0.430556 0.450000 0.448611 0.383333 0.468056
0 0.000000 0.651389 0.044444 0.651389 0.047222 0.656944 0.061111 0.659722 0.066667 0.665278 0.072222 0.662500 0.093056 0.683333 0.098611 0.700000 0.098611 0.722222 0.077778 0.743056 0.041667 0.754167 0.000000 0.754167
0 0.997222 0.112500 0.979167 0.100000 0.976389 0.088889 0.970833 0.086111 0.962500 0.069444 0.945833 0.022222 0.948611 0.019444 0.943056 0.000000
0 0.681944 0.997222 0.711111 0.979167 0.761111 0.984722 0.781944 0.997222
0 0.090278 0.997222 0.093056 0.986111 0.119444 0.959722 0.133333 0.954167 0.180556 0.951389 0.230556 0.956944 0.255556 0.976389 0.273611 0.997222
0 0.997222 0.845833 0.994444 0.898611 0.984722 0.888889 0.973611 0.863889 0.973611 0.797222 0.981944 0.755556 0.990278 0.741667 0.997222 0.740278
0 0.000000 0.398611 0.036111 0.423611 0.059722 0.450000 0.059722 0.461111 0.048611 0.477778 0.048611 0.508333 0.027778 0.529167 0.000000 0.543056
0 0.363889 0.873611 0.330556 0.870833 0.302778 0.848611 0.275000 0.837500 0.245833 0.811111 0.237500 0.794444 0.237500 0.766667 0.258333 0.740278 0.275000 0.731944 0.305556 0.731944 0.338889 0.748611 0.376389 0.777778 0.390278 0.808333 0.393056 0.838889 0.387500 0.858333 0.375000 0.870833 0.363889 0.873611
0 0.516667 0.823611 0.458333 0.820833 0.441667 0.812500 0.415278 0.786111 0.404167 0.763889 0.404167 0.733333 0.412500 0.713889 0.422222 0.704167 0.494444 0.681944 0.527778 0.681944 0.544444 0.687500 0.552778 0.695833 0.555556 0.693056 0.556944 0.700000 0.570833 0.711111 0.579167 0.730556 0.573611 0.772222 0.555556 0.798611 0.536111 0.815278 0.516667 0.823611
0 0.281944 0.000000 0.279167 0.022222 0.284722 0.041667 0.273611 0.063889 0.263889 0.073611 0.261111 0.070833 0.258333 0.076389 0.236111 0.087500 0.233333 0.084722 0.216667 0.090278 0.211111 0.087500 0.197222 0.090278 0.175000 0.079167 0.125000 0.043056 0.097222 0.029167 0.081944 0.008333 0.081944 0.000000
0 0.277778 0.548611 0.244444 0.548611 0.219444 0.540278 0.211111 0.543056 0.197222 0.537500 0.179167 0.522222 0.176389 0.511111 0.170833 0.508333 0.173611 0.486111 0.200000 0.440278 0.222222 0.429167 0.255556 0.429167 0.286111 0.440278 0.294444 0.448611 0.300000 0.448611 0.309722 0.461111 0.318056 0.475000 0.320833 0.491667 0.315278 0.516667 0.297222 0.537500 0.277778 0.548611
0 0.069444 0.509722 0.058333 0.509722 0.048611 0.502778 0.048611 0.477778 0.058333 0.462500 0.075000 0.462500 0.084722 0.477778 0.084722 0.494444 0.069444 0.509722
0 0.669444 0.931944 0.650000 0.931944 0.633333 0.923611 0.604167 0.891667 0.598611 0.863889 0.609722 0.827778 0.633333 0.798611 0.669444 0.776389 0.694444 0.776389 0.711111 0.781944 0.726389 0.800000 0.734722 0.833333 0.734722 0.880556 0.723611 0.902778 0.711111 0.915278 0.669444 0.931944
0 0.600000 0.693056 0.587500 0.688889 0.588889 0.679167 0.601389 0.677778 0.600000 0.693056
0 0.820833 0.000000 0.812500 0.038889 0.783333 0.062500 0.761111 0.065278 0.733333 0.059722 0.705556 0.045833 0.700000 0.037500 0.691667 0.037500 0.666667 0.018056 0.654167 0.000000
0 0.000000 0.881944 0.015278 0.911111 0.012500 0.938889 0.000000 0.959722
0 0.869444 0.731944 0.855556 0.729167 0.850000 0.723611 0.838889 0.723611 0.813889 0.712500 0.805556 0.704167 0.791667 0.701389 0.770833 0.675000 0.765278 0.636111 0.768056 0.622222 0.783333 0.604167 0.822222 0.587500 0.848611 0.569444 0.856944 0.550000 0.877778 0.520833 0.905556 0.515278 0.920833 0.522222 0.929167 0.541667 0.931944 0.580556 0.943056 0.627778 0.943056 0.652778 0.926389 0.691667 0.897222 0.720833 0.869444 0.731944
0 0.000000 0.226389 0.013889 0.231944 0.031944 0.255556 0.029167 0.305556 0.013889 0.329167 0.000000 0.331944
0 0.333333 0.693056 0.316667 0.693056 0.287500 0.666667 0.279167 0.641667 0.281944 0.600000 0.301389 0.566667 0.313889 0.554167 0.333333 0.543056 0.352778 0.543056 0.386111 0.565278 0.404167 0.583333 0.406944 0.611111 0.398611 0.633333 0.362500 0.666667 0.352778 0.681944 0.333333 0.693056
0 0.000000 0.773611 0.069444 0.776389 0.100000 0.787500 0.120833 0.805556 0.120833 0.830556 0.109722 0.844444 0.104167 0.869444 0.086111 0.887500 0.063889 0.890278 0.000000 0.865278
0 0.944444 0.465278 0.922222 0.465278 0.904167 0.447222 0.887500 0.408333 0.876389 0.397222 0.876389 0.383333 0.856944 0.352778 0.854167 0.327778 0.859722 0.305556 0.869444 0.293056 0.880556 0.287500 0.902778 0.287500 0.927778 0.304167 0.965278 0.355556 0.970833 0.416667 0.962500 0.447222 0.944444 0.465278
0 0.995833 0.448611 0.997222 0.448611 0.997222 0.537500 0.995833 0.537500
0 0.294444 0.304167 0.272222 0.301389 0.255556 0.293056 0.234722 0.269444 0.234722 0.261111 0.223611 0.241667 0.218056 0.225000 0.218056 0.191667 0.226389 0.172222 0.244444 0.156944 0.269444 0.151389 0.291667 0.154167 0.320833 0.175000 0.330556 0.195833 0.347222 0.201389 0.354167 0.208333 0.354167 0.247222 0.348611 0.261111 0.325000 0.287500 0.294444 0.304167
0 0.783333 0.368056 0.752778 0.368056 0.731944 0.350000 0.723611 0.330556 0.718056 0.291667 0.709722 0.275000 0.709722 0.244444 0.715278 0.236111 0.715278 0.225000 0.738889 0.204167 0.769444 0.190278 0.793056 0.197222 0.818056 0.233333 0.831944 0.244444 0.843056 0.266667 0.831944 0.311111 0.804167 0.352778 0.783333 0.368056
0 0.618056 0.000000 0.618056 0.027778 0.606944 0.050000 0.565278 0.091667 0.555556 0.106944 0.533333 0.115278 0.500000 0.115278 0.466667 0.104167 0.444444 0.093056 0.423611 0.075000 0.415278 0.044444 0.426389 0.022222 0.451389 0.000000
0 0.894444 0.987500 0.877778 0.987500 0.844444 0.976389 0.823611 0.947222 0.815278 0.911111 0.815278 0.880556 0.826389 0.847222 0.847222 0.829167 0.869444 0.829167 0.879167 0.836111 0.895833 0.858333 0.898611 0.869444 0.904167 0.872222 0.929167 0.922222 0.926389 0.950000 0.912500 0.972222 0.894444 0.987500
0 0.725000 0.773611 0.712500 0.769444 0.712500 0.758333 0.716667 0.754167 0.729167 0.758333 0.729167 0.769444 0.725000 0.773611
