0 0.296875 0.642578 0.281250 0.642578 0.267578 0.628906 0.267578 0.613281 0.277344 0.603516 0.304688 0.603516 0.310547 0.609375 0.310547 0.628906 0.296875 0.642578
0 0.511719 0.568359 0.496094 0.564453 0.490234 0.546875 0.490234 0.531250 0.500000 0.521484 0.519531 0.521484 0.533203 0.531250 0.529297 0.558594 0.511719 0.568359
0 0.261719 0.533203 0.244141 0.527344 0.244141 0.500000 0.250000 0.494141 0.267578 0.500000 0.267578 0.527344 0.261719 0.533203
0 0.345703 0.000000 0.363281 0.001953 0.369141 0.015625 0.363281 0.021484 0.335938 0.021484 0.330078 0.015625 0.333984 0.000000
0 0.210938 0.529297 0.197266 0.523438 0.203125 0.509766 0.216797 0.515625 0.210938 0.529297
0 0.054688 0.275391 0.044922 0.269531 0.044922 0.261719 0.066406 0.251953 0.072266 0.265625 0.054688 0.275391
0 0.246094 0.458984 0.226562 0.458984 0.212891 0.449219 0.212891 0.429688 0.218750 0.423828 0.238281 0.419922 0.259766 0.433594 0.259766 0.449219 0.246094 0.458984
0 0.117188 0.466797 0.105469 0.466797 0.087891 0.449219 0.080078 0.433594 0.080078 0.417969 0.085938 0.412109 0.099609 0.417969 0.107422 0.437500 0.123047 0.453125 0.117188 0.466797
0 0.453125 0.177734 0.443359 0.164062 0.443359 0.144531 0.457031 0.130859 0.468750 0.130859 0.482422 0.160156 0.468750 0.173828 0.453125 0.177734
0 0.156250 0.396484 0.134766 0.394531 0.130859 0.367188 0.136719 0.361328 0.156250 0.361328 0.162109 0.367188 0.162109 0.390625 0.156250 0.396484
0 0.230469 0.279297 0.212891 0.273438 0.218750 0.259766 0.236328 0.265625 0.230469 0.279297
0 0.316406 0.056641 0.273438 0.056641 0.267578 0.042969 0.273438 0.037109 0.320312 0.033203 0.326172 0.046875 0.316406 0.056641
0 0.398438 0.365234 0.363281 0.361328 0.361328 0.339844 0.378906 0.326172 0.402344 0.333984 0.408203 0.355469 0.398438 0.365234
0 0.253906 0.376953 0.230469 0.376953 0.224609 0.371094 0.234375 0.341797 0.253906 0.341797 0.263672 0.351562 0.263672 0.367188 0.253906 0.376953
0 0.097656 0.322266 0.074219 0.322266 0.068359 0.304688 0.074219 0.298828 0.097656 0.302734 0.103516 0.308594 0.097656 0.322266
0 0.000000 0.177734 0.011719 0.169922 0.027344 0.169922 0.041016 0.187500 0.041016 0.199219 0.031250 0.212891 0.007812 0.212891 0.000000 0.205078
0 0.089844 0.298828 0.058594 0.298828 0.052734 0.292969 0.052734 0.277344 0.062500 0.267578 0.093750 0.267578 0.099609 0.273438 0.099609 0.289062 0.089844 0.298828
0 0.291016 0.000000 0.310547 0.023438 0.304688 0.037109 0.289062 0.037109 0.283203 0.031250 0.271484 0.011719 0.271484 0.000000
0 0.402344 0.154297 0.382812 0.154297 0.373047 0.144531 0.373047 0.132812 0.390625 0.111328 0.417969 0.107422 0.427734 0.121094 0.427734 0.140625 0.417969 0.150391 0.402344 0.154297
0 0.125000 0.404297 0.097656 0.404297 0.091797 0.398438 0.091797 0.382812 0.109375 0.361328 0.125000 0.361328 0.130859 0.367188 0.134766 0.394531 0.125000 0.404297
0 0.605469 0.087891 0.572266 0.078125 0.572266 0.058594 0.578125 0.052734 0.589844 0.048828 0.607422 0.062500 0.605469 0.087891
0 0.318359 0.000000 0.322266 0.015625 0.316406 0.021484 0.298828 0.011719 0.298828 0.000000
0 0.802734 0.000000 0.798828 0.015625 0.789062 0.021484 0.771484 0.011719 0.775391 0.000000
