0 0.964080 0.368269 0.946839 0.368269 0.933908 0.360577 0.928879 0.351923 0.930316 0.336538 0.938218 0.327885 0.948276 0.324038 0.964080 0.325962 0.979885 0.335577 0.983477 0.342308 0.983477 0.353846 0.974138 0.364423 0.964080 0.368269
0 0.632184 0.249038 0.617816 0.247115 0.609195 0.241346 0.596983 0.221154 0.596983 0.207692 0.599138 0.204808 0.610632 0.204808 0.617816 0.208654 0.622126 0.216346 0.627874 0.218269 0.632902 0.225000 0.637213 0.238462 0.637213 0.242308 0.632184 0.249038
0 0.915230 0.685577 0.903736 0.683654 0.898707 0.676923 0.892960 0.661538 0.892960 0.651923 0.900862 0.641346 0.912356 0.633654 0.923851 0.633654 0.930316 0.640385 0.931753 0.661538 0.927443 0.675000 0.922414 0.681731 0.915230 0.685577
0 0.925287 0.285577 0.908046 0.285577 0.900144 0.276923 0.898707 0.253846 0.902299 0.249038 0.910920 0.245192 0.926724 0.245192 0.933908 0.249038 0.941810 0.259615 0.940374 0.273077 0.933908 0.281731 0.925287 0.285577
0 0.313218 0.670192 0.298851 0.664423 0.292385 0.655769 0.289511 0.644231 0.285201 0.638462 0.286638 0.619231 0.290230 0.614423 0.306034 0.612500 0.316810 0.625000 0.319684 0.648077 0.318247 0.659615 0.313218 0.670192
0 0.637931 0.358654 0.622126 0.356731 0.610632 0.350962 0.599856 0.336538 0.602730 0.323077 0.610632 0.316346 0.614943 0.316346 0.622126 0.318269 0.632184 0.325962 0.644397 0.340385 0.644397 0.348077 0.637931 0.358654
0 0.354885 0.964423 0.349138 0.962500 0.345546 0.957692 0.344109 0.946154 0.359195 0.927885 0.372126 0.920192 0.380747 0.920192 0.395833 0.928846 0.397270 0.940385 0.390805 0.950962 0.383621 0.954808 0.367816 0.956731 0.354885 0.964423
0 0.623563 0.983654 0.619253 0.983654 0.614224 0.973077 0.614224 0.965385 0.620690 0.960577 0.625000 0.960577 0.631466 0.971154 0.630029 0.976923 0.623563 0.983654
0 0.428879 0.000000 0.421695 0.023077 0.413793 0.035577 0.409483 0.037500 0.403736 0.035577 0.395833 0.023077 0.395833 0.000000
0 0.737787 0.998077 0.745690 0.981731 0.750000 0.983654 0.755747 0.979808 0.768678 0.981731 0.775144 0.990385 0.775144 0.998077
0 0.461207 0.674038 0.452586 0.674038 0.446121 0.665385 0.446121 0.657692 0.450431 0.646154 0.466954 0.629808 0.482759 0.622115 0.489943 0.624038 0.493534 0.628846 0.493534 0.638462 0.490661 0.644231 0.472701 0.666346 0.461207 0.674038
0 0.888649 0.998077 0.890805 0.993269 0.903736 0.985577 0.910201 0.990385 0.910201 0.998077
0 0.576149 0.950962 0.566092 0.947115 0.555316 0.928846 0.553879 0.900000 0.560345 0.885577 0.567529 0.885577 0.573276 0.891346 0.584052 0.909615 0.584052 0.946154 0.576149 0.950962
0 0.201149 0.099038 0.191092 0.099038 0.186063 0.092308 0.184626 0.075000 0.191810 0.051923 0.199713 0.043269 0.206897 0.041346 0.216236 0.051923 0.217672 0.076923 0.214080 0.085577 0.201149 0.099038
0 0.030172 0.179808 0.008621 0.177885 0.003592 0.173077 0.002155 0.163462 0.010057 0.150962 0.018678 0.145192 0.024425 0.145192 0.027299 0.141346 0.034483 0.139423 0.045977 0.141346 0.051006 0.150000 0.049569 0.163462 0.040230 0.174038 0.030172 0.179808
0 0.481322 0.560577 0.474138 0.560577 0.461207 0.550962 0.453305 0.540385 0.453305 0.530769 0.464080 0.522115 0.475575 0.522115 0.487069 0.527885 0.492098 0.534615 0.492098 0.548077 0.487069 0.558654 0.481322 0.560577
0 0.502874 0.314423 0.494253 0.314423 0.487787 0.303846 0.483477 0.288462 0.484914 0.261538 0.489943 0.254808 0.498563 0.254808 0.510776 0.273077 0.513649 0.282692 0.512213 0.301923 0.502874 0.314423
0 0.498563 0.197115 0.489943 0.197115 0.476293 0.180769 0.469109 0.161538 0.469109 0.146154 0.471264 0.143269 0.487069 0.143269 0.497126 0.152885 0.503592 0.163462 0.506466 0.173077 0.506466 0.186538 0.498563 0.197115
0 0.975575 0.683654 0.963362 0.675000 0.961925 0.659615 0.964799 0.646154 0.970546 0.634615 0.977011 0.627885 0.985632 0.627885 0.992098 0.636538 0.992098 0.665385 0.985632 0.677885 0.975575 0.683654
0 0.512931 0.087500 0.504310 0.087500 0.489943 0.077885 0.483477 0.065385 0.484914 0.055769 0.500000 0.041346 0.514368 0.041346 0.529454 0.057692 0.530891 0.073077 0.512931 0.087500
0 0.291667 0.741346 0.280172 0.737500 0.266523 0.721154 0.257902 0.700000 0.257902 0.692308 0.262931 0.685577 0.268678 0.685577 0.275862 0.691346 0.288793 0.689423 0.290948 0.692308 0.295259 0.703846 0.296695 0.728846 0.295259 0.736538 0.291667 0.741346
0 0.811782 0.868269 0.795977 0.866346 0.783764 0.851923 0.782328 0.846154 0.798851 0.837500 0.821839 0.839423 0.828305 0.848077 0.826868 0.859615 0.811782 0.868269
0 0.129310 0.172115 0.117816 0.172115 0.110632 0.164423 0.106322 0.164423 0.104167 0.161538 0.104167 0.153846 0.107040 0.146154 0.114943 0.139423 0.137931 0.131731 0.148707 0.144231 0.150144 0.155769 0.143678 0.164423 0.129310 0.172115
0 0.190374 0.000000 0.188937 0.013462 0.186063 0.019231 0.178161 0.027885 0.168103 0.031731 0.156609 0.029808 0.151580 0.025000 0.148707 0.017308 0.151580 0.000000
0 0.076149 0.833654 0.067529 0.829808 0.061063 0.821154 0.056753 0.801923 0.061063 0.782692 0.073276 0.766346 0.079023 0.766346 0.081178 0.769231 0.085489 0.776923 0.086925 0.786538 0.085489 0.821154 0.076149 0.833654
0 0.106322 0.835577 0.093391 0.829808 0.089080 0.822115 0.085489 0.821154 0.085489 0.776923 0.096264 0.768269 0.104885 0.770192 0.111351 0.784615 0.111351 0.801923 0.115661 0.821154 0.106322 0.835577
0 0.367816 0.891346 0.347701 0.889423 0.331897 0.883654 0.322557 0.869231 0.323994 0.855769 0.330460 0.849038 0.343391 0.847115 0.356322 0.849038 0.364943 0.858654 0.369253 0.858654 0.374282 0.871154 0.374282 0.882692 0.367816 0.891346
0 0.255747 0.870192 0.242816 0.868269 0.236351 0.853846 0.236351 0.846154 0.230603 0.836538 0.230603 0.811538 0.237069 0.802885 0.248563 0.804808 0.263649 0.832692 0.266523 0.844231 0.266523 0.859615 0.262931 0.866346 0.255747 0.870192
0 0.668103 0.500962 0.663793 0.500962 0.656609 0.495192 0.653017 0.488462 0.651580 0.480769 0.657328 0.473077 0.650144 0.467308 0.650144 0.461538 0.655172 0.456731 0.659483 0.456731 0.663793 0.462500 0.675287 0.458654 0.683190 0.469231 0.683190 0.480769 0.681034 0.483654 0.672414 0.483654 0.668103 0.500962
0 0.347701 0.625962 0.339080 0.620192 0.331897 0.622115 0.326149 0.612500 0.318966 0.608654 0.311063 0.598077 0.309626 0.584615 0.316092 0.575962 0.326149 0.575962 0.341954 0.583654 0.353448 0.593269 0.357040 0.605769 0.347701 0.625962
0 0.209770 0.643269 0.193966 0.641346 0.184626 0.632692 0.184626 0.626923 0.180316 0.621154 0.180316 0.605769 0.188218 0.587500 0.196839 0.587500 0.204023 0.591346 0.213362 0.611538 0.216236 0.628846 0.209770 0.643269
0 0.639368 0.785577 0.632902 0.776923 0.632902 0.753846 0.630029 0.751923 0.637931 0.739423 0.647989 0.739423 0.652299 0.735577 0.662356 0.752885 0.666667 0.750962 0.668822 0.753846 0.668822 0.761538 0.662356 0.779808 0.653736 0.783654 0.642241 0.781731 0.639368 0.785577
0 0.185345 0.810577 0.179598 0.806731 0.172414 0.808654 0.170259 0.801923 0.155891 0.784615 0.148707 0.761538 0.152299 0.750962 0.159483 0.750962 0.165230 0.754808 0.180316 0.771154 0.188937 0.798077 0.188937 0.805769 0.185345 0.810577
0 0.035920 0.860577 0.033046 0.860577 0.022270 0.850000 0.010776 0.825000 0.010776 0.805769 0.015805 0.800962 0.022989 0.799038 0.028736 0.806731 0.031609 0.806731 0.045259 0.830769 0.045259 0.848077 0.035920 0.860577
0 0.754310 0.243269 0.744253 0.243269 0.730603 0.230769 0.724856 0.215385 0.726293 0.207692 0.729885 0.202885 0.751437 0.200962 0.757184 0.206731 0.769397 0.211538 0.769397 0.225000 0.773707 0.234615 0.764368 0.235577 0.754310 0.243269
0 0.091954 0.064423 0.080460 0.064423 0.078305 0.061538 0.076868 0.040385 0.087644 0.024038 0.104885 0.014423 0.111351 0.023077 0.111351 0.036538 0.091954 0.064423
0 0.764368 0.800962 0.752874 0.799038 0.744253 0.791346 0.734914 0.776923 0.733477 0.765385 0.735632 0.762500 0.752874 0.760577 0.767241 0.768269 0.773707 0.776923 0.775144 0.786538 0.773707 0.792308 0.764368 0.800962
0 0.405172 0.754808 0.400862 0.754808 0.398707 0.750000 0.408046 0.741346 0.410201 0.746154 0.405172 0.754808
0 0.000000 0.050962 0.003592 0.036538 0.007902 0.032692 0.006466 0.028846 0.011494 0.022115 0.017241 0.020192 0.025144 0.028846 0.025144 0.065385 0.014368 0.077885 0.000000 0.077885
0 0.140805 0.272115 0.130747 0.270192 0.127874 0.266346 0.119253 0.266346 0.114224 0.257692 0.117098 0.244231 0.125000 0.237500 0.133621 0.235577 0.152299 0.239423 0.157328 0.248077 0.158764 0.257692 0.149425 0.270192 0.140805 0.272115
0 0.314655 0.435577 0.301724 0.431731 0.298132 0.426923 0.298132 0.413462 0.304598 0.400962 0.314655 0.393269 0.327586 0.395192 0.334052 0.401923 0.336925 0.413462 0.330460 0.425962 0.314655 0.435577
0 0.938218 0.512500 0.926724 0.508654 0.920259 0.492308 0.904454 0.478846 0.903017 0.467308 0.909483 0.456731 0.923851 0.456731 0.940374 0.476923 0.941810 0.490385 0.946121 0.501923 0.938218 0.512500
0 0.558908 0.343269 0.548851 0.337500 0.536638 0.315385 0.533764 0.303846 0.533764 0.290385 0.540230 0.281731 0.551724 0.283654 0.556753 0.290385 0.566810 0.315385 0.568247 0.330769 0.558908 0.343269
0 0.443966 0.097115 0.435345 0.097115 0.431034 0.093269 0.427443 0.086538 0.427443 0.078846 0.438937 0.044231 0.443966 0.039423 0.451149 0.039423 0.457615 0.046154 0.459052 0.071154 0.456178 0.084615 0.443966 0.097115
0 0.247126 0.997115 0.234195 0.997115 0.221264 0.987500 0.209052 0.971154 0.206178 0.951923 0.211207 0.945192 0.219828 0.943269 0.232759 0.949038 0.238506 0.954808 0.249282 0.969231 0.253592 0.980769 0.252155 0.992308 0.247126 0.997115
0 0.998563 0.112500 0.992816 0.116346 0.984195 0.114423 0.979167 0.105769 0.976293 0.094231 0.977730 0.078846 0.987069 0.066346 0.998563 0.066346
0 0.695402 0.718269 0.681034 0.716346 0.674569 0.705769 0.674569 0.694231 0.679598 0.687500 0.689655 0.683654 0.704023 0.668269 0.718391 0.666346 0.722701 0.670192 0.726293 0.676923 0.726293 0.690385 0.714080 0.706731 0.695402 0.718269
0 0.438218 0.600962 0.418103 0.599038 0.409483 0.595192 0.400144 0.584615 0.401580 0.571154 0.420977 0.562500 0.432471 0.562500 0.439655 0.566346 0.447557 0.578846 0.447557 0.588462 0.438218 0.600962
0 0.681034 0.610577 0.668103 0.610577 0.664511 0.605769 0.664511 0.590385 0.667385 0.584615 0.679598 0.574038 0.704023 0.574038 0.706178 0.576923 0.704741 0.588462 0.681034 0.610577
0 0.278736 0.295192 0.271552 0.295192 0.265086 0.288462 0.262213 0.276923 0.265086 0.267308 0.274425 0.254808 0.281609 0.250962 0.295977 0.249038 0.301724 0.252885 0.305316 0.259615 0.305316 0.271154 0.302443 0.278846 0.294540 0.287500 0.278736 0.295192
0 0.139368 0.849038 0.135057 0.847115 0.128592 0.836538 0.122845 0.798077 0.125000 0.793269 0.127874 0.793269 0.131466 0.798077 0.132902 0.805769 0.140086 0.811538 0.145833 0.826923 0.147270 0.840385 0.139368 0.849038
0 0.099138 0.325962 0.096264 0.325962 0.094109 0.321154 0.094109 0.315385 0.097701 0.310577 0.105603 0.317308 0.099138 0.325962
0 0.811782 0.899038 0.800287 0.899038 0.792385 0.890385 0.793822 0.878846 0.797414 0.874038 0.801724 0.874038 0.804598 0.868269 0.811782 0.868269 0.823276 0.862500 0.830460 0.862500 0.839799 0.871154 0.839799 0.878846 0.833333 0.887500 0.821839 0.891346 0.817529 0.897115 0.811782 0.899038
0 0.110632 0.931731 0.103448 0.931731 0.102011 0.927885 0.096264 0.927885 0.094828 0.931731 0.093391 0.927885 0.084770 0.929808 0.078305 0.919231 0.079741 0.903846 0.086207 0.895192 0.102011 0.887500 0.114943 0.889423 0.120690 0.893269 0.124282 0.898077 0.122845 0.915385 0.110632 0.931731
0 0.875000 0.300962 0.869253 0.300962 0.864224 0.292308 0.865661 0.275000 0.869971 0.263462 0.876437 0.254808 0.886494 0.250962 0.895833 0.261538 0.892960 0.282692 0.886494 0.295192 0.875000 0.300962
0 0.119253 0.550962 0.110632 0.547115 0.107040 0.540385 0.107040 0.523077 0.112069 0.506731 0.122126 0.510577 0.126437 0.508654 0.127874 0.512500 0.130747 0.512500 0.135776 0.528846 0.128592 0.536538 0.128592 0.544231 0.119253 0.550962
0 0.866379 0.589423 0.850575 0.589423 0.841954 0.585577 0.836925 0.578846 0.836925 0.569231 0.844828 0.558654 0.849138 0.556731 0.873563 0.558654 0.878592 0.565385 0.878592 0.573077 0.877155 0.578846 0.866379 0.589423
0 0.517241 0.141346 0.510057 0.141346 0.502874 0.135577 0.497845 0.126923 0.494971 0.113462 0.502874 0.102885 0.512931 0.095192 0.530172 0.089423 0.532328 0.092308 0.530891 0.109615 0.526580 0.117308 0.525144 0.126923 0.517241 0.141346
0 0.054598 0.206731 0.047414 0.206731 0.039511 0.196154 0.042385 0.180769 0.048132 0.169231 0.060345 0.156731 0.067529 0.145192 0.074713 0.141346 0.081897 0.143269 0.085489 0.151923 0.085489 0.159615 0.079741 0.178846 0.068966 0.197115 0.054598 0.206731
0 0.400862 0.800962 0.392241 0.800962 0.387931 0.797115 0.378592 0.780769 0.378592 0.765385 0.387931 0.752885 0.406609 0.762500 0.411638 0.771154 0.413075 0.788462 0.408046 0.797115 0.400862 0.800962
0 0.155172 0.545192 0.142241 0.539423 0.135776 0.530769 0.131466 0.515385 0.137931 0.510577 0.143678 0.510577 0.145833 0.519231 0.150862 0.525962 0.158046 0.527885 0.160201 0.530769 0.160201 0.538462 0.155172 0.545192
0 0.979885 0.056731 0.964080 0.056731 0.957615 0.050000 0.953305 0.040385 0.954741 0.017308 0.962644 0.004808 0.971264 0.004808 0.977011 0.008654 0.987787 0.026923 0.989224 0.044231 0.979885 0.056731
0 0.775862 0.764423 0.768678 0.764423 0.755747 0.754808 0.748563 0.752885 0.743534 0.742308 0.743534 0.734615 0.750000 0.725962 0.755747 0.729808 0.761494 0.727885 0.770115 0.733654 0.780891 0.748077 0.780891 0.757692 0.775862 0.764423
0 0.168103 0.993269 0.147989 0.989423 0.140086 0.982692 0.140086 0.967308 0.142960 0.955769 0.149425 0.945192 0.156609 0.949038 0.165230 0.962500 0.170259 0.965385 0.171695 0.986538 0.168103 0.993269
0 0.360632 0.795192 0.344828 0.795192 0.326149 0.789423 0.311063 0.776923 0.309626 0.765385 0.314655 0.756731 0.339080 0.758654 0.362787 0.778846 0.364224 0.790385 0.360632 0.795192
0 0.027299 0.318269 0.020833 0.315385 0.024425 0.308654 0.029454 0.313462 0.027299 0.318269
0 0.400862 0.749038 0.395115 0.749038 0.380029 0.726923 0.378592 0.713462 0.382902 0.703846 0.389368 0.697115 0.400862 0.699038 0.410201 0.713462 0.410201 0.736538 0.400862 0.749038
0 0.788793 0.543269 0.780172 0.543269 0.759339 0.526923 0.760776 0.515385 0.771552 0.500962 0.784483 0.495192 0.794540 0.502885 0.798851 0.502885 0.803879 0.513462 0.803879 0.530769 0.788793 0.543269
0 0.787356 0.597115 0.775862 0.595192 0.765086 0.584615 0.762213 0.578846 0.762213 0.571154 0.759339 0.567308 0.759339 0.553846 0.761494 0.550962 0.767241 0.547115 0.777299 0.547115 0.791667 0.556731 0.799569 0.567308 0.799569 0.584615 0.787356 0.597115
0 0.000000 0.852885 0.008621 0.843269 0.011494 0.843269 0.023707 0.859615 0.023707 0.878846 0.020833 0.888462 0.010057 0.902885 0.000000 0.900962
0 0.232759 0.435577 0.221264 0.435577 0.211925 0.423077 0.211925 0.413462 0.214799 0.401923 0.227011 0.385577 0.234195 0.381731 0.245690 0.381731 0.252155 0.390385 0.253592 0.403846 0.246408 0.421154 0.237069 0.433654 0.232759 0.435577
0 0.947557 0.998077 0.942529 0.993269 0.933908 0.995192 0.918822 0.980769 0.918822 0.963462 0.923851 0.952885 0.931034 0.950962 0.943966 0.960577 0.948276 0.960577 0.952586 0.966346 0.956897 0.966346 0.966236 0.982692 0.967672 0.992308 0.963362 0.998077
0 0.974138 0.874038 0.965517 0.872115 0.959052 0.863462 0.957615 0.848077 0.961925 0.836538 0.971264 0.825962 0.984195 0.822115 0.993534 0.828846 0.996408 0.836538 0.996408 0.848077 0.988506 0.864423 0.974138 0.874038
0 0.255747 0.504808 0.248563 0.504808 0.242098 0.494231 0.243534 0.482692 0.251437 0.472115 0.258621 0.468269 0.271552 0.468269 0.278736 0.472115 0.283764 0.478846 0.283764 0.492308 0.280172 0.497115 0.264368 0.499038 0.255747 0.504808
0 0.185345 0.266346 0.173851 0.260577 0.167385 0.251923 0.165948 0.238462 0.172414 0.224038 0.183908 0.218269 0.193966 0.218269 0.198994 0.225000 0.198994 0.242308 0.194684 0.255769 0.185345 0.266346
0 0.675287 0.297115 0.645115 0.291346 0.642960 0.288462 0.642960 0.278846 0.647989 0.272115 0.653736 0.272115 0.666667 0.262500 0.675287 0.264423 0.684626 0.273077 0.686063 0.284615 0.675287 0.297115
0 0.056034 0.797115 0.051006 0.792308 0.048132 0.784615 0.045259 0.773077 0.045259 0.757692 0.055316 0.738462 0.063218 0.727885 0.066092 0.727885 0.073994 0.740385 0.078305 0.765385 0.073276 0.766346 0.063937 0.776923 0.056034 0.797115
0 0.525862 0.945192 0.514368 0.943269 0.506466 0.928846 0.505029 0.909615 0.507902 0.886538 0.510057 0.883654 0.512931 0.883654 0.524425 0.895192 0.533764 0.911538 0.533764 0.936538 0.525862 0.945192
0 0.576149 0.258654 0.567529 0.258654 0.561782 0.254808 0.551006 0.240385 0.548132 0.232692 0.548132 0.221154 0.556034 0.206731 0.564655 0.206731 0.582615 0.228846 0.584052 0.250000 0.576149 0.258654
0 0.607759 0.908654 0.600575 0.906731 0.586925 0.888462 0.586925 0.863462 0.594828 0.852885 0.602011 0.852885 0.602730 0.857692 0.606322 0.858654 0.614224 0.869231 0.618534 0.882692 0.617098 0.901923 0.613506 0.906731 0.607759 0.908654
0 0.670977 0.554808 0.667385 0.551923 0.667385 0.544231 0.673851 0.539423 0.676006 0.542308 0.676006 0.550000 0.670977 0.554808
0 0.857759 0.799038 0.839080 0.797115 0.832615 0.786538 0.835489 0.769231 0.843391 0.756731 0.849138 0.752885 0.856322 0.752885 0.860632 0.756731 0.869971 0.773077 0.868534 0.784615 0.857759 0.799038
0 0.989224 0.998077 0.990661 0.976923 0.998563 0.966346
0 0.241379 0.920192 0.229885 0.918269 0.217672 0.898077 0.213362 0.875000 0.214799 0.867308 0.221264 0.856731 0.232759 0.858654 0.247845 0.876923 0.250718 0.903846 0.247845 0.913462 0.241379 0.920192
0 0.445402 0.383654 0.423851 0.375962 0.414511 0.365385 0.413075 0.353846 0.418103 0.341346 0.420977 0.341346 0.425287 0.335577 0.433908 0.335577 0.442529 0.341346 0.446839 0.339423 0.461925 0.355769 0.466236 0.363462 0.464799 0.375000 0.456897 0.381731 0.451149 0.379808 0.445402 0.383654
0 0.474138 0.260577 0.462644 0.258654 0.446121 0.234615 0.443247 0.209615 0.451149 0.199038 0.459770 0.199038 0.466954 0.208654 0.469828 0.208654 0.477730 0.226923 0.480603 0.242308 0.474138 0.260577
0 0.122126 0.720192 0.112069 0.720192 0.096983 0.688462 0.096983 0.680769 0.102730 0.665385 0.107759 0.660577 0.112069 0.660577 0.115661 0.665385 0.125718 0.688462 0.127155 0.705769 0.122126 0.720192
0 0.043822 0.998077 0.042385 0.992308 0.050287 0.983654 0.073276 0.987500 0.079741 0.994231 0.079741 0.998077
0 0.693966 0.374038 0.691092 0.374038 0.680316 0.363462 0.676006 0.351923 0.679598 0.337500 0.688218 0.335577 0.690374 0.338462 0.690374 0.346154 0.703305 0.355769 0.703305 0.365385 0.693966 0.374038
0 0.821839 0.629808 0.800287 0.620192 0.792385 0.609615 0.790948 0.603846 0.803161 0.593269 0.826149 0.595192 0.835489 0.605769 0.835489 0.615385 0.830460 0.624038 0.821839 0.629808
0 0.242816 0.643269 0.236351 0.638462 0.236351 0.634615 0.241379 0.629808 0.247845 0.634615 0.247845 0.638462 0.242816 0.643269
0 0.293103 0.691346 0.275862 0.691346 0.267960 0.684615 0.260776 0.663462 0.263649 0.650000 0.267241 0.645192 0.280172 0.647115 0.296695 0.661538 0.295259 0.667308 0.298132 0.673077 0.298132 0.682692 0.293103 0.691346
0 0.300287 0.927885 0.291667 0.925962 0.285201 0.917308 0.280891 0.900000 0.283764 0.876923 0.290230 0.862500 0.300287 0.864423 0.312500 0.886538 0.313937 0.907692 0.308190 0.919231 0.300287 0.927885
0 0.076868 0.000000 0.061782 0.012500 0.056034 0.012500 0.049569 0.000000
0 0.086925 0.000000 0.092672 0.007692 0.092672 0.019231 0.078305 0.036538 0.076149 0.045192 0.070402 0.045192 0.067529 0.049038 0.058908 0.047115 0.053879 0.038462 0.053879 0.025000 0.058190 0.021154 0.060345 0.012500 0.066092 0.010577 0.076868 0.000000
0 0.725575 0.960577 0.716954 0.956731 0.710489 0.948077 0.707615 0.938462 0.707615 0.934615 0.719828 0.920192 0.742816 0.912500 0.751437 0.916346 0.759339 0.926923 0.759339 0.940385 0.755747 0.945192 0.751437 0.949038 0.739943 0.950962 0.725575 0.960577
0 0.261494 0.122115 0.252874 0.122115 0.250718 0.119231 0.249282 0.109615 0.252155 0.101923 0.271552 0.074038 0.281609 0.066346 0.288793 0.066346 0.292385 0.075000 0.288075 0.092308 0.275862 0.112500 0.261494 0.122115
0 0.341954 0.662500 0.331897 0.662500 0.322557 0.653846 0.322557 0.628846 0.329023 0.622115 0.339080 0.620192 0.349138 0.625962 0.354167 0.636538 0.354167 0.651923 0.349138 0.658654 0.344828 0.658654 0.341954 0.662500
0 0.097701 0.231731 0.087644 0.229808 0.078305 0.221154 0.081178 0.205769 0.096264 0.187500 0.110632 0.181731 0.122126 0.183654 0.128592 0.192308 0.127155 0.205769 0.112069 0.224038 0.097701 0.231731
0 0.916667 0.793269 0.909483 0.789423 0.904454 0.782692 0.901580 0.763462 0.910920 0.745192 0.919540 0.737500 0.926724 0.737500 0.940374 0.748077 0.943247 0.759615 0.938937 0.775000 0.933908 0.783654 0.916667 0.793269
0 0.581897 0.616346 0.566092 0.614423 0.555316 0.605769 0.555316 0.594231 0.561782 0.581731 0.580460 0.583654 0.588362 0.594231 0.589799 0.605769 0.581897 0.616346
0 0.127874 0.835577 0.119971 0.828846 0.111351 0.801923 0.112787 0.776923 0.119253 0.770192 0.128592 0.780769 0.138649 0.801923 0.138649 0.807692 0.135057 0.808654 0.127874 0.793269 0.122845 0.796154 0.125718 0.823077 0.128592 0.828846 0.127874 0.835577
0 0.511494 0.766346 0.500000 0.764423 0.494971 0.753846 0.494971 0.740385 0.500718 0.726923 0.500718 0.711538 0.508621 0.704808 0.517241 0.708654 0.528017 0.726923 0.528017 0.744231 0.511494 0.766346
0 0.397989 0.887500 0.387931 0.887500 0.374282 0.873077 0.369971 0.859615 0.369971 0.851923 0.373563 0.845192 0.386494 0.849038 0.405891 0.863462 0.407328 0.875000 0.404454 0.882692 0.397989 0.887500
0 0.008621 0.322115 0.002874 0.322115 0.000718 0.319231 0.003592 0.284615 0.007184 0.279808 0.015805 0.279808 0.020833 0.288462 0.019397 0.303846 0.016523 0.313462 0.008621 0.322115
0 0.000000 0.977885 0.005747 0.968269 0.012931 0.968269 0.026580 0.982692 0.030891 0.998077
0 0.688218 0.924038 0.678161 0.922115 0.671695 0.915385 0.671695 0.886538 0.674569 0.878846 0.688218 0.860577 0.696839 0.856731 0.706897 0.856731 0.716236 0.867308 0.714799 0.888462 0.707615 0.903846 0.688218 0.924038
0 0.633621 0.797115 0.626437 0.797115 0.621408 0.790385 0.621408 0.784615 0.626437 0.779808 0.630747 0.781731 0.633621 0.777885 0.638649 0.784615 0.638649 0.790385 0.633621 0.797115
0 0.152299 0.585577 0.142241 0.585577 0.137213 0.569231 0.146552 0.558654 0.159483 0.554808 0.163075 0.565385 0.158764 0.578846 0.152299 0.585577
0 0.856322 0.204808 0.847701 0.204808 0.831897 0.199038 0.819684 0.180769 0.821121 0.165385 0.834770 0.154808 0.837644 0.158654 0.849138 0.158654 0.862069 0.166346 0.868534 0.175000 0.869971 0.186538 0.868534 0.192308 0.856322 0.204808
0 0.705460 0.168269 0.695402 0.168269 0.681034 0.158654 0.673132 0.146154 0.674569 0.132692 0.682471 0.125962 0.693966 0.125962 0.708333 0.133654 0.713362 0.140385 0.714799 0.157692 0.705460 0.168269
0 0.441092 0.108654 0.436063 0.105769 0.438218 0.099038 0.443247 0.101923 0.441092 0.108654
0 0.000000 0.399038 0.005747 0.400962 0.009339 0.405769 0.005747 0.414423 0.000000 0.416346
0 0.152299 0.685577 0.141523 0.671154 0.140086 0.661538 0.140086 0.657692 0.147989 0.645192 0.156609 0.645192 0.161638 0.655769 0.161638 0.665385 0.155891 0.673077 0.155891 0.680769 0.152299 0.685577
0 0.336207 0.279808 0.327586 0.279808 0.320402 0.264423 0.311782 0.266346 0.308190 0.261538 0.311063 0.251923 0.314655 0.247115 0.318966 0.247115 0.323276 0.239423 0.326868 0.242308 0.329023 0.249038 0.337644 0.243269 0.341236 0.246154 0.345546 0.273077 0.336207 0.279808
0 0.416667 0.489423 0.403736 0.489423 0.387931 0.479808 0.381466 0.467308 0.381466 0.457692 0.385057 0.452885 0.395115 0.449038 0.408046 0.452885 0.419540 0.460577 0.423132 0.467308 0.423132 0.478846 0.416667 0.489423
0 0.866379 0.368269 0.847701 0.366346 0.830460 0.358654 0.821121 0.350000 0.816810 0.336538 0.821839 0.329808 0.836207 0.327885 0.840517 0.331731 0.849138 0.331731 0.864943 0.337500 0.877155 0.350000 0.877155 0.361538 0.866379 0.368269
0 0.538793 0.820192 0.530172 0.816346 0.522270 0.800000 0.526580 0.778846 0.537356 0.768269 0.543103 0.770192 0.548132 0.776923 0.553879 0.798077 0.552443 0.807692 0.545977 0.816346 0.538793 0.820192
0 0.146552 0.641346 0.140805 0.641346 0.132902 0.630769 0.130029 0.623077 0.130029 0.613462 0.139368 0.600962 0.150862 0.599038 0.161638 0.607692 0.163075 0.625000 0.155172 0.637500 0.146552 0.641346
0 0.170977 0.356731 0.159483 0.354808 0.147270 0.340385 0.145833 0.328846 0.152299 0.320192 0.160920 0.316346 0.172414 0.316346 0.181753 0.326923 0.181753 0.340385 0.170977 0.356731
0 0.501437 0.518269 0.497126 0.518269 0.490661 0.509615 0.494253 0.499038 0.500000 0.495192 0.512931 0.495192 0.520833 0.500000 0.520833 0.505769 0.512931 0.514423 0.505747 0.514423 0.501437 0.518269
0 0.774425 0.068269 0.765805 0.066346 0.755029 0.055769 0.749282 0.040385 0.749282 0.030769 0.751437 0.027885 0.762931 0.025962 0.771552 0.029808 0.780891 0.040385 0.783764 0.048077 0.783764 0.059615 0.774425 0.068269
0 0.791667 0.249038 0.783046 0.245192 0.773707 0.234615 0.769397 0.225000 0.769397 0.209615 0.772270 0.200000 0.778736 0.193269 0.791667 0.193269 0.801724 0.200962 0.808190 0.211538 0.808190 0.228846 0.800287 0.241346 0.791667 0.249038
0 0.133621 0.429808 0.120690 0.427885 0.107040 0.419231 0.105603 0.401923 0.112069 0.391346 0.132184 0.387500 0.143678 0.395192 0.148707 0.401923 0.148707 0.419231 0.140805 0.427885 0.133621 0.429808
0 0.081897 0.431731 0.076149 0.431731 0.073994 0.428846 0.065374 0.409615 0.067529 0.402885 0.084770 0.406731 0.092672 0.413462 0.091236 0.428846 0.081897 0.431731
0 0.998563 0.512500 0.992816 0.512500 0.982759 0.504808 0.970546 0.484615 0.967672 0.473077 0.972701 0.464423 0.978448 0.464423 0.998563 0.479808
0 0.614224 0.998077 0.616379 0.993269 0.623563 0.993269 0.625718 0.998077
0 0.734195 0.108654 0.722701 0.106731 0.708333 0.097115 0.701868 0.088462 0.700431 0.076923 0.709770 0.066346 0.721264 0.066346 0.737069 0.075962 0.743534 0.084615 0.746408 0.094231 0.738506 0.106731 0.734195 0.108654
0 0.158046 0.506731 0.146552 0.506731 0.140805 0.502885 0.130029 0.486538 0.130029 0.480769 0.140805 0.472115 0.153736 0.472115 0.168103 0.477885 0.170259 0.480769 0.171695 0.496154 0.166667 0.504808 0.158046 0.506731
0 0.482759 0.481731 0.464080 0.481731 0.456178 0.473077 0.454741 0.465385 0.464080 0.445192 0.478448 0.439423 0.481322 0.443269 0.488506 0.441346 0.494971 0.448077 0.496408 0.463462 0.482759 0.481731
0 0.998563 0.202885 0.984195 0.202885 0.979167 0.196154 0.977730 0.186538 0.979167 0.176923 0.984195 0.170192 0.998563 0.168269
0 0.043103 0.429808 0.039511 0.428846 0.037356 0.420192 0.014368 0.406731 0.005029 0.394231 0.005029 0.388462 0.010057 0.379808 0.034483 0.375962 0.045977 0.383654 0.050287 0.383654 0.062500 0.394231 0.062500 0.400000 0.069684 0.419231 0.050287 0.424038 0.043103 0.429808
0 0.896552 0.147115 0.877874 0.147115 0.869253 0.139423 0.862069 0.137500 0.852730 0.125000 0.854167 0.109615 0.863506 0.102885 0.876437 0.102885 0.903736 0.120192 0.905891 0.123077 0.904454 0.136538 0.896552 0.147115
0 0.818966 0.477885 0.807471 0.477885 0.801006 0.469231 0.798132 0.457692 0.798132 0.440385 0.801006 0.432692 0.806034 0.427885 0.814655 0.427885 0.825431 0.450000 0.826868 0.467308 0.818966 0.477885
0 0.635057 0.743269 0.625000 0.741346 0.621408 0.736538 0.618534 0.715385 0.623563 0.706731 0.646552 0.706731 0.653017 0.715385 0.653017 0.732692 0.647989 0.739423 0.637931 0.739423 0.635057 0.743269
0 0.449713 0.464423 0.432471 0.460577 0.428879 0.453846 0.428879 0.442308 0.436782 0.431731 0.451149 0.425962 0.461207 0.412500 0.469828 0.412500 0.479167 0.425000 0.480603 0.432692 0.477011 0.439423 0.464080 0.445192 0.460489 0.450000 0.459052 0.457692 0.456897 0.460577 0.454023 0.458654 0.449713 0.464423
0 0.699713 0.762500 0.688218 0.758654 0.674569 0.740385 0.673132 0.728846 0.678161 0.718269 0.708333 0.722115 0.713362 0.728846 0.714799 0.740385 0.711925 0.751923 0.699713 0.762500
0 0.000000 0.614423 0.008621 0.600962 0.027299 0.589423 0.031609 0.591346 0.039511 0.605769 0.038075 0.621154 0.021552 0.641346 0.012931 0.645192 0.000000 0.641346
0 0.159483 0.724038 0.151580 0.719231 0.154454 0.696154 0.166667 0.687500 0.171695 0.694231 0.171695 0.700000 0.163075 0.709615 0.163075 0.719231 0.159483 0.724038
0 0.074713 0.347115 0.063218 0.347115 0.052443 0.336538 0.053879 0.313462 0.066092 0.299038 0.084770 0.297115 0.095546 0.305769 0.095546 0.326923 0.090517 0.335577 0.074713 0.347115
0 0.721264 0.625962 0.715517 0.625962 0.706897 0.620192 0.703305 0.615385 0.703305 0.603846 0.707615 0.592308 0.715517 0.581731 0.721264 0.577885 0.731322 0.577885 0.739224 0.586538 0.740661 0.601923 0.731322 0.620192 0.725575 0.620192 0.721264 0.625962
0 0.063218 0.654808 0.053161 0.654808 0.049569 0.650000 0.046695 0.640385 0.048132 0.626923 0.061782 0.604808 0.067529 0.599038 0.074713 0.597115 0.079741 0.603846 0.081178 0.623077 0.075431 0.638462 0.063218 0.654808
0 0.922414 0.524038 0.906609 0.524038 0.888649 0.500000 0.884339 0.484615 0.889368 0.474038 0.902299 0.474038 0.906609 0.481731 0.912356 0.483654 0.920259 0.492308 0.926006 0.503846 0.926006 0.519231 0.922414 0.524038
0 0.808190 0.000000 0.803161 0.006731 0.797414 0.006731 0.789511 0.000000
0 0.000000 0.524038 0.012213 0.538462 0.010057 0.550962 0.007184 0.554808 0.000000 0.554808
0 0.596264 0.095192 0.593391 0.095192 0.588362 0.088462 0.582615 0.073077 0.584052 0.055769 0.591236 0.040385 0.591236 0.032692 0.593391 0.029808 0.599138 0.029808 0.604885 0.035577 0.611351 0.050000 0.611351 0.063462 0.604167 0.075000 0.602730 0.086538 0.596264 0.095192
0 0.081897 0.975962 0.066092 0.974038 0.059626 0.965385 0.059626 0.955769 0.066092 0.947115 0.074713 0.941346 0.083333 0.937500 0.097701 0.937500 0.108477 0.951923 0.107040 0.963462 0.097701 0.972115 0.093391 0.970192 0.081897 0.975962
0 0.691092 0.547115 0.685345 0.545192 0.680316 0.536538 0.684626 0.519231 0.695402 0.504808 0.706897 0.497115 0.715517 0.497115 0.719109 0.503846 0.719109 0.511538 0.714799 0.526923 0.701149 0.541346 0.691092 0.547115
0 0.000000 0.479808 0.005747 0.477885 0.022989 0.483654 0.030891 0.494231 0.032328 0.509615 0.025862 0.518269 0.008621 0.520192 0.000000 0.508654
0 0.853448 0.716346 0.840517 0.714423 0.826149 0.704808 0.819684 0.694231 0.819684 0.682692 0.829023 0.674038 0.850575 0.679808 0.861351 0.694231 0.859914 0.711538 0.853448 0.716346
0 0.709770 0.470192 0.695402 0.470192 0.690374 0.461538 0.690374 0.448077 0.693247 0.438462 0.699713 0.427885 0.706897 0.424038 0.712644 0.424038 0.720546 0.432692 0.719109 0.453846 0.709770 0.470192
0 0.301006 0.000000 0.294540 0.006731 0.283764 0.000000
0 0.000000 0.004808 0.008621 0.002885 0.012213 0.007692 0.010776 0.023077 0.000000 0.045192
0 0.504310 0.991346 0.488506 0.989423 0.479167 0.978846 0.473420 0.967308 0.471983 0.938462 0.476293 0.921154 0.482759 0.914423 0.491379 0.912500 0.497845 0.919231 0.507902 0.938462 0.509339 0.950000 0.515086 0.959615 0.515086 0.980769 0.504310 0.991346
0 0.294540 0.362500 0.285920 0.360577 0.276580 0.351923 0.278017 0.340385 0.283046 0.333654 0.304598 0.316346 0.314655 0.316346 0.328305 0.323077 0.329741 0.332692 0.320402 0.347115 0.310345 0.356731 0.294540 0.362500
0 0.788793 0.481731 0.772270 0.465385 0.763649 0.444231 0.763649 0.428846 0.768678 0.418269 0.775862 0.420192 0.782328 0.438462 0.798132 0.453846 0.801006 0.469231 0.788793 0.481731
0 0.574713 0.516346 0.558908 0.512500 0.552443 0.503846 0.552443 0.480769 0.563218 0.470192 0.579023 0.472115 0.586207 0.475962 0.591236 0.482692 0.591236 0.494231 0.586925 0.507692 0.581897 0.514423 0.574713 0.516346
0 0.681753 0.998077 0.691092 0.985577 0.702586 0.989423 0.706178 0.998077
0 0.372126 0.275962 0.359195 0.272115 0.349138 0.258654 0.344828 0.258654 0.341236 0.253846 0.341236 0.246154 0.334052 0.234615 0.332615 0.226923 0.341954 0.214423 0.354885 0.216346 0.360632 0.220192 0.378592 0.244231 0.381466 0.251923 0.381466 0.265385 0.372126 0.275962
0 0.031609 0.797115 0.025862 0.797115 0.019397 0.788462 0.012213 0.769231 0.015086 0.732692 0.020115 0.724038 0.030172 0.725962 0.036638 0.740385 0.036638 0.788462 0.031609 0.797115
0 0.985632 0.456731 0.975575 0.454808 0.964080 0.447115 0.956178 0.436538 0.956178 0.426923 0.965517 0.418269 0.974138 0.418269 0.987069 0.424038 0.994971 0.434615 0.996408 0.444231 0.991379 0.452885 0.985632 0.456731
0 0.237069 0.631731 0.227730 0.621154 0.220546 0.598077 0.216236 0.567308 0.216236 0.557692 0.219828 0.550962 0.233477 0.565385 0.239224 0.578846 0.240661 0.590385 0.246408 0.601923 0.247845 0.621154 0.237069 0.631731
0 0.392241 0.225962 0.377874 0.220192 0.367098 0.207692 0.362787 0.198077 0.362787 0.188462 0.370690 0.177885 0.387931 0.177885 0.407328 0.198077 0.404454 0.217308 0.392241 0.225962
0 0.402299 0.408654 0.383621 0.406731 0.371408 0.392308 0.372845 0.378846 0.386494 0.362500 0.402299 0.366346 0.411638 0.375000 0.413075 0.398077 0.402299 0.408654
0 0.877874 0.552885 0.866379 0.552885 0.863506 0.549038 0.849138 0.543269 0.842672 0.534615 0.842672 0.523077 0.846264 0.518269 0.859195 0.518269 0.867816 0.524038 0.873563 0.522115 0.879310 0.525962 0.885776 0.534615 0.887213 0.544231 0.877874 0.552885
0 0.387931 0.570192 0.373563 0.570192 0.362069 0.566346 0.355603 0.557692 0.355603 0.546154 0.363506 0.537500 0.369253 0.537500 0.372126 0.533654 0.387931 0.533654 0.397989 0.527885 0.408764 0.544231 0.410201 0.551923 0.405172 0.564423 0.387931 0.570192
0 0.165230 0.754808 0.142241 0.745192 0.137213 0.738462 0.132902 0.730769 0.134339 0.711538 0.137931 0.706731 0.145115 0.704808 0.150862 0.695192 0.153736 0.695192 0.154454 0.703846 0.151580 0.719231 0.159483 0.724038 0.163075 0.719231 0.163075 0.709615 0.171695 0.700000 0.171695 0.694231 0.167385 0.688462 0.169540 0.685577 0.176724 0.693269 0.189655 0.691346 0.196839 0.697115 0.206178 0.713462 0.206178 0.728846 0.196839 0.737500 0.188218 0.735577 0.174569 0.713462 0.170977 0.712500 0.165948 0.719231 0.165948 0.725000 0.170259 0.730769 0.171695 0.748077 0.165230 0.754808
0 0.623563 0.756731 0.620690 0.752885 0.614943 0.754808 0.609195 0.747115 0.604885 0.747115 0.601293 0.736538 0.601293 0.725000 0.607759 0.716346 0.611351 0.715385 0.608477 0.707692 0.611351 0.705769 0.611351 0.700000 0.616379 0.697115 0.626437 0.697115 0.632902 0.703846 0.632184 0.706731 0.623563 0.706731 0.618534 0.715385 0.621408 0.736538 0.625000 0.741346 0.632184 0.741346 0.634339 0.744231 0.627874 0.754808 0.623563 0.756731
0 0.179598 0.300962 0.174569 0.298077 0.178161 0.291346 0.183190 0.294231 0.179598 0.300962
0 0.045977 0.466346 0.032328 0.455769 0.035201 0.432692 0.050287 0.424038 0.070402 0.420192 0.075431 0.430769 0.073994 0.446154 0.071121 0.451923 0.061782 0.460577 0.053161 0.460577 0.045977 0.466346
