0 0.542969 0.705078 0.519531 0.701172 0.498047 0.675781 0.501953 0.652344 0.527344 0.630859 0.550781 0.630859 0.576172 0.656250 0.576172 0.679688 0.554688 0.701172 0.542969 0.705078
0 0.808594 0.330078 0.781250 0.326172 0.777344 0.310547 0.759766 0.304688 0.757812 0.271484 0.802734 0.285156 0.814453 0.304688 0.814453 0.324219 0.808594 0.330078
0 0.761719 0.357422 0.742188 0.357422 0.716797 0.343750 0.705078 0.316406 0.707031 0.298828 0.746094 0.298828 0.775391 0.320312 0.775391 0.347656 0.761719 0.357422
0 0.261719 0.498047 0.230469 0.498047 0.216797 0.488281 0.208984 0.476562 0.208984 0.449219 0.214844 0.443359 0.261719 0.443359 0.275391 0.457031 0.279297 0.484375 0.273438 0.494141 0.261719 0.498047
0 0.132812 0.181641 0.113281 0.177734 0.095703 0.164062 0.095703 0.148438 0.113281 0.130859 0.128906 0.130859 0.146484 0.148438 0.146484 0.164062 0.132812 0.181641
0 0.707031 0.244141 0.687500 0.244141 0.681641 0.238281 0.681641 0.222656 0.673828 0.210938 0.675781 0.181641 0.718750 0.185547 0.728516 0.195312 0.728516 0.230469 0.707031 0.244141
0 0.996094 0.966797 0.970703 0.949219 0.978516 0.914062 0.996094 0.908203
0 0.126953 0.000000 0.126953 0.015625 0.111328 0.042969 0.089844 0.052734 0.070312 0.052734 0.056641 0.039062 0.052734 0.015625 0.060547 0.000000
0 0.773438 0.384766 0.757812 0.384766 0.740234 0.359375 0.777344 0.349609 0.783203 0.375000 0.773438 0.384766
0 0.660156 0.568359 0.636719 0.568359 0.626953 0.558594 0.611328 0.539062 0.607422 0.511719 0.621094 0.498047 0.652344 0.482422 0.671875 0.482422 0.693359 0.496094 0.701172 0.519531 0.689453 0.546875 0.660156 0.568359
0 0.048828 0.000000 0.044922 0.031250 0.035156 0.044922 0.000000 0.044922
