0 0.583333 0.806944 0.555556 0.804167 0.536111 0.793056 0.526389 0.780556 0.518056 0.750000 0.523611 0.683333 0.545833 0.644444 0.561111 0.631944 0.577778 0.623611 0.608333 0.623611 0.630556 0.637500 0.651389 0.658333 0.654167 0.683333 0.645833 0.700000 0.623611 0.719444 0.623611 0.777778 0.608333 0.798611 0.583333 0.806944
0 0.147222 0.987500 0.091667 0.987500 0.041667 0.968056 0.026389 0.955556 0.015278 0.936111 0.018056 0.905556 0.044444 0.884722 0.066667 0.884722 0.100000 0.895833 0.130556 0.895833 0.213889 0.884722 0.236111 0.893056 0.254167 0.908333 0.265278 0.941667 0.259722 0.955556 0.247222 0.968056 0.211111 0.981944 0.147222 0.987500
0 0.876389 0.000000 0.870833 0.016667 0.841667 0.040278 0.783333 0.045833 0.761111 0.056944 0.752778 0.056944 0.738889 0.048611 0.723611 0.030556 0.720833 0.013889 0.729167 0.000000
0 0.633333 0.554167 0.619444 0.554167 0.602778 0.545833 0.581944 0.519444 0.581944 0.469444 0.576389 0.450000 0.570833 0.444444 0.570833 0.408333 0.600000 0.376389 0.613889 0.370833 0.638889 0.373611 0.655556 0.381944 0.679167 0.405556 0.690278 0.430556 0.690278 0.477778 0.684722 0.497222 0.656944 0.538889 0.647222 0.548611 0.633333 0.554167
0 0.000000 0.640278 0.006944 0.650000 0.015278 0.686111 0.012500 0.727778 0.006944 0.741667 0.000000 0.745833
0 0.997222 0.723611 0.975000 0.737500 0.958333 0.737500 0.941667 0.731944 0.934722 0.722222 0.934722 0.688889 0.940278 0.672222 0.951389 0.650000 0.970833 0.627778 0.976389 0.611111 0.997222 0.593056
0 0.211111 0.562500 0.191667 0.559722 0.158333 0.537500 0.127778 0.523611 0.109722 0.502778 0.106944 0.486111 0.112500 0.480556 0.120833 0.450000 0.144444 0.429167 0.202778 0.406944 0.258333 0.406944 0.269444 0.412500 0.287500 0.433333 0.293056 0.447222 0.290278 0.469444 0.284722 0.475000 0.279167 0.497222 0.248611 0.541667 0.227778 0.556944 0.211111 0.562500
0 0.659722 0.997222 0.662500 0.972222 0.656944 0.961111 0.659722 0.944444 0.665278 0.933333 0.691667 0.912500 0.711111 0.912500 0.723611 0.922222 0.731944 0.938889 0.759722 0.969444 0.773611 0.997222
0 0.450000 0.859722 0.430556 0.859722 0.425000 0.854167 0.416667 0.854167 0.400000 0.840278 0.375000 0.829167 0.362500 0.813889 0.354167 0.794444 0.356944 0.772222 0.375000 0.748611 0.430556 0.723611 0.469444 0.723611 0.486111 0.729167 0.498611 0.741667 0.512500 0.780556 0.512500 0.808333 0.506944 0.822222 0.469444 0.854167 0.450000 0.859722
0 0.113889 0.326389 0.091667 0.326389 0.065278 0.302778 0.048611 0.263889 0.045833 0.233333 0.048611 0.216667 0.066667 0.190278 0.105556 0.165278 0.125000 0.165278 0.145833 0.183333 0.162500 0.211111 0.162500 0.247222 0.156944 0.272222 0.143056 0.302778 0.113889 0.326389
0 0.366667 0.665278 0.338889 0.665278 0.327778 0.659722 0.315278 0.650000 0.304167 0.625000 0.304167 0.575000 0.309722 0.544444 0.320833 0.519444 0.347222 0.495833 0.377778 0.498611 0.395833 0.513889 0.412500 0.541667 0.423611 0.580556 0.418056 0.619444 0.406944 0.638889 0.391667 0.654167 0.366667 0.665278
0 0.000000 0.373611 0.006944 0.386111 0.006944 0.411111 0.000000 0.418056
0 0.522222 0.381944 0.497222 0.381944 0.447222 0.354167 0.429167 0.336111 0.420833 0.313889 0.418056 0.277778 0.431944 0.213889 0.448611 0.183333 0.469444 0.170833 0.491667 0.170833 0.525000 0.187500 0.545833 0.213889 0.562500 0.252778 0.573611 0.300000 0.570833 0.344444 0.550000 0.370833 0.522222 0.381944
0 0.516667 0.781944 0.506944 0.772222 0.508333 0.759722 0.513889 0.759722 0.520833 0.769444 0.516667 0.781944
0 0.863889 0.395833 0.819444 0.393056 0.788889 0.384722 0.736111 0.354167 0.725000 0.354167 0.706944 0.327778 0.704167 0.302778 0.722222 0.284722 0.744444 0.281944 0.802778 0.312500 0.827778 0.320833 0.847222 0.334722 0.863889 0.337500 0.891667 0.351389 0.898611 0.358333 0.898611 0.375000 0.883333 0.390278 0.863889 0.395833
0 0.290278 0.000000 0.301389 0.038889 0.301389 0.058333 0.287500 0.097222 0.275000 0.115278 0.261111 0.123611 0.230556 0.123611 0.213889 0.115278 0.181944 0.077778 0.170833 0.044444 0.170833 0.027778 0.181944 0.000000
0 0.997222 0.540278 0.961111 0.540278 0.913889 0.520833 0.898611 0.508333 0.901389 0.483333 0.930556 0.448611 0.961111 0.431944 0.977778 0.431944 0.997222 0.440278
0 0.662500 0.000000 0.633333 0.023611 0.605556 0.023611 0.587500 0.008333 0.584722 0.000000
