0 0.472656 0.970703 0.433594 0.966797 0.427734 0.960938 0.427734 0.941406 0.441406 0.927734 0.464844 0.927734 0.482422 0.945312 0.482422 0.960938 0.472656 0.970703
0 0.300781 0.314453 0.285156 0.314453 0.275391 0.304688 0.275391 0.289062 0.292969 0.267578 0.308594 0.263672 0.318359 0.273438 0.318359 0.289062 0.300781 0.314453
0 0.892578 0.996094 0.892578 0.960938 0.906250 0.947266 0.925781 0.947266 0.931641 0.953125 0.931641 0.968750 0.919922 0.996094
0 0.812500 0.873047 0.794922 0.867188 0.791016 0.843750 0.812500 0.814453 0.828125 0.814453 0.837891 0.824219 0.837891 0.847656 0.812500 0.873047
0 0.437500 0.931641 0.419922 0.921875 0.419922 0.906250 0.441406 0.888672 0.468750 0.888672 0.478516 0.898438 0.478516 0.910156 0.460938 0.927734 0.437500 0.931641
0 0.601562 0.408203 0.585938 0.408203 0.580078 0.402344 0.580078 0.375000 0.593750 0.357422 0.605469 0.357422 0.615234 0.367188 0.611328 0.398438 0.601562 0.408203
0 0.835938 0.228516 0.820312 0.224609 0.806641 0.210938 0.806641 0.195312 0.828125 0.177734 0.859375 0.177734 0.865234 0.183594 0.865234 0.207031 0.835938 0.228516
0 0.921875 0.771484 0.904297 0.765625 0.904297 0.734375 0.912109 0.718750 0.925781 0.708984 0.947266 0.726562 0.947266 0.746094 0.921875 0.771484
0 0.921875 0.564453 0.898438 0.564453 0.880859 0.539062 0.884766 0.511719 0.914062 0.490234 0.925781 0.490234 0.947266 0.515625 0.939453 0.546875 0.921875 0.564453
0 0.996094 0.283203 0.974609 0.269531 0.978516 0.246094 0.996094 0.240234
0 0.164062 0.904297 0.125000 0.904297 0.103516 0.886719 0.103516 0.878906 0.128906 0.853516 0.152344 0.841797 0.191406 0.841797 0.205078 0.855469 0.201172 0.878906 0.164062 0.904297
0 0.906250 0.083984 0.886719 0.080078 0.880859 0.062500 0.898438 0.044922 0.929688 0.041016 0.943359 0.054688 0.943359 0.066406 0.925781 0.080078 0.906250 0.083984
0 0.210938 0.611328 0.195312 0.611328 0.185547 0.601562 0.185547 0.574219 0.199219 0.560547 0.210938 0.560547 0.224609 0.578125 0.224609 0.593750 0.210938 0.611328
0 0.691406 0.087891 0.671875 0.087891 0.662109 0.070312 0.687500 0.037109 0.707031 0.037109 0.716797 0.058594 0.691406 0.087891
0 0.609375 0.646484 0.570312 0.642578 0.560547 0.632812 0.560547 0.617188 0.582031 0.603516 0.617188 0.607422 0.626953 0.628906 0.609375 0.646484
0 0.191406 0.294922 0.183594 0.294922 0.169922 0.281250 0.162109 0.265625 0.162109 0.242188 0.167969 0.236328 0.183594 0.240234 0.197266 0.257812 0.201172 0.285156 0.191406 0.294922
