0 0.054167 0.000000 0.054167 0.011111 0.044444 0.020833 0.033333 0.020833 0.001389 0.000000
0 0.198611 0.000000 0.198611 0.033333 0.177778 0.043056 0.150000 0.040278 0.111111 0.026389 0.091667 0.015278 0.079167 0.000000
0 0.806944 0.997222 0.806944 0.986111 0.836111 0.965278 0.866667 0.965278 0.872222 0.970833 0.886111 0.970833 0.933333 0.990278 0.937500 0.997222
0 0.000000 0.923611 0.006944 0.927778 0.018056 0.955556 0.015278 0.988889 0.011111 0.993056 0.000000 0.993056
0 0.800000 0.790278 0.766667 0.787500 0.752778 0.779167 0.713889 0.773611 0.666667 0.756944 0.654167 0.744444 0.648611 0.730556 0.654167 0.694444 0.663889 0.684722 0.691667 0.679167 0.736111 0.681944 0.794444 0.693056 0.826389 0.719444 0.834722 0.755556 0.829167 0.769444 0.813889 0.784722 0.800000 0.790278
0 0.388889 0.459722 0.355556 0.456944 0.330556 0.440278 0.302778 0.429167 0.281944 0.408333 0.273611 0.391667 0.276389 0.355556 0.308333 0.343056 0.341667 0.343056 0.375000 0.351389 0.400000 0.348611 0.416667 0.356944 0.434722 0.383333 0.434722 0.413889 0.423611 0.436111 0.388889 0.459722
0 0.000000 0.387500 0.022222 0.376389 0.061111 0.373611 0.093056 0.400000 0.101389 0.419444 0.090278 0.444444 0.069444 0.470833 0.027778 0.476389 0.000000 0.468056
0 0.725000 0.437500 0.708333 0.437500 0.676389 0.413889 0.673611 0.380556 0.681944 0.366667 0.713889 0.337500 0.736111 0.329167 0.777778 0.329167 0.788889 0.337500 0.804167 0.333333 0.802778 0.326389 0.791667 0.329167 0.722222 0.304167 0.697222 0.290278 0.681944 0.272222 0.679167 0.230556 0.695833 0.200000 0.711111 0.184722 0.733333 0.176389 0.752778 0.176389 0.761111 0.179167 0.776389 0.194444 0.784722 0.208333 0.790278 0.230556 0.843056 0.275000 0.848611 0.308333 0.838889 0.318056 0.827778 0.323611 0.813889 0.323611 0.806944 0.330556 0.827778 0.334722 0.830556 0.329167 0.856944 0.341667 0.856944 0.347222 0.865278 0.355556 0.868056 0.397222 0.852778 0.415278 0.836111 0.423611 0.763889 0.418056 0.744444 0.434722 0.725000 0.437500
0 0.158333 0.601389 0.141667 0.601389 0.137500 0.597222 0.137500 0.586111 0.155556 0.579167 0.162500 0.586111 0.162500 0.597222 0.158333 0.601389
0 0.605556 0.968056 0.575000 0.968056 0.558333 0.959722 0.531944 0.930556 0.506944 0.888889 0.495833 0.858333 0.495833 0.822222 0.508333 0.809722 0.561111 0.804167 0.580556 0.815278 0.615278 0.855556 0.637500 0.902778 0.637500 0.927778 0.629167 0.947222 0.605556 0.968056
0 0.997222 0.393056 0.984722 0.377778 0.984722 0.355556 0.997222 0.340278
0 0.000000 0.606944 0.030556 0.615278 0.044444 0.626389 0.054167 0.636111 0.065278 0.663889 0.062500 0.697222 0.052778 0.712500 0.019444 0.715278 0.008333 0.706944 0.000000 0.706944
0 0.644444 0.609722 0.630556 0.609722 0.611111 0.595833 0.581944 0.550000 0.581944 0.491667 0.590278 0.475000 0.605556 0.462500 0.650000 0.459722 0.676389 0.491667 0.701389 0.550000 0.701389 0.594444 0.688889 0.604167 0.644444 0.609722
0 0.423611 0.000000 0.409722 0.022222 0.391667 0.040278 0.366667 0.059722 0.341667 0.070833 0.316667 0.070833 0.286111 0.059722 0.270833 0.044444 0.268056 0.036111 0.268056 0.000000
0 0.333333 0.634722 0.311111 0.634722 0.291667 0.626389 0.254167 0.588889 0.245833 0.566667 0.245833 0.500000 0.277778 0.462500 0.294444 0.456944 0.308333 0.456944 0.341667 0.473611 0.376389 0.508333 0.381944 0.522222 0.387500 0.566667 0.379167 0.602778 0.363889 0.620833 0.333333 0.634722
0 0.997222 0.915278 0.980556 0.912500 0.947222 0.893056 0.937500 0.883333 0.926389 0.852778 0.926389 0.838889 0.941667 0.818056 0.963889 0.806944 0.997222 0.798611
0 0.997222 0.290278 0.983333 0.287500 0.970833 0.275000 0.956944 0.238889 0.962500 0.177778 0.977778 0.156944 0.997222 0.143056
0 0.119444 0.587500 0.072222 0.584722 0.037500 0.550000 0.037500 0.488889 0.050000 0.473611 0.069444 0.470833 0.075000 0.465278 0.119444 0.465278 0.144444 0.473611 0.176389 0.505556 0.181944 0.530556 0.176389 0.566667 0.150000 0.581944 0.119444 0.587500
0 0.486111 0.593056 0.458333 0.590278 0.422222 0.576389 0.398611 0.555556 0.387500 0.530556 0.387500 0.486111 0.393056 0.480556 0.393056 0.469444 0.400000 0.459722 0.422222 0.451389 0.430556 0.443056 0.463889 0.440278 0.488889 0.454167 0.506944 0.472222 0.523611 0.505556 0.526389 0.541667 0.520833 0.566667 0.502778 0.587500 0.486111 0.593056
0 0.865278 0.000000 0.858333 0.009722 0.819444 0.009722 0.804167 0.000000
0 0.030556 0.556944 0.019444 0.556944 0.012500 0.550000 0.012500 0.533333 0.016667 0.529167 0.033333 0.529167 0.037500 0.533333 0.037500 0.550000 0.030556 0.556944
0 0.701389 0.000000 0.704167 0.033333 0.694444 0.048611 0.677778 0.054167 0.622222 0.056944 0.588889 0.056944 0.566667 0.048611 0.551389 0.027778 0.543056 0.000000
0 0.444444 0.993056 0.422222 0.993056 0.391667 0.981944 0.370833 0.963889 0.354167 0.938889 0.354167 0.927778 0.340278 0.888889 0.340278 0.869444 0.351389 0.844444 0.372222 0.826389 0.405556 0.831944 0.429167 0.855556 0.443056 0.877778 0.459722 0.916667 0.462500 0.933333 0.468056 0.938889 0.468056 0.975000 0.452778 0.990278 0.444444 0.993056
0 0.145833 0.997222 0.150000 0.990278 0.180556 0.973611 0.213889 0.973611 0.227778 0.979167 0.234722 0.986111 0.237500 0.997222
0 0.600000 0.459722 0.561111 0.454167 0.538889 0.440278 0.513889 0.412500 0.493056 0.397222 0.481944 0.363889 0.481944 0.330556 0.490278 0.316667 0.505556 0.304167 0.550000 0.301389 0.575000 0.293056 0.613889 0.295833 0.662500 0.338889 0.668056 0.352778 0.668056 0.388889 0.662500 0.411111 0.633333 0.440278 0.600000 0.459722
