0 0.605469 0.091797 0.582031 0.091797 0.568359 0.082031 0.572266 0.066406 0.560547 0.015625 0.574219 0.001953 0.589844 0.001953 0.613281 0.013672 0.626953 0.031250 0.626953 0.054688 0.605469 0.091797
0 0.087891 0.000000 0.087891 0.027344 0.074219 0.041016 0.046875 0.041016 0.029297 0.015625 0.029297 0.000000
0 0.789062 0.259766 0.769531 0.259766 0.748047 0.246094 0.748047 0.218750 0.761719 0.197266 0.796875 0.208984 0.814453 0.234375 0.812500 0.248047 0.789062 0.259766
0 0.533203 0.996094 0.533203 0.988281 0.550781 0.966797 0.574219 0.966797 0.587891 0.980469 0.591797 0.996094
0 0.957031 0.412109 0.929688 0.412109 0.908203 0.390625 0.900391 0.378906 0.900391 0.363281 0.910156 0.349609 0.945312 0.345703 0.964844 0.353516 0.978516 0.367188 0.982422 0.394531 0.957031 0.412109
0 0.167969 0.904297 0.160156 0.904297 0.142578 0.886719 0.142578 0.867188 0.152344 0.853516 0.183594 0.849609 0.201172 0.875000 0.201172 0.890625 0.167969 0.904297
0 0.750000 0.115234 0.710938 0.111328 0.701172 0.101562 0.701172 0.074219 0.714844 0.064453 0.742188 0.068359 0.763672 0.097656 0.750000 0.115234
0 0.685547 0.000000 0.667969 0.025391 0.636719 0.021484 0.615234 0.000000
0 0.808594 0.560547 0.789062 0.560547 0.767578 0.531250 0.767578 0.500000 0.777344 0.486328 0.804688 0.482422 0.830078 0.503906 0.830078 0.542969 0.808594 0.560547
0 0.972656 0.244141 0.949219 0.244141 0.923828 0.230469 0.923828 0.218750 0.937500 0.201172 0.976562 0.197266 0.990234 0.207031 0.994141 0.222656 0.972656 0.244141
0 0.310547 0.996094 0.291016 0.976562 0.287109 0.937500 0.316406 0.916016 0.347656 0.919922 0.369141 0.949219 0.369141 0.968750 0.341797 0.996094
0 0.781250 0.990234 0.750000 0.990234 0.732422 0.972656 0.736328 0.941406 0.753906 0.923828 0.777344 0.927734 0.794922 0.945312 0.798828 0.964844 0.781250 0.990234
0 0.859375 0.458984 0.835938 0.455078 0.814453 0.421875 0.818359 0.394531 0.843750 0.376953 0.867188 0.384766 0.880859 0.406250 0.876953 0.441406 0.859375 0.458984
0 0.441406 0.962891 0.410156 0.958984 0.392578 0.941406 0.384766 0.917969 0.417969 0.880859 0.453125 0.876953 0.478516 0.898438 0.478516 0.925781 0.464844 0.947266 0.441406 0.962891
0 0.929688 0.814453 0.902344 0.806641 0.880859 0.785156 0.894531 0.759766 0.933594 0.759766 0.951172 0.773438 0.951172 0.792969 0.929688 0.814453
0 0.894531 0.896484 0.863281 0.896484 0.849609 0.878906 0.853516 0.847656 0.871094 0.833984 0.896484 0.855469 0.904297 0.871094 0.894531 0.896484
0 0.996094 0.521484 0.962891 0.507812 0.962891 0.472656 0.972656 0.462891 0.996094 0.458984
0 0.828125 0.181641 0.820312 0.181641 0.806641 0.164062 0.814453 0.132812 0.802734 0.117188 0.802734 0.089844 0.816406 0.076172 0.835938 0.076172 0.857422 0.101562 0.861328 0.156250 0.851562 0.169922 0.828125 0.181641
0 0.642578 0.996094 0.621094 0.982422 0.607422 0.964844 0.611328 0.925781 0.636719 0.908203 0.660156 0.916016 0.681641 0.945312 0.677734 0.976562 0.662109 0.996094
0 0.173828 0.996094 0.166016 0.968750 0.187500 0.947266 0.203125 0.947266 0.220703 0.960938 0.216797 0.996094
0 0.970703 0.000000 0.966797 0.015625 0.929688 0.044922 0.914062 0.041016 0.900391 0.027344 0.904297 0.000000
