0 0.976562 0.095703 0.957031 0.087891 0.939453 0.062500 0.939453 0.054688 0.968750 0.033203 0.986328 0.042969 0.994141 0.066406 0.990234 0.082031 0.976562 0.095703
0 0.238281 0.158203 0.222656 0.154297 0.212891 0.144531 0.208984 0.109375 0.222656 0.080078 0.265625 0.076172 0.291016 0.097656 0.294922 0.132812 0.277344 0.154297 0.238281 0.158203
0 0.406250 0.404297 0.375000 0.392578 0.353516 0.371094 0.361328 0.347656 0.402344 0.322266 0.429688 0.337891 0.439453 0.351562 0.431641 0.390625 0.406250 0.404297
0 0.488281 0.306641 0.460938 0.302734 0.443359 0.281250 0.443359 0.253906 0.472656 0.224609 0.519531 0.232422 0.521484 0.257812 0.529297 0.269531 0.488281 0.306641
0 0.671875 0.298828 0.656250 0.294922 0.642578 0.281250 0.638672 0.250000 0.652344 0.228516 0.667969 0.220703 0.691406 0.220703 0.712891 0.242188 0.712891 0.273438 0.699219 0.291016 0.671875 0.298828
0 0.089844 0.224609 0.042969 0.216797 0.025391 0.199219 0.025391 0.183594 0.046875 0.166016 0.062500 0.166016 0.070312 0.158203 0.097656 0.158203 0.113281 0.166016 0.119141 0.183594 0.089844 0.224609
0 0.113281 0.419922 0.085938 0.416016 0.068359 0.394531 0.076172 0.367188 0.097656 0.341797 0.128906 0.345703 0.138672 0.355469 0.146484 0.386719 0.113281 0.419922
0 0.566406 0.283203 0.539062 0.279297 0.521484 0.257812 0.521484 0.234375 0.542969 0.212891 0.574219 0.212891 0.587891 0.234375 0.587891 0.261719 0.566406 0.283203
0 0.605469 0.236328 0.589844 0.236328 0.580078 0.218750 0.564453 0.207031 0.564453 0.199219 0.597656 0.173828 0.621094 0.173828 0.638672 0.191406 0.638672 0.199219 0.605469 0.236328
0 0.996094 0.888672 0.972656 0.904297 0.960938 0.904297 0.943359 0.890625 0.943359 0.882812 0.931641 0.871094 0.935547 0.843750 0.964844 0.814453 0.996094 0.833984
0 0.171875 0.294922 0.158203 0.289062 0.166016 0.277344 0.158203 0.246094 0.164062 0.236328 0.179688 0.236328 0.189453 0.246094 0.185547 0.281250 0.171875 0.294922
0 0.566406 0.115234 0.544922 0.105469 0.544922 0.089844 0.525391 0.066406 0.521484 0.046875 0.513672 0.039062 0.517578 0.027344 0.531250 0.017578 0.558594 0.021484 0.578125 0.041016 0.595703 0.046875 0.591797 0.082031 0.580078 0.105469 0.566406 0.115234
0 0.687500 0.158203 0.671875 0.158203 0.656250 0.146484 0.638672 0.125000 0.634766 0.109375 0.648438 0.080078 0.679688 0.068359 0.695312 0.068359 0.712891 0.085938 0.712891 0.105469 0.720703 0.117188 0.720703 0.132812 0.712891 0.144531 0.687500 0.158203
0 0.582031 0.732422 0.562500 0.728516 0.544922 0.710938 0.541016 0.679688 0.558594 0.662109 0.585938 0.662109 0.595703 0.679688 0.603516 0.710938 0.599609 0.722656 0.582031 0.732422
0 0.121094 0.900391 0.105469 0.896484 0.087891 0.875000 0.101562 0.845703 0.113281 0.845703 0.130859 0.859375 0.130859 0.886719 0.121094 0.900391
0 0.357422 0.000000 0.361328 0.019531 0.353516 0.039062 0.320312 0.064453 0.312500 0.064453 0.294922 0.039062 0.310547 0.000000
0 0.042969 0.947266 0.019531 0.947266 0.013672 0.941406 0.013672 0.890625 0.019531 0.884766 0.054688 0.884766 0.068359 0.906250 0.064453 0.925781 0.042969 0.947266
0 0.458984 0.000000 0.466797 0.011719 0.437500 0.041016 0.417969 0.041016 0.410156 0.033203 0.400391 0.023438 0.396484 0.000000
0 0.261719 0.306641 0.253906 0.306641 0.242188 0.294922 0.222656 0.302734 0.216797 0.296875 0.216797 0.281250 0.234375 0.263672 0.253906 0.259766 0.271484 0.277344 0.271484 0.296875 0.261719 0.306641
0 0.574219 0.380859 0.554688 0.380859 0.539062 0.373047 0.525391 0.355469 0.525391 0.335938 0.533203 0.320312 0.554688 0.302734 0.589844 0.306641 0.611328 0.335938 0.607422 0.363281 0.597656 0.373047 0.574219 0.380859
0 0.476562 0.166016 0.449219 0.158203 0.443359 0.140625 0.427734 0.125000 0.431641 0.085938 0.445312 0.076172 0.472656 0.083984 0.486328 0.097656 0.498047 0.125000 0.494141 0.144531 0.476562 0.166016
0 0.000000 0.974609 0.015625 0.982422 0.021484 0.996094
0 0.425781 0.232422 0.410156 0.232422 0.398438 0.220703 0.351562 0.228516 0.330078 0.203125 0.326172 0.183594 0.333984 0.160156 0.371094 0.134766 0.386719 0.138672 0.402344 0.154297 0.437500 0.158203 0.455078 0.183594 0.455078 0.218750 0.445312 0.228516 0.425781 0.232422
0 0.861328 0.000000 0.861328 0.011719 0.851562 0.025391 0.816406 0.044922 0.777344 0.021484 0.763672 0.000000
0 0.080078 0.000000 0.062500 0.001953 0.050781 0.013672 0.021484 0.000000
0 0.574219 0.193359 0.542969 0.193359 0.529297 0.179688 0.529297 0.152344 0.535156 0.146484 0.558594 0.134766 0.574219 0.134766 0.599609 0.152344 0.599609 0.164062 0.574219 0.193359
