0 0.532813 0.996094 0.529687 0.980469 0.535937 0.972656 0.535937 0.960938 0.556250 0.943359 0.587500 0.943359 0.614062 0.972656 0.614062 0.996094
0 0.748437 0.996094 0.768750 0.962891 0.800000 0.962891 0.814063 0.996094
0 0.681250 0.486328 0.671875 0.486328 0.667188 0.472656 0.678125 0.458984 0.687500 0.458984 0.692187 0.472656 0.681250 0.486328
0 0.368750 0.912109 0.328125 0.908203 0.317188 0.886719 0.317188 0.871094 0.328125 0.857422 0.340625 0.865234 0.348438 0.859375 0.348438 0.832031 0.359375 0.814453 0.370312 0.820312 0.375000 0.837891 0.387500 0.833984 0.392188 0.839844 0.392188 0.851562 0.385937 0.859375 0.392188 0.875000 0.392188 0.902344 0.368750 0.912109
0 0.932813 0.996094 0.939063 0.980469 0.932813 0.953125 0.942187 0.929688 0.946875 0.923828 0.962500 0.923828 0.967187 0.929688 0.970313 0.976562 0.960938 0.988281 0.960938 0.996094
0 0.820312 0.996094 0.820312 0.976562 0.831250 0.958984 0.865625 0.962891 0.889062 0.988281 0.889062 0.996094
0 0.996875 0.138672 0.984375 0.146484 0.953125 0.146484 0.942187 0.132812 0.942187 0.121094 0.959375 0.099609 0.978125 0.099609 0.996875 0.080078
0 0.909375 0.658203 0.875000 0.658203 0.857812 0.640625 0.848437 0.621094 0.848437 0.597656 0.875000 0.552734 0.884375 0.552734 0.890625 0.560547 0.906250 0.556641 0.914062 0.582031 0.945312 0.617188 0.945312 0.628906 0.937500 0.642578 0.909375 0.658203
0 0.781250 0.962891 0.743750 0.962891 0.732812 0.941406 0.732812 0.917969 0.742188 0.894531 0.742188 0.886719 0.732812 0.875000 0.732812 0.859375 0.753125 0.818359 0.767188 0.824219 0.770312 0.890625 0.789062 0.929688 0.789062 0.953125 0.781250 0.962891
0 0.412500 0.408203 0.403125 0.408203 0.387500 0.388672 0.362500 0.384766 0.342187 0.355469 0.335938 0.312500 0.346875 0.302734 0.353125 0.302734 0.365625 0.318359 0.373437 0.312500 0.373437 0.300781 0.354687 0.277344 0.359375 0.263672 0.368750 0.263672 0.378125 0.275391 0.384375 0.275391 0.393750 0.259766 0.400000 0.259766 0.404687 0.265625 0.401562 0.300781 0.423438 0.312500 0.423438 0.347656 0.435937 0.363281 0.439063 0.390625 0.431250 0.404297 0.412500 0.408203
0 0.281250 0.357422 0.243750 0.349609 0.234375 0.333984 0.221875 0.333984 0.204687 0.312500 0.201563 0.277344 0.215625 0.248047 0.256250 0.240234 0.267188 0.253906 0.270313 0.281250 0.281250 0.287109 0.298438 0.312500 0.292187 0.339844 0.281250 0.357422
0 0.500000 0.255859 0.487500 0.255859 0.476562 0.242188 0.473438 0.183594 0.482812 0.160156 0.482812 0.140625 0.457813 0.113281 0.451562 0.089844 0.468750 0.068359 0.484375 0.068359 0.495312 0.078125 0.498437 0.101562 0.509375 0.115234 0.550000 0.087891 0.573438 0.031250 0.581250 0.021484 0.593750 0.021484 0.614062 0.046875 0.610938 0.097656 0.620313 0.109375 0.614062 0.167969 0.604688 0.191406 0.590625 0.208984 0.571875 0.220703 0.537500 0.224609 0.500000 0.255859
0 0.840625 0.525391 0.829688 0.519531 0.829688 0.445312 0.834375 0.439453 0.843750 0.439453 0.857812 0.468750 0.854688 0.511719 0.840625 0.525391
0 0.825000 0.626953 0.793750 0.623047 0.782813 0.613281 0.782813 0.593750 0.773438 0.570312 0.776563 0.546875 0.784375 0.537109 0.800000 0.537109 0.835938 0.574219 0.832812 0.617188 0.825000 0.626953
0 0.850000 0.412109 0.815625 0.412109 0.798438 0.394531 0.814063 0.351562 0.829688 0.332031 0.826562 0.289062 0.837500 0.275391 0.850000 0.279297 0.865625 0.302734 0.878125 0.302734 0.892188 0.324219 0.892188 0.339844 0.879687 0.355469 0.873437 0.394531 0.850000 0.412109
0 0.093750 0.318359 0.075000 0.318359 0.056250 0.291016 0.037500 0.283203 0.020313 0.261719 0.023438 0.226562 0.031250 0.216797 0.071875 0.208984 0.081250 0.201172 0.117188 0.246094 0.117188 0.292969 0.093750 0.318359
0 0.937500 0.767578 0.900000 0.759766 0.889062 0.746094 0.879687 0.718750 0.879687 0.691406 0.893750 0.669922 0.940625 0.669922 0.964063 0.691406 0.948438 0.753906 0.937500 0.767578
0 0.712500 0.876953 0.690625 0.876953 0.678125 0.869141 0.670312 0.855469 0.667188 0.808594 0.684375 0.791016 0.706250 0.791016 0.712500 0.798828 0.746875 0.802734 0.751563 0.808594 0.748437 0.832031 0.739062 0.851562 0.712500 0.876953
0 0.953125 0.310547 0.921875 0.302734 0.910937 0.289062 0.914062 0.250000 0.931250 0.220703 0.953125 0.228516 0.967187 0.250000 0.967187 0.277344 0.953125 0.310547
0 0.262500 0.416016 0.250000 0.416016 0.218750 0.400391 0.200000 0.400391 0.192188 0.390625 0.192188 0.355469 0.182812 0.343750 0.182812 0.328125 0.190625 0.310547 0.203125 0.310547 0.221875 0.333984 0.234375 0.333984 0.243750 0.349609 0.275000 0.357422 0.282813 0.367188 0.276562 0.406250 0.262500 0.416016
0 0.889062 0.996094 0.889062 0.988281 0.860938 0.957031 0.850000 0.935547 0.837500 0.939453 0.832812 0.933594 0.829688 0.898438 0.837500 0.888672 0.871875 0.896484 0.907813 0.941406 0.910937 0.980469 0.895312 0.996094
0 0.210938 0.996094 0.218750 0.994141 0.237500 0.970703 0.256250 0.966797 0.284375 0.970703 0.304688 0.996094
0 0.715625 0.623047 0.703125 0.623047 0.651563 0.546875 0.648438 0.519531 0.656250 0.498047 0.696875 0.509766 0.715625 0.494141 0.728125 0.494141 0.739062 0.507812 0.742188 0.601562 0.715625 0.623047
0 0.085938 0.996094 0.071875 0.978516 0.062500 0.978516 0.054688 0.957031 0.054688 0.941406 0.075000 0.923828 0.081250 0.923828 0.103125 0.955078 0.121875 0.958984 0.134375 0.974609 0.153125 0.978516 0.160938 0.996094
0 0.000000 0.470703 0.015625 0.466797 0.028125 0.447266 0.042188 0.453125 0.045312 0.515625 0.054688 0.554688 0.060937 0.562500 0.060937 0.585938 0.050000 0.599609 0.037500 0.599609 0.028125 0.587891 0.006250 0.591797 0.000000 0.583984
0 0.775000 0.654297 0.753125 0.654297 0.748437 0.648438 0.748437 0.632812 0.765625 0.615234 0.771875 0.615234 0.782813 0.632812 0.782813 0.644531 0.775000 0.654297
0 0.959375 0.916016 0.934375 0.912109 0.914062 0.886719 0.901563 0.851562 0.901563 0.828125 0.909375 0.814453 0.943750 0.814453 0.954688 0.843750 0.976562 0.859375 0.976562 0.890625 0.959375 0.916016
0 0.531250 0.404297 0.503125 0.388672 0.493750 0.373047 0.485938 0.378906 0.485938 0.398438 0.481250 0.404297 0.470313 0.398438 0.467187 0.328125 0.478125 0.310547 0.506250 0.314453 0.523438 0.339844 0.539062 0.382812 0.539062 0.394531 0.531250 0.404297
0 0.287500 0.490234 0.276562 0.484375 0.273438 0.472656 0.270313 0.445312 0.275000 0.439453 0.312500 0.431641 0.335938 0.449219 0.335938 0.460938 0.328125 0.470703 0.296875 0.466797 0.287500 0.490234
0 0.593750 0.521484 0.565625 0.521484 0.553125 0.498047 0.543750 0.498047 0.532813 0.484375 0.532813 0.472656 0.540625 0.462891 0.550000 0.462891 0.559375 0.474609 0.587500 0.486328 0.604688 0.468750 0.590625 0.462891 0.585938 0.445312 0.600000 0.427734 0.606250 0.427734 0.629687 0.460938 0.629687 0.472656 0.626563 0.484375 0.593750 0.521484
0 0.762500 0.794922 0.718750 0.775391 0.707812 0.761719 0.704688 0.726562 0.709375 0.720703 0.721875 0.720703 0.740625 0.701172 0.787500 0.697266 0.804688 0.710938 0.807813 0.742188 0.793750 0.775391 0.762500 0.794922
0 0.317188 0.996094 0.307812 0.984375 0.307812 0.976562 0.320312 0.949219 0.340625 0.923828 0.359375 0.923828 0.367188 0.933594 0.379688 0.976562 0.379688 0.996094
0 0.128125 0.658203 0.114062 0.652344 0.101562 0.632812 0.101562 0.617188 0.115625 0.587891 0.134375 0.583984 0.157812 0.605469 0.157812 0.632812 0.143750 0.638672 0.128125 0.658203
0 0.459375 0.556641 0.446875 0.552734 0.435937 0.527344 0.435937 0.480469 0.462500 0.451172 0.475000 0.458984 0.484375 0.451172 0.512500 0.455078 0.517188 0.460938 0.514062 0.492188 0.484375 0.533203 0.459375 0.556641
0 0.995313 0.996094 0.973437 0.953125 0.970313 0.929688 0.985938 0.914062 0.996875 0.888672
0 0.546875 0.876953 0.531250 0.876953 0.515625 0.865234 0.506250 0.865234 0.492188 0.847656 0.479687 0.769531 0.446875 0.744141 0.439063 0.726562 0.442188 0.687500 0.457813 0.652344 0.471875 0.634766 0.481250 0.634766 0.515625 0.615234 0.543750 0.615234 0.562500 0.630859 0.606250 0.634766 0.639062 0.675781 0.639062 0.695312 0.651563 0.714844 0.651563 0.734375 0.639062 0.777344 0.590625 0.822266 0.582812 0.843750 0.562500 0.869141 0.546875 0.876953
0 0.000000 0.677734 0.009375 0.673828 0.014063 0.679688 0.014063 0.703125 0.021875 0.712891 0.031250 0.712891 0.059375 0.748047 0.070312 0.742188 0.070312 0.730469 0.051562 0.714844 0.051562 0.707031 0.059375 0.693359 0.075000 0.697266 0.089063 0.730469 0.085938 0.769531 0.092188 0.777344 0.085938 0.812500 0.075000 0.826172 0.006250 0.826172 0.000000 0.810547
