0 0.038793 0.977885 0.027299 0.977885 0.017241 0.972115 0.009339 0.959615 0.006466 0.950000 0.007902 0.932692 0.015086 0.917308 0.022989 0.908654 0.030172 0.908654 0.039511 0.919231 0.039511 0.950000 0.043822 0.959615 0.043822 0.971154 0.038793 0.977885
0 0.279454 0.998077 0.287356 0.985577 0.294540 0.979808 0.298851 0.979808 0.307471 0.987500 0.312500 0.994231 0.312500 0.998077
0 0.594109 0.998077 0.576149 0.989423 0.569684 0.978846 0.569684 0.971154 0.571121 0.965385 0.579023 0.954808 0.597701 0.947115 0.612069 0.949038 0.617816 0.952885 0.624282 0.963462 0.622845 0.980769 0.608477 0.998077
0 0.423851 0.779808 0.410920 0.779808 0.404454 0.773077 0.403017 0.761538 0.410920 0.747115 0.420977 0.739423 0.448276 0.727885 0.455460 0.729808 0.463362 0.736538 0.464799 0.751923 0.458333 0.762500 0.423851 0.779808
0 0.581897 0.912500 0.561782 0.910577 0.551724 0.899038 0.544540 0.897115 0.542385 0.884615 0.544540 0.881731 0.563218 0.879808 0.573276 0.868269 0.579023 0.868269 0.583333 0.875962 0.591954 0.881731 0.598420 0.890385 0.598420 0.894231 0.586207 0.910577 0.581897 0.912500
0 0.998563 0.189423 0.981322 0.189423 0.978448 0.193269 0.968391 0.193269 0.953305 0.180769 0.954741 0.163462 0.958333 0.158654 0.968391 0.160577 0.982759 0.150962 0.992816 0.150962 0.998563 0.156731
0 0.939655 0.350962 0.922414 0.350962 0.917385 0.344231 0.917385 0.326923 0.936782 0.299038 0.945402 0.291346 0.958333 0.293269 0.967672 0.303846 0.966236 0.315385 0.961925 0.325000 0.955460 0.329808 0.939655 0.350962
0 0.432471 0.724038 0.423851 0.720192 0.420259 0.715385 0.420259 0.709615 0.432471 0.689423 0.459770 0.674038 0.474138 0.674038 0.483477 0.682692 0.480603 0.696154 0.475575 0.702885 0.461207 0.712500 0.432471 0.724038
0 0.895115 0.902885 0.889368 0.902885 0.882902 0.894231 0.880029 0.884615 0.874282 0.819231 0.874282 0.801923 0.879310 0.793269 0.883621 0.793269 0.892960 0.805769 0.892960 0.813462 0.897270 0.823077 0.900144 0.840385 0.901580 0.886538 0.898707 0.898077 0.895115 0.902885
0 0.941092 0.395192 0.918103 0.395192 0.897270 0.363462 0.897270 0.359615 0.906609 0.347115 0.918103 0.345192 0.937500 0.367308 0.937500 0.373077 0.940374 0.376923 0.941092 0.395192
0 0.425287 0.647115 0.413793 0.647115 0.405891 0.640385 0.403017 0.632692 0.404454 0.621154 0.410920 0.610577 0.419540 0.604808 0.443966 0.599038 0.459770 0.591346 0.472701 0.593269 0.477730 0.600000 0.479167 0.609615 0.472701 0.620192 0.448276 0.637500 0.425287 0.647115
0 0.100575 0.731731 0.091954 0.731731 0.084770 0.727885 0.071839 0.712500 0.051724 0.699038 0.042385 0.686538 0.042385 0.682692 0.048851 0.675962 0.057471 0.674038 0.070402 0.675962 0.080460 0.683654 0.087644 0.683654 0.093391 0.687500 0.101293 0.698077 0.107040 0.711538 0.107040 0.721154 0.100575 0.731731
0 0.414511 0.998077 0.411638 0.992308 0.411638 0.984615 0.423851 0.970192 0.432471 0.966346 0.442529 0.968269 0.452586 0.975962 0.457615 0.982692 0.456178 0.998077
0 0.367098 0.998077 0.367098 0.982692 0.385776 0.932692 0.390805 0.925962 0.399425 0.925962 0.407328 0.938462 0.408764 0.955769 0.401580 0.975000 0.390086 0.992308 0.391523 0.998077
0 0.370690 0.372115 0.360632 0.372115 0.351293 0.363462 0.348420 0.355769 0.348420 0.344231 0.351293 0.334615 0.356322 0.327885 0.363506 0.324038 0.380747 0.324038 0.390805 0.327885 0.397270 0.338462 0.395833 0.351923 0.383621 0.366346 0.370690 0.372115
0 0.254310 0.949038 0.241379 0.949038 0.234914 0.942308 0.232040 0.930769 0.232040 0.909615 0.234914 0.898077 0.245690 0.883654 0.258621 0.883654 0.270115 0.889423 0.277299 0.895192 0.283764 0.905769 0.278017 0.925000 0.268678 0.937500 0.254310 0.949038
0 0.251437 0.579808 0.245690 0.579808 0.237069 0.574038 0.229167 0.561538 0.221983 0.540385 0.219109 0.523077 0.221983 0.513462 0.228448 0.506731 0.234195 0.506731 0.250000 0.518269 0.262213 0.534615 0.267960 0.548077 0.267960 0.559615 0.265086 0.567308 0.258621 0.575962 0.251437 0.579808
0 0.158764 0.998077 0.161638 0.984615 0.169540 0.974038 0.179598 0.966346 0.188218 0.966346 0.194684 0.973077 0.194684 0.978846 0.198994 0.988462 0.198994 0.998077
0 0.935345 0.683654 0.928161 0.683654 0.922414 0.679808 0.903017 0.640385 0.901580 0.609615 0.906609 0.600962 0.912356 0.597115 0.931034 0.597115 0.943247 0.617308 0.946121 0.663462 0.943247 0.673077 0.935345 0.683654
0 0.620690 0.889423 0.607759 0.887500 0.599138 0.881731 0.591236 0.871154 0.586925 0.857692 0.586925 0.844231 0.597701 0.829808 0.607759 0.827885 0.620690 0.833654 0.628592 0.844231 0.637213 0.863462 0.637213 0.878846 0.630747 0.885577 0.620690 0.889423
0 0.060345 0.606731 0.048851 0.606731 0.040230 0.600962 0.029454 0.586538 0.022270 0.563462 0.022270 0.548077 0.028736 0.535577 0.034483 0.531731 0.048851 0.533654 0.058908 0.541346 0.069684 0.555769 0.073994 0.573077 0.073994 0.582692 0.069684 0.598077 0.060345 0.606731
0 0.373563 0.572115 0.364943 0.572115 0.360632 0.568269 0.344828 0.570192 0.338362 0.555769 0.339799 0.542308 0.350575 0.529808 0.364943 0.522115 0.375000 0.520192 0.383621 0.524038 0.390086 0.536538 0.390086 0.542308 0.382902 0.561538 0.373563 0.572115
0 0.492816 0.847115 0.472701 0.847115 0.456897 0.839423 0.444684 0.825000 0.444684 0.811538 0.451149 0.804808 0.474138 0.800962 0.484195 0.800962 0.498563 0.806731 0.506466 0.817308 0.506466 0.830769 0.498563 0.843269 0.492816 0.847115
0 0.426724 0.575962 0.415230 0.575962 0.406609 0.570192 0.401580 0.561538 0.401580 0.550000 0.405891 0.538462 0.416667 0.525962 0.438218 0.522115 0.454741 0.536538 0.456178 0.551923 0.446839 0.564423 0.426724 0.575962
0 0.564655 0.216346 0.558908 0.216346 0.552443 0.209615 0.551006 0.188462 0.546695 0.171154 0.551006 0.125000 0.555316 0.109615 0.560345 0.102885 0.568966 0.102885 0.576868 0.115385 0.579741 0.128846 0.578305 0.180769 0.571121 0.207692 0.564655 0.216346
0 0.185345 0.833654 0.165230 0.833654 0.145115 0.824038 0.132902 0.807692 0.131466 0.801923 0.131466 0.788462 0.137213 0.775000 0.146552 0.768269 0.155172 0.768269 0.166667 0.772115 0.191092 0.787500 0.200431 0.803846 0.200431 0.819231 0.195402 0.827885 0.185345 0.833654
0 0.929598 0.106731 0.918103 0.104808 0.900144 0.076923 0.900144 0.061538 0.905172 0.054808 0.919540 0.056731 0.933190 0.073077 0.937500 0.086538 0.937500 0.098077 0.929598 0.106731
0 0.692529 0.483654 0.688218 0.483654 0.680316 0.469231 0.680316 0.453846 0.684626 0.432692 0.706897 0.387500 0.712644 0.383654 0.722701 0.383654 0.730603 0.396154 0.730603 0.415385 0.726293 0.430769 0.709052 0.467308 0.699713 0.479808 0.692529 0.483654
0 0.998563 0.647115 0.993534 0.642308 0.982040 0.609615 0.983477 0.584615 0.988506 0.577885 0.998563 0.575962
0 0.850575 0.766346 0.844828 0.766346 0.836925 0.757692 0.829741 0.730769 0.829741 0.709615 0.836925 0.688462 0.838362 0.675000 0.843391 0.668269 0.847701 0.668269 0.852730 0.673077 0.859914 0.694231 0.858477 0.753846 0.850575 0.766346
0 0.913793 0.837500 0.900862 0.833654 0.897270 0.828846 0.897270 0.823077 0.892960 0.813462 0.892960 0.788462 0.890086 0.782692 0.890086 0.748077 0.892960 0.740385 0.899425 0.733654 0.908046 0.737500 0.915948 0.746154 0.915948 0.750000 0.921695 0.757692 0.921695 0.765385 0.927443 0.778846 0.926006 0.819231 0.921695 0.828846 0.913793 0.837500
0 0.635057 0.735577 0.626437 0.733654 0.617098 0.723077 0.614224 0.715385 0.619253 0.708654 0.630747 0.704808 0.642241 0.706731 0.648707 0.717308 0.648707 0.725000 0.643678 0.731731 0.635057 0.735577
0 0.801724 0.591346 0.797414 0.591346 0.782328 0.575000 0.782328 0.559615 0.786638 0.550000 0.793822 0.513462 0.817529 0.477885 0.821839 0.474038 0.831897 0.474038 0.844109 0.496154 0.844109 0.511538 0.839799 0.513462 0.838362 0.540385 0.832615 0.551923 0.832615 0.561538 0.816092 0.583654 0.801724 0.591346
0 0.163793 0.612500 0.158046 0.612500 0.145115 0.604808 0.132902 0.584615 0.132902 0.573077 0.152299 0.556731 0.168103 0.562500 0.177443 0.578846 0.176006 0.598077 0.163793 0.612500
0 0.217672 0.000000 0.223420 0.013462 0.227730 0.032692 0.224856 0.050000 0.218391 0.058654 0.208333 0.058654 0.196121 0.044231 0.184626 0.000000
0 0.170977 0.729808 0.153736 0.727885 0.140086 0.713462 0.138649 0.696154 0.145115 0.685577 0.152299 0.683654 0.155172 0.679808 0.160920 0.679808 0.169540 0.683654 0.180316 0.698077 0.183190 0.717308 0.179598 0.724038 0.170977 0.729808
0 0.312500 0.998077 0.312500 0.994231 0.305316 0.986538 0.312500 0.975000 0.313937 0.967308 0.329023 0.954808 0.344828 0.952885 0.351293 0.961538 0.352730 0.976923 0.341236 0.998077
0 0.801724 0.422115 0.793103 0.422115 0.786638 0.413462 0.785201 0.392308 0.789511 0.361538 0.796695 0.340385 0.804598 0.327885 0.811782 0.322115 0.821839 0.322115 0.829741 0.330769 0.832615 0.338462 0.832615 0.365385 0.826868 0.384615 0.816810 0.405769 0.801724 0.422115
0 0.952586 0.383654 0.943966 0.383654 0.937500 0.373077 0.938937 0.351923 0.943966 0.345192 0.949713 0.345192 0.953305 0.340385 0.953305 0.332692 0.955460 0.329808 0.961207 0.325962 0.975575 0.325962 0.986351 0.346154 0.987787 0.359615 0.981322 0.366346 0.966954 0.368269 0.952586 0.383654
0 0.531609 0.414423 0.522989 0.414423 0.517241 0.408654 0.512931 0.408654 0.506466 0.396154 0.505029 0.378846 0.507902 0.363462 0.514368 0.350962 0.525862 0.339423 0.537356 0.337500 0.543822 0.344231 0.546695 0.351923 0.548132 0.373077 0.540948 0.403846 0.531609 0.414423
0 0.341954 0.941346 0.327586 0.941346 0.319684 0.930769 0.318247 0.919231 0.322557 0.905769 0.334770 0.895192 0.364943 0.897115 0.371408 0.909615 0.369971 0.917308 0.360632 0.927885 0.350575 0.931731 0.341954 0.941346
0 0.000000 0.381731 0.011494 0.379808 0.017241 0.383654 0.025144 0.400000 0.025144 0.426923 0.020833 0.438462 0.010057 0.449038 0.000000 0.447115
0 0.932471 0.285577 0.918103 0.283654 0.911638 0.275000 0.910201 0.257692 0.917385 0.238462 0.925287 0.227885 0.931034 0.224038 0.941092 0.224038 0.948994 0.234615 0.950431 0.248077 0.943247 0.259615 0.941810 0.276923 0.932471 0.285577
0 0.760776 0.998077 0.755747 0.997115 0.742816 0.974038 0.737787 0.975000 0.744971 0.961538 0.747845 0.950000 0.746408 0.942308 0.748563 0.939423 0.752874 0.941346 0.758621 0.937500 0.768678 0.937500 0.783764 0.951923 0.789511 0.971154 0.788075 0.998077
0 0.182471 0.112500 0.168103 0.110577 0.162356 0.106731 0.155891 0.096154 0.153017 0.084615 0.153017 0.063462 0.154454 0.050000 0.162356 0.035577 0.170977 0.035577 0.177443 0.042308 0.193247 0.080769 0.193247 0.096154 0.188937 0.105769 0.182471 0.112500
0 0.798851 0.914423 0.785920 0.914423 0.770115 0.904808 0.765086 0.898077 0.762213 0.890385 0.762213 0.861538 0.767241 0.852885 0.783046 0.858654 0.790948 0.869231 0.805316 0.901923 0.798851 0.914423
0 0.844828 0.564423 0.834770 0.564423 0.832615 0.561538 0.832615 0.551923 0.838362 0.540385 0.839799 0.513462 0.854885 0.500962 0.862069 0.500962 0.874282 0.517308 0.875718 0.528846 0.864943 0.549038 0.844828 0.564423
0 0.568966 0.812500 0.557471 0.812500 0.548851 0.802885 0.543103 0.800962 0.538075 0.792308 0.538075 0.771154 0.548851 0.760577 0.563218 0.754808 0.587644 0.758654 0.589799 0.765385 0.579741 0.778846 0.576868 0.801923 0.568966 0.812500
0 0.830460 0.925962 0.820402 0.925962 0.809626 0.907692 0.806753 0.892308 0.809626 0.880769 0.796695 0.867308 0.792385 0.850000 0.793822 0.838462 0.798851 0.831731 0.804598 0.831731 0.807471 0.827885 0.814655 0.827885 0.820402 0.831731 0.825431 0.838462 0.828305 0.851923 0.836925 0.871154 0.842672 0.903846 0.839799 0.915385 0.830460 0.925962
0 0.528736 0.939423 0.518678 0.939423 0.511494 0.935577 0.500718 0.921154 0.499282 0.903846 0.510057 0.889423 0.530172 0.889423 0.540230 0.893269 0.547414 0.899038 0.551724 0.899038 0.561063 0.909615 0.561063 0.919231 0.556034 0.925962 0.540230 0.927885 0.528736 0.939423
0 0.500718 0.998077 0.502874 0.993269 0.512931 0.985577 0.517960 0.988462 0.519397 0.998077
0 0.730603 0.998077 0.736351 0.978846 0.741379 0.974038 0.749282 0.982692 0.755747 0.997115 0.760776 0.998077
0 0.998563 0.933654 0.989943 0.947115 0.981322 0.950962 0.975575 0.950962 0.970546 0.944231 0.971983 0.915385 0.980603 0.890385 0.985632 0.883654 0.991379 0.883654 0.998563 0.891346
0 0.406609 0.114423 0.377874 0.102885 0.367098 0.086538 0.367098 0.071154 0.373563 0.062500 0.386494 0.054808 0.393678 0.056731 0.406609 0.066346 0.414511 0.076923 0.420259 0.090385 0.418822 0.107692 0.415230 0.112500 0.406609 0.114423
0 0.330460 0.831731 0.316092 0.829808 0.309626 0.819231 0.312500 0.798077 0.321839 0.777885 0.336207 0.777885 0.345546 0.788462 0.344109 0.811538 0.330460 0.831731
0 0.998563 0.460577 0.994971 0.450000 0.994971 0.434615 0.998563 0.429808
0 0.533046 0.100962 0.528736 0.100962 0.522270 0.092308 0.516523 0.073077 0.516523 0.032692 0.519397 0.023077 0.525862 0.016346 0.532328 0.021154 0.539511 0.044231 0.540948 0.082692 0.539511 0.092308 0.533046 0.100962
0 0.110632 0.545192 0.102011 0.541346 0.094109 0.530769 0.092672 0.525000 0.092672 0.513462 0.100575 0.499038 0.106322 0.499038 0.114943 0.493269 0.132184 0.493269 0.140805 0.499038 0.147270 0.507692 0.148707 0.513462 0.140805 0.527885 0.135057 0.529808 0.126437 0.541346 0.110632 0.545192
0 0.409483 0.404808 0.397989 0.404808 0.392960 0.400000 0.391523 0.392308 0.394397 0.382692 0.408046 0.366346 0.416667 0.360577 0.425287 0.358654 0.435345 0.364423 0.438937 0.369231 0.437500 0.384615 0.426724 0.399038 0.419540 0.399038 0.409483 0.404808
0 0.311782 0.414423 0.298851 0.414423 0.270115 0.404808 0.262213 0.394231 0.260776 0.384615 0.264368 0.377885 0.274425 0.374038 0.320402 0.375962 0.329741 0.384615 0.331178 0.396154 0.323276 0.408654 0.311782 0.414423
0 0.040230 0.162500 0.030172 0.162500 0.026580 0.157692 0.025144 0.138462 0.028017 0.132692 0.050287 0.110577 0.063218 0.104808 0.070402 0.106731 0.075431 0.113462 0.075431 0.121154 0.071121 0.130769 0.060345 0.147115 0.048851 0.158654 0.040230 0.162500
0 0.107759 0.902885 0.094828 0.899038 0.088362 0.892308 0.084052 0.882692 0.081178 0.861538 0.086207 0.852885 0.106322 0.849038 0.119253 0.860577 0.129310 0.864423 0.137213 0.875000 0.137213 0.884615 0.129310 0.897115 0.107759 0.902885
0 0.488506 0.083654 0.484195 0.083654 0.479167 0.078846 0.464799 0.038462 0.467672 0.009615 0.477011 0.000962 0.486351 0.011538 0.490661 0.025000 0.493534 0.076923 0.488506 0.083654
0 0.295977 0.700962 0.277299 0.697115 0.267960 0.686538 0.266523 0.667308 0.274425 0.652885 0.284483 0.649038 0.295977 0.650962 0.308190 0.667308 0.309626 0.684615 0.303161 0.695192 0.295977 0.700962
0 0.336207 0.239423 0.324713 0.237500 0.305316 0.221154 0.299569 0.201923 0.301006 0.194231 0.304598 0.189423 0.320402 0.185577 0.327586 0.189423 0.338362 0.203846 0.342672 0.213462 0.344109 0.230769 0.336207 0.239423
0 0.570402 0.749038 0.544540 0.747115 0.529454 0.728846 0.526580 0.723077 0.526580 0.711538 0.531609 0.704808 0.535920 0.704808 0.539511 0.696154 0.544540 0.691346 0.554598 0.691346 0.560345 0.695192 0.565374 0.703846 0.566810 0.721154 0.576868 0.740385 0.576868 0.744231 0.570402 0.749038
0 0.192529 0.324038 0.175287 0.324038 0.156609 0.318269 0.144397 0.301923 0.147270 0.286538 0.168103 0.270192 0.183908 0.268269 0.202586 0.260577 0.225575 0.260577 0.234195 0.264423 0.240661 0.273077 0.240661 0.290385 0.228448 0.308654 0.209770 0.320192 0.199713 0.320192 0.192529 0.324038
0 0.301724 0.824038 0.290230 0.820192 0.278736 0.810577 0.272270 0.800000 0.272270 0.790385 0.280172 0.779808 0.290230 0.774038 0.314655 0.772115 0.321121 0.778846 0.312500 0.798077 0.309626 0.819231 0.301724 0.824038
0 0.303161 0.360577 0.287356 0.360577 0.280172 0.356731 0.264368 0.354808 0.257902 0.346154 0.257902 0.334615 0.265805 0.322115 0.277299 0.314423 0.285920 0.314423 0.298851 0.320192 0.306034 0.325962 0.313937 0.338462 0.312500 0.351923 0.303161 0.360577
0 0.670977 0.747115 0.665230 0.747115 0.660201 0.742308 0.661638 0.711538 0.670977 0.693269 0.679598 0.691346 0.686063 0.701923 0.684626 0.717308 0.678879 0.738462 0.670977 0.747115
0 0.998563 0.227885 0.974138 0.250962 0.962644 0.247115 0.953305 0.232692 0.953305 0.221154 0.957615 0.207692 0.962644 0.204808 0.969828 0.193269 0.978448 0.193269 0.981322 0.189423 0.998563 0.189423
0 0.704023 0.816346 0.699713 0.816346 0.693247 0.809615 0.687500 0.778846 0.688937 0.744231 0.691810 0.730769 0.696839 0.722115 0.704023 0.722115 0.709052 0.728846 0.711925 0.748077 0.711925 0.796154 0.707615 0.811538 0.704023 0.816346
0 0.352011 0.814423 0.344109 0.811538 0.344109 0.803846 0.349138 0.797115 0.354885 0.799038 0.358477 0.805769 0.356322 0.812500 0.352011 0.814423
0 0.525862 0.235577 0.518678 0.233654 0.514368 0.227885 0.502874 0.222115 0.492098 0.209615 0.487787 0.200000 0.486351 0.186538 0.492816 0.175962 0.508621 0.177885 0.516523 0.188462 0.528017 0.211538 0.528017 0.232692 0.525862 0.235577
0 0.955460 0.745192 0.945402 0.745192 0.939655 0.741346 0.934626 0.730769 0.934626 0.690385 0.936063 0.682692 0.943247 0.673077 0.946839 0.656731 0.954023 0.656731 0.973420 0.682692 0.979167 0.692308 0.982040 0.707692 0.980603 0.717308 0.955460 0.745192
0 0.018678 0.289423 0.011494 0.289423 0.003592 0.278846 0.003592 0.271154 0.000718 0.267308 0.002155 0.250000 0.010057 0.239423 0.020115 0.241346 0.024425 0.245192 0.030891 0.259615 0.029454 0.278846 0.018678 0.289423
0 0.336207 0.108654 0.324713 0.108654 0.316092 0.104808 0.308190 0.094231 0.301006 0.076923 0.301006 0.069231 0.306034 0.060577 0.314655 0.058654 0.320402 0.050962 0.324713 0.050962 0.334052 0.061538 0.334052 0.065385 0.341236 0.076923 0.344109 0.092308 0.341236 0.103846 0.336207 0.108654
0 0.915230 0.475962 0.908046 0.472115 0.881466 0.434615 0.882902 0.425000 0.893678 0.412500 0.913793 0.412500 0.921695 0.426923 0.920259 0.440385 0.923132 0.444231 0.927443 0.463462 0.919540 0.474038 0.915230 0.475962
0 0.000000 0.887500 0.010057 0.893269 0.015086 0.903846 0.015086 0.919231 0.006466 0.936538 0.006466 0.944231 0.000000 0.945192
0 0.521552 0.516346 0.504310 0.514423 0.498563 0.510577 0.492098 0.500000 0.489224 0.486538 0.497126 0.468269 0.505747 0.462500 0.512931 0.462500 0.525144 0.476923 0.529454 0.490385 0.530891 0.505769 0.525862 0.514423 0.521552 0.516346
0 0.735632 0.899038 0.729167 0.894231 0.723420 0.853846 0.726293 0.823077 0.731322 0.816346 0.741379 0.820192 0.749282 0.830769 0.753592 0.851923 0.753592 0.863462 0.744971 0.882692 0.744971 0.888462 0.735632 0.899038
0 0.422414 0.214423 0.399425 0.210577 0.387931 0.202885 0.380029 0.192308 0.380029 0.176923 0.386494 0.170192 0.402299 0.170192 0.416667 0.177885 0.432471 0.181731 0.440374 0.192308 0.440374 0.205769 0.432471 0.212500 0.422414 0.214423
0 0.998563 0.010577 0.982759 0.010577 0.974138 0.029808 0.964080 0.029808 0.953305 0.015385 0.948994 0.000000
0 0.093391 0.204808 0.086207 0.202885 0.081178 0.196154 0.081178 0.184615 0.093391 0.168269 0.107759 0.160577 0.117816 0.160577 0.133621 0.162500 0.140086 0.169231 0.138649 0.184615 0.129310 0.195192 0.107759 0.197115 0.093391 0.204808
0 0.557471 0.664423 0.538793 0.662500 0.531609 0.658654 0.523707 0.648077 0.523707 0.638462 0.531609 0.629808 0.548851 0.629808 0.556034 0.625962 0.566092 0.625962 0.580460 0.633654 0.584052 0.638462 0.584052 0.648077 0.579023 0.656731 0.557471 0.664423
0 0.134339 0.000000 0.131466 0.032692 0.119253 0.052885 0.114943 0.052885 0.109914 0.048077 0.104167 0.028846 0.104167 0.019231 0.111351 0.000000
0 0.603448 0.422115 0.599138 0.420192 0.592672 0.409615 0.591236 0.361538 0.601293 0.338462 0.607759 0.331731 0.613506 0.331731 0.621408 0.344231 0.622845 0.375000 0.612787 0.413462 0.603448 0.422115
0 0.686782 0.620192 0.676724 0.620192 0.668822 0.609615 0.668822 0.596154 0.674569 0.580769 0.699713 0.547115 0.706897 0.543269 0.718391 0.545192 0.723420 0.553846 0.723420 0.559615 0.714799 0.590385 0.710489 0.600000 0.699713 0.612500 0.686782 0.620192
0 0.000000 0.012500 0.028736 0.016346 0.033046 0.022115 0.038793 0.024038 0.046695 0.034615 0.048132 0.044231 0.040230 0.056731 0.028736 0.058654 0.000000 0.039423
0 0.902299 0.175962 0.887931 0.170192 0.878592 0.150000 0.874282 0.134615 0.874282 0.123077 0.875718 0.117308 0.882184 0.110577 0.890805 0.110577 0.899425 0.116346 0.908764 0.128846 0.915948 0.144231 0.915948 0.165385 0.910920 0.172115 0.902299 0.175962
0 0.000000 0.772115 0.007184 0.768269 0.048851 0.766346 0.056753 0.776923 0.056753 0.786538 0.050287 0.797115 0.035920 0.804808 0.021552 0.799038 0.012931 0.799038 0.000000 0.791346
0 0.475575 0.929808 0.459770 0.929808 0.441092 0.920192 0.436063 0.913462 0.433190 0.903846 0.436063 0.884615 0.446839 0.874038 0.465517 0.875962 0.472701 0.879808 0.489224 0.905769 0.487787 0.919231 0.475575 0.929808
0 0.088362 0.998077 0.089799 0.990385 0.097701 0.981731 0.104885 0.983654 0.108477 0.988462 0.109914 0.998077
0 0.622845 0.998077 0.622845 0.994231 0.635057 0.979808 0.642241 0.979808 0.648707 0.988462 0.650144 0.998077
0 0.367816 0.500962 0.354885 0.497115 0.352730 0.480769 0.360632 0.468269 0.369253 0.460577 0.382184 0.452885 0.402299 0.447115 0.413793 0.449038 0.418822 0.455769 0.420259 0.469231 0.416667 0.477885 0.395115 0.491346 0.367816 0.500962
0 0.790230 0.743269 0.781609 0.741346 0.774425 0.735577 0.766523 0.719231 0.766523 0.700000 0.770833 0.688462 0.772270 0.673077 0.778736 0.664423 0.784483 0.666346 0.789511 0.673077 0.790948 0.688462 0.795259 0.694231 0.802443 0.719231 0.802443 0.726923 0.798132 0.736538 0.790230 0.743269
0 0.472701 0.300962 0.456897 0.300962 0.441092 0.289423 0.436063 0.280769 0.433190 0.269231 0.436063 0.255769 0.442529 0.249038 0.461207 0.247115 0.482759 0.256731 0.489224 0.269231 0.487787 0.288462 0.484195 0.295192 0.472701 0.300962
0 0.142241 0.250962 0.130747 0.249038 0.124282 0.238462 0.121408 0.228846 0.124282 0.205769 0.128592 0.200000 0.128592 0.196154 0.140805 0.181731 0.146552 0.177885 0.160920 0.177885 0.165948 0.186538 0.165948 0.230769 0.156609 0.243269 0.142241 0.250962
0 0.771552 0.843269 0.761494 0.841346 0.746408 0.813462 0.740661 0.794231 0.740661 0.786538 0.745690 0.779808 0.751437 0.779808 0.761494 0.789423 0.770115 0.793269 0.779454 0.805769 0.783764 0.817308 0.783764 0.830769 0.771552 0.843269
0 0.938218 0.439423 0.931034 0.437500 0.917385 0.421154 0.913075 0.405769 0.913075 0.400000 0.916667 0.395192 0.949713 0.395192 0.957615 0.407692 0.961925 0.426923 0.959770 0.429808 0.946839 0.429808 0.938218 0.439423
0 0.295977 0.293269 0.275862 0.293269 0.260057 0.285577 0.255029 0.276923 0.255029 0.259615 0.265805 0.245192 0.285920 0.250962 0.301006 0.271154 0.301006 0.286538 0.295977 0.293269
0 0.440374 0.000000 0.432471 0.008654 0.423851 0.008654 0.418822 0.000000
0 0.000000 0.970192 0.018678 0.972115 0.025862 0.975962 0.028017 0.978846 0.028017 0.988462 0.020833 0.998077
0 0.908764 0.998077 0.908764 0.969231 0.911638 0.961538 0.918103 0.954808 0.925287 0.956731 0.934626 0.969231 0.938937 0.978846 0.941810 0.998077
0 0.666667 0.449038 0.658046 0.447115 0.651580 0.438462 0.651580 0.413462 0.655891 0.394231 0.668822 0.367308 0.678161 0.358654 0.685345 0.358654 0.691092 0.362500 0.694684 0.369231 0.694684 0.390385 0.691810 0.405769 0.683190 0.428846 0.666667 0.449038
0 0.931034 0.545192 0.910920 0.545192 0.897989 0.539423 0.881466 0.521154 0.880029 0.509615 0.892241 0.500962 0.912356 0.500962 0.923851 0.512500 0.935345 0.512500 0.939655 0.508654 0.954023 0.510577 0.959052 0.519231 0.957615 0.530769 0.952586 0.537500 0.931034 0.545192
