0 0.250000 0.718056 0.213889 0.715278 0.190278 0.691667 0.190278 0.658333 0.208333 0.631944 0.244444 0.620833 0.277778 0.604167 0.294444 0.601389 0.338889 0.612500 0.365278 0.638889 0.370833 0.650000 0.370833 0.663889 0.368056 0.672222 0.350000 0.690278 0.311111 0.706944 0.250000 0.718056
0 0.833333 0.454167 0.797222 0.454167 0.783333 0.448611 0.773611 0.438889 0.762500 0.413889 0.762500 0.380556 0.773611 0.361111 0.805556 0.323611 0.833333 0.306944 0.858333 0.304167 0.875000 0.309722 0.887500 0.322222 0.890278 0.366667 0.887500 0.383333 0.865278 0.427778 0.833333 0.454167
0 0.997222 0.729167 0.991667 0.729167 0.976389 0.711111 0.965278 0.688889 0.965278 0.666667 0.970833 0.652778 0.988889 0.634722 0.997222 0.634722
0 0.495833 0.997222 0.513889 0.973611 0.575000 0.954167 0.594444 0.954167 0.611111 0.962500 0.634722 0.988889 0.637500 0.997222
0 0.030556 0.562500 0.018056 0.558333 0.022222 0.548611 0.034722 0.550000 0.030556 0.562500
0 0.997222 0.104167 0.955556 0.104167 0.925000 0.098611 0.905556 0.090278 0.895833 0.080556 0.884722 0.055556 0.884722 0.044444 0.895833 0.019444 0.912500 0.000000
0 0.444444 0.406944 0.431944 0.402778 0.436111 0.393056 0.448611 0.400000 0.444444 0.406944
0 0.033333 0.476389 0.022222 0.476389 0.018056 0.466667 0.030556 0.456944 0.038889 0.456944 0.045833 0.469444 0.033333 0.476389
0 0.177778 0.598611 0.155556 0.598611 0.111111 0.565278 0.081944 0.533333 0.062500 0.488889 0.062500 0.463889 0.075000 0.451389 0.094444 0.443056 0.113889 0.445833 0.130556 0.454167 0.156944 0.475000 0.162500 0.488889 0.190278 0.519444 0.204167 0.544444 0.204167 0.575000 0.188889 0.595833 0.177778 0.598611
0 0.905556 0.804167 0.877778 0.804167 0.825000 0.787500 0.752778 0.776389 0.729167 0.761111 0.723611 0.750000 0.723611 0.733333 0.733333 0.723611 0.772222 0.715278 0.777778 0.709722 0.808333 0.704167 0.825000 0.695833 0.872222 0.695833 0.886111 0.701389 0.902778 0.701389 0.938889 0.720833 0.954167 0.738889 0.956944 0.750000 0.954167 0.777778 0.938889 0.793056 0.905556 0.804167
0 0.000000 0.543056 0.012500 0.552778 0.012500 0.563889 0.000000 0.570833
0 0.566667 0.443056 0.550000 0.443056 0.536111 0.437500 0.500000 0.409722 0.484722 0.391667 0.473611 0.369444 0.473611 0.355556 0.476389 0.333333 0.491667 0.312500 0.519444 0.304167 0.536111 0.304167 0.569444 0.315278 0.588889 0.326389 0.615278 0.361111 0.615278 0.397222 0.609722 0.408333 0.586111 0.434722 0.566667 0.443056
0 0.955556 0.448611 0.930556 0.445833 0.908333 0.429167 0.898611 0.419444 0.884722 0.388889 0.890278 0.366667 0.887500 0.302778 0.902778 0.284722 0.927778 0.284722 0.944444 0.293056 0.962500 0.308333 0.981944 0.338889 0.984722 0.383333 0.976389 0.402778 0.976389 0.425000 0.970833 0.438889 0.955556 0.448611
0 0.322222 0.254167 0.291667 0.251389 0.268056 0.230556 0.259722 0.216667 0.254167 0.205556 0.256944 0.186111 0.243056 0.169444 0.243056 0.152778 0.252778 0.137500 0.266667 0.131944 0.286111 0.131944 0.302778 0.140278 0.325000 0.159722 0.361111 0.165278 0.381944 0.180556 0.384722 0.202778 0.322222 0.254167
0 0.656944 0.997222 0.629167 0.963889 0.631944 0.919444 0.672222 0.870833 0.694444 0.859722 0.716667 0.862500 0.725000 0.868056 0.740278 0.883333 0.745833 0.900000 0.743056 0.930556 0.731944 0.969444 0.712500 0.997222
0 0.270833 0.997222 0.288889 0.973611 0.297222 0.973611 0.305556 0.984722 0.327778 0.990278 0.337500 0.997222
0 0.030556 0.529167 0.016667 0.529167 0.012500 0.525000 0.015278 0.486111 0.022222 0.479167 0.030556 0.479167 0.037500 0.488889 0.037500 0.497222 0.031944 0.502778 0.037500 0.511111 0.037500 0.525000 0.030556 0.529167
0 0.013889 0.487500 0.001389 0.486111 0.008333 0.468056 0.016667 0.468056 0.020833 0.475000 0.013889 0.487500
0 0.436111 0.340278 0.405556 0.337500 0.380556 0.298611 0.344444 0.306944 0.325000 0.304167 0.312500 0.280556 0.312500 0.266667 0.318056 0.255556 0.355556 0.240278 0.372222 0.220833 0.386111 0.212500 0.416667 0.215278 0.437500 0.236111 0.437500 0.272222 0.452778 0.281944 0.465278 0.297222 0.465278 0.313889 0.459722 0.325000 0.436111 0.340278
0 0.000000 0.451389 0.009722 0.455556 0.009722 0.466667 0.000000 0.487500
0 0.997222 0.212500 0.961111 0.215278 0.952778 0.220833 0.933333 0.223611 0.919444 0.220833 0.905556 0.215278 0.887500 0.197222 0.879167 0.175000 0.881944 0.152778 0.900000 0.131944 0.944444 0.118056 0.997222 0.115278
0 0.666667 0.862500 0.630556 0.854167 0.586111 0.820833 0.566667 0.815278 0.551389 0.800000 0.554167 0.755556 0.561111 0.745833 0.569444 0.740278 0.583333 0.740278 0.613889 0.751389 0.672222 0.745833 0.723611 0.769444 0.737500 0.797222 0.734722 0.813889 0.702778 0.845833 0.680556 0.859722 0.666667 0.862500
0 0.997222 0.987500 0.986111 0.987500 0.969444 0.976389 0.923611 0.930556 0.909722 0.908333 0.912500 0.883333 0.927778 0.870833 0.963889 0.865278 0.997222 0.876389
0 0.072222 0.562500 0.043056 0.552778 0.040278 0.538889 0.050000 0.529167 0.066667 0.531944 0.076389 0.538889 0.079167 0.555556 0.072222 0.562500
0 0.000000 0.134722 0.026389 0.161111 0.037500 0.180556 0.037500 0.197222 0.029167 0.213889 0.022222 0.220833 0.000000 0.226389
0 0.722222 0.409722 0.702778 0.409722 0.688889 0.404167 0.648611 0.369444 0.626389 0.333333 0.623611 0.294444 0.630556 0.281944 0.663889 0.270833 0.688889 0.273611 0.738889 0.298611 0.754167 0.313889 0.759722 0.330556 0.770833 0.344444 0.768056 0.369444 0.762500 0.383333 0.752778 0.393056 0.722222 0.409722
0 0.000000 0.781944 0.008333 0.781944 0.018056 0.791667 0.015278 0.816667 0.000000 0.851389
