0 0.251437 0.387500 0.231322 0.385577 0.223420 0.369231 0.224856 0.357692 0.229885 0.352885 0.247126 0.352885 0.267241 0.360577 0.269397 0.363462 0.267960 0.378846 0.262931 0.383654 0.251437 0.387500
0 0.040230 0.529808 0.025862 0.527885 0.017960 0.519231 0.019397 0.507692 0.013649 0.494231 0.017241 0.483654 0.022989 0.483654 0.033046 0.493269 0.047414 0.491346 0.055316 0.498077 0.055316 0.517308 0.050287 0.524038 0.040230 0.529808
0 0.602011 0.439423 0.590517 0.435577 0.582615 0.423077 0.582615 0.411538 0.587644 0.402885 0.603448 0.404808 0.609914 0.413462 0.612787 0.428846 0.602011 0.439423
0 0.538793 0.627885 0.533046 0.627885 0.522989 0.622115 0.516523 0.609615 0.517960 0.598077 0.530172 0.585577 0.537356 0.585577 0.545259 0.603846 0.545259 0.621154 0.538793 0.627885
0 0.612069 0.460577 0.604885 0.460577 0.599856 0.455769 0.598420 0.440385 0.610632 0.431731 0.616379 0.431731 0.619971 0.436538 0.619971 0.448077 0.618534 0.453846 0.612069 0.460577
0 0.636494 0.195192 0.626437 0.193269 0.619971 0.182692 0.621408 0.153846 0.618534 0.146154 0.618534 0.126923 0.623563 0.118269 0.629310 0.114423 0.636494 0.116346 0.650144 0.130769 0.655891 0.159615 0.651580 0.178846 0.640805 0.193269 0.636494 0.195192
0 0.146552 0.972115 0.140805 0.972115 0.128592 0.950000 0.127155 0.930769 0.132184 0.925962 0.143678 0.925962 0.151580 0.934615 0.153017 0.963462 0.146552 0.972115
0 0.459770 0.716346 0.454023 0.714423 0.448994 0.707692 0.447557 0.698077 0.443247 0.690385 0.443247 0.678846 0.449713 0.672115 0.459770 0.672115 0.462644 0.675962 0.466954 0.675962 0.471983 0.682692 0.474856 0.692308 0.473420 0.705769 0.459770 0.716346
0 0.315374 0.000000 0.313937 0.023077 0.310345 0.027885 0.304598 0.027885 0.300287 0.031731 0.287356 0.027885 0.280891 0.021154 0.280891 0.000000
0 0.125000 0.985577 0.117816 0.985577 0.109914 0.980769 0.111351 0.948077 0.116379 0.941346 0.119253 0.941346 0.127155 0.950000 0.131466 0.963462 0.131466 0.976923 0.125000 0.985577
0 0.484195 0.193269 0.478448 0.193269 0.474856 0.188462 0.473420 0.167308 0.477730 0.151923 0.482759 0.145192 0.487069 0.145192 0.493534 0.155769 0.493534 0.169231 0.489224 0.186538 0.484195 0.193269
0 0.344109 0.000000 0.344109 0.015385 0.337644 0.027885 0.331897 0.027885 0.326868 0.023077 0.321121 0.000000
