0 0.905556 0.323611 0.877778 0.318056 0.851389 0.294444 0.809722 0.205556 0.809722 0.183333 0.823611 0.163889 0.836111 0.154167 0.863889 0.143056 0.886111 0.143056 0.927778 0.162500 0.951389 0.191667 0.968056 0.227778 0.970833 0.258333 0.959722 0.286111 0.944444 0.304167 0.905556 0.323611
0 0.286111 0.334722 0.258333 0.331944 0.236111 0.320833 0.179167 0.263889 0.179167 0.205556 0.200000 0.179167 0.244444 0.173611 0.294444 0.190278 0.308333 0.201389 0.319444 0.204167 0.354167 0.238889 0.354167 0.244444 0.365278 0.255556 0.368056 0.297222 0.362500 0.308333 0.330556 0.326389 0.286111 0.334722
0 0.463889 0.623611 0.391667 0.620833 0.372222 0.609722 0.351389 0.586111 0.337500 0.530556 0.334722 0.500000 0.368056 0.444444 0.394444 0.423611 0.436111 0.423611 0.452778 0.434722 0.476389 0.488889 0.490278 0.497222 0.493056 0.508333 0.502778 0.518056 0.508333 0.518056 0.520833 0.536111 0.523611 0.555556 0.509722 0.597222 0.480556 0.618056 0.463889 0.623611
0 0.000000 0.304167 0.025000 0.312500 0.040278 0.325000 0.051389 0.341667 0.054167 0.355556 0.059722 0.361111 0.062500 0.427778 0.062500 0.436111 0.054167 0.441667 0.031944 0.486111 0.019444 0.501389 0.000000 0.512500
0 0.586111 0.265278 0.558333 0.265278 0.513889 0.231944 0.501389 0.216667 0.481944 0.166667 0.484722 0.119444 0.500000 0.095833 0.536111 0.084722 0.566667 0.090278 0.587500 0.105556 0.618056 0.152778 0.620833 0.177778 0.626389 0.188889 0.626389 0.230556 0.605556 0.259722 0.586111 0.265278
0 0.672222 0.523611 0.656944 0.522222 0.654167 0.516667 0.658333 0.498611 0.675000 0.498611 0.679167 0.502778 0.679167 0.513889 0.672222 0.523611
0 0.000000 0.790278 0.005556 0.790278 0.011111 0.798611 0.027778 0.806944 0.043056 0.825000 0.040278 0.858333 0.030556 0.868056 0.000000 0.879167
0 0.513889 0.518056 0.502778 0.518056 0.490278 0.502778 0.490278 0.491667 0.508333 0.481944 0.520833 0.488889 0.523611 0.500000 0.520833 0.513889 0.513889 0.518056
0 0.276389 0.000000 0.276389 0.016667 0.272222 0.020833 0.258333 0.031944 0.230556 0.043056 0.177778 0.043056 0.166667 0.037500 0.150000 0.037500 0.125000 0.029167 0.122222 0.023611 0.113889 0.023611 0.100000 0.009722 0.094444 0.009722 0.093056 0.002778 0.101389 0.000000
0 0.555556 0.976389 0.516667 0.976389 0.491667 0.968056 0.479167 0.952778 0.476389 0.938889 0.476389 0.911111 0.484722 0.902778 0.490278 0.869444 0.501389 0.847222 0.538889 0.823611 0.566667 0.823611 0.594444 0.840278 0.620833 0.869444 0.620833 0.877778 0.626389 0.883333 0.626389 0.902778 0.609722 0.941667 0.597222 0.954167 0.555556 0.976389
0 0.319444 0.687500 0.277778 0.687500 0.238889 0.668056 0.204167 0.638889 0.190278 0.616667 0.190278 0.558333 0.195833 0.555556 0.195833 0.536111 0.201389 0.525000 0.212500 0.516667 0.223611 0.494444 0.238889 0.479167 0.258333 0.470833 0.286111 0.470833 0.309722 0.488889 0.343056 0.569444 0.351389 0.611111 0.351389 0.638889 0.343056 0.652778 0.343056 0.663889 0.319444 0.687500
0 0.168056 0.997222 0.151389 0.972222 0.151389 0.944444 0.155556 0.934722 0.172222 0.926389 0.191667 0.926389 0.216667 0.937500 0.237500 0.975000 0.237500 0.986111 0.233333 0.990278 0.198611 0.997222
0 0.473611 0.000000 0.477778 0.009722 0.484722 0.011111 0.481944 0.041667 0.463889 0.065278 0.436111 0.076389 0.400000 0.076389 0.372222 0.062500 0.330556 0.020833 0.313889 0.009722 0.309722 0.000000
0 0.198611 0.997222 0.225000 0.990278 0.277778 0.990278 0.287500 0.997222
0 0.372222 0.829167 0.344444 0.820833 0.323611 0.805556 0.312500 0.786111 0.309722 0.758333 0.323611 0.727778 0.336111 0.718056 0.347222 0.720833 0.350000 0.715278 0.388889 0.709722 0.411111 0.720833 0.434722 0.744444 0.434722 0.797222 0.431944 0.805556 0.416667 0.818056 0.372222 0.829167
0 0.744444 0.812500 0.711111 0.812500 0.691667 0.806944 0.659722 0.780556 0.656944 0.763889 0.648611 0.752778 0.645833 0.733333 0.637500 0.719444 0.634722 0.700000 0.623611 0.680556 0.629167 0.661111 0.629167 0.636111 0.634722 0.622222 0.645833 0.611111 0.645833 0.600000 0.680556 0.579167 0.741667 0.579167 0.787500 0.616667 0.798611 0.641667 0.798611 0.661111 0.806944 0.691667 0.804167 0.741667 0.798611 0.763889 0.787500 0.788889 0.772222 0.804167 0.744444 0.812500
0 0.976389 0.000000 0.981944 0.061111 0.973611 0.080556 0.962500 0.088889 0.956944 0.100000 0.933333 0.112500 0.916667 0.109722 0.902778 0.095833 0.897222 0.095833 0.895833 0.088889 0.876389 0.066667 0.873611 0.002778 0.879167 0.000000
0 0.483333 0.768056 0.436111 0.765278 0.434722 0.744444 0.411111 0.720833 0.388889 0.709722 0.350000 0.715278 0.347222 0.720833 0.341667 0.720833 0.337500 0.686111 0.345833 0.669444 0.372222 0.648611 0.391667 0.645833 0.408333 0.637500 0.430556 0.637500 0.461111 0.648611 0.501389 0.686111 0.518056 0.713889 0.515278 0.752778 0.483333 0.768056
0 0.798611 0.997222 0.813889 0.979167 0.836111 0.970833 0.863889 0.973611 0.898611 0.997222
0 0.000000 0.543056 0.016667 0.545833 0.041667 0.565278 0.065278 0.602778 0.065278 0.650000 0.038889 0.679167 0.016667 0.690278 0.000000 0.690278
0 0.587500 0.997222 0.590278 0.975000 0.595833 0.966667 0.613889 0.954167 0.627778 0.951389 0.669444 0.951389 0.677778 0.956944 0.716667 0.962500 0.743056 0.983333 0.748611 0.997222
0 0.997222 0.723611 0.962500 0.708333 0.948611 0.680556 0.940278 0.644444 0.940278 0.594444 0.945833 0.580556 0.943056 0.577778 0.948611 0.527778 0.968056 0.488889 0.997222 0.470833
