0 0.551562 0.996094 0.535937 0.984375 0.535937 0.960938 0.553125 0.939453 0.562500 0.939453 0.568750 0.927734 0.637500 0.927734 0.642188 0.933594 0.639062 0.968750 0.618750 0.990234 0.598437 0.996094
0 0.842187 0.000000 0.848437 0.019531 0.845313 0.066406 0.793750 0.150391 0.775000 0.166016 0.737500 0.166016 0.693750 0.154297 0.676562 0.117188 0.679688 0.082031 0.703125 0.052734 0.734375 0.041016 0.746875 0.025391 0.762500 0.021484 0.782813 0.000000
0 0.856250 0.650391 0.850000 0.650391 0.839063 0.636719 0.839063 0.613281 0.851562 0.597656 0.864062 0.562500 0.893750 0.521484 0.900000 0.521484 0.904687 0.527344 0.904687 0.546875 0.882812 0.593750 0.876563 0.625000 0.856250 0.650391
0 0.784375 0.798828 0.775000 0.798828 0.757812 0.785156 0.757812 0.769531 0.768750 0.755859 0.778125 0.755859 0.793750 0.736328 0.825000 0.716797 0.859375 0.685547 0.871875 0.685547 0.876563 0.691406 0.867188 0.726562 0.850000 0.748047 0.837500 0.751953 0.825000 0.771484 0.815625 0.771484 0.803125 0.791016 0.784375 0.798828
0 0.675000 0.447266 0.650000 0.447266 0.645312 0.433594 0.618750 0.400391 0.603125 0.396484 0.584375 0.380859 0.567187 0.355469 0.567187 0.328125 0.590625 0.314453 0.600000 0.318359 0.606250 0.302734 0.653125 0.298828 0.668750 0.291016 0.687500 0.291016 0.712500 0.302734 0.735938 0.339844 0.739062 0.382812 0.696875 0.427734 0.690625 0.427734 0.684375 0.443359 0.675000 0.447266
0 0.790625 0.275391 0.740625 0.275391 0.728125 0.263672 0.703125 0.259766 0.693750 0.248047 0.665625 0.232422 0.657813 0.207031 0.675000 0.177734 0.687500 0.173828 0.721875 0.177734 0.743750 0.166016 0.815625 0.169922 0.832812 0.187500 0.832812 0.214844 0.790625 0.275391
0 0.475000 0.748047 0.459375 0.748047 0.448437 0.738281 0.448437 0.722656 0.426563 0.679688 0.426563 0.664062 0.417187 0.648438 0.417187 0.625000 0.410938 0.605469 0.403125 0.599609 0.368750 0.599609 0.345313 0.585938 0.345313 0.578125 0.362500 0.552734 0.428125 0.537109 0.443750 0.552734 0.456250 0.552734 0.470313 0.562500 0.479687 0.597656 0.498437 0.625000 0.479687 0.656250 0.479687 0.687500 0.473438 0.703125 0.479687 0.707031 0.476562 0.718750 0.482812 0.742188 0.475000 0.748047
0 0.193750 0.708984 0.121875 0.708984 0.059375 0.681641 0.042188 0.656250 0.042188 0.613281 0.050000 0.603516 0.078125 0.591797 0.206250 0.591797 0.220312 0.605469 0.223438 0.664062 0.210938 0.699219 0.193750 0.708984
0 0.590625 0.880859 0.556250 0.880859 0.539062 0.859375 0.539062 0.839844 0.550000 0.830078 0.562500 0.833984 0.578125 0.818359 0.637500 0.814453 0.656250 0.818359 0.668750 0.833984 0.690625 0.837891 0.695312 0.843750 0.687500 0.869141 0.671875 0.861328 0.662500 0.873047 0.628125 0.865234 0.590625 0.880859
0 0.143750 0.814453 0.034375 0.806641 0.015625 0.798828 0.014063 0.781250 0.025000 0.767578 0.093750 0.759766 0.115625 0.751953 0.143750 0.759766 0.218750 0.763672 0.234375 0.775391 0.268750 0.779297 0.295312 0.792969 0.290625 0.802734 0.268750 0.802734 0.259375 0.810547 0.143750 0.814453
0 0.256250 0.982422 0.231250 0.978516 0.212500 0.958984 0.206250 0.958984 0.201563 0.945312 0.225000 0.927734 0.359375 0.931641 0.375000 0.923828 0.379688 0.929688 0.379688 0.941406 0.368750 0.962891 0.325000 0.966797 0.306250 0.958984 0.256250 0.982422
0 0.606250 0.720703 0.590625 0.720703 0.565625 0.708984 0.542188 0.679688 0.542188 0.656250 0.535937 0.652344 0.539062 0.636719 0.517188 0.601562 0.517188 0.515625 0.523438 0.507812 0.523438 0.488281 0.537500 0.470703 0.553125 0.462891 0.590625 0.462891 0.600000 0.470703 0.621875 0.474609 0.639062 0.496094 0.651563 0.523438 0.660937 0.527344 0.667188 0.546875 0.670312 0.585938 0.664062 0.593750 0.664062 0.609375 0.648438 0.640625 0.642188 0.667969 0.606250 0.720703
0 0.757812 0.000000 0.734375 0.033203 0.709375 0.048828 0.650000 0.064453 0.625000 0.064453 0.614062 0.050781 0.614062 0.000000
0 0.275000 0.876953 0.143750 0.876953 0.129688 0.851562 0.129688 0.835938 0.139063 0.828125 0.143750 0.814453 0.237500 0.814453 0.271875 0.826172 0.292187 0.847656 0.292187 0.867188 0.275000 0.876953
0 0.856250 0.830078 0.846875 0.826172 0.839063 0.808594 0.845313 0.781250 0.856250 0.779297 0.867188 0.765625 0.865625 0.759766 0.871875 0.763672 0.909375 0.708984 0.932813 0.691406 0.939063 0.671875 0.956250 0.650391 0.993750 0.646484 0.995313 0.714844 0.954688 0.769531 0.856250 0.830078
0 0.303125 0.763672 0.281250 0.759766 0.260937 0.734375 0.260937 0.726562 0.239063 0.703125 0.239063 0.679688 0.281250 0.626953 0.328125 0.623047 0.354687 0.644531 0.357812 0.707031 0.337500 0.751953 0.303125 0.763672
0 0.996875 0.541016 0.992188 0.554688 0.979688 0.562500 0.973437 0.582031 0.959375 0.587891 0.953125 0.599609 0.943750 0.599609 0.887500 0.634766 0.873437 0.628906 0.895312 0.566406 0.934375 0.521484 0.962500 0.521484 0.984375 0.501953 0.996875 0.505859
0 0.996875 0.275391 0.981250 0.275391 0.970313 0.265625 0.964063 0.210938 0.951562 0.187500 0.951562 0.171875 0.965625 0.150391 0.975000 0.146484 0.984375 0.130859 0.996875 0.134766
