0 0.210938 0.619141 0.203125 0.619141 0.189453 0.601562 0.193359 0.585938 0.203125 0.576172 0.214844 0.576172 0.228516 0.585938 0.228516 0.605469 0.210938 0.619141
0 0.402344 0.779297 0.386719 0.775391 0.376953 0.761719 0.376953 0.742188 0.386719 0.732422 0.414062 0.736328 0.419922 0.746094 0.416016 0.765625 0.402344 0.779297
0 0.453125 0.599609 0.441406 0.599609 0.427734 0.585938 0.431641 0.570312 0.441406 0.560547 0.449219 0.560547 0.462891 0.574219 0.462891 0.589844 0.453125 0.599609
0 0.722656 0.626953 0.703125 0.626953 0.693359 0.617188 0.693359 0.585938 0.703125 0.572266 0.726562 0.576172 0.736328 0.589844 0.736328 0.617188 0.722656 0.626953
0 0.140625 0.712891 0.128906 0.712891 0.117188 0.693359 0.099609 0.683594 0.099609 0.667969 0.105469 0.662109 0.140625 0.662109 0.158203 0.679688 0.154297 0.699219 0.140625 0.712891
0 0.968750 0.576172 0.945312 0.576172 0.931641 0.554688 0.945312 0.541016 0.960938 0.541016 0.974609 0.554688 0.974609 0.570312 0.968750 0.576172
0 0.371094 0.658203 0.355469 0.658203 0.345703 0.644531 0.345703 0.628906 0.355469 0.615234 0.371094 0.615234 0.380859 0.625000 0.380859 0.648438 0.371094 0.658203
0 0.875000 0.708984 0.861328 0.703125 0.867188 0.689453 0.880859 0.695312 0.875000 0.708984
0 0.421875 0.666016 0.406250 0.666016 0.388672 0.644531 0.398438 0.634766 0.414062 0.630859 0.427734 0.644531 0.427734 0.660156 0.421875 0.666016
0 0.812500 0.537109 0.796875 0.537109 0.767578 0.511719 0.767578 0.492188 0.789062 0.466797 0.804688 0.466797 0.830078 0.496094 0.833984 0.515625 0.812500 0.537109
0 0.628906 0.908203 0.615234 0.902344 0.615234 0.890625 0.607422 0.882812 0.617188 0.861328 0.630859 0.867188 0.630859 0.878906 0.638672 0.886719 0.638672 0.898438 0.628906 0.908203
0 0.980469 0.794922 0.968750 0.794922 0.958984 0.785156 0.955078 0.769531 0.964844 0.759766 0.988281 0.759766 0.994141 0.765625 0.994141 0.781250 0.980469 0.794922
0 0.558594 0.900391 0.548828 0.894531 0.544922 0.878906 0.552734 0.859375 0.566406 0.853516 0.580078 0.863281 0.583984 0.882812 0.558594 0.900391
0 0.062500 0.818359 0.042969 0.818359 0.033203 0.808594 0.033203 0.796875 0.042969 0.787109 0.062500 0.787109 0.068359 0.792969 0.072266 0.804688 0.062500 0.818359
0 0.199219 0.556641 0.183594 0.556641 0.166016 0.535156 0.166016 0.523438 0.179688 0.509766 0.195312 0.509766 0.212891 0.523438 0.199219 0.556641
0 0.000000 0.693359 0.015625 0.689453 0.052734 0.710938 0.048828 0.734375 0.027344 0.748047 0.000000 0.728516
0 0.648438 0.853516 0.632812 0.853516 0.626953 0.847656 0.626953 0.820312 0.636719 0.806641 0.660156 0.806641 0.666016 0.812500 0.648438 0.853516
0 0.085938 0.701172 0.072266 0.695312 0.072266 0.664062 0.078125 0.658203 0.093750 0.658203 0.099609 0.664062 0.103516 0.691406 0.085938 0.701172
0 0.175781 0.255859 0.156250 0.255859 0.134766 0.242188 0.134766 0.175781 0.152344 0.150391 0.167969 0.146484 0.195312 0.150391 0.205078 0.160156 0.205078 0.210938 0.197266 0.230469 0.175781 0.255859
0 0.000000 0.361328 0.009766 0.367188 0.013672 0.382812 0.013672 0.390625 0.000000 0.400391
0 0.316406 0.689453 0.300781 0.689453 0.294922 0.675781 0.308594 0.662109 0.324219 0.658203 0.333984 0.671875 0.316406 0.689453
0 0.769531 0.935547 0.753906 0.935547 0.740234 0.925781 0.732422 0.906250 0.732422 0.882812 0.740234 0.867188 0.769531 0.841797 0.796875 0.841797 0.810547 0.855469 0.810547 0.871094 0.783203 0.921875 0.769531 0.935547
0 0.050781 0.439453 0.035156 0.435547 0.021484 0.417969 0.021484 0.402344 0.031250 0.392578 0.046875 0.392578 0.052734 0.398438 0.060547 0.425781 0.050781 0.439453
0 0.527344 0.970703 0.494141 0.957031 0.490234 0.937500 0.503906 0.919922 0.511719 0.919922 0.529297 0.937500 0.533203 0.964844 0.527344 0.970703
0 0.121094 0.384766 0.101562 0.384766 0.087891 0.367188 0.087891 0.355469 0.101562 0.337891 0.117188 0.337891 0.130859 0.355469 0.130859 0.371094 0.121094 0.384766
0 0.000000 0.314453 0.013672 0.324219 0.013672 0.343750 0.000000 0.349609
0 0.449219 0.728516 0.431641 0.722656 0.431641 0.710938 0.441406 0.701172 0.458984 0.710938 0.449219 0.728516
0 0.394531 0.708984 0.376953 0.691406 0.382812 0.673828 0.390625 0.673828 0.408203 0.695312 0.394531 0.708984
0 0.042969 0.361328 0.023438 0.361328 0.013672 0.351562 0.013672 0.332031 0.027344 0.322266 0.035156 0.322266 0.048828 0.335938 0.048828 0.355469 0.042969 0.361328
0 0.140625 0.783203 0.117188 0.783203 0.091797 0.757812 0.091797 0.738281 0.097656 0.732422 0.117188 0.728516 0.150391 0.757812 0.150391 0.773438 0.140625 0.783203
0 0.943359 0.000000 0.937500 0.013672 0.914062 0.013672 0.908203 0.000000
0 0.644531 0.927734 0.626953 0.917969 0.636719 0.900391 0.654297 0.906250 0.644531 0.927734
0 0.996094 0.896484 0.972656 0.892578 0.955078 0.871094 0.955078 0.855469 0.966797 0.832031 0.980469 0.822266 0.996094 0.822266
0 0.957031 0.767578 0.943359 0.761719 0.949219 0.748047 0.962891 0.753906 0.957031 0.767578
0 0.000000 0.826172 0.017578 0.835938 0.013672 0.859375 0.000000 0.869141
0 0.414062 0.736328 0.406250 0.736328 0.396484 0.722656 0.396484 0.707031 0.402344 0.701172 0.417969 0.701172 0.431641 0.710938 0.431641 0.722656 0.414062 0.736328
0 0.863281 0.689453 0.843750 0.685547 0.837891 0.675781 0.847656 0.662109 0.878906 0.654297 0.888672 0.664062 0.888672 0.679688 0.882812 0.685547 0.871094 0.681641 0.863281 0.689453
0 0.066406 0.396484 0.031250 0.392578 0.029297 0.363281 0.046875 0.357422 0.074219 0.361328 0.083984 0.378906 0.066406 0.396484
0 0.140625 0.595703 0.113281 0.595703 0.107422 0.589844 0.107422 0.546875 0.121094 0.533203 0.152344 0.541016 0.173828 0.562500 0.173828 0.574219 0.140625 0.595703
0 0.751953 0.000000 0.759766 0.011719 0.753906 0.025391 0.734375 0.025391 0.720703 0.007812 0.724609 0.000000
0 0.718750 0.759766 0.705078 0.753906 0.705078 0.730469 0.714844 0.716797 0.734375 0.716797 0.748047 0.730469 0.748047 0.750000 0.718750 0.759766
0 0.582031 0.947266 0.554688 0.947266 0.541016 0.937500 0.544922 0.910156 0.562500 0.896484 0.589844 0.896484 0.599609 0.906250 0.599609 0.925781 0.582031 0.947266
0 0.105469 0.443359 0.074219 0.439453 0.068359 0.421875 0.082031 0.412109 0.097656 0.412109 0.111328 0.433594 0.105469 0.443359
0 0.433594 0.708984 0.416016 0.699219 0.425781 0.681641 0.443359 0.691406 0.433594 0.708984
