0 0.488281 0.861328 0.457031 0.845703 0.441406 0.845703 0.431641 0.835938 0.427734 0.812500 0.447266 0.761719 0.476562 0.748047 0.511719 0.751953 0.537109 0.777344 0.537109 0.812500 0.529297 0.832031 0.507812 0.853516 0.488281 0.861328
0 0.753906 0.880859 0.730469 0.876953 0.712891 0.859375 0.712891 0.828125 0.738281 0.806641 0.773438 0.802734 0.794922 0.816406 0.798828 0.843750 0.777344 0.869141 0.753906 0.880859
0 0.273438 0.892578 0.271484 0.886719 0.287109 0.863281 0.289062 0.837891 0.294922 0.863281 0.273438 0.892578
0 0.371094 0.837891 0.351562 0.837891 0.345703 0.832031 0.337891 0.816406 0.337891 0.773438 0.363281 0.755859 0.402344 0.755859 0.412109 0.769531 0.408203 0.816406 0.390625 0.833984 0.371094 0.837891
0 0.765625 0.603516 0.734375 0.595703 0.716797 0.578125 0.708984 0.554688 0.685547 0.531250 0.691406 0.513672 0.722656 0.537109 0.738281 0.537109 0.777344 0.513672 0.783203 0.515625 0.802734 0.550781 0.802734 0.574219 0.785156 0.595703 0.765625 0.603516
0 0.664062 0.833984 0.636719 0.826172 0.619141 0.804688 0.623047 0.769531 0.648438 0.751953 0.667969 0.751953 0.683594 0.759766 0.701172 0.781250 0.701172 0.808594 0.683594 0.826172 0.664062 0.833984
0 0.677734 0.996094 0.666016 0.984375 0.666016 0.953125 0.683594 0.931641 0.699219 0.923828 0.726562 0.927734 0.748047 0.953125 0.744141 0.980469 0.732422 0.996094
0 0.148438 0.806641 0.109375 0.794922 0.091797 0.769531 0.091797 0.738281 0.099609 0.722656 0.132812 0.697266 0.164062 0.697266 0.179688 0.705078 0.205078 0.738281 0.201172 0.773438 0.179688 0.794922 0.148438 0.806641
0 0.746094 0.982422 0.750000 0.951172 0.751953 0.972656 0.746094 0.982422
0 0.335938 0.541016 0.324219 0.541016 0.300781 0.521484 0.283203 0.492188 0.283203 0.472656 0.300781 0.439453 0.332031 0.435547 0.380859 0.464844 0.380859 0.515625 0.373047 0.531250 0.367188 0.537109 0.343750 0.533203 0.335938 0.541016
0 0.460938 0.169922 0.421875 0.169922 0.390625 0.158203 0.373047 0.140625 0.373047 0.121094 0.382812 0.111328 0.410156 0.103516 0.429688 0.080078 0.460938 0.076172 0.466797 0.082031 0.462891 0.128906 0.470703 0.136719 0.470703 0.160156 0.460938 0.169922
0 0.443359 0.996094 0.492188 0.958984 0.511719 0.951172 0.523438 0.955078 0.544922 0.976562 0.552734 0.996094
0 0.369141 0.996094 0.398438 0.974609 0.423828 0.996094
0 0.605469 0.533203 0.566406 0.529297 0.546875 0.517578 0.537109 0.503906 0.533203 0.472656 0.554688 0.447266 0.574219 0.439453 0.605469 0.443359 0.634766 0.468750 0.638672 0.507812 0.625000 0.525391 0.605469 0.533203
0 0.359375 0.251953 0.328125 0.251953 0.298828 0.222656 0.294922 0.179688 0.308594 0.162109 0.324219 0.154297 0.343750 0.154297 0.384766 0.191406 0.376953 0.226562 0.359375 0.251953
0 0.382812 0.154297 0.365234 0.144531 0.361328 0.117188 0.330078 0.078125 0.330078 0.046875 0.375000 0.021484 0.406250 0.017578 0.425781 0.025391 0.453125 0.056641 0.472656 0.060547 0.482422 0.074219 0.482422 0.093750 0.496094 0.107422 0.513672 0.113281 0.488281 0.119141 0.474609 0.132812 0.472656 0.146484 0.462891 0.128906 0.466797 0.082031 0.460938 0.076172 0.429688 0.080078 0.410156 0.103516 0.382812 0.111328 0.373047 0.121094 0.373047 0.140625 0.382812 0.154297
0 0.773438 0.474609 0.765625 0.474609 0.746094 0.455078 0.716797 0.453125 0.753906 0.451172 0.771484 0.464844 0.773438 0.474609
0 0.000000 0.642578 0.005859 0.660156 0.025391 0.675781 0.017578 0.703125 0.000000 0.720703
0 0.539062 0.404297 0.507812 0.396484 0.486328 0.375000 0.482422 0.363281 0.482422 0.343750 0.490234 0.328125 0.503906 0.314453 0.523438 0.306641 0.542969 0.306641 0.558594 0.314453 0.580078 0.343750 0.580078 0.363281 0.568359 0.386719 0.539062 0.404297
0 0.621094 0.677734 0.593750 0.677734 0.578125 0.669922 0.560547 0.648438 0.552734 0.625000 0.560547 0.585938 0.578125 0.568359 0.597656 0.560547 0.632812 0.568359 0.654297 0.593750 0.662109 0.613281 0.662109 0.640625 0.654297 0.656250 0.640625 0.669922 0.621094 0.677734
0 0.347656 0.962891 0.316406 0.958984 0.294922 0.941406 0.283203 0.914062 0.296875 0.880859 0.351562 0.876953 0.373047 0.890625 0.373047 0.941406 0.359375 0.958984 0.347656 0.962891
0 0.437500 0.970703 0.425781 0.970703 0.404297 0.957031 0.400391 0.910156 0.417969 0.884766 0.472656 0.873047 0.490234 0.886719 0.490234 0.937500 0.472656 0.958984 0.437500 0.970703
0 0.195312 0.173828 0.164062 0.173828 0.138672 0.140625 0.138672 0.109375 0.150391 0.085938 0.179688 0.064453 0.207031 0.064453 0.226562 0.072266 0.248047 0.101562 0.248047 0.125000 0.236328 0.148438 0.222656 0.162109 0.195312 0.173828
0 0.580078 0.996094 0.583984 0.964844 0.601562 0.947266 0.636719 0.951172 0.646484 0.960938 0.654297 0.996094
0 0.996094 0.291016 0.957031 0.294922 0.941406 0.287109 0.927734 0.273438 0.916016 0.242188 0.923828 0.218750 0.957031 0.189453 0.996094 0.193359
0 0.996094 0.142578 0.968750 0.162109 0.933594 0.162109 0.914062 0.154297 0.896484 0.128906 0.896484 0.105469 0.904297 0.089844 0.933594 0.068359 0.968750 0.068359 0.996094 0.087891
0 0.312500 0.818359 0.261719 0.806641 0.244141 0.789062 0.232422 0.746094 0.253906 0.716797 0.296875 0.712891 0.333984 0.742188 0.330078 0.800781 0.312500 0.818359
0 0.224609 0.996094 0.232422 0.984375 0.232422 0.964844 0.220703 0.941406 0.238281 0.927734 0.265625 0.935547 0.292969 0.962891 0.300781 0.962891 0.318359 0.980469 0.318359 0.996094
0 0.126953 0.996094 0.103516 0.972656 0.095703 0.953125 0.099609 0.929688 0.117188 0.912109 0.152344 0.912109 0.185547 0.937500 0.193359 0.968750 0.177734 0.996094
0 0.861328 0.000000 0.849609 0.031250 0.828125 0.048828 0.789062 0.044922 0.763672 0.000000
0 0.242188 0.908203 0.205078 0.894531 0.197266 0.855469 0.218750 0.830078 0.242188 0.822266 0.269531 0.822266 0.287109 0.839844 0.287109 0.863281 0.271484 0.890625 0.242188 0.908203
0 0.273438 0.603516 0.238281 0.603516 0.220703 0.589844 0.212891 0.574219 0.212891 0.539062 0.234375 0.505859 0.273438 0.494141 0.281250 0.482422 0.291016 0.511719 0.324219 0.541016 0.333984 0.542969 0.314453 0.558594 0.310547 0.578125 0.292969 0.595703 0.273438 0.603516
0 0.986328 0.996094 0.962891 0.968750 0.955078 0.925781 0.966797 0.898438 0.996094 0.876953
0 0.828125 0.208984 0.792969 0.205078 0.767578 0.183594 0.759766 0.167969 0.759766 0.140625 0.777344 0.119141 0.796875 0.111328 0.839844 0.111328 0.861328 0.128906 0.869141 0.144531 0.869141 0.175781 0.851562 0.197266 0.828125 0.208984
0 0.738281 0.537109 0.710938 0.533203 0.689453 0.511719 0.689453 0.468750 0.699219 0.458984 0.746094 0.455078 0.779297 0.480469 0.779297 0.511719 0.738281 0.537109
0 0.503906 0.220703 0.480469 0.220703 0.466797 0.207031 0.462891 0.175781 0.476562 0.130859 0.488281 0.119141 0.523438 0.115234 0.548828 0.140625 0.548828 0.179688 0.523438 0.212891 0.503906 0.220703
0 0.093750 0.693359 0.058594 0.685547 0.017578 0.617188 0.025391 0.597656 0.046875 0.576172 0.089844 0.576172 0.119141 0.605469 0.130859 0.640625 0.130859 0.660156 0.109375 0.689453 0.093750 0.693359
