0 0.316406 0.927734 0.285156 0.919922 0.263672 0.894531 0.263672 0.867188 0.281250 0.849609 0.316406 0.849609 0.330078 0.859375 0.337891 0.875000 0.337891 0.910156 0.316406 0.927734
0 0.255859 0.996094 0.273438 0.974609 0.289062 0.966797 0.312500 0.970703 0.330078 0.988281 0.330078 0.996094
0 0.996094 0.216797 0.972656 0.205078 0.955078 0.187500 0.958984 0.160156 0.984375 0.138672 0.996094 0.142578
0 0.431641 0.996094 0.441406 0.978516 0.468750 0.966797 0.482422 0.976562 0.482422 0.988281 0.494141 0.996094
0 0.429688 0.845703 0.394531 0.841797 0.388672 0.835938 0.388672 0.816406 0.410156 0.775391 0.433594 0.751953 0.453125 0.751953 0.466797 0.769531 0.466797 0.804688 0.429688 0.845703
0 0.957031 0.470703 0.929688 0.470703 0.908203 0.453125 0.908203 0.425781 0.921875 0.412109 0.941406 0.408203 0.966797 0.429688 0.970703 0.453125 0.957031 0.470703
0 0.197266 0.996094 0.189453 0.988281 0.189453 0.976562 0.197266 0.941406 0.207031 0.927734 0.226562 0.927734 0.251953 0.953125 0.232422 0.996094
0 0.136719 0.119141 0.109375 0.119141 0.083984 0.093750 0.091797 0.058594 0.105469 0.044922 0.132812 0.041016 0.150391 0.070312 0.150391 0.097656 0.136719 0.119141
0 0.320312 0.783203 0.304688 0.779297 0.294922 0.769531 0.294922 0.753906 0.304688 0.744141 0.320312 0.744141 0.337891 0.757812 0.333984 0.773438 0.320312 0.783203
0 0.960938 0.302734 0.927734 0.292969 0.923828 0.238281 0.937500 0.228516 0.960938 0.228516 0.974609 0.242188 0.982422 0.261719 0.974609 0.289062 0.960938 0.302734
0 0.871094 0.166016 0.847656 0.158203 0.830078 0.144531 0.826172 0.101562 0.839844 0.083984 0.878906 0.080078 0.904297 0.105469 0.904297 0.148438 0.894531 0.158203 0.871094 0.166016
0 0.312500 0.677734 0.289062 0.677734 0.273438 0.669922 0.263672 0.660156 0.259766 0.644531 0.277344 0.626953 0.296875 0.630859 0.322266 0.652344 0.322266 0.667969 0.312500 0.677734
0 0.000000 0.044922 0.011719 0.044922 0.025391 0.058594 0.025391 0.082031 0.011719 0.099609 0.000000 0.099609
0 0.421875 0.947266 0.406250 0.947266 0.396484 0.937500 0.388672 0.914062 0.396484 0.894531 0.417969 0.873047 0.437500 0.869141 0.458984 0.882812 0.462891 0.898438 0.451172 0.921875 0.421875 0.947266
0 0.902344 0.396484 0.875000 0.392578 0.845703 0.371094 0.861328 0.347656 0.857422 0.304688 0.867188 0.294922 0.890625 0.310547 0.914062 0.310547 0.935547 0.339844 0.935547 0.367188 0.921875 0.384766 0.902344 0.396484
0 0.000000 0.337891 0.011719 0.326172 0.035156 0.322266 0.056641 0.347656 0.056641 0.367188 0.027344 0.400391 0.000000 0.392578
0 0.843750 0.373047 0.804688 0.373047 0.783203 0.351562 0.779297 0.308594 0.800781 0.291016 0.843750 0.291016 0.861328 0.308594 0.861328 0.347656 0.843750 0.373047
0 0.917969 0.310547 0.890625 0.310547 0.875000 0.302734 0.865234 0.289062 0.861328 0.242188 0.882812 0.224609 0.910156 0.224609 0.923828 0.234375 0.927734 0.296875 0.917969 0.310547
0 0.542969 0.978516 0.523438 0.978516 0.501953 0.960938 0.505859 0.925781 0.527344 0.912109 0.542969 0.912109 0.564453 0.937500 0.564453 0.953125 0.542969 0.978516
0 0.453125 0.712891 0.445312 0.712891 0.419922 0.687500 0.412109 0.664062 0.412109 0.656250 0.437500 0.634766 0.457031 0.634766 0.470703 0.648438 0.474609 0.691406 0.453125 0.712891
0 0.582031 0.322266 0.558594 0.314453 0.544922 0.296875 0.544922 0.277344 0.566406 0.259766 0.585938 0.263672 0.599609 0.277344 0.599609 0.308594 0.582031 0.322266
0 0.183594 0.873047 0.171875 0.873047 0.150391 0.843750 0.150391 0.820312 0.167969 0.802734 0.199219 0.806641 0.220703 0.828125 0.212891 0.859375 0.183594 0.873047
0 0.546875 0.869141 0.511719 0.869141 0.486328 0.835938 0.486328 0.808594 0.511719 0.787109 0.562500 0.783203 0.572266 0.796875 0.568359 0.839844 0.546875 0.869141
0 0.996094 0.052734 0.984375 0.052734 0.966797 0.039062 0.970703 0.011719 0.962891 0.000000
