0 0.368750 0.341797 0.357812 0.335938 0.357812 0.292969 0.368750 0.267578 0.409375 0.232422 0.428125 0.205078 0.478125 0.169922 0.509375 0.169922 0.517188 0.179688 0.514062 0.203125 0.501563 0.226562 0.434375 0.310547 0.406250 0.322266 0.387500 0.322266 0.368750 0.341797
0 0.637500 0.662109 0.623437 0.648438 0.623437 0.621094 0.629687 0.613281 0.629687 0.585938 0.651563 0.542969 0.678125 0.505859 0.696875 0.490234 0.709375 0.482422 0.737500 0.482422 0.748437 0.503906 0.751563 0.523438 0.751563 0.566406 0.742188 0.589844 0.717187 0.628906 0.696875 0.646484 0.671875 0.658203 0.637500 0.662109
0 0.053125 0.951172 0.043750 0.951172 0.023438 0.929688 0.020313 0.906250 0.020313 0.890625 0.046875 0.853516 0.056250 0.853516 0.073438 0.875000 0.076563 0.902344 0.073438 0.929688 0.053125 0.951172
0 0.996875 0.603516 0.979688 0.582031 0.979688 0.550781 0.989062 0.515625 0.996875 0.509766
0 0.543750 0.837891 0.518750 0.833984 0.485938 0.804688 0.479687 0.761719 0.487500 0.748047 0.565625 0.748047 0.578125 0.751953 0.595313 0.773438 0.579688 0.820312 0.568750 0.830078 0.543750 0.837891
0 0.478125 0.318359 0.470313 0.312500 0.470313 0.300781 0.496875 0.279297 0.510938 0.253906 0.550000 0.212891 0.625000 0.162109 0.643750 0.162109 0.681250 0.134766 0.703125 0.134766 0.707812 0.140625 0.707812 0.152344 0.675000 0.193359 0.653125 0.201172 0.615625 0.228516 0.584375 0.255859 0.553125 0.298828 0.503125 0.306641 0.478125 0.318359
0 0.000000 0.365234 0.006250 0.361328 0.012500 0.369141 0.028125 0.369141 0.054688 0.390625 0.048438 0.433594 0.037500 0.451172 0.000000 0.455078
0 0.593750 0.712891 0.579688 0.707031 0.579688 0.667969 0.589063 0.656250 0.607812 0.609375 0.618750 0.599609 0.623437 0.605469 0.623437 0.648438 0.645312 0.679688 0.593750 0.712891
0 0.275000 0.990234 0.256250 0.990234 0.250000 0.982422 0.209375 0.982422 0.189062 0.949219 0.192188 0.925781 0.212500 0.904297 0.234375 0.892578 0.275000 0.888672 0.287500 0.904297 0.303125 0.908203 0.320312 0.925781 0.314063 0.972656 0.306250 0.982422 0.275000 0.990234
0 0.453125 0.513672 0.431250 0.513672 0.420312 0.500000 0.448437 0.394531 0.487500 0.345703 0.506250 0.337891 0.515625 0.326172 0.550000 0.322266 0.564063 0.347656 0.564063 0.359375 0.517188 0.406250 0.514062 0.425781 0.492188 0.453125 0.485938 0.484375 0.471875 0.501953 0.453125 0.513672
0 0.000000 0.208984 0.025000 0.201172 0.032813 0.218750 0.032813 0.253906 0.012500 0.283203 0.000000 0.287109
0 0.350000 0.259766 0.312500 0.259766 0.307812 0.253906 0.310937 0.230469 0.339062 0.195312 0.351562 0.167969 0.378125 0.138672 0.415625 0.138672 0.423438 0.148438 0.423438 0.175781 0.407813 0.207031 0.375000 0.244141 0.350000 0.259766
0 0.893750 0.705078 0.878125 0.701172 0.857812 0.679688 0.854688 0.621094 0.848437 0.593750 0.900000 0.533203 0.909375 0.533203 0.918750 0.537109 0.935937 0.562500 0.945312 0.613281 0.945312 0.652344 0.921875 0.689453 0.893750 0.705078
0 0.818750 0.630859 0.806250 0.630859 0.787500 0.619141 0.773438 0.597656 0.773438 0.585938 0.760938 0.554688 0.760938 0.488281 0.770312 0.437500 0.790625 0.416016 0.840625 0.412109 0.862500 0.423828 0.879687 0.449219 0.885938 0.542969 0.876563 0.554688 0.876563 0.562500 0.818750 0.630859
0 0.584375 0.435547 0.571875 0.435547 0.567187 0.429688 0.573438 0.363281 0.584375 0.349609 0.653125 0.345703 0.657813 0.351562 0.653125 0.365234 0.637500 0.369141 0.584375 0.435547
0 0.306250 0.197266 0.271875 0.197266 0.248438 0.171875 0.239063 0.148438 0.242188 0.097656 0.275000 0.068359 0.312500 0.083984 0.342187 0.121094 0.348438 0.136719 0.345313 0.167969 0.325000 0.193359 0.306250 0.197266
0 0.612500 0.349609 0.584375 0.349609 0.576562 0.328125 0.585938 0.292969 0.628125 0.236328 0.715625 0.181641 0.759375 0.181641 0.764062 0.187500 0.756250 0.205078 0.750000 0.205078 0.723437 0.234375 0.704688 0.285156 0.665625 0.337891 0.612500 0.349609
0 0.351562 0.000000 0.370312 0.003906 0.370312 0.039062 0.364063 0.066406 0.337500 0.087891 0.309375 0.083984 0.290625 0.076172 0.275000 0.060547 0.237500 0.052734 0.223438 0.031250 0.223438 0.019531 0.231250 0.005859 0.242188 0.000000
0 0.346875 0.412109 0.335938 0.406250 0.335938 0.390625 0.371875 0.337891 0.431250 0.310547 0.453125 0.306641 0.457813 0.312500 0.439063 0.351562 0.409375 0.380859 0.346875 0.412109
0 0.775000 0.748047 0.750000 0.744141 0.734375 0.732422 0.710938 0.707031 0.704688 0.687500 0.685937 0.664062 0.690625 0.646484 0.712500 0.642578 0.737500 0.607422 0.746875 0.611328 0.764062 0.636719 0.773438 0.664062 0.789062 0.726562 0.789062 0.738281 0.775000 0.748047
0 0.712500 0.408203 0.706250 0.408203 0.689063 0.378906 0.670312 0.359375 0.670312 0.343750 0.743750 0.251953 0.775000 0.224609 0.800000 0.216797 0.818750 0.220703 0.839063 0.246094 0.839063 0.265625 0.826562 0.289062 0.826562 0.300781 0.809375 0.326172 0.759375 0.353516 0.712500 0.408203
0 0.490625 0.619141 0.475000 0.619141 0.457813 0.597656 0.457813 0.570312 0.467187 0.550781 0.467187 0.539062 0.484375 0.517578 0.493750 0.517578 0.521875 0.494141 0.537500 0.490234 0.550000 0.498047 0.560937 0.515625 0.560937 0.566406 0.540625 0.587891 0.525000 0.595703 0.515625 0.611328 0.490625 0.619141
0 0.489063 0.000000 0.479687 0.031250 0.459375 0.060547 0.400000 0.111328 0.362500 0.123047 0.357812 0.078125 0.370312 0.046875 0.373437 0.000000
0 0.631250 0.521484 0.593750 0.517578 0.579688 0.500000 0.582812 0.437500 0.637500 0.369141 0.656250 0.365234 0.678125 0.376953 0.689063 0.390625 0.698438 0.410156 0.698438 0.433594 0.657813 0.500000 0.631250 0.521484
0 0.000000 0.005859 0.007812 0.011719 0.000000 0.119141
