0 0.617188 0.505859 0.593750 0.505859 0.572266 0.484375 0.572266 0.445312 0.589844 0.431641 0.617188 0.431641 0.630859 0.445312 0.630859 0.476562 0.617188 0.505859
0 0.103516 0.996094 0.107422 0.964844 0.117188 0.958984 0.134766 0.960938 0.134766 0.996094
0 0.574219 0.154297 0.550781 0.150391 0.541016 0.132812 0.541016 0.101562 0.546875 0.095703 0.566406 0.095703 0.576172 0.105469 0.580078 0.144531 0.574219 0.154297
0 0.917969 0.146484 0.902344 0.146484 0.873047 0.109375 0.873047 0.082031 0.886719 0.072266 0.917969 0.072266 0.939453 0.101562 0.939453 0.128906 0.917969 0.146484
0 0.089844 0.607422 0.070312 0.607422 0.064453 0.601562 0.064453 0.566406 0.082031 0.548828 0.097656 0.548828 0.111328 0.558594 0.111328 0.578125 0.089844 0.607422
0 0.316406 0.341797 0.300781 0.341797 0.291016 0.332031 0.291016 0.308594 0.304688 0.294922 0.326172 0.300781 0.326172 0.335938 0.316406 0.341797
0 0.726562 0.892578 0.710938 0.892578 0.697266 0.882812 0.697266 0.847656 0.707031 0.833984 0.726562 0.833984 0.740234 0.843750 0.744141 0.871094 0.740234 0.882812 0.726562 0.892578
0 0.464844 0.529297 0.445312 0.529297 0.435547 0.515625 0.435547 0.500000 0.445312 0.478516 0.464844 0.478516 0.470703 0.484375 0.470703 0.519531 0.464844 0.529297
0 0.794922 0.996094 0.791016 0.964844 0.800781 0.955078 0.826172 0.957031 0.833984 0.968750 0.833984 0.996094
0 0.207031 0.091797 0.177734 0.085938 0.173828 0.046875 0.187500 0.029297 0.210938 0.029297 0.216797 0.035156 0.216797 0.082031 0.207031 0.091797
0 0.679688 0.744141 0.644531 0.740234 0.642578 0.714844 0.660156 0.705078 0.699219 0.708984 0.701172 0.726562 0.679688 0.744141
0 0.417969 0.173828 0.396484 0.171875 0.392578 0.144531 0.400391 0.121094 0.410156 0.111328 0.429688 0.111328 0.439453 0.128906 0.439453 0.160156 0.417969 0.173828
0 0.335938 0.728516 0.304688 0.724609 0.298828 0.718750 0.298828 0.699219 0.308594 0.697266 0.320312 0.677734 0.351562 0.673828 0.361328 0.683594 0.361328 0.710938 0.335938 0.728516
