0 0.695312 0.966797 0.652344 0.962891 0.630859 0.945312 0.626953 0.925781 0.640625 0.919922 0.660156 0.935547 0.695312 0.947266 0.701172 0.953125 0.695312 0.966797
0 0.000000 0.482422 0.011719 0.478516 0.021484 0.488281 0.021484 0.500000 0.007812 0.505859 0.000000 0.498047
0 0.851562 0.841797 0.828125 0.841797 0.818359 0.816406 0.820312 0.806641 0.847656 0.791016 0.863281 0.794922 0.869141 0.808594 0.869141 0.828125 0.851562 0.841797
0 0.000000 0.626953 0.011719 0.626953 0.029297 0.644531 0.029297 0.652344 0.011719 0.658203 0.000000 0.646484
0 0.054688 0.560547 0.042969 0.560547 0.009766 0.527344 0.009766 0.507812 0.021484 0.500000 0.021484 0.488281 0.039062 0.474609 0.058594 0.474609 0.076172 0.492188 0.080078 0.507812 0.076172 0.542969 0.054688 0.560547
0 0.000000 0.814453 0.013672 0.824219 0.013672 0.847656 0.000000 0.861328
0 0.039062 0.646484 0.025391 0.640625 0.031250 0.626953 0.044922 0.632812 0.039062 0.646484
0 0.859375 0.662109 0.841797 0.648438 0.841797 0.617188 0.847656 0.611328 0.865234 0.617188 0.869141 0.640625 0.859375 0.662109
0 0.513672 0.996094 0.527344 0.982422 0.546875 0.982422 0.556641 0.996094
0 0.117188 0.896484 0.101562 0.896484 0.087891 0.878906 0.091797 0.863281 0.101562 0.853516 0.121094 0.853516 0.130859 0.863281 0.130859 0.882812 0.117188 0.896484
0 0.960938 0.943359 0.945312 0.943359 0.939453 0.937500 0.939453 0.898438 0.960938 0.876953 0.972656 0.888672 0.990234 0.894531 0.990234 0.914062 0.982422 0.929688 0.960938 0.943359
0 0.753906 0.900391 0.726562 0.900391 0.701172 0.875000 0.701172 0.859375 0.718750 0.841797 0.753906 0.841797 0.767578 0.851562 0.767578 0.886719 0.753906 0.900391
0 0.855469 0.712891 0.832031 0.712891 0.806641 0.695312 0.802734 0.664062 0.816406 0.650391 0.847656 0.654297 0.869141 0.671875 0.869141 0.695312 0.855469 0.712891
0 0.000000 0.529297 0.011719 0.529297 0.029297 0.542969 0.029297 0.558594 0.023438 0.564453 0.000000 0.568359
0 0.607422 0.996094 0.603516 0.972656 0.621094 0.955078 0.636719 0.955078 0.646484 0.964844 0.654297 0.980469 0.650391 0.996094
