0 0.000000 0.276389 0.033333 0.284722 0.041667 0.295833 0.061111 0.306944 0.076389 0.341667 0.076389 0.352778 0.061111 0.381944 0.030556 0.406944 0.011111 0.412500 0.008333 0.418056 0.002778 0.418056 0.000000 0.412500
0 0.000000 0.470833 0.025000 0.481944 0.027778 0.487500 0.030556 0.484722 0.031944 0.494444 0.037500 0.494444 0.045833 0.519444 0.051389 0.522222 0.051389 0.536111 0.040278 0.552778 0.027778 0.559722 0.016667 0.573611 0.000000 0.581944
0 0.650000 0.893056 0.597222 0.893056 0.594444 0.887500 0.580556 0.887500 0.563889 0.876389 0.548611 0.863889 0.551389 0.855556 0.540278 0.838889 0.540278 0.805556 0.555556 0.790278 0.591667 0.779167 0.650000 0.779167 0.675000 0.793056 0.687500 0.808333 0.684722 0.811111 0.690278 0.819444 0.690278 0.855556 0.684722 0.872222 0.677778 0.879167 0.650000 0.893056
0 0.127778 0.179167 0.108333 0.179167 0.105556 0.173611 0.069444 0.165278 0.027778 0.137500 0.023611 0.127778 0.026389 0.102778 0.037500 0.094444 0.048611 0.075000 0.070833 0.058333 0.070833 0.050000 0.084722 0.022222 0.108333 0.015278 0.147222 0.015278 0.150000 0.020833 0.169444 0.020833 0.197222 0.031944 0.231944 0.061111 0.245833 0.086111 0.243056 0.116667 0.216667 0.145833 0.183333 0.165278 0.127778 0.179167
0 0.690278 0.997222 0.684722 0.994444 0.676389 0.977778 0.668056 0.944444 0.668056 0.919444 0.681944 0.900000 0.695833 0.891667 0.697222 0.884722 0.711111 0.876389 0.727778 0.873611 0.772222 0.873611 0.822222 0.906944 0.843056 0.927778 0.851389 0.952778 0.865278 0.975000 0.868056 0.997222
0 0.997222 0.470833 0.981944 0.455556 0.970833 0.433333 0.948611 0.411111 0.945833 0.402778 0.945833 0.366667 0.951389 0.355556 0.966667 0.337500 0.997222 0.323611
0 0.605556 0.640278 0.575000 0.626389 0.548611 0.600000 0.548611 0.555556 0.575000 0.523611 0.597222 0.512500 0.613889 0.512500 0.661111 0.495833 0.700000 0.506944 0.709722 0.522222 0.715278 0.544444 0.715278 0.566667 0.709722 0.583333 0.675000 0.623611 0.652778 0.626389 0.636111 0.637500 0.605556 0.640278
0 0.602778 0.368056 0.586111 0.368056 0.558333 0.359722 0.526389 0.325000 0.518056 0.302778 0.518056 0.291667 0.527778 0.279167 0.547222 0.270833 0.555556 0.259722 0.588889 0.234722 0.611111 0.237500 0.641667 0.276389 0.683333 0.295833 0.693056 0.319444 0.684722 0.341667 0.675000 0.354167 0.661111 0.359722 0.627778 0.354167 0.605556 0.362500 0.602778 0.368056
0 0.295833 0.997222 0.305556 0.970833 0.322222 0.956944 0.352778 0.948611 0.375000 0.948611 0.397222 0.956944 0.418056 0.977778 0.423611 0.997222
0 0.763889 0.456944 0.750000 0.456944 0.729167 0.441667 0.715278 0.416667 0.715278 0.408333 0.709722 0.405556 0.709722 0.383333 0.720833 0.363889 0.726389 0.341667 0.752778 0.306944 0.794444 0.304167 0.811111 0.312500 0.837500 0.338889 0.843056 0.377778 0.826389 0.416667 0.806944 0.436111 0.806944 0.447222 0.788889 0.454167 0.763889 0.456944
0 0.931944 0.000000 0.908333 0.018056 0.869444 0.029167 0.816667 0.029167 0.805556 0.023611 0.780556 0.020833 0.763889 0.012500 0.754167 0.000000
0 0.808333 0.190278 0.777778 0.187500 0.736111 0.162500 0.715278 0.144444 0.715278 0.136111 0.705556 0.129167 0.680556 0.118056 0.655556 0.118056 0.647222 0.112500 0.643056 0.100000 0.656944 0.077778 0.669444 0.065278 0.688889 0.062500 0.716667 0.051389 0.766667 0.051389 0.802778 0.056944 0.852778 0.081944 0.870833 0.105556 0.870833 0.136111 0.862500 0.161111 0.838889 0.184722 0.808333 0.190278
0 0.056944 0.997222 0.044444 0.995833 0.037500 0.988889 0.040278 0.952778 0.066667 0.929167 0.105556 0.904167 0.138889 0.901389 0.152778 0.904167 0.183333 0.920833 0.212500 0.947222 0.215278 0.963889 0.206944 0.997222
0 0.169444 0.712500 0.147222 0.709722 0.126389 0.688889 0.126389 0.630556 0.137500 0.594444 0.154167 0.563889 0.169444 0.551389 0.200000 0.551389 0.219444 0.559722 0.231944 0.580556 0.234722 0.647222 0.220833 0.686111 0.200000 0.701389 0.169444 0.712500
0 0.286111 0.901389 0.261111 0.898611 0.245833 0.880556 0.245833 0.875000 0.220833 0.850000 0.206944 0.822222 0.204167 0.777778 0.219444 0.751389 0.247222 0.743056 0.294444 0.745833 0.319444 0.756944 0.340278 0.777778 0.345833 0.797222 0.343056 0.833333 0.337500 0.844444 0.295833 0.883333 0.286111 0.901389
0 0.150000 0.484722 0.105556 0.481944 0.069444 0.470833 0.048611 0.452778 0.045833 0.419444 0.073611 0.377778 0.094444 0.359722 0.133333 0.345833 0.172222 0.345833 0.188889 0.354167 0.204167 0.369444 0.209722 0.380556 0.212500 0.416667 0.181944 0.461111 0.150000 0.484722
0 0.351389 0.000000 0.368056 0.030556 0.368056 0.052778 0.359722 0.072222 0.341667 0.090278 0.316667 0.098611 0.294444 0.098611 0.252778 0.076389 0.208333 0.043056 0.201389 0.030556 0.176389 0.011111 0.173611 0.000000
0 0.327778 0.756944 0.316667 0.756944 0.294444 0.745833 0.255556 0.740278 0.243056 0.722222 0.231944 0.694444 0.231944 0.666667 0.240278 0.625000 0.234722 0.594444 0.237500 0.555556 0.261111 0.523611 0.283333 0.512500 0.322222 0.515278 0.343056 0.530556 0.345833 0.541667 0.340278 0.544444 0.345833 0.552778 0.345833 0.575000 0.351389 0.588889 0.351389 0.594444 0.345833 0.597222 0.351389 0.608333 0.348611 0.619444 0.387500 0.661111 0.387500 0.727778 0.363889 0.748611 0.327778 0.756944
0 0.491667 0.493056 0.436111 0.490278 0.418056 0.472222 0.418056 0.436111 0.431944 0.411111 0.434722 0.363889 0.445833 0.344444 0.466667 0.323611 0.477778 0.320833 0.486111 0.306944 0.494444 0.306944 0.497222 0.312500 0.513889 0.312500 0.516667 0.318056 0.522222 0.318056 0.545833 0.355556 0.543056 0.386111 0.526389 0.441667 0.520833 0.447222 0.518056 0.466667 0.508333 0.481944 0.491667 0.493056
0 0.000000 0.837500 0.022222 0.834722 0.041667 0.837500 0.058333 0.845833 0.068056 0.855556 0.076389 0.877778 0.073611 0.911111 0.056944 0.925000 0.047222 0.940278 0.036111 0.943056 0.008333 0.970833 0.000000 0.970833
0 0.997222 0.698611 0.986111 0.695833 0.968056 0.677778 0.965278 0.644444 0.973611 0.625000 0.997222 0.598611
0 0.427778 0.401389 0.413889 0.401389 0.409722 0.397222 0.413889 0.379167 0.429167 0.380556 0.427778 0.401389
