0 0.300781 0.451172 0.283203 0.441406 0.283203 0.414062 0.289062 0.408203 0.300781 0.408203 0.310547 0.425781 0.310547 0.441406 0.300781 0.451172
0 0.468750 0.654297 0.457031 0.654297 0.451172 0.636719 0.460938 0.619141 0.480469 0.615234 0.490234 0.632812 0.468750 0.654297
0 0.277344 0.107422 0.265625 0.107422 0.255859 0.089844 0.269531 0.072266 0.292969 0.068359 0.302734 0.078125 0.302734 0.089844 0.277344 0.107422
0 0.593750 0.060547 0.578125 0.060547 0.560547 0.042969 0.556641 0.027344 0.562500 0.021484 0.582031 0.021484 0.603516 0.039062 0.603516 0.050781 0.593750 0.060547
0 0.718750 0.119141 0.697266 0.105469 0.693359 0.078125 0.699219 0.072266 0.718750 0.076172 0.728516 0.089844 0.728516 0.109375 0.718750 0.119141
0 0.921875 0.767578 0.900391 0.746094 0.900391 0.726562 0.910156 0.716797 0.925781 0.716797 0.939453 0.734375 0.939453 0.753906 0.921875 0.767578
0 0.945312 0.482422 0.927734 0.476562 0.925781 0.439453 0.941406 0.439453 0.955078 0.449219 0.955078 0.472656 0.945312 0.482422
0 0.078125 0.955078 0.060547 0.945312 0.066406 0.927734 0.083984 0.933594 0.083984 0.949219 0.078125 0.955078
0 0.042969 0.162109 0.029297 0.156250 0.029297 0.144531 0.042969 0.126953 0.058594 0.126953 0.064453 0.144531 0.042969 0.162109
0 0.492188 0.533203 0.472656 0.533203 0.466797 0.527344 0.476562 0.498047 0.488281 0.498047 0.501953 0.515625 0.492188 0.533203
0 0.660156 0.166016 0.642578 0.156250 0.642578 0.140625 0.656250 0.126953 0.671875 0.126953 0.677734 0.132812 0.677734 0.148438 0.660156 0.166016
0 0.753906 0.822266 0.734375 0.822266 0.728516 0.816406 0.728516 0.804688 0.742188 0.791016 0.753906 0.791016 0.763672 0.800781 0.763672 0.812500 0.753906 0.822266
0 0.980469 0.392578 0.968750 0.392578 0.951172 0.375000 0.951172 0.359375 0.957031 0.353516 0.976562 0.357422 0.990234 0.371094 0.990234 0.382812 0.980469 0.392578
0 0.378906 0.076172 0.359375 0.076172 0.349609 0.066406 0.349609 0.054688 0.363281 0.041016 0.386719 0.041016 0.392578 0.046875 0.378906 0.076172
0 0.742188 0.400391 0.724609 0.394531 0.724609 0.378906 0.734375 0.365234 0.746094 0.365234 0.755859 0.375000 0.755859 0.390625 0.742188 0.400391
0 0.433594 0.068359 0.414062 0.068359 0.408203 0.062500 0.408203 0.046875 0.414062 0.041016 0.441406 0.037109 0.451172 0.046875 0.451172 0.054688 0.433594 0.068359
0 0.875000 0.787109 0.863281 0.787109 0.849609 0.773438 0.845703 0.757812 0.855469 0.740234 0.865234 0.742188 0.880859 0.765625 0.880859 0.781250 0.875000 0.787109
0 0.804688 0.927734 0.789062 0.927734 0.783203 0.921875 0.783203 0.910156 0.792969 0.896484 0.804688 0.896484 0.814453 0.910156 0.804688 0.927734
0 0.515625 0.111328 0.498047 0.105469 0.498047 0.082031 0.503906 0.076172 0.539062 0.080078 0.544922 0.085938 0.544922 0.101562 0.515625 0.111328
0 0.835938 0.748047 0.816406 0.748047 0.810547 0.730469 0.832031 0.712891 0.843750 0.712891 0.849609 0.718750 0.849609 0.738281 0.835938 0.748047
0 0.058594 0.310547 0.041016 0.300781 0.041016 0.281250 0.060547 0.250000 0.078125 0.244141 0.083984 0.250000 0.080078 0.285156 0.076172 0.296875 0.058594 0.310547
0 0.542969 0.294922 0.527344 0.294922 0.513672 0.285156 0.509766 0.257812 0.519531 0.248047 0.539062 0.248047 0.548828 0.257812 0.556641 0.281250 0.542969 0.294922
0 0.257812 0.533203 0.250000 0.533203 0.236328 0.519531 0.236328 0.488281 0.242188 0.482422 0.253906 0.482422 0.267578 0.496094 0.267578 0.523438 0.257812 0.533203
0 0.539062 0.955078 0.531250 0.955078 0.517578 0.941406 0.517578 0.929688 0.531250 0.919922 0.548828 0.925781 0.548828 0.945312 0.539062 0.955078
0 0.796875 0.166016 0.775391 0.156250 0.775391 0.140625 0.789062 0.130859 0.812500 0.126953 0.818359 0.132812 0.818359 0.152344 0.796875 0.166016
0 0.320312 0.552734 0.302734 0.542969 0.302734 0.531250 0.320312 0.513672 0.328125 0.513672 0.341797 0.523438 0.341797 0.535156 0.320312 0.552734
0 0.261719 0.318359 0.214844 0.314453 0.201172 0.300781 0.218750 0.287109 0.265625 0.287109 0.275391 0.304688 0.261719 0.318359
0 0.664062 0.447266 0.648438 0.443359 0.630859 0.425781 0.630859 0.414062 0.644531 0.400391 0.660156 0.404297 0.677734 0.425781 0.677734 0.433594 0.664062 0.447266
0 0.289062 0.193359 0.277344 0.193359 0.259766 0.171875 0.255859 0.140625 0.261719 0.134766 0.273438 0.134766 0.298828 0.164062 0.298828 0.183594 0.289062 0.193359
0 0.167969 0.115234 0.146484 0.097656 0.138672 0.082031 0.138672 0.062500 0.148438 0.048828 0.160156 0.048828 0.173828 0.066406 0.177734 0.105469 0.167969 0.115234
0 0.953125 0.447266 0.923828 0.437500 0.919922 0.414062 0.925781 0.408203 0.937500 0.408203 0.951172 0.417969 0.953125 0.447266
0 0.187500 0.283203 0.164062 0.283203 0.158203 0.265625 0.175781 0.255859 0.195312 0.255859 0.201172 0.269531 0.187500 0.283203
0 0.390625 0.912109 0.371094 0.912109 0.353516 0.890625 0.353516 0.878906 0.367188 0.865234 0.386719 0.865234 0.396484 0.875000 0.400391 0.902344 0.390625 0.912109
0 0.121094 0.072266 0.099609 0.054688 0.095703 0.023438 0.101562 0.017578 0.117188 0.017578 0.134766 0.042969 0.130859 0.062500 0.121094 0.072266
0 0.191406 0.412109 0.175781 0.412109 0.162109 0.398438 0.162109 0.371094 0.171875 0.361328 0.183594 0.361328 0.193359 0.371094 0.197266 0.406250 0.191406 0.412109
0 0.738281 0.595703 0.724609 0.585938 0.724609 0.578125 0.738281 0.564453 0.753906 0.564453 0.763672 0.582031 0.753906 0.591797 0.738281 0.595703
0 0.042969 0.380859 0.013672 0.351562 0.019531 0.333984 0.029297 0.335938 0.052734 0.367188 0.042969 0.380859
0 0.757812 0.943359 0.746094 0.943359 0.728516 0.929688 0.728516 0.910156 0.742188 0.896484 0.757812 0.896484 0.771484 0.914062 0.771484 0.925781 0.757812 0.943359
0 0.421875 0.123047 0.394531 0.119141 0.388672 0.101562 0.410156 0.087891 0.429688 0.091797 0.435547 0.097656 0.435547 0.113281 0.421875 0.123047
0 0.593750 0.541016 0.585938 0.541016 0.560547 0.511719 0.560547 0.496094 0.574219 0.486328 0.582031 0.486328 0.595703 0.500000 0.607422 0.523438 0.593750 0.541016
0 0.097656 0.462891 0.076172 0.453125 0.076172 0.429688 0.085938 0.419922 0.101562 0.419922 0.107422 0.425781 0.107422 0.453125 0.097656 0.462891
0 0.722656 0.763672 0.710938 0.763672 0.701172 0.750000 0.701172 0.734375 0.707031 0.728516 0.722656 0.728516 0.732422 0.738281 0.732422 0.753906 0.722656 0.763672
0 0.480469 0.767578 0.460938 0.767578 0.451172 0.757812 0.451172 0.738281 0.476562 0.720703 0.488281 0.720703 0.501953 0.730469 0.501953 0.750000 0.480469 0.767578
0 0.000000 0.193359 0.011719 0.189453 0.017578 0.195312 0.013672 0.222656 0.000000 0.228516
0 0.867188 0.833984 0.849609 0.824219 0.849609 0.804688 0.859375 0.794922 0.875000 0.794922 0.884766 0.808594 0.880859 0.824219 0.867188 0.833984
0 0.619141 0.000000 0.630859 0.011719 0.625000 0.029297 0.613281 0.029297 0.587891 0.000000
0 0.000000 0.396484 0.029297 0.425781 0.019531 0.447266 0.000000 0.447266
0 0.800781 0.607422 0.783203 0.601562 0.783203 0.589844 0.796875 0.572266 0.816406 0.568359 0.826172 0.582031 0.800781 0.607422
0 0.445312 0.029297 0.410156 0.029297 0.396484 0.019531 0.396484 0.011719 0.410156 0.001953 0.449219 0.001953 0.455078 0.015625 0.445312 0.029297
0 0.601562 0.333984 0.583984 0.328125 0.580078 0.308594 0.589844 0.298828 0.605469 0.298828 0.611328 0.304688 0.615234 0.320312 0.601562 0.333984
0 0.000000 0.115234 0.009766 0.121094 0.009766 0.148438 0.000000 0.154297
0 0.953125 0.802734 0.929688 0.802734 0.923828 0.796875 0.919922 0.769531 0.933594 0.755859 0.949219 0.755859 0.958984 0.765625 0.958984 0.796875 0.953125 0.802734
0 0.222656 0.494141 0.214844 0.494141 0.201172 0.480469 0.201172 0.468750 0.210938 0.458984 0.218750 0.458984 0.232422 0.476562 0.222656 0.494141
0 0.378906 0.580078 0.363281 0.576172 0.353516 0.566406 0.363281 0.541016 0.392578 0.554688 0.392578 0.566406 0.378906 0.580078
0 0.769531 0.712891 0.757812 0.708984 0.748047 0.695312 0.761719 0.677734 0.785156 0.677734 0.791016 0.683594 0.791016 0.699219 0.769531 0.712891
0 0.062500 0.673828 0.046875 0.673828 0.037109 0.664062 0.037109 0.656250 0.050781 0.642578 0.068359 0.652344 0.068359 0.667969 0.062500 0.673828
0 0.531250 0.662109 0.496094 0.658203 0.486328 0.644531 0.490234 0.628906 0.503906 0.619141 0.527344 0.619141 0.537109 0.640625 0.537109 0.656250 0.531250 0.662109
0 0.773438 0.103516 0.759766 0.097656 0.759766 0.074219 0.785156 0.056641 0.798828 0.066406 0.798828 0.078125 0.773438 0.103516
0 0.972656 0.896484 0.960938 0.896484 0.943359 0.882812 0.943359 0.871094 0.953125 0.857422 0.972656 0.857422 0.982422 0.867188 0.982422 0.886719 0.972656 0.896484
0 0.656250 0.568359 0.642578 0.558594 0.642578 0.531250 0.652344 0.521484 0.671875 0.521484 0.681641 0.531250 0.681641 0.542969 0.656250 0.568359
0 0.585938 0.978516 0.578125 0.978516 0.568359 0.964844 0.568359 0.945312 0.574219 0.939453 0.585938 0.939453 0.595703 0.949219 0.595703 0.968750 0.585938 0.978516
0 0.535156 0.568359 0.515625 0.568359 0.509766 0.562500 0.509766 0.546875 0.527344 0.517578 0.548828 0.527344 0.552734 0.546875 0.552734 0.554688 0.535156 0.568359
0 0.291016 0.000000 0.285156 0.013672 0.265625 0.013672 0.248047 0.000000
0 0.742188 0.298828 0.718750 0.298828 0.712891 0.281250 0.730469 0.267578 0.753906 0.267578 0.759766 0.285156 0.742188 0.298828
