0 0.824219 0.955078 0.800781 0.955078 0.787109 0.945312 0.791016 0.925781 0.816406 0.908203 0.828125 0.912109 0.837891 0.925781 0.833984 0.945312 0.824219 0.955078
0 0.140625 0.302734 0.117188 0.298828 0.099609 0.285156 0.087891 0.265625 0.091797 0.246094 0.105469 0.232422 0.132812 0.232422 0.162109 0.265625 0.158203 0.292969 0.140625 0.302734
0 0.990234 0.000000 0.990234 0.031250 0.976562 0.048828 0.953125 0.048828 0.947266 0.042969 0.939453 0.000000
0 0.988281 0.306641 0.966797 0.304688 0.968750 0.271484 0.988281 0.271484 0.994141 0.277344 0.988281 0.306641
0 0.847656 0.341797 0.832031 0.341797 0.806641 0.316406 0.802734 0.261719 0.824219 0.248047 0.855469 0.255859 0.869141 0.273438 0.869141 0.320312 0.847656 0.341797
0 0.343750 0.298828 0.324219 0.298828 0.314453 0.285156 0.314453 0.246094 0.332031 0.224609 0.359375 0.224609 0.369141 0.234375 0.369141 0.269531 0.357422 0.289062 0.343750 0.298828
0 0.578125 0.294922 0.558594 0.294922 0.548828 0.285156 0.548828 0.261719 0.566406 0.240234 0.582031 0.236328 0.599609 0.250000 0.599609 0.277344 0.578125 0.294922
0 0.808594 0.380859 0.769531 0.380859 0.744141 0.359375 0.744141 0.335938 0.761719 0.314453 0.792969 0.310547 0.810547 0.328125 0.818359 0.339844 0.818359 0.371094 0.808594 0.380859
0 0.894531 0.900391 0.882812 0.900391 0.865234 0.882812 0.865234 0.867188 0.875000 0.853516 0.890625 0.853516 0.904297 0.871094 0.904297 0.890625 0.894531 0.900391
0 0.753906 0.638672 0.726562 0.634766 0.724609 0.609375 0.750000 0.580078 0.777344 0.576172 0.787109 0.582031 0.787109 0.613281 0.753906 0.638672
0 0.181641 0.996094 0.177734 0.972656 0.183594 0.962891 0.199219 0.958984 0.226562 0.966797 0.244141 0.988281 0.244141 0.996094
