0 0.132812 0.314453 0.093750 0.306641 0.080078 0.289062 0.080078 0.273438 0.085938 0.267578 0.132812 0.271484 0.142578 0.281250 0.142578 0.304688 0.132812 0.314453
0 0.250000 0.251953 0.234375 0.251953 0.212891 0.234375 0.216797 0.210938 0.242188 0.185547 0.261719 0.193359 0.271484 0.207031 0.271484 0.222656 0.250000 0.251953
0 0.996094 0.173828 0.980469 0.185547 0.968750 0.185547 0.955078 0.164062 0.958984 0.144531 0.972656 0.130859 0.996094 0.130859
0 0.289062 0.943359 0.265625 0.943359 0.251953 0.929688 0.251953 0.898438 0.269531 0.884766 0.310547 0.898438 0.289062 0.943359
0 0.996094 0.841797 0.972656 0.841797 0.955078 0.824219 0.955078 0.804688 0.964844 0.794922 0.996094 0.798828
0 0.726562 0.912109 0.707031 0.912109 0.689453 0.902344 0.689453 0.871094 0.707031 0.857422 0.722656 0.861328 0.740234 0.882812 0.740234 0.906250 0.726562 0.912109
0 0.064453 0.000000 0.068359 0.011719 0.039062 0.044922 0.000000 0.044922
0 0.843750 0.931641 0.822266 0.921875 0.822266 0.898438 0.832031 0.884766 0.847656 0.884766 0.857422 0.894531 0.857422 0.914062 0.843750 0.931641
0 0.140625 0.064453 0.125000 0.064453 0.111328 0.050781 0.111328 0.019531 0.121094 0.005859 0.132812 0.001953 0.150391 0.023438 0.150391 0.050781 0.140625 0.064453
0 0.445312 0.591797 0.421875 0.587891 0.404297 0.574219 0.429688 0.537109 0.441406 0.548828 0.457031 0.541016 0.470703 0.554688 0.470703 0.574219 0.445312 0.591797
0 0.902344 0.689453 0.878906 0.689453 0.859375 0.681641 0.845703 0.656250 0.849609 0.628906 0.875000 0.607422 0.906250 0.611328 0.927734 0.640625 0.923828 0.671875 0.902344 0.689453
0 0.121094 0.958984 0.080078 0.937500 0.080078 0.925781 0.089844 0.916016 0.117188 0.916016 0.123047 0.921875 0.126953 0.953125 0.121094 0.958984
0 0.171875 0.166016 0.148438 0.166016 0.142578 0.160156 0.142578 0.128906 0.160156 0.107422 0.183594 0.107422 0.197266 0.125000 0.193359 0.148438 0.171875 0.166016
0 0.718750 0.544922 0.707031 0.544922 0.693359 0.535156 0.689453 0.503906 0.710938 0.482422 0.730469 0.482422 0.744141 0.496094 0.744141 0.515625 0.736328 0.535156 0.718750 0.544922
0 0.376953 0.000000 0.369141 0.015625 0.343750 0.037109 0.322266 0.035156 0.306641 0.011719 0.306641 0.000000
0 0.863281 0.193359 0.824219 0.181641 0.806641 0.160156 0.810547 0.152344 0.828125 0.138672 0.855469 0.142578 0.876953 0.171875 0.873047 0.187500 0.863281 0.193359
0 0.105469 0.990234 0.089844 0.986328 0.072266 0.968750 0.072266 0.945312 0.078125 0.939453 0.123047 0.964844 0.123047 0.976562 0.105469 0.990234
0 0.242188 0.951172 0.218750 0.943359 0.201172 0.925781 0.201172 0.910156 0.218750 0.884766 0.234375 0.884766 0.251953 0.906250 0.255859 0.937500 0.242188 0.951172
0 0.000000 0.837891 0.009766 0.871094 0.009766 0.898438 0.000000 0.912109
0 0.000000 0.525391 0.013672 0.542969 0.013672 0.554688 0.000000 0.564453
0 0.406250 0.779297 0.355469 0.775391 0.357422 0.746094 0.386719 0.728516 0.402344 0.732422 0.412109 0.746094 0.412109 0.769531 0.406250 0.779297
0 0.253906 0.095703 0.238281 0.091797 0.228516 0.082031 0.224609 0.050781 0.238281 0.033203 0.273438 0.052734 0.279297 0.070312 0.275391 0.082031 0.253906 0.095703
0 0.550781 0.412109 0.539062 0.412109 0.521484 0.390625 0.521484 0.371094 0.539062 0.345703 0.554688 0.353516 0.572266 0.378906 0.572266 0.394531 0.550781 0.412109
0 0.144531 0.470703 0.113281 0.462891 0.099609 0.445312 0.099609 0.421875 0.113281 0.408203 0.132812 0.408203 0.150391 0.433594 0.150391 0.464844 0.144531 0.470703
0 0.175781 0.755859 0.148438 0.751953 0.119141 0.722656 0.119141 0.703125 0.132812 0.689453 0.160156 0.693359 0.185547 0.718750 0.189453 0.734375 0.175781 0.755859
0 0.570312 0.869141 0.539062 0.857422 0.529297 0.847656 0.529297 0.839844 0.542969 0.826172 0.570312 0.814453 0.595703 0.832031 0.595703 0.851562 0.570312 0.869141
0 0.330078 0.996094 0.359375 0.966797 0.380859 0.972656 0.388672 0.996094
0 0.574219 0.724609 0.548828 0.718750 0.544922 0.687500 0.566406 0.666016 0.582031 0.662109 0.603516 0.675781 0.607422 0.707031 0.597656 0.716797 0.574219 0.724609
0 0.410156 0.568359 0.380859 0.554688 0.380859 0.531250 0.398438 0.505859 0.437500 0.501953 0.455078 0.523438 0.455078 0.542969 0.441406 0.548828 0.429688 0.537109 0.410156 0.568359
0 0.414062 0.423828 0.394531 0.419922 0.376953 0.390625 0.376953 0.375000 0.386719 0.361328 0.421875 0.361328 0.423828 0.371094 0.435547 0.375000 0.435547 0.398438 0.414062 0.423828
0 0.089844 0.494141 0.074219 0.494141 0.064453 0.484375 0.060547 0.441406 0.066406 0.435547 0.078125 0.439453 0.099609 0.460938 0.099609 0.488281 0.089844 0.494141
0 0.878906 0.931641 0.859375 0.931641 0.853516 0.925781 0.857422 0.898438 0.875000 0.884766 0.882812 0.884766 0.892578 0.898438 0.892578 0.917969 0.878906 0.931641
0 0.242188 0.361328 0.222656 0.357422 0.208984 0.343750 0.208984 0.328125 0.218750 0.318359 0.253906 0.318359 0.263672 0.328125 0.263672 0.343750 0.242188 0.361328
0 0.300781 0.630859 0.273438 0.626953 0.263672 0.613281 0.263672 0.601562 0.275391 0.589844 0.275391 0.578125 0.292969 0.564453 0.320312 0.560547 0.333984 0.570312 0.341797 0.593750 0.324219 0.623047 0.300781 0.630859
0 0.238281 0.474609 0.207031 0.470703 0.193359 0.460938 0.193359 0.445312 0.207031 0.427734 0.242188 0.423828 0.263672 0.437500 0.263672 0.457031 0.238281 0.474609
0 0.824219 0.814453 0.804688 0.814453 0.791016 0.796875 0.791016 0.785156 0.804688 0.767578 0.839844 0.763672 0.849609 0.773438 0.849609 0.792969 0.824219 0.814453
0 0.000000 0.173828 0.031250 0.177734 0.044922 0.195312 0.031250 0.216797 0.000000 0.220703
0 0.925781 0.517578 0.894531 0.517578 0.875000 0.505859 0.867188 0.509766 0.857422 0.488281 0.869141 0.441406 0.890625 0.423828 0.929688 0.427734 0.947266 0.449219 0.947266 0.480469 0.925781 0.517578
0 0.996094 0.962891 0.988281 0.962891 0.974609 0.945312 0.978516 0.914062 0.996094 0.904297
