0 0.873563 0.275962 0.866379 0.275962 0.864224 0.273077 0.865661 0.257692 0.867816 0.254808 0.876437 0.254808 0.878592 0.251923 0.878592 0.242308 0.882184 0.237500 0.887931 0.235577 0.900862 0.218269 0.905172 0.218269 0.910201 0.225000 0.907328 0.242308 0.887931 0.268269 0.873563 0.275962
0 0.252155 0.998077 0.255029 0.982692 0.264368 0.972115 0.274425 0.972115 0.283046 0.977885 0.289511 0.986538 0.290948 0.998077
0 0.566092 0.658654 0.555316 0.651923 0.546695 0.632692 0.546695 0.623077 0.543822 0.617308 0.543822 0.603846 0.548132 0.590385 0.560345 0.577885 0.565374 0.580769 0.561063 0.592308 0.561063 0.615385 0.563937 0.623077 0.573276 0.631731 0.579741 0.642308 0.579741 0.648077 0.574713 0.654808 0.566092 0.658654
0 0.936782 0.095192 0.922414 0.089423 0.917385 0.078846 0.918822 0.069231 0.926006 0.061538 0.926006 0.053846 0.932471 0.049038 0.935345 0.049038 0.941092 0.058654 0.949713 0.058654 0.956178 0.067308 0.951868 0.084615 0.936782 0.095192
0 0.590517 0.627885 0.574713 0.625962 0.569684 0.619231 0.569684 0.611538 0.583333 0.602885 0.582615 0.592308 0.585489 0.582692 0.590517 0.577885 0.594828 0.577885 0.608477 0.594231 0.608477 0.609615 0.599138 0.624038 0.590517 0.627885
0 0.977011 0.599038 0.956897 0.597115 0.945402 0.591346 0.936063 0.578846 0.933190 0.553846 0.941092 0.545192 0.954023 0.545192 0.991379 0.562500 0.996408 0.569231 0.996408 0.578846 0.993534 0.586538 0.977011 0.599038
0 0.550287 0.429808 0.545977 0.429808 0.540948 0.425000 0.533764 0.405769 0.530891 0.348077 0.532328 0.342308 0.541667 0.331731 0.554598 0.327885 0.565374 0.336538 0.572557 0.353846 0.573994 0.365385 0.566810 0.398077 0.550287 0.429808
0 0.485632 0.189423 0.474138 0.189423 0.466236 0.178846 0.466236 0.157692 0.472701 0.149038 0.491379 0.149038 0.495690 0.150962 0.502155 0.161538 0.499282 0.178846 0.485632 0.189423
0 0.571839 0.879808 0.564655 0.877885 0.558190 0.871154 0.552443 0.857692 0.551006 0.840385 0.553879 0.821154 0.559626 0.809615 0.566092 0.800962 0.577586 0.797115 0.585489 0.805769 0.589799 0.819231 0.591236 0.844231 0.585489 0.869231 0.579023 0.877885 0.571839 0.879808
0 0.527299 0.739423 0.515805 0.737500 0.506466 0.726923 0.506466 0.713462 0.509339 0.705769 0.517241 0.695192 0.527299 0.687500 0.541667 0.681731 0.548851 0.683654 0.556753 0.692308 0.556753 0.709615 0.553879 0.717308 0.541667 0.731731 0.527299 0.739423
0 0.000000 0.724038 0.005029 0.728846 0.007902 0.742308 0.006466 0.755769 0.000000 0.760577
0 0.708333 0.400962 0.695402 0.400962 0.693247 0.398077 0.691810 0.384615 0.696121 0.365385 0.704023 0.354808 0.714080 0.352885 0.720546 0.359615 0.720546 0.367308 0.726293 0.376923 0.726293 0.392308 0.722701 0.397115 0.708333 0.400962
0 0.500000 0.264423 0.489943 0.262500 0.487787 0.253846 0.479167 0.242308 0.477730 0.230769 0.482040 0.207692 0.489943 0.197115 0.502874 0.202885 0.507902 0.209615 0.510776 0.221154 0.507902 0.253846 0.500000 0.264423
0 0.112069 0.191346 0.103448 0.189423 0.096983 0.180769 0.094109 0.165385 0.095546 0.148077 0.098420 0.138462 0.109195 0.122115 0.116379 0.116346 0.127874 0.118269 0.135776 0.128846 0.135776 0.157692 0.122845 0.182692 0.112069 0.191346
0 0.173851 0.218269 0.165230 0.218269 0.160920 0.214423 0.153017 0.203846 0.151580 0.192308 0.160920 0.172115 0.182471 0.166346 0.188937 0.175000 0.188937 0.190385 0.184626 0.203846 0.173851 0.218269
0 0.633621 0.793269 0.623563 0.793269 0.615661 0.782692 0.609914 0.765385 0.609914 0.732692 0.612787 0.723077 0.620690 0.714423 0.629310 0.714423 0.633621 0.718269 0.641523 0.730769 0.645833 0.746154 0.647270 0.763462 0.644397 0.780769 0.639368 0.789423 0.633621 0.793269
0 0.612069 0.560577 0.586207 0.556731 0.568966 0.545192 0.563937 0.536538 0.563937 0.528846 0.580460 0.510577 0.596264 0.510577 0.610632 0.525962 0.615661 0.536538 0.615661 0.553846 0.612069 0.560577
0 0.857759 0.170192 0.843391 0.168269 0.839799 0.161538 0.841236 0.153846 0.850575 0.141346 0.857759 0.143269 0.862787 0.151923 0.862787 0.161538 0.857759 0.170192
0 0.016523 0.998077 0.017960 0.976923 0.028736 0.964423 0.035920 0.964423 0.039511 0.969231 0.043822 0.998077
0 0.706897 0.610577 0.698276 0.610577 0.691092 0.604808 0.686782 0.606731 0.680316 0.584615 0.680316 0.578846 0.684626 0.575000 0.684626 0.551923 0.689655 0.545192 0.705460 0.547115 0.725575 0.560577 0.734914 0.573077 0.734914 0.580769 0.732040 0.586538 0.721264 0.595192 0.716954 0.595192 0.714799 0.601923 0.706897 0.610577
0 0.258621 0.741346 0.247126 0.737500 0.239224 0.721154 0.239224 0.701923 0.244971 0.688462 0.244971 0.676923 0.252874 0.664423 0.264368 0.666346 0.269397 0.673077 0.275144 0.688462 0.275144 0.723077 0.265805 0.737500 0.258621 0.741346
0 0.921695 0.000000 0.921695 0.023077 0.915230 0.033654 0.900862 0.045192 0.882184 0.049038 0.874282 0.040385 0.874282 0.023077 0.878592 0.011538 0.887213 0.000000
0 0.836925 0.000000 0.838362 0.007692 0.831897 0.020192 0.824713 0.020192 0.818247 0.009615 0.816810 0.000000
0 0.820402 0.295192 0.808908 0.293269 0.802443 0.286538 0.802443 0.275000 0.799569 0.265385 0.799569 0.259615 0.804598 0.252885 0.816092 0.245192 0.823276 0.245192 0.836207 0.250962 0.841236 0.259615 0.841236 0.265385 0.828305 0.288462 0.820402 0.295192
0 0.839080 0.727885 0.823276 0.727885 0.816810 0.721154 0.815374 0.715385 0.821121 0.698077 0.834770 0.677885 0.840517 0.674038 0.849138 0.674038 0.862069 0.683654 0.869971 0.696154 0.869971 0.709615 0.863506 0.716346 0.857759 0.716346 0.852011 0.722115 0.839080 0.727885
0 0.750000 0.352885 0.742098 0.346154 0.740661 0.334615 0.745690 0.327885 0.754310 0.325962 0.757902 0.321154 0.756466 0.298077 0.764368 0.281731 0.771552 0.279808 0.777299 0.289423 0.780891 0.290385 0.780891 0.296154 0.776580 0.301923 0.775144 0.313462 0.760776 0.344231 0.754310 0.347115 0.750000 0.352885
0 0.772989 0.197115 0.764368 0.197115 0.759339 0.192308 0.759339 0.171154 0.775862 0.152885 0.806034 0.141346 0.813937 0.151923 0.813937 0.163462 0.803161 0.177885 0.772989 0.197115
0 0.750000 0.964423 0.737069 0.960577 0.730603 0.951923 0.721983 0.928846 0.721983 0.913462 0.728448 0.904808 0.737069 0.902885 0.748563 0.908654 0.770833 0.934615 0.770833 0.950000 0.761494 0.960577 0.750000 0.964423
0 0.084770 0.977885 0.077586 0.975962 0.071121 0.967308 0.061063 0.936538 0.061063 0.913462 0.063937 0.907692 0.063937 0.900000 0.069684 0.884615 0.076149 0.875962 0.084770 0.875962 0.088362 0.880769 0.091236 0.884615 0.094109 0.900000 0.095546 0.957692 0.091236 0.971154 0.084770 0.977885
0 0.668103 0.329808 0.640805 0.327885 0.635776 0.319231 0.637213 0.305769 0.647989 0.289423 0.662356 0.279808 0.681034 0.279808 0.689655 0.283654 0.696121 0.296154 0.694684 0.305769 0.682471 0.324038 0.668103 0.329808
0 0.408046 0.691346 0.386494 0.689423 0.379310 0.683654 0.372845 0.673077 0.368534 0.663462 0.368534 0.644231 0.376437 0.629808 0.405172 0.627885 0.425287 0.633654 0.433190 0.642308 0.438937 0.655769 0.438937 0.667308 0.436063 0.675000 0.422414 0.687500 0.408046 0.691346
0 0.528736 0.850962 0.524425 0.850962 0.519397 0.842308 0.517960 0.832692 0.515086 0.828846 0.513649 0.807692 0.515086 0.800000 0.520115 0.793269 0.534483 0.791346 0.540948 0.803846 0.540948 0.830769 0.538075 0.840385 0.528736 0.850962
0 0.775862 0.104808 0.758621 0.102885 0.744971 0.088462 0.744971 0.082692 0.754310 0.074038 0.767241 0.074038 0.771552 0.079808 0.778736 0.081731 0.785201 0.088462 0.785201 0.094231 0.775862 0.104808
0 0.418103 0.314423 0.397989 0.306731 0.387213 0.292308 0.384339 0.286538 0.384339 0.273077 0.390805 0.262500 0.396552 0.258654 0.416667 0.262500 0.433190 0.278846 0.437500 0.288462 0.436063 0.303846 0.428161 0.312500 0.418103 0.314423
0 0.000000 0.595192 0.008621 0.589423 0.022989 0.589423 0.028736 0.593269 0.035201 0.603846 0.035201 0.615385 0.025862 0.631731 0.012931 0.641346 0.000000 0.639423
0 0.211207 0.066346 0.206897 0.066346 0.198994 0.057692 0.197557 0.042308 0.200431 0.034615 0.200431 0.021154 0.208333 0.008654 0.219828 0.006731 0.227011 0.010577 0.233477 0.021154 0.232040 0.040385 0.211207 0.066346
0 0.731322 0.452885 0.716954 0.452885 0.704023 0.447115 0.696121 0.434615 0.697557 0.423077 0.705460 0.412500 0.709770 0.410577 0.719828 0.410577 0.728448 0.406731 0.734195 0.408654 0.742098 0.419231 0.742098 0.440385 0.735632 0.450962 0.731322 0.452885
0 0.375000 0.218269 0.359195 0.216346 0.346983 0.203846 0.345546 0.188462 0.353448 0.175962 0.363506 0.170192 0.370690 0.170192 0.387931 0.177885 0.397270 0.188462 0.397270 0.201923 0.387931 0.212500 0.375000 0.218269
0 0.587644 0.164423 0.574713 0.164423 0.567529 0.156731 0.554598 0.150962 0.545259 0.136538 0.546695 0.121154 0.551724 0.114423 0.560345 0.110577 0.581897 0.110577 0.593391 0.116346 0.602730 0.130769 0.602730 0.144231 0.596983 0.155769 0.587644 0.164423
0 0.160920 0.668269 0.155172 0.668269 0.146552 0.652885 0.142241 0.652885 0.134339 0.636538 0.134339 0.613462 0.146552 0.597115 0.153736 0.599038 0.157328 0.603846 0.160201 0.619231 0.170259 0.630769 0.171695 0.636538 0.170259 0.655769 0.160920 0.668269
0 0.477011 0.545192 0.469828 0.543269 0.464799 0.536538 0.459052 0.517308 0.463362 0.490385 0.472701 0.481731 0.484195 0.483654 0.492098 0.492308 0.497845 0.505769 0.497845 0.521154 0.481322 0.543269 0.477011 0.545192
0 0.000000 0.039423 0.017241 0.039423 0.034483 0.052885 0.045259 0.069231 0.046695 0.090385 0.040230 0.099038 0.033046 0.099038 0.007184 0.081731 0.000000 0.074038
0 0.541667 0.235577 0.534483 0.235577 0.525144 0.213462 0.525144 0.188462 0.529454 0.178846 0.537356 0.170192 0.548851 0.172115 0.558190 0.188462 0.558190 0.203846 0.541667 0.235577
0 0.721983 0.000000 0.723420 0.023077 0.718391 0.027885 0.708333 0.027885 0.699713 0.020192 0.689655 0.016346 0.683190 0.007692 0.683190 0.000000
0 0.526580 0.998077 0.517241 0.987500 0.511494 0.987500 0.502155 0.980769 0.506466 0.963462 0.522989 0.952885 0.534483 0.954808 0.545259 0.969231 0.548132 0.976923 0.548132 0.992308 0.545259 0.998077
0 0.829023 0.833654 0.810345 0.831731 0.802443 0.821154 0.802443 0.803846 0.813218 0.793269 0.818966 0.791346 0.830460 0.793269 0.846264 0.802885 0.851293 0.809615 0.851293 0.819231 0.841954 0.829808 0.829023 0.833654
0 0.679598 0.143269 0.652299 0.137500 0.647270 0.128846 0.648707 0.111538 0.653736 0.104808 0.658046 0.104808 0.665230 0.099038 0.689655 0.102885 0.698276 0.108654 0.703305 0.117308 0.703305 0.125000 0.695402 0.135577 0.679598 0.143269
0 0.498563 0.891346 0.494971 0.890385 0.496408 0.880769 0.492816 0.874038 0.476293 0.871154 0.473420 0.851923 0.478448 0.843269 0.495690 0.845192 0.506466 0.863462 0.507902 0.880769 0.504310 0.887500 0.498563 0.891346
0 0.877874 0.627885 0.859195 0.627885 0.833333 0.620192 0.822557 0.607692 0.822557 0.582692 0.827586 0.577885 0.840517 0.574038 0.860632 0.562500 0.873563 0.564423 0.882184 0.570192 0.894397 0.586538 0.897270 0.594231 0.897270 0.607692 0.890805 0.620192 0.877874 0.627885
0 0.337644 0.272115 0.320402 0.270192 0.312500 0.259615 0.309626 0.246154 0.317529 0.227885 0.324713 0.227885 0.336207 0.239423 0.340517 0.239423 0.351293 0.248077 0.351293 0.259615 0.337644 0.272115
0 0.679598 0.620192 0.675287 0.620192 0.663793 0.608654 0.650144 0.584615 0.650144 0.573077 0.655172 0.566346 0.675287 0.572115 0.680316 0.578846 0.686063 0.601923 0.686063 0.613462 0.679598 0.620192
0 0.649425 0.693269 0.636494 0.691346 0.630029 0.678846 0.631466 0.657692 0.635057 0.649038 0.650862 0.650962 0.658046 0.647115 0.664511 0.653846 0.664511 0.676923 0.649425 0.693269
0 0.175287 0.824038 0.169540 0.824038 0.145115 0.810577 0.131466 0.792308 0.122845 0.767308 0.122845 0.751923 0.127874 0.743269 0.135057 0.741346 0.142241 0.745192 0.181753 0.790385 0.186063 0.801923 0.186063 0.811538 0.179598 0.822115 0.175287 0.824038
0 0.998563 0.937500 0.989943 0.943269 0.969828 0.937500 0.959052 0.921154 0.957615 0.898077 0.961925 0.886538 0.966954 0.879808 0.974138 0.875962 0.984195 0.879808 0.992098 0.890385 0.998563 0.904808
0 0.864943 0.156731 0.858477 0.144231 0.864224 0.128846 0.867816 0.124038 0.872126 0.124038 0.880029 0.136538 0.880029 0.148077 0.876437 0.152885 0.869253 0.152885 0.864943 0.156731
0 0.660201 0.998077 0.665948 0.975000 0.673851 0.966346 0.681034 0.966346 0.690374 0.975000 0.696121 0.998077
0 0.399425 0.910577 0.390805 0.906731 0.385776 0.898077 0.385776 0.867308 0.392241 0.858654 0.403736 0.860577 0.417385 0.880769 0.418822 0.886538 0.418822 0.896154 0.415230 0.902885 0.408046 0.908654 0.399425 0.910577
0 0.920977 0.804808 0.909483 0.804808 0.903017 0.794231 0.905891 0.771154 0.915230 0.758654 0.919540 0.758654 0.922414 0.762500 0.959052 0.767308 0.960489 0.784615 0.949713 0.797115 0.920977 0.804808
0 0.432471 0.881731 0.423851 0.881731 0.415948 0.871154 0.415948 0.844231 0.429598 0.824038 0.435345 0.822115 0.443966 0.824038 0.447557 0.828846 0.450431 0.836538 0.450431 0.861538 0.442529 0.874038 0.432471 0.881731
0 0.998563 0.418269 0.995690 0.418269 0.986351 0.405769 0.987787 0.380769 0.991379 0.375962 0.998563 0.375962
0 0.049569 0.000000 0.059626 0.009615 0.062500 0.017308 0.062500 0.026923 0.054598 0.037500 0.047414 0.041346 0.027299 0.037500 0.017241 0.029808 0.004310 0.012500 0.000000 0.012500
0 0.475575 0.922115 0.461207 0.922115 0.457615 0.917308 0.461925 0.894231 0.475575 0.872115 0.492816 0.874038 0.496408 0.884615 0.492098 0.907692 0.482759 0.918269 0.475575 0.922115
0 0.643678 0.279808 0.636494 0.277885 0.631466 0.271154 0.625718 0.244231 0.625718 0.223077 0.630029 0.207692 0.636494 0.199038 0.645115 0.202885 0.657328 0.223077 0.657328 0.255769 0.651580 0.271154 0.643678 0.279808
0 0.821839 0.477885 0.816092 0.477885 0.788075 0.442308 0.789511 0.426923 0.795977 0.416346 0.807471 0.416346 0.818247 0.428846 0.818247 0.434615 0.823276 0.441346 0.834052 0.448077 0.836925 0.463462 0.834052 0.473077 0.821839 0.477885
0 0.000000 0.141346 0.010057 0.143269 0.022989 0.150962 0.030891 0.165385 0.029454 0.173077 0.020115 0.181731 0.000000 0.183654
0 0.571839 0.952885 0.561782 0.949038 0.555316 0.940385 0.548132 0.915385 0.551006 0.905769 0.563218 0.891346 0.568966 0.893269 0.573994 0.900000 0.575431 0.907692 0.586925 0.926923 0.585489 0.940385 0.577586 0.950962 0.571839 0.952885
0 0.310345 0.397115 0.274425 0.397115 0.262213 0.382692 0.262213 0.375000 0.267960 0.361538 0.274425 0.356731 0.284483 0.358654 0.288793 0.362500 0.306034 0.362500 0.319684 0.380769 0.318247 0.390385 0.310345 0.397115
0 0.555316 0.000000 0.565374 0.009615 0.571121 0.026923 0.566092 0.027885 0.557471 0.043269 0.543103 0.049038 0.538793 0.047115 0.526580 0.026923 0.525144 0.015385 0.530891 0.000000
0 0.586207 0.074038 0.580460 0.072115 0.576149 0.066346 0.557471 0.066346 0.553879 0.059615 0.553879 0.053846 0.549569 0.048077 0.557471 0.043269 0.566092 0.027885 0.576149 0.031731 0.586925 0.046154 0.592672 0.059615 0.591236 0.067308 0.586207 0.074038
0 0.935345 0.249038 0.928161 0.249038 0.923132 0.242308 0.921695 0.225000 0.927443 0.207692 0.939655 0.193269 0.945402 0.191346 0.950431 0.198077 0.951868 0.221154 0.946121 0.238462 0.935345 0.249038
0 0.379310 0.124038 0.364943 0.122115 0.352730 0.105769 0.348420 0.094231 0.348420 0.080769 0.353448 0.064423 0.363506 0.062500 0.384339 0.084615 0.388649 0.109615 0.387213 0.115385 0.379310 0.124038
0 0.647989 0.460577 0.632184 0.460577 0.625000 0.456731 0.618534 0.444231 0.618534 0.438462 0.624282 0.423077 0.632184 0.412500 0.643678 0.410577 0.655891 0.423077 0.658764 0.436538 0.657328 0.450000 0.647989 0.460577
0 0.683908 0.414423 0.672414 0.412500 0.661638 0.398077 0.653017 0.373077 0.653017 0.361538 0.655172 0.358654 0.662356 0.356731 0.680316 0.376923 0.684626 0.386538 0.683190 0.400000 0.686063 0.403846 0.686063 0.411538 0.683908 0.414423
0 0.402299 0.554808 0.383621 0.552885 0.375718 0.544231 0.374282 0.534615 0.386494 0.512500 0.402299 0.508654 0.414511 0.519231 0.417385 0.526923 0.414511 0.544231 0.402299 0.554808
0 0.998563 0.635577 0.993534 0.632692 0.994971 0.625000 0.998563 0.622115
0 0.053161 0.277885 0.037356 0.275962 0.022989 0.268269 0.016523 0.257692 0.016523 0.246154 0.025862 0.235577 0.037356 0.235577 0.043103 0.231731 0.056034 0.237500 0.063218 0.237500 0.068247 0.244231 0.071121 0.257692 0.064655 0.270192 0.053161 0.277885
0 0.117816 0.368269 0.109195 0.368269 0.101293 0.361538 0.096983 0.351923 0.096983 0.332692 0.098420 0.326923 0.112069 0.308654 0.129310 0.302885 0.136494 0.306731 0.144397 0.319231 0.147270 0.328846 0.147270 0.340385 0.144397 0.350000 0.137931 0.358654 0.117816 0.368269
0 0.000000 0.281731 0.008621 0.283654 0.013649 0.292308 0.012213 0.301923 0.005747 0.310577 0.000000 0.312500
0 0.791667 0.749038 0.787356 0.749038 0.778736 0.741346 0.759339 0.715385 0.756466 0.703846 0.756466 0.686538 0.757902 0.678846 0.765805 0.668269 0.777299 0.668269 0.792385 0.686538 0.795259 0.694231 0.798132 0.709615 0.798132 0.738462 0.796695 0.744231 0.791667 0.749038
0 0.291667 0.362500 0.274425 0.356731 0.270115 0.360577 0.267241 0.354808 0.248563 0.345192 0.242098 0.336538 0.242098 0.323077 0.251437 0.312500 0.274425 0.310577 0.281609 0.314423 0.296695 0.336538 0.296695 0.346154 0.289511 0.359615 0.291667 0.358654 0.291667 0.362500
0 0.084770 0.720192 0.074713 0.718269 0.066810 0.707692 0.059626 0.688462 0.059626 0.657692 0.066092 0.647115 0.073276 0.649038 0.085489 0.669231 0.091236 0.694231 0.091236 0.709615 0.084770 0.720192
0 0.050287 0.837500 0.041667 0.837500 0.037356 0.831731 0.030172 0.829808 0.024425 0.822115 0.020115 0.822115 0.015086 0.813462 0.016523 0.805769 0.024425 0.795192 0.034483 0.791346 0.045977 0.806731 0.058908 0.806731 0.062500 0.811538 0.063937 0.819231 0.061063 0.828846 0.056034 0.835577 0.050287 0.837500
0 0.396552 0.425962 0.377874 0.425962 0.369253 0.420192 0.355603 0.401923 0.352730 0.394231 0.354167 0.373077 0.359195 0.368269 0.372126 0.368269 0.382184 0.372115 0.403736 0.387500 0.411638 0.401923 0.411638 0.409615 0.403736 0.422115 0.396552 0.425962
0 0.000000 0.399038 0.002874 0.399038 0.018678 0.375962 0.028736 0.368269 0.037356 0.366346 0.046695 0.378846 0.043822 0.394231 0.028017 0.421154 0.022989 0.422115 0.016523 0.430769 0.016523 0.434615 0.008621 0.443269 0.000000 0.443269
0 0.257184 0.543269 0.250000 0.543269 0.237787 0.530769 0.236351 0.517308 0.238506 0.508654 0.254310 0.508654 0.258621 0.502885 0.272270 0.521154 0.272270 0.528846 0.267960 0.536538 0.257184 0.543269
0 0.481322 0.277885 0.464080 0.277885 0.448276 0.266346 0.441810 0.250000 0.443247 0.240385 0.448276 0.233654 0.458333 0.227885 0.466954 0.229808 0.472701 0.235577 0.478448 0.233654 0.479167 0.242308 0.487787 0.253846 0.489224 0.261538 0.487787 0.271154 0.481322 0.277885
0 0.896552 0.929808 0.887931 0.925962 0.884339 0.917308 0.891523 0.884615 0.896552 0.875962 0.902299 0.872115 0.913793 0.870192 0.921695 0.878846 0.926006 0.892308 0.924569 0.907692 0.910920 0.924038 0.896552 0.929808
0 0.886494 0.349038 0.873563 0.347115 0.868534 0.338462 0.868534 0.325000 0.875718 0.309615 0.886494 0.299038 0.902299 0.295192 0.911638 0.305769 0.911638 0.319231 0.896552 0.341346 0.886494 0.349038
0 0.790230 0.322115 0.785920 0.322115 0.775862 0.314423 0.775144 0.307692 0.780891 0.296154 0.786638 0.261538 0.788793 0.258654 0.798851 0.258654 0.802443 0.275000 0.802443 0.286538 0.805316 0.292308 0.802443 0.296154 0.801006 0.311538 0.790230 0.322115
0 0.267241 0.091346 0.258621 0.091346 0.249282 0.080769 0.252155 0.063462 0.257184 0.054808 0.262931 0.050962 0.280172 0.049038 0.286638 0.057692 0.283764 0.076923 0.274425 0.087500 0.267241 0.091346
0 0.097701 0.599038 0.087644 0.597115 0.079741 0.586538 0.073994 0.563462 0.073994 0.555769 0.081897 0.541346 0.096264 0.535577 0.105603 0.540385 0.108477 0.553846 0.112787 0.559615 0.109914 0.565385 0.107040 0.588462 0.097701 0.599038
0 0.170977 0.129808 0.163793 0.127885 0.155891 0.117308 0.154454 0.088462 0.163793 0.068269 0.176724 0.066346 0.186063 0.078846 0.188937 0.094231 0.187500 0.107692 0.181753 0.121154 0.170977 0.129808
0 0.000000 0.849038 0.010057 0.839423 0.018678 0.839423 0.029454 0.848077 0.029454 0.859615 0.020115 0.881731 0.015805 0.881731 0.008621 0.891346 0.005747 0.891346 0.000000 0.883654
0 0.910201 0.998077 0.910201 0.976923 0.918103 0.966346 0.925287 0.962500 0.932471 0.962500 0.943247 0.978846 0.937500 0.998077
0 0.935345 0.441346 0.923851 0.441346 0.920259 0.436538 0.917385 0.411538 0.926006 0.400000 0.926006 0.390385 0.936782 0.372115 0.956897 0.375962 0.964799 0.384615 0.964799 0.403846 0.941092 0.425962 0.937500 0.430769 0.937500 0.438462 0.935345 0.441346
0 0.859195 0.925962 0.839080 0.920192 0.815374 0.888462 0.813937 0.878846 0.841954 0.864423 0.857759 0.870192 0.865661 0.880769 0.869971 0.898077 0.865661 0.921154 0.859195 0.925962
0 0.191092 0.991346 0.182471 0.991346 0.176006 0.984615 0.173132 0.976923 0.173132 0.959615 0.177443 0.950000 0.191092 0.933654 0.196839 0.929808 0.208333 0.929808 0.216236 0.938462 0.217672 0.953846 0.213362 0.967308 0.198276 0.987500 0.191092 0.991346
0 0.876437 0.810577 0.870690 0.810577 0.862787 0.801923 0.859914 0.792308 0.859914 0.775000 0.864224 0.761538 0.869253 0.754808 0.875000 0.750962 0.882184 0.750962 0.895833 0.763462 0.900144 0.780769 0.895115 0.793269 0.887931 0.797115 0.876437 0.810577
0 0.943966 0.862500 0.915230 0.856731 0.907328 0.848077 0.905891 0.828846 0.910201 0.815385 0.915230 0.808654 0.923851 0.804808 0.939655 0.804808 0.947557 0.815385 0.951868 0.830769 0.951868 0.853846 0.943966 0.862500
0 0.241379 0.185577 0.232759 0.183654 0.226293 0.176923 0.221983 0.165385 0.221983 0.153846 0.223420 0.148077 0.235632 0.131731 0.247126 0.125962 0.253592 0.132692 0.259339 0.146154 0.259339 0.163462 0.257902 0.176923 0.255747 0.179808 0.250000 0.179808 0.241379 0.185577
0 0.254310 0.508654 0.237069 0.508654 0.230603 0.498077 0.232040 0.490385 0.241379 0.479808 0.254310 0.477885 0.262213 0.488462 0.260776 0.500000 0.254310 0.508654
0 0.034483 0.485577 0.022989 0.485577 0.013649 0.473077 0.012213 0.459615 0.013649 0.448077 0.009339 0.442308 0.016523 0.434615 0.016523 0.430769 0.022989 0.422115 0.027299 0.422115 0.030172 0.416346 0.033046 0.420192 0.045977 0.422115 0.052443 0.432692 0.052443 0.453846 0.049569 0.463462 0.045259 0.473077 0.034483 0.485577
0 0.998563 0.475962 0.979885 0.479808 0.973420 0.473077 0.970546 0.459615 0.970546 0.453846 0.982040 0.440385 0.989224 0.425000 0.993534 0.421154 0.987787 0.409615 0.992816 0.412500 0.995690 0.418269 0.998563 0.418269
0 0.313218 0.568269 0.303161 0.568269 0.291667 0.560577 0.280891 0.536538 0.278017 0.526923 0.279454 0.505769 0.282328 0.498077 0.288793 0.491346 0.297414 0.491346 0.303161 0.495192 0.319684 0.519231 0.326868 0.534615 0.328305 0.544231 0.325431 0.557692 0.320402 0.564423 0.313218 0.568269
0 0.909483 0.464423 0.897989 0.460577 0.884339 0.438462 0.884339 0.426923 0.890086 0.413462 0.891523 0.403846 0.902299 0.393269 0.908046 0.395192 0.917385 0.411538 0.920259 0.436538 0.923132 0.440385 0.918822 0.444231 0.915948 0.457692 0.909483 0.464423
0 0.116379 0.474038 0.106322 0.474038 0.099856 0.467308 0.098420 0.453846 0.101293 0.446154 0.116379 0.425962 0.133621 0.410577 0.152299 0.402885 0.160920 0.406731 0.164511 0.413462 0.164511 0.423077 0.160201 0.432692 0.133621 0.464423 0.116379 0.474038
0 0.862069 0.504808 0.849138 0.502885 0.836925 0.490385 0.834052 0.475000 0.836925 0.463462 0.836207 0.456731 0.840517 0.458654 0.844828 0.452885 0.847701 0.456731 0.877874 0.468269 0.882902 0.473077 0.884339 0.488462 0.876437 0.497115 0.862069 0.504808
0 0.471983 0.000000 0.468391 0.006731 0.459770 0.006731 0.454741 0.000000
0 0.946839 0.127885 0.938218 0.124038 0.934626 0.119231 0.931753 0.111538 0.934626 0.096154 0.948276 0.087500 0.971264 0.087500 0.976293 0.094231 0.976293 0.111538 0.969828 0.118269 0.959770 0.118269 0.946839 0.127885
0 0.719828 0.350962 0.711207 0.349038 0.697557 0.338462 0.696121 0.309615 0.699713 0.302885 0.709770 0.300962 0.716954 0.308654 0.729885 0.312500 0.734914 0.319231 0.734914 0.328846 0.730603 0.336538 0.730603 0.342308 0.725575 0.349038 0.719828 0.350962
0 0.135057 0.612500 0.127874 0.612500 0.122845 0.607692 0.121408 0.598077 0.125718 0.586538 0.112069 0.574038 0.109914 0.565385 0.114943 0.556731 0.137931 0.556731 0.143678 0.549038 0.146552 0.549038 0.153017 0.557692 0.150144 0.569231 0.150144 0.588462 0.148707 0.596154 0.143678 0.599038 0.141523 0.605769 0.135057 0.612500
0 0.607759 0.418269 0.596264 0.418269 0.592672 0.413462 0.594109 0.401923 0.617816 0.374038 0.630747 0.374038 0.635776 0.384615 0.632902 0.400000 0.619253 0.412500 0.607759 0.418269
0 0.208333 0.304808 0.198276 0.304808 0.190374 0.294231 0.186063 0.280769 0.186063 0.265385 0.199713 0.239423 0.206897 0.235577 0.218391 0.235577 0.225575 0.239423 0.232040 0.248077 0.233477 0.265385 0.221983 0.290385 0.208333 0.304808
0 0.969828 0.766346 0.945402 0.766346 0.922414 0.762500 0.920259 0.759615 0.921695 0.755769 0.913075 0.740385 0.913075 0.715385 0.916667 0.710577 0.923851 0.708654 0.936782 0.712500 0.968391 0.714423 0.982759 0.722115 0.990661 0.732692 0.990661 0.738462 0.994971 0.746154 0.982759 0.758654 0.972701 0.762500 0.969828 0.766346
0 0.724138 0.808654 0.711207 0.806731 0.701868 0.794231 0.694684 0.759615 0.687500 0.740385 0.686063 0.725000 0.691810 0.709615 0.698276 0.702885 0.706897 0.702885 0.720546 0.717308 0.732040 0.753846 0.734914 0.771154 0.734914 0.792308 0.732040 0.800000 0.724138 0.808654
0 0.663793 0.222115 0.656609 0.222115 0.645833 0.201923 0.654454 0.180769 0.660920 0.172115 0.666667 0.168269 0.679598 0.170192 0.686063 0.178846 0.681753 0.205769 0.675287 0.216346 0.663793 0.222115
0 0.801724 0.408654 0.795977 0.408654 0.788075 0.401923 0.785201 0.394231 0.785201 0.373077 0.780891 0.365385 0.780891 0.359615 0.785201 0.353846 0.794540 0.347115 0.800287 0.349038 0.806034 0.358654 0.810345 0.360577 0.816810 0.373077 0.813937 0.396154 0.801724 0.408654
0 0.704023 0.520192 0.698276 0.520192 0.688218 0.514423 0.671695 0.496154 0.670259 0.486538 0.667385 0.482692 0.667385 0.471154 0.669540 0.468269 0.681034 0.466346 0.698276 0.472115 0.708333 0.477885 0.714799 0.486538 0.719109 0.494231 0.719109 0.503846 0.712644 0.516346 0.704023 0.520192
0 0.880747 0.470192 0.847701 0.456731 0.839799 0.446154 0.838362 0.430769 0.846264 0.420192 0.862069 0.420192 0.882902 0.448077 0.882902 0.467308 0.880747 0.470192
0 0.311782 0.172115 0.297414 0.172115 0.288075 0.159615 0.288075 0.134615 0.293822 0.123077 0.301724 0.116346 0.313218 0.118269 0.322557 0.130769 0.325431 0.140385 0.321121 0.163462 0.311782 0.172115
0 0.617816 0.079808 0.607759 0.079808 0.595546 0.063462 0.594109 0.038462 0.597701 0.031731 0.606322 0.031731 0.614224 0.048077 0.627155 0.059615 0.625718 0.073077 0.617816 0.079808
0 0.442529 0.093269 0.423851 0.087500 0.413075 0.071154 0.414511 0.055769 0.429598 0.039423 0.436782 0.039423 0.443966 0.045192 0.451868 0.055769 0.454741 0.065385 0.454741 0.082692 0.449713 0.089423 0.442529 0.093269
0 0.961207 0.379808 0.956897 0.375962 0.938218 0.372115 0.937500 0.367308 0.930316 0.357692 0.928879 0.346154 0.931753 0.342308 0.931753 0.336538 0.939655 0.325962 0.952586 0.324038 0.960489 0.332692 0.967672 0.346154 0.970546 0.353846 0.970546 0.365385 0.961207 0.379808
