0 0.750000 0.822266 0.734375 0.822266 0.724609 0.812500 0.724609 0.769531 0.734375 0.751953 0.765625 0.751953 0.771484 0.761719 0.767578 0.800781 0.750000 0.822266
0 0.390625 0.310547 0.363281 0.306641 0.361328 0.285156 0.382812 0.267578 0.410156 0.267578 0.412109 0.292969 0.390625 0.310547
0 0.546875 0.705078 0.523438 0.705078 0.509766 0.691406 0.505859 0.644531 0.519531 0.626953 0.542969 0.626953 0.556641 0.640625 0.560547 0.691406 0.546875 0.705078
0 0.156250 0.146484 0.132812 0.146484 0.119141 0.136719 0.119141 0.121094 0.134766 0.113281 0.136719 0.099609 0.152344 0.099609 0.169922 0.113281 0.166016 0.140625 0.156250 0.146484
0 0.832031 0.228516 0.804688 0.220703 0.783203 0.199219 0.779297 0.167969 0.785156 0.158203 0.820312 0.162109 0.849609 0.187500 0.853516 0.210938 0.832031 0.228516
0 0.289062 0.595703 0.265625 0.595703 0.240234 0.570312 0.240234 0.542969 0.246094 0.533203 0.277344 0.529297 0.294922 0.546875 0.294922 0.589844 0.289062 0.595703
0 0.191406 0.216797 0.175781 0.216797 0.166016 0.203125 0.166016 0.156250 0.171875 0.150391 0.187500 0.150391 0.216797 0.175781 0.216797 0.195312 0.191406 0.216797
0 0.203125 0.142578 0.179688 0.142578 0.173828 0.136719 0.173828 0.117188 0.183594 0.103516 0.203125 0.107422 0.216797 0.121094 0.212891 0.136719 0.203125 0.142578
0 0.814453 0.000000 0.826172 0.011719 0.826172 0.027344 0.816406 0.037109 0.781250 0.037109 0.771484 0.027344 0.771484 0.000000
0 0.820312 0.572266 0.792969 0.572266 0.779297 0.558594 0.779297 0.511719 0.785156 0.501953 0.804688 0.501953 0.833984 0.523438 0.837891 0.542969 0.820312 0.572266
0 0.628906 0.560547 0.589844 0.556641 0.578125 0.548828 0.580078 0.515625 0.613281 0.513672 0.636719 0.529297 0.638672 0.550781 0.628906 0.560547
