0 0.578125 0.423828 0.558594 0.423828 0.552734 0.417969 0.552734 0.402344 0.570312 0.388672 0.589844 0.388672 0.595703 0.394531 0.595703 0.410156 0.578125 0.423828
0 0.429688 0.763672 0.402344 0.763672 0.396484 0.757812 0.400391 0.738281 0.429688 0.728516 0.435547 0.734375 0.435547 0.757812 0.429688 0.763672
0 0.902344 0.064453 0.886719 0.060547 0.873047 0.046875 0.873047 0.031250 0.878906 0.025391 0.890625 0.025391 0.904297 0.035156 0.908203 0.058594 0.902344 0.064453
0 0.000000 0.693359 0.007812 0.693359 0.017578 0.707031 0.017578 0.722656 0.000000 0.728516
0 0.695312 0.298828 0.683594 0.298828 0.669922 0.289062 0.673828 0.265625 0.691406 0.251953 0.712891 0.261719 0.712891 0.285156 0.695312 0.298828
0 0.640625 0.744141 0.626953 0.738281 0.632812 0.724609 0.646484 0.730469 0.640625 0.744141
0 0.839844 0.466797 0.826172 0.460938 0.822266 0.433594 0.828125 0.427734 0.843750 0.431641 0.857422 0.453125 0.839844 0.466797
0 0.445312 0.494141 0.433594 0.494141 0.423828 0.484375 0.427734 0.464844 0.437500 0.455078 0.453125 0.455078 0.462891 0.468750 0.458984 0.484375 0.445312 0.494141
0 0.691406 0.759766 0.664062 0.755859 0.654297 0.750000 0.654297 0.742188 0.667969 0.732422 0.691406 0.736328 0.697266 0.742188 0.691406 0.759766
0 0.953125 0.595703 0.941406 0.595703 0.931641 0.585938 0.931641 0.570312 0.941406 0.560547 0.953125 0.560547 0.962891 0.574219 0.962891 0.585938 0.953125 0.595703
0 0.773438 0.482422 0.748047 0.476562 0.748047 0.453125 0.757812 0.443359 0.781250 0.443359 0.791016 0.453125 0.787109 0.476562 0.773438 0.482422
0 0.769531 0.576172 0.750000 0.576172 0.744141 0.570312 0.744141 0.558594 0.765625 0.533203 0.779297 0.542969 0.779297 0.562500 0.769531 0.576172
0 0.871094 0.458984 0.859375 0.458984 0.849609 0.445312 0.855469 0.431641 0.863281 0.431641 0.876953 0.445312 0.871094 0.458984
0 0.878906 0.677734 0.865234 0.671875 0.871094 0.658203 0.884766 0.664062 0.878906 0.677734
0 0.792969 0.763672 0.761719 0.759766 0.755859 0.753906 0.755859 0.738281 0.765625 0.728516 0.789062 0.728516 0.798828 0.746094 0.792969 0.763672
0 0.570312 0.802734 0.550781 0.802734 0.525391 0.777344 0.525391 0.761719 0.539062 0.748047 0.554688 0.748047 0.576172 0.765625 0.576172 0.796875 0.570312 0.802734
0 0.644531 0.056641 0.621094 0.056641 0.611328 0.050781 0.611328 0.031250 0.621094 0.017578 0.644531 0.013672 0.658203 0.027344 0.658203 0.039062 0.644531 0.056641
0 0.917969 0.822266 0.898438 0.822266 0.884766 0.812500 0.884766 0.781250 0.890625 0.775391 0.906250 0.775391 0.919922 0.789062 0.917969 0.822266
0 0.382812 0.392578 0.363281 0.392578 0.349609 0.382812 0.349609 0.367188 0.359375 0.357422 0.384766 0.363281 0.388672 0.386719 0.382812 0.392578
0 0.414062 0.736328 0.400391 0.730469 0.406250 0.716797 0.419922 0.722656 0.414062 0.736328
0 0.664062 0.392578 0.650391 0.386719 0.656250 0.369141 0.669922 0.371094 0.669922 0.386719 0.664062 0.392578
0 0.265625 0.970703 0.246094 0.966797 0.240234 0.957031 0.250000 0.935547 0.261719 0.935547 0.271484 0.945312 0.271484 0.964844 0.265625 0.970703
0 0.925781 0.451172 0.890625 0.451172 0.888672 0.425781 0.898438 0.416016 0.914062 0.416016 0.927734 0.433594 0.925781 0.451172
0 0.246094 0.263672 0.238281 0.263672 0.228516 0.246094 0.246094 0.224609 0.253906 0.224609 0.263672 0.234375 0.263672 0.250000 0.257812 0.259766 0.246094 0.263672
0 0.101562 0.814453 0.085938 0.814453 0.076172 0.804688 0.082031 0.787109 0.105469 0.787109 0.111328 0.792969 0.101562 0.814453
0 0.164062 0.892578 0.152344 0.892578 0.134766 0.875000 0.144531 0.857422 0.166016 0.867188 0.169922 0.886719 0.164062 0.892578
0 0.535156 0.580078 0.521484 0.574219 0.527344 0.560547 0.541016 0.566406 0.535156 0.580078
0 0.582031 0.876953 0.562500 0.876953 0.548828 0.863281 0.548828 0.847656 0.562500 0.830078 0.578125 0.830078 0.587891 0.839844 0.587891 0.871094 0.582031 0.876953
0 0.058594 0.994141 0.035156 0.994141 0.029297 0.988281 0.029297 0.968750 0.039062 0.958984 0.054688 0.958984 0.064453 0.968750 0.064453 0.988281 0.058594 0.994141
0 0.476562 0.740234 0.462891 0.734375 0.468750 0.720703 0.482422 0.726562 0.476562 0.740234
0 0.449219 0.240234 0.429688 0.240234 0.416016 0.230469 0.421875 0.201172 0.447266 0.203125 0.455078 0.214844 0.449219 0.240234
0 0.972656 0.830078 0.955078 0.828125 0.955078 0.804688 0.958984 0.792969 0.968750 0.787109 0.982422 0.792969 0.982422 0.820312 0.972656 0.830078
0 0.515625 0.267578 0.507812 0.267578 0.494141 0.253906 0.494141 0.234375 0.507812 0.212891 0.519531 0.216797 0.533203 0.234375 0.533203 0.253906 0.515625 0.267578
0 0.917969 0.326172 0.902344 0.326172 0.880859 0.308594 0.878906 0.279297 0.906250 0.279297 0.923828 0.292969 0.917969 0.326172
0 0.609375 0.501953 0.589844 0.501953 0.580078 0.492188 0.580078 0.480469 0.601562 0.466797 0.617188 0.466797 0.623047 0.472656 0.623047 0.492188 0.609375 0.501953
0 0.835938 0.181641 0.818359 0.167969 0.818359 0.144531 0.824219 0.138672 0.835938 0.138672 0.849609 0.152344 0.849609 0.175781 0.835938 0.181641
0 0.644531 0.201172 0.625000 0.201172 0.611328 0.187500 0.611328 0.171875 0.621094 0.162109 0.640625 0.162109 0.650391 0.171875 0.650391 0.195312 0.644531 0.201172
0 0.160156 0.689453 0.138672 0.671875 0.138672 0.644531 0.144531 0.638672 0.160156 0.638672 0.175781 0.650391 0.185547 0.671875 0.179688 0.685547 0.160156 0.689453
0 0.804688 0.244141 0.781250 0.240234 0.767578 0.226562 0.767578 0.207031 0.773438 0.201172 0.796875 0.201172 0.818359 0.222656 0.818359 0.234375 0.804688 0.244141
0 0.820312 0.935547 0.812500 0.935547 0.798828 0.917969 0.798828 0.902344 0.804688 0.896484 0.824219 0.896484 0.833984 0.906250 0.833984 0.925781 0.820312 0.935547
0 0.812500 0.982422 0.794922 0.968750 0.794922 0.949219 0.800781 0.943359 0.816406 0.943359 0.822266 0.949219 0.822266 0.968750 0.812500 0.982422
0 0.722656 0.349609 0.708984 0.343750 0.714844 0.330078 0.728516 0.335938 0.722656 0.349609
0 0.542969 0.623047 0.519531 0.619141 0.517578 0.597656 0.535156 0.591797 0.546875 0.576172 0.564453 0.601562 0.560547 0.613281 0.542969 0.623047
0 0.496094 0.619141 0.468750 0.619141 0.458984 0.609375 0.458984 0.593750 0.468750 0.580078 0.484375 0.580078 0.494141 0.589844 0.496094 0.619141
0 0.949219 0.380859 0.927734 0.371094 0.933594 0.353516 0.941406 0.353516 0.955078 0.367188 0.949219 0.380859
0 0.482422 0.996094 0.488281 0.978516 0.503906 0.978516 0.513672 0.996094
0 0.671875 0.541016 0.658203 0.535156 0.658203 0.503906 0.664062 0.498047 0.679688 0.498047 0.685547 0.503906 0.685547 0.519531 0.671875 0.541016
0 0.628906 0.642578 0.607422 0.636719 0.607422 0.613281 0.625000 0.591797 0.636719 0.591797 0.646484 0.601562 0.646484 0.628906 0.628906 0.642578
0 0.886719 0.236328 0.873047 0.230469 0.873047 0.214844 0.898438 0.189453 0.908203 0.195312 0.908203 0.218750 0.886719 0.236328
0 0.703125 0.353516 0.689453 0.347656 0.689453 0.324219 0.699219 0.306641 0.710938 0.306641 0.716797 0.320312 0.703125 0.353516
0 0.476562 0.794922 0.460938 0.794922 0.451172 0.777344 0.460938 0.748047 0.472656 0.748047 0.482422 0.757812 0.486328 0.781250 0.476562 0.794922
0 0.837891 0.996094 0.843750 0.982422 0.867188 0.982422 0.876953 0.996094
0 0.589844 0.130859 0.572266 0.121094 0.572266 0.089844 0.585938 0.076172 0.597656 0.076172 0.615234 0.089844 0.615234 0.113281 0.605469 0.126953 0.589844 0.130859
0 0.843750 0.521484 0.816406 0.521484 0.810547 0.503906 0.824219 0.494141 0.843750 0.494141 0.853516 0.503906 0.843750 0.521484
0 0.312500 0.759766 0.298828 0.753906 0.294922 0.742188 0.312500 0.724609 0.324219 0.724609 0.330078 0.730469 0.330078 0.746094 0.312500 0.759766
0 0.968750 0.068359 0.951172 0.062500 0.951172 0.050781 0.960938 0.037109 0.978516 0.039062 0.978516 0.062500 0.968750 0.068359
0 0.109375 0.900391 0.093750 0.900391 0.080078 0.890625 0.080078 0.875000 0.089844 0.865234 0.105469 0.865234 0.119141 0.875000 0.119141 0.894531 0.109375 0.900391
0 0.164062 0.583984 0.140625 0.583984 0.130859 0.574219 0.130859 0.542969 0.144531 0.529297 0.164062 0.529297 0.169922 0.535156 0.169922 0.578125 0.164062 0.583984
0 0.332031 0.498047 0.308594 0.498047 0.298828 0.488281 0.298828 0.476562 0.316406 0.466797 0.332031 0.470703 0.337891 0.476562 0.337891 0.492188 0.332031 0.498047
0 0.445312 0.876953 0.431641 0.871094 0.437500 0.857422 0.451172 0.863281 0.445312 0.876953
0 0.875000 0.658203 0.861328 0.652344 0.867188 0.638672 0.880859 0.644531 0.875000 0.658203
0 0.285156 0.396484 0.259766 0.394531 0.255859 0.367188 0.265625 0.357422 0.285156 0.361328 0.298828 0.375000 0.298828 0.386719 0.285156 0.396484
0 0.710938 0.806641 0.697266 0.796875 0.697266 0.785156 0.707031 0.775391 0.722656 0.771484 0.732422 0.781250 0.732422 0.796875 0.710938 0.806641
0 0.414062 0.349609 0.398438 0.349609 0.388672 0.339844 0.384766 0.320312 0.390625 0.314453 0.402344 0.310547 0.419922 0.320312 0.423828 0.339844 0.414062 0.349609
0 0.703125 0.193359 0.683594 0.193359 0.673828 0.183594 0.673828 0.167969 0.687500 0.150391 0.707031 0.142578 0.724609 0.160156 0.724609 0.175781 0.718750 0.173828 0.703125 0.193359
0 0.671875 0.556641 0.656250 0.556641 0.650391 0.542969 0.656250 0.537109 0.675781 0.541016 0.677734 0.550781 0.671875 0.556641
0 0.312500 0.818359 0.296875 0.818359 0.291016 0.812500 0.291016 0.800781 0.312500 0.787109 0.326172 0.796875 0.326172 0.808594 0.312500 0.818359
0 0.468750 0.427734 0.447266 0.414062 0.447266 0.398438 0.457031 0.388672 0.468750 0.388672 0.478516 0.398438 0.478516 0.421875 0.468750 0.427734
0 0.929688 0.552734 0.908203 0.539062 0.917969 0.517578 0.933594 0.517578 0.939453 0.523438 0.939453 0.546875 0.929688 0.552734
0 0.585938 0.822266 0.550781 0.822266 0.544922 0.808594 0.550781 0.802734 0.585938 0.802734 0.591797 0.808594 0.585938 0.822266
0 0.000000 0.837891 0.013672 0.859375 0.013672 0.882812 0.000000 0.896484
0 0.402344 0.384766 0.388672 0.378906 0.394531 0.365234 0.408203 0.371094 0.402344 0.384766
0 0.070312 0.966797 0.033203 0.957031 0.033203 0.933594 0.039062 0.927734 0.062500 0.923828 0.083984 0.933594 0.083984 0.949219 0.070312 0.966797
0 0.371094 0.927734 0.351562 0.927734 0.345703 0.910156 0.359375 0.892578 0.378906 0.884766 0.388672 0.890625 0.388672 0.910156 0.371094 0.927734
0 0.898438 0.681641 0.884766 0.671875 0.880859 0.652344 0.884766 0.636719 0.894531 0.630859 0.912109 0.636719 0.912109 0.671875 0.898438 0.681641
0 0.222656 0.810547 0.207031 0.810547 0.197266 0.800781 0.197266 0.785156 0.207031 0.775391 0.224609 0.785156 0.222656 0.810547
0 0.269531 0.455078 0.257812 0.455078 0.251953 0.437500 0.265625 0.419922 0.281250 0.416016 0.291016 0.433594 0.287109 0.445312 0.269531 0.455078
0 0.816406 0.373047 0.796875 0.373047 0.787109 0.363281 0.787109 0.339844 0.794922 0.335938 0.791016 0.328125 0.800781 0.318359 0.820312 0.318359 0.830078 0.335938 0.830078 0.359375 0.816406 0.373047
0 0.273438 0.822266 0.259766 0.816406 0.265625 0.802734 0.279297 0.808594 0.273438 0.822266
0 0.164062 0.791016 0.150391 0.785156 0.156250 0.771484 0.169922 0.777344 0.164062 0.791016
0 0.703125 0.392578 0.675781 0.392578 0.669922 0.386719 0.669922 0.367188 0.679688 0.357422 0.699219 0.357422 0.708984 0.367188 0.708984 0.386719 0.703125 0.392578
0 0.960938 0.435547 0.945312 0.435547 0.935547 0.425781 0.939453 0.410156 0.949219 0.400391 0.968750 0.400391 0.978516 0.414062 0.978516 0.421875 0.960938 0.435547
0 0.740234 0.996094 0.740234 0.964844 0.753906 0.947266 0.761719 0.947266 0.775391 0.960938 0.771484 0.996094
0 0.996094 0.474609 0.972656 0.482422 0.962891 0.472656 0.962891 0.457031 0.972656 0.447266 0.996094 0.443359
0 0.957031 0.337891 0.925781 0.337891 0.919922 0.332031 0.919922 0.308594 0.925781 0.302734 0.953125 0.298828 0.962891 0.308594 0.962891 0.332031 0.957031 0.337891
0 0.195312 0.251953 0.177734 0.238281 0.177734 0.222656 0.187500 0.212891 0.203125 0.212891 0.208984 0.218750 0.208984 0.242188 0.195312 0.251953
0 0.667969 0.705078 0.632812 0.705078 0.626953 0.699219 0.630859 0.675781 0.648438 0.666016 0.671875 0.669922 0.677734 0.675781 0.677734 0.695312 0.667969 0.705078
0 0.503906 0.513672 0.484375 0.509766 0.482422 0.492188 0.492188 0.478516 0.511719 0.474609 0.521484 0.484375 0.521484 0.496094 0.517578 0.507812 0.503906 0.513672
0 0.265625 0.587891 0.257812 0.587891 0.240234 0.570312 0.246094 0.552734 0.273438 0.556641 0.279297 0.562500 0.279297 0.578125 0.265625 0.587891
