0 0.449219 0.548828 0.433594 0.548828 0.427734 0.542969 0.427734 0.527344 0.441406 0.517578 0.453125 0.517578 0.462891 0.527344 0.462891 0.535156 0.449219 0.548828
0 0.113281 0.982422 0.097656 0.982422 0.083984 0.968750 0.089844 0.951172 0.105469 0.951172 0.123047 0.964844 0.113281 0.982422
0 0.000000 0.728516 0.019531 0.728516 0.029297 0.742188 0.025391 0.777344 0.000000 0.798828
0 0.382812 0.126953 0.353516 0.121094 0.349609 0.105469 0.359375 0.091797 0.388672 0.097656 0.392578 0.113281 0.382812 0.126953
0 0.421875 0.107422 0.408203 0.101562 0.408203 0.078125 0.425781 0.056641 0.433594 0.056641 0.443359 0.070312 0.443359 0.089844 0.421875 0.107422
0 0.591797 0.000000 0.582031 0.017578 0.566406 0.017578 0.556641 0.000000
0 0.386719 0.193359 0.375000 0.193359 0.369141 0.179688 0.386719 0.162109 0.410156 0.158203 0.416016 0.171875 0.386719 0.193359
0 0.746094 0.935547 0.732422 0.925781 0.728516 0.914062 0.742188 0.896484 0.757812 0.896484 0.763672 0.902344 0.763672 0.917969 0.746094 0.935547
0 0.589844 0.341797 0.576172 0.332031 0.568359 0.316406 0.585938 0.294922 0.597656 0.294922 0.611328 0.312500 0.611328 0.328125 0.589844 0.341797
0 0.339844 0.162109 0.324219 0.162109 0.310547 0.148438 0.310547 0.132812 0.320312 0.123047 0.351562 0.126953 0.357422 0.132812 0.357422 0.148438 0.339844 0.162109
0 0.453125 0.517578 0.433594 0.517578 0.427734 0.500000 0.453125 0.478516 0.464844 0.478516 0.470703 0.484375 0.470703 0.500000 0.453125 0.517578
0 0.343750 0.259766 0.332031 0.255859 0.318359 0.238281 0.335938 0.212891 0.357422 0.222656 0.357422 0.242188 0.343750 0.259766
0 0.101562 0.662109 0.083984 0.652344 0.083984 0.640625 0.093750 0.626953 0.111328 0.632812 0.111328 0.652344 0.101562 0.662109
0 0.300781 0.619141 0.292969 0.619141 0.279297 0.605469 0.279297 0.574219 0.292969 0.560547 0.306641 0.570312 0.310547 0.582031 0.310547 0.609375 0.300781 0.619141
0 0.140625 0.380859 0.121094 0.380859 0.111328 0.371094 0.111328 0.359375 0.125000 0.349609 0.148438 0.349609 0.158203 0.363281 0.140625 0.380859
0 0.628906 0.712891 0.609375 0.712891 0.595703 0.699219 0.595703 0.691406 0.601562 0.685547 0.625000 0.685547 0.632812 0.677734 0.644531 0.677734 0.650391 0.691406 0.628906 0.712891
0 0.277344 0.755859 0.259766 0.742188 0.259766 0.730469 0.269531 0.720703 0.281250 0.720703 0.294922 0.734375 0.294922 0.742188 0.277344 0.755859
0 0.917969 0.568359 0.910156 0.568359 0.896484 0.550781 0.896484 0.531250 0.902344 0.525391 0.910156 0.525391 0.923828 0.539062 0.923828 0.562500 0.917969 0.568359
0 0.359375 0.509766 0.335938 0.509766 0.326172 0.492188 0.343750 0.478516 0.367188 0.478516 0.373047 0.484375 0.373047 0.500000 0.359375 0.509766
0 0.503906 0.072266 0.492188 0.072266 0.482422 0.054688 0.486328 0.039062 0.500000 0.029297 0.517578 0.042969 0.517578 0.058594 0.503906 0.072266
0 0.531250 0.830078 0.507812 0.830078 0.498047 0.812500 0.511719 0.802734 0.539062 0.802734 0.544922 0.820312 0.531250 0.830078
0 0.062500 0.775391 0.050781 0.775391 0.041016 0.757812 0.054688 0.736328 0.070312 0.732422 0.080078 0.750000 0.062500 0.775391
0 0.628906 0.677734 0.605469 0.677734 0.599609 0.667969 0.617188 0.642578 0.634766 0.652344 0.628906 0.677734
0 0.277344 0.904297 0.261719 0.904297 0.244141 0.890625 0.248047 0.863281 0.261719 0.853516 0.269531 0.853516 0.283203 0.871094 0.283203 0.898438 0.277344 0.904297
0 0.699219 0.853516 0.679688 0.853516 0.669922 0.843750 0.683594 0.822266 0.695312 0.822266 0.708984 0.832031 0.708984 0.843750 0.699219 0.853516
0 0.191406 0.158203 0.173828 0.152344 0.173828 0.136719 0.187500 0.119141 0.197266 0.125000 0.201172 0.140625 0.191406 0.158203
0 0.785156 0.861328 0.765625 0.857422 0.751953 0.843750 0.751953 0.812500 0.761719 0.802734 0.785156 0.798828 0.802734 0.824219 0.798828 0.843750 0.785156 0.861328
0 0.996094 0.130859 0.982422 0.121094 0.982422 0.113281 0.996094 0.103516
0 0.812500 0.779297 0.791016 0.769531 0.791016 0.746094 0.800781 0.736328 0.822266 0.746094 0.822266 0.769531 0.812500 0.779297
0 0.419922 0.000000 0.406250 0.013672 0.390625 0.013672 0.376953 0.000000
0 0.515625 0.208984 0.501953 0.203125 0.501953 0.191406 0.519531 0.169922 0.535156 0.166016 0.544922 0.175781 0.544922 0.187500 0.515625 0.208984
0 0.710938 0.646484 0.691406 0.646484 0.685547 0.628906 0.699219 0.615234 0.718750 0.611328 0.728516 0.621094 0.728516 0.632812 0.710938 0.646484
0 0.246094 0.474609 0.230469 0.474609 0.220703 0.464844 0.220703 0.433594 0.226562 0.427734 0.246094 0.427734 0.257812 0.408203 0.269531 0.404297 0.287109 0.421875 0.287109 0.441406 0.281250 0.447266 0.261719 0.447266 0.246094 0.474609
0 0.636719 0.650391 0.623047 0.644531 0.623047 0.632812 0.644531 0.611328 0.652344 0.611328 0.658203 0.628906 0.636719 0.650391
0 0.261719 0.958984 0.238281 0.958984 0.210938 0.947266 0.205078 0.929688 0.210938 0.923828 0.242188 0.923828 0.257812 0.931641 0.267578 0.945312 0.261719 0.958984
0 0.390625 0.349609 0.378906 0.349609 0.365234 0.335938 0.365234 0.316406 0.382812 0.302734 0.394531 0.302734 0.408203 0.312500 0.408203 0.328125 0.390625 0.349609
0 0.101562 0.505859 0.082031 0.505859 0.076172 0.500000 0.076172 0.480469 0.085938 0.466797 0.101562 0.466797 0.111328 0.476562 0.111328 0.496094 0.101562 0.505859
0 0.082031 0.884766 0.074219 0.884766 0.064453 0.871094 0.064453 0.855469 0.074219 0.841797 0.089844 0.841797 0.095703 0.851562 0.095703 0.867188 0.082031 0.884766
