0 0.727778 0.534722 0.711111 0.531944 0.695833 0.511111 0.690278 0.483333 0.690278 0.444444 0.706944 0.388889 0.733333 0.365278 0.763889 0.359722 0.775000 0.362500 0.786111 0.373611 0.804167 0.400000 0.801389 0.438889 0.798611 0.450000 0.770833 0.494444 0.738889 0.529167 0.727778 0.534722
0 0.844444 0.201389 0.783333 0.195833 0.770833 0.177778 0.773611 0.138889 0.794444 0.118056 0.852778 0.090278 0.891667 0.087500 0.912500 0.108333 0.909722 0.141667 0.898611 0.163889 0.869444 0.193056 0.844444 0.201389
0 0.269444 0.498611 0.244444 0.495833 0.220833 0.477778 0.220833 0.461111 0.229167 0.447222 0.229167 0.438889 0.218056 0.419444 0.218056 0.405556 0.223611 0.388889 0.244444 0.370833 0.261111 0.365278 0.305556 0.365278 0.359722 0.402778 0.365278 0.413889 0.362500 0.433333 0.351389 0.450000 0.311111 0.484722 0.269444 0.498611
0 0.109722 0.997222 0.109722 0.972222 0.123611 0.925000 0.138889 0.909722 0.166667 0.898611 0.202778 0.901389 0.231944 0.925000 0.254167 0.966667 0.259722 0.997222
0 0.562500 0.997222 0.566667 0.990278 0.575000 0.987500 0.591667 0.987500 0.606944 0.997222
0 0.263889 0.876389 0.241667 0.873611 0.229167 0.863889 0.226389 0.805556 0.229167 0.794444 0.244444 0.781944 0.266667 0.776389 0.305556 0.779167 0.320833 0.794444 0.323611 0.802778 0.320833 0.833333 0.288889 0.865278 0.263889 0.876389
0 0.997222 0.554167 0.977778 0.562500 0.938889 0.598611 0.927778 0.604167 0.911111 0.604167 0.897222 0.598611 0.884722 0.580556 0.884722 0.569444 0.893056 0.550000 0.909722 0.525000 0.930556 0.504167 0.950000 0.493056 0.969444 0.473611 0.997222 0.473611
0 0.787500 0.997222 0.802778 0.979167 0.838889 0.968056 0.866667 0.968056 0.911111 0.976389 0.937500 0.997222
0 0.290278 0.000000 0.286111 0.004167 0.258333 0.004167 0.248611 0.000000
0 0.869444 0.904167 0.827778 0.898611 0.763889 0.868056 0.751389 0.852778 0.743056 0.830556 0.745833 0.811111 0.751389 0.802778 0.772222 0.787500 0.802778 0.781944 0.863889 0.798611 0.902778 0.820833 0.915278 0.847222 0.912500 0.883333 0.894444 0.898611 0.869444 0.904167
0 0.059722 0.000000 0.022222 0.023611 0.005556 0.023611 0.000000 0.018056
0 0.602778 0.259722 0.550000 0.256944 0.530556 0.245833 0.515278 0.230556 0.512500 0.222222 0.515278 0.180556 0.550000 0.143056 0.572222 0.131944 0.613889 0.140278 0.654167 0.188889 0.662500 0.205556 0.659722 0.225000 0.641667 0.243056 0.602778 0.259722
0 0.305556 0.365278 0.255556 0.365278 0.237500 0.350000 0.226389 0.327778 0.226389 0.313889 0.237500 0.294444 0.266667 0.268056 0.322222 0.243056 0.355556 0.240278 0.386111 0.254167 0.404167 0.280556 0.404167 0.291667 0.390278 0.316667 0.372222 0.334722 0.352778 0.343056 0.333333 0.343056 0.319444 0.359722 0.305556 0.365278
0 0.222222 0.190278 0.200000 0.190278 0.181944 0.175000 0.168056 0.144444 0.168056 0.125000 0.173611 0.113889 0.200000 0.090278 0.208333 0.090278 0.216667 0.081944 0.269444 0.056944 0.300000 0.056944 0.319444 0.065278 0.329167 0.075000 0.334722 0.094444 0.334722 0.111111 0.329167 0.119444 0.275000 0.170833 0.222222 0.190278
0 0.000000 0.070833 0.011111 0.059722 0.052778 0.037500 0.077778 0.037500 0.095833 0.052778 0.098611 0.063889 0.093056 0.086111 0.065278 0.125000 0.062500 0.150000 0.045833 0.177778 0.019444 0.198611 0.000000 0.204167
0 0.605556 0.029167 0.593056 0.025000 0.597222 0.015278 0.609722 0.019444 0.605556 0.029167
0 0.602778 0.979167 0.566667 0.976389 0.558333 0.968056 0.544444 0.965278 0.513889 0.940278 0.487500 0.911111 0.481944 0.877778 0.490278 0.852778 0.502778 0.840278 0.516667 0.834722 0.547222 0.834722 0.572222 0.840278 0.634722 0.894444 0.648611 0.925000 0.645833 0.952778 0.622222 0.973611 0.602778 0.979167
0 0.652778 0.712500 0.636111 0.712500 0.594444 0.693056 0.570833 0.669444 0.562500 0.647222 0.562500 0.627778 0.576389 0.588889 0.602778 0.554167 0.627778 0.540278 0.666667 0.540278 0.688889 0.551389 0.704167 0.569444 0.698611 0.672222 0.677778 0.701389 0.652778 0.712500
0 0.558333 0.984722 0.550000 0.984722 0.543056 0.977778 0.547222 0.965278 0.558333 0.968056 0.568056 0.977778 0.558333 0.984722
0 0.000000 0.965278 0.022222 0.965278 0.065278 0.997222
0 0.102778 0.687500 0.055556 0.684722 0.037500 0.666667 0.037500 0.636111 0.043056 0.625000 0.052778 0.615278 0.086111 0.601389 0.122222 0.570833 0.175000 0.548611 0.216667 0.548611 0.231944 0.563889 0.240278 0.580556 0.240278 0.600000 0.229167 0.625000 0.211111 0.643056 0.186111 0.648611 0.169444 0.668056 0.138889 0.684722 0.102778 0.687500
0 0.997222 0.145833 0.980556 0.154167 0.969444 0.154167 0.952778 0.145833 0.934722 0.119444 0.926389 0.091667 0.926389 0.080556 0.937500 0.058333 0.975000 0.023611 0.997222 0.015278
0 0.113889 0.806944 0.088889 0.806944 0.063889 0.787500 0.056944 0.775000 0.056944 0.761111 0.087500 0.711111 0.105556 0.698611 0.127778 0.693056 0.166667 0.693056 0.194444 0.704167 0.212500 0.727778 0.212500 0.750000 0.206944 0.763889 0.186111 0.784722 0.113889 0.806944
0 0.997222 0.412500 0.950000 0.462500 0.916667 0.484722 0.897222 0.481944 0.879167 0.466667 0.879167 0.422222 0.918056 0.361111 0.938889 0.340278 0.963889 0.326389 0.988889 0.326389 0.997222 0.331944
0 0.350000 0.765278 0.322222 0.765278 0.291667 0.748611 0.270833 0.722222 0.262500 0.697222 0.262500 0.633333 0.279167 0.594444 0.297222 0.579167 0.330556 0.579167 0.341667 0.584722 0.356944 0.605556 0.356944 0.669444 0.370833 0.711111 0.370833 0.744444 0.350000 0.765278
0 0.000000 0.690278 0.038889 0.693056 0.048611 0.700000 0.054167 0.711111 0.054167 0.747222 0.040278 0.791667 0.013889 0.818056 0.000000 0.823611
0 0.997222 0.754167 0.958333 0.743056 0.940278 0.725000 0.934722 0.702778 0.943056 0.675000 0.958333 0.659722 0.983333 0.645833 0.997222 0.645833
