0 0.420749 0.179327 0.409222 0.178365 0.396254 0.170673 0.391210 0.165865 0.388329 0.164904 0.375000 0.148077 0.375000 0.146154 0.372839 0.143269 0.372839 0.140385 0.369236 0.133654 0.369236 0.125000 0.371398 0.118269 0.376801 0.111058 0.381124 0.108173 0.404899 0.111058 0.408501 0.113942 0.417867 0.116827 0.430115 0.124519 0.435879 0.129327 0.442723 0.138462 0.445605 0.146154 0.445605 0.153846 0.442003 0.165385 0.438761 0.169712 0.431556 0.175481 0.420749 0.179327
0 0.307637 0.567788 0.288905 0.565865 0.278098 0.560096 0.271254 0.550962 0.259006 0.529808 0.255403 0.518269 0.256124 0.498077 0.262608 0.480769 0.268012 0.474519 0.275216 0.469712 0.293228 0.461058 0.301153 0.461058 0.306916 0.462981 0.313401 0.465865 0.320605 0.471635 0.328170 0.481731 0.333213 0.494231 0.338256 0.501923 0.342579 0.517308 0.342579 0.524038 0.340418 0.534615 0.333934 0.550000 0.322767 0.562019 0.316282 0.565865 0.307637 0.567788
0 0.054755 0.847596 0.033141 0.843750 0.025937 0.837981 0.018012 0.827404 0.011527 0.822596 0.004683 0.812500 0.003963 0.803846 0.007565 0.792308 0.015130 0.783173 0.034582 0.773558 0.059078 0.773558 0.067003 0.777404 0.075648 0.785096 0.081052 0.792308 0.083213 0.798077 0.083934 0.819231 0.081052 0.834615 0.074928 0.842788 0.054755 0.847596
0 0.497118 0.077404 0.479827 0.076442 0.472622 0.074519 0.468300 0.071635 0.462536 0.071635 0.453170 0.067788 0.450288 0.063942 0.440202 0.056250 0.434798 0.048077 0.432637 0.041346 0.433357 0.026923 0.442363 0.012019 0.451009 0.009135 0.469741 0.010096 0.481268 0.013942 0.483429 0.015865 0.497839 0.019712 0.502161 0.022596 0.509366 0.029327 0.513329 0.035577 0.516210 0.044231 0.516931 0.052885 0.514049 0.063462 0.511527 0.066827 0.508646 0.067788 0.505764 0.073558 0.497118 0.077404
0 0.999280 0.508173 0.993516 0.508173 0.989193 0.506250 0.982709 0.508173 0.977666 0.505288 0.968300 0.504327 0.963256 0.501442 0.960375 0.501442 0.958934 0.499519 0.955331 0.499519 0.947406 0.492788 0.944524 0.492788 0.940202 0.489904 0.933357 0.478846 0.931196 0.472115 0.931196 0.464423 0.932637 0.459615 0.940202 0.450481 0.945245 0.448558 0.953890 0.448558 0.978386 0.456250 0.999280 0.468750
0 0.474063 0.881250 0.458934 0.881250 0.450288 0.879327 0.432997 0.869712 0.424712 0.859615 0.419669 0.849038 0.419669 0.845192 0.416787 0.836538 0.416066 0.820192 0.418228 0.812500 0.425793 0.800481 0.432997 0.794712 0.438040 0.792788 0.451729 0.793750 0.466859 0.802404 0.478386 0.812981 0.485231 0.822115 0.489553 0.831731 0.491715 0.840385 0.490994 0.860577 0.488112 0.869231 0.484870 0.873558 0.474063 0.881250
0 0.494957 0.623558 0.487032 0.623558 0.479107 0.620673 0.474784 0.617788 0.466499 0.604808 0.465058 0.586538 0.467219 0.574038 0.470101 0.565385 0.472983 0.559615 0.481268 0.549519 0.499280 0.537981 0.506484 0.536058 0.523055 0.535096 0.533862 0.539904 0.538905 0.544712 0.545029 0.553846 0.549352 0.565385 0.549352 0.584615 0.546470 0.595192 0.536744 0.610096 0.524496 0.618750 0.514409 0.621635 0.494957 0.623558
0 0.360591 0.000000 0.365634 0.007692 0.368516 0.016346 0.368516 0.027885 0.367075 0.033654 0.360591 0.048077 0.355187 0.055288 0.349424 0.060096 0.340058 0.062981 0.323487 0.059135 0.313401 0.050481 0.311239 0.050481 0.306196 0.044712 0.295389 0.037981 0.287824 0.026923 0.285663 0.021154 0.283501 0.011538 0.283501 0.000000
0 0.000000 0.541827 0.002882 0.537981 0.010807 0.534135 0.017291 0.534135 0.023055 0.536058 0.029539 0.540865 0.040346 0.554327 0.048991 0.560096 0.059078 0.570673 0.073127 0.590385 0.078170 0.602885 0.081772 0.621154 0.081052 0.638462 0.076009 0.650962 0.067003 0.662019 0.059798 0.665865 0.042507 0.667788 0.041066 0.665865 0.031700 0.662019 0.028818 0.658173 0.023775 0.655288 0.017651 0.647115 0.009726 0.628846 0.006844 0.609615 0.000000 0.597596
0 0.697046 0.999038 0.692003 0.982692 0.692003 0.971154 0.693444 0.964423 0.697767 0.953846 0.701729 0.948558 0.706772 0.944712 0.724063 0.937981 0.737752 0.936058 0.742075 0.934135 0.755043 0.934135 0.760807 0.936058 0.768012 0.941827 0.776297 0.955769 0.779899 0.975000 0.779179 0.981731 0.777017 0.987500 0.769813 0.999038
0 0.826369 0.189904 0.822767 0.187981 0.811960 0.187981 0.801873 0.182212 0.792867 0.170192 0.788545 0.155769 0.789986 0.137500 0.792147 0.130769 0.792147 0.126923 0.796470 0.116346 0.806196 0.106250 0.818444 0.101442 0.821326 0.103365 0.824928 0.101442 0.829971 0.101442 0.839337 0.103365 0.844380 0.106250 0.852666 0.115385 0.852666 0.117308 0.858429 0.125962 0.861311 0.137500 0.860591 0.158654 0.856268 0.169231 0.849424 0.178365 0.842939 0.182212 0.840778 0.185096 0.837896 0.185096 0.834294 0.187981 0.830692 0.187019 0.826369 0.189904
0 0.739193 0.457212 0.726225 0.455288 0.723343 0.452404 0.716859 0.449519 0.710014 0.435577 0.707133 0.423077 0.706412 0.407692 0.707853 0.403846 0.709294 0.390385 0.712896 0.380769 0.718300 0.373558 0.721902 0.369712 0.727666 0.366827 0.739193 0.366827 0.745677 0.369712 0.749280 0.375481 0.751441 0.375481 0.759366 0.384135 0.763689 0.390865 0.769452 0.392788 0.772695 0.397115 0.771254 0.410577 0.774135 0.417308 0.774856 0.427885 0.764409 0.441827 0.755764 0.446635 0.746398 0.455288 0.739193 0.457212
0 0.461095 0.388942 0.450288 0.388942 0.436599 0.381250 0.427594 0.369231 0.421110 0.350962 0.421110 0.325962 0.423271 0.314423 0.428314 0.300962 0.438040 0.288942 0.442363 0.287981 0.446686 0.284135 0.456772 0.284135 0.463256 0.287981 0.468660 0.295192 0.476585 0.311538 0.480908 0.325962 0.481628 0.353846 0.478746 0.368269 0.476585 0.371154 0.475865 0.375962 0.469741 0.384135 0.466138 0.385096 0.461095 0.388942
0 0.604467 0.740865 0.595101 0.740865 0.587176 0.737981 0.576009 0.727885 0.572406 0.720192 0.571686 0.715385 0.571686 0.708654 0.575288 0.693269 0.580331 0.681731 0.587896 0.671635 0.601585 0.659135 0.613112 0.652404 0.616715 0.652404 0.619597 0.650481 0.631844 0.650481 0.640850 0.660577 0.643732 0.667308 0.643012 0.679808 0.645173 0.682692 0.643732 0.698077 0.638689 0.710577 0.624640 0.728365 0.611671 0.737981 0.604467 0.740865
