0 0.586111 0.612500 0.575000 0.612500 0.570833 0.602778 0.556944 0.594444 0.556944 0.586111 0.563889 0.584722 0.575000 0.593056 0.587500 0.605556 0.586111 0.612500
0 0.870833 0.000000 0.859722 0.036111 0.859722 0.072222 0.868056 0.097222 0.868056 0.127778 0.859722 0.144444 0.836111 0.162500 0.808333 0.156944 0.791667 0.143056 0.766667 0.131944 0.751389 0.111111 0.751389 0.061111 0.765278 0.036111 0.762500 0.000000
0 0.997222 0.526389 0.986111 0.534722 0.966667 0.531944 0.948611 0.513889 0.931944 0.463889 0.909722 0.427778 0.915278 0.400000 0.955556 0.351389 0.969444 0.343056 0.988889 0.345833 0.997222 0.354167
0 0.205556 0.654167 0.180556 0.654167 0.144444 0.643056 0.129167 0.625000 0.123611 0.591667 0.115278 0.572222 0.115278 0.533333 0.120833 0.522222 0.150000 0.493056 0.172222 0.481944 0.205556 0.481944 0.219444 0.487500 0.231944 0.513889 0.240278 0.522222 0.245833 0.544444 0.245833 0.608333 0.229167 0.636111 0.205556 0.654167
0 0.156944 0.997222 0.129167 0.952778 0.129167 0.930556 0.134722 0.916667 0.154167 0.897222 0.165278 0.869444 0.186111 0.845833 0.200000 0.834722 0.230556 0.834722 0.251389 0.858333 0.251389 0.877778 0.256944 0.891667 0.254167 0.952778 0.248611 0.963889 0.215278 0.997222
0 0.336111 0.284722 0.316667 0.279167 0.309722 0.272222 0.301389 0.244444 0.301389 0.216667 0.306944 0.208333 0.315278 0.138889 0.320833 0.119444 0.336111 0.104167 0.350000 0.098611 0.372222 0.098611 0.386111 0.106944 0.398611 0.125000 0.395833 0.175000 0.406944 0.213889 0.390278 0.252778 0.363889 0.273611 0.355556 0.273611 0.336111 0.284722
0 0.102778 0.295833 0.080556 0.295833 0.044444 0.281944 0.006944 0.244444 0.004167 0.205556 0.023611 0.163889 0.050000 0.140278 0.080556 0.126389 0.141667 0.112500 0.163889 0.120833 0.181944 0.138889 0.190278 0.155556 0.195833 0.183333 0.176389 0.230556 0.159722 0.258333 0.127778 0.284722 0.102778 0.295833
0 0.538889 0.743056 0.488889 0.743056 0.447222 0.723611 0.429167 0.705556 0.429167 0.691667 0.434722 0.680556 0.458333 0.665278 0.480556 0.662500 0.502778 0.651389 0.536111 0.640278 0.550000 0.640278 0.558333 0.634722 0.594444 0.634722 0.613889 0.643056 0.631944 0.663889 0.631944 0.680556 0.626389 0.691667 0.575000 0.734722 0.538889 0.743056
0 0.886111 0.745833 0.847222 0.745833 0.783333 0.726389 0.773611 0.716667 0.770833 0.705556 0.770833 0.677778 0.779167 0.663889 0.794444 0.651389 0.808333 0.648611 0.813889 0.643056 0.850000 0.643056 0.905556 0.651389 0.947222 0.673611 0.959722 0.688889 0.959722 0.711111 0.950000 0.720833 0.927778 0.731944 0.886111 0.745833
0 0.383333 0.523611 0.372222 0.520833 0.359722 0.505556 0.356944 0.483333 0.384722 0.444444 0.390278 0.400000 0.405556 0.381944 0.430556 0.373611 0.444444 0.373611 0.473611 0.402778 0.476389 0.425000 0.470833 0.447222 0.462500 0.461111 0.443056 0.477778 0.433333 0.498611 0.383333 0.523611
0 0.786111 0.354167 0.744444 0.345833 0.716667 0.331944 0.673611 0.283333 0.673611 0.277778 0.665278 0.269444 0.665278 0.250000 0.673611 0.233333 0.697222 0.209722 0.719444 0.201389 0.750000 0.201389 0.788889 0.212500 0.808333 0.223611 0.843056 0.261111 0.854167 0.288889 0.851389 0.319444 0.825000 0.345833 0.786111 0.354167
0 0.433333 0.962500 0.394444 0.962500 0.380556 0.956944 0.362500 0.938889 0.356944 0.922222 0.356944 0.900000 0.362500 0.886111 0.373611 0.875000 0.384722 0.847222 0.400000 0.829167 0.427778 0.818056 0.452778 0.790278 0.475000 0.787500 0.498611 0.808333 0.504167 0.819444 0.501389 0.888889 0.465278 0.941667 0.433333 0.962500
0 0.302778 0.918056 0.275000 0.912500 0.251389 0.869444 0.251389 0.830556 0.256944 0.822222 0.256944 0.811111 0.275000 0.790278 0.297222 0.779167 0.327778 0.754167 0.341667 0.748611 0.366667 0.751389 0.377778 0.756944 0.384722 0.766667 0.384722 0.808333 0.370833 0.833333 0.351389 0.852778 0.343056 0.869444 0.343056 0.880556 0.329167 0.900000 0.313889 0.915278 0.302778 0.918056
0 0.569444 0.879167 0.558333 0.879167 0.544444 0.868056 0.530556 0.865278 0.509722 0.841667 0.509722 0.822222 0.518056 0.800000 0.541667 0.770833 0.555556 0.765278 0.572222 0.765278 0.583333 0.773611 0.629167 0.833333 0.626389 0.847222 0.616667 0.856944 0.569444 0.879167
0 0.000000 0.987500 0.025000 0.987500 0.031944 0.997222
0 0.852778 0.940278 0.830556 0.906944 0.797222 0.901389 0.780556 0.884722 0.766667 0.890278 0.755556 0.879167 0.733333 0.895833 0.725000 0.884722 0.712500 0.877778 0.704167 0.863889 0.704167 0.855556 0.712500 0.847222 0.712500 0.841667 0.734722 0.825000 0.734722 0.805556 0.729167 0.791667 0.736111 0.784722 0.755556 0.779167 0.769444 0.784722 0.787500 0.811111 0.784722 0.841667 0.788889 0.845833 0.805556 0.845833 0.819444 0.859722 0.841667 0.854167 0.866667 0.829167 0.891667 0.829167 0.901389 0.836111 0.901389 0.852778 0.881944 0.875000 0.876389 0.900000 0.879167 0.919444 0.866667 0.934722 0.852778 0.940278
0 0.434722 0.997222 0.437500 0.977778 0.452778 0.962500 0.461111 0.962500 0.483333 0.951389 0.505556 0.951389 0.515278 0.958333 0.520833 0.969444 0.515278 0.997222
0 0.644444 0.034722 0.636111 0.034722 0.623611 0.025000 0.630556 0.012500 0.644444 0.012500 0.651389 0.019444 0.644444 0.034722
0 0.580556 0.254167 0.558333 0.254167 0.541667 0.248611 0.500000 0.223611 0.476389 0.200000 0.462500 0.161111 0.462500 0.125000 0.468056 0.111111 0.494444 0.090278 0.519444 0.090278 0.530556 0.095833 0.538889 0.106944 0.569444 0.123611 0.602778 0.129167 0.636111 0.143056 0.654167 0.161111 0.659722 0.180556 0.654167 0.211111 0.625000 0.237500 0.580556 0.254167
0 0.841667 0.973611 0.829167 0.969444 0.834722 0.952778 0.826389 0.950000 0.826389 0.941667 0.847222 0.937500 0.848611 0.966667 0.841667 0.973611
0 0.527778 0.423611 0.516667 0.420833 0.506944 0.408333 0.509722 0.341667 0.515278 0.325000 0.527778 0.312500 0.583333 0.306944 0.608333 0.312500 0.631944 0.333333 0.637500 0.355556 0.622222 0.381944 0.550000 0.418056 0.527778 0.423611
0 0.283333 0.745833 0.230556 0.743056 0.188889 0.726389 0.173611 0.708333 0.170833 0.691667 0.176389 0.675000 0.200000 0.654167 0.222222 0.643056 0.241667 0.640278 0.261111 0.620833 0.269444 0.620833 0.291667 0.640278 0.322222 0.659722 0.330556 0.659722 0.356944 0.680556 0.359722 0.708333 0.336111 0.731944 0.322222 0.740278 0.283333 0.745833
0 0.105556 0.529167 0.072222 0.529167 0.047222 0.518056 0.023611 0.494444 0.009722 0.463889 0.012500 0.441667 0.020833 0.433333 0.045833 0.383333 0.061111 0.368056 0.080556 0.359722 0.111111 0.362500 0.133333 0.373611 0.159722 0.402778 0.168056 0.425000 0.168056 0.444444 0.156944 0.480556 0.122222 0.520833 0.105556 0.529167
