0 0.125000 0.529297 0.100000 0.529297 0.079687 0.507812 0.073438 0.476562 0.081250 0.462891 0.096875 0.458984 0.129688 0.492188 0.132812 0.519531 0.125000 0.529297
0 0.134375 0.435547 0.112500 0.435547 0.095312 0.417969 0.095312 0.398438 0.103125 0.384766 0.115625 0.388672 0.142187 0.414062 0.142187 0.425781 0.134375 0.435547
0 0.718750 0.349609 0.671875 0.341797 0.651563 0.316406 0.675000 0.291016 0.690625 0.298828 0.731250 0.298828 0.751563 0.324219 0.740625 0.345703 0.718750 0.349609
0 0.803125 0.248047 0.787500 0.248047 0.753125 0.232422 0.748437 0.218750 0.756250 0.208984 0.796875 0.205078 0.817187 0.230469 0.803125 0.248047
0 0.493750 0.248047 0.459375 0.248047 0.454688 0.242188 0.454688 0.226562 0.462500 0.216797 0.484375 0.220703 0.498437 0.234375 0.493750 0.248047
0 0.996875 0.544922 0.987500 0.552734 0.965625 0.548828 0.951562 0.523438 0.951562 0.500000 0.956250 0.494141 0.996875 0.494141
0 0.278125 0.220703 0.250000 0.208984 0.235937 0.191406 0.232813 0.167969 0.237500 0.162109 0.278125 0.169922 0.289062 0.183594 0.298438 0.207031 0.290625 0.216797 0.278125 0.220703
0 0.396875 0.970703 0.365625 0.970703 0.357812 0.960938 0.354687 0.933594 0.375000 0.908203 0.403125 0.908203 0.417187 0.917969 0.410938 0.957031 0.396875 0.970703
0 0.075000 0.380859 0.056250 0.376953 0.032813 0.351562 0.026562 0.339844 0.026562 0.324219 0.031250 0.318359 0.065625 0.326172 0.089063 0.355469 0.089063 0.367188 0.075000 0.380859
0 0.093750 0.099609 0.056250 0.095703 0.021875 0.076172 0.010937 0.058594 0.010937 0.046875 0.018750 0.037109 0.059375 0.037109 0.075000 0.044922 0.101562 0.074219 0.101562 0.089844 0.093750 0.099609
0 0.732812 0.000000 0.742188 0.019531 0.742188 0.082031 0.728125 0.095703 0.706250 0.091797 0.679688 0.062500 0.679688 0.015625 0.685937 0.000000
0 0.481250 0.435547 0.440625 0.431641 0.435937 0.421875 0.440625 0.416016 0.471875 0.416016 0.485938 0.425781 0.481250 0.435547
0 0.235937 0.996094 0.232813 0.984375 0.237500 0.978516 0.293750 0.986328 0.301563 0.996094
0 0.734375 0.587891 0.712500 0.587891 0.689063 0.562500 0.689063 0.527344 0.703125 0.509766 0.725000 0.513672 0.754687 0.550781 0.754687 0.566406 0.734375 0.587891
0 0.242188 0.000000 0.221875 0.037109 0.212500 0.037109 0.193750 0.021484 0.178125 0.017578 0.167187 0.000000
0 0.278125 0.736328 0.256250 0.736328 0.245312 0.722656 0.245312 0.707031 0.256250 0.689453 0.271875 0.681641 0.290625 0.681641 0.301563 0.691406 0.301563 0.710938 0.290625 0.728516 0.278125 0.736328
0 0.628125 0.794922 0.596875 0.791016 0.579688 0.773438 0.567187 0.742188 0.567187 0.722656 0.570312 0.703125 0.581250 0.685547 0.606250 0.681641 0.632812 0.703125 0.648438 0.769531 0.642188 0.785156 0.628125 0.794922
0 0.571875 0.107422 0.518750 0.103516 0.501563 0.089844 0.501563 0.058594 0.507812 0.050781 0.507812 0.035156 0.528125 0.005859 0.550000 0.001953 0.562500 0.005859 0.585938 0.042969 0.585938 0.085938 0.571875 0.107422
0 0.940625 0.267578 0.925000 0.267578 0.914062 0.253906 0.914062 0.226562 0.934375 0.201172 0.957812 0.210938 0.954688 0.246094 0.940625 0.267578
0 0.537500 0.966797 0.528125 0.966797 0.517188 0.957031 0.517188 0.933594 0.531250 0.916016 0.543750 0.912109 0.554688 0.921875 0.564063 0.945312 0.537500 0.966797
0 0.631250 0.103516 0.609375 0.103516 0.585938 0.074219 0.585938 0.042969 0.595313 0.019531 0.612500 0.001953 0.640625 0.005859 0.679688 0.046875 0.679688 0.062500 0.656250 0.095703 0.637500 0.095703 0.631250 0.103516
0 0.996875 0.068359 0.981250 0.072266 0.964063 0.058594 0.957812 0.035156 0.964063 0.000000
0 0.403125 0.736328 0.387500 0.732422 0.360938 0.695312 0.357812 0.667969 0.364063 0.644531 0.378125 0.630859 0.406250 0.630859 0.426563 0.652344 0.432812 0.671875 0.432812 0.714844 0.421875 0.728516 0.403125 0.736328
0 0.900000 0.306641 0.889062 0.300781 0.885938 0.289062 0.890625 0.283203 0.904687 0.296875 0.900000 0.306641
0 0.356250 0.380859 0.340625 0.380859 0.329688 0.367188 0.337500 0.357422 0.356250 0.353516 0.378125 0.353516 0.382812 0.359375 0.378125 0.373047 0.356250 0.380859
0 0.490625 0.384766 0.471875 0.384766 0.467187 0.375000 0.471875 0.369141 0.490625 0.369141 0.495312 0.375000 0.490625 0.384766
0 0.156250 0.384766 0.143750 0.380859 0.135937 0.367188 0.132812 0.328125 0.140625 0.318359 0.170313 0.335938 0.164062 0.375000 0.156250 0.384766
0 0.640625 0.283203 0.615625 0.283203 0.601562 0.265625 0.589063 0.230469 0.593750 0.224609 0.606250 0.224609 0.628125 0.244141 0.646875 0.251953 0.657813 0.265625 0.657813 0.273438 0.640625 0.283203
0 0.759375 0.091797 0.742188 0.082031 0.742188 0.019531 0.753125 0.009766 0.771875 0.009766 0.785937 0.027344 0.785937 0.046875 0.779687 0.074219 0.759375 0.091797
0 0.346875 0.537109 0.318750 0.537109 0.312500 0.529297 0.293750 0.525391 0.267188 0.484375 0.267188 0.445312 0.271875 0.439453 0.306250 0.439453 0.337500 0.458984 0.357812 0.492188 0.357812 0.523438 0.346875 0.537109
0 0.815625 0.537109 0.800000 0.537109 0.757812 0.484375 0.754687 0.457031 0.762500 0.447266 0.796875 0.455078 0.826562 0.484375 0.829688 0.515625 0.815625 0.537109
0 0.706250 0.912109 0.700000 0.912109 0.679688 0.882812 0.682813 0.859375 0.696875 0.849609 0.712500 0.849609 0.723437 0.871094 0.720313 0.902344 0.706250 0.912109
0 0.190625 0.673828 0.178125 0.669922 0.164062 0.648438 0.164062 0.617188 0.170313 0.593750 0.184375 0.580078 0.203125 0.583984 0.210938 0.601562 0.201563 0.628906 0.201563 0.660156 0.190625 0.673828
0 0.662500 0.443359 0.643750 0.443359 0.628125 0.435547 0.610938 0.410156 0.610938 0.398438 0.615625 0.392578 0.631250 0.392578 0.671875 0.408203 0.679688 0.425781 0.662500 0.443359
0 0.231250 0.173828 0.212500 0.173828 0.201563 0.156250 0.206250 0.150391 0.234375 0.154297 0.239063 0.160156 0.231250 0.173828
0 0.034375 0.392578 0.023438 0.386719 0.020313 0.371094 0.025000 0.365234 0.039062 0.378906 0.034375 0.392578
0 0.912500 0.947266 0.900000 0.947266 0.868750 0.927734 0.839063 0.886719 0.839063 0.878906 0.846875 0.869141 0.868750 0.869141 0.893750 0.884766 0.910937 0.910156 0.917188 0.933594 0.912500 0.947266
0 0.498437 0.000000 0.501563 0.039062 0.498437 0.054688 0.484375 0.072266 0.464062 0.070312 0.464062 0.058594 0.473438 0.046875 0.473438 0.019531 0.464062 0.007812 0.464062 0.000000
0 0.059375 0.326172 0.028125 0.318359 0.017188 0.304688 0.017188 0.296875 0.031250 0.287109 0.053125 0.298828 0.060937 0.308594 0.059375 0.326172
0 0.550000 0.525391 0.528125 0.525391 0.510938 0.503906 0.510938 0.472656 0.521875 0.451172 0.546875 0.451172 0.567187 0.476562 0.567187 0.500000 0.550000 0.525391
0 0.326562 0.000000 0.309375 0.021484 0.284375 0.021484 0.259375 0.009766 0.257812 0.000000
0 0.215625 0.369141 0.196875 0.369141 0.192188 0.359375 0.200000 0.349609 0.212500 0.349609 0.220312 0.359375 0.215625 0.369141
0 0.840625 0.197266 0.829688 0.187500 0.834375 0.177734 0.865625 0.169922 0.873437 0.179688 0.868750 0.189453 0.850000 0.189453 0.840625 0.197266
0 0.800000 0.369141 0.785937 0.363281 0.785937 0.351562 0.796875 0.337891 0.804688 0.343750 0.804688 0.363281 0.800000 0.369141
0 0.887500 0.412109 0.871875 0.408203 0.857812 0.386719 0.876563 0.367188 0.870313 0.343750 0.884375 0.330078 0.903125 0.330078 0.907813 0.335938 0.907813 0.367188 0.898438 0.386719 0.898438 0.398438 0.887500 0.412109
0 0.184375 0.552734 0.162500 0.552734 0.146875 0.544922 0.132812 0.519531 0.132812 0.500000 0.140625 0.490234 0.162500 0.490234 0.178125 0.501953 0.192188 0.523438 0.192188 0.542969 0.184375 0.552734
0 0.950000 0.744141 0.928125 0.744141 0.920312 0.734375 0.917188 0.699219 0.931250 0.677734 0.946875 0.677734 0.960938 0.687500 0.960938 0.726562 0.950000 0.744141
0 0.368750 0.271484 0.356250 0.267578 0.335938 0.242188 0.335938 0.222656 0.365625 0.185547 0.393750 0.181641 0.410938 0.195312 0.414062 0.218750 0.406250 0.232422 0.387500 0.236328 0.368750 0.271484
0 0.128125 0.193359 0.103125 0.181641 0.098437 0.171875 0.106250 0.166016 0.128125 0.177734 0.132812 0.183594 0.128125 0.193359
0 0.781250 0.771484 0.765625 0.771484 0.753125 0.763672 0.739062 0.742188 0.739062 0.707031 0.753125 0.685547 0.796875 0.685547 0.810937 0.707031 0.810937 0.746094 0.796875 0.763672 0.781250 0.771484
0 0.243750 0.689453 0.225000 0.689453 0.212500 0.681641 0.201563 0.664062 0.201563 0.628906 0.210938 0.601562 0.228125 0.580078 0.246875 0.580078 0.251563 0.585938 0.251563 0.613281 0.267188 0.640625 0.260937 0.671875 0.243750 0.689453
0 0.165625 0.982422 0.140625 0.982422 0.129688 0.972656 0.126562 0.941406 0.134375 0.931641 0.153125 0.935547 0.173437 0.960938 0.173437 0.972656 0.165625 0.982422
0 0.806250 0.951172 0.775000 0.943359 0.759375 0.927734 0.725000 0.927734 0.717187 0.917969 0.717187 0.906250 0.759375 0.884766 0.775000 0.892578 0.809375 0.896484 0.835938 0.925781 0.835938 0.933594 0.825000 0.947266 0.806250 0.951172
0 0.484375 0.564453 0.468750 0.564453 0.456250 0.556641 0.442188 0.535156 0.432812 0.445312 0.443750 0.435547 0.475000 0.447266 0.498437 0.480469 0.504687 0.531250 0.501563 0.546875 0.484375 0.564453
0 0.385937 0.000000 0.395313 0.007812 0.395313 0.027344 0.387500 0.041016 0.356250 0.041016 0.342187 0.031250 0.345313 0.007812 0.357812 0.000000
0 0.809375 0.666016 0.792188 0.644531 0.792188 0.632812 0.806250 0.615234 0.828125 0.607422 0.839063 0.621094 0.839063 0.636719 0.818750 0.662109 0.809375 0.666016
0 0.017188 0.996094 0.014063 0.976562 0.018750 0.970703 0.028125 0.970703 0.034375 0.978516 0.059375 0.974609 0.070312 0.984375 0.070312 0.996094
0 0.928125 0.873047 0.903125 0.873047 0.887500 0.865234 0.882812 0.839844 0.909375 0.818359 0.940625 0.818359 0.948438 0.828125 0.948438 0.847656 0.928125 0.873047
0 0.187500 0.298828 0.159375 0.298828 0.132812 0.273438 0.139063 0.242188 0.150000 0.224609 0.187500 0.220703 0.204687 0.238281 0.207813 0.281250 0.200000 0.294922 0.187500 0.298828
0 0.312500 0.802734 0.265625 0.787109 0.237500 0.787109 0.232813 0.777344 0.250000 0.763672 0.281250 0.763672 0.309375 0.779297 0.317188 0.789062 0.312500 0.802734
0 0.453125 0.669922 0.437500 0.666016 0.407813 0.632812 0.404687 0.582031 0.415625 0.568359 0.443750 0.568359 0.479687 0.601562 0.476562 0.644531 0.462500 0.666016 0.453125 0.669922
0 0.868750 0.748047 0.834375 0.748047 0.823438 0.726562 0.826562 0.687500 0.837500 0.673828 0.859375 0.662109 0.887500 0.666016 0.901563 0.691406 0.895312 0.730469 0.884375 0.744141 0.868750 0.748047
0 0.000000 0.017578 0.014063 0.031250 0.010937 0.050781 0.000000 0.060547
0 0.209375 0.783203 0.198437 0.777344 0.203125 0.763672 0.217188 0.769531 0.209375 0.783203
0 0.929688 0.000000 0.929688 0.062500 0.918750 0.072266 0.896875 0.072266 0.868750 0.060547 0.860938 0.023438 0.851562 0.015625 0.857812 0.000000
0 0.460938 0.000000 0.473438 0.019531 0.473438 0.046875 0.453125 0.076172 0.415625 0.072266 0.407813 0.062500 0.401562 0.015625 0.409375 0.001953 0.417187 0.000000
0 0.884375 0.642578 0.868750 0.642578 0.857812 0.625000 0.857812 0.617188 0.845313 0.601562 0.853125 0.583984 0.868750 0.583984 0.892188 0.605469 0.895312 0.625000 0.884375 0.642578
0 0.218750 0.751953 0.196875 0.751953 0.170313 0.734375 0.167187 0.707031 0.184375 0.681641 0.209375 0.677734 0.226562 0.691406 0.232813 0.722656 0.229687 0.738281 0.218750 0.751953
0 0.578125 0.216797 0.550000 0.212891 0.532813 0.191406 0.532813 0.183594 0.543750 0.173828 0.562500 0.173828 0.587500 0.185547 0.592187 0.191406 0.592187 0.207031 0.578125 0.216797
0 0.671875 0.224609 0.656250 0.220703 0.639062 0.207031 0.635938 0.183594 0.640625 0.177734 0.671875 0.185547 0.689063 0.203125 0.681250 0.220703 0.671875 0.224609
0 0.331250 0.365234 0.321875 0.365234 0.307812 0.347656 0.304688 0.324219 0.309375 0.318359 0.328125 0.318359 0.357812 0.343750 0.353125 0.357422 0.337500 0.357422 0.331250 0.365234
0 0.196875 0.806641 0.175000 0.806641 0.165625 0.794922 0.153125 0.791016 0.148438 0.773438 0.156250 0.763672 0.171875 0.767578 0.201563 0.796875 0.196875 0.806641
0 0.740625 0.685547 0.712500 0.681641 0.698438 0.667969 0.695312 0.628906 0.698438 0.617188 0.715625 0.599609 0.743750 0.599609 0.753125 0.603516 0.760938 0.617188 0.764062 0.664062 0.740625 0.685547
0 0.431250 0.794922 0.400000 0.794922 0.395313 0.785156 0.395313 0.777344 0.418750 0.740234 0.431250 0.744141 0.442188 0.765625 0.442188 0.777344 0.431250 0.794922
0 0.421875 0.876953 0.387500 0.869141 0.379688 0.859375 0.379688 0.843750 0.390625 0.833984 0.426563 0.867188 0.421875 0.876953
0 0.584375 0.822266 0.559375 0.822266 0.548438 0.804688 0.548438 0.792969 0.559375 0.787109 0.578125 0.791016 0.589063 0.808594 0.584375 0.822266
0 0.856250 0.080078 0.800000 0.080078 0.792188 0.070312 0.789062 0.054688 0.792188 0.027344 0.800000 0.017578 0.821875 0.009766 0.840625 0.009766 0.856250 0.017578 0.867188 0.042969 0.867188 0.062500 0.856250 0.080078
0 0.075000 0.943359 0.012500 0.927734 0.001563 0.914062 0.001563 0.894531 0.012500 0.884766 0.028125 0.884766 0.053125 0.896484 0.076563 0.925781 0.079687 0.937500 0.075000 0.943359
0 0.253125 0.916016 0.246875 0.916016 0.232813 0.898438 0.229687 0.878906 0.237500 0.869141 0.253125 0.869141 0.270313 0.894531 0.267188 0.906250 0.253125 0.916016
0 0.840625 0.876953 0.818750 0.876953 0.807813 0.863281 0.807813 0.851562 0.815625 0.841797 0.862500 0.837891 0.885938 0.855469 0.881250 0.873047 0.846875 0.869141 0.840625 0.876953
0 0.246875 0.548828 0.218750 0.548828 0.198437 0.523438 0.195312 0.476562 0.209375 0.458984 0.234375 0.458984 0.254688 0.484375 0.257812 0.531250 0.246875 0.548828
0 0.709375 0.802734 0.681250 0.798828 0.657813 0.761719 0.657813 0.726562 0.671875 0.708984 0.703125 0.708984 0.723437 0.738281 0.726562 0.773438 0.709375 0.802734
0 0.293750 0.865234 0.253125 0.861328 0.235937 0.839844 0.235937 0.824219 0.243750 0.814453 0.275000 0.814453 0.287500 0.822266 0.298438 0.843750 0.298438 0.859375 0.293750 0.865234
0 0.212500 0.876953 0.198437 0.867188 0.203125 0.857422 0.217188 0.867188 0.212500 0.876953
0 0.804688 0.996094 0.812500 0.986328 0.828125 0.982422 0.840625 0.982422 0.851562 0.996094
0 0.350000 0.189453 0.331250 0.189453 0.320312 0.175781 0.317188 0.140625 0.325000 0.130859 0.334375 0.130859 0.351562 0.156250 0.354687 0.183594 0.350000 0.189453
0 0.575000 0.677734 0.546875 0.673828 0.517188 0.632812 0.507812 0.609375 0.507812 0.578125 0.521875 0.552734 0.543750 0.552734 0.592187 0.609375 0.589063 0.664062 0.575000 0.677734
0 0.628125 0.619141 0.600000 0.615234 0.579688 0.593750 0.564063 0.558594 0.564063 0.519531 0.568750 0.513672 0.596875 0.513672 0.618750 0.521484 0.642188 0.546875 0.648438 0.566406 0.648438 0.605469 0.640625 0.615234 0.628125 0.619141
0 0.771875 0.853516 0.746875 0.845703 0.739062 0.835938 0.732812 0.824219 0.732812 0.808594 0.740625 0.794922 0.762500 0.791016 0.779687 0.804688 0.782813 0.839844 0.771875 0.853516
0 0.140625 0.830078 0.126562 0.820312 0.131250 0.810547 0.145313 0.816406 0.140625 0.830078
0 0.510938 0.996094 0.521875 0.986328 0.540625 0.986328 0.551562 0.996094
0 0.193750 0.486328 0.175000 0.486328 0.151562 0.464844 0.151562 0.429688 0.156250 0.423828 0.171875 0.423828 0.195312 0.445312 0.198437 0.472656 0.193750 0.486328
0 0.718750 0.447266 0.706250 0.443359 0.701562 0.433594 0.715625 0.427734 0.723437 0.437500 0.718750 0.447266
0 0.778125 0.322266 0.762500 0.322266 0.732812 0.285156 0.740625 0.279297 0.762500 0.291016 0.778125 0.291016 0.785937 0.300781 0.785937 0.312500 0.778125 0.322266
0 0.462500 0.880859 0.446875 0.880859 0.403125 0.849609 0.385937 0.828125 0.382812 0.808594 0.400000 0.794922 0.418750 0.794922 0.450000 0.818359 0.470313 0.851562 0.470313 0.871094 0.462500 0.880859
0 0.268750 0.369141 0.237500 0.365234 0.226562 0.351562 0.226562 0.339844 0.250000 0.322266 0.265625 0.326172 0.279687 0.347656 0.279687 0.355469 0.268750 0.369141
0 0.537500 0.736328 0.500000 0.732422 0.473438 0.703125 0.470313 0.656250 0.478125 0.642578 0.487500 0.634766 0.512500 0.638672 0.525000 0.646484 0.548438 0.675781 0.554688 0.695312 0.554688 0.718750 0.537500 0.736328
0 0.275000 0.158203 0.231250 0.150391 0.209375 0.126953 0.193750 0.119141 0.170313 0.089844 0.175000 0.083984 0.209375 0.087891 0.265625 0.115234 0.279687 0.132812 0.279687 0.152344 0.275000 0.158203
0 0.550000 0.291016 0.535937 0.281250 0.540625 0.263672 0.554688 0.273438 0.550000 0.291016
0 0.659375 0.705078 0.640625 0.701172 0.617188 0.667969 0.617188 0.632812 0.631250 0.615234 0.665625 0.619141 0.682813 0.648438 0.679688 0.691406 0.659375 0.705078
0 0.293750 0.646484 0.268750 0.642578 0.251563 0.613281 0.251563 0.562500 0.257812 0.542969 0.268750 0.529297 0.296875 0.541016 0.310937 0.570312 0.310937 0.625000 0.293750 0.646484
0 0.375000 0.748047 0.343750 0.748047 0.323437 0.726562 0.320312 0.675781 0.331250 0.662109 0.343750 0.662109 0.360938 0.687500 0.364063 0.710938 0.379688 0.730469 0.375000 0.748047
0 0.462500 0.302734 0.434375 0.294922 0.420312 0.273438 0.425000 0.267578 0.440625 0.267578 0.462500 0.279297 0.467187 0.285156 0.462500 0.302734
0 0.403125 0.576172 0.384375 0.572266 0.370312 0.554688 0.357812 0.523438 0.357812 0.480469 0.364063 0.464844 0.375000 0.451172 0.393750 0.443359 0.406250 0.447266 0.417187 0.460938 0.426563 0.503906 0.426563 0.531250 0.417187 0.558594 0.403125 0.576172
0 0.000000 0.154297 0.012500 0.162109 0.023438 0.183594 0.018750 0.197266 0.000000 0.193359
0 0.500000 0.794922 0.462500 0.794922 0.445312 0.773438 0.442188 0.726562 0.446875 0.720703 0.462500 0.708984 0.487500 0.716797 0.514062 0.750000 0.510938 0.781250 0.500000 0.794922
0 0.996875 0.896484 0.984375 0.896484 0.973437 0.886719 0.981250 0.869141 0.996875 0.861328
0 0.437500 0.345703 0.406250 0.345703 0.362500 0.330078 0.320312 0.289062 0.314063 0.265625 0.321875 0.259766 0.340625 0.271484 0.406250 0.287109 0.442188 0.320312 0.445312 0.335938 0.437500 0.345703
0 0.865625 0.376953 0.837500 0.376953 0.832812 0.363281 0.853125 0.345703 0.868750 0.345703 0.876563 0.367188 0.865625 0.376953
0 0.878125 0.822266 0.859375 0.818359 0.845313 0.792969 0.845313 0.777344 0.865625 0.755859 0.884375 0.755859 0.898438 0.769531 0.898438 0.804688 0.878125 0.822266
0 0.484375 0.830078 0.465625 0.818359 0.457813 0.804688 0.462500 0.798828 0.478125 0.802734 0.489063 0.816406 0.484375 0.830078
0 0.140625 0.626953 0.134375 0.626953 0.123438 0.609375 0.123438 0.582031 0.159375 0.564453 0.170313 0.574219 0.170313 0.593750 0.140625 0.626953
