0 0.880556 0.823611 0.869444 0.823611 0.859722 0.816667 0.859722 0.800000 0.863889 0.795833 0.880556 0.798611 0.887500 0.805556 0.887500 0.816667 0.880556 0.823611
0 0.729167 0.997222 0.729167 0.988889 0.744444 0.973611 0.780556 0.962500 0.833333 0.976389 0.854167 0.991667 0.851389 0.997222
0 0.275000 0.120833 0.262500 0.116667 0.262500 0.102778 0.266667 0.098611 0.275000 0.098611 0.281944 0.105556 0.281944 0.113889 0.275000 0.120833
0 0.141667 0.451389 0.111111 0.451389 0.083333 0.426389 0.077778 0.426389 0.068056 0.411111 0.068056 0.400000 0.054167 0.358333 0.054167 0.308333 0.059722 0.297222 0.075000 0.284722 0.094444 0.284722 0.111111 0.290278 0.140278 0.325000 0.159722 0.363889 0.168056 0.388889 0.168056 0.422222 0.159722 0.436111 0.141667 0.451389
0 0.766667 0.915278 0.741667 0.915278 0.720833 0.894444 0.690278 0.844444 0.687500 0.813889 0.698611 0.797222 0.716667 0.784722 0.775000 0.784722 0.783333 0.790278 0.794444 0.790278 0.808333 0.801389 0.830556 0.809722 0.845833 0.836111 0.848611 0.869444 0.840278 0.891667 0.827778 0.904167 0.813889 0.904167 0.800000 0.901389 0.791667 0.890278 0.786111 0.890278 0.779167 0.897222 0.779167 0.905556 0.766667 0.915278
0 0.137500 0.997222 0.147222 0.981944 0.172222 0.968056 0.200000 0.968056 0.220833 0.986111 0.223611 0.997222
0 0.700000 0.973611 0.675000 0.973611 0.658333 0.965278 0.587500 0.886111 0.581944 0.861111 0.584722 0.833333 0.608333 0.804167 0.638889 0.795833 0.661111 0.798611 0.673611 0.811111 0.684722 0.838889 0.695833 0.850000 0.720833 0.891667 0.720833 0.908333 0.731944 0.930556 0.731944 0.950000 0.700000 0.973611
0 0.250000 0.248611 0.219444 0.248611 0.188889 0.240278 0.181944 0.227778 0.170833 0.219444 0.154167 0.186111 0.151389 0.155556 0.159722 0.130556 0.183333 0.098611 0.202778 0.090278 0.227778 0.087500 0.238889 0.093056 0.248611 0.108333 0.258333 0.112500 0.273611 0.130556 0.279167 0.211111 0.270833 0.233333 0.250000 0.248611
0 0.441667 0.968056 0.425000 0.965278 0.413889 0.956944 0.388889 0.954167 0.343056 0.913889 0.334722 0.894444 0.334722 0.872222 0.340278 0.855556 0.355556 0.840278 0.386111 0.826389 0.427778 0.823611 0.469444 0.840278 0.480556 0.840278 0.502778 0.854167 0.520833 0.872222 0.523611 0.919444 0.512500 0.936111 0.494444 0.951389 0.472222 0.954167 0.463889 0.962500 0.447222 0.962500 0.441667 0.968056
0 0.541667 0.270833 0.519444 0.270833 0.486111 0.254167 0.477778 0.243056 0.466667 0.240278 0.451389 0.205556 0.454167 0.147222 0.459722 0.141667 0.465278 0.122222 0.494444 0.095833 0.519444 0.095833 0.558333 0.118056 0.570833 0.138889 0.584722 0.180556 0.584722 0.197222 0.573611 0.238889 0.541667 0.270833
0 0.751389 0.000000 0.759722 0.022222 0.759722 0.038889 0.773611 0.075000 0.773611 0.097222 0.750000 0.115278 0.730556 0.112500 0.680556 0.070833 0.658333 0.065278 0.648611 0.055556 0.637500 0.036111 0.637500 0.000000
0 0.422222 0.354167 0.383333 0.354167 0.363889 0.345833 0.352778 0.334722 0.330556 0.331944 0.312500 0.311111 0.309722 0.280556 0.323611 0.227778 0.348611 0.186111 0.361111 0.173611 0.408333 0.173611 0.426389 0.200000 0.440278 0.269444 0.454167 0.294444 0.454167 0.322222 0.448611 0.333333 0.422222 0.354167
0 0.911111 0.718056 0.880556 0.715278 0.855556 0.706944 0.834722 0.669444 0.823611 0.636111 0.826389 0.586111 0.854167 0.547222 0.877778 0.534722 0.922222 0.545833 0.938889 0.556944 0.979167 0.605556 0.984722 0.622222 0.987500 0.658333 0.981944 0.669444 0.958333 0.693056 0.936111 0.706944 0.919444 0.709722 0.911111 0.718056
0 0.937500 0.000000 0.945833 0.025000 0.945833 0.066667 0.930556 0.079167 0.913889 0.081944 0.883333 0.081944 0.876389 0.075000 0.876389 0.047222 0.859722 0.000000
0 0.983333 0.179167 0.973611 0.175000 0.973611 0.155556 0.980556 0.148611 0.991667 0.148611 0.995833 0.163889 0.983333 0.179167
0 0.608333 0.779167 0.525000 0.779167 0.493056 0.755556 0.479167 0.730556 0.479167 0.711111 0.484722 0.694444 0.516667 0.656944 0.536111 0.645833 0.550000 0.645833 0.561111 0.640278 0.627778 0.637500 0.644444 0.643056 0.650000 0.651389 0.663889 0.654167 0.681944 0.672222 0.693056 0.694444 0.695833 0.722222 0.661111 0.759722 0.608333 0.779167
0 0.997222 0.054167 0.977778 0.045833 0.962500 0.027778 0.959722 0.000000
0 0.766667 0.551389 0.725000 0.548611 0.706944 0.533333 0.706944 0.525000 0.698611 0.513889 0.701389 0.466667 0.722222 0.437500 0.755556 0.418056 0.811111 0.404167 0.841667 0.409722 0.862500 0.425000 0.870833 0.441667 0.870833 0.488889 0.825000 0.534722 0.811111 0.543056 0.766667 0.551389
0 0.272222 0.751389 0.241667 0.745833 0.218056 0.711111 0.209722 0.680556 0.172222 0.659722 0.156944 0.638889 0.156944 0.602778 0.184722 0.566667 0.184722 0.555556 0.205556 0.537500 0.269444 0.540278 0.291667 0.548611 0.306944 0.563889 0.326389 0.602778 0.334722 0.611111 0.340278 0.627778 0.340278 0.672222 0.323611 0.708333 0.302778 0.731944 0.297222 0.731944 0.272222 0.751389
0 0.436111 0.556944 0.377778 0.556944 0.338889 0.545833 0.312500 0.519444 0.306944 0.508333 0.306944 0.483333 0.327778 0.462500 0.350000 0.454167 0.413889 0.459722 0.441667 0.470833 0.452778 0.470833 0.470833 0.483333 0.481944 0.508333 0.481944 0.519444 0.461111 0.548611 0.436111 0.556944
0 0.000000 0.254167 0.008333 0.256944 0.029167 0.277778 0.034722 0.294444 0.031944 0.336111 0.013889 0.343056 0.000000 0.354167
0 0.000000 0.806944 0.008333 0.801389 0.033333 0.801389 0.069444 0.812500 0.093056 0.833333 0.101389 0.850000 0.095833 0.877778 0.075000 0.901389 0.055556 0.909722 0.000000 0.920833
0 0.000000 0.476389 0.041667 0.473611 0.055556 0.479167 0.087500 0.502778 0.101389 0.522222 0.106944 0.538889 0.106944 0.561111 0.098611 0.583333 0.072222 0.609722 0.041667 0.626389 0.000000 0.629167
0 0.686111 0.654167 0.661111 0.654167 0.645833 0.647222 0.643056 0.622222 0.661111 0.601389 0.683333 0.601389 0.695833 0.611111 0.698611 0.641667 0.686111 0.654167
0 0.997222 0.343056 0.925000 0.343056 0.902778 0.331944 0.881944 0.311111 0.876389 0.291667 0.884722 0.258333 0.905556 0.237500 0.930556 0.226389 0.997222 0.212500
0 0.904167 0.997222 0.887500 0.972222 0.881944 0.950000 0.881944 0.911111 0.890278 0.894444 0.893056 0.872222 0.901389 0.861111 0.922222 0.845833 0.947222 0.845833 0.963889 0.856944 0.986111 0.881944 0.997222 0.879167
0 0.859722 0.000000 0.876389 0.047222 0.876389 0.075000 0.861111 0.087500 0.813889 0.087500 0.802778 0.081944 0.787500 0.066667 0.787500 0.055556 0.770833 0.013889 0.770833 0.000000
0 0.340278 0.000000 0.311111 0.012500 0.277778 0.015278 0.220833 0.000000
0 0.197222 0.731944 0.187500 0.730556 0.187500 0.713889 0.194444 0.690278 0.206944 0.694444 0.204167 0.719444 0.197222 0.731944
