0 0.486328 0.996094 0.494141 0.968750 0.519531 0.947266 0.542969 0.951172 0.560547 0.968750 0.564453 0.996094
0 0.531250 0.185547 0.511719 0.185547 0.505859 0.179688 0.501953 0.167969 0.507812 0.158203 0.535156 0.158203 0.539062 0.166016 0.548828 0.167969 0.548828 0.175781 0.531250 0.185547
0 0.492188 0.193359 0.476562 0.189453 0.474609 0.179688 0.500000 0.169922 0.505859 0.187500 0.492188 0.193359
0 0.207031 0.529297 0.185547 0.515625 0.191406 0.501953 0.214844 0.501953 0.220703 0.507812 0.224609 0.515625 0.207031 0.529297
0 0.488281 0.236328 0.480469 0.236328 0.470703 0.222656 0.478516 0.199219 0.496094 0.189453 0.523438 0.185547 0.537109 0.199219 0.537109 0.214844 0.519531 0.228516 0.488281 0.236328
0 0.996094 0.037109 0.978516 0.023438 0.978516 0.011719 0.996094 0.005859
0 0.085938 0.455078 0.068359 0.449219 0.070312 0.427734 0.091797 0.445312 0.085938 0.455078
0 0.375000 0.865234 0.355469 0.865234 0.339844 0.853516 0.326172 0.851562 0.326172 0.820312 0.351562 0.794922 0.371094 0.798828 0.388672 0.812500 0.392578 0.847656 0.378906 0.853516 0.375000 0.865234
0 0.871094 0.083984 0.849609 0.078125 0.849609 0.062500 0.855469 0.056641 0.863281 0.056641 0.876953 0.070312 0.871094 0.083984
0 0.480469 0.939453 0.453125 0.935547 0.435547 0.906250 0.435547 0.878906 0.449219 0.861328 0.460938 0.857422 0.488281 0.861328 0.509766 0.886719 0.505859 0.910156 0.480469 0.939453
0 0.496094 0.837891 0.468750 0.830078 0.455078 0.812500 0.455078 0.781250 0.468750 0.763672 0.500000 0.759766 0.525391 0.777344 0.525391 0.820312 0.496094 0.837891
0 0.542969 0.814453 0.531250 0.814453 0.525391 0.804688 0.529297 0.777344 0.535156 0.771484 0.558594 0.771484 0.564453 0.777344 0.564453 0.796875 0.556641 0.800781 0.554688 0.810547 0.542969 0.814453
0 0.185547 0.996094 0.181641 0.984375 0.187500 0.978516 0.201172 0.984375 0.197266 0.996094
0 0.183594 0.462891 0.140625 0.455078 0.138672 0.441406 0.152344 0.431641 0.175781 0.431641 0.185547 0.449219 0.183594 0.462891
0 0.234375 0.560547 0.224609 0.554688 0.224609 0.535156 0.242188 0.529297 0.248047 0.535156 0.248047 0.550781 0.234375 0.560547
0 0.550781 0.224609 0.537109 0.214844 0.537109 0.199219 0.525391 0.187500 0.542969 0.177734 0.554688 0.177734 0.560547 0.191406 0.560547 0.207031 0.550781 0.224609
0 0.175781 0.494141 0.148438 0.490234 0.134766 0.476562 0.134766 0.457031 0.156250 0.455078 0.183594 0.462891 0.185547 0.488281 0.175781 0.494141
