0 0.189655 0.877885 0.166667 0.875962 0.158764 0.869231 0.153017 0.855769 0.158764 0.828846 0.169540 0.816346 0.188218 0.816346 0.198994 0.830769 0.201868 0.850000 0.196121 0.869231 0.189655 0.877885
0 0.939655 0.802885 0.929598 0.802885 0.921695 0.790385 0.918822 0.759615 0.926006 0.730769 0.935345 0.720192 0.945402 0.720192 0.951868 0.732692 0.951868 0.753846 0.947557 0.790385 0.939655 0.802885
0 0.902299 0.887500 0.895115 0.887500 0.890086 0.882692 0.884339 0.871154 0.881466 0.855769 0.884339 0.828846 0.887213 0.821154 0.896552 0.810577 0.902299 0.810577 0.908764 0.819231 0.915948 0.850000 0.914511 0.871154 0.902299 0.887500
0 0.761494 0.733654 0.744253 0.729808 0.732759 0.712500 0.724856 0.705769 0.724856 0.700000 0.734195 0.689423 0.742816 0.689423 0.762931 0.699038 0.769397 0.709615 0.769397 0.723077 0.761494 0.733654
0 0.262931 0.427885 0.245690 0.424038 0.232759 0.414423 0.228448 0.414423 0.213362 0.398077 0.214799 0.386538 0.218391 0.381731 0.238506 0.379808 0.252874 0.393269 0.257184 0.393269 0.267960 0.407692 0.267960 0.423077 0.262931 0.427885
0 0.329023 0.885577 0.316092 0.885577 0.303879 0.873077 0.301006 0.859615 0.292385 0.846154 0.293822 0.838462 0.297414 0.833654 0.304598 0.833654 0.317529 0.841346 0.327586 0.843269 0.335489 0.851923 0.338362 0.871154 0.334052 0.880769 0.329023 0.885577
0 0.683908 0.072115 0.673851 0.072115 0.658046 0.060577 0.650144 0.050000 0.647270 0.040385 0.647270 0.025000 0.648707 0.019231 0.658046 0.006731 0.676724 0.014423 0.696121 0.038462 0.698994 0.051923 0.696121 0.059615 0.683908 0.072115
0 0.548851 0.462500 0.537356 0.462500 0.528017 0.450000 0.528017 0.434615 0.532328 0.423077 0.537356 0.414423 0.544540 0.408654 0.553161 0.408654 0.565374 0.421154 0.563937 0.444231 0.554598 0.458654 0.548851 0.462500
0 0.636494 0.525962 0.622126 0.525962 0.616379 0.522115 0.607040 0.511538 0.605603 0.501923 0.612069 0.491346 0.619253 0.485577 0.627874 0.483654 0.640805 0.468269 0.650862 0.464423 0.656609 0.466346 0.661638 0.473077 0.661638 0.490385 0.668822 0.501923 0.670259 0.511538 0.665230 0.518269 0.636494 0.525962
0 0.770115 0.622115 0.758621 0.622115 0.746408 0.605769 0.749282 0.582692 0.757184 0.574038 0.765805 0.574038 0.779454 0.594231 0.776580 0.611538 0.770115 0.622115
0 0.294540 0.100962 0.280172 0.099038 0.267960 0.084615 0.266523 0.065385 0.272989 0.052885 0.293103 0.052885 0.297414 0.054808 0.305316 0.067308 0.308190 0.076923 0.306753 0.090385 0.294540 0.100962
0 0.480603 0.000000 0.469109 0.030769 0.461207 0.039423 0.446839 0.035577 0.441810 0.030769 0.437500 0.019231 0.440374 0.000000
0 0.208333 0.710577 0.198276 0.710577 0.193247 0.705769 0.193247 0.688462 0.196121 0.675000 0.207615 0.644231 0.216954 0.631731 0.227011 0.629808 0.230603 0.634615 0.230603 0.653846 0.227730 0.669231 0.219109 0.696154 0.208333 0.710577
0 0.528736 0.170192 0.500000 0.168269 0.491379 0.158654 0.484914 0.148077 0.486351 0.136538 0.490661 0.126923 0.497126 0.120192 0.507184 0.120192 0.525862 0.135577 0.536638 0.153846 0.536638 0.161538 0.528736 0.170192
0 0.613506 0.400962 0.596264 0.393269 0.579741 0.373077 0.575431 0.363462 0.575431 0.350000 0.581897 0.339423 0.587644 0.335577 0.609195 0.337500 0.628592 0.355769 0.631466 0.361538 0.631466 0.375000 0.628592 0.384615 0.620690 0.397115 0.613506 0.400962
0 0.619253 0.606731 0.607759 0.602885 0.601293 0.592308 0.599856 0.571154 0.606322 0.558654 0.619253 0.550962 0.629310 0.550962 0.638649 0.561538 0.640086 0.571154 0.632902 0.592308 0.619253 0.606731
0 0.133621 0.287500 0.123563 0.287500 0.114943 0.283654 0.104167 0.269231 0.104167 0.257692 0.108477 0.246154 0.114943 0.237500 0.126437 0.231731 0.137931 0.233654 0.142960 0.240385 0.145833 0.251923 0.144397 0.269231 0.138649 0.282692 0.133621 0.287500
0 0.429598 0.774038 0.420977 0.772115 0.410920 0.762500 0.404454 0.750000 0.404454 0.732692 0.412356 0.718269 0.425287 0.716346 0.431034 0.720192 0.440374 0.734615 0.440374 0.757692 0.436063 0.769231 0.429598 0.774038
0 0.735632 0.777885 0.728448 0.775962 0.726293 0.771154 0.729885 0.766346 0.735632 0.768269 0.737787 0.771154 0.735632 0.777885
0 0.420977 0.177885 0.409483 0.174038 0.392241 0.174038 0.380747 0.166346 0.375718 0.159615 0.372845 0.130769 0.386494 0.116346 0.397989 0.122115 0.412356 0.122115 0.413075 0.126923 0.423132 0.140385 0.430316 0.155769 0.428879 0.171154 0.420977 0.177885
0 0.000000 0.862500 0.005029 0.867308 0.012213 0.888462 0.009339 0.911538 0.000000 0.920192
0 0.436782 0.491346 0.428161 0.489423 0.420259 0.478846 0.420259 0.457692 0.442529 0.433654 0.451149 0.433654 0.458333 0.427885 0.466954 0.427885 0.469109 0.430769 0.469109 0.444231 0.460489 0.467308 0.451149 0.481731 0.436782 0.491346
0 0.491379 0.843269 0.477011 0.843269 0.466236 0.828846 0.466236 0.815385 0.470546 0.803846 0.479885 0.791346 0.484195 0.791346 0.489943 0.783654 0.507184 0.787500 0.516523 0.798077 0.516523 0.813462 0.512213 0.828846 0.507184 0.835577 0.491379 0.843269
0 0.094828 0.204808 0.074713 0.200962 0.069684 0.194231 0.068247 0.180769 0.071121 0.173077 0.083333 0.158654 0.096264 0.149038 0.106322 0.149038 0.112787 0.157692 0.115661 0.173077 0.109914 0.192308 0.103448 0.200962 0.094828 0.204808
0 0.494253 0.383654 0.483477 0.380769 0.473420 0.355769 0.476293 0.328846 0.484914 0.313462 0.492816 0.306731 0.502874 0.310577 0.510776 0.326923 0.510776 0.351923 0.507902 0.367308 0.500000 0.379808 0.494253 0.383654
0 0.647270 0.998077 0.642960 0.982692 0.645833 0.969231 0.662356 0.949038 0.668103 0.947115 0.675287 0.947115 0.683908 0.954808 0.687500 0.959615 0.690374 0.971154 0.690374 0.976923 0.680316 0.998077
0 0.405172 0.349038 0.390805 0.347115 0.382902 0.332692 0.381466 0.319231 0.384339 0.309615 0.395115 0.293269 0.403736 0.285577 0.408046 0.285577 0.418822 0.296154 0.421695 0.313462 0.414511 0.332692 0.414511 0.338462 0.409483 0.347115 0.405172 0.349038
0 0.775862 0.529808 0.754310 0.522115 0.750718 0.517308 0.750718 0.507692 0.790230 0.481731 0.800287 0.481731 0.803879 0.492308 0.799569 0.498077 0.798132 0.505769 0.781609 0.527885 0.775862 0.529808
0 0.734195 0.587500 0.728448 0.587500 0.721983 0.578846 0.720546 0.567308 0.724856 0.555769 0.737069 0.541346 0.750000 0.541346 0.752874 0.545192 0.757184 0.545192 0.763649 0.553846 0.763649 0.559615 0.757902 0.573077 0.751437 0.581731 0.747126 0.579808 0.734195 0.587500
0 0.357759 0.254808 0.346264 0.250962 0.336925 0.240385 0.335489 0.221154 0.339080 0.214423 0.347701 0.212500 0.369253 0.216346 0.379310 0.220192 0.387213 0.228846 0.388649 0.238462 0.382184 0.247115 0.357759 0.254808
0 0.590517 0.641346 0.579023 0.641346 0.568966 0.635577 0.565374 0.628846 0.565374 0.615385 0.568247 0.605769 0.583333 0.589423 0.593391 0.583654 0.599138 0.583654 0.601293 0.592308 0.607040 0.600000 0.608477 0.625000 0.599138 0.637500 0.590517 0.641346
0 0.077586 0.385577 0.057471 0.383654 0.040948 0.365385 0.038075 0.344231 0.044540 0.329808 0.053161 0.329808 0.073994 0.350000 0.082615 0.369231 0.082615 0.378846 0.077586 0.385577
0 0.326149 0.945192 0.313218 0.945192 0.304598 0.941346 0.297414 0.931731 0.294540 0.931731 0.288075 0.921154 0.288075 0.907692 0.298851 0.899038 0.310345 0.895192 0.316092 0.897115 0.329741 0.913462 0.334052 0.925000 0.332615 0.938462 0.326149 0.945192
0 0.359195 0.464423 0.343391 0.462500 0.331897 0.452885 0.323994 0.438462 0.323994 0.425000 0.330460 0.418269 0.344828 0.416346 0.364943 0.422115 0.372845 0.432692 0.375718 0.448077 0.370690 0.458654 0.359195 0.464423
0 0.861351 0.998077 0.862787 0.990385 0.872126 0.983654 0.882184 0.985577 0.890805 0.991346 0.894397 0.998077
0 0.856322 0.689423 0.830460 0.687500 0.826868 0.682692 0.829741 0.675000 0.829741 0.663462 0.841954 0.643269 0.853448 0.635577 0.873563 0.637500 0.881466 0.648077 0.881466 0.659615 0.867816 0.685577 0.856322 0.689423
0 0.919540 0.172115 0.899425 0.172115 0.890805 0.168269 0.881466 0.159615 0.878592 0.151923 0.878592 0.140385 0.883621 0.131731 0.892241 0.125962 0.923851 0.118269 0.938218 0.120192 0.944684 0.128846 0.943247 0.146154 0.932471 0.162500 0.919540 0.172115
0 0.089080 0.470192 0.081897 0.470192 0.071839 0.460577 0.060345 0.458654 0.053879 0.450000 0.053879 0.434615 0.061782 0.425962 0.076149 0.420192 0.091954 0.422115 0.099138 0.425962 0.102730 0.432692 0.102730 0.448077 0.095546 0.463462 0.089080 0.470192
0 0.702586 0.437500 0.693966 0.437500 0.683908 0.429808 0.673132 0.409615 0.673132 0.384615 0.683908 0.372115 0.698276 0.374038 0.704023 0.383654 0.709770 0.385577 0.719109 0.401923 0.720546 0.421154 0.714080 0.429808 0.702586 0.437500
0 0.844828 0.533654 0.804598 0.518269 0.798132 0.507692 0.799569 0.498077 0.803161 0.493269 0.824713 0.487500 0.837644 0.487500 0.851293 0.505769 0.851293 0.515385 0.844828 0.533654
0 0.317529 0.818269 0.310345 0.818269 0.304598 0.812500 0.300287 0.812500 0.291667 0.806731 0.285201 0.798077 0.282328 0.778846 0.288793 0.766346 0.301724 0.764423 0.313218 0.772115 0.326868 0.786538 0.328305 0.805769 0.323276 0.814423 0.317529 0.818269
0 0.966954 0.620192 0.959770 0.618269 0.956178 0.611538 0.956178 0.600000 0.960489 0.588462 0.960489 0.569231 0.969828 0.550962 0.979885 0.549038 0.986351 0.557692 0.989224 0.567308 0.989224 0.588462 0.984914 0.600000 0.966954 0.620192
0 0.291667 0.193269 0.268678 0.189423 0.263649 0.182692 0.262213 0.165385 0.265086 0.157692 0.277299 0.143269 0.287356 0.139423 0.300287 0.139423 0.310345 0.143269 0.316810 0.159615 0.316810 0.173077 0.311782 0.179808 0.291667 0.193269
0 0.564655 0.166346 0.551724 0.162500 0.535201 0.144231 0.532328 0.136538 0.532328 0.126923 0.537356 0.116346 0.553161 0.114423 0.564655 0.122115 0.573994 0.132692 0.578305 0.144231 0.578305 0.155769 0.571839 0.164423 0.564655 0.166346
0 0.056034 0.772115 0.051724 0.772115 0.046695 0.767308 0.042385 0.746154 0.051006 0.717308 0.054598 0.712500 0.060345 0.710577 0.079741 0.736538 0.079741 0.744231 0.078305 0.750000 0.067529 0.764423 0.056034 0.772115
0 0.451149 0.572115 0.439655 0.570192 0.431753 0.561538 0.427443 0.548077 0.428879 0.534615 0.435345 0.524038 0.451149 0.514423 0.474138 0.520192 0.479167 0.526923 0.479167 0.542308 0.466954 0.560577 0.451149 0.572115
0 0.535920 0.727885 0.522989 0.725962 0.515086 0.715385 0.510776 0.698077 0.510776 0.684615 0.513649 0.675000 0.520115 0.666346 0.528736 0.662500 0.537356 0.664423 0.545259 0.675000 0.546695 0.680769 0.546695 0.701923 0.543822 0.717308 0.535920 0.727885
0 0.733477 0.998077 0.734914 0.986538 0.748563 0.970192 0.754310 0.968269 0.760057 0.968269 0.767960 0.976923 0.770833 0.986538 0.770833 0.998077
0 0.678161 0.541346 0.670977 0.541346 0.664511 0.536538 0.664511 0.519231 0.676724 0.499038 0.705460 0.495192 0.711925 0.500000 0.710489 0.511538 0.695402 0.533654 0.678161 0.541346
0 0.071839 0.724038 0.059626 0.709615 0.059626 0.698077 0.068247 0.682692 0.069684 0.669231 0.074713 0.662500 0.087644 0.658654 0.096983 0.673077 0.096983 0.688462 0.089799 0.698077 0.088362 0.711538 0.081897 0.720192 0.071839 0.724038
0 0.976293 0.000000 0.982040 0.013462 0.982040 0.019231 0.971264 0.031731 0.962644 0.031731 0.957615 0.026923 0.957615 0.011538 0.966236 0.000000
0 0.799569 0.998077 0.801006 0.992308 0.796695 0.986538 0.795259 0.963462 0.796695 0.953846 0.801724 0.945192 0.808190 0.950000 0.811063 0.959615 0.816092 0.966346 0.827586 0.970192 0.836925 0.980769 0.838362 0.998077
0 0.775862 0.891346 0.764368 0.891346 0.749282 0.865385 0.749282 0.851923 0.752155 0.844231 0.758621 0.837500 0.772989 0.839423 0.783764 0.855769 0.785201 0.875000 0.775862 0.891346
0 0.880747 0.745192 0.867816 0.745192 0.859914 0.728846 0.861351 0.709615 0.867098 0.686538 0.877874 0.668269 0.885057 0.672115 0.890086 0.678846 0.897270 0.715385 0.897270 0.723077 0.880747 0.745192
0 0.000000 0.485577 0.012931 0.491346 0.016523 0.498077 0.016523 0.511538 0.012213 0.517308 0.012213 0.521154 0.004310 0.529808 0.000000 0.527885
0 0.816092 0.218269 0.808908 0.216346 0.793103 0.204808 0.773707 0.180769 0.772270 0.163462 0.777299 0.154808 0.783046 0.150962 0.800287 0.154808 0.814655 0.166346 0.822557 0.176923 0.826868 0.186538 0.828305 0.201923 0.825431 0.209615 0.816092 0.218269
0 0.998563 0.308654 0.995690 0.308654 0.986351 0.294231 0.987787 0.282692 0.992816 0.277885 0.998563 0.277885
0 0.580460 0.964423 0.570402 0.962500 0.559626 0.944231 0.553879 0.917308 0.553879 0.900000 0.558908 0.891346 0.573276 0.891346 0.588362 0.915385 0.591236 0.928846 0.591236 0.948077 0.588362 0.955769 0.580460 0.964423
0 0.926724 0.991346 0.915230 0.991346 0.909483 0.987500 0.905891 0.980769 0.904454 0.944231 0.909483 0.939423 0.925287 0.941346 0.933908 0.949038 0.940374 0.961538 0.940374 0.976923 0.932471 0.989423 0.926724 0.991346
0 0.998563 0.406731 0.969828 0.431731 0.961207 0.431731 0.953305 0.421154 0.953305 0.407692 0.963362 0.390385 0.963362 0.382692 0.969109 0.373077 0.982759 0.358654 0.998563 0.358654
0 0.252155 0.000000 0.253592 0.026923 0.250718 0.040385 0.241379 0.052885 0.232759 0.050962 0.224856 0.038462 0.221983 0.019231 0.224856 0.003846 0.227730 0.000000
0 0.603448 0.268269 0.589080 0.266346 0.579023 0.260577 0.572557 0.251923 0.571121 0.236538 0.579023 0.224038 0.590517 0.220192 0.615661 0.242308 0.614224 0.250000 0.608477 0.255769 0.607040 0.263462 0.603448 0.268269
0 0.620690 0.799038 0.613506 0.799038 0.608477 0.792308 0.608477 0.784615 0.604167 0.776923 0.602730 0.765385 0.605603 0.751923 0.622126 0.735577 0.646552 0.737500 0.653017 0.748077 0.650144 0.765385 0.633621 0.793269 0.620690 0.799038
0 0.295977 0.699038 0.287356 0.699038 0.283046 0.695192 0.272270 0.671154 0.269397 0.634615 0.275862 0.625962 0.283046 0.625962 0.287356 0.629808 0.292385 0.636538 0.301006 0.659615 0.302443 0.688462 0.295977 0.699038
0 0.412356 0.941346 0.399425 0.941346 0.394397 0.936538 0.392960 0.921154 0.398707 0.907692 0.406609 0.897115 0.423851 0.883654 0.442529 0.885577 0.448994 0.896154 0.447557 0.909615 0.444684 0.915385 0.429598 0.931731 0.412356 0.941346
0 0.287356 0.358654 0.272989 0.358654 0.258621 0.349038 0.252155 0.338462 0.252155 0.328846 0.262931 0.318269 0.280172 0.312500 0.295977 0.318269 0.302443 0.328846 0.302443 0.340385 0.294540 0.354808 0.287356 0.358654
0 0.704023 0.824038 0.695402 0.822115 0.690374 0.815385 0.690374 0.798077 0.693247 0.788462 0.702586 0.775962 0.709770 0.772115 0.722701 0.772115 0.729885 0.775962 0.739224 0.788462 0.739224 0.796154 0.734914 0.809615 0.722701 0.822115 0.704023 0.824038
0 0.258621 0.860577 0.251437 0.860577 0.244971 0.853846 0.239224 0.830769 0.240661 0.780769 0.243534 0.767308 0.252874 0.756731 0.257184 0.756731 0.263649 0.763462 0.273707 0.800000 0.272270 0.838462 0.267960 0.851923 0.258621 0.860577
0 0.688218 0.929808 0.665230 0.925962 0.660201 0.917308 0.660201 0.909615 0.673851 0.887500 0.695402 0.879808 0.706178 0.894231 0.701868 0.898077 0.700431 0.913462 0.688218 0.929808
0 0.583333 0.091346 0.567529 0.091346 0.557471 0.085577 0.548132 0.076923 0.546695 0.065385 0.560345 0.056731 0.564655 0.060577 0.574713 0.056731 0.580460 0.062500 0.587644 0.062500 0.593391 0.066346 0.596983 0.071154 0.596983 0.078846 0.583333 0.091346
0 0.873563 0.502885 0.866379 0.500962 0.859914 0.494231 0.858477 0.484615 0.861351 0.473077 0.868534 0.457692 0.875718 0.450000 0.879310 0.439423 0.886494 0.433654 0.900862 0.429808 0.905891 0.436538 0.907328 0.446154 0.894397 0.471154 0.888649 0.490385 0.879310 0.500962 0.873563 0.502885
0 0.185345 0.327885 0.173851 0.324038 0.165948 0.311538 0.163075 0.301923 0.163075 0.280769 0.172414 0.268269 0.183908 0.268269 0.191092 0.272115 0.198994 0.284615 0.203305 0.298077 0.200431 0.315385 0.193966 0.324038 0.185345 0.327885
0 0.413793 0.122115 0.397989 0.122115 0.386494 0.116346 0.377155 0.096154 0.378592 0.084615 0.389368 0.075962 0.415230 0.081731 0.423132 0.098077 0.423132 0.111538 0.413793 0.122115
0 0.047414 0.270192 0.038793 0.270192 0.030891 0.261538 0.023707 0.250000 0.015086 0.225000 0.010776 0.207692 0.010776 0.188462 0.012213 0.182692 0.021552 0.172115 0.028736 0.172115 0.038793 0.181731 0.045259 0.190385 0.051006 0.205769 0.055316 0.255769 0.052443 0.265385 0.047414 0.270192
0 0.139368 0.662500 0.127874 0.658654 0.122845 0.650000 0.122845 0.615385 0.136494 0.589423 0.147989 0.581731 0.158046 0.581731 0.165948 0.590385 0.170259 0.605769 0.167385 0.632692 0.164511 0.640385 0.153736 0.654808 0.139368 0.662500
0 0.826149 0.574038 0.811782 0.570192 0.798132 0.553846 0.793822 0.544231 0.793822 0.530769 0.798851 0.524038 0.808908 0.518269 0.832615 0.528846 0.832615 0.534615 0.836925 0.542308 0.836925 0.555769 0.832615 0.567308 0.826149 0.574038
0 0.213362 0.998077 0.200431 0.980769 0.196121 0.959615 0.197557 0.944231 0.205460 0.935577 0.215517 0.935577 0.223420 0.944231 0.223420 0.953846 0.227730 0.961538 0.227730 0.971154 0.239224 0.986538 0.242098 0.994231 0.240661 0.998077
0 0.069684 0.000000 0.069684 0.015385 0.066810 0.025000 0.051724 0.039423 0.041667 0.037500 0.033764 0.028846 0.030891 0.007692 0.032328 0.000000
0 0.454023 0.395192 0.438218 0.395192 0.424569 0.380769 0.424569 0.363462 0.431034 0.350962 0.459770 0.345192 0.468391 0.345192 0.471983 0.350000 0.476293 0.361538 0.471983 0.376923 0.454023 0.395192
0 0.771552 0.681731 0.758621 0.681731 0.755029 0.675000 0.755029 0.669231 0.764368 0.656731 0.775862 0.645192 0.784483 0.645192 0.793103 0.637500 0.804598 0.637500 0.808190 0.642308 0.808190 0.657692 0.803161 0.666346 0.785920 0.677885 0.777299 0.677885 0.771552 0.681731
0 0.906609 0.735577 0.899425 0.735577 0.897270 0.728846 0.900862 0.724038 0.906609 0.724038 0.910201 0.728846 0.906609 0.735577
0 0.725575 0.293269 0.696839 0.291346 0.683908 0.277885 0.676724 0.275962 0.670259 0.267308 0.668822 0.259615 0.679598 0.245192 0.698276 0.245192 0.722701 0.252885 0.727011 0.258654 0.735632 0.262500 0.742098 0.271154 0.740661 0.282692 0.735632 0.289423 0.725575 0.293269
0 0.066092 0.120192 0.058908 0.120192 0.051006 0.111538 0.051006 0.076923 0.061782 0.062500 0.068966 0.062500 0.078305 0.071154 0.079741 0.090385 0.076868 0.109615 0.066092 0.120192
0 0.376437 0.885577 0.369253 0.883654 0.364224 0.875000 0.362787 0.842308 0.372126 0.818269 0.383621 0.816346 0.387931 0.820192 0.393678 0.820192 0.400144 0.826923 0.403017 0.832692 0.403017 0.844231 0.394397 0.867308 0.385057 0.879808 0.376437 0.885577
0 0.166667 0.991346 0.152299 0.987500 0.142241 0.974038 0.130747 0.975962 0.125718 0.969231 0.136494 0.943269 0.160920 0.941346 0.163793 0.945192 0.168103 0.943269 0.170259 0.946154 0.170259 0.963462 0.174569 0.975000 0.174569 0.982692 0.170977 0.989423 0.166667 0.991346
0 0.793103 0.360577 0.777299 0.358654 0.764368 0.352885 0.755029 0.342308 0.755029 0.330769 0.758621 0.325962 0.767241 0.322115 0.807471 0.322115 0.816092 0.324038 0.826868 0.334615 0.826868 0.344231 0.818966 0.352885 0.813218 0.356731 0.793103 0.360577
0 0.133621 0.083654 0.126437 0.083654 0.118534 0.076923 0.114224 0.048077 0.117098 0.038462 0.125000 0.027885 0.140805 0.024038 0.150144 0.036538 0.150144 0.051923 0.140086 0.076923 0.133621 0.083654
0 0.336207 0.585577 0.307471 0.583654 0.297414 0.579808 0.293822 0.571154 0.308908 0.556731 0.333333 0.550962 0.341954 0.552885 0.351293 0.563462 0.349856 0.576923 0.336207 0.585577
0 0.727011 0.670192 0.719828 0.668269 0.711925 0.659615 0.711925 0.646154 0.716236 0.609615 0.721264 0.600962 0.728448 0.597115 0.735632 0.599038 0.742816 0.608654 0.747126 0.606731 0.757902 0.623077 0.755029 0.634615 0.747845 0.648077 0.734195 0.666346 0.727011 0.670192
0 0.373563 0.418269 0.364943 0.418269 0.352011 0.412500 0.346983 0.405769 0.342672 0.390385 0.336925 0.380769 0.338362 0.373077 0.341954 0.368269 0.353448 0.360577 0.363506 0.358654 0.376437 0.364423 0.381466 0.371154 0.385776 0.396154 0.382902 0.409615 0.373563 0.418269
0 0.477011 0.979808 0.468391 0.977885 0.461925 0.969231 0.459052 0.959615 0.460489 0.942308 0.469828 0.925962 0.484195 0.912500 0.501437 0.912500 0.510776 0.925000 0.510776 0.948077 0.506466 0.957692 0.492816 0.972115 0.477011 0.979808
0 0.686782 0.229808 0.675287 0.229808 0.668103 0.225962 0.656609 0.216346 0.645833 0.201923 0.644397 0.182692 0.649425 0.174038 0.666667 0.172115 0.679598 0.175962 0.694684 0.188462 0.691810 0.211538 0.691810 0.219231 0.694684 0.223077 0.686782 0.229808
0 0.998563 0.058654 0.992816 0.066346 0.981322 0.068269 0.970546 0.055769 0.971983 0.046154 0.981322 0.035577 0.992816 0.033654 0.998563 0.041346
0 0.822557 0.000000 0.818247 0.013462 0.813218 0.020192 0.806034 0.024038 0.798851 0.020192 0.792385 0.011538 0.789511 0.005769 0.790948 0.000000
0 0.335489 0.000000 0.335489 0.007692 0.327586 0.022115 0.316092 0.020192 0.303879 0.000000
0 0.998563 0.231731 0.989943 0.227885 0.982040 0.213462 0.982040 0.203846 0.988506 0.195192 0.998563 0.195192
0 0.837644 0.847115 0.829023 0.847115 0.826868 0.844231 0.816810 0.828846 0.809626 0.805769 0.811063 0.784615 0.820402 0.772115 0.824713 0.772115 0.829741 0.776923 0.846983 0.813462 0.845546 0.838462 0.837644 0.847115
0 0.107759 0.827885 0.093391 0.824038 0.089799 0.819231 0.089799 0.805769 0.098420 0.786538 0.114943 0.764423 0.125000 0.756731 0.129310 0.756731 0.132902 0.761538 0.132902 0.775000 0.128592 0.790385 0.121408 0.807692 0.107759 0.827885
0 0.590517 0.720192 0.581897 0.720192 0.575431 0.713462 0.571121 0.694231 0.572557 0.678846 0.580460 0.668269 0.590517 0.662500 0.603448 0.662500 0.614224 0.678846 0.614224 0.703846 0.607759 0.714423 0.590517 0.720192
0 0.627874 0.868269 0.619253 0.868269 0.617098 0.865385 0.617098 0.846154 0.621408 0.825000 0.642241 0.791346 0.652299 0.789423 0.657328 0.796154 0.657328 0.807692 0.651580 0.828846 0.641523 0.853846 0.627874 0.868269
0 0.353448 0.750962 0.341954 0.749038 0.335489 0.742308 0.332615 0.730769 0.332615 0.725000 0.335489 0.721154 0.335489 0.698077 0.343391 0.685577 0.353448 0.679808 0.364943 0.677885 0.369971 0.682692 0.372845 0.690385 0.372845 0.703846 0.364224 0.740385 0.353448 0.750962
0 0.900862 0.558654 0.889368 0.552885 0.885776 0.546154 0.885776 0.538462 0.892241 0.525962 0.915230 0.518269 0.926724 0.520192 0.930316 0.525000 0.930316 0.538462 0.920977 0.550962 0.900862 0.558654
0 0.489943 0.620192 0.478448 0.618269 0.471983 0.605769 0.473420 0.596154 0.489943 0.572115 0.501437 0.560577 0.522989 0.547115 0.538793 0.549038 0.545259 0.557692 0.545259 0.573077 0.537356 0.587500 0.515805 0.606731 0.489943 0.620192
0 0.647989 0.664423 0.639368 0.662500 0.632902 0.651923 0.632902 0.638462 0.635776 0.628846 0.645833 0.609615 0.655172 0.599038 0.660920 0.595192 0.672414 0.595192 0.680316 0.609615 0.677443 0.626923 0.673132 0.638462 0.662356 0.654808 0.647989 0.664423
0 0.216954 0.479808 0.196839 0.475962 0.188937 0.465385 0.186063 0.459615 0.186063 0.451923 0.192529 0.439423 0.202586 0.433654 0.214080 0.433654 0.227011 0.437500 0.236351 0.448077 0.236351 0.465385 0.231322 0.472115 0.216954 0.479808
0 0.922414 0.325962 0.900862 0.324038 0.889368 0.318269 0.882902 0.305769 0.885776 0.292308 0.897989 0.279808 0.909483 0.274038 0.922414 0.274038 0.936782 0.281731 0.944684 0.294231 0.943247 0.311538 0.936782 0.320192 0.922414 0.325962
0 0.347701 0.660577 0.326149 0.652885 0.321121 0.646154 0.318247 0.634615 0.318247 0.619231 0.321839 0.614423 0.329023 0.610577 0.343391 0.610577 0.354885 0.616346 0.365661 0.632692 0.365661 0.650000 0.359195 0.658654 0.347701 0.660577
0 0.485632 0.789423 0.482759 0.785577 0.472701 0.783654 0.464080 0.777885 0.459052 0.771154 0.453305 0.751923 0.451868 0.728846 0.453305 0.717308 0.459770 0.708654 0.471264 0.708654 0.486351 0.728846 0.493534 0.744231 0.496408 0.767308 0.493534 0.776923 0.485632 0.789423
0 0.859195 0.435577 0.841954 0.433654 0.836207 0.429808 0.825431 0.409615 0.828305 0.396154 0.844828 0.379808 0.869253 0.379808 0.877155 0.388462 0.880029 0.396154 0.880029 0.409615 0.877155 0.419231 0.870690 0.427885 0.859195 0.435577
0 0.730603 0.000000 0.742098 0.017308 0.743534 0.025000 0.742098 0.038462 0.735632 0.045192 0.725575 0.043269 0.716954 0.035577 0.693247 0.007692 0.693247 0.000000
0 0.729885 0.237500 0.706897 0.233654 0.691810 0.219231 0.693247 0.194231 0.695402 0.189423 0.722701 0.187500 0.734195 0.195192 0.740661 0.203846 0.744971 0.213462 0.742098 0.228846 0.729885 0.237500
0 0.257184 0.516346 0.245690 0.516346 0.237787 0.509615 0.234914 0.500000 0.241379 0.487500 0.255747 0.477885 0.278736 0.470192 0.287356 0.472115 0.293822 0.478846 0.293822 0.486538 0.290230 0.495192 0.275862 0.508654 0.257184 0.516346
0 0.000000 0.674038 0.021552 0.674038 0.030172 0.679808 0.036638 0.688462 0.040948 0.700000 0.039511 0.719231 0.031609 0.729808 0.010057 0.731731 0.000000 0.725962
0 0.165230 0.945192 0.160920 0.941346 0.140805 0.943269 0.133621 0.937500 0.117816 0.933654 0.114224 0.925000 0.117098 0.907692 0.122126 0.900962 0.132184 0.895192 0.149425 0.914423 0.166667 0.918269 0.173132 0.928846 0.173132 0.932692 0.165230 0.945192
0 0.564655 0.808654 0.558908 0.808654 0.552443 0.800000 0.552443 0.776923 0.560345 0.764423 0.568966 0.756731 0.580460 0.758654 0.586925 0.765385 0.589799 0.773077 0.588362 0.794231 0.577586 0.806731 0.564655 0.808654
0 0.252874 0.277885 0.242816 0.277885 0.235632 0.274038 0.223420 0.259615 0.221983 0.244231 0.228448 0.235577 0.237069 0.231731 0.257184 0.233654 0.268678 0.239423 0.273707 0.246154 0.273707 0.263462 0.265805 0.272115 0.252874 0.277885
0 0.022270 0.000000 0.020833 0.026923 0.016523 0.040385 0.008621 0.049038 0.000000 0.047115
0 0.000000 0.539423 0.024425 0.535577 0.031609 0.539423 0.038075 0.550000 0.036638 0.569231 0.027299 0.583654 0.011494 0.585577 0.000000 0.575962
0 0.454023 0.347115 0.448276 0.347115 0.436782 0.339423 0.431753 0.330769 0.431753 0.325000 0.437500 0.303846 0.449713 0.287500 0.458333 0.285577 0.466236 0.294231 0.470546 0.305769 0.470546 0.325000 0.454023 0.347115
0 0.639368 0.456731 0.633621 0.456731 0.619971 0.444231 0.618534 0.426923 0.622845 0.415385 0.630747 0.406731 0.642241 0.406731 0.652299 0.414423 0.663793 0.416346 0.668822 0.426923 0.667385 0.436538 0.660920 0.445192 0.639368 0.456731
0 0.017960 0.998077 0.013649 0.988462 0.013649 0.967308 0.017960 0.948077 0.024425 0.939423 0.033046 0.939423 0.043822 0.953846 0.049569 0.976923 0.048132 0.998077
0 0.081897 0.983654 0.073276 0.981731 0.066810 0.973077 0.062500 0.961538 0.062500 0.923077 0.068966 0.910577 0.080460 0.912500 0.086925 0.921154 0.086925 0.928846 0.089799 0.932692 0.091236 0.969231 0.081897 0.983654
0 0.080460 0.579808 0.071839 0.577885 0.068247 0.571154 0.073994 0.525000 0.082615 0.498077 0.091954 0.489423 0.100575 0.487500 0.107040 0.494231 0.108477 0.500000 0.102730 0.542308 0.095546 0.563462 0.080460 0.579808
0 0.497126 0.218269 0.488506 0.218269 0.479885 0.212500 0.463362 0.194231 0.460489 0.182692 0.465517 0.170192 0.471264 0.168269 0.485632 0.174038 0.494971 0.186538 0.500718 0.207692 0.497126 0.218269
0 0.721264 0.927885 0.716954 0.927885 0.707615 0.911538 0.706178 0.892308 0.707615 0.878846 0.711925 0.867308 0.721264 0.858654 0.725575 0.858654 0.734914 0.869231 0.737787 0.880769 0.737787 0.913462 0.721264 0.927885
0 0.179598 0.168269 0.169540 0.168269 0.163075 0.161538 0.161638 0.142308 0.167385 0.130769 0.179598 0.116346 0.185345 0.112500 0.195402 0.112500 0.204741 0.123077 0.206178 0.136538 0.196839 0.150962 0.179598 0.168269
