0 0.997222 0.729167 0.955556 0.729167 0.941667 0.723611 0.929167 0.711111 0.931944 0.675000 0.943056 0.658333 0.972222 0.629167 0.997222 0.620833
0 0.163889 0.265278 0.122222 0.265278 0.086111 0.254167 0.062500 0.227778 0.040278 0.180556 0.040278 0.166667 0.077778 0.129167 0.102778 0.126389 0.111111 0.131944 0.165278 0.188889 0.176389 0.219444 0.176389 0.247222 0.163889 0.265278
0 0.116667 0.926389 0.058333 0.915278 0.048611 0.905556 0.054167 0.858333 0.086111 0.823611 0.105556 0.809722 0.119444 0.809722 0.122222 0.804167 0.144444 0.798611 0.150000 0.793056 0.205556 0.795833 0.231944 0.830556 0.231944 0.847222 0.215278 0.863889 0.212500 0.877778 0.194444 0.895833 0.177778 0.904167 0.169444 0.915278 0.116667 0.926389
0 0.000000 0.215278 0.012500 0.188889 0.025000 0.176389 0.036111 0.173611 0.062500 0.227778 0.093056 0.263889 0.093056 0.283333 0.061111 0.301389 0.027778 0.301389 0.016667 0.295833 0.000000 0.276389
0 0.034722 0.997222 0.034722 0.991667 0.058333 0.973611 0.066667 0.973611 0.080556 0.965278 0.094444 0.965278 0.102778 0.956944 0.161111 0.959722 0.181944 0.980556 0.184722 0.997222
0 0.000000 0.656944 0.008333 0.640278 0.030556 0.645833 0.043056 0.663889 0.048611 0.683333 0.045833 0.744444 0.023611 0.783333 0.000000 0.804167
0 0.551389 0.997222 0.561111 0.987500 0.572222 0.987500 0.576389 0.997222
0 0.136111 0.740278 0.125000 0.740278 0.125000 0.729167 0.113889 0.737500 0.094444 0.737500 0.066667 0.726389 0.054167 0.711111 0.054167 0.663889 0.062500 0.658333 0.091667 0.612500 0.111111 0.598611 0.138889 0.587500 0.183333 0.595833 0.198611 0.622222 0.212500 0.630556 0.212500 0.644444 0.179167 0.694444 0.165278 0.700000 0.168056 0.711111 0.156944 0.716667 0.156944 0.727778 0.136111 0.740278
0 0.716667 0.237500 0.691667 0.234722 0.663889 0.223611 0.648611 0.211111 0.637500 0.194444 0.631944 0.150000 0.645833 0.119444 0.661111 0.106944 0.677778 0.104167 0.694444 0.109722 0.726389 0.138889 0.743056 0.166667 0.748611 0.205556 0.743056 0.216667 0.716667 0.237500
0 0.000000 0.456944 0.013889 0.454167 0.037500 0.477778 0.037500 0.497222 0.029167 0.500000 0.034722 0.522222 0.034722 0.569444 0.023611 0.591667 0.000000 0.612500
0 0.690278 0.997222 0.663889 0.984722 0.651389 0.969444 0.645833 0.916667 0.658333 0.898611 0.691667 0.879167 0.711111 0.873611 0.741667 0.876389 0.768056 0.894444 0.765278 0.961111 0.770833 0.983333 0.759722 0.997222
0 0.251389 0.997222 0.236111 0.981944 0.227778 0.984722 0.223611 0.980556 0.226389 0.952778 0.238889 0.929167 0.250000 0.926389 0.261111 0.915278 0.280556 0.912500 0.300000 0.915278 0.341667 0.931944 0.375000 0.954167 0.393056 0.980556 0.393056 0.997222
0 0.263889 0.779167 0.180556 0.770833 0.159722 0.758333 0.159722 0.744444 0.169444 0.729167 0.191667 0.718056 0.227778 0.687500 0.241667 0.681944 0.275000 0.656944 0.300000 0.651389 0.336111 0.656944 0.362500 0.688889 0.368056 0.705556 0.356944 0.713889 0.348611 0.727778 0.348611 0.736111 0.322222 0.759722 0.263889 0.779167
0 0.997222 0.418056 0.987500 0.402778 0.987500 0.372222 0.993056 0.361111 0.990278 0.347222 0.997222 0.312500
0 0.773611 0.997222 0.768056 0.991667 0.770833 0.977778 0.765278 0.961111 0.765278 0.916667 0.768056 0.894444 0.777778 0.887500 0.827778 0.887500 0.852778 0.893056 0.859722 0.900000 0.873611 0.927778 0.876389 0.975000 0.854167 0.997222
0 0.550000 0.390278 0.525000 0.390278 0.516667 0.384722 0.502778 0.384722 0.475000 0.370833 0.448611 0.341667 0.426389 0.308333 0.420833 0.291667 0.420833 0.258333 0.452778 0.212500 0.486111 0.201389 0.522222 0.204167 0.550000 0.223611 0.587500 0.263889 0.593056 0.286111 0.601389 0.300000 0.601389 0.336111 0.581944 0.372222 0.561111 0.387500 0.550000 0.390278
0 0.819444 0.787500 0.791667 0.787500 0.775000 0.779167 0.748611 0.741667 0.748611 0.677778 0.762500 0.652778 0.775000 0.640278 0.791667 0.631944 0.833333 0.631944 0.862500 0.658333 0.865278 0.691667 0.854167 0.719444 0.854167 0.741667 0.843056 0.769444 0.819444 0.787500
0 0.638889 0.968056 0.627778 0.968056 0.620833 0.961111 0.620833 0.950000 0.625000 0.945833 0.636111 0.945833 0.643056 0.952778 0.643056 0.963889 0.638889 0.968056
0 0.454167 0.000000 0.448611 0.011111 0.433333 0.023611 0.397222 0.023611 0.372222 0.012500 0.362500 0.000000
0 0.522222 0.859722 0.488889 0.854167 0.465278 0.836111 0.454167 0.805556 0.454167 0.772222 0.465278 0.750000 0.465278 0.741667 0.491667 0.709722 0.522222 0.695833 0.536111 0.695833 0.552778 0.701389 0.573611 0.722222 0.579167 0.736111 0.576389 0.805556 0.556944 0.841667 0.544444 0.851389 0.522222 0.859722
0 0.738889 0.501389 0.708333 0.501389 0.691667 0.490278 0.677778 0.490278 0.656944 0.461111 0.651389 0.436111 0.645833 0.430556 0.643056 0.408333 0.648611 0.394444 0.711111 0.326389 0.725000 0.323611 0.733333 0.315278 0.755556 0.306944 0.802778 0.304167 0.823611 0.325000 0.823611 0.336111 0.831944 0.347222 0.831944 0.372222 0.818056 0.408333 0.787500 0.441667 0.784722 0.466667 0.779167 0.477778 0.761111 0.495833 0.738889 0.501389
0 0.488889 0.659722 0.455556 0.656944 0.433333 0.648611 0.418056 0.622222 0.418056 0.611111 0.429167 0.580556 0.431944 0.522222 0.437500 0.508333 0.447222 0.498611 0.466667 0.498611 0.487500 0.516667 0.498611 0.555556 0.529167 0.583333 0.543056 0.608333 0.543056 0.622222 0.530556 0.640278 0.488889 0.659722
