0 0.261111 0.559722 0.247222 0.559722 0.213889 0.545833 0.204167 0.536111 0.195833 0.513889 0.206944 0.433333 0.223611 0.400000 0.244444 0.384722 0.280556 0.387500 0.318056 0.422222 0.329167 0.450000 0.329167 0.486111 0.312500 0.522222 0.283333 0.554167 0.261111 0.559722
0 0.929167 0.997222 0.934722 0.980556 0.959722 0.950000 0.977778 0.934722 0.997222 0.926389
0 0.000000 0.434722 0.016667 0.431944 0.047222 0.418056 0.069444 0.418056 0.116667 0.454167 0.126389 0.463889 0.131944 0.477778 0.131944 0.505556 0.123611 0.519444 0.080556 0.537500 0.063889 0.554167 0.038889 0.556944 0.000000 0.531944
0 0.000000 0.137500 0.013889 0.129167 0.033333 0.129167 0.044444 0.137500 0.072222 0.140278 0.083333 0.151389 0.097222 0.154167 0.113889 0.165278 0.129167 0.180556 0.148611 0.211111 0.151389 0.238889 0.143056 0.261111 0.127778 0.276389 0.111111 0.284722 0.080556 0.284722 0.061111 0.276389 0.018056 0.225000 0.000000 0.187500
0 0.151389 0.997222 0.125000 0.987500 0.087500 0.947222 0.070833 0.919444 0.068056 0.891667 0.076389 0.863889 0.091667 0.845833 0.116667 0.834722 0.141667 0.837500 0.158333 0.845833 0.181944 0.872222 0.201389 0.916667 0.204167 0.944444 0.195833 0.975000 0.177778 0.993056 0.159722 0.997222
0 0.330556 0.556944 0.322222 0.556944 0.312500 0.547222 0.312500 0.527778 0.316667 0.523611 0.333333 0.523611 0.343056 0.536111 0.343056 0.550000 0.330556 0.556944
0 0.000000 0.020833 0.016667 0.006944 0.041667 0.004167 0.066667 0.026389 0.091667 0.040278 0.147222 0.054167 0.156944 0.063889 0.156944 0.094444 0.138889 0.115278 0.113889 0.134722 0.058333 0.140278 0.037500 0.133333 0.020833 0.116667 0.015278 0.100000 0.000000 0.081944
0 0.043056 0.997222 0.050000 0.990278 0.061111 0.987500 0.083333 0.987500 0.098611 0.997222
0 0.356944 0.997222 0.375000 0.987500 0.391667 0.990278 0.398611 0.997222
0 0.755556 0.854167 0.745833 0.852778 0.752778 0.837500 0.765278 0.841667 0.765278 0.850000 0.755556 0.854167
0 0.802778 0.487500 0.794444 0.481944 0.783333 0.481944 0.759722 0.455556 0.748611 0.436111 0.745833 0.388889 0.751389 0.366667 0.776389 0.322222 0.813889 0.290278 0.852778 0.273611 0.883333 0.273611 0.904167 0.288889 0.909722 0.308333 0.906944 0.341667 0.884722 0.422222 0.862500 0.455556 0.845833 0.469444 0.844444 0.476389 0.802778 0.487500
0 0.513889 0.220833 0.480556 0.220833 0.451389 0.191667 0.443056 0.163889 0.445833 0.150000 0.456944 0.133333 0.488889 0.106944 0.555556 0.081944 0.580556 0.079167 0.619444 0.081944 0.629167 0.091667 0.637500 0.111111 0.637500 0.141667 0.631944 0.155556 0.602778 0.184722 0.586111 0.193056 0.547222 0.201389 0.513889 0.220833
0 0.533333 0.506944 0.513889 0.504167 0.495833 0.488889 0.490278 0.477778 0.490278 0.433333 0.509722 0.394444 0.512500 0.344444 0.523611 0.330556 0.523611 0.319444 0.547222 0.304167 0.561111 0.301389 0.572222 0.293056 0.608333 0.290278 0.629167 0.316667 0.640278 0.347222 0.634722 0.391667 0.618056 0.413889 0.623611 0.425000 0.620833 0.475000 0.588889 0.476389 0.572222 0.481944 0.547222 0.493056 0.533333 0.506944
0 0.241667 0.579167 0.229167 0.575000 0.230556 0.562500 0.245833 0.563889 0.245833 0.575000 0.241667 0.579167
0 0.844444 0.979167 0.808333 0.970833 0.770833 0.938889 0.773611 0.897222 0.779167 0.883333 0.793056 0.869444 0.793056 0.863889 0.833333 0.831944 0.866667 0.820833 0.891667 0.820833 0.911111 0.829167 0.931944 0.852778 0.934722 0.897222 0.918056 0.922222 0.897222 0.943056 0.883333 0.945833 0.863889 0.970833 0.844444 0.979167
0 0.418056 0.000000 0.415278 0.030556 0.406944 0.044444 0.358333 0.079167 0.330556 0.079167 0.291667 0.059722 0.268056 0.036111 0.245833 0.000000
0 0.658333 0.904167 0.644444 0.904167 0.643056 0.894444 0.655556 0.890278 0.659722 0.894444 0.658333 0.904167
0 0.597222 0.884722 0.550000 0.884722 0.525000 0.876389 0.484722 0.833333 0.476389 0.811111 0.468056 0.805556 0.462500 0.786111 0.465278 0.741667 0.479167 0.722222 0.491667 0.718056 0.500000 0.706944 0.508333 0.706944 0.513889 0.701389 0.538889 0.704167 0.559722 0.727778 0.569444 0.748611 0.576389 0.741667 0.579167 0.730556 0.591667 0.726389 0.613889 0.729167 0.631944 0.747222 0.643056 0.780556 0.637500 0.833333 0.618056 0.872222 0.597222 0.884722
0 0.997222 0.698611 0.991667 0.704167 0.980556 0.704167 0.979167 0.719444 0.958333 0.734722 0.936111 0.731944 0.920833 0.705556 0.923611 0.544444 0.936111 0.526389 0.952778 0.518056 0.955556 0.520833 0.961111 0.515278 0.980556 0.518056 0.997222 0.529167
0 0.000000 0.209722 0.015278 0.219444 0.051389 0.266667 0.073611 0.286111 0.087500 0.325000 0.087500 0.344444 0.072222 0.356944 0.027778 0.359722 0.000000 0.351389
0 0.540278 0.000000 0.540278 0.013889 0.516667 0.029167 0.475000 0.026389 0.438889 0.009722 0.430556 0.009722 0.426389 0.000000
0 0.336111 0.126389 0.325000 0.123611 0.323611 0.113889 0.330556 0.104167 0.347222 0.101389 0.351389 0.105556 0.348611 0.122222 0.336111 0.126389
0 0.237500 0.000000 0.234722 0.036111 0.229167 0.047222 0.211111 0.059722 0.191667 0.059722 0.175000 0.045833 0.169444 0.045833 0.148611 0.022222 0.143056 0.000000
0 0.820833 0.000000 0.829167 0.005556 0.843056 0.030556 0.848611 0.052778 0.848611 0.080556 0.840278 0.113889 0.831944 0.133333 0.805556 0.162500 0.766667 0.184722 0.747222 0.184722 0.733333 0.179167 0.723611 0.169444 0.718056 0.152778 0.723611 0.125000 0.720833 0.050000 0.740278 0.000000
0 0.515278 0.997222 0.527778 0.984722 0.544444 0.979167 0.566667 0.984722 0.573611 0.997222
0 0.566667 0.631944 0.538889 0.631944 0.519444 0.626389 0.498611 0.605556 0.490278 0.583333 0.490278 0.563889 0.518056 0.519444 0.538889 0.498611 0.588889 0.476389 0.619444 0.476389 0.622222 0.470833 0.647222 0.470833 0.680556 0.487500 0.695833 0.508333 0.695833 0.538889 0.687500 0.558333 0.672222 0.573611 0.650000 0.584722 0.636111 0.584722 0.616667 0.593056 0.586111 0.620833 0.566667 0.631944
0 0.375000 0.845833 0.344444 0.843056 0.316667 0.826389 0.254167 0.766667 0.248611 0.733333 0.255556 0.723611 0.275000 0.712500 0.302778 0.712500 0.344444 0.720833 0.401389 0.775000 0.409722 0.791667 0.409722 0.813889 0.394444 0.834722 0.375000 0.845833
