0 0.949219 0.251953 0.917969 0.251953 0.908203 0.242188 0.908203 0.226562 0.917969 0.216797 0.933594 0.212891 0.953125 0.216797 0.962891 0.238281 0.949219 0.251953
0 0.539062 0.654297 0.515625 0.654297 0.496094 0.646484 0.490234 0.621094 0.511719 0.615234 0.542969 0.623047 0.552734 0.632812 0.552734 0.644531 0.539062 0.654297
0 0.302734 0.996094 0.320312 0.978516 0.347656 0.978516 0.357422 0.984375 0.357422 0.996094
0 0.558594 0.712891 0.523438 0.701172 0.509766 0.687500 0.509766 0.679688 0.515625 0.673828 0.558594 0.673828 0.568359 0.683594 0.568359 0.703125 0.558594 0.712891
0 0.109375 0.193359 0.078125 0.193359 0.068359 0.179688 0.068359 0.164062 0.078125 0.154297 0.113281 0.158203 0.119141 0.164062 0.119141 0.183594 0.109375 0.193359
0 0.480469 0.779297 0.449219 0.779297 0.433594 0.771484 0.423828 0.761719 0.423828 0.746094 0.437500 0.736328 0.464844 0.736328 0.480469 0.744141 0.490234 0.753906 0.490234 0.773438 0.480469 0.779297
0 0.238281 0.888672 0.203125 0.884766 0.193359 0.875000 0.193359 0.863281 0.207031 0.853516 0.238281 0.857422 0.244141 0.863281 0.244141 0.882812 0.238281 0.888672
0 0.242188 0.306641 0.203125 0.291016 0.193359 0.269531 0.203125 0.259766 0.222656 0.259766 0.253906 0.271484 0.263672 0.289062 0.253906 0.302734 0.242188 0.306641
0 0.851562 0.607422 0.835938 0.607422 0.818359 0.597656 0.818359 0.574219 0.828125 0.564453 0.855469 0.564453 0.865234 0.574219 0.865234 0.597656 0.851562 0.607422
0 0.054688 0.708984 0.019531 0.705078 0.009766 0.687500 0.013672 0.679688 0.031250 0.669922 0.054688 0.673828 0.064453 0.683594 0.064453 0.699219 0.054688 0.708984
0 0.257812 0.798828 0.218750 0.794922 0.212891 0.789062 0.212891 0.769531 0.222656 0.759766 0.261719 0.763672 0.271484 0.773438 0.271484 0.792969 0.257812 0.798828
0 0.152344 0.939453 0.138672 0.933594 0.140625 0.919922 0.158203 0.921875 0.152344 0.939453
0 0.828125 0.154297 0.806641 0.140625 0.806641 0.117188 0.828125 0.103516 0.859375 0.107422 0.873047 0.125000 0.873047 0.136719 0.863281 0.146484 0.839844 0.146484 0.828125 0.154297
0 0.914062 0.306641 0.867188 0.302734 0.861328 0.277344 0.878906 0.267578 0.914062 0.267578 0.927734 0.281250 0.923828 0.300781 0.914062 0.306641
0 0.164062 0.763672 0.132812 0.759766 0.119141 0.746094 0.119141 0.726562 0.125000 0.720703 0.160156 0.724609 0.173828 0.742188 0.164062 0.763672
0 0.628906 0.568359 0.605469 0.568359 0.591797 0.554688 0.591797 0.539062 0.605469 0.525391 0.625000 0.525391 0.642578 0.539062 0.642578 0.554688 0.628906 0.568359
0 0.246094 0.955078 0.220703 0.949219 0.208984 0.933594 0.210938 0.916016 0.238281 0.916016 0.255859 0.933594 0.255859 0.945312 0.246094 0.955078
0 0.664062 0.142578 0.636719 0.142578 0.626953 0.136719 0.626953 0.117188 0.656250 0.095703 0.683594 0.099609 0.693359 0.109375 0.693359 0.121094 0.664062 0.142578
0 0.429688 0.646484 0.410156 0.646484 0.388672 0.632812 0.398438 0.607422 0.410156 0.607422 0.435547 0.628906 0.429688 0.646484
0 0.804688 0.544922 0.769531 0.541016 0.751953 0.523438 0.751953 0.507812 0.773438 0.498047 0.792969 0.501953 0.810547 0.523438 0.804688 0.544922
0 0.593750 0.939453 0.554688 0.935547 0.544922 0.925781 0.544922 0.906250 0.554688 0.896484 0.578125 0.896484 0.597656 0.904297 0.607422 0.921875 0.593750 0.939453
0 0.437500 0.892578 0.402344 0.892578 0.376953 0.878906 0.376953 0.863281 0.437500 0.865234 0.451172 0.878906 0.437500 0.892578
0 0.066406 0.431641 0.039062 0.423828 0.017578 0.402344 0.013672 0.378906 0.027344 0.365234 0.050781 0.369141 0.072266 0.390625 0.080078 0.410156 0.066406 0.431641
0 0.480469 0.978516 0.445312 0.974609 0.431641 0.964844 0.427734 0.945312 0.437500 0.935547 0.472656 0.943359 0.486328 0.953125 0.480469 0.978516
0 0.933594 0.349609 0.919922 0.343750 0.916016 0.320312 0.925781 0.306641 0.949219 0.306641 0.958984 0.324219 0.933594 0.349609
0 0.191406 0.423828 0.171875 0.419922 0.154297 0.402344 0.150391 0.390625 0.164062 0.369141 0.183594 0.373047 0.201172 0.394531 0.201172 0.410156 0.191406 0.423828
0 0.285156 0.376953 0.261719 0.376953 0.248047 0.367188 0.244141 0.351562 0.257812 0.337891 0.285156 0.341797 0.298828 0.359375 0.298828 0.367188 0.285156 0.376953
0 0.828125 0.841797 0.804688 0.841797 0.789062 0.833984 0.775391 0.820312 0.779297 0.800781 0.804688 0.798828 0.828125 0.810547 0.837891 0.820312 0.837891 0.835938 0.828125 0.841797
0 0.960938 0.298828 0.929688 0.291016 0.927734 0.277344 0.949219 0.259766 0.972656 0.255859 0.986328 0.265625 0.986328 0.285156 0.976562 0.294922 0.960938 0.298828
0 0.000000 0.361328 0.009766 0.375000 0.009766 0.394531 0.000000 0.396484
0 0.117188 0.923828 0.093750 0.923828 0.087891 0.902344 0.093750 0.896484 0.109375 0.896484 0.121094 0.904297 0.123047 0.917969 0.117188 0.923828
0 0.699219 0.923828 0.675781 0.919922 0.662109 0.902344 0.662109 0.886719 0.679688 0.873047 0.699219 0.873047 0.712891 0.886719 0.712891 0.906250 0.699219 0.923828
0 0.898438 0.896484 0.863281 0.896484 0.853516 0.886719 0.853516 0.871094 0.875000 0.857422 0.902344 0.861328 0.912109 0.871094 0.912109 0.886719 0.898438 0.896484
0 0.183594 0.955078 0.160156 0.951172 0.150391 0.941406 0.158203 0.933594 0.160156 0.916016 0.195312 0.912109 0.208984 0.921875 0.208984 0.933594 0.220703 0.945312 0.183594 0.955078
0 0.078125 0.521484 0.062500 0.521484 0.041016 0.503906 0.041016 0.492188 0.050781 0.482422 0.062500 0.482422 0.080078 0.496094 0.083984 0.515625 0.078125 0.521484
0 0.878906 0.392578 0.835938 0.388672 0.830078 0.382812 0.830078 0.363281 0.839844 0.353516 0.886719 0.361328 0.892578 0.378906 0.878906 0.392578
0 0.546875 0.482422 0.535156 0.482422 0.509766 0.464844 0.509766 0.449219 0.519531 0.439453 0.539062 0.439453 0.564453 0.457031 0.560547 0.476562 0.546875 0.482422
0 0.523438 0.275391 0.500000 0.275391 0.486328 0.265625 0.486328 0.246094 0.496094 0.232422 0.515625 0.232422 0.537109 0.246094 0.537109 0.257812 0.523438 0.275391
0 0.820312 0.974609 0.804688 0.974609 0.791016 0.960938 0.791016 0.949219 0.804688 0.935547 0.828125 0.935547 0.845703 0.949219 0.845703 0.960938 0.820312 0.974609
0 0.750000 0.728516 0.716797 0.710938 0.712891 0.691406 0.718750 0.685547 0.738281 0.681641 0.767578 0.703125 0.763672 0.722656 0.750000 0.728516
0 0.429688 0.806641 0.402344 0.806641 0.386719 0.798828 0.369141 0.781250 0.369141 0.769531 0.375000 0.763672 0.394531 0.763672 0.421875 0.775391 0.435547 0.789062 0.429688 0.806641
0 0.613281 0.431641 0.582031 0.427734 0.568359 0.414062 0.572266 0.402344 0.582031 0.396484 0.621094 0.400391 0.626953 0.417969 0.613281 0.431641
0 0.050781 0.548828 0.031250 0.544922 0.013672 0.527344 0.013672 0.511719 0.019531 0.505859 0.046875 0.509766 0.068359 0.523438 0.064453 0.539062 0.050781 0.548828
0 0.476562 0.935547 0.441406 0.931641 0.431641 0.921875 0.431641 0.910156 0.449219 0.896484 0.472656 0.900391 0.486328 0.914062 0.486328 0.925781 0.476562 0.935547
0 0.355469 0.068359 0.324219 0.068359 0.310547 0.054688 0.314453 0.035156 0.332031 0.025391 0.367188 0.029297 0.373047 0.035156 0.373047 0.050781 0.355469 0.068359
0 0.828125 0.732422 0.812500 0.732422 0.789062 0.720703 0.779297 0.710938 0.779297 0.695312 0.800781 0.685547 0.824219 0.697266 0.833984 0.707031 0.833984 0.726562 0.828125 0.732422
0 0.996094 0.212891 0.972656 0.212891 0.966797 0.207031 0.966797 0.191406 0.996094 0.169922
0 0.066406 0.931641 0.054688 0.927734 0.041016 0.910156 0.062500 0.888672 0.082031 0.896484 0.091797 0.914062 0.085938 0.923828 0.066406 0.931641
0 0.613281 0.107422 0.593750 0.107422 0.580078 0.093750 0.580078 0.078125 0.597656 0.064453 0.621094 0.064453 0.634766 0.078125 0.630859 0.097656 0.613281 0.107422
0 0.542969 0.619141 0.507812 0.615234 0.501953 0.597656 0.515625 0.587891 0.539062 0.591797 0.548828 0.601562 0.542969 0.619141
0 0.507812 0.720703 0.476562 0.712891 0.466797 0.703125 0.466797 0.691406 0.472656 0.685547 0.488281 0.685547 0.511719 0.693359 0.517578 0.699219 0.517578 0.714844 0.507812 0.720703
0 0.539062 0.837891 0.496094 0.830078 0.490234 0.816406 0.494141 0.800781 0.507812 0.794922 0.546875 0.798828 0.556641 0.812500 0.556641 0.824219 0.550781 0.833984 0.539062 0.837891
0 0.367188 0.396484 0.335938 0.392578 0.318359 0.371094 0.318359 0.355469 0.324219 0.349609 0.339844 0.349609 0.359375 0.357422 0.373047 0.371094 0.367188 0.396484
0 0.886719 0.951172 0.857422 0.941406 0.853516 0.917969 0.863281 0.908203 0.890625 0.908203 0.908203 0.925781 0.908203 0.941406 0.886719 0.951172
0 0.953125 0.076172 0.933594 0.072266 0.916016 0.050781 0.937500 0.029297 0.960938 0.029297 0.978516 0.042969 0.978516 0.058594 0.953125 0.076172
0 0.855469 0.181641 0.826172 0.175781 0.826172 0.156250 0.832031 0.150391 0.871094 0.146484 0.880859 0.156250 0.880859 0.171875 0.855469 0.181641
0 0.394531 0.923828 0.363281 0.919922 0.330078 0.890625 0.330078 0.878906 0.335938 0.873047 0.355469 0.873047 0.398438 0.896484 0.400391 0.917969 0.394531 0.923828
0 0.863281 0.044922 0.835938 0.044922 0.826172 0.035156 0.822266 0.019531 0.839844 0.005859 0.871094 0.009766 0.880859 0.027344 0.863281 0.044922
0 0.000000 0.728516 0.027344 0.736328 0.037109 0.746094 0.037109 0.757812 0.027344 0.767578 0.000000 0.767578
0 0.160156 0.087891 0.125000 0.083984 0.115234 0.062500 0.132812 0.048828 0.167969 0.052734 0.173828 0.058594 0.173828 0.078125 0.160156 0.087891
