0 0.863889 0.604167 0.830556 0.595833 0.815278 0.580556 0.809722 0.566667 0.812500 0.522222 0.801389 0.491667 0.801389 0.472222 0.819444 0.454167 0.855556 0.465278 0.888889 0.498611 0.944444 0.515278 0.962500 0.538889 0.962500 0.561111 0.944444 0.579167 0.922222 0.584722 0.900000 0.598611 0.872222 0.598611 0.863889 0.604167
0 0.351389 0.997222 0.345833 0.983333 0.327778 0.965278 0.313889 0.956944 0.297222 0.954167 0.275000 0.937500 0.269444 0.937500 0.251389 0.908333 0.254167 0.883333 0.277778 0.854167 0.302778 0.843056 0.322222 0.843056 0.327778 0.837500 0.350000 0.831944 0.372222 0.837500 0.391667 0.848611 0.412500 0.869444 0.420833 0.900000 0.481944 0.950000 0.490278 0.969444 0.484722 0.997222
0 0.263889 0.434722 0.236111 0.426389 0.223611 0.411111 0.218056 0.394444 0.218056 0.347222 0.233333 0.326389 0.261111 0.315278 0.316667 0.312500 0.347222 0.320833 0.370833 0.338889 0.379167 0.355556 0.379167 0.372222 0.363889 0.390278 0.341667 0.401389 0.319444 0.404167 0.291667 0.431944 0.263889 0.434722
0 0.626389 0.000000 0.633333 0.009722 0.661111 0.023611 0.676389 0.038889 0.693056 0.077778 0.693056 0.097222 0.681944 0.150000 0.655556 0.179167 0.630556 0.187500 0.622222 0.187500 0.602778 0.173611 0.590278 0.161111 0.584722 0.141667 0.558333 0.118056 0.536111 0.109722 0.509722 0.075000 0.509722 0.038889 0.518056 0.025000 0.545833 0.000000
0 0.198611 0.997222 0.204167 0.986111 0.227778 0.965278 0.252778 0.965278 0.258333 0.970833 0.266667 0.970833 0.306944 0.997222
0 0.093056 0.997222 0.051389 0.966667 0.043056 0.933333 0.051389 0.913889 0.066667 0.898611 0.119444 0.884722 0.175000 0.890278 0.206944 0.916667 0.212500 0.930556 0.206944 0.958333 0.195833 0.980556 0.170833 0.997222
0 0.838889 0.884722 0.816667 0.884722 0.780556 0.868056 0.756944 0.844444 0.740278 0.813889 0.723611 0.797222 0.718056 0.786111 0.718056 0.758333 0.729167 0.738889 0.744444 0.726389 0.775000 0.718056 0.808333 0.731944 0.876389 0.811111 0.876389 0.852778 0.861111 0.873611 0.838889 0.884722
0 0.880556 0.370833 0.858333 0.370833 0.847222 0.368056 0.840278 0.361111 0.818056 0.322222 0.815278 0.308333 0.801389 0.294444 0.798611 0.266667 0.816667 0.251389 0.847222 0.251389 0.855556 0.245833 0.875000 0.245833 0.900000 0.231944 0.922222 0.229167 0.940278 0.241667 0.956944 0.263889 0.962500 0.286111 0.956944 0.319444 0.908333 0.365278 0.880556 0.370833
0 0.777778 0.137500 0.758333 0.137500 0.741667 0.129167 0.726389 0.113889 0.715278 0.094444 0.715278 0.058333 0.726389 0.041667 0.738889 0.034722 0.752778 0.034722 0.758333 0.029167 0.802778 0.020833 0.816667 0.012500 0.838889 0.015278 0.863889 0.009722 0.880556 0.015278 0.895833 0.036111 0.895833 0.052778 0.887500 0.066667 0.841667 0.106944 0.777778 0.137500
0 0.755556 0.612500 0.713889 0.604167 0.706944 0.597222 0.709722 0.569444 0.702778 0.562500 0.687500 0.577778 0.687500 0.586111 0.669444 0.601389 0.650000 0.606944 0.627778 0.606944 0.606944 0.586111 0.606944 0.555556 0.618056 0.533333 0.636111 0.518056 0.641667 0.518056 0.661111 0.498611 0.694444 0.493056 0.744444 0.506944 0.776389 0.536111 0.787500 0.550000 0.790278 0.563889 0.779167 0.594444 0.755556 0.612500
0 0.152778 0.670833 0.130556 0.668056 0.095833 0.622222 0.077778 0.609722 0.065278 0.591667 0.065278 0.552778 0.086111 0.529167 0.091667 0.529167 0.100000 0.520833 0.155556 0.520833 0.176389 0.538889 0.193056 0.566667 0.204167 0.611111 0.201389 0.625000 0.166667 0.665278 0.152778 0.670833
0 0.500000 0.648611 0.480556 0.645833 0.470833 0.636111 0.465278 0.627778 0.462500 0.597222 0.484722 0.563889 0.498611 0.552778 0.498611 0.533333 0.493056 0.522222 0.495833 0.477778 0.508333 0.462500 0.530556 0.459722 0.565278 0.488889 0.579167 0.516667 0.581944 0.555556 0.573611 0.569444 0.573611 0.586111 0.565278 0.600000 0.544444 0.620833 0.500000 0.648611
0 0.327778 0.773611 0.302778 0.770833 0.286111 0.762500 0.275000 0.748611 0.238889 0.731944 0.218056 0.711111 0.212500 0.694444 0.215278 0.669444 0.226389 0.647222 0.238889 0.634722 0.272222 0.629167 0.319444 0.654167 0.340278 0.675000 0.356944 0.708333 0.373611 0.725000 0.376389 0.738889 0.368056 0.752778 0.355556 0.762500 0.327778 0.773611
0 0.261111 0.287500 0.230556 0.287500 0.211111 0.276389 0.201389 0.263889 0.198611 0.236111 0.209722 0.200000 0.238889 0.168056 0.261111 0.154167 0.316667 0.151389 0.337500 0.169444 0.345833 0.186111 0.351389 0.213889 0.343056 0.236111 0.336111 0.243056 0.313889 0.248611 0.300000 0.248611 0.288889 0.243056 0.279167 0.252778 0.270833 0.277778 0.261111 0.287500
0 0.125000 0.387500 0.100000 0.387500 0.075000 0.373611 0.043056 0.338889 0.020833 0.305556 0.018056 0.252778 0.023611 0.236111 0.038889 0.209722 0.063889 0.190278 0.077778 0.184722 0.111111 0.187500 0.138889 0.204167 0.162500 0.230556 0.173611 0.258333 0.176389 0.300000 0.168056 0.311111 0.165278 0.338889 0.145833 0.375000 0.125000 0.387500
0 0.608333 0.898611 0.583333 0.895833 0.561111 0.887500 0.543056 0.872222 0.534722 0.855556 0.534722 0.822222 0.561111 0.795833 0.580556 0.793056 0.604167 0.816667 0.615278 0.852778 0.615278 0.886111 0.608333 0.898611
0 0.915278 0.997222 0.927778 0.993056 0.955556 0.993056 0.968056 0.997222
