0 0.998563 0.572115 0.990661 0.567308 0.983477 0.550000 0.982040 0.540385 0.982040 0.521154 0.986351 0.507692 0.991379 0.502885 0.998563 0.504808
0 0.547414 0.283654 0.525862 0.268269 0.517960 0.257692 0.516523 0.244231 0.524425 0.229808 0.533046 0.233654 0.538793 0.227885 0.548851 0.227885 0.559626 0.242308 0.559626 0.261538 0.551006 0.273077 0.547414 0.283654
0 0.771552 0.139423 0.764368 0.137500 0.757902 0.130769 0.755029 0.123077 0.756466 0.109615 0.760776 0.098077 0.772989 0.081731 0.781609 0.077885 0.793103 0.077885 0.796695 0.082692 0.793822 0.107692 0.786638 0.123077 0.775862 0.137500 0.771552 0.139423
0 0.483477 0.998077 0.484914 0.984615 0.497126 0.968269 0.505747 0.964423 0.522989 0.964423 0.528017 0.973077 0.528017 0.986538 0.522270 0.998077
0 0.304598 0.664423 0.297414 0.662500 0.290948 0.650000 0.293822 0.630769 0.303161 0.616346 0.316092 0.606731 0.327586 0.606731 0.331897 0.614423 0.340517 0.616346 0.345546 0.623077 0.346983 0.642308 0.344828 0.645192 0.334770 0.652885 0.317529 0.656731 0.304598 0.664423
0 0.811782 0.374038 0.801724 0.374038 0.792385 0.361538 0.792385 0.346154 0.789511 0.340385 0.789511 0.332692 0.795977 0.324038 0.830460 0.327885 0.834052 0.332692 0.834052 0.346154 0.831178 0.353846 0.818966 0.370192 0.811782 0.374038
0 0.933908 0.795192 0.916667 0.795192 0.910201 0.784615 0.911638 0.776923 0.919540 0.766346 0.933908 0.756731 0.949713 0.750962 0.971264 0.750962 0.979167 0.759615 0.977730 0.771154 0.969828 0.779808 0.954023 0.789423 0.933908 0.795192
0 0.373563 0.616346 0.363506 0.616346 0.355603 0.607692 0.351293 0.594231 0.351293 0.582692 0.355603 0.573077 0.367816 0.560577 0.393678 0.554808 0.398707 0.559615 0.401580 0.575000 0.384339 0.605769 0.373563 0.616346
0 0.300287 0.558654 0.293103 0.558654 0.284483 0.549038 0.275144 0.536538 0.272270 0.525000 0.280172 0.510577 0.303161 0.502885 0.314655 0.491346 0.326149 0.491346 0.328305 0.494231 0.328305 0.507692 0.325431 0.515385 0.319684 0.521154 0.312500 0.546154 0.304598 0.556731 0.300287 0.558654
0 0.314655 0.274038 0.297414 0.272115 0.290948 0.261538 0.290948 0.253846 0.308908 0.227885 0.326149 0.225962 0.332615 0.234615 0.332615 0.238462 0.328305 0.251923 0.316810 0.267308 0.314655 0.274038
0 0.864943 0.558654 0.856322 0.556731 0.846983 0.542308 0.846983 0.517308 0.857759 0.499038 0.866379 0.491346 0.875000 0.491346 0.881466 0.498077 0.882902 0.503846 0.882902 0.534615 0.872126 0.552885 0.864943 0.558654
0 0.948276 0.158654 0.936782 0.158654 0.931753 0.148077 0.931753 0.121154 0.939655 0.108654 0.943966 0.106731 0.956897 0.108654 0.963362 0.121154 0.957615 0.148077 0.948276 0.158654
0 0.334770 0.412500 0.326149 0.410577 0.319684 0.401923 0.318247 0.392308 0.334052 0.348077 0.340517 0.339423 0.344828 0.339423 0.350575 0.343269 0.357040 0.353846 0.359914 0.361538 0.359914 0.375000 0.346983 0.400000 0.339080 0.410577 0.334770 0.412500
0 0.835489 0.000000 0.835489 0.005769 0.831897 0.010577 0.824713 0.010577 0.820402 0.014423 0.803161 0.012500 0.798132 0.005769 0.798132 0.000000
0 0.227011 0.070192 0.218391 0.068269 0.207615 0.050000 0.209052 0.040385 0.222701 0.014423 0.237069 0.016346 0.246408 0.028846 0.247845 0.036538 0.247845 0.048077 0.227011 0.070192
0 0.841954 0.868269 0.827586 0.868269 0.813218 0.862500 0.806753 0.850000 0.808190 0.838462 0.814655 0.829808 0.823276 0.824038 0.841954 0.824038 0.860632 0.833654 0.864224 0.840385 0.864224 0.850000 0.852011 0.864423 0.841954 0.868269
0 0.540230 0.360577 0.537356 0.360577 0.532328 0.351923 0.530891 0.336538 0.533764 0.323077 0.530891 0.311538 0.519397 0.290385 0.507902 0.278846 0.512931 0.268269 0.522989 0.264423 0.548132 0.284615 0.548132 0.292308 0.552443 0.301923 0.552443 0.326923 0.549569 0.330769 0.551006 0.350000 0.547414 0.356731 0.540230 0.360577
0 0.719828 0.485577 0.708333 0.481731 0.690374 0.450000 0.688937 0.438462 0.691810 0.425000 0.699713 0.414423 0.716954 0.416346 0.726293 0.426923 0.730603 0.438462 0.730603 0.475000 0.719828 0.485577
0 0.203305 0.998077 0.201868 0.990385 0.204741 0.951923 0.212644 0.939423 0.218391 0.939423 0.220546 0.942308 0.224856 0.950000 0.224856 0.959615 0.230603 0.967308 0.230603 0.992308 0.227730 0.998077
0 0.435345 0.479808 0.415230 0.479808 0.405172 0.474038 0.394397 0.455769 0.395833 0.432692 0.402299 0.425962 0.413793 0.425962 0.439655 0.443269 0.446121 0.451923 0.448994 0.467308 0.443966 0.475962 0.435345 0.479808
0 0.922414 0.677885 0.915230 0.677885 0.908764 0.671154 0.908764 0.653846 0.914511 0.638462 0.922414 0.627885 0.933908 0.622115 0.946121 0.634615 0.948994 0.650000 0.947557 0.655769 0.939655 0.666346 0.922414 0.677885
0 0.807471 0.464423 0.801724 0.464423 0.796695 0.459615 0.795259 0.446154 0.799569 0.426923 0.807471 0.416346 0.813218 0.416346 0.819684 0.423077 0.821121 0.428846 0.819684 0.450000 0.814655 0.458654 0.807471 0.464423
0 0.000000 0.874038 0.005029 0.878846 0.007902 0.894231 0.012213 0.903846 0.010776 0.917308 0.007184 0.922115 0.000000 0.920192
0 0.750000 0.381731 0.738506 0.379808 0.734914 0.373077 0.733477 0.361538 0.734914 0.338462 0.744253 0.320192 0.755747 0.320192 0.761494 0.324038 0.770833 0.334615 0.773707 0.342308 0.767960 0.357692 0.767960 0.363462 0.750000 0.381731
0 0.706178 0.000000 0.709052 0.023077 0.701868 0.051923 0.692529 0.068269 0.683908 0.068269 0.677443 0.057692 0.677443 0.046154 0.683190 0.023077 0.696121 0.000000
0 0.732759 0.910577 0.718391 0.910577 0.699713 0.902885 0.694684 0.896154 0.694684 0.888462 0.701149 0.881731 0.718391 0.875962 0.727011 0.875962 0.734195 0.881731 0.744253 0.883654 0.747845 0.888462 0.744971 0.901923 0.732759 0.910577
0 0.193966 0.124038 0.185345 0.124038 0.176006 0.115385 0.171695 0.103846 0.171695 0.092308 0.195402 0.066346 0.209770 0.066346 0.214799 0.073077 0.219109 0.086538 0.217672 0.096154 0.209770 0.110577 0.193966 0.124038
0 0.594828 0.920192 0.581897 0.920192 0.576868 0.915385 0.576868 0.905769 0.587644 0.889423 0.597701 0.883654 0.613506 0.879808 0.625000 0.881731 0.630029 0.888462 0.628592 0.898077 0.622126 0.906731 0.594828 0.920192
0 0.050287 0.931731 0.033046 0.925962 0.025144 0.915385 0.022270 0.903846 0.023707 0.886538 0.045977 0.864423 0.051724 0.864423 0.069684 0.890385 0.069684 0.915385 0.050287 0.931731
0 0.109195 0.793269 0.097701 0.791346 0.087644 0.783654 0.068247 0.757692 0.061063 0.738462 0.061063 0.717308 0.067529 0.706731 0.077586 0.704808 0.084770 0.708654 0.098420 0.726923 0.108477 0.746154 0.117098 0.771154 0.117098 0.784615 0.109195 0.793269
0 0.642241 0.574038 0.635057 0.574038 0.627155 0.561538 0.625718 0.538462 0.630029 0.528846 0.645115 0.512500 0.656609 0.516346 0.662356 0.510577 0.668103 0.514423 0.684626 0.538462 0.673851 0.558654 0.653736 0.572115 0.642241 0.574038
0 0.998563 0.216346 0.992816 0.224038 0.982759 0.222115 0.977730 0.213462 0.973420 0.192308 0.973420 0.169231 0.976293 0.157692 0.984195 0.147115 0.992816 0.149038 0.998563 0.156731
0 0.614943 0.341346 0.602011 0.337500 0.592672 0.321154 0.592672 0.296154 0.599856 0.276923 0.606322 0.268269 0.613506 0.264423 0.623563 0.264423 0.630029 0.271154 0.631466 0.276923 0.631466 0.321154 0.620690 0.339423 0.614943 0.341346
0 0.586207 0.806731 0.558908 0.804808 0.543822 0.780769 0.546695 0.761538 0.551724 0.754808 0.563218 0.754808 0.579023 0.764423 0.592672 0.784615 0.592672 0.798077 0.586207 0.806731
0 0.285920 0.425962 0.275862 0.425962 0.272270 0.421154 0.272270 0.396154 0.279454 0.367308 0.288793 0.356731 0.297414 0.354808 0.305316 0.363462 0.303879 0.394231 0.295259 0.415385 0.285920 0.425962
0 0.702586 0.377885 0.692529 0.377885 0.682471 0.370192 0.670259 0.344231 0.670259 0.332692 0.683908 0.318269 0.701149 0.318269 0.713362 0.340385 0.711925 0.365385 0.702586 0.377885
0 0.403736 0.852885 0.395115 0.850962 0.388649 0.840385 0.391523 0.819231 0.395833 0.807692 0.422414 0.766346 0.436782 0.764423 0.446121 0.782692 0.446121 0.798077 0.440374 0.815385 0.412356 0.847115 0.403736 0.852885
0 0.695402 0.762500 0.689655 0.758654 0.684626 0.750000 0.683190 0.742308 0.686063 0.732692 0.695402 0.720192 0.704023 0.714423 0.721264 0.716346 0.730603 0.732692 0.729167 0.751923 0.722701 0.760577 0.718391 0.756731 0.709770 0.756731 0.698276 0.758654 0.695402 0.762500
0 0.666667 0.877885 0.647989 0.877885 0.637213 0.861538 0.638649 0.844231 0.646552 0.833654 0.655172 0.827885 0.668103 0.827885 0.681034 0.839423 0.689655 0.841346 0.694684 0.850000 0.694684 0.861538 0.689655 0.868269 0.685345 0.872115 0.669540 0.874038 0.666667 0.877885
0 0.691092 0.843269 0.681034 0.839423 0.668822 0.828846 0.670259 0.821154 0.683908 0.802885 0.697557 0.805769 0.696121 0.836538 0.691092 0.843269
0 0.913793 0.406731 0.899425 0.404808 0.890086 0.392308 0.891523 0.363462 0.899425 0.352885 0.915230 0.358654 0.926006 0.375000 0.926006 0.394231 0.913793 0.406731
0 0.852011 0.693269 0.844828 0.691346 0.838362 0.682692 0.836925 0.671154 0.845546 0.646154 0.854885 0.633654 0.864943 0.633654 0.872845 0.640385 0.872845 0.650000 0.875718 0.657692 0.869971 0.663462 0.868534 0.673077 0.862787 0.684615 0.852011 0.693269
0 0.793103 0.154808 0.788075 0.151923 0.786638 0.142308 0.789511 0.113462 0.807471 0.087500 0.817529 0.077885 0.823276 0.075962 0.826868 0.080769 0.825431 0.094231 0.818247 0.115385 0.808190 0.140385 0.793103 0.154808
0 0.492816 0.812500 0.477011 0.808654 0.470546 0.800000 0.471983 0.782692 0.477011 0.774038 0.491379 0.764423 0.510057 0.762500 0.515805 0.766346 0.520833 0.775000 0.520833 0.784615 0.505747 0.806731 0.492816 0.812500
0 0.948276 0.874038 0.941092 0.872115 0.937500 0.867308 0.937500 0.857692 0.943247 0.848077 0.944684 0.840385 0.946839 0.837500 0.952586 0.837500 0.959052 0.846154 0.961925 0.859615 0.955460 0.870192 0.948276 0.874038
0 0.107759 0.210577 0.104885 0.210577 0.099856 0.203846 0.102011 0.199038 0.109195 0.199038 0.111351 0.201923 0.107759 0.210577
0 0.817529 0.243269 0.807471 0.243269 0.802443 0.236538 0.798132 0.221154 0.798132 0.211538 0.802443 0.198077 0.817529 0.175962 0.827586 0.174038 0.832615 0.180769 0.834052 0.188462 0.832615 0.200000 0.829741 0.203846 0.831178 0.215385 0.826868 0.232692 0.817529 0.243269
0 0.998563 0.827885 0.985632 0.825962 0.976293 0.813462 0.977730 0.805769 0.982759 0.799038 0.998563 0.789423
0 0.028736 0.179808 0.023707 0.176923 0.027299 0.168269 0.030891 0.173077 0.028736 0.179808
0 0.859195 0.485577 0.853448 0.485577 0.844109 0.469231 0.844109 0.425000 0.846983 0.415385 0.854885 0.404808 0.866379 0.400962 0.874282 0.409615 0.880029 0.428846 0.880029 0.457692 0.874282 0.475000 0.867816 0.481731 0.859195 0.485577
0 0.853448 0.181731 0.846983 0.178846 0.845546 0.167308 0.863506 0.141346 0.876437 0.131731 0.893678 0.131731 0.895833 0.134615 0.897270 0.150000 0.889368 0.164423 0.879310 0.166346 0.853448 0.181731
0 0.052443 0.000000 0.061063 0.011538 0.068247 0.036538 0.071121 0.067308 0.066092 0.075962 0.057471 0.075962 0.039511 0.042308 0.035201 0.015385 0.038793 0.006731 0.046695 0.000000
0 0.022989 0.537500 0.011494 0.537500 0.006466 0.530769 0.007902 0.519231 0.033046 0.487500 0.040230 0.483654 0.050287 0.487500 0.056753 0.500000 0.055316 0.517308 0.045977 0.527885 0.022989 0.537500
0 0.168103 0.318269 0.159483 0.318269 0.149425 0.312500 0.141523 0.301923 0.140086 0.296154 0.141523 0.282692 0.147270 0.267308 0.160920 0.249038 0.172414 0.252885 0.176006 0.257692 0.183190 0.282692 0.181753 0.307692 0.176724 0.314423 0.168103 0.318269
0 0.922414 0.535577 0.916667 0.533654 0.911638 0.526923 0.908764 0.503846 0.911638 0.492308 0.922414 0.475962 0.932471 0.474038 0.938937 0.484615 0.938937 0.501923 0.931753 0.526923 0.922414 0.535577
0 0.028736 0.579808 0.024425 0.579808 0.019397 0.573077 0.017960 0.559615 0.031609 0.543269 0.051724 0.535577 0.058908 0.535577 0.068966 0.541346 0.075431 0.553846 0.075431 0.565385 0.064655 0.575962 0.040230 0.574038 0.028736 0.579808
0 0.656609 0.516346 0.650144 0.511538 0.652299 0.504808 0.656609 0.504808 0.660201 0.509615 0.656609 0.516346
0 0.961207 0.558654 0.955460 0.556731 0.950431 0.550000 0.947557 0.534615 0.948994 0.521154 0.954741 0.501923 0.961207 0.495192 0.966954 0.495192 0.971983 0.500000 0.974856 0.507692 0.976293 0.525000 0.971983 0.546154 0.965517 0.556731 0.961207 0.558654
0 0.227730 0.998077 0.230603 0.992308 0.230603 0.959615 0.237069 0.952885 0.256466 0.975000 0.266523 0.998077
0 0.998563 0.956731 0.989943 0.958654 0.984195 0.954808 0.977011 0.954808 0.965517 0.949038 0.959052 0.940385 0.959052 0.930769 0.965517 0.922115 0.982759 0.914423 0.998563 0.912500
0 0.520833 0.000000 0.515805 0.008654 0.510057 0.012500 0.498563 0.008654 0.493534 0.000000
0 0.318966 0.762500 0.303161 0.760577 0.293103 0.754808 0.288075 0.748077 0.286638 0.732692 0.300287 0.714423 0.314655 0.708654 0.333333 0.708654 0.345546 0.721154 0.346983 0.734615 0.344109 0.742308 0.333333 0.756731 0.318966 0.762500
0 0.025862 0.883654 0.020115 0.881731 0.009339 0.865385 0.009339 0.855769 0.005029 0.846154 0.003592 0.832692 0.010057 0.824038 0.027299 0.825962 0.045259 0.848077 0.046695 0.863462 0.025862 0.883654
0 0.531609 0.860577 0.515805 0.858654 0.509339 0.848077 0.507902 0.834615 0.512213 0.823077 0.530172 0.802885 0.538793 0.799038 0.548851 0.800962 0.558190 0.811538 0.556753 0.832692 0.543103 0.850962 0.531609 0.860577
0 0.772989 0.649038 0.755747 0.649038 0.744971 0.640385 0.737787 0.623077 0.737787 0.613462 0.747126 0.599038 0.758621 0.600962 0.765805 0.612500 0.779454 0.625000 0.780891 0.638462 0.772989 0.649038
0 0.815374 0.998077 0.818247 0.986538 0.821839 0.981731 0.827586 0.979808 0.837644 0.979808 0.842672 0.986538 0.845546 0.998077
0 0.955460 0.264423 0.946839 0.264423 0.940374 0.257692 0.937500 0.250000 0.937500 0.238462 0.940374 0.228846 0.949713 0.216346 0.959770 0.212500 0.967672 0.221154 0.970546 0.228846 0.970546 0.244231 0.964799 0.255769 0.955460 0.264423
0 0.053161 0.614423 0.040230 0.608654 0.030172 0.608654 0.022270 0.598077 0.020833 0.584615 0.024425 0.579808 0.040230 0.574038 0.063218 0.574038 0.070402 0.577885 0.076868 0.586538 0.078305 0.598077 0.068966 0.612500 0.053161 0.614423
0 0.135057 0.108654 0.123563 0.108654 0.117816 0.104808 0.107040 0.086538 0.104167 0.071154 0.104167 0.051923 0.112069 0.041346 0.120690 0.041346 0.127874 0.047115 0.138649 0.067308 0.141523 0.076923 0.141523 0.096154 0.135057 0.108654
0 0.120690 0.525962 0.099138 0.525962 0.093391 0.522115 0.082615 0.505769 0.081178 0.492308 0.085489 0.482692 0.085489 0.473077 0.089080 0.468269 0.112069 0.470192 0.127155 0.486538 0.131466 0.498077 0.131466 0.509615 0.127155 0.521154 0.120690 0.525962
0 0.221264 0.620192 0.215517 0.620192 0.205460 0.614423 0.201868 0.605769 0.201868 0.578846 0.207615 0.567308 0.214080 0.560577 0.227011 0.562500 0.233477 0.584615 0.232040 0.605769 0.221264 0.620192
0 0.744253 0.975962 0.737069 0.974038 0.732040 0.965385 0.732040 0.955769 0.734914 0.948077 0.748563 0.929808 0.754310 0.925962 0.774425 0.925962 0.779454 0.934615 0.779454 0.940385 0.773707 0.951923 0.764368 0.964423 0.744253 0.975962
0 0.426006 0.000000 0.436063 0.011538 0.444684 0.038462 0.438218 0.050962 0.428161 0.047115 0.413075 0.028846 0.407328 0.019231 0.404454 0.007692 0.405891 0.000000
0 0.126437 0.272115 0.117098 0.263462 0.114224 0.253846 0.114224 0.242308 0.107040 0.223077 0.109914 0.213462 0.108477 0.209615 0.111351 0.205769 0.109914 0.200000 0.117816 0.185577 0.120690 0.185577 0.125718 0.192308 0.131466 0.215385 0.136494 0.222115 0.140805 0.222115 0.145833 0.230769 0.144397 0.248077 0.126437 0.272115
0 0.830460 0.327885 0.800287 0.325962 0.793822 0.319231 0.793822 0.311538 0.807471 0.299038 0.823276 0.274038 0.827586 0.274038 0.834052 0.280769 0.839799 0.298077 0.839799 0.313462 0.830460 0.327885
0 0.386494 0.189423 0.375000 0.187500 0.369971 0.180769 0.367098 0.171154 0.368534 0.155769 0.379310 0.143269 0.400862 0.139423 0.410201 0.150000 0.410201 0.173077 0.406609 0.174038 0.399425 0.183654 0.392241 0.183654 0.386494 0.189423
0 0.938937 0.998077 0.938937 0.984615 0.952586 0.972115 0.969828 0.972115 0.978448 0.975962 0.987787 0.990385 0.987787 0.998077
0 0.458333 0.385577 0.445402 0.385577 0.437500 0.369231 0.434626 0.321154 0.443966 0.310577 0.449713 0.310577 0.454741 0.317308 0.460489 0.332692 0.460489 0.338462 0.464799 0.344231 0.464799 0.365385 0.460489 0.373077 0.460489 0.382692 0.458333 0.385577
0 0.520115 0.160577 0.508621 0.160577 0.502874 0.156731 0.494971 0.144231 0.486351 0.113462 0.486351 0.096154 0.489943 0.089423 0.500000 0.089423 0.522270 0.126923 0.526580 0.138462 0.526580 0.151923 0.520115 0.160577
0 0.727011 0.229808 0.716954 0.227885 0.700431 0.198077 0.701868 0.184615 0.719828 0.162500 0.727011 0.164423 0.736351 0.176923 0.733477 0.221154 0.727011 0.229808
0 0.222701 0.864423 0.199713 0.858654 0.190374 0.842308 0.193247 0.823077 0.211207 0.802885 0.224138 0.802885 0.234914 0.813462 0.233477 0.840385 0.222701 0.864423
0 0.239224 0.000000 0.232759 0.010577 0.216954 0.008654 0.211925 0.003846 0.211925 0.000000
0 0.415230 0.768269 0.409483 0.766346 0.401580 0.751923 0.400144 0.723077 0.403017 0.707692 0.408764 0.694231 0.416667 0.687500 0.422414 0.687500 0.436063 0.711538 0.436063 0.736538 0.430316 0.751923 0.419540 0.766346 0.415230 0.768269
0 0.051724 0.222115 0.040230 0.220192 0.035201 0.211538 0.032328 0.198077 0.035201 0.171154 0.038075 0.163462 0.047414 0.154808 0.054598 0.154808 0.064655 0.160577 0.072557 0.176923 0.068247 0.200000 0.051724 0.222115
0 0.856322 0.089423 0.850575 0.089423 0.846983 0.084615 0.846983 0.075000 0.853448 0.058654 0.883621 0.035577 0.892241 0.035577 0.900144 0.044231 0.897270 0.057692 0.890805 0.066346 0.856322 0.089423
0 0.801724 0.549038 0.785920 0.545192 0.776580 0.536538 0.776580 0.517308 0.781609 0.510577 0.800287 0.508654 0.812500 0.525000 0.813937 0.538462 0.808908 0.545192 0.801724 0.549038
0 0.521552 0.631731 0.502874 0.631731 0.494253 0.624038 0.487069 0.624038 0.470546 0.601923 0.467672 0.592308 0.477011 0.581731 0.489943 0.581731 0.504310 0.597115 0.520115 0.597115 0.528017 0.609615 0.528017 0.625000 0.521552 0.631731
0 0.903736 0.993269 0.895115 0.993269 0.880747 0.985577 0.863506 0.985577 0.857040 0.975000 0.858477 0.961538 0.867816 0.952885 0.896552 0.954808 0.906609 0.960577 0.911638 0.969231 0.911638 0.976923 0.903736 0.993269
0 0.781609 0.729808 0.772989 0.729808 0.764368 0.722115 0.748563 0.722115 0.740661 0.711538 0.742098 0.692308 0.751437 0.675962 0.758621 0.675962 0.767241 0.681731 0.780891 0.700000 0.785201 0.713462 0.785201 0.725000 0.781609 0.729808
0 0.273707 0.998077 0.273707 0.990385 0.278017 0.980769 0.278017 0.957692 0.287356 0.949038 0.294540 0.950962 0.301006 0.959615 0.301006 0.980769 0.306753 0.998077
0 0.000000 0.033654 0.005029 0.038462 0.012213 0.057692 0.010776 0.065385 0.007184 0.070192 0.000000 0.072115
0 0.636494 0.116346 0.631466 0.113462 0.631466 0.103846 0.633621 0.100962 0.638649 0.103846 0.636494 0.116346
0 0.474138 0.127885 0.462644 0.127885 0.455460 0.124038 0.437500 0.101923 0.430316 0.088462 0.427443 0.076923 0.427443 0.067308 0.432471 0.058654 0.446839 0.058654 0.455460 0.064423 0.467672 0.078846 0.467672 0.084615 0.480603 0.109615 0.480603 0.119231 0.474138 0.127885
0 0.547414 0.687500 0.530172 0.687500 0.517241 0.681731 0.502155 0.663462 0.499282 0.657692 0.499282 0.648077 0.512931 0.631731 0.528736 0.629808 0.537356 0.633654 0.549569 0.648077 0.555316 0.663462 0.555316 0.678846 0.547414 0.687500
0 0.429598 0.381731 0.415230 0.381731 0.409483 0.377885 0.404454 0.367308 0.411638 0.319231 0.419540 0.308654 0.426724 0.310577 0.434626 0.323077 0.437500 0.369231 0.429598 0.381731
0 0.988506 0.872115 0.979885 0.872115 0.974856 0.865385 0.973420 0.855769 0.977011 0.843269 0.985632 0.845192 0.997845 0.857692 0.997845 0.861538 0.988506 0.872115
0 0.484195 0.952885 0.475575 0.950962 0.471983 0.946154 0.471983 0.930769 0.483477 0.905769 0.495690 0.889423 0.504310 0.887500 0.510057 0.891346 0.515086 0.901923 0.515086 0.919231 0.510776 0.928846 0.498563 0.943269 0.484195 0.952885
0 0.228448 0.166346 0.222701 0.164423 0.216236 0.155769 0.213362 0.146154 0.213362 0.130769 0.228448 0.116346 0.248563 0.118269 0.256466 0.132692 0.255029 0.146154 0.239943 0.162500 0.228448 0.166346
0 0.431034 0.200962 0.428161 0.200962 0.410201 0.178846 0.410201 0.150000 0.405891 0.142308 0.419540 0.127885 0.425287 0.129808 0.436063 0.142308 0.436063 0.148077 0.447557 0.176923 0.447557 0.188462 0.442529 0.195192 0.431034 0.200962
0 0.627874 0.675962 0.613506 0.672115 0.607040 0.663462 0.607040 0.644231 0.617816 0.631731 0.629310 0.625962 0.637931 0.625962 0.649425 0.631731 0.654454 0.640385 0.653017 0.651923 0.639368 0.670192 0.627874 0.675962
0 0.783046 0.433654 0.772989 0.431731 0.750718 0.407692 0.747845 0.392308 0.754310 0.381731 0.771552 0.375962 0.782328 0.386538 0.790948 0.411538 0.790948 0.423077 0.783046 0.433654
0 0.843391 0.779808 0.827586 0.777885 0.821121 0.769231 0.819684 0.755769 0.822557 0.748077 0.836207 0.733654 0.857759 0.720192 0.870690 0.716346 0.879310 0.718269 0.885776 0.726923 0.885776 0.738462 0.882902 0.746154 0.864943 0.768269 0.843391 0.779808
0 0.235632 0.406731 0.232759 0.406731 0.221983 0.390385 0.213362 0.359615 0.210489 0.328846 0.216954 0.316346 0.225575 0.318269 0.247845 0.351923 0.249282 0.357692 0.249282 0.376923 0.244971 0.396154 0.239943 0.404808 0.235632 0.406731
0 0.889368 0.302885 0.882184 0.302885 0.877155 0.298077 0.877155 0.294231 0.869971 0.282692 0.869971 0.271154 0.876437 0.260577 0.882184 0.256731 0.903736 0.254808 0.910201 0.261538 0.910201 0.278846 0.899425 0.297115 0.889368 0.302885
0 0.491379 0.085577 0.484914 0.082692 0.489943 0.074038 0.493534 0.076923 0.491379 0.085577
0 0.677443 0.998077 0.668822 0.984615 0.665948 0.967308 0.678161 0.950962 0.686782 0.950962 0.697557 0.963462 0.701868 0.980769 0.701868 0.990385 0.698994 0.998077
0 0.544540 0.456731 0.535920 0.454808 0.528017 0.444231 0.517960 0.413462 0.512213 0.403846 0.509339 0.394231 0.509339 0.382692 0.515805 0.374038 0.528736 0.374038 0.534483 0.377885 0.545259 0.400000 0.548132 0.421154 0.551006 0.426923 0.551006 0.450000 0.544540 0.456731
0 0.767241 0.070192 0.758621 0.070192 0.752155 0.063462 0.753592 0.050000 0.765805 0.022115 0.783046 0.020192 0.787356 0.025962 0.797414 0.029808 0.803879 0.038462 0.803879 0.044231 0.795977 0.054808 0.767241 0.070192
0 0.538075 0.998077 0.536638 0.992308 0.540948 0.980769 0.550287 0.970192 0.557471 0.966346 0.567529 0.966346 0.573276 0.970192 0.585489 0.988462 0.586925 0.998077
0 0.649425 0.447115 0.639368 0.447115 0.627874 0.439423 0.616379 0.424038 0.604167 0.413462 0.601293 0.392308 0.606322 0.381731 0.619253 0.379808 0.630747 0.385577 0.637213 0.394231 0.637213 0.398077 0.645833 0.409615 0.655891 0.430769 0.654454 0.440385 0.649425 0.447115
0 0.701149 0.804808 0.686782 0.804808 0.678161 0.799038 0.671695 0.788462 0.673132 0.778846 0.681034 0.770192 0.685345 0.770192 0.698276 0.758654 0.709770 0.756731 0.718391 0.756731 0.721264 0.760577 0.728448 0.762500 0.736351 0.773077 0.737787 0.782692 0.731322 0.791346 0.701149 0.804808
0 0.958333 0.331731 0.946839 0.331731 0.935345 0.325962 0.928879 0.317308 0.926006 0.307692 0.927443 0.296154 0.935345 0.287500 0.942529 0.287500 0.956897 0.297115 0.964799 0.311538 0.963362 0.326923 0.958333 0.331731
0 0.178161 0.506731 0.171695 0.501923 0.173132 0.476923 0.187500 0.448077 0.187500 0.444231 0.198276 0.429808 0.202586 0.427885 0.209052 0.436538 0.209052 0.451923 0.204741 0.467308 0.196121 0.488462 0.186782 0.500962 0.178161 0.506731
0 0.702586 0.183654 0.695402 0.183654 0.690374 0.176923 0.687500 0.167308 0.687500 0.150000 0.690374 0.140385 0.699713 0.127885 0.706897 0.122115 0.715517 0.122115 0.727730 0.140385 0.729167 0.151923 0.702586 0.183654
0 0.360632 0.972115 0.347701 0.970192 0.338362 0.955769 0.332615 0.936538 0.331178 0.915385 0.334052 0.905769 0.334052 0.892308 0.343391 0.881731 0.352011 0.881731 0.357759 0.885577 0.364224 0.894231 0.368534 0.909615 0.368534 0.957692 0.360632 0.972115
0 0.155172 0.408654 0.132184 0.406731 0.124282 0.394231 0.124282 0.378846 0.137931 0.366346 0.150862 0.362500 0.169540 0.362500 0.176724 0.368269 0.180316 0.375000 0.180316 0.384615 0.176006 0.394231 0.170977 0.400962 0.155172 0.408654
0 0.140805 0.464423 0.122126 0.464423 0.104885 0.456731 0.092672 0.440385 0.092672 0.428846 0.099138 0.422115 0.133621 0.422115 0.145115 0.425962 0.147270 0.428846 0.145833 0.440385 0.148707 0.446154 0.148707 0.455769 0.140805 0.464423
0 0.272989 0.858654 0.264368 0.856731 0.251437 0.839423 0.244971 0.828846 0.240661 0.815385 0.243534 0.798077 0.255747 0.785577 0.271552 0.783654 0.284483 0.793269 0.290948 0.807692 0.288075 0.830769 0.280891 0.848077 0.272989 0.858654
0 0.425287 0.954808 0.416667 0.950962 0.411638 0.944231 0.411638 0.930769 0.415948 0.915385 0.429598 0.895192 0.439655 0.889423 0.446839 0.889423 0.453305 0.900000 0.453305 0.917308 0.444684 0.936538 0.435345 0.949038 0.425287 0.954808
0 0.317529 0.577885 0.313218 0.577885 0.306753 0.571154 0.308190 0.551923 0.312500 0.546154 0.319684 0.521154 0.325431 0.515385 0.328305 0.507692 0.326868 0.498077 0.343391 0.483654 0.349138 0.483654 0.352730 0.488462 0.355603 0.500000 0.352730 0.526923 0.338362 0.557692 0.329023 0.570192 0.317529 0.577885
0 0.278736 0.274038 0.272989 0.274038 0.260776 0.255769 0.269397 0.240385 0.269397 0.225000 0.274425 0.218269 0.287356 0.216346 0.294540 0.220192 0.299569 0.226923 0.301006 0.238462 0.290948 0.253846 0.290948 0.259615 0.278736 0.274038
0 0.112069 0.604808 0.100575 0.604808 0.094109 0.598077 0.094109 0.582692 0.103448 0.568269 0.117816 0.560577 0.146552 0.558654 0.155172 0.562500 0.161638 0.571154 0.160201 0.584615 0.150862 0.595192 0.129310 0.597115 0.112069 0.604808
0 0.869253 0.258654 0.863506 0.258654 0.858477 0.253846 0.859914 0.238462 0.855603 0.226923 0.857040 0.207692 0.863506 0.199038 0.885057 0.200962 0.892960 0.211538 0.892960 0.217308 0.885776 0.230769 0.882902 0.246154 0.869253 0.258654
0 0.189655 0.824038 0.178161 0.820192 0.161638 0.800000 0.157328 0.788462 0.157328 0.776923 0.160920 0.772115 0.175287 0.770192 0.186782 0.774038 0.201149 0.781731 0.207615 0.790385 0.207615 0.798077 0.204741 0.801923 0.206178 0.807692 0.189655 0.824038
0 0.119971 0.998077 0.117098 0.984615 0.109914 0.969231 0.107040 0.944231 0.101293 0.926923 0.101293 0.913462 0.104885 0.906731 0.109195 0.904808 0.120690 0.908654 0.135776 0.930769 0.138649 0.944231 0.147270 0.959615 0.151580 0.976923 0.153017 0.998077
0 0.586207 0.581731 0.567529 0.579808 0.548132 0.559615 0.548132 0.534615 0.553161 0.522115 0.574713 0.522115 0.580460 0.525962 0.592672 0.542308 0.598420 0.559615 0.598420 0.573077 0.593391 0.579808 0.586207 0.581731
0 0.053879 0.998077 0.048132 0.982692 0.048132 0.971154 0.051006 0.959615 0.057471 0.950962 0.070402 0.950962 0.087644 0.966346 0.096983 0.980769 0.095546 0.998077
0 0.640805 0.193269 0.633621 0.193269 0.623563 0.187500 0.604167 0.165385 0.596983 0.144231 0.596983 0.126923 0.603448 0.110577 0.612069 0.104808 0.627874 0.106731 0.633621 0.116346 0.637931 0.116346 0.648707 0.134615 0.654454 0.161538 0.654454 0.175000 0.653017 0.180769 0.645115 0.191346 0.640805 0.193269
0 0.675287 0.614423 0.660920 0.610577 0.653017 0.601923 0.651580 0.588462 0.657328 0.573077 0.669540 0.560577 0.686782 0.560577 0.699713 0.566346 0.706178 0.576923 0.706178 0.592308 0.699713 0.602885 0.688218 0.610577 0.675287 0.614423
0 0.235632 0.689423 0.218391 0.689423 0.189655 0.679808 0.181753 0.671154 0.181753 0.663462 0.188218 0.654808 0.225575 0.652885 0.235632 0.658654 0.243534 0.675000 0.242098 0.682692 0.235632 0.689423
0 0.102011 0.289423 0.084770 0.289423 0.078305 0.280769 0.078305 0.257692 0.086207 0.243269 0.102011 0.235577 0.107759 0.235577 0.114224 0.242308 0.114224 0.253846 0.117098 0.263462 0.108477 0.284615 0.102011 0.289423
0 0.043103 0.824038 0.034483 0.820192 0.017960 0.796154 0.012213 0.778846 0.010776 0.765385 0.012213 0.759615 0.018678 0.752885 0.028736 0.756731 0.040948 0.773077 0.048132 0.788462 0.048132 0.796154 0.052443 0.801923 0.052443 0.815385 0.043103 0.824038
0 0.237069 0.749038 0.221264 0.749038 0.195402 0.737500 0.183190 0.721154 0.183190 0.711538 0.186063 0.703846 0.192529 0.697115 0.215517 0.697115 0.232759 0.704808 0.243534 0.715385 0.249282 0.728846 0.249282 0.736538 0.237069 0.749038
0 0.908046 0.160577 0.902299 0.160577 0.895833 0.155769 0.895833 0.134615 0.903017 0.126923 0.905891 0.115385 0.913075 0.101923 0.915230 0.099038 0.920977 0.099038 0.927443 0.105769 0.927443 0.125000 0.921695 0.138462 0.920259 0.150000 0.908046 0.160577
0 0.025862 0.385577 0.018678 0.385577 0.012213 0.378846 0.010776 0.369231 0.012213 0.353846 0.026580 0.319231 0.040230 0.304808 0.050287 0.302885 0.058190 0.311538 0.056753 0.338462 0.046695 0.363462 0.034483 0.379808 0.025862 0.385577
0 0.873563 0.135577 0.867098 0.128846 0.867098 0.123077 0.875000 0.108654 0.902299 0.083654 0.908046 0.083654 0.913075 0.090385 0.914511 0.100000 0.905891 0.115385 0.903017 0.126923 0.897989 0.133654 0.876437 0.131731 0.873563 0.135577
0 0.715517 0.837500 0.709770 0.837500 0.704023 0.831731 0.696839 0.831731 0.696121 0.819231 0.698276 0.804808 0.718391 0.797115 0.730603 0.807692 0.730603 0.815385 0.715517 0.837500
0 0.623563 0.772115 0.617816 0.772115 0.609195 0.766346 0.598420 0.748077 0.598420 0.730769 0.601293 0.723077 0.609195 0.714423 0.619253 0.714423 0.626437 0.718269 0.634339 0.732692 0.635776 0.750000 0.632902 0.761538 0.623563 0.772115
0 0.400862 0.285577 0.386494 0.277885 0.377155 0.259615 0.378592 0.246154 0.390805 0.229808 0.400862 0.231731 0.410201 0.244231 0.415948 0.265385 0.411638 0.276923 0.400862 0.285577
0 0.890805 0.679808 0.886494 0.679808 0.881466 0.673077 0.881466 0.667308 0.872845 0.650000 0.871408 0.628846 0.874282 0.625000 0.874282 0.619231 0.880747 0.600962 0.892241 0.602885 0.898707 0.613462 0.907328 0.636538 0.907328 0.646154 0.903017 0.657692 0.901580 0.671154 0.890805 0.679808
0 0.998563 0.410577 0.986351 0.396154 0.979167 0.376923 0.980603 0.351923 0.991379 0.345192 0.995690 0.345192 0.998563 0.349038
