0 0.632812 0.412109 0.621094 0.412109 0.615234 0.398438 0.626953 0.386719 0.626953 0.371094 0.640625 0.365234 0.666016 0.390625 0.666016 0.398438 0.660156 0.404297 0.640625 0.404297 0.632812 0.412109
0 0.628906 0.322266 0.597656 0.322266 0.587891 0.312500 0.587891 0.277344 0.609375 0.255859 0.632812 0.259766 0.646484 0.277344 0.646484 0.296875 0.628906 0.322266
0 0.316406 0.271484 0.289062 0.271484 0.279297 0.261719 0.296875 0.220703 0.324219 0.220703 0.330078 0.226562 0.316406 0.271484
0 0.835938 0.591797 0.820312 0.591797 0.794922 0.578125 0.794922 0.562500 0.808594 0.544922 0.828125 0.544922 0.853516 0.566406 0.853516 0.578125 0.835938 0.591797
0 0.730469 0.478516 0.716797 0.464844 0.720703 0.453125 0.734375 0.443359 0.744141 0.453125 0.748047 0.468750 0.730469 0.478516
0 0.167969 0.111328 0.156250 0.111328 0.146484 0.101562 0.146484 0.082031 0.160156 0.060547 0.187500 0.060547 0.193359 0.066406 0.197266 0.097656 0.167969 0.111328
0 0.748047 0.996094 0.744141 0.976562 0.765625 0.951172 0.785156 0.955078 0.798828 0.968750 0.802734 0.996094
0 0.960938 0.095703 0.939453 0.085938 0.945312 0.072266 0.960938 0.072266 0.966797 0.078125 0.960938 0.095703
0 0.960938 0.408203 0.949219 0.408203 0.935547 0.386719 0.935547 0.363281 0.945312 0.353516 0.964844 0.353516 0.982422 0.375000 0.982422 0.382812 0.960938 0.408203
0 0.335938 0.658203 0.322266 0.652344 0.328125 0.638672 0.341797 0.644531 0.335938 0.658203
0 0.849609 0.000000 0.843750 0.009766 0.824219 0.009766 0.812500 0.017578 0.796875 0.017578 0.791016 0.000000
0 0.281250 0.458984 0.242188 0.455078 0.224609 0.433594 0.224609 0.414062 0.246094 0.384766 0.289062 0.388672 0.310547 0.421875 0.310547 0.437500 0.281250 0.458984
0 0.839844 0.623047 0.808594 0.623047 0.787109 0.605469 0.787109 0.589844 0.792969 0.583984 0.812500 0.583984 0.820312 0.591797 0.835938 0.591797 0.845703 0.601562 0.845703 0.617188 0.839844 0.623047
0 0.535156 0.572266 0.515625 0.560547 0.501953 0.539062 0.501953 0.519531 0.511719 0.509766 0.527344 0.505859 0.554688 0.509766 0.572266 0.535156 0.535156 0.572266
0 0.812500 0.380859 0.781250 0.380859 0.763672 0.367188 0.763672 0.339844 0.773438 0.330078 0.800781 0.330078 0.818359 0.339844 0.822266 0.359375 0.812500 0.380859
0 0.648438 0.470703 0.628906 0.470703 0.611328 0.457031 0.611328 0.437500 0.617188 0.431641 0.644531 0.431641 0.658203 0.445312 0.658203 0.457031 0.648438 0.470703
0 0.515625 0.689453 0.503906 0.689453 0.486328 0.667969 0.492188 0.650391 0.519531 0.650391 0.533203 0.664062 0.533203 0.671875 0.515625 0.689453
0 0.652344 0.705078 0.640625 0.705078 0.626953 0.687500 0.626953 0.675781 0.644531 0.658203 0.660156 0.658203 0.666016 0.664062 0.666016 0.683594 0.652344 0.705078
0 0.382812 0.095703 0.355469 0.095703 0.330078 0.070312 0.330078 0.050781 0.343750 0.029297 0.371094 0.025391 0.404297 0.042969 0.408203 0.070312 0.382812 0.095703
0 0.632812 0.798828 0.609375 0.798828 0.603516 0.792969 0.603516 0.769531 0.613281 0.759766 0.632812 0.759766 0.638672 0.765625 0.642578 0.789062 0.632812 0.798828
0 0.984375 0.095703 0.970703 0.089844 0.976562 0.076172 0.990234 0.082031 0.984375 0.095703
0 0.757812 0.498047 0.744141 0.492188 0.744141 0.476562 0.750000 0.470703 0.767578 0.480469 0.757812 0.498047
0 0.644531 0.865234 0.630859 0.859375 0.636719 0.845703 0.650391 0.851562 0.644531 0.865234
0 0.914062 0.111328 0.900391 0.105469 0.906250 0.091797 0.919922 0.097656 0.914062 0.111328
0 0.796875 0.173828 0.753906 0.173828 0.740234 0.160156 0.740234 0.128906 0.750000 0.107422 0.773438 0.103516 0.796875 0.107422 0.810547 0.117188 0.814453 0.160156 0.796875 0.173828
0 0.078125 0.517578 0.046875 0.513672 0.029297 0.496094 0.021484 0.472656 0.035156 0.451172 0.058594 0.447266 0.080078 0.460938 0.091797 0.503906 0.078125 0.517578
0 0.593750 0.736328 0.570312 0.736328 0.560547 0.726562 0.560547 0.707031 0.574219 0.689453 0.589844 0.689453 0.607422 0.703125 0.607422 0.726562 0.593750 0.736328
0 0.386719 0.650391 0.355469 0.650391 0.333984 0.628906 0.337891 0.605469 0.359375 0.583984 0.382812 0.583984 0.404297 0.613281 0.404297 0.636719 0.386719 0.650391
0 0.308594 0.681641 0.291016 0.675781 0.291016 0.660156 0.296875 0.654297 0.320312 0.654297 0.330078 0.664062 0.324219 0.677734 0.308594 0.681641
0 0.378906 0.451172 0.349609 0.441406 0.349609 0.429688 0.363281 0.408203 0.371094 0.408203 0.384766 0.421875 0.384766 0.445312 0.378906 0.451172
0 0.507812 0.416016 0.480469 0.416016 0.462891 0.398438 0.462891 0.386719 0.476562 0.369141 0.519531 0.365234 0.529297 0.375000 0.529297 0.402344 0.507812 0.416016
0 0.941406 0.205078 0.914062 0.205078 0.908203 0.199219 0.908203 0.183594 0.945312 0.154297 0.968750 0.150391 0.974609 0.167969 0.941406 0.205078
0 0.308594 0.552734 0.292969 0.552734 0.279297 0.539062 0.275391 0.511719 0.281250 0.505859 0.306641 0.519531 0.306641 0.531250 0.314453 0.539062 0.308594 0.552734
0 0.230469 0.244141 0.214844 0.244141 0.193359 0.226562 0.193359 0.203125 0.207031 0.185547 0.242188 0.177734 0.259766 0.191406 0.259766 0.218750 0.230469 0.244141
0 0.853516 0.996094 0.853516 0.984375 0.863281 0.974609 0.876953 0.980469 0.880859 0.996094
0 0.386719 0.572266 0.378906 0.572266 0.369141 0.558594 0.365234 0.539062 0.371094 0.533203 0.382812 0.533203 0.400391 0.550781 0.400391 0.558594 0.386719 0.572266
0 0.757812 0.880859 0.740234 0.871094 0.740234 0.859375 0.757812 0.841797 0.765625 0.841797 0.771484 0.851562 0.767578 0.871094 0.757812 0.880859
0 0.996094 0.244141 0.984375 0.248047 0.978516 0.242188 0.982422 0.218750 0.996094 0.212891
0 0.507812 0.916016 0.492188 0.916016 0.466797 0.882812 0.466797 0.859375 0.480469 0.845703 0.507812 0.845703 0.529297 0.867188 0.529297 0.890625 0.507812 0.916016
0 0.996094 0.525391 0.980469 0.521484 0.970703 0.503906 0.970703 0.480469 0.978516 0.464844 0.996094 0.455078
0 0.585938 0.599609 0.562500 0.595703 0.544922 0.574219 0.544922 0.562500 0.566406 0.541016 0.582031 0.541016 0.599609 0.554688 0.599609 0.585938 0.585938 0.599609
0 0.183594 0.607422 0.171875 0.607422 0.166016 0.593750 0.187500 0.572266 0.195312 0.572266 0.201172 0.578125 0.201172 0.593750 0.183594 0.607422
0 0.078125 0.083984 0.046875 0.083984 0.041016 0.078125 0.041016 0.062500 0.066406 0.033203 0.101562 0.029297 0.107422 0.035156 0.107422 0.050781 0.099609 0.066406 0.078125 0.083984
0 0.996094 0.185547 0.982422 0.195312 0.982422 0.222656 0.968750 0.228516 0.951172 0.207031 0.951172 0.191406 0.976562 0.166016 0.996094 0.169922
0 0.644531 0.982422 0.621094 0.978516 0.611328 0.968750 0.611328 0.941406 0.625000 0.927734 0.648438 0.927734 0.662109 0.941406 0.662109 0.964844 0.644531 0.982422
0 0.460938 0.794922 0.429688 0.794922 0.419922 0.785156 0.412109 0.773438 0.412109 0.738281 0.417969 0.732422 0.460938 0.732422 0.482422 0.750000 0.478516 0.777344 0.460938 0.794922
0 0.898438 0.552734 0.888672 0.542969 0.900391 0.531250 0.900391 0.507812 0.910156 0.501953 0.916016 0.507812 0.916016 0.523438 0.898438 0.552734
