0 0.530469 0.000000 0.507812 0.026367 0.504687 0.026367 0.484375 0.045898 0.465625 0.043945 0.453125 0.034180 0.446094 0.023438 0.447656 0.000000
0 0.389062 0.577148 0.371875 0.577148 0.358594 0.562500 0.353906 0.548828 0.353906 0.541016 0.357031 0.529297 0.364063 0.520508 0.376563 0.518555 0.390625 0.526367 0.399219 0.539062 0.400781 0.558594 0.396094 0.570312 0.389062 0.577148
0 0.232031 0.998047 0.230469 0.994141 0.232813 0.991211 0.235937 0.991211 0.251563 0.977539 0.265625 0.971680 0.282813 0.969727 0.285156 0.978516 0.274219 0.998047
0 0.712500 0.071289 0.709375 0.071289 0.702344 0.060547 0.700781 0.046875 0.721875 0.020508 0.728906 0.027344 0.730469 0.037109 0.719531 0.050781 0.716406 0.066406 0.712500 0.071289
0 0.090625 0.157227 0.073438 0.155273 0.069531 0.150391 0.064844 0.130859 0.064844 0.103516 0.069531 0.089844 0.079687 0.079102 0.095312 0.079102 0.102344 0.087891 0.107031 0.105469 0.107031 0.119141 0.100781 0.142578 0.090625 0.157227
0 0.481250 0.233398 0.454688 0.233398 0.443750 0.223633 0.435156 0.210938 0.430469 0.189453 0.430469 0.146484 0.435156 0.136719 0.445312 0.127930 0.470313 0.127930 0.479687 0.131836 0.489844 0.146484 0.489844 0.164062 0.499219 0.175781 0.502344 0.189453 0.502344 0.205078 0.499219 0.218750 0.489063 0.229492 0.481250 0.233398
0 0.167969 0.998047 0.167969 0.994141 0.173437 0.991211 0.190625 0.991211 0.192969 0.998047
0 0.274219 0.998047 0.285938 0.977539 0.301563 0.979492 0.303906 0.982422 0.303906 0.998047
0 0.653125 0.981445 0.645312 0.981445 0.628125 0.965820 0.619531 0.955078 0.621094 0.945312 0.623437 0.942383 0.634375 0.942383 0.645312 0.952148 0.650000 0.952148 0.660156 0.964844 0.660156 0.974609 0.653125 0.981445
0 0.929688 0.793945 0.906250 0.793945 0.894531 0.783203 0.891406 0.775391 0.891406 0.753906 0.894531 0.740234 0.900000 0.733398 0.907813 0.729492 0.925000 0.729492 0.928125 0.733398 0.942187 0.737305 0.950781 0.748047 0.953906 0.757812 0.950781 0.771484 0.940625 0.786133 0.929688 0.793945
0 0.350000 0.997070 0.309375 0.997070 0.305469 0.988281 0.303906 0.970703 0.308594 0.964844 0.308594 0.960938 0.321875 0.948242 0.345313 0.950195 0.357031 0.976562 0.357031 0.984375 0.350000 0.997070
0 0.581250 0.561523 0.548438 0.559570 0.527344 0.537109 0.525781 0.523438 0.528906 0.500000 0.543750 0.481445 0.567187 0.481445 0.589844 0.500000 0.592969 0.509766 0.592969 0.546875 0.581250 0.561523
0 0.518750 0.493164 0.507812 0.493164 0.501563 0.489258 0.489844 0.474609 0.486719 0.455078 0.496875 0.438477 0.515625 0.436523 0.527344 0.447266 0.528906 0.480469 0.527344 0.486328 0.518750 0.493164
0 0.742188 0.891602 0.725000 0.889648 0.698438 0.870117 0.691406 0.859375 0.691406 0.837891 0.696875 0.834961 0.703125 0.840820 0.709375 0.840820 0.718750 0.848633 0.726562 0.850586 0.734375 0.850586 0.739062 0.842773 0.750000 0.840820 0.757031 0.849609 0.758594 0.875000 0.754687 0.885742 0.742188 0.891602
0 0.612500 0.674805 0.601562 0.674805 0.589063 0.668945 0.575781 0.656250 0.569531 0.640625 0.569531 0.628906 0.572656 0.621094 0.579688 0.612305 0.584375 0.612305 0.596875 0.602539 0.609375 0.604492 0.620313 0.612305 0.636719 0.632812 0.636719 0.646484 0.632031 0.662109 0.625000 0.670898 0.612500 0.674805
0 0.359375 0.907227 0.351562 0.905273 0.341406 0.890625 0.336719 0.875000 0.338281 0.863281 0.353125 0.852539 0.381250 0.850586 0.389062 0.854492 0.394531 0.861328 0.392969 0.890625 0.381250 0.903320 0.359375 0.907227
0 0.982812 0.434570 0.967187 0.434570 0.954688 0.428711 0.949219 0.421875 0.942969 0.406250 0.941406 0.367188 0.946094 0.353516 0.960938 0.338867 0.979688 0.338867 0.992188 0.344727 0.997656 0.351562 0.997656 0.425781 0.992188 0.432617 0.982812 0.434570
0 0.851562 0.420898 0.835938 0.420898 0.825000 0.413086 0.810156 0.390625 0.811719 0.361328 0.817969 0.349609 0.826562 0.340820 0.846875 0.340820 0.857812 0.346680 0.867969 0.359375 0.874219 0.376953 0.874219 0.392578 0.871094 0.402344 0.864062 0.407227 0.859375 0.416992 0.851562 0.420898
0 0.168750 0.288086 0.139063 0.286133 0.126562 0.280273 0.102344 0.250000 0.100781 0.214844 0.103906 0.197266 0.118750 0.178711 0.142187 0.166992 0.184375 0.168945 0.203125 0.174805 0.217969 0.187500 0.221094 0.197266 0.221094 0.228516 0.214844 0.259766 0.198437 0.270508 0.192188 0.280273 0.185938 0.284180 0.168750 0.288086
0 0.271875 0.879883 0.243750 0.875977 0.231250 0.866211 0.221094 0.851562 0.217969 0.841797 0.217969 0.812500 0.221094 0.794922 0.232813 0.776367 0.248438 0.766602 0.295312 0.764648 0.307812 0.768555 0.321875 0.780273 0.327344 0.787109 0.330469 0.796875 0.332031 0.822266 0.327344 0.845703 0.309375 0.870117 0.303125 0.874023 0.271875 0.879883
0 0.516406 0.998047 0.511719 0.988281 0.511719 0.980469 0.516406 0.972656 0.519531 0.953125 0.535937 0.932617 0.550000 0.936523 0.566406 0.953125 0.572656 0.966797 0.572656 0.992188 0.569531 0.998047
0 0.998437 0.200195 0.987500 0.200195 0.975000 0.192383 0.971094 0.187500 0.971094 0.179688 0.967969 0.173828 0.971094 0.167969 0.969531 0.158203 0.974219 0.140625 0.982812 0.129883 0.998437 0.122070
