0 0.998563 0.645192 0.985632 0.639423 0.979167 0.630769 0.979167 0.617308 0.985632 0.608654 0.998563 0.606731
0 0.949713 0.314423 0.942529 0.314423 0.936782 0.310577 0.931753 0.303846 0.923132 0.280769 0.924569 0.263462 0.933908 0.252885 0.942529 0.254808 0.956178 0.280769 0.959052 0.305769 0.949713 0.314423
0 0.928161 0.974038 0.919540 0.974038 0.909483 0.968269 0.895833 0.950000 0.895833 0.938462 0.903736 0.927885 0.918103 0.931731 0.930316 0.944231 0.934626 0.963462 0.928161 0.974038
0 0.244253 0.174038 0.234195 0.172115 0.229167 0.167308 0.229167 0.142308 0.232040 0.134615 0.238506 0.127885 0.250000 0.127885 0.263649 0.138462 0.263649 0.148077 0.259339 0.163462 0.254310 0.170192 0.244253 0.174038
0 0.178161 0.997115 0.159483 0.997115 0.147989 0.991346 0.142960 0.984615 0.140086 0.975000 0.142960 0.961538 0.147989 0.954808 0.169540 0.954808 0.182471 0.962500 0.188937 0.971154 0.190374 0.982692 0.183908 0.995192 0.178161 0.997115
0 0.100575 0.441346 0.089080 0.441346 0.082615 0.432692 0.082615 0.409615 0.099138 0.381731 0.103448 0.377885 0.116379 0.377885 0.121408 0.384615 0.122845 0.401923 0.114224 0.426923 0.104885 0.439423 0.100575 0.441346
0 0.568966 0.268269 0.564655 0.268269 0.558908 0.260577 0.550287 0.260577 0.548132 0.257692 0.548132 0.250000 0.554598 0.241346 0.563218 0.235577 0.568966 0.235577 0.572557 0.240385 0.571121 0.265385 0.568966 0.268269
0 0.355603 0.998077 0.355603 0.984615 0.362069 0.972115 0.373563 0.974038 0.382184 0.983654 0.387931 0.985577 0.394397 0.994231 0.394397 0.998077
0 0.876437 0.620192 0.864943 0.618269 0.849138 0.600962 0.844109 0.592308 0.844109 0.580769 0.849138 0.575962 0.859195 0.577885 0.864943 0.587500 0.870690 0.589423 0.879310 0.599038 0.882902 0.603846 0.882902 0.609615 0.881466 0.615385 0.876437 0.620192
0 0.412356 0.841346 0.406609 0.841346 0.401580 0.836538 0.401580 0.823077 0.422414 0.795192 0.436782 0.793269 0.440374 0.798077 0.438937 0.813462 0.423851 0.835577 0.412356 0.841346
0 0.028736 0.610577 0.010057 0.610577 0.007902 0.607692 0.007902 0.588462 0.012213 0.576923 0.020115 0.566346 0.025862 0.560577 0.037356 0.558654 0.042385 0.565385 0.043822 0.594231 0.040230 0.600962 0.028736 0.610577
0 0.747126 0.599038 0.731322 0.599038 0.725575 0.595192 0.720546 0.586538 0.720546 0.576923 0.724856 0.565385 0.731322 0.558654 0.742816 0.552885 0.755747 0.552885 0.767960 0.563462 0.770833 0.576923 0.767960 0.584615 0.760057 0.593269 0.747126 0.599038
0 0.556034 0.304808 0.543103 0.302885 0.538075 0.288462 0.540948 0.269231 0.544540 0.264423 0.550287 0.264423 0.553161 0.260577 0.558908 0.260577 0.563937 0.267308 0.563937 0.296154 0.556034 0.304808
0 0.872126 0.891346 0.863506 0.889423 0.858477 0.880769 0.858477 0.838462 0.869253 0.818269 0.876437 0.818269 0.884339 0.826923 0.887213 0.859615 0.878592 0.884615 0.872126 0.891346
0 0.494253 0.912500 0.482759 0.904808 0.474856 0.888462 0.474856 0.876923 0.481322 0.870192 0.488506 0.870192 0.499282 0.886538 0.499282 0.903846 0.494253 0.912500
0 0.573276 0.827885 0.567529 0.827885 0.558190 0.821154 0.556753 0.794231 0.574713 0.770192 0.583333 0.770192 0.591236 0.782692 0.591236 0.794231 0.585489 0.817308 0.579023 0.825962 0.573276 0.827885
0 0.610632 0.368269 0.594828 0.368269 0.588362 0.357692 0.585489 0.336538 0.590517 0.327885 0.600575 0.325962 0.609195 0.331731 0.615661 0.342308 0.617098 0.357692 0.615661 0.363462 0.610632 0.368269
0 0.683190 0.998077 0.680316 0.982692 0.686782 0.970192 0.693966 0.970192 0.698276 0.975962 0.704741 0.986538 0.707615 0.998077
0 0.116379 0.362500 0.106322 0.362500 0.102730 0.357692 0.104167 0.336538 0.109195 0.327885 0.125000 0.314423 0.135057 0.316346 0.140086 0.325000 0.140086 0.334615 0.125000 0.356731 0.116379 0.362500
0 0.500000 0.839423 0.482759 0.829808 0.473420 0.811538 0.478448 0.806731 0.492816 0.812500 0.503592 0.826923 0.500000 0.839423
0 0.548851 0.093269 0.543103 0.093269 0.536638 0.086538 0.536638 0.069231 0.545259 0.042308 0.551724 0.033654 0.560345 0.031731 0.563937 0.036538 0.563937 0.055769 0.556753 0.082692 0.548851 0.093269
0 0.018678 0.660577 0.012931 0.660577 0.006466 0.651923 0.005029 0.640385 0.017241 0.622115 0.025862 0.620192 0.030891 0.626923 0.033764 0.638462 0.029454 0.650000 0.018678 0.660577
0 0.465517 0.614423 0.458333 0.614423 0.454023 0.610577 0.446121 0.596154 0.448994 0.548077 0.452586 0.541346 0.455460 0.541346 0.461925 0.551923 0.469109 0.575000 0.470546 0.605769 0.465517 0.614423
0 0.528736 0.993269 0.520115 0.993269 0.515086 0.986538 0.513649 0.963462 0.519397 0.948077 0.525862 0.939423 0.531609 0.933654 0.543103 0.931731 0.548132 0.940385 0.548132 0.953846 0.545259 0.957692 0.539511 0.982692 0.528736 0.993269
0 0.739943 0.129808 0.721264 0.125962 0.711925 0.111538 0.710489 0.096154 0.727011 0.093269 0.735632 0.085577 0.741379 0.087500 0.750718 0.103846 0.750718 0.115385 0.749282 0.121154 0.739943 0.129808
0 0.405172 0.543269 0.397989 0.543269 0.392960 0.538462 0.391523 0.523077 0.400144 0.505769 0.400144 0.498077 0.403017 0.492308 0.409483 0.483654 0.420977 0.481731 0.428879 0.490385 0.428879 0.509615 0.421695 0.525000 0.405172 0.543269
0 0.484195 0.127885 0.474138 0.127885 0.466236 0.115385 0.466236 0.100000 0.461925 0.094231 0.465517 0.087500 0.472701 0.087500 0.477011 0.083654 0.489943 0.083654 0.492098 0.086538 0.489224 0.113462 0.484195 0.127885
0 0.268678 0.910577 0.254310 0.906731 0.247845 0.896154 0.247845 0.873077 0.252874 0.866346 0.267241 0.862500 0.272989 0.866346 0.279454 0.876923 0.278017 0.898077 0.268678 0.910577
0 0.702586 0.512500 0.686782 0.510577 0.680316 0.498077 0.687500 0.469231 0.695402 0.460577 0.712644 0.462500 0.719109 0.476923 0.714799 0.500000 0.706897 0.510577 0.702586 0.512500
0 0.025862 0.472115 0.017241 0.470192 0.012213 0.463462 0.010776 0.421154 0.013649 0.413462 0.020115 0.406731 0.031609 0.406731 0.039511 0.417308 0.042385 0.426923 0.042385 0.442308 0.039511 0.455769 0.031609 0.468269 0.025862 0.472115
0 0.235632 0.820192 0.228448 0.820192 0.224856 0.813462 0.229885 0.806731 0.244253 0.799038 0.246408 0.801923 0.246408 0.811538 0.235632 0.820192
0 0.278736 0.804808 0.270833 0.800000 0.270833 0.790385 0.278736 0.777885 0.285920 0.777885 0.290230 0.774038 0.300287 0.774038 0.302443 0.776923 0.301006 0.786538 0.295977 0.793269 0.278736 0.804808
0 0.564655 0.522115 0.548851 0.520192 0.533046 0.512500 0.522270 0.500000 0.523707 0.490385 0.531609 0.481731 0.545977 0.481731 0.566092 0.493269 0.575431 0.505769 0.575431 0.509615 0.568966 0.520192 0.564655 0.522115
0 0.000000 0.697115 0.011494 0.699038 0.017960 0.711538 0.013649 0.732692 0.002874 0.745192 0.000000 0.745192
0 0.191092 0.608654 0.181034 0.608654 0.178879 0.605769 0.178879 0.582692 0.176724 0.579808 0.165230 0.581731 0.152299 0.577885 0.147270 0.571154 0.147270 0.565385 0.153736 0.560577 0.163793 0.560577 0.178161 0.570192 0.185345 0.566346 0.212644 0.570192 0.216236 0.576923 0.214799 0.588462 0.191092 0.608654
0 0.077586 0.049038 0.063218 0.047115 0.059626 0.036538 0.062500 0.015385 0.070402 0.008654 0.083333 0.010577 0.085489 0.013462 0.085489 0.036538 0.082615 0.044231 0.077586 0.049038
0 0.831897 0.400962 0.818966 0.397115 0.806753 0.382692 0.802443 0.361538 0.803161 0.331731 0.810345 0.329808 0.839799 0.369231 0.839799 0.388462 0.838362 0.394231 0.831897 0.400962
0 0.052443 0.000000 0.051006 0.017308 0.043103 0.029808 0.035920 0.029808 0.029454 0.021154 0.029454 0.000000
0 0.915230 0.322115 0.902299 0.322115 0.895833 0.309615 0.898707 0.288462 0.908046 0.277885 0.916667 0.277885 0.924569 0.288462 0.924569 0.311538 0.919540 0.320192 0.915230 0.322115
0 0.114943 0.852885 0.104885 0.850962 0.098420 0.838462 0.099856 0.825000 0.103448 0.820192 0.109195 0.822115 0.119971 0.836538 0.119971 0.848077 0.114943 0.852885
0 0.998563 0.339423 0.988506 0.349038 0.969828 0.350962 0.960489 0.336538 0.960489 0.326923 0.964080 0.320192 0.981322 0.322115 0.987069 0.316346 0.992816 0.316346 0.996408 0.321154 0.998563 0.333654
0 0.787356 0.108654 0.774425 0.104808 0.769397 0.096154 0.769397 0.088462 0.776580 0.065385 0.783046 0.056731 0.794540 0.056731 0.801006 0.067308 0.801006 0.086538 0.799569 0.092308 0.787356 0.108654
0 0.204023 0.670192 0.189655 0.670192 0.183190 0.659615 0.181753 0.646154 0.184626 0.636538 0.189655 0.629808 0.198276 0.624038 0.212644 0.624038 0.223420 0.632692 0.224856 0.648077 0.221264 0.654808 0.204023 0.670192
0 0.285920 0.387500 0.281609 0.387500 0.274425 0.381731 0.260057 0.379808 0.257902 0.371154 0.265805 0.362500 0.285920 0.364423 0.289511 0.369231 0.289511 0.382692 0.285920 0.387500
0 0.708333 0.958654 0.702586 0.956731 0.697557 0.948077 0.697557 0.917308 0.701868 0.903846 0.711207 0.899038 0.720546 0.915385 0.720546 0.930769 0.716236 0.948077 0.708333 0.958654
0 0.410920 0.693269 0.402299 0.689423 0.385776 0.669231 0.382902 0.661538 0.381466 0.646154 0.384339 0.638462 0.390805 0.631731 0.399425 0.631731 0.403736 0.635577 0.415948 0.655769 0.418822 0.682692 0.410920 0.693269
0 0.590517 0.681731 0.581897 0.681731 0.576868 0.675000 0.573994 0.669231 0.576868 0.655769 0.586207 0.641346 0.596264 0.633654 0.613506 0.633654 0.617098 0.640385 0.615661 0.657692 0.603448 0.672115 0.590517 0.681731
0 0.719828 0.227885 0.711207 0.225962 0.703305 0.215385 0.703305 0.201923 0.707615 0.180769 0.715517 0.172115 0.725575 0.172115 0.733477 0.186538 0.733477 0.209615 0.727730 0.221154 0.719828 0.227885
0 0.403736 0.175962 0.395115 0.174038 0.390086 0.165385 0.390086 0.159615 0.392960 0.151923 0.397989 0.147115 0.410920 0.147115 0.415948 0.153846 0.415948 0.167308 0.412356 0.172115 0.403736 0.175962
0 0.229885 0.689423 0.209770 0.687500 0.206178 0.682692 0.207615 0.667308 0.219828 0.654808 0.224138 0.654808 0.231322 0.649038 0.241379 0.650962 0.246408 0.655769 0.244971 0.675000 0.237069 0.685577 0.229885 0.689423
0 0.955460 0.164423 0.946839 0.162500 0.937500 0.151923 0.937500 0.144231 0.941092 0.137500 0.954023 0.135577 0.963362 0.144231 0.963362 0.157692 0.955460 0.164423
0 0.900862 0.522115 0.877874 0.522115 0.867816 0.518269 0.852730 0.505769 0.852730 0.494231 0.869253 0.472115 0.880747 0.470192 0.895115 0.481731 0.902299 0.483654 0.910201 0.492308 0.911638 0.505769 0.907328 0.515385 0.900862 0.522115
0 0.655172 0.860577 0.640805 0.856731 0.632902 0.840385 0.632902 0.828846 0.635776 0.821154 0.643678 0.810577 0.652299 0.804808 0.665230 0.808654 0.670259 0.819231 0.671695 0.828846 0.663075 0.851923 0.655172 0.860577
0 0.938218 0.383654 0.919540 0.379808 0.910201 0.369231 0.908764 0.332692 0.912356 0.327885 0.926724 0.331731 0.933190 0.340385 0.937500 0.365385 0.940374 0.369231 0.940374 0.380769 0.938218 0.383654
0 0.405172 0.300962 0.395115 0.300962 0.385057 0.295192 0.380029 0.288462 0.381466 0.276923 0.387931 0.268269 0.408046 0.266346 0.423132 0.278846 0.421695 0.288462 0.415230 0.297115 0.405172 0.300962
0 0.518678 0.300962 0.507184 0.299038 0.503592 0.294231 0.505029 0.278846 0.507902 0.271154 0.514368 0.264423 0.533046 0.262500 0.536638 0.269231 0.535201 0.290385 0.531609 0.297115 0.518678 0.300962
0 0.604885 0.935577 0.600575 0.935577 0.585489 0.915385 0.588362 0.888462 0.597701 0.872115 0.612069 0.875962 0.617098 0.882692 0.621408 0.898077 0.617098 0.921154 0.604885 0.935577
0 0.281609 0.499038 0.270115 0.497115 0.265086 0.484615 0.256466 0.478846 0.255029 0.467308 0.262931 0.454808 0.270115 0.450962 0.280172 0.450962 0.282328 0.453846 0.286638 0.467308 0.286638 0.490385 0.281609 0.499038
0 0.774425 0.158654 0.767241 0.156731 0.762213 0.148077 0.762213 0.142308 0.767241 0.133654 0.778736 0.135577 0.780891 0.138462 0.780891 0.151923 0.774425 0.158654
0 0.674569 0.000000 0.676006 0.013462 0.669540 0.027885 0.659483 0.027885 0.657328 0.025000 0.654454 0.000000
0 0.484195 0.200962 0.468391 0.199038 0.459052 0.184615 0.459052 0.175000 0.463362 0.165385 0.475575 0.154808 0.479885 0.154808 0.494971 0.178846 0.494971 0.192308 0.489943 0.199038 0.484195 0.200962
0 0.237787 0.998077 0.237787 0.976923 0.244253 0.970192 0.252874 0.970192 0.258621 0.974038 0.266523 0.986538 0.266523 0.998077
0 0.354885 0.375962 0.344828 0.374038 0.338362 0.363462 0.336925 0.334615 0.338362 0.328846 0.343391 0.324038 0.367816 0.325962 0.377155 0.336538 0.378592 0.342308 0.378592 0.346154 0.368534 0.355769 0.368534 0.363462 0.362069 0.372115 0.354885 0.375962
0 0.653736 0.470192 0.637931 0.468269 0.630029 0.461538 0.627155 0.453846 0.627155 0.426923 0.632184 0.418269 0.645115 0.418269 0.655891 0.432692 0.658764 0.444231 0.658764 0.457692 0.657328 0.465385 0.653736 0.470192
0 0.614943 0.783654 0.606322 0.783654 0.604167 0.780769 0.599856 0.771154 0.599856 0.753846 0.608477 0.728846 0.614943 0.720192 0.625000 0.720192 0.631466 0.732692 0.634339 0.746154 0.634339 0.761538 0.627874 0.774038 0.614943 0.783654
0 0.439655 0.599038 0.431034 0.599038 0.423132 0.592308 0.423132 0.571154 0.430316 0.550000 0.436782 0.543269 0.443966 0.543269 0.448994 0.548077 0.448994 0.571154 0.446121 0.590385 0.439655 0.599038
0 0.584770 0.474038 0.568966 0.474038 0.561063 0.467308 0.559626 0.455769 0.555316 0.450000 0.555316 0.446154 0.556753 0.438462 0.561782 0.431731 0.570402 0.431731 0.589799 0.448077 0.591236 0.463462 0.584770 0.474038
0 0.633621 0.974038 0.623563 0.974038 0.614224 0.953846 0.614224 0.932692 0.617098 0.913462 0.625000 0.902885 0.632184 0.904808 0.640086 0.917308 0.642960 0.926923 0.641523 0.965385 0.633621 0.974038
0 0.362069 0.564423 0.352011 0.562500 0.342672 0.550000 0.342672 0.544231 0.339799 0.540385 0.339799 0.525000 0.350575 0.506731 0.360632 0.508654 0.367098 0.517308 0.372845 0.536538 0.371408 0.553846 0.362069 0.564423
0 0.811782 0.785577 0.800287 0.785577 0.788075 0.771154 0.780891 0.750000 0.780891 0.736538 0.784483 0.731731 0.797414 0.731731 0.804598 0.735577 0.809626 0.742308 0.815374 0.767308 0.815374 0.780769 0.811782 0.785577
0 0.998563 0.739423 0.989224 0.728846 0.984914 0.715385 0.987787 0.698077 0.994253 0.691346 0.998563 0.691346
0 0.090517 0.114423 0.081897 0.114423 0.073994 0.105769 0.069684 0.092308 0.069684 0.078846 0.074713 0.072115 0.087644 0.072115 0.095546 0.080769 0.096983 0.101923 0.090517 0.114423
0 0.389368 0.129808 0.382184 0.129808 0.374282 0.119231 0.374282 0.098077 0.380029 0.080769 0.390805 0.064423 0.395115 0.060577 0.403736 0.060577 0.411638 0.071154 0.411638 0.100000 0.404454 0.115385 0.396552 0.125962 0.389368 0.129808
0 0.800287 0.733654 0.787356 0.731731 0.788075 0.725000 0.779454 0.711538 0.778017 0.690385 0.783046 0.679808 0.800287 0.677885 0.813937 0.696154 0.812500 0.717308 0.800287 0.733654
0 0.487787 0.000000 0.474856 0.034615 0.466954 0.045192 0.461207 0.045192 0.457615 0.040385 0.456178 0.025000 0.459052 0.011538 0.466236 0.000000
0 0.337644 0.474038 0.330460 0.472115 0.313937 0.450000 0.312500 0.442308 0.314655 0.439423 0.326149 0.443269 0.334052 0.451923 0.339799 0.465385 0.337644 0.474038
0 0.284483 0.099038 0.267241 0.099038 0.254310 0.093269 0.250718 0.088462 0.250718 0.067308 0.264368 0.049038 0.275862 0.049038 0.281609 0.052885 0.287356 0.062500 0.295977 0.058654 0.306034 0.058654 0.313937 0.065385 0.315374 0.075000 0.313218 0.077885 0.291667 0.075962 0.289511 0.078846 0.289511 0.092308 0.284483 0.099038
0 0.176724 0.958654 0.169540 0.954808 0.152299 0.954808 0.142960 0.942308 0.142960 0.917308 0.146552 0.912500 0.159483 0.912500 0.177443 0.928846 0.181753 0.938462 0.181753 0.950000 0.176724 0.958654
0 0.695402 0.054808 0.679598 0.054808 0.673132 0.048077 0.673132 0.034615 0.678161 0.024038 0.685345 0.024038 0.693966 0.018269 0.704023 0.018269 0.714799 0.030769 0.714799 0.036538 0.708333 0.049038 0.695402 0.054808
0 0.706897 0.668269 0.693247 0.659615 0.690374 0.644231 0.696839 0.631731 0.704023 0.629808 0.707615 0.634615 0.707615 0.644231 0.703305 0.650000 0.709052 0.657692 0.709052 0.665385 0.706897 0.668269
0 0.998563 0.370192 0.989224 0.348077 0.998563 0.339423
0 0.117816 0.139423 0.103448 0.131731 0.096983 0.121154 0.096983 0.109615 0.100575 0.102885 0.116379 0.102885 0.124282 0.113462 0.124282 0.132692 0.117816 0.139423
0 0.794540 0.375962 0.780172 0.372115 0.772270 0.355769 0.772270 0.323077 0.775144 0.311538 0.780172 0.304808 0.788793 0.304808 0.794540 0.308654 0.802443 0.323077 0.802443 0.361538 0.794540 0.375962
0 0.541667 0.566346 0.514368 0.564423 0.503592 0.553846 0.497845 0.542308 0.496408 0.530769 0.505747 0.520192 0.512931 0.520192 0.525862 0.525962 0.546695 0.550000 0.546695 0.561538 0.541667 0.566346
0 0.000000 0.247115 0.006466 0.253846 0.006466 0.259615 0.009339 0.263462 0.007902 0.286538 0.000000 0.291346
0 0.252874 0.262500 0.239943 0.258654 0.236351 0.250000 0.238506 0.247115 0.245690 0.247115 0.251437 0.250962 0.255029 0.255769 0.252874 0.262500
0 0.313218 0.689423 0.304598 0.689423 0.299569 0.682692 0.298132 0.663462 0.302443 0.651923 0.313218 0.637500 0.330460 0.635577 0.335489 0.644231 0.334052 0.667308 0.326149 0.679808 0.313218 0.689423
0 0.923851 0.802885 0.910920 0.797115 0.897270 0.778846 0.897270 0.769231 0.900144 0.761538 0.908046 0.750962 0.916667 0.750962 0.918822 0.759615 0.928879 0.776923 0.930316 0.796154 0.923851 0.802885
0 0.471264 0.418269 0.459052 0.405769 0.461925 0.390385 0.469828 0.379808 0.475575 0.375962 0.489943 0.375962 0.495690 0.377885 0.505029 0.388462 0.506466 0.400000 0.501437 0.406731 0.471264 0.418269
0 0.195402 0.145192 0.181034 0.143269 0.173132 0.130769 0.173132 0.119231 0.185345 0.110577 0.208333 0.112500 0.214799 0.123077 0.213362 0.128846 0.205460 0.139423 0.195402 0.145192
0 0.610632 0.227885 0.604885 0.227885 0.599856 0.223077 0.596983 0.213462 0.596983 0.196154 0.606322 0.179808 0.616379 0.177885 0.628592 0.188462 0.630029 0.200000 0.624282 0.213462 0.610632 0.227885
0 0.225575 0.491346 0.208333 0.491346 0.199713 0.487500 0.197557 0.484615 0.197557 0.467308 0.204023 0.460577 0.209770 0.460577 0.225575 0.474038 0.231322 0.474038 0.234914 0.482692 0.231322 0.489423 0.225575 0.491346
0 0.465517 0.272115 0.451149 0.272115 0.446121 0.265385 0.446121 0.255769 0.458333 0.237500 0.465517 0.231731 0.482759 0.231731 0.486351 0.238462 0.484914 0.253846 0.475575 0.266346 0.465517 0.272115
0 0.968391 0.356731 0.964080 0.356731 0.954741 0.342308 0.958333 0.335577 0.970546 0.351923 0.968391 0.356731
0 0.935345 0.729808 0.923851 0.727885 0.915948 0.715385 0.914511 0.688462 0.923851 0.679808 0.929598 0.679808 0.936782 0.689423 0.942529 0.691346 0.951868 0.707692 0.951868 0.715385 0.935345 0.729808
0 0.376437 0.804808 0.368534 0.794231 0.368534 0.776923 0.379310 0.758654 0.387931 0.750962 0.396552 0.749038 0.401580 0.759615 0.403017 0.776923 0.387931 0.789423 0.376437 0.804808
0 0.303161 0.881731 0.291667 0.879808 0.280891 0.863462 0.278017 0.851923 0.278017 0.830769 0.280891 0.821154 0.285920 0.814423 0.300287 0.814423 0.306753 0.821154 0.311063 0.832692 0.312500 0.863462 0.303161 0.881731
0 0.877874 0.229808 0.857759 0.227885 0.854167 0.223077 0.852730 0.209615 0.862069 0.187500 0.877874 0.183654 0.881466 0.188462 0.885776 0.211538 0.884339 0.221154 0.877874 0.229808
0 0.219828 0.027885 0.192529 0.025962 0.190374 0.023077 0.190374 0.013462 0.195402 0.006731 0.208333 0.000962 0.221264 0.000962 0.232759 0.006731 0.236351 0.011538 0.235632 0.022115 0.224138 0.024038 0.219828 0.027885
0 0.147989 0.856731 0.142241 0.856731 0.132184 0.849038 0.128592 0.844231 0.128592 0.834615 0.143678 0.812500 0.150862 0.806731 0.155172 0.806731 0.161638 0.813462 0.165948 0.825000 0.165948 0.832692 0.153017 0.853846 0.147989 0.856731
0 0.073276 0.308654 0.064655 0.306731 0.059626 0.300000 0.059626 0.284615 0.071839 0.266346 0.077586 0.262500 0.093391 0.260577 0.102730 0.271154 0.101293 0.286538 0.086207 0.304808 0.073276 0.308654
0 0.096264 0.720192 0.081897 0.720192 0.076868 0.713462 0.076868 0.682692 0.083333 0.668269 0.096264 0.668269 0.104167 0.680769 0.101293 0.713462 0.096264 0.720192
0 0.424569 0.998077 0.420259 0.986538 0.420259 0.973077 0.429598 0.964423 0.435345 0.964423 0.444684 0.975000 0.448994 0.998077
0 0.257184 0.452885 0.247126 0.452885 0.244971 0.450000 0.244971 0.432692 0.262931 0.412500 0.277299 0.410577 0.279454 0.413462 0.279454 0.423077 0.276580 0.432692 0.265805 0.449038 0.257184 0.452885
0 0.530172 0.358654 0.514368 0.358654 0.509339 0.351923 0.507902 0.336538 0.518678 0.322115 0.531609 0.322115 0.540948 0.328846 0.540948 0.346154 0.534483 0.356731 0.530172 0.358654
0 0.137931 0.816346 0.127155 0.811538 0.122845 0.794231 0.122845 0.786538 0.135057 0.775962 0.141523 0.782692 0.144397 0.796154 0.142960 0.807692 0.137931 0.816346
0 0.672414 0.956731 0.663793 0.956731 0.658764 0.948077 0.657328 0.921154 0.665230 0.908654 0.670977 0.904808 0.679598 0.904808 0.686063 0.913462 0.686063 0.923077 0.680316 0.948077 0.672414 0.956731
0 0.086207 0.831731 0.077586 0.831731 0.069684 0.823077 0.069684 0.805769 0.076149 0.799038 0.100575 0.793269 0.104167 0.798077 0.104167 0.815385 0.093391 0.829808 0.086207 0.831731
0 0.719828 0.808654 0.704023 0.808654 0.694684 0.801923 0.686063 0.782692 0.684626 0.759615 0.686782 0.756731 0.696839 0.754808 0.706897 0.760577 0.720546 0.780769 0.721983 0.805769 0.719828 0.808654
0 0.500000 0.652885 0.492816 0.652885 0.484914 0.648077 0.484914 0.623077 0.500000 0.606731 0.522989 0.608654 0.526580 0.613462 0.525144 0.630769 0.505747 0.650962 0.500000 0.652885
0 0.786638 0.000000 0.783764 0.007692 0.775862 0.016346 0.757184 0.016346 0.749282 0.005769 0.747845 0.000000
0 0.297414 0.458654 0.290230 0.458654 0.286638 0.451923 0.288075 0.425000 0.293822 0.403846 0.295977 0.400962 0.304598 0.400962 0.312500 0.411538 0.312500 0.432692 0.306753 0.448077 0.297414 0.458654
0 0.521552 0.689423 0.505747 0.687500 0.502155 0.682692 0.502155 0.659615 0.505029 0.651923 0.520115 0.635577 0.537356 0.639423 0.543822 0.648077 0.542385 0.665385 0.528736 0.685577 0.521552 0.689423
0 0.123563 0.983654 0.116379 0.983654 0.104885 0.977885 0.096264 0.968269 0.084770 0.962500 0.081178 0.955769 0.082615 0.950000 0.093391 0.945192 0.109195 0.945192 0.121408 0.961538 0.125718 0.978846 0.123563 0.983654
0 0.947557 0.998077 0.946121 0.988462 0.952586 0.979808 0.966954 0.981731 0.981322 0.993269 0.983477 0.998077
0 0.033046 0.975962 0.022989 0.974038 0.009339 0.957692 0.002155 0.930769 0.002155 0.923077 0.007184 0.912500 0.021552 0.914423 0.028017 0.928846 0.033764 0.934615 0.035201 0.973077 0.033046 0.975962
0 0.669540 0.441346 0.659483 0.439423 0.653017 0.428846 0.651580 0.421154 0.641523 0.407692 0.640086 0.394231 0.643678 0.387500 0.655172 0.385577 0.665948 0.400000 0.673132 0.426923 0.673132 0.434615 0.669540 0.441346
0 0.260057 0.054808 0.239943 0.052885 0.221264 0.043269 0.217672 0.038462 0.217672 0.028846 0.224138 0.024038 0.234195 0.022115 0.260057 0.022115 0.268678 0.025962 0.272270 0.032692 0.272270 0.044231 0.260057 0.054808
0 0.117816 0.725962 0.106322 0.724038 0.101293 0.713462 0.104167 0.680769 0.108477 0.669231 0.116379 0.660577 0.123563 0.662500 0.132902 0.678846 0.130029 0.711538 0.123563 0.722115 0.117816 0.725962
0 0.373563 0.404808 0.366379 0.404808 0.361351 0.398077 0.361351 0.378846 0.368534 0.363462 0.368534 0.355769 0.373563 0.349038 0.382184 0.345192 0.390805 0.347115 0.395833 0.353846 0.395833 0.361538 0.391523 0.371154 0.388649 0.388462 0.382184 0.399038 0.373563 0.404808
0 0.797414 0.456731 0.784483 0.454808 0.770115 0.433654 0.764368 0.431731 0.757902 0.423077 0.755029 0.417308 0.755029 0.407692 0.761494 0.397115 0.772989 0.395192 0.784483 0.400962 0.795259 0.415385 0.801006 0.425000 0.803879 0.436538 0.803879 0.448077 0.797414 0.456731
0 0.998563 0.272115 0.988506 0.270192 0.980603 0.261538 0.980603 0.250000 0.983477 0.244231 0.989943 0.237500 0.998563 0.237500
0 0.747126 0.910577 0.735632 0.908654 0.724856 0.894231 0.721983 0.886538 0.720546 0.863462 0.723420 0.855769 0.729885 0.849038 0.742816 0.850962 0.749282 0.857692 0.753592 0.867308 0.755029 0.896154 0.747126 0.910577
0 0.310345 0.374038 0.306034 0.374038 0.299569 0.363462 0.299569 0.348077 0.303161 0.343269 0.326149 0.343269 0.331178 0.350000 0.329741 0.361538 0.310345 0.374038
0 0.472701 0.708654 0.458333 0.706731 0.450431 0.698077 0.451868 0.671154 0.455460 0.666346 0.469828 0.658654 0.478448 0.662500 0.486351 0.676923 0.484914 0.694231 0.472701 0.708654
0 0.181034 0.439423 0.173851 0.437500 0.167385 0.428846 0.165948 0.415385 0.168822 0.396154 0.174569 0.380769 0.183908 0.368269 0.189655 0.366346 0.198994 0.375000 0.198994 0.407692 0.190374 0.430769 0.181034 0.439423
0 0.295977 0.956731 0.284483 0.956731 0.276580 0.950000 0.275144 0.923077 0.276580 0.917308 0.284483 0.910577 0.297414 0.910577 0.305316 0.923077 0.303879 0.946154 0.295977 0.956731
0 0.057471 0.920192 0.037356 0.918269 0.032328 0.911538 0.032328 0.892308 0.035920 0.887500 0.043103 0.885577 0.058908 0.887500 0.065374 0.900000 0.065374 0.909615 0.057471 0.920192
0 0.405172 0.204808 0.393678 0.202885 0.391523 0.200000 0.390086 0.190385 0.395115 0.183654 0.423851 0.170192 0.426724 0.170192 0.434626 0.180769 0.434626 0.188462 0.429598 0.197115 0.405172 0.204808
0 0.000000 0.110577 0.005747 0.112500 0.016523 0.128846 0.016523 0.136538 0.012213 0.148077 0.004310 0.158654 0.000000 0.158654
0 0.718391 0.095192 0.692529 0.093269 0.687500 0.088462 0.687500 0.078846 0.699713 0.062500 0.708333 0.056731 0.716954 0.054808 0.735632 0.060577 0.739224 0.065385 0.739224 0.078846 0.731322 0.091346 0.718391 0.095192
0 0.030172 0.108654 0.017960 0.096154 0.016523 0.082692 0.027299 0.056731 0.038793 0.056731 0.049569 0.071154 0.049569 0.080769 0.043822 0.098077 0.038793 0.104808 0.030172 0.108654
0 0.820402 0.270192 0.803161 0.266346 0.789511 0.246154 0.788075 0.225000 0.793103 0.216346 0.818966 0.216346 0.828305 0.226923 0.835489 0.244231 0.835489 0.251923 0.824713 0.268269 0.820402 0.270192
0 0.461207 0.995192 0.456897 0.995192 0.448276 0.985577 0.441810 0.971154 0.441810 0.953846 0.446839 0.949038 0.456897 0.952885 0.466236 0.965385 0.467672 0.990385 0.461207 0.995192
0 0.383621 0.466346 0.366379 0.466346 0.362069 0.462500 0.357040 0.451923 0.357040 0.436538 0.359914 0.426923 0.372126 0.412500 0.377874 0.408654 0.395115 0.408654 0.401580 0.421154 0.401580 0.444231 0.393678 0.458654 0.383621 0.466346
0 0.237069 0.516346 0.204023 0.516346 0.198994 0.509615 0.198994 0.503846 0.208333 0.491346 0.232759 0.489423 0.239224 0.498077 0.239224 0.513462 0.237069 0.516346
0 0.748563 0.799038 0.739943 0.797115 0.719109 0.773077 0.719109 0.750000 0.725575 0.739423 0.737069 0.739423 0.744253 0.743269 0.753592 0.755769 0.759339 0.776923 0.759339 0.788462 0.755747 0.795192 0.748563 0.799038
0 0.380747 0.833654 0.376437 0.831731 0.372845 0.825000 0.375718 0.805769 0.387931 0.789423 0.400862 0.777885 0.412356 0.774038 0.417385 0.784615 0.414511 0.800000 0.393678 0.825962 0.380747 0.833654
0 0.998563 0.516346 0.995690 0.522115 0.989943 0.524038 0.977011 0.522115 0.964799 0.501923 0.967672 0.486538 0.975575 0.475962 0.985632 0.477885 0.989224 0.484615 0.989224 0.490385 0.998563 0.495192
0 0.142960 0.000000 0.144397 0.023077 0.135057 0.029808 0.129310 0.029808 0.119971 0.017308 0.117098 0.009615 0.117098 0.000000
0 0.711207 0.291346 0.699713 0.291346 0.694684 0.284615 0.694684 0.251923 0.701149 0.239423 0.712644 0.241346 0.719109 0.255769 0.719109 0.278846 0.716236 0.286538 0.711207 0.291346
0 0.567529 0.137500 0.560345 0.137500 0.555316 0.128846 0.553879 0.119231 0.561063 0.088462 0.567529 0.079808 0.571839 0.079808 0.578305 0.092308 0.578305 0.115385 0.573994 0.128846 0.567529 0.137500
0 0.673851 0.297115 0.660920 0.297115 0.653017 0.290385 0.653017 0.267308 0.663793 0.247115 0.678161 0.250962 0.687500 0.265385 0.686063 0.284615 0.673851 0.297115
0 0.527299 0.866346 0.521552 0.866346 0.513649 0.857692 0.509339 0.840385 0.512213 0.826923 0.509339 0.815385 0.518678 0.804808 0.531609 0.806731 0.538075 0.815385 0.542385 0.828846 0.539511 0.850000 0.527299 0.866346
0 0.370690 0.920192 0.364224 0.917308 0.361351 0.905769 0.354167 0.896154 0.354167 0.888462 0.367816 0.870192 0.375000 0.864423 0.379310 0.864423 0.387213 0.875000 0.384339 0.900000 0.380029 0.911538 0.370690 0.920192
0 0.929598 0.895192 0.919540 0.891346 0.911638 0.880769 0.908764 0.871154 0.913075 0.848077 0.925287 0.837500 0.933908 0.837500 0.941810 0.848077 0.941810 0.859615 0.937500 0.873077 0.936063 0.888462 0.929598 0.895192
0 0.829023 0.702885 0.820402 0.702885 0.814655 0.699038 0.808190 0.686538 0.808190 0.651923 0.813218 0.643269 0.827586 0.652885 0.838362 0.675000 0.836925 0.694231 0.829023 0.702885
0 0.216954 0.304808 0.212644 0.304808 0.204741 0.290385 0.206178 0.271154 0.210489 0.255769 0.214080 0.250962 0.229885 0.249038 0.233477 0.253846 0.233477 0.269231 0.229167 0.290385 0.222701 0.300962 0.216954 0.304808
0 0.043103 0.783654 0.027299 0.775962 0.023707 0.771154 0.023707 0.759615 0.026580 0.750000 0.038793 0.733654 0.047414 0.729808 0.056034 0.731731 0.065374 0.742308 0.066810 0.761538 0.056034 0.777885 0.043103 0.783654
0 0.333333 0.754808 0.321839 0.754808 0.308190 0.740385 0.306753 0.728846 0.311063 0.717308 0.320402 0.706731 0.337644 0.706731 0.348420 0.719231 0.348420 0.736538 0.341954 0.749038 0.333333 0.754808
0 0.964080 0.204808 0.945402 0.202885 0.940374 0.198077 0.938937 0.188462 0.942529 0.181731 0.954023 0.175962 0.961207 0.166346 0.978448 0.160577 0.986351 0.175000 0.984914 0.188462 0.979885 0.195192 0.964080 0.204808
0 0.800287 0.039423 0.794540 0.037500 0.790948 0.032692 0.789511 0.019231 0.794540 0.010577 0.807471 0.010577 0.815374 0.023077 0.815374 0.026923 0.810345 0.033654 0.800287 0.039423
0 0.712644 0.462500 0.698276 0.460577 0.691810 0.451923 0.687500 0.440385 0.687500 0.417308 0.691092 0.410577 0.709770 0.410577 0.716236 0.419231 0.717672 0.455769 0.712644 0.462500
0 0.080460 0.641346 0.071839 0.641346 0.065374 0.632692 0.063937 0.621154 0.073994 0.596154 0.081897 0.585577 0.087644 0.581731 0.094828 0.581731 0.101293 0.590385 0.101293 0.609615 0.092672 0.630769 0.080460 0.641346
0 0.093391 0.345192 0.081897 0.343269 0.076868 0.336538 0.076868 0.325000 0.093391 0.300962 0.107759 0.289423 0.112069 0.289423 0.118534 0.301923 0.118534 0.319231 0.109195 0.327885 0.102011 0.341346 0.093391 0.345192
0 0.885057 0.375962 0.866379 0.370192 0.859914 0.359615 0.864224 0.325000 0.870690 0.316346 0.883621 0.314423 0.892960 0.328846 0.891523 0.367308 0.885057 0.375962
0 0.198276 0.822115 0.192529 0.822115 0.178161 0.814423 0.165948 0.798077 0.163075 0.775000 0.169540 0.766346 0.175287 0.764423 0.183908 0.770192 0.200431 0.792308 0.204741 0.803846 0.204741 0.815385 0.198276 0.822115
0 0.212644 0.410577 0.201149 0.410577 0.198994 0.407692 0.198994 0.373077 0.209770 0.366346 0.228448 0.368269 0.232040 0.373077 0.232040 0.382692 0.226293 0.396154 0.212644 0.410577
0 0.252874 0.377885 0.245690 0.377885 0.239224 0.371154 0.237787 0.350000 0.248563 0.329808 0.260057 0.320192 0.267241 0.318269 0.276580 0.330769 0.276580 0.338462 0.272270 0.344231 0.270833 0.353846 0.272270 0.361538 0.262931 0.364423 0.257902 0.371154 0.257902 0.375000 0.252874 0.377885
0 0.057471 0.152885 0.047414 0.150962 0.030891 0.136538 0.026580 0.113462 0.031609 0.106731 0.040230 0.102885 0.044540 0.110577 0.048851 0.112500 0.062500 0.128846 0.063937 0.146154 0.057471 0.152885
0 0.724138 0.325962 0.718391 0.325962 0.713362 0.317308 0.713362 0.300000 0.716236 0.284615 0.729885 0.266346 0.739943 0.264423 0.743534 0.271154 0.742098 0.298077 0.736351 0.315385 0.724138 0.325962
0 0.409483 0.933654 0.400862 0.933654 0.395833 0.926923 0.401580 0.896154 0.408046 0.885577 0.413793 0.887500 0.417385 0.892308 0.414511 0.925000 0.409483 0.933654
0 0.627874 0.350962 0.622126 0.350962 0.619971 0.348077 0.621408 0.334615 0.627155 0.323077 0.635776 0.315385 0.638649 0.301923 0.649425 0.285577 0.653017 0.286538 0.653017 0.294231 0.656609 0.300962 0.660920 0.297115 0.668103 0.297115 0.677443 0.311538 0.678879 0.325000 0.675287 0.331731 0.666667 0.333654 0.656609 0.322115 0.649425 0.337500 0.639368 0.347115 0.627874 0.350962
0 0.968391 0.791346 0.959770 0.791346 0.943966 0.781731 0.933190 0.767308 0.930316 0.755769 0.931753 0.750000 0.936782 0.743269 0.948276 0.743269 0.965517 0.758654 0.973420 0.769231 0.973420 0.782692 0.968391 0.791346
0 0.853448 0.175962 0.836207 0.164423 0.829741 0.153846 0.831178 0.148077 0.837644 0.141346 0.849138 0.139423 0.853448 0.135577 0.873563 0.135577 0.878592 0.142308 0.878592 0.153846 0.873563 0.160577 0.853448 0.175962
0 0.998563 0.929808 0.993534 0.921154 0.993534 0.903846 0.998563 0.897115
0 0.396552 0.400962 0.392241 0.400962 0.388649 0.396154 0.388649 0.382692 0.394397 0.363462 0.396552 0.360577 0.402299 0.360577 0.405891 0.365385 0.405891 0.378846 0.401580 0.394231 0.396552 0.400962
0 0.829741 0.998077 0.833333 0.991346 0.841954 0.991346 0.845546 0.998077
0 0.057471 0.549038 0.050287 0.547115 0.036638 0.530769 0.035201 0.519231 0.037356 0.516346 0.048851 0.520192 0.059626 0.534615 0.061063 0.544231 0.057471 0.549038
0 0.533046 0.260577 0.525144 0.255769 0.526580 0.223077 0.529454 0.215385 0.537356 0.206731 0.545977 0.206731 0.553879 0.215385 0.556753 0.230769 0.549569 0.248077 0.541667 0.258654 0.533046 0.260577
0 0.333333 0.183654 0.320402 0.183654 0.315374 0.178846 0.313937 0.150000 0.318247 0.138462 0.330460 0.124038 0.344828 0.124038 0.351293 0.130769 0.349856 0.153846 0.346983 0.163462 0.333333 0.183654
0 0.599138 0.297115 0.586207 0.295192 0.576868 0.282692 0.576868 0.276923 0.583333 0.262500 0.594828 0.256731 0.606322 0.256731 0.619971 0.267308 0.622845 0.280769 0.616379 0.289423 0.599138 0.297115
0 0.231322 0.800962 0.215517 0.797115 0.206178 0.782692 0.204741 0.759615 0.206178 0.753846 0.215517 0.743269 0.228448 0.749038 0.236351 0.761538 0.239224 0.775000 0.239224 0.790385 0.231322 0.800962
0 0.255747 0.814423 0.251437 0.814423 0.247845 0.809615 0.247845 0.798077 0.255747 0.791346 0.267241 0.791346 0.269397 0.794231 0.269397 0.805769 0.255747 0.814423
0 0.100575 0.254808 0.079023 0.254808 0.073276 0.250962 0.068247 0.240385 0.071121 0.225000 0.084770 0.212500 0.109195 0.212500 0.114943 0.216346 0.119971 0.225000 0.119971 0.232692 0.112069 0.245192 0.100575 0.254808
0 0.501437 0.468269 0.489943 0.468269 0.471983 0.450000 0.470546 0.434615 0.477011 0.422115 0.487069 0.422115 0.495690 0.425962 0.512213 0.438462 0.516523 0.448077 0.516523 0.453846 0.511494 0.462500 0.501437 0.468269
0 0.268678 0.583654 0.257184 0.579808 0.252155 0.569231 0.260057 0.560577 0.271552 0.556731 0.283046 0.558654 0.288075 0.565385 0.288075 0.571154 0.284483 0.575962 0.268678 0.583654
0 0.583333 0.075962 0.579023 0.075962 0.572557 0.069231 0.568247 0.053846 0.569684 0.026923 0.579023 0.016346 0.586207 0.016346 0.591236 0.028846 0.591236 0.057692 0.588362 0.071154 0.583333 0.075962
0 0.139368 0.524038 0.132184 0.524038 0.125718 0.517308 0.119971 0.488462 0.122845 0.475000 0.130029 0.459615 0.137931 0.452885 0.145115 0.452885 0.153017 0.463462 0.155891 0.476923 0.151580 0.503846 0.139368 0.524038
0 0.179598 0.193269 0.155172 0.191346 0.148707 0.184615 0.147270 0.176923 0.156609 0.164423 0.168103 0.162500 0.181034 0.164423 0.191810 0.173077 0.191810 0.180769 0.186782 0.189423 0.179598 0.193269
0 0.918103 0.081731 0.908046 0.077885 0.898707 0.065385 0.891523 0.050000 0.890086 0.036538 0.895115 0.027885 0.900862 0.024038 0.918103 0.024038 0.926724 0.029808 0.934626 0.040385 0.938937 0.051923 0.937500 0.065385 0.926724 0.077885 0.918103 0.081731
0 0.787356 0.647115 0.780891 0.644231 0.775144 0.628846 0.776580 0.609615 0.781609 0.602885 0.784483 0.602885 0.790948 0.615385 0.790948 0.636538 0.787356 0.647115
0 0.216954 0.956731 0.202586 0.956731 0.191810 0.948077 0.188937 0.938462 0.188937 0.911538 0.191092 0.908654 0.212644 0.910577 0.223420 0.921154 0.223420 0.944231 0.216954 0.956731
0 0.625718 0.000000 0.625718 0.023077 0.621408 0.032692 0.614943 0.037500 0.612069 0.037500 0.605603 0.025000 0.607040 0.000000
0 0.903736 0.604808 0.887931 0.604808 0.877874 0.599038 0.869971 0.588462 0.869971 0.569231 0.873563 0.564423 0.879310 0.564423 0.897989 0.572115 0.903736 0.577885 0.908764 0.586538 0.907328 0.600000 0.903736 0.604808
0 0.813218 0.124038 0.807471 0.122115 0.803879 0.117308 0.803879 0.101923 0.809626 0.082692 0.816092 0.072115 0.829023 0.072115 0.836925 0.088462 0.835489 0.111538 0.813218 0.124038
0 0.650862 0.266346 0.636494 0.266346 0.628592 0.257692 0.630029 0.226923 0.632902 0.219231 0.642241 0.208654 0.649425 0.208654 0.655172 0.212500 0.660201 0.221154 0.657328 0.257692 0.650862 0.266346
0 0.271552 0.752885 0.265805 0.752885 0.259339 0.746154 0.256466 0.736538 0.257902 0.721154 0.269397 0.686538 0.281609 0.677885 0.286638 0.682692 0.289511 0.690385 0.290948 0.721154 0.283764 0.738462 0.271552 0.752885
0 0.566092 0.643269 0.557471 0.641346 0.553879 0.636538 0.553879 0.619231 0.563218 0.600962 0.574713 0.599038 0.581178 0.607692 0.581178 0.617308 0.572557 0.626923 0.569684 0.638462 0.566092 0.643269
0 0.435345 0.235577 0.412356 0.231731 0.407328 0.225000 0.407328 0.215385 0.412356 0.208654 0.422414 0.204808 0.443966 0.204808 0.455460 0.208654 0.461925 0.215385 0.456897 0.229808 0.435345 0.235577
0 0.487069 0.060577 0.479885 0.060577 0.474856 0.055769 0.474856 0.032692 0.485632 0.016346 0.494253 0.014423 0.497845 0.025000 0.496408 0.040385 0.493534 0.051923 0.487069 0.060577
0 0.613506 0.452885 0.607759 0.450962 0.590517 0.427885 0.578305 0.421154 0.578305 0.405769 0.581897 0.400962 0.600575 0.402885 0.618534 0.421154 0.618534 0.444231 0.613506 0.452885
0 0.239943 0.622115 0.228448 0.622115 0.221983 0.611538 0.223420 0.600000 0.234195 0.587500 0.254310 0.591346 0.256466 0.594231 0.255029 0.607692 0.239943 0.622115
0 0.470546 0.998077 0.469109 0.975000 0.475575 0.968269 0.494253 0.972115 0.502155 0.984615 0.502155 0.998077
0 0.109914 0.000000 0.115661 0.015385 0.117098 0.032692 0.106322 0.041346 0.097701 0.039423 0.091236 0.030769 0.086925 0.011538 0.086925 0.000000
0 0.935345 0.131731 0.926006 0.121154 0.926006 0.113462 0.933908 0.099038 0.948276 0.099038 0.953305 0.107692 0.951868 0.121154 0.946839 0.127885 0.935345 0.131731
0 0.262931 0.233654 0.251437 0.231731 0.244971 0.225000 0.244971 0.219231 0.247126 0.216346 0.252874 0.216346 0.260057 0.220192 0.265086 0.226923 0.262931 0.233654
0 0.739224 0.998077 0.740661 0.992308 0.752874 0.977885 0.764368 0.979808 0.772270 0.992308 0.772270 0.998077
0 0.054598 0.860577 0.038793 0.860577 0.024425 0.852885 0.017960 0.842308 0.019397 0.828846 0.024425 0.822115 0.030172 0.820192 0.047414 0.820192 0.060345 0.825962 0.068247 0.836538 0.068247 0.846154 0.063218 0.854808 0.054598 0.860577
