0 0.000000 0.392578 0.023438 0.404297 0.037109 0.429688 0.031250 0.447266 0.000000 0.443359
0 0.289062 0.302734 0.277344 0.302734 0.255859 0.281250 0.255859 0.261719 0.265625 0.251953 0.285156 0.255859 0.302734 0.277344 0.298828 0.296875 0.289062 0.302734
0 0.117188 0.478516 0.078125 0.478516 0.064453 0.468750 0.064453 0.457031 0.082031 0.443359 0.117188 0.439453 0.130859 0.449219 0.130859 0.464844 0.117188 0.478516
0 0.066406 0.802734 0.031250 0.802734 0.017578 0.785156 0.039062 0.763672 0.066406 0.763672 0.083984 0.781250 0.083984 0.789062 0.066406 0.802734
0 0.144531 0.302734 0.125000 0.298828 0.103516 0.281250 0.099609 0.250000 0.109375 0.240234 0.136719 0.240234 0.154297 0.257812 0.158203 0.289062 0.144531 0.302734
0 0.197266 0.000000 0.205078 0.015625 0.201172 0.027344 0.179688 0.052734 0.140625 0.037109 0.119141 0.011719 0.119141 0.000000
0 0.207031 0.564453 0.171875 0.552734 0.166016 0.527344 0.187500 0.521484 0.207031 0.529297 0.220703 0.550781 0.207031 0.564453
0 0.675781 0.091797 0.660156 0.087891 0.642578 0.070312 0.644531 0.044922 0.664062 0.044922 0.681641 0.058594 0.689453 0.070312 0.689453 0.085938 0.675781 0.091797
0 0.777344 0.341797 0.761719 0.341797 0.738281 0.330078 0.728516 0.316406 0.728516 0.296875 0.753906 0.291016 0.765625 0.298828 0.783203 0.316406 0.783203 0.335938 0.777344 0.341797
0 0.355469 0.673828 0.316406 0.673828 0.292969 0.666016 0.267578 0.652344 0.267578 0.632812 0.273438 0.626953 0.304688 0.626953 0.332031 0.634766 0.365234 0.656250 0.355469 0.673828
0 0.468750 0.076172 0.439453 0.070312 0.437500 0.041016 0.457031 0.037109 0.474609 0.050781 0.478516 0.066406 0.468750 0.076172
0 0.363281 0.365234 0.347656 0.365234 0.326172 0.347656 0.318359 0.324219 0.332031 0.310547 0.355469 0.318359 0.369141 0.332031 0.373047 0.351562 0.363281 0.365234
0 0.396484 0.000000 0.390625 0.009766 0.367188 0.009766 0.353516 0.000000
0 0.812500 0.666016 0.777344 0.662109 0.763672 0.648438 0.767578 0.628906 0.792969 0.619141 0.820312 0.626953 0.830078 0.648438 0.812500 0.666016
0 0.187500 0.705078 0.171875 0.705078 0.136719 0.689453 0.130859 0.683594 0.130859 0.664062 0.136719 0.658203 0.187500 0.658203 0.201172 0.675781 0.201172 0.699219 0.187500 0.705078
0 0.421875 0.603516 0.390625 0.599609 0.376953 0.582031 0.376953 0.570312 0.402344 0.556641 0.437500 0.564453 0.451172 0.585938 0.437500 0.599609 0.421875 0.603516
0 0.644531 0.275391 0.617188 0.267578 0.599609 0.250000 0.605469 0.224609 0.625000 0.224609 0.650391 0.242188 0.658203 0.265625 0.644531 0.275391
0 0.957031 0.376953 0.945312 0.376953 0.912109 0.347656 0.904297 0.324219 0.914062 0.314453 0.929688 0.314453 0.951172 0.335938 0.958984 0.355469 0.957031 0.376953
0 0.912109 0.996094 0.916016 0.972656 0.937500 0.958984 0.964844 0.958984 0.974609 0.968750 0.974609 0.988281 0.966797 0.996094
0 0.214844 0.177734 0.203125 0.177734 0.167969 0.158203 0.158203 0.144531 0.158203 0.132812 0.167969 0.123047 0.199219 0.130859 0.220703 0.152344 0.220703 0.171875 0.214844 0.177734
0 0.671875 0.501953 0.640625 0.490234 0.626953 0.472656 0.626953 0.460938 0.640625 0.443359 0.675781 0.443359 0.697266 0.460938 0.701172 0.484375 0.687500 0.498047 0.671875 0.501953
0 0.585938 0.541016 0.550781 0.537109 0.537109 0.523438 0.537109 0.511719 0.550781 0.501953 0.582031 0.505859 0.591797 0.515625 0.591797 0.535156 0.585938 0.541016
0 0.351562 0.470703 0.328125 0.470703 0.304688 0.458984 0.298828 0.453125 0.298828 0.433594 0.320312 0.423828 0.343750 0.431641 0.357422 0.445312 0.357422 0.464844 0.351562 0.470703
0 0.710938 0.150391 0.683594 0.146484 0.662109 0.121094 0.662109 0.109375 0.675781 0.099609 0.691406 0.103516 0.712891 0.128906 0.710938 0.150391
0 0.781250 0.732422 0.753906 0.728516 0.742188 0.720703 0.736328 0.714844 0.740234 0.699219 0.765625 0.681641 0.800781 0.677734 0.816406 0.685547 0.822266 0.703125 0.814453 0.718750 0.781250 0.732422
0 0.550781 0.380859 0.503906 0.357422 0.498047 0.335938 0.503906 0.330078 0.542969 0.333984 0.564453 0.355469 0.560547 0.375000 0.550781 0.380859
0 0.070312 0.244141 0.054688 0.240234 0.041016 0.226562 0.041016 0.203125 0.046875 0.197266 0.074219 0.201172 0.083984 0.214844 0.083984 0.234375 0.070312 0.244141
0 0.601562 0.451172 0.578125 0.447266 0.560547 0.433594 0.556641 0.414062 0.566406 0.396484 0.589844 0.400391 0.603516 0.417969 0.607422 0.445312 0.601562 0.451172
0 0.468750 0.115234 0.441406 0.115234 0.427734 0.101562 0.427734 0.082031 0.437500 0.072266 0.460938 0.076172 0.474609 0.089844 0.474609 0.109375 0.468750 0.115234
0 0.000000 0.099609 0.001953 0.066406 0.015625 0.064453 0.025391 0.074219 0.025391 0.093750 0.015625 0.103516 0.000000 0.103516
0 0.839844 0.505859 0.824219 0.505859 0.810547 0.496094 0.806641 0.480469 0.812500 0.470703 0.839844 0.466797 0.853516 0.476562 0.857422 0.492188 0.839844 0.505859
0 0.726562 0.236328 0.710938 0.236328 0.681641 0.214844 0.681641 0.195312 0.691406 0.185547 0.707031 0.185547 0.732422 0.210938 0.736328 0.222656 0.726562 0.236328
0 0.375000 0.228516 0.355469 0.220703 0.341797 0.207031 0.337891 0.187500 0.343750 0.181641 0.367188 0.185547 0.388672 0.207031 0.384766 0.222656 0.375000 0.228516
0 0.589844 0.912109 0.550781 0.912109 0.531250 0.904297 0.517578 0.886719 0.521484 0.851562 0.539062 0.841797 0.566406 0.841797 0.609375 0.857422 0.619141 0.871094 0.615234 0.894531 0.589844 0.912109
0 0.457031 0.955078 0.433594 0.955078 0.423828 0.945312 0.423828 0.929688 0.433594 0.919922 0.464844 0.916016 0.474609 0.925781 0.474609 0.941406 0.457031 0.955078
0 0.660156 0.373047 0.632812 0.365234 0.623047 0.355469 0.623047 0.332031 0.636719 0.322266 0.656250 0.326172 0.673828 0.351562 0.673828 0.359375 0.660156 0.373047
0 0.796875 0.291016 0.781250 0.291016 0.767578 0.273438 0.767578 0.257812 0.777344 0.248047 0.796875 0.248047 0.802734 0.253906 0.806641 0.281250 0.796875 0.291016
0 0.761719 0.845703 0.726562 0.841797 0.716797 0.832031 0.716797 0.816406 0.726562 0.806641 0.761719 0.810547 0.771484 0.820312 0.771484 0.839844 0.761719 0.845703
0 0.996094 0.271484 0.976562 0.271484 0.953125 0.259766 0.943359 0.238281 0.949219 0.228516 0.960938 0.224609 0.996094 0.244141
0 0.707031 0.818359 0.671875 0.818359 0.658203 0.808594 0.658203 0.796875 0.679688 0.783203 0.710938 0.783203 0.720703 0.800781 0.707031 0.818359
0 0.066406 0.623047 0.039062 0.623047 0.025391 0.605469 0.025391 0.589844 0.039062 0.580078 0.078125 0.583984 0.087891 0.601562 0.066406 0.623047
0 0.371094 0.927734 0.328125 0.923828 0.314453 0.910156 0.314453 0.894531 0.328125 0.880859 0.347656 0.873047 0.375000 0.873047 0.398438 0.880859 0.408203 0.890625 0.408203 0.910156 0.371094 0.927734
