0 0.653125 0.685547 0.631250 0.685547 0.626563 0.679688 0.598437 0.617188 0.598437 0.593750 0.618750 0.564453 0.631250 0.556641 0.668750 0.556641 0.693750 0.572266 0.695312 0.550781 0.712500 0.548828 0.717187 0.554688 0.717187 0.582031 0.710938 0.601562 0.701562 0.609375 0.667188 0.671875 0.653125 0.685547
0 0.065625 0.748047 0.053125 0.748047 0.040625 0.728516 0.031250 0.728516 0.023438 0.714844 0.045312 0.695312 0.042188 0.675781 0.050000 0.666016 0.056250 0.666016 0.070312 0.683594 0.082812 0.710938 0.079687 0.734375 0.065625 0.748047
0 0.443750 0.685547 0.418750 0.673828 0.393750 0.673828 0.381250 0.681641 0.379688 0.671875 0.357812 0.648438 0.357812 0.605469 0.378125 0.572266 0.415625 0.556641 0.450000 0.556641 0.484375 0.572266 0.498437 0.589844 0.504687 0.609375 0.504687 0.632812 0.484375 0.634766 0.473438 0.664062 0.456250 0.681641 0.443750 0.685547
0 0.000000 0.447266 0.012500 0.447266 0.031250 0.466797 0.051562 0.492188 0.054688 0.507812 0.054688 0.527344 0.043750 0.537109 0.000000 0.537109
0 0.242188 0.000000 0.248438 0.035156 0.234375 0.060547 0.212500 0.060547 0.171875 0.037109 0.151562 0.015625 0.145313 0.000000
0 0.400000 0.927734 0.389062 0.925781 0.389062 0.898438 0.357812 0.863281 0.354687 0.832031 0.359375 0.822266 0.378125 0.826172 0.400000 0.861328 0.404687 0.851562 0.385937 0.835938 0.385937 0.828125 0.396875 0.822266 0.456250 0.830078 0.482812 0.843750 0.482812 0.882812 0.479687 0.902344 0.471875 0.912109 0.437500 0.912109 0.418750 0.904297 0.417187 0.914062 0.400000 0.927734
0 0.000000 0.623047 0.023438 0.648438 0.023438 0.664062 0.015625 0.677734 0.009375 0.677734 0.000000 0.666016
0 0.417187 0.996094 0.404687 0.980469 0.404687 0.953125 0.409375 0.947266 0.462500 0.951172 0.518750 0.990234 0.520312 0.996094
0 0.784375 0.576172 0.776563 0.574219 0.776563 0.480469 0.790625 0.458984 0.800000 0.458984 0.807813 0.468750 0.810937 0.511719 0.798438 0.554688 0.784375 0.576172
0 0.075000 0.587891 0.062500 0.587891 0.025000 0.560547 0.020313 0.542969 0.059375 0.529297 0.081250 0.544922 0.098437 0.562500 0.098437 0.574219 0.075000 0.587891
0 0.734375 0.587891 0.721875 0.587891 0.717187 0.582031 0.717187 0.554688 0.712500 0.548828 0.696875 0.548828 0.689063 0.531250 0.689063 0.484375 0.693750 0.474609 0.712500 0.478516 0.726562 0.496094 0.726562 0.507812 0.735938 0.519531 0.739062 0.582031 0.734375 0.587891
0 0.009375 0.916016 0.001563 0.914062 0.003125 0.814453 0.026562 0.847656 0.032813 0.867188 0.029687 0.902344 0.021875 0.912109 0.009375 0.916016
0 0.334375 0.728516 0.306250 0.724609 0.279687 0.699219 0.264062 0.671875 0.260937 0.621094 0.270313 0.593750 0.287500 0.576172 0.318750 0.572266 0.328125 0.576172 0.335938 0.589844 0.332813 0.636719 0.339062 0.667969 0.348438 0.687500 0.348438 0.703125 0.334375 0.728516
0 0.214062 0.996094 0.189062 0.976562 0.189062 0.949219 0.212500 0.927734 0.234375 0.927734 0.257812 0.953125 0.257812 0.984375 0.245312 0.996094
0 0.853125 0.494141 0.843750 0.494141 0.839063 0.476562 0.839063 0.464844 0.850000 0.458984 0.857812 0.460938 0.859375 0.474609 0.873437 0.472656 0.871875 0.482422 0.853125 0.494141
0 0.262500 0.873047 0.234375 0.869141 0.210938 0.847656 0.207813 0.816406 0.221875 0.794922 0.243750 0.783203 0.262500 0.783203 0.275000 0.787109 0.295312 0.808594 0.295312 0.843750 0.284375 0.861328 0.262500 0.873047
0 0.125000 0.560547 0.106250 0.556641 0.092188 0.539062 0.092188 0.523438 0.109375 0.505859 0.126562 0.527344 0.125000 0.560547
0 0.995313 0.996094 0.985938 0.960938 0.996875 0.958984
0 0.112500 0.130859 0.103125 0.130859 0.085938 0.113281 0.079687 0.101562 0.081250 0.087891 0.103125 0.087891 0.114062 0.101562 0.112500 0.130859
0 0.837500 0.744141 0.812500 0.732422 0.790625 0.732422 0.771875 0.744141 0.767188 0.734375 0.767188 0.718750 0.784375 0.673828 0.790625 0.673828 0.800000 0.685547 0.814063 0.679688 0.804688 0.660156 0.801562 0.613281 0.821875 0.583984 0.843750 0.587891 0.854688 0.601562 0.860938 0.625000 0.854688 0.667969 0.848437 0.675781 0.842187 0.738281 0.837500 0.744141
0 0.271875 0.173828 0.243750 0.169922 0.214062 0.121094 0.204687 0.097656 0.204687 0.078125 0.215625 0.064453 0.240625 0.068359 0.273438 0.109375 0.285938 0.136719 0.285938 0.152344 0.271875 0.173828
0 0.284375 0.564453 0.271875 0.564453 0.253125 0.552734 0.242188 0.542969 0.242188 0.535156 0.259375 0.529297 0.275000 0.537109 0.292187 0.550781 0.292187 0.558594 0.284375 0.564453
0 0.390625 0.740234 0.378125 0.740234 0.354687 0.710938 0.348438 0.699219 0.350000 0.681641 0.375000 0.685547 0.393750 0.673828 0.418750 0.673828 0.437500 0.681641 0.451562 0.695312 0.451562 0.722656 0.446875 0.728516 0.406250 0.732422 0.390625 0.740234
0 0.928125 0.791016 0.914062 0.785156 0.898438 0.750000 0.889062 0.703125 0.873437 0.675781 0.873437 0.640625 0.890625 0.626953 0.912500 0.630859 0.926562 0.648438 0.932813 0.707031 0.932813 0.781250 0.928125 0.791016
0 0.290625 0.927734 0.259375 0.927734 0.243750 0.916016 0.220312 0.878906 0.220312 0.867188 0.262500 0.873047 0.284375 0.861328 0.293750 0.845703 0.300000 0.845703 0.310937 0.867188 0.310937 0.910156 0.306250 0.919922 0.290625 0.927734
0 0.881250 0.412109 0.873437 0.410156 0.873437 0.394531 0.885938 0.378906 0.875000 0.380859 0.873437 0.371094 0.893750 0.365234 0.895312 0.386719 0.881250 0.412109
0 0.896875 0.591797 0.884375 0.587891 0.864062 0.562500 0.867188 0.523438 0.878125 0.513672 0.900000 0.517578 0.910937 0.535156 0.907813 0.582031 0.896875 0.591797
0 0.354687 0.000000 0.351562 0.019531 0.337500 0.037109 0.312500 0.037109 0.285938 0.000000
0 0.671875 0.896484 0.662500 0.896484 0.640625 0.880859 0.609375 0.880859 0.600000 0.892578 0.593750 0.892578 0.589063 0.878906 0.603125 0.869141 0.650000 0.869141 0.668750 0.880859 0.673438 0.886719 0.671875 0.896484
0 0.343750 0.576172 0.307812 0.570312 0.307812 0.558594 0.320312 0.542969 0.320312 0.531250 0.343750 0.505859 0.403125 0.478516 0.428125 0.478516 0.439063 0.488281 0.439063 0.507812 0.428125 0.521484 0.415625 0.525391 0.400000 0.541016 0.390625 0.541016 0.378125 0.556641 0.343750 0.576172
0 0.753125 0.720703 0.728125 0.720703 0.714063 0.707031 0.714063 0.687500 0.742188 0.636719 0.740625 0.607422 0.751563 0.613281 0.760938 0.636719 0.760938 0.664062 0.773438 0.691406 0.770312 0.714844 0.753125 0.720703
0 0.996875 0.599609 0.981250 0.580078 0.967187 0.574219 0.967187 0.542969 0.973437 0.523438 0.984375 0.509766 0.996875 0.505859
0 0.787500 0.876953 0.771875 0.876953 0.737500 0.857422 0.734375 0.865234 0.725000 0.865234 0.709375 0.853516 0.704688 0.847656 0.707812 0.796875 0.725000 0.794922 0.731250 0.775391 0.750000 0.783203 0.767188 0.820312 0.789062 0.851562 0.787500 0.876953
0 0.309375 0.556641 0.296875 0.556641 0.271875 0.537109 0.270313 0.527344 0.278125 0.517578 0.312500 0.517578 0.323437 0.527344 0.320312 0.542969 0.309375 0.556641
0 0.996875 0.693359 0.981250 0.705078 0.956250 0.701172 0.939063 0.683594 0.932813 0.667969 0.932813 0.601562 0.940625 0.576172 0.971875 0.576172 0.996875 0.599609
0 0.996875 0.763672 0.992188 0.757812 0.992188 0.726562 0.987500 0.720703 0.953125 0.720703 0.937500 0.744141 0.931250 0.744141 0.929688 0.691406 0.940625 0.689453 0.953125 0.701172 0.968750 0.705078 0.984375 0.705078 0.996875 0.693359
0 0.996875 0.869141 0.992188 0.867188 0.996875 0.771484
0 0.409375 0.154297 0.389062 0.152344 0.379688 0.105469 0.409375 0.076172 0.443750 0.052734 0.453125 0.052734 0.460938 0.062500 0.460938 0.093750 0.454688 0.109375 0.437500 0.134766 0.409375 0.154297
0 0.553125 0.708984 0.540625 0.708984 0.535937 0.703125 0.517188 0.640625 0.507812 0.625000 0.507812 0.593750 0.515625 0.587891 0.562500 0.591797 0.596875 0.615234 0.610938 0.644531 0.606250 0.666016 0.575000 0.697266 0.553125 0.708984
0 0.664062 0.996094 0.665625 0.990234 0.678125 0.990234 0.712500 0.970703 0.728125 0.970703 0.765625 0.970703 0.781250 0.978516 0.792188 0.996094
0 0.290625 0.509766 0.240625 0.509766 0.221875 0.498047 0.207813 0.464844 0.207813 0.449219 0.253125 0.443359 0.296875 0.458984 0.301563 0.500000 0.290625 0.509766
0 0.292187 0.996094 0.293750 0.982422 0.309375 0.986328 0.314063 0.996094
0 0.723437 0.000000 0.723437 0.046875 0.729688 0.066406 0.709375 0.087891 0.690625 0.083984 0.660937 0.046875 0.654687 0.027344 0.660937 0.000000
0 0.285938 0.000000 0.317188 0.046875 0.317188 0.089844 0.303125 0.107422 0.284375 0.107422 0.267188 0.089844 0.248438 0.046875 0.242188 0.000000
0 0.340625 0.509766 0.340625 0.498047 0.318750 0.498047 0.301563 0.488281 0.295312 0.457031 0.303125 0.443359 0.356250 0.435547 0.373437 0.449219 0.379688 0.460938 0.376563 0.484375 0.368750 0.494141 0.350000 0.498047 0.340625 0.509766
0 0.162500 0.666016 0.115625 0.666016 0.093750 0.658203 0.064062 0.628906 0.060937 0.621094 0.064062 0.597656 0.090625 0.576172 0.115625 0.568359 0.175000 0.572266 0.193750 0.580078 0.210938 0.601562 0.210938 0.625000 0.193750 0.646484 0.162500 0.666016
0 0.984375 0.900391 0.953125 0.900391 0.942187 0.890625 0.939063 0.851562 0.929688 0.816406 0.929688 0.785156 0.935937 0.746094 0.953125 0.720703 0.987500 0.720703 0.992188 0.726562 0.992188 0.890625 0.984375 0.900391
0 0.175000 0.943359 0.153125 0.943359 0.121875 0.919922 0.117188 0.910156 0.120313 0.867188 0.145313 0.800781 0.153125 0.794922 0.181250 0.798828 0.198437 0.828125 0.195312 0.898438 0.175000 0.943359
0 0.000000 0.341797 0.021875 0.349609 0.020313 0.355469 0.028125 0.365234 0.034375 0.361328 0.054688 0.406250 0.048438 0.437500 0.028125 0.462891 0.012500 0.447266 0.000000 0.447266
0 0.678125 0.744141 0.653125 0.744141 0.635938 0.714844 0.635938 0.695312 0.656250 0.685547 0.704688 0.625000 0.707812 0.609375 0.715625 0.607422 0.720313 0.632812 0.731250 0.638672 0.735938 0.648438 0.717187 0.683594 0.695312 0.710938 0.695312 0.722656 0.678125 0.744141
0 0.901563 0.996094 0.909375 0.978516 0.937500 0.958984 0.981250 0.958984 0.995313 0.996094
0 0.070312 0.996094 0.057813 0.988281 0.054688 0.960938 0.079687 0.917969 0.090625 0.908203 0.103125 0.908203 0.134375 0.927734 0.196875 0.986328 0.198437 0.996094
0 0.065625 0.849609 0.043750 0.845703 0.017188 0.800781 0.021875 0.794922 0.037500 0.794922 0.056250 0.806641 0.070312 0.824219 0.065625 0.849609
0 0.093750 0.091797 0.084375 0.091797 0.070312 0.074219 0.070312 0.050781 0.078125 0.037109 0.090625 0.037109 0.101562 0.062500 0.101562 0.085938 0.093750 0.091797
0 0.084375 0.525391 0.059375 0.525391 0.054688 0.519531 0.051562 0.492188 0.042188 0.484375 0.039062 0.468750 0.075000 0.447266 0.115625 0.447266 0.123438 0.457031 0.120313 0.488281 0.096875 0.521484 0.084375 0.525391
0 0.804688 0.996094 0.785937 0.976562 0.782813 0.949219 0.800000 0.927734 0.818750 0.919922 0.843750 0.919922 0.912500 0.943359 0.914062 0.953125 0.879687 0.996094
0 0.646875 0.966797 0.625000 0.966797 0.620313 0.960938 0.614062 0.902344 0.621875 0.888672 0.631250 0.884766 0.653125 0.888672 0.662500 0.896484 0.681250 0.896484 0.704688 0.925781 0.700000 0.947266 0.646875 0.966797
0 0.809375 0.685547 0.796875 0.681641 0.785937 0.667969 0.776563 0.648438 0.770312 0.613281 0.760938 0.605469 0.760938 0.589844 0.771875 0.576172 0.784375 0.576172 0.795312 0.593750 0.804688 0.660156 0.814063 0.679688 0.809375 0.685547
0 0.559375 0.919922 0.528125 0.919922 0.484375 0.896484 0.479687 0.890625 0.482812 0.863281 0.512500 0.845703 0.546875 0.845703 0.581250 0.865234 0.589063 0.875000 0.589063 0.894531 0.581250 0.908203 0.559375 0.919922
0 0.825000 0.853516 0.804688 0.851562 0.767188 0.781250 0.767188 0.753906 0.790625 0.732422 0.812500 0.732422 0.873437 0.761719 0.870313 0.792969 0.851562 0.824219 0.825000 0.853516
0 0.000000 0.814453 0.001563 0.814453 0.001563 0.916016 0.000000 0.916016
0 0.928125 0.494141 0.907813 0.480469 0.915625 0.462891 0.921875 0.462891 0.925000 0.470703 0.928125 0.462891 0.939063 0.464844 0.928125 0.494141
0 0.209375 0.158203 0.193750 0.158203 0.160938 0.125000 0.157812 0.113281 0.160938 0.093750 0.145313 0.058594 0.145313 0.031250 0.150000 0.025391 0.162500 0.025391 0.201563 0.062500 0.204687 0.097656 0.217188 0.125000 0.217188 0.148438 0.209375 0.158203
0 0.776563 0.000000 0.765625 0.025391 0.753125 0.025391 0.735938 0.000000
0 0.546875 0.587891 0.518750 0.583984 0.500000 0.568359 0.485938 0.542969 0.485938 0.531250 0.521875 0.482422 0.531250 0.482422 0.557813 0.523438 0.557813 0.546875 0.546875 0.587891
0 0.864062 0.000000 0.843750 0.021484 0.834375 0.021484 0.821875 0.033203 0.796875 0.033203 0.781250 0.017578 0.771875 0.021484 0.770312 0.011719 0.776563 0.000000
0 0.593750 0.814453 0.571875 0.814453 0.559375 0.806641 0.546875 0.779297 0.521875 0.775391 0.493750 0.783203 0.492188 0.769531 0.504687 0.757812 0.510938 0.734375 0.531250 0.705078 0.562500 0.705078 0.593750 0.681641 0.603125 0.666016 0.612500 0.666016 0.629687 0.726562 0.629687 0.753906 0.617188 0.769531 0.617188 0.792969 0.593750 0.814453
0 0.454688 0.000000 0.464062 0.039062 0.479687 0.062500 0.476562 0.082031 0.462500 0.091797 0.460938 0.062500 0.453125 0.052734 0.443750 0.052734 0.390625 0.091797 0.382812 0.074219 0.379688 0.046875 0.379688 0.023438 0.385937 0.015625 0.382812 0.000000
0 0.532813 0.996094 0.539062 0.968750 0.556250 0.935547 0.587500 0.943359 0.604688 0.968750 0.607812 0.996094
