0 0.802734 0.000000 0.802734 0.015625 0.781250 0.037109 0.761719 0.025391 0.742188 0.025391 0.724609 0.000000
0 0.523438 0.802734 0.507812 0.802734 0.478516 0.785156 0.474609 0.769531 0.492188 0.744141 0.523438 0.744141 0.541016 0.761719 0.541016 0.785156 0.523438 0.802734
0 0.380859 0.996094 0.376953 0.988281 0.406250 0.935547 0.455078 0.953125 0.451172 0.996094
0 0.904297 0.000000 0.900391 0.027344 0.878906 0.044922 0.847656 0.041016 0.833984 0.027344 0.833984 0.000000
0 0.179688 0.345703 0.136719 0.345703 0.121094 0.341797 0.111328 0.332031 0.111328 0.285156 0.125000 0.267578 0.171875 0.263672 0.185547 0.277344 0.201172 0.300781 0.201172 0.320312 0.193359 0.335938 0.179688 0.345703
0 0.996094 0.173828 0.972656 0.181641 0.949219 0.208984 0.902344 0.208984 0.880859 0.191406 0.884766 0.148438 0.933594 0.095703 0.972656 0.095703 0.996094 0.115234
0 0.263672 0.000000 0.263672 0.046875 0.226562 0.080078 0.187500 0.076172 0.162109 0.054688 0.150391 0.000000
0 0.371094 0.388672 0.359375 0.388672 0.339844 0.376953 0.326172 0.359375 0.326172 0.343750 0.330078 0.332031 0.351562 0.310547 0.367188 0.302734 0.394531 0.302734 0.412109 0.316406 0.416016 0.347656 0.394531 0.376953 0.371094 0.388672
0 0.687500 0.564453 0.664062 0.564453 0.648438 0.552734 0.632812 0.552734 0.623047 0.542969 0.623047 0.527344 0.628906 0.521484 0.656250 0.521484 0.667969 0.505859 0.683594 0.505859 0.697266 0.519531 0.697266 0.554688 0.687500 0.564453
0 0.179688 0.423828 0.144531 0.416016 0.142578 0.394531 0.134766 0.386719 0.134766 0.371094 0.167969 0.345703 0.179688 0.345703 0.191406 0.357422 0.199219 0.357422 0.212891 0.382812 0.212891 0.406250 0.203125 0.416016 0.179688 0.423828
0 0.705078 0.000000 0.687500 0.013672 0.679688 0.013672 0.666016 0.000000
0 0.316406 0.935547 0.296875 0.935547 0.281250 0.927734 0.251953 0.894531 0.251953 0.875000 0.259766 0.859375 0.296875 0.826172 0.320312 0.826172 0.345703 0.847656 0.341797 0.882812 0.326172 0.925781 0.316406 0.935547
0 0.937500 0.341797 0.914062 0.341797 0.898438 0.333984 0.880859 0.304688 0.884766 0.277344 0.902344 0.255859 0.917969 0.248047 0.957031 0.248047 0.974609 0.261719 0.982422 0.277344 0.970703 0.312500 0.937500 0.341797
0 0.000000 0.283203 0.011719 0.267578 0.046875 0.267578 0.080078 0.304688 0.083984 0.328125 0.070312 0.349609 0.039062 0.365234 0.011719 0.361328 0.000000 0.349609
0 0.730469 0.498047 0.703125 0.490234 0.677734 0.460938 0.673828 0.437500 0.695312 0.416016 0.730469 0.416016 0.748047 0.429688 0.755859 0.445312 0.751953 0.468750 0.730469 0.498047
0 0.222656 0.923828 0.171875 0.923828 0.162109 0.914062 0.162109 0.886719 0.175781 0.845703 0.232422 0.875000 0.236328 0.902344 0.222656 0.923828
0 0.367188 0.662109 0.335938 0.654297 0.318359 0.636719 0.310547 0.621094 0.310547 0.593750 0.320312 0.580078 0.386719 0.564453 0.402344 0.572266 0.416016 0.589844 0.416016 0.617188 0.394531 0.646484 0.367188 0.662109
0 0.000000 0.673828 0.011719 0.677734 0.029297 0.699219 0.029297 0.730469 0.007812 0.751953 0.000000 0.751953
0 0.722656 0.126953 0.683594 0.123047 0.658203 0.101562 0.666016 0.054688 0.714844 0.017578 0.734375 0.025391 0.763672 0.058594 0.759766 0.109375 0.746094 0.123047 0.722656 0.126953
0 0.074219 0.560547 0.035156 0.556641 0.013672 0.531250 0.017578 0.492188 0.039062 0.466797 0.058594 0.458984 0.082031 0.462891 0.111328 0.488281 0.115234 0.527344 0.074219 0.560547
0 0.375000 0.943359 0.363281 0.943359 0.349609 0.933594 0.345703 0.902344 0.361328 0.875000 0.386719 0.849609 0.398438 0.849609 0.412109 0.863281 0.412109 0.886719 0.404297 0.906250 0.375000 0.943359
0 0.156250 0.458984 0.121094 0.455078 0.111328 0.445312 0.111328 0.429688 0.125000 0.427734 0.140625 0.412109 0.156250 0.416016 0.166016 0.433594 0.166016 0.449219 0.156250 0.458984
0 0.625000 0.525391 0.580078 0.480469 0.583984 0.457031 0.605469 0.439453 0.648438 0.443359 0.658203 0.472656 0.681641 0.500000 0.679688 0.505859 0.667969 0.505859 0.656250 0.521484 0.625000 0.525391
0 0.144531 0.208984 0.121094 0.205078 0.097656 0.185547 0.085938 0.185547 0.080078 0.175781 0.105469 0.146484 0.128906 0.130859 0.164062 0.130859 0.181641 0.152344 0.181641 0.179688 0.171875 0.193359 0.144531 0.208984
0 0.324219 0.560547 0.308594 0.560547 0.271484 0.523438 0.275391 0.480469 0.289062 0.466797 0.308594 0.458984 0.339844 0.466797 0.357422 0.484375 0.369141 0.515625 0.361328 0.542969 0.351562 0.552734 0.324219 0.560547
0 0.507812 0.392578 0.480469 0.388672 0.455078 0.367188 0.447266 0.324219 0.457031 0.306641 0.480469 0.291016 0.515625 0.294922 0.531250 0.302734 0.544922 0.320312 0.541016 0.371094 0.527344 0.384766 0.507812 0.392578
0 0.066406 0.849609 0.031250 0.837891 0.021484 0.828125 0.017578 0.804688 0.009766 0.796875 0.023438 0.779297 0.050781 0.767578 0.082031 0.771484 0.103516 0.796875 0.103516 0.808594 0.066406 0.849609
0 0.292969 0.373047 0.265625 0.369141 0.251953 0.355469 0.244141 0.335938 0.251953 0.308594 0.269531 0.291016 0.300781 0.294922 0.318359 0.312500 0.318359 0.335938 0.292969 0.373047
0 0.111328 0.996094 0.111328 0.964844 0.128906 0.943359 0.148438 0.943359 0.187500 0.958984 0.201172 0.980469 0.201172 0.996094
0 0.457031 0.552734 0.429688 0.552734 0.408203 0.531250 0.408203 0.503906 0.429688 0.482422 0.445312 0.482422 0.462891 0.503906 0.462891 0.546875 0.457031 0.552734
0 0.261719 0.705078 0.238281 0.705078 0.224609 0.691406 0.224609 0.671875 0.246094 0.654297 0.269531 0.662109 0.279297 0.675781 0.279297 0.687500 0.261719 0.705078
0 0.460938 0.923828 0.449219 0.923828 0.423828 0.906250 0.427734 0.851562 0.431641 0.832031 0.447266 0.816406 0.460938 0.806641 0.472656 0.806641 0.488281 0.818359 0.519531 0.826172 0.529297 0.835938 0.537109 0.875000 0.533203 0.886719 0.511719 0.908203 0.496094 0.916016 0.476562 0.912109 0.460938 0.923828
0 0.824219 0.142578 0.789062 0.142578 0.775391 0.128906 0.775391 0.097656 0.783203 0.082031 0.808594 0.064453 0.828125 0.068359 0.837891 0.082031 0.830078 0.105469 0.830078 0.136719 0.824219 0.142578
0 0.640625 0.666016 0.621094 0.666016 0.611328 0.640625 0.626953 0.601562 0.648438 0.583984 0.656250 0.583984 0.669922 0.593750 0.677734 0.625000 0.669922 0.644531 0.640625 0.666016
0 0.000000 0.818359 0.029297 0.851562 0.017578 0.890625 0.000000 0.904297
0 0.996094 0.095703 0.949219 0.083984 0.931641 0.066406 0.931641 0.027344 0.941406 0.013672 0.964844 0.005859 0.996094 0.009766
0 0.070312 0.150391 0.005859 0.085938 0.005859 0.078125 0.050781 0.021484 0.101562 0.025391 0.115234 0.035156 0.119141 0.050781 0.123047 0.097656 0.115234 0.113281 0.070312 0.150391
0 0.515625 0.154297 0.464844 0.134766 0.451172 0.121094 0.451172 0.085938 0.476562 0.060547 0.523438 0.060547 0.552734 0.089844 0.552734 0.113281 0.544922 0.128906 0.515625 0.154297
0 0.537109 0.000000 0.537109 0.023438 0.511719 0.041016 0.464844 0.041016 0.449219 0.033203 0.431641 0.000000
0 0.666016 0.996094 0.673828 0.968750 0.695312 0.955078 0.734375 0.958984 0.751953 0.976562 0.755859 0.996094
0 0.611328 0.000000 0.646484 0.027344 0.646484 0.062500 0.638672 0.082031 0.617188 0.095703 0.582031 0.091797 0.544922 0.050781 0.544922 0.023438 0.568359 0.000000
0 0.355469 0.802734 0.333984 0.789062 0.337891 0.742188 0.347656 0.732422 0.371094 0.736328 0.384766 0.753906 0.384766 0.773438 0.376953 0.789062 0.355469 0.802734
0 0.996094 0.380859 0.974609 0.363281 0.986328 0.328125 0.996094 0.322266
0 0.636719 0.423828 0.613281 0.423828 0.597656 0.416016 0.568359 0.378906 0.572266 0.351562 0.597656 0.330078 0.628906 0.330078 0.658203 0.367188 0.658203 0.402344 0.636719 0.423828
0 0.121094 0.912109 0.099609 0.902344 0.099609 0.894531 0.083984 0.878906 0.083984 0.859375 0.109375 0.837891 0.136719 0.837891 0.154297 0.878906 0.154297 0.894531 0.140625 0.908203 0.121094 0.912109
0 0.507812 0.568359 0.488281 0.564453 0.474609 0.546875 0.478516 0.515625 0.500000 0.490234 0.531250 0.501953 0.544922 0.515625 0.544922 0.527344 0.507812 0.568359
0 0.308594 0.255859 0.273438 0.248047 0.251953 0.226562 0.248047 0.207031 0.259766 0.175781 0.277344 0.162109 0.292969 0.154297 0.328125 0.154297 0.353516 0.171875 0.357422 0.207031 0.349609 0.230469 0.332031 0.248047 0.308594 0.255859
0 0.156250 0.712891 0.140625 0.712891 0.113281 0.701172 0.095703 0.675781 0.099609 0.644531 0.125000 0.623047 0.144531 0.619141 0.175781 0.630859 0.193359 0.660156 0.189453 0.691406 0.175781 0.705078 0.156250 0.712891
0 0.494141 0.996094 0.498047 0.984375 0.519531 0.970703 0.550781 0.978516 0.560547 0.996094
0 0.191406 0.529297 0.164062 0.521484 0.154297 0.511719 0.154297 0.492188 0.175781 0.458984 0.199219 0.447266 0.214844 0.447266 0.240234 0.480469 0.240234 0.500000 0.191406 0.529297
0 0.597656 0.603516 0.566406 0.591797 0.548828 0.574219 0.552734 0.550781 0.578125 0.525391 0.589844 0.525391 0.623047 0.562500 0.623047 0.574219 0.597656 0.603516
0 0.390625 0.259766 0.373047 0.250000 0.369141 0.230469 0.375000 0.224609 0.390625 0.224609 0.412109 0.242188 0.406250 0.255859 0.390625 0.259766
0 0.583984 0.996094 0.572266 0.984375 0.572266 0.953125 0.589844 0.935547 0.613281 0.935547 0.634766 0.949219 0.642578 0.964844 0.642578 0.996094
0 0.210938 0.283203 0.183594 0.275391 0.158203 0.253906 0.158203 0.230469 0.175781 0.208984 0.218750 0.205078 0.244141 0.230469 0.236328 0.261719 0.210938 0.283203
0 0.570312 0.689453 0.531250 0.681641 0.517578 0.660156 0.525391 0.625000 0.542969 0.611328 0.578125 0.623047 0.591797 0.640625 0.595703 0.675781 0.570312 0.689453
0 0.691406 0.333984 0.652344 0.330078 0.638672 0.316406 0.630859 0.296875 0.630859 0.269531 0.644531 0.251953 0.687500 0.251953 0.716797 0.269531 0.720703 0.304688 0.691406 0.333984
0 0.859375 0.134766 0.830078 0.125000 0.830078 0.105469 0.839844 0.083984 0.863281 0.083984 0.876953 0.101562 0.876953 0.121094 0.859375 0.134766
0 0.000000 0.111328 0.044922 0.160156 0.044922 0.187500 0.000000 0.216797
0 0.832031 0.248047 0.808594 0.248047 0.779297 0.226562 0.783203 0.187500 0.820312 0.162109 0.851562 0.166016 0.869141 0.207031 0.861328 0.230469 0.832031 0.248047
0 0.238281 0.826172 0.199219 0.814453 0.185547 0.796875 0.181641 0.777344 0.189453 0.757812 0.207031 0.740234 0.230469 0.728516 0.253906 0.728516 0.287109 0.750000 0.294922 0.781250 0.291016 0.792969 0.265625 0.818359 0.238281 0.826172
0 0.667969 0.232422 0.644531 0.232422 0.625000 0.224609 0.603516 0.191406 0.607422 0.152344 0.632812 0.134766 0.660156 0.134766 0.679688 0.142578 0.689453 0.156250 0.689453 0.187500 0.681641 0.199219 0.681641 0.214844 0.667969 0.232422
0 0.242188 0.630859 0.214844 0.626953 0.197266 0.609375 0.189453 0.589844 0.189453 0.562500 0.226562 0.533203 0.250000 0.533203 0.275391 0.554688 0.287109 0.574219 0.283203 0.601562 0.265625 0.619141 0.242188 0.630859
0 0.730469 0.240234 0.699219 0.236328 0.689453 0.222656 0.689453 0.207031 0.701172 0.152344 0.707031 0.146484 0.738281 0.142578 0.763672 0.160156 0.763672 0.187500 0.751953 0.226562 0.730469 0.240234
0 0.542969 0.259766 0.515625 0.259766 0.498047 0.246094 0.501953 0.210938 0.515625 0.189453 0.542969 0.189453 0.568359 0.214844 0.564453 0.242188 0.542969 0.259766
0 0.125000 0.427734 0.105469 0.427734 0.087891 0.402344 0.087891 0.386719 0.105469 0.369141 0.132812 0.376953 0.142578 0.394531 0.142578 0.410156 0.125000 0.427734
0 0.472656 0.232422 0.410156 0.224609 0.388672 0.195312 0.388672 0.167969 0.414062 0.146484 0.445312 0.146484 0.476562 0.162109 0.486328 0.171875 0.490234 0.187500 0.472656 0.232422
0 0.078125 0.271484 0.011719 0.267578 0.005859 0.261719 0.005859 0.238281 0.035156 0.208984 0.078125 0.208984 0.099609 0.230469 0.095703 0.253906 0.078125 0.271484
