0 0.711111 0.926389 0.698611 0.922222 0.702778 0.912500 0.715278 0.916667 0.711111 0.926389
0 0.329167 0.000000 0.323611 0.008333 0.312500 0.061111 0.294444 0.081944 0.286111 0.084722 0.266667 0.084722 0.245833 0.066667 0.237500 0.041667 0.240278 0.000000
0 0.929167 0.997222 0.944444 0.990278 0.977778 0.993056 0.981944 0.997222
0 0.997222 0.434722 0.977778 0.431944 0.945833 0.394444 0.945833 0.375000 0.963889 0.351389 0.997222 0.345833
0 0.277778 0.870833 0.255556 0.868056 0.236111 0.845833 0.200000 0.834722 0.184722 0.822222 0.173611 0.780556 0.173611 0.758333 0.179167 0.744444 0.191667 0.731944 0.211111 0.723611 0.222222 0.723611 0.236111 0.715278 0.247222 0.715278 0.276389 0.733333 0.287500 0.752778 0.284722 0.797222 0.295833 0.827778 0.295833 0.855556 0.277778 0.870833
0 0.506944 0.000000 0.463889 0.015278 0.436111 0.012500 0.412500 0.000000
0 0.637500 0.997222 0.618056 0.972222 0.615278 0.947222 0.626389 0.925000 0.641667 0.915278 0.697222 0.915278 0.698611 0.922222 0.711111 0.926389 0.737500 0.955556 0.740278 0.969444 0.751389 0.980556 0.756944 0.997222
0 0.533333 0.456944 0.486111 0.454167 0.465278 0.433333 0.456944 0.408333 0.459722 0.358333 0.493056 0.305556 0.530556 0.270833 0.575000 0.245833 0.608333 0.245833 0.626389 0.261111 0.640278 0.291667 0.631944 0.341667 0.584722 0.422222 0.569444 0.437500 0.533333 0.456944
0 0.773611 0.000000 0.779167 0.008333 0.779167 0.027778 0.769444 0.037500 0.750000 0.037500 0.737500 0.025000 0.737500 0.008333 0.743056 0.000000
0 0.663889 0.876389 0.636111 0.870833 0.615278 0.844444 0.606944 0.822222 0.606944 0.794444 0.615278 0.777778 0.636111 0.754167 0.658333 0.745833 0.672222 0.754167 0.711111 0.756944 0.744444 0.768056 0.762500 0.786111 0.762500 0.808333 0.754167 0.825000 0.733333 0.840278 0.702778 0.848611 0.680556 0.868056 0.663889 0.876389
0 0.908333 0.940278 0.861111 0.934722 0.843056 0.919444 0.834722 0.894444 0.834722 0.869444 0.843056 0.847222 0.855556 0.829167 0.883333 0.812500 0.902778 0.812500 0.941667 0.826389 0.973611 0.861111 0.984722 0.886111 0.979167 0.911111 0.961111 0.926389 0.941667 0.934722 0.908333 0.940278
0 0.569444 0.190278 0.536111 0.190278 0.486111 0.176389 0.468056 0.158333 0.459722 0.130556 0.465278 0.108333 0.481944 0.086111 0.484722 0.075000 0.500000 0.059722 0.544444 0.037500 0.577778 0.031944 0.619444 0.045833 0.634722 0.061111 0.640278 0.077778 0.640278 0.100000 0.631944 0.125000 0.612500 0.147222 0.604167 0.163889 0.569444 0.190278
0 0.777778 0.768056 0.741667 0.768056 0.711111 0.756944 0.683333 0.756944 0.663889 0.751389 0.651389 0.733333 0.651389 0.722222 0.666667 0.704167 0.705556 0.684722 0.725000 0.665278 0.738889 0.656944 0.758333 0.656944 0.786111 0.668056 0.804167 0.688889 0.809722 0.705556 0.806944 0.741667 0.791667 0.759722 0.777778 0.768056
0 0.625000 0.562500 0.602778 0.562500 0.586111 0.554167 0.565278 0.533333 0.559722 0.519444 0.559722 0.472222 0.565278 0.461111 0.565278 0.447222 0.625000 0.356944 0.658333 0.343056 0.694444 0.345833 0.718056 0.369444 0.720833 0.388889 0.676389 0.461111 0.651389 0.536111 0.625000 0.562500
0 0.402778 0.876389 0.372222 0.876389 0.355556 0.865278 0.340278 0.847222 0.331944 0.802778 0.331944 0.772222 0.337500 0.763889 0.337500 0.750000 0.345833 0.730556 0.377778 0.698611 0.400000 0.687500 0.458333 0.684722 0.490278 0.711111 0.498611 0.733333 0.498611 0.766667 0.459722 0.830556 0.430556 0.862500 0.402778 0.876389
0 0.263889 0.662500 0.202778 0.659722 0.186111 0.651389 0.170833 0.636111 0.165278 0.622222 0.165278 0.600000 0.170833 0.583333 0.188889 0.562500 0.202778 0.556944 0.230556 0.562500 0.272222 0.559722 0.301389 0.583333 0.306944 0.594444 0.306944 0.616667 0.301389 0.633333 0.280556 0.654167 0.263889 0.662500
0 0.473611 0.997222 0.462500 0.975000 0.459722 0.955556 0.465278 0.925000 0.494444 0.895833 0.525000 0.890278 0.544444 0.893056 0.568056 0.916667 0.581944 0.997222
0 0.302778 0.565278 0.280556 0.565278 0.243056 0.536111 0.231944 0.480556 0.237500 0.461111 0.263889 0.429167 0.288889 0.415278 0.322222 0.412500 0.337500 0.425000 0.351389 0.450000 0.354167 0.480556 0.348611 0.511111 0.334722 0.538889 0.311111 0.562500 0.302778 0.565278
0 0.000000 0.665278 0.015278 0.608333 0.055556 0.559722 0.088889 0.556944 0.112500 0.577778 0.115278 0.613889 0.109722 0.641667 0.098611 0.683333 0.076389 0.733333 0.063889 0.745833 0.027778 0.748611 0.006944 0.730556 0.000000 0.712500
0 0.912500 0.000000 0.897222 0.009722 0.863889 0.018056 0.841667 0.029167 0.805556 0.020833 0.784722 0.000000
