0 0.000000 0.259766 0.041016 0.304688 0.041016 0.312500 0.027344 0.326172 0.000000 0.326172
0 0.925781 0.310547 0.902344 0.310547 0.892578 0.300781 0.896484 0.289062 0.910156 0.283203 0.925781 0.291016 0.931641 0.296875 0.925781 0.310547
0 0.320312 0.275391 0.316406 0.263672 0.308594 0.275391 0.277344 0.271484 0.271484 0.265625 0.271484 0.242188 0.296875 0.224609 0.320312 0.228516 0.330078 0.242188 0.326172 0.269531 0.320312 0.275391
0 0.406250 0.544922 0.394531 0.541016 0.380859 0.523438 0.394531 0.498047 0.402344 0.498047 0.423828 0.515625 0.406250 0.544922
0 0.476562 0.482422 0.464844 0.482422 0.447266 0.464844 0.443359 0.449219 0.453125 0.439453 0.472656 0.439453 0.482422 0.449219 0.486328 0.464844 0.476562 0.482422
0 0.105469 0.134766 0.085938 0.134766 0.080078 0.128906 0.080078 0.117188 0.093750 0.103516 0.105469 0.103516 0.115234 0.117188 0.105469 0.134766
0 0.414062 0.669922 0.398438 0.669922 0.380859 0.652344 0.380859 0.628906 0.394531 0.611328 0.421875 0.611328 0.435547 0.625000 0.435547 0.648438 0.414062 0.669922
0 0.312500 0.654297 0.300781 0.646484 0.273438 0.646484 0.267578 0.640625 0.267578 0.617188 0.281250 0.603516 0.312500 0.607422 0.318359 0.601562 0.318359 0.625000 0.328125 0.626953 0.330078 0.636719 0.312500 0.654297
0 0.445312 0.427734 0.429688 0.427734 0.419922 0.417969 0.419922 0.402344 0.429688 0.392578 0.441406 0.392578 0.451172 0.406250 0.451172 0.421875 0.445312 0.427734
0 0.257812 0.064453 0.240234 0.054688 0.240234 0.042969 0.253906 0.033203 0.265625 0.033203 0.279297 0.054688 0.257812 0.064453
0 0.378906 0.455078 0.361328 0.445312 0.361328 0.433594 0.382812 0.416016 0.388672 0.429688 0.378906 0.455078
0 0.703125 0.462891 0.679688 0.458984 0.666016 0.441406 0.666016 0.421875 0.687500 0.404297 0.710938 0.408203 0.720703 0.425781 0.720703 0.445312 0.703125 0.462891
0 0.257812 0.509766 0.240234 0.492188 0.240234 0.468750 0.250000 0.458984 0.261719 0.458984 0.275391 0.468750 0.275391 0.488281 0.259766 0.500000 0.257812 0.509766
0 0.519531 0.458984 0.503906 0.458984 0.486328 0.441406 0.486328 0.425781 0.492188 0.419922 0.523438 0.419922 0.533203 0.429688 0.533203 0.445312 0.519531 0.458984
0 0.109375 0.228516 0.089844 0.228516 0.072266 0.210938 0.072266 0.191406 0.085938 0.173828 0.105469 0.173828 0.126953 0.195312 0.123047 0.218750 0.109375 0.228516
0 0.304688 0.318359 0.292969 0.318359 0.275391 0.304688 0.281250 0.287109 0.296875 0.291016 0.310547 0.304688 0.304688 0.318359
0 0.929688 0.365234 0.917969 0.365234 0.904297 0.355469 0.910156 0.337891 0.937500 0.337891 0.943359 0.343750 0.943359 0.355469 0.929688 0.365234
0 0.066406 0.283203 0.046875 0.283203 0.041016 0.277344 0.041016 0.261719 0.050781 0.259766 0.058594 0.248047 0.076172 0.257812 0.076172 0.273438 0.066406 0.283203
0 0.050781 0.259766 0.033203 0.253906 0.042969 0.236328 0.056641 0.242188 0.050781 0.259766
0 0.437500 0.388672 0.419922 0.382812 0.408203 0.355469 0.429688 0.330078 0.445312 0.330078 0.458984 0.343750 0.443359 0.359375 0.447266 0.378906 0.437500 0.388672
0 0.796875 0.080078 0.777344 0.076172 0.763672 0.062500 0.763672 0.046875 0.769531 0.041016 0.792969 0.041016 0.802734 0.050781 0.810547 0.070312 0.796875 0.080078
0 0.835938 0.052734 0.820312 0.052734 0.802734 0.039062 0.802734 0.031250 0.816406 0.017578 0.832031 0.017578 0.841797 0.027344 0.841797 0.046875 0.835938 0.052734
0 0.210938 0.248047 0.191406 0.244141 0.177734 0.222656 0.177734 0.214844 0.195312 0.197266 0.207031 0.197266 0.220703 0.218750 0.220703 0.238281 0.210938 0.248047
0 0.292969 0.544922 0.273438 0.541016 0.259766 0.523438 0.259766 0.500000 0.273438 0.490234 0.292969 0.490234 0.310547 0.507812 0.310547 0.527344 0.292969 0.544922
0 0.472656 0.384766 0.457031 0.384766 0.443359 0.375000 0.443359 0.359375 0.453125 0.349609 0.472656 0.349609 0.478516 0.355469 0.482422 0.375000 0.472656 0.384766
0 0.253906 0.330078 0.238281 0.326172 0.236328 0.312500 0.246094 0.302734 0.265625 0.302734 0.263672 0.324219 0.253906 0.330078
0 0.363281 0.720703 0.343750 0.720703 0.333984 0.710938 0.343750 0.681641 0.347656 0.689453 0.371094 0.685547 0.380859 0.691406 0.384766 0.707031 0.363281 0.720703
