0 0.218750 0.517578 0.203125 0.517578 0.190625 0.509766 0.173437 0.488281 0.160938 0.460938 0.160938 0.441406 0.187500 0.416016 0.209375 0.380859 0.221875 0.380859 0.235937 0.394531 0.251563 0.453125 0.248438 0.488281 0.218750 0.517578
0 0.753125 0.373047 0.743750 0.373047 0.717187 0.343750 0.717187 0.316406 0.728125 0.298828 0.740625 0.291016 0.781250 0.287109 0.789062 0.296875 0.789062 0.332031 0.768750 0.369141 0.753125 0.373047
0 0.415625 0.123047 0.403125 0.123047 0.375000 0.099609 0.350000 0.099609 0.337500 0.087891 0.314063 0.054688 0.314063 0.023438 0.325000 0.009766 0.350000 0.009766 0.393750 0.052734 0.431250 0.048828 0.439063 0.070312 0.426563 0.109375 0.415625 0.123047
0 0.765625 0.830078 0.745313 0.820312 0.745313 0.812500 0.765625 0.794922 0.800000 0.794922 0.832812 0.812500 0.828125 0.826172 0.765625 0.830078
0 0.453125 0.251953 0.440625 0.251953 0.426563 0.234375 0.420312 0.218750 0.420312 0.183594 0.443750 0.162109 0.475000 0.162109 0.489063 0.179688 0.489063 0.195312 0.464062 0.242188 0.453125 0.251953
0 0.000000 0.095703 0.001563 0.039062 0.006250 0.029297 0.007812 0.046875 0.014063 0.054688 0.014063 0.089844 0.007812 0.109375 0.000000 0.115234
0 0.431250 0.466797 0.400000 0.466797 0.385937 0.449219 0.385937 0.406250 0.407813 0.347656 0.417187 0.304688 0.446875 0.271484 0.465625 0.267578 0.489063 0.292969 0.498437 0.316406 0.495312 0.359375 0.476562 0.414062 0.446875 0.455078 0.431250 0.466797
0 0.900000 0.669922 0.878125 0.662109 0.828125 0.666016 0.823438 0.660156 0.823438 0.644531 0.834375 0.619141 0.878125 0.623047 0.904687 0.636719 0.904687 0.664062 0.900000 0.669922
0 0.606250 0.947266 0.540625 0.947266 0.535937 0.933594 0.565625 0.904297 0.581250 0.900391 0.593750 0.908203 0.610938 0.933594 0.606250 0.947266
0 0.653125 0.919922 0.606250 0.916016 0.578125 0.900391 0.567187 0.886719 0.567187 0.839844 0.596875 0.794922 0.618750 0.794922 0.628125 0.802734 0.653125 0.806641 0.679688 0.832031 0.682813 0.875000 0.676562 0.902344 0.653125 0.919922
0 0.553125 0.208984 0.515625 0.205078 0.498437 0.179688 0.498437 0.113281 0.515625 0.091797 0.565625 0.091797 0.584375 0.080078 0.600000 0.080078 0.610938 0.097656 0.601562 0.167969 0.590625 0.189453 0.553125 0.208984
0 0.381250 0.880859 0.362500 0.880859 0.342187 0.843750 0.345313 0.820312 0.365625 0.787109 0.381250 0.787109 0.385937 0.792969 0.407813 0.847656 0.407813 0.867188 0.403125 0.873047 0.381250 0.880859
0 0.271875 0.744141 0.243750 0.744141 0.220312 0.714844 0.217188 0.691406 0.243750 0.658203 0.275000 0.662109 0.292187 0.687500 0.289062 0.718750 0.271875 0.744141
0 0.178125 0.380859 0.134375 0.376953 0.110937 0.339844 0.110937 0.316406 0.125000 0.298828 0.159375 0.294922 0.196875 0.322266 0.207813 0.335938 0.207813 0.359375 0.193750 0.376953 0.178125 0.380859
0 0.996875 0.017578 0.990625 0.017578 0.973437 0.000000
0 0.000000 0.662109 0.012500 0.666016 0.042188 0.703125 0.042188 0.722656 0.032813 0.753906 0.012500 0.775391 0.000000 0.779297
0 0.478125 0.748047 0.456250 0.744141 0.429688 0.714844 0.429688 0.695312 0.434375 0.689453 0.446875 0.689453 0.462500 0.669922 0.500000 0.673828 0.510938 0.691406 0.510938 0.718750 0.478125 0.748047
0 0.828125 0.544922 0.800000 0.541016 0.792188 0.531250 0.789062 0.476562 0.801562 0.437500 0.793750 0.427734 0.778125 0.427734 0.754687 0.414062 0.751563 0.386719 0.762500 0.369141 0.778125 0.369141 0.821875 0.400391 0.839063 0.421875 0.854688 0.460938 0.854688 0.507812 0.845313 0.527344 0.828125 0.544922
0 0.506250 0.646484 0.459375 0.638672 0.439063 0.605469 0.442188 0.578125 0.471875 0.548828 0.512500 0.544922 0.539062 0.574219 0.542188 0.601562 0.535937 0.617188 0.506250 0.646484
0 0.421875 0.181641 0.410938 0.160156 0.414062 0.128906 0.459375 0.111328 0.467187 0.125000 0.464062 0.160156 0.443750 0.162109 0.421875 0.181641
0 0.390625 0.630859 0.350000 0.626953 0.317188 0.601562 0.310937 0.585938 0.310937 0.542969 0.325000 0.517578 0.353125 0.517578 0.376563 0.542969 0.382812 0.558594 0.385937 0.593750 0.395313 0.617188 0.390625 0.630859
0 0.700000 0.462891 0.678125 0.462891 0.671875 0.455078 0.657813 0.433594 0.657813 0.410156 0.678125 0.380859 0.696875 0.365234 0.712500 0.365234 0.729688 0.390625 0.729688 0.425781 0.700000 0.462891
0 0.000000 0.427734 0.004687 0.421875 0.006250 0.373047 0.015625 0.392578 0.021875 0.392578 0.051562 0.425781 0.054688 0.449219 0.043750 0.466797 0.028125 0.466797 0.000000 0.435547
0 0.834375 0.384766 0.821875 0.384766 0.812500 0.376953 0.789062 0.343750 0.789062 0.320312 0.803125 0.302734 0.837500 0.302734 0.857812 0.328125 0.851562 0.359375 0.834375 0.384766
0 0.384375 0.275391 0.331250 0.267578 0.323437 0.257812 0.323437 0.222656 0.340625 0.201172 0.403125 0.201172 0.414062 0.218750 0.414062 0.230469 0.384375 0.275391
0 0.225000 0.291016 0.193750 0.291016 0.171875 0.283203 0.148438 0.246094 0.151562 0.218750 0.171875 0.201172 0.184375 0.201172 0.225000 0.236328 0.239063 0.253906 0.239063 0.277344 0.225000 0.291016
0 0.037500 0.376953 0.025000 0.376953 0.007812 0.363281 0.010937 0.335938 0.037500 0.322266 0.062500 0.294922 0.071875 0.294922 0.079687 0.308594 0.079687 0.328125 0.070312 0.351562 0.037500 0.376953
0 0.646875 0.669922 0.618750 0.669922 0.609375 0.658203 0.587500 0.662109 0.576562 0.644531 0.582812 0.605469 0.593750 0.591797 0.615625 0.587891 0.628125 0.607422 0.643750 0.607422 0.656250 0.615234 0.664062 0.625000 0.664062 0.640625 0.646875 0.669922
0 0.590625 0.568359 0.534375 0.564453 0.518750 0.548828 0.506250 0.544922 0.492188 0.523438 0.492188 0.457031 0.528125 0.396484 0.553125 0.400391 0.575000 0.431641 0.615625 0.443359 0.632812 0.464844 0.629687 0.503906 0.590625 0.568359
0 0.700000 0.689453 0.684375 0.689453 0.664062 0.652344 0.664062 0.617188 0.684375 0.595703 0.693750 0.595703 0.723437 0.625000 0.717187 0.660156 0.700000 0.689453
0 0.807813 0.000000 0.790625 0.029297 0.771875 0.037109 0.737500 0.029297 0.732812 0.023438 0.732812 0.007812 0.739062 0.000000
0 0.012500 0.935547 0.004687 0.933594 0.004687 0.839844 0.018750 0.830078 0.037500 0.830078 0.057813 0.847656 0.057813 0.886719 0.034375 0.919922 0.012500 0.935547
0 0.296875 0.826172 0.275000 0.826172 0.264062 0.812500 0.264062 0.789062 0.293750 0.744141 0.306250 0.732422 0.315625 0.732422 0.332813 0.750000 0.332813 0.769531 0.326562 0.792969 0.296875 0.826172
0 0.268750 0.095703 0.243750 0.091797 0.223438 0.066406 0.217188 0.023438 0.228125 0.009766 0.246875 0.001953 0.271875 0.001953 0.289062 0.015625 0.292187 0.054688 0.268750 0.095703
0 0.650000 0.302734 0.625000 0.302734 0.607812 0.281250 0.607812 0.222656 0.631250 0.189453 0.646875 0.189453 0.665625 0.205078 0.673438 0.214844 0.679688 0.246094 0.676562 0.273438 0.650000 0.302734
0 0.468750 0.974609 0.425000 0.970703 0.414062 0.953125 0.414062 0.933594 0.432812 0.894531 0.439063 0.859375 0.459375 0.833984 0.506250 0.833984 0.520312 0.847656 0.510938 0.925781 0.493750 0.958984 0.468750 0.974609
0 0.590625 0.994141 0.540625 0.974609 0.532813 0.964844 0.532813 0.953125 0.537500 0.947266 0.559375 0.943359 0.600000 0.947266 0.604688 0.960938 0.590625 0.994141
0 0.000000 0.298828 0.025000 0.275391 0.040625 0.275391 0.051562 0.289062 0.051562 0.304688 0.031250 0.326172 0.006250 0.330078 0.000000 0.318359
0 0.962500 0.529297 0.943750 0.529297 0.923438 0.503906 0.926562 0.468750 0.940625 0.419922 0.959375 0.423828 0.992188 0.453125 0.989062 0.480469 0.976562 0.496094 0.976562 0.515625 0.962500 0.529297
0 0.479687 0.000000 0.471875 0.005859 0.446875 0.005859 0.442188 0.000000
0 0.607812 0.996094 0.604688 0.980469 0.621875 0.958984 0.640625 0.958984 0.654687 0.976562 0.654687 0.996094
0 0.134375 0.537109 0.121875 0.537109 0.101562 0.503906 0.104688 0.464844 0.121875 0.435547 0.140625 0.435547 0.154688 0.457031 0.154688 0.472656 0.139063 0.492188 0.139063 0.531250 0.134375 0.537109
0 0.996875 0.630859 0.981250 0.630859 0.968750 0.623047 0.954688 0.601562 0.957812 0.542969 0.965625 0.533203 0.996875 0.529297
0 0.668750 0.775391 0.640625 0.771484 0.620313 0.742188 0.620313 0.707031 0.637500 0.689453 0.678125 0.697266 0.685937 0.707031 0.685937 0.734375 0.668750 0.775391
0 0.209375 0.595703 0.184375 0.595703 0.170313 0.578125 0.170313 0.554688 0.193750 0.529297 0.203125 0.529297 0.210938 0.546875 0.214062 0.589844 0.209375 0.595703
0 0.996875 0.978516 0.976562 0.964844 0.976562 0.914062 0.981250 0.908203 0.996875 0.908203
0 0.000000 0.595703 0.025000 0.576172 0.075000 0.568359 0.089063 0.578125 0.092188 0.597656 0.114062 0.621094 0.114062 0.644531 0.078125 0.720703 0.050000 0.716797 0.039062 0.695312 0.017188 0.671875 0.017188 0.664062 0.000000 0.646484
0 0.921875 0.498047 0.884375 0.474609 0.870313 0.453125 0.867188 0.433594 0.876563 0.421875 0.876563 0.414062 0.890625 0.400391 0.915625 0.396484 0.935937 0.414062 0.935937 0.437500 0.921875 0.498047
0 0.590625 0.333984 0.562500 0.333984 0.540625 0.326172 0.523438 0.300781 0.517188 0.269531 0.543750 0.248047 0.593750 0.248047 0.607812 0.265625 0.614062 0.308594 0.590625 0.333984
0 0.590625 0.412109 0.581250 0.412109 0.573438 0.394531 0.573438 0.371094 0.581250 0.361328 0.593750 0.361328 0.604688 0.371094 0.604688 0.382812 0.590625 0.412109
0 0.228125 0.865234 0.203125 0.865234 0.195312 0.843750 0.198437 0.746094 0.203125 0.740234 0.231250 0.740234 0.257812 0.773438 0.264062 0.789062 0.264062 0.812500 0.248438 0.843750 0.228125 0.865234
0 0.818750 0.291016 0.793750 0.287109 0.779687 0.269531 0.779687 0.218750 0.790625 0.205078 0.834375 0.197266 0.845313 0.210938 0.845313 0.257812 0.818750 0.291016
0 0.321875 0.931641 0.303125 0.931641 0.285938 0.914062 0.276562 0.894531 0.276562 0.867188 0.293750 0.845703 0.315625 0.830078 0.334375 0.830078 0.364063 0.882812 0.364063 0.917969 0.356250 0.927734 0.321875 0.931641
0 0.378125 0.197266 0.362500 0.197266 0.340625 0.169922 0.334375 0.169922 0.318750 0.189453 0.300000 0.189453 0.285938 0.167969 0.285938 0.140625 0.292187 0.125000 0.303125 0.115234 0.346875 0.099609 0.375000 0.099609 0.384375 0.107422 0.404687 0.144531 0.404687 0.167969 0.378125 0.197266
0 0.287500 0.947266 0.271875 0.947266 0.262500 0.939453 0.243750 0.947266 0.218750 0.947266 0.214062 0.929688 0.217188 0.917969 0.237500 0.892578 0.256250 0.888672 0.289062 0.921875 0.292187 0.941406 0.287500 0.947266
0 0.290625 0.533203 0.278125 0.533203 0.267188 0.515625 0.264062 0.445312 0.248438 0.421875 0.245312 0.367188 0.248438 0.351562 0.262500 0.341797 0.268750 0.341797 0.282813 0.359375 0.293750 0.388672 0.300000 0.388672 0.315625 0.365234 0.325000 0.365234 0.335938 0.375000 0.342187 0.437500 0.364063 0.492188 0.359375 0.505859 0.312500 0.501953 0.290625 0.533203
0 0.093750 0.259766 0.043750 0.251953 0.014063 0.207031 0.014063 0.175781 0.053125 0.126953 0.084375 0.126953 0.139063 0.175781 0.142187 0.210938 0.134375 0.220703 0.118750 0.220703 0.114062 0.238281 0.093750 0.259766
0 0.446875 0.689453 0.412500 0.685547 0.392188 0.660156 0.389062 0.636719 0.409375 0.611328 0.440625 0.607422 0.454688 0.625000 0.460938 0.671875 0.446875 0.689453
0 0.156250 0.130859 0.131250 0.126953 0.114062 0.105469 0.117188 0.070312 0.125000 0.060547 0.150000 0.048828 0.168750 0.048828 0.200000 0.060547 0.207813 0.070312 0.207813 0.089844 0.201563 0.101562 0.193750 0.111328 0.171875 0.115234 0.156250 0.130859
