0 0.445312 0.189453 0.414062 0.189453 0.396484 0.175781 0.392578 0.152344 0.406250 0.134766 0.433594 0.134766 0.462891 0.152344 0.466797 0.171875 0.457031 0.185547 0.445312 0.189453
0 0.585938 0.623047 0.562500 0.623047 0.544922 0.593750 0.544922 0.570312 0.562500 0.556641 0.582031 0.560547 0.599609 0.582031 0.599609 0.609375 0.585938 0.623047
0 0.914062 0.736328 0.896484 0.722656 0.892578 0.710938 0.896484 0.687500 0.906250 0.677734 0.923828 0.683594 0.931641 0.707031 0.927734 0.726562 0.914062 0.736328
0 0.117188 0.587891 0.095703 0.578125 0.091797 0.542969 0.105469 0.525391 0.132812 0.521484 0.146484 0.535156 0.146484 0.550781 0.138672 0.570312 0.117188 0.587891
0 0.402344 0.494141 0.375000 0.490234 0.357422 0.472656 0.357422 0.457031 0.371094 0.443359 0.398438 0.443359 0.412109 0.457031 0.416016 0.484375 0.402344 0.494141
0 0.523438 0.087891 0.511719 0.087891 0.498047 0.078125 0.498047 0.058594 0.507812 0.044922 0.527344 0.044922 0.537109 0.054688 0.537109 0.078125 0.523438 0.087891
0 0.621094 0.115234 0.601562 0.115234 0.591797 0.105469 0.591797 0.085938 0.597656 0.080078 0.617188 0.080078 0.630859 0.089844 0.630859 0.109375 0.621094 0.115234
0 0.953125 0.509766 0.929688 0.509766 0.904297 0.484375 0.904297 0.460938 0.917969 0.443359 0.937500 0.439453 0.982422 0.457031 0.982422 0.492188 0.953125 0.509766
0 0.425781 0.783203 0.406250 0.783203 0.380859 0.761719 0.380859 0.738281 0.386719 0.732422 0.406250 0.728516 0.435547 0.750000 0.439453 0.761719 0.425781 0.783203
0 0.996094 0.130859 0.976562 0.142578 0.957031 0.142578 0.935547 0.121094 0.935547 0.105469 0.953125 0.087891 0.972656 0.083984 0.996094 0.095703
0 0.980469 0.451172 0.933594 0.439453 0.927734 0.433594 0.927734 0.414062 0.937500 0.404297 0.957031 0.404297 0.984375 0.416016 0.994141 0.425781 0.994141 0.441406 0.980469 0.451172
0 0.808594 0.837891 0.792969 0.837891 0.771484 0.820312 0.771484 0.792969 0.796875 0.763672 0.808594 0.763672 0.822266 0.789062 0.822266 0.824219 0.808594 0.837891
