0 0.282233 0.566335 0.279481 0.563847 0.280660 0.556385 0.283412 0.558872 0.282233 0.566335
0 0.235849 0.657546 0.229560 0.657546 0.228381 0.650083 0.231918 0.644279 0.235063 0.644279 0.239387 0.650083 0.238601 0.655058 0.235849 0.657546
0 0.318396 0.592869 0.314072 0.588723 0.314072 0.582090 0.320755 0.576285 0.322720 0.582090 0.318396 0.592869
0 0.405660 0.498342 0.402516 0.495025 0.400550 0.487562 0.400550 0.480929 0.404088 0.468491 0.406447 0.468491 0.409198 0.479270 0.408412 0.494196 0.405660 0.498342
0 0.349843 0.692371 0.347484 0.692371 0.345519 0.684909 0.347091 0.681592 0.346305 0.678275 0.348270 0.674129 0.351415 0.674129 0.352201 0.679104 0.352987 0.677446 0.354953 0.679934 0.353381 0.688226 0.349843 0.692371
0 0.448899 0.554726 0.446541 0.554726 0.443003 0.548922 0.444182 0.541459 0.448113 0.541459 0.450079 0.545605 0.450079 0.552239 0.448899 0.554726
0 0.385220 0.670813 0.382469 0.668325 0.381682 0.661692 0.384041 0.645108 0.385220 0.642620 0.388365 0.642620 0.390330 0.648425 0.390330 0.656716 0.387972 0.666667 0.385220 0.670813
0 0.312107 0.645937 0.307783 0.645108 0.308569 0.635158 0.310535 0.631012 0.312893 0.631012 0.314858 0.636816 0.312107 0.645937
0 0.319969 0.689055 0.316038 0.687396 0.312500 0.678275 0.312500 0.665008 0.315252 0.660862 0.318396 0.662521 0.321934 0.671642 0.322720 0.681592 0.319969 0.689055
0 0.348270 0.471808 0.343553 0.471808 0.342374 0.469320 0.342374 0.457711 0.343553 0.455224 0.347484 0.455224 0.349450 0.459370 0.350236 0.467662 0.348270 0.471808
0 0.224843 0.631012 0.222484 0.631012 0.220519 0.626866 0.222484 0.619403 0.226022 0.621891 0.226022 0.628524 0.224843 0.631012
0 0.372642 0.470149 0.371069 0.470149 0.368318 0.462687 0.368318 0.446103 0.371069 0.436982 0.373821 0.439469 0.373821 0.467662 0.372642 0.470149
0 0.360063 0.450249 0.356918 0.450249 0.353381 0.442786 0.353381 0.439469 0.357704 0.428690 0.360849 0.428690 0.363601 0.436153 0.363601 0.444444 0.360063 0.450249
0 0.426101 0.655887 0.420597 0.652570 0.419418 0.645108 0.420597 0.642620 0.423742 0.642620 0.427280 0.650083 0.426101 0.655887
0 0.291667 0.702322 0.288915 0.699834 0.288915 0.689884 0.291667 0.684080 0.294811 0.684080 0.298349 0.689884 0.298349 0.694859 0.296384 0.699005 0.291667 0.702322
0 0.301101 0.635987 0.295991 0.626866 0.295991 0.616915 0.299528 0.607794 0.305818 0.611111 0.307783 0.616915 0.307783 0.621891 0.301101 0.635987
0 0.279088 0.485075 0.275157 0.485075 0.273978 0.482587 0.272406 0.461028 0.274371 0.456882 0.276730 0.456882 0.283412 0.469320 0.282626 0.479270 0.279088 0.485075
0 0.319182 0.460199 0.314465 0.456882 0.311714 0.449420 0.310928 0.444444 0.312107 0.432007 0.319969 0.432007 0.324292 0.437811 0.323506 0.454395 0.319182 0.460199
0 0.329403 0.700663 0.326651 0.698176 0.326651 0.693201 0.331761 0.682421 0.333333 0.682421 0.334513 0.689884 0.329403 0.700663
0 0.286164 0.657546 0.280660 0.657546 0.279481 0.655058 0.279481 0.643449 0.283805 0.634328 0.288522 0.634328 0.290487 0.640133 0.288129 0.653400 0.286164 0.657546
0 0.236635 0.602819 0.233491 0.602819 0.231525 0.598673 0.229953 0.588723 0.231918 0.577944 0.238208 0.574627 0.240959 0.583748 0.240173 0.595357 0.236635 0.602819
0 0.365566 0.485075 0.362421 0.485075 0.355739 0.469320 0.357704 0.461857 0.360849 0.460199 0.363994 0.461857 0.365959 0.466003 0.366745 0.482587 0.365566 0.485075
0 0.417453 0.470149 0.412736 0.470149 0.411557 0.467662 0.411557 0.459370 0.412736 0.456882 0.417453 0.456882 0.418632 0.459370 0.418632 0.467662 0.417453 0.470149
0 0.338050 0.553068 0.335692 0.553068 0.332940 0.547264 0.332940 0.538972 0.330582 0.533997 0.331761 0.526534 0.336478 0.529851 0.340016 0.535655 0.340016 0.548922 0.338050 0.553068
0 0.309748 0.478441 0.305818 0.478441 0.304638 0.475954 0.304638 0.461028 0.306604 0.456882 0.309748 0.456882 0.311714 0.461028 0.311714 0.474295 0.309748 0.478441
0 0.338050 0.635987 0.333726 0.631841 0.331368 0.618574 0.336478 0.604478 0.341981 0.604478 0.347091 0.611940 0.347091 0.616915 0.345519 0.626866 0.338050 0.635987
0 0.365566 0.660862 0.362814 0.658375 0.362814 0.645108 0.364780 0.642620 0.366352 0.642620 0.368318 0.648425 0.368318 0.655058 0.365566 0.660862
0 0.326258 0.563018 0.320755 0.558043 0.311321 0.561360 0.310142 0.558872 0.310142 0.548922 0.312107 0.543118 0.313679 0.543118 0.318396 0.548093 0.325472 0.549751 0.327437 0.553897 0.327437 0.560531 0.326258 0.563018
0 0.354560 0.509950 0.352201 0.509950 0.349450 0.502488 0.349450 0.494196 0.352201 0.483416 0.354560 0.483416 0.356525 0.489221 0.356525 0.500829 0.354560 0.509950
0 0.427673 0.538143 0.424135 0.530680 0.424135 0.520730 0.426494 0.510779 0.429245 0.506633 0.431997 0.512438 0.432783 0.529022 0.430031 0.536484 0.427673 0.538143
0 0.365566 0.622720 0.362814 0.613599 0.362814 0.608624 0.365566 0.601161 0.367138 0.601161 0.369890 0.606965 0.369890 0.613599 0.365566 0.622720
0 0.452044 0.516584 0.447327 0.514925 0.443003 0.507463 0.441431 0.497512 0.444969 0.485075 0.448113 0.485075 0.456368 0.504146 0.456368 0.507463 0.452044 0.516584
0 0.433176 0.483416 0.428852 0.479270 0.428852 0.470978 0.431604 0.461857 0.435142 0.464345 0.435142 0.475954 0.433176 0.483416
0 0.402516 0.534826 0.396619 0.527363 0.396619 0.515755 0.397799 0.511609 0.400943 0.511609 0.404481 0.519071 0.405267 0.529022 0.402516 0.534826
0 0.367138 0.523217 0.362421 0.523217 0.358884 0.519071 0.361242 0.505804 0.363208 0.501658 0.367138 0.501658 0.368318 0.504146 0.368318 0.520730 0.367138 0.523217
0 0.415094 0.571310 0.411164 0.569652 0.406840 0.558872 0.408805 0.549751 0.411164 0.549751 0.414701 0.558872 0.416274 0.565506 0.415094 0.571310
0 0.240566 0.531509 0.237814 0.529022 0.238994 0.521559 0.241745 0.524046 0.240566 0.531509
0 0.312107 0.529851 0.306604 0.526534 0.305425 0.522388 0.306211 0.509121 0.308176 0.501658 0.310535 0.501658 0.315645 0.512438 0.315645 0.522388 0.312107 0.529851
0 0.323113 0.619403 0.319969 0.617745 0.318003 0.611940 0.319969 0.602819 0.324686 0.599502 0.327437 0.605307 0.327437 0.610282 0.323113 0.619403
0 0.294811 0.546434 0.288522 0.546434 0.285770 0.540630 0.285770 0.529022 0.289308 0.521559 0.292453 0.521559 0.295597 0.526534 0.298349 0.527363 0.299135 0.540630 0.294811 0.546434
0 0.418239 0.523217 0.415487 0.519071 0.412343 0.507463 0.413129 0.494196 0.415094 0.486733 0.419025 0.486733 0.420991 0.490879 0.421777 0.517413 0.420597 0.521559 0.418239 0.523217
0 0.231918 0.556385 0.228774 0.556385 0.226022 0.552239 0.225236 0.543947 0.227201 0.539801 0.229560 0.539801 0.233097 0.545605 0.233097 0.553897 0.231918 0.556385
0 0.235063 0.509950 0.231525 0.507463 0.231525 0.500829 0.233491 0.496683 0.236242 0.499171 0.236242 0.507463 0.235063 0.509950
0 0.389937 0.572968 0.385220 0.569652 0.383255 0.562189 0.384041 0.552239 0.387579 0.546434 0.391509 0.546434 0.395833 0.550580 0.395047 0.565506 0.389937 0.572968
0 0.373428 0.596186 0.370283 0.596186 0.367531 0.590381 0.367531 0.582090 0.369497 0.577944 0.372642 0.577944 0.374607 0.582090 0.375393 0.593698 0.373428 0.596186
0 0.425314 0.440299 0.422170 0.440299 0.420991 0.437811 0.422956 0.430348 0.426494 0.432836 0.425314 0.440299
0 0.322327 0.496683 0.318396 0.495025 0.316431 0.489221 0.316431 0.484245 0.318003 0.472637 0.319969 0.468491 0.323113 0.466833 0.326258 0.470149 0.327437 0.475954 0.325079 0.480929 0.325865 0.482587 0.324292 0.494196 0.322327 0.496683
0 0.334906 0.471808 0.330975 0.471808 0.329796 0.469320 0.329796 0.459370 0.330975 0.456882 0.334906 0.456882 0.336085 0.459370 0.336871 0.467662 0.334906 0.471808
0 0.210692 0.611111 0.207154 0.606965 0.207154 0.601990 0.209906 0.597844 0.212657 0.600332 0.212657 0.606965 0.210692 0.611111
0 0.339623 0.432007 0.336478 0.432007 0.335299 0.429519 0.337264 0.420398 0.340802 0.424544 0.339623 0.432007
0 0.362421 0.659204 0.356918 0.657546 0.355739 0.655058 0.355739 0.650083 0.352594 0.640133 0.352594 0.631841 0.353774 0.629353 0.358491 0.634328 0.362814 0.645108 0.362421 0.659204
0 0.400157 0.602819 0.393868 0.601161 0.392689 0.598673 0.392689 0.592040 0.396226 0.586235 0.399371 0.586235 0.401336 0.590381 0.401336 0.600332 0.400157 0.602819
0 0.472484 0.524876 0.468160 0.520730 0.468160 0.517413 0.470912 0.513267 0.473664 0.515755 0.473664 0.522388 0.472484 0.524876
0 0.368711 0.558043 0.357704 0.549751 0.356525 0.542289 0.359277 0.538143 0.367925 0.541459 0.371462 0.550580 0.371462 0.553897 0.368711 0.558043
0 0.382862 0.481758 0.380110 0.479270 0.380110 0.466003 0.377752 0.459370 0.377752 0.452736 0.379717 0.448590 0.382075 0.448590 0.384827 0.457711 0.384827 0.477612 0.382862 0.481758
0 0.344340 0.523217 0.341981 0.523217 0.336871 0.507463 0.336871 0.499171 0.338050 0.496683 0.341981 0.496683 0.345519 0.505804 0.345519 0.520730 0.344340 0.523217
0 0.379717 0.538143 0.376965 0.537313 0.376179 0.507463 0.378145 0.500000 0.382075 0.500000 0.384041 0.504146 0.384827 0.524046 0.381682 0.535655 0.379717 0.538143
0 0.356918 0.576285 0.354560 0.576285 0.351808 0.567164 0.351808 0.562189 0.354560 0.558043 0.358491 0.559701 0.361242 0.567164 0.361242 0.572139 0.356918 0.576285
0 0.222484 0.581260 0.214623 0.577944 0.213443 0.570481 0.217767 0.564677 0.220912 0.564677 0.223664 0.570481 0.223664 0.578773 0.222484 0.581260
0 0.427673 0.587894 0.423742 0.587894 0.419418 0.582090 0.419418 0.575456 0.424528 0.561360 0.428066 0.565506 0.428852 0.585406 0.427673 0.587894
0 0.239780 0.634328 0.233884 0.626866 0.234670 0.625207 0.233097 0.620232 0.236635 0.611111 0.241352 0.614428 0.244104 0.625207 0.244104 0.628524 0.239780 0.634328
0 0.389151 0.440299 0.381289 0.440299 0.380110 0.437811 0.380110 0.431177 0.383648 0.423715 0.386006 0.423715 0.390330 0.432836 0.389151 0.440299
0 0.349843 0.599502 0.341195 0.592869 0.340016 0.587065 0.342767 0.581260 0.345126 0.581260 0.351022 0.592040 0.349843 0.599502
0 0.305818 0.571310 0.300314 0.571310 0.299135 0.565506 0.301101 0.561360 0.304245 0.559701 0.306997 0.563847 0.305818 0.571310
0 0.401730 0.685738 0.397406 0.679934 0.397406 0.673300 0.399371 0.669154 0.402123 0.673300 0.403695 0.681592 0.401730 0.685738
0 0.298742 0.496683 0.296384 0.496683 0.292846 0.490879 0.291274 0.467662 0.293239 0.461857 0.297956 0.461857 0.299921 0.466003 0.301494 0.492537 0.298742 0.496683
0 0.394654 0.496683 0.390723 0.495025 0.387972 0.489221 0.387972 0.474295 0.390723 0.461857 0.392296 0.461857 0.396619 0.474295 0.396619 0.492537 0.394654 0.496683
0 0.330189 0.662521 0.326258 0.660862 0.321934 0.651741 0.321934 0.641791 0.324686 0.634328 0.329403 0.634328 0.330582 0.638474 0.332940 0.651741 0.332154 0.658375 0.330189 0.662521
