0 0.722656 0.759766 0.703125 0.759766 0.693359 0.750000 0.689453 0.734375 0.714844 0.697266 0.734375 0.697266 0.744141 0.707031 0.744141 0.734375 0.740234 0.746094 0.722656 0.759766
0 0.839844 0.310547 0.820312 0.306641 0.810547 0.296875 0.802734 0.281250 0.802734 0.253906 0.832031 0.228516 0.855469 0.228516 0.876953 0.250000 0.876953 0.277344 0.851562 0.306641 0.839844 0.310547
0 0.537109 0.996094 0.550781 0.974609 0.589844 0.962891 0.605469 0.966797 0.615234 0.976562 0.615234 0.996094
0 0.996094 0.591797 0.980469 0.611328 0.957031 0.615234 0.935547 0.601562 0.919922 0.578125 0.927734 0.546875 0.949219 0.533203 0.976562 0.537109 0.990234 0.546875 0.996094 0.560547
0 0.138672 0.000000 0.130859 0.027344 0.109375 0.041016 0.082031 0.037109 0.068359 0.023438 0.060547 0.000000
0 0.769531 0.107422 0.757812 0.107422 0.740234 0.093750 0.740234 0.074219 0.750000 0.060547 0.781250 0.044922 0.792969 0.044922 0.806641 0.054688 0.802734 0.078125 0.785156 0.099609 0.769531 0.107422
0 0.515625 0.904297 0.494141 0.898438 0.478516 0.859375 0.482422 0.847656 0.503906 0.830078 0.523438 0.830078 0.539062 0.837891 0.548828 0.859375 0.548828 0.878906 0.535156 0.896484 0.515625 0.904297
0 0.000000 0.134766 0.009766 0.148438 0.009766 0.164062 0.000000 0.185547
0 0.896484 0.996094 0.884766 0.988281 0.876953 0.972656 0.886719 0.951172 0.919922 0.953125 0.923828 0.972656 0.935547 0.988281 0.931641 0.996094
0 0.750000 0.923828 0.722656 0.919922 0.712891 0.910156 0.716797 0.890625 0.742188 0.873047 0.757812 0.876953 0.767578 0.890625 0.763672 0.914062 0.750000 0.923828
0 0.367188 0.755859 0.339844 0.755859 0.318359 0.738281 0.318359 0.710938 0.324219 0.705078 0.359375 0.708984 0.376953 0.726562 0.380859 0.738281 0.376953 0.750000 0.367188 0.755859
0 0.281250 0.857422 0.257812 0.857422 0.244141 0.835938 0.248047 0.789062 0.257812 0.783203 0.285156 0.787109 0.302734 0.808594 0.298828 0.832031 0.281250 0.857422
