0 0.997222 0.406944 0.981944 0.391667 0.976389 0.377778 0.979167 0.341667 0.997222 0.312500
0 0.505556 0.865278 0.491667 0.865278 0.463889 0.851389 0.434722 0.819444 0.423611 0.794444 0.423611 0.741667 0.429167 0.719444 0.450000 0.693056 0.488889 0.670833 0.513889 0.670833 0.527778 0.679167 0.545833 0.702778 0.554167 0.730556 0.554167 0.786111 0.545833 0.819444 0.529167 0.850000 0.516667 0.862500 0.505556 0.865278
0 0.313889 0.598611 0.294444 0.598611 0.284722 0.588889 0.284722 0.563889 0.306944 0.525000 0.319444 0.512500 0.341667 0.506944 0.358333 0.506944 0.372222 0.512500 0.376389 0.527778 0.365278 0.547222 0.340278 0.577778 0.322222 0.595833 0.313889 0.598611
0 0.188889 0.818056 0.172222 0.812500 0.152778 0.812500 0.127778 0.798611 0.104167 0.758333 0.087500 0.738889 0.081944 0.727778 0.081944 0.700000 0.108333 0.670833 0.166667 0.668056 0.188889 0.676389 0.213889 0.673611 0.255556 0.693056 0.270833 0.705556 0.287500 0.727778 0.287500 0.766667 0.269444 0.784722 0.225000 0.809722 0.200000 0.812500 0.188889 0.818056
0 0.997222 0.862500 0.975000 0.859722 0.947222 0.848611 0.923611 0.827778 0.912500 0.808333 0.915278 0.780556 0.930556 0.765278 0.997222 0.745833
0 0.872222 0.720833 0.847222 0.720833 0.800000 0.701389 0.781944 0.686111 0.781944 0.661111 0.802778 0.634722 0.863889 0.601389 0.866667 0.595833 0.875000 0.595833 0.900000 0.573611 0.944444 0.570833 0.962500 0.586111 0.970833 0.600000 0.973611 0.650000 0.919444 0.701389 0.872222 0.720833
0 0.362500 0.000000 0.370833 0.016667 0.370833 0.094444 0.359722 0.116667 0.330556 0.145833 0.305556 0.156944 0.297222 0.165278 0.288889 0.162500 0.280556 0.168056 0.269444 0.168056 0.247222 0.156944 0.218056 0.122222 0.215278 0.111111 0.218056 0.047222 0.234722 0.008333 0.243056 0.000000
0 0.861111 0.154167 0.797222 0.148611 0.766667 0.131944 0.729167 0.094444 0.731944 0.050000 0.761111 0.023611 0.822222 0.026389 0.869444 0.018056 0.911111 0.034722 0.931944 0.058333 0.934722 0.083333 0.926389 0.111111 0.902778 0.143056 0.883333 0.151389 0.861111 0.154167
0 0.279167 0.997222 0.247222 0.984722 0.215278 0.952778 0.204167 0.930556 0.204167 0.902778 0.215278 0.883333 0.238889 0.865278 0.266667 0.856944 0.319444 0.856944 0.330556 0.851389 0.372222 0.851389 0.397222 0.859722 0.423611 0.886111 0.431944 0.919444 0.423611 0.958333 0.418056 0.969444 0.394444 0.993056 0.381944 0.997222
0 0.000000 0.445833 0.041667 0.445833 0.080556 0.440278 0.150000 0.443056 0.172222 0.448611 0.205556 0.470833 0.212500 0.480556 0.212500 0.497222 0.198611 0.516667 0.161111 0.551389 0.152778 0.551389 0.108333 0.576389 0.069444 0.590278 0.030556 0.598611 0.000000 0.598611
0 0.751389 0.997222 0.768056 0.972222 0.791667 0.948611 0.830556 0.929167 0.869444 0.929167 0.902778 0.945833 0.915278 0.958333 0.915278 0.997222
0 0.000000 0.776389 0.023611 0.797222 0.037500 0.816667 0.043056 0.833333 0.043056 0.861111 0.031944 0.908333 0.016667 0.923611 0.000000 0.929167
0 0.000000 0.259722 0.086111 0.251389 0.105556 0.240278 0.141667 0.234722 0.155556 0.243056 0.172222 0.245833 0.183333 0.254167 0.204167 0.275000 0.209722 0.288889 0.206944 0.308333 0.163889 0.356944 0.141667 0.362500 0.105556 0.381944 0.041667 0.381944 0.011111 0.370833 0.000000 0.359722
0 0.852778 0.593056 0.819444 0.593056 0.798611 0.575000 0.793056 0.563889 0.790278 0.522222 0.776389 0.472222 0.776389 0.450000 0.787500 0.433333 0.802778 0.423611 0.819444 0.420833 0.852778 0.434722 0.868056 0.450000 0.881944 0.475000 0.884722 0.558333 0.879167 0.575000 0.852778 0.593056
0 0.569444 0.470833 0.538889 0.470833 0.522222 0.459722 0.501389 0.433333 0.487500 0.402778 0.484722 0.347222 0.509722 0.313889 0.530556 0.301389 0.555556 0.301389 0.583333 0.326389 0.591667 0.329167 0.609722 0.350000 0.623611 0.383333 0.626389 0.413889 0.618056 0.444444 0.608333 0.454167 0.569444 0.470833
0 0.888889 0.398611 0.858333 0.395833 0.816667 0.379167 0.795833 0.358333 0.787500 0.336111 0.790278 0.308333 0.820833 0.261111 0.818056 0.188889 0.841667 0.168056 0.866667 0.159722 0.883333 0.159722 0.936111 0.184722 0.956944 0.205556 0.976389 0.252778 0.976389 0.313889 0.970833 0.330556 0.916667 0.387500 0.888889 0.398611
0 0.280556 0.487500 0.252778 0.487500 0.208333 0.473611 0.172222 0.448611 0.159722 0.444444 0.154167 0.422222 0.156944 0.375000 0.165278 0.355556 0.187500 0.327778 0.202778 0.312500 0.211111 0.312500 0.216667 0.306944 0.238889 0.301389 0.275000 0.301389 0.284722 0.308333 0.293056 0.322222 0.295833 0.352778 0.281944 0.394444 0.293056 0.438889 0.293056 0.472222 0.280556 0.487500
