0 0.957031 0.498047 0.941406 0.498047 0.914062 0.486328 0.900391 0.472656 0.900391 0.460938 0.925781 0.443359 0.960938 0.447266 0.974609 0.468750 0.957031 0.498047
0 0.035156 0.162109 0.015625 0.154297 0.001953 0.136719 0.001953 0.121094 0.011719 0.111328 0.027344 0.111328 0.052734 0.136719 0.048828 0.152344 0.035156 0.162109
0 0.996094 0.697266 0.988281 0.697266 0.974609 0.683594 0.978516 0.671875 0.996094 0.658203
0 0.781250 0.193359 0.742188 0.189453 0.736328 0.183594 0.740234 0.164062 0.753906 0.154297 0.781250 0.154297 0.791016 0.164062 0.791016 0.183594 0.781250 0.193359
0 0.234375 0.986328 0.218750 0.986328 0.166016 0.941406 0.166016 0.925781 0.175781 0.912109 0.191406 0.908203 0.236328 0.941406 0.244141 0.953125 0.244141 0.972656 0.234375 0.986328
0 0.720703 0.000000 0.728516 0.011719 0.728516 0.027344 0.714844 0.041016 0.695312 0.037109 0.673828 0.015625 0.669922 0.000000
0 0.496094 0.939453 0.484375 0.939453 0.474609 0.929688 0.455078 0.898438 0.451172 0.867188 0.460938 0.857422 0.468750 0.857422 0.490234 0.875000 0.501953 0.898438 0.505859 0.925781 0.496094 0.939453
0 0.488281 0.720703 0.472656 0.720703 0.455078 0.703125 0.451172 0.671875 0.460938 0.662109 0.472656 0.662109 0.490234 0.679688 0.494141 0.714844 0.488281 0.720703
0 0.839844 0.126953 0.816406 0.126953 0.802734 0.113281 0.798828 0.093750 0.812500 0.080078 0.824219 0.080078 0.845703 0.093750 0.849609 0.117188 0.839844 0.126953
0 0.380859 0.000000 0.376953 0.015625 0.363281 0.029297 0.339844 0.025391 0.322266 0.011719 0.318359 0.000000
0 0.144531 0.865234 0.130859 0.859375 0.132812 0.845703 0.150391 0.851562 0.144531 0.865234
0 0.937500 0.947266 0.914062 0.943359 0.884766 0.910156 0.884766 0.890625 0.894531 0.880859 0.910156 0.884766 0.939453 0.914062 0.943359 0.941406 0.937500 0.947266
0 0.832031 0.955078 0.816406 0.955078 0.794922 0.937500 0.791016 0.902344 0.796875 0.896484 0.820312 0.896484 0.833984 0.910156 0.837891 0.949219 0.832031 0.955078
0 0.148438 0.095703 0.125000 0.095703 0.107422 0.082031 0.107422 0.058594 0.113281 0.052734 0.144531 0.052734 0.158203 0.062500 0.162109 0.082031 0.148438 0.095703
0 0.941406 0.236328 0.910156 0.232422 0.896484 0.218750 0.896484 0.199219 0.906250 0.189453 0.925781 0.189453 0.955078 0.210938 0.951172 0.226562 0.941406 0.236328
0 0.667969 0.947266 0.640625 0.947266 0.630859 0.933594 0.626953 0.898438 0.640625 0.884766 0.656250 0.884766 0.669922 0.898438 0.673828 0.941406 0.667969 0.947266
0 0.148438 0.544922 0.132812 0.544922 0.111328 0.523438 0.107422 0.500000 0.121094 0.486328 0.140625 0.490234 0.162109 0.515625 0.162109 0.531250 0.148438 0.544922
0 0.183594 0.443359 0.152344 0.443359 0.138672 0.429688 0.134766 0.410156 0.144531 0.400391 0.179688 0.404297 0.197266 0.421875 0.197266 0.429688 0.183594 0.443359
0 0.386719 0.513672 0.363281 0.513672 0.345703 0.500000 0.341797 0.472656 0.351562 0.462891 0.371094 0.462891 0.388672 0.476562 0.392578 0.507812 0.386719 0.513672
0 0.289062 0.720703 0.277344 0.720703 0.259766 0.699219 0.259766 0.667969 0.273438 0.658203 0.292969 0.662109 0.302734 0.675781 0.302734 0.707031 0.289062 0.720703
0 0.312500 0.330078 0.269531 0.330078 0.251953 0.312500 0.251953 0.300781 0.273438 0.287109 0.308594 0.294922 0.322266 0.308594 0.312500 0.330078
0 0.183594 0.912109 0.167969 0.912109 0.142578 0.894531 0.140625 0.865234 0.152344 0.857422 0.171875 0.857422 0.205078 0.886719 0.205078 0.902344 0.183594 0.912109
0 0.367188 0.361328 0.332031 0.361328 0.318359 0.343750 0.318359 0.332031 0.339844 0.318359 0.375000 0.322266 0.384766 0.335938 0.384766 0.347656 0.367188 0.361328
0 0.000000 0.392578 0.017578 0.410156 0.017578 0.433594 0.007812 0.447266 0.000000 0.447266
0 0.464844 0.619141 0.449219 0.619141 0.427734 0.597656 0.423828 0.574219 0.437500 0.552734 0.449219 0.552734 0.470703 0.578125 0.470703 0.613281 0.464844 0.619141
0 0.000000 0.548828 0.031250 0.548828 0.048828 0.566406 0.052734 0.589844 0.031250 0.599609 0.000000 0.583984
0 0.632812 0.580078 0.613281 0.576172 0.599609 0.554688 0.595703 0.515625 0.605469 0.498047 0.621094 0.498047 0.634766 0.511719 0.642578 0.539062 0.642578 0.570312 0.632812 0.580078
0 0.824219 0.841797 0.808594 0.837891 0.787109 0.816406 0.787109 0.796875 0.792969 0.791016 0.812500 0.787109 0.837891 0.808594 0.841797 0.828125 0.824219 0.841797
0 0.785156 0.619141 0.750000 0.615234 0.736328 0.597656 0.736328 0.585938 0.750000 0.572266 0.777344 0.576172 0.794922 0.593750 0.794922 0.609375 0.785156 0.619141
0 0.925781 0.587891 0.886719 0.580078 0.873047 0.558594 0.873047 0.546875 0.882812 0.537109 0.925781 0.544922 0.939453 0.558594 0.939453 0.574219 0.925781 0.587891
0 0.160156 0.798828 0.132812 0.787109 0.119141 0.773438 0.115234 0.750000 0.121094 0.744141 0.136719 0.740234 0.173828 0.769531 0.173828 0.789062 0.160156 0.798828
0 0.871094 0.384766 0.847656 0.384766 0.818359 0.363281 0.818359 0.347656 0.828125 0.333984 0.859375 0.330078 0.884766 0.351562 0.888672 0.367188 0.871094 0.384766
