0 0.609375 0.353516 0.589844 0.353516 0.576172 0.335938 0.576172 0.312500 0.583984 0.296875 0.597656 0.287109 0.617188 0.287109 0.626953 0.300781 0.626953 0.332031 0.609375 0.353516
0 0.304688 0.681641 0.283203 0.671875 0.283203 0.652344 0.287109 0.640625 0.308594 0.619141 0.324219 0.619141 0.333984 0.632812 0.333984 0.652344 0.304688 0.681641
0 0.699219 0.169922 0.679688 0.169922 0.666016 0.156250 0.669922 0.121094 0.695312 0.103516 0.710938 0.107422 0.720703 0.117188 0.720703 0.148438 0.699219 0.169922
0 0.125000 0.626953 0.103516 0.621094 0.095703 0.597656 0.113281 0.580078 0.136719 0.568359 0.152344 0.568359 0.166016 0.582031 0.166016 0.597656 0.156250 0.611328 0.125000 0.626953
0 0.996094 0.837891 0.978516 0.828125 0.978516 0.816406 0.996094 0.802734
0 0.906250 0.974609 0.882812 0.974609 0.857422 0.953125 0.853516 0.937500 0.867188 0.919922 0.886719 0.912109 0.910156 0.912109 0.923828 0.921875 0.927734 0.957031 0.906250 0.974609
0 0.742188 0.974609 0.716797 0.964844 0.716797 0.945312 0.746094 0.931641 0.765625 0.935547 0.775391 0.945312 0.775391 0.957031 0.761719 0.970703 0.742188 0.974609
0 0.855469 0.490234 0.843750 0.490234 0.826172 0.476562 0.830078 0.445312 0.847656 0.427734 0.863281 0.427734 0.876953 0.437500 0.876953 0.472656 0.855469 0.490234
0 0.248047 0.996094 0.248047 0.976562 0.265625 0.962891 0.300781 0.962891 0.310547 0.972656 0.306641 0.996094
0 0.351562 0.263672 0.332031 0.263672 0.318359 0.250000 0.318359 0.222656 0.339844 0.201172 0.351562 0.201172 0.365234 0.214844 0.365234 0.242188 0.351562 0.263672
0 0.386719 0.615234 0.378906 0.615234 0.365234 0.601562 0.365234 0.585938 0.390625 0.556641 0.398438 0.556641 0.412109 0.570312 0.412109 0.585938 0.404297 0.601562 0.386719 0.615234
0 0.451172 0.000000 0.447266 0.019531 0.421875 0.041016 0.410156 0.041016 0.396484 0.031250 0.392578 0.000000
0 0.181641 0.000000 0.193359 0.015625 0.189453 0.054688 0.179688 0.064453 0.164062 0.064453 0.154297 0.050781 0.150391 0.027344 0.166016 0.000000
0 0.613281 0.576172 0.593750 0.576172 0.587891 0.570312 0.587891 0.527344 0.601562 0.509766 0.613281 0.509766 0.626953 0.527344 0.626953 0.558594 0.613281 0.576172
0 0.382812 0.380859 0.359375 0.380859 0.349609 0.367188 0.353516 0.332031 0.371094 0.314453 0.390625 0.314453 0.400391 0.324219 0.400391 0.355469 0.382812 0.380859
0 0.148438 0.345703 0.140625 0.345703 0.123047 0.324219 0.123047 0.292969 0.136719 0.275391 0.148438 0.275391 0.162109 0.285156 0.162109 0.332031 0.148438 0.345703
0 0.441406 0.345703 0.417969 0.345703 0.408203 0.335938 0.412109 0.300781 0.429688 0.283203 0.441406 0.283203 0.455078 0.292969 0.455078 0.324219 0.441406 0.345703
0 0.507812 0.611328 0.496094 0.611328 0.486328 0.601562 0.482422 0.578125 0.490234 0.554688 0.500000 0.544922 0.515625 0.541016 0.525391 0.550781 0.525391 0.597656 0.507812 0.611328
0 0.437500 0.736328 0.414062 0.728516 0.408203 0.710938 0.431641 0.671875 0.449219 0.654297 0.464844 0.650391 0.486328 0.664062 0.490234 0.687500 0.464844 0.728516 0.437500 0.736328
0 0.566406 0.162109 0.546875 0.162109 0.533203 0.144531 0.533203 0.113281 0.542969 0.103516 0.566406 0.103516 0.580078 0.121094 0.580078 0.140625 0.566406 0.162109
0 0.492188 0.759766 0.472656 0.759766 0.466797 0.753906 0.466797 0.722656 0.488281 0.697266 0.507812 0.697266 0.517578 0.710938 0.517578 0.730469 0.492188 0.759766
0 0.613281 0.052734 0.582031 0.052734 0.568359 0.039062 0.568359 0.015625 0.578125 0.005859 0.613281 0.005859 0.630859 0.015625 0.630859 0.039062 0.613281 0.052734
0 0.402344 0.669922 0.384766 0.660156 0.380859 0.644531 0.402344 0.615234 0.425781 0.607422 0.435547 0.617188 0.435547 0.640625 0.417969 0.662109 0.402344 0.669922
0 0.710938 0.888672 0.681641 0.878906 0.685547 0.859375 0.695312 0.849609 0.738281 0.837891 0.751953 0.851562 0.751953 0.859375 0.734375 0.876953 0.710938 0.888672
0 0.425781 0.533203 0.404297 0.523438 0.404297 0.503906 0.421875 0.478516 0.433594 0.478516 0.447266 0.496094 0.447266 0.515625 0.425781 0.533203
0 0.816406 0.599609 0.796875 0.599609 0.779297 0.582031 0.779297 0.566406 0.800781 0.548828 0.820312 0.548828 0.841797 0.566406 0.841797 0.578125 0.816406 0.599609
0 0.269531 0.365234 0.242188 0.365234 0.228516 0.355469 0.224609 0.328125 0.238281 0.314453 0.269531 0.310547 0.294922 0.328125 0.287109 0.351562 0.269531 0.365234
0 0.429688 0.951172 0.390625 0.951172 0.384766 0.945312 0.384766 0.925781 0.402344 0.908203 0.437500 0.904297 0.447266 0.914062 0.447266 0.933594 0.429688 0.951172
0 0.691406 0.509766 0.671875 0.505859 0.662109 0.492188 0.662109 0.472656 0.679688 0.443359 0.695312 0.443359 0.708984 0.460938 0.705078 0.496094 0.691406 0.509766
0 0.179688 0.892578 0.156250 0.892578 0.150391 0.886719 0.154297 0.863281 0.167969 0.853516 0.183594 0.853516 0.193359 0.863281 0.193359 0.878906 0.179688 0.892578
0 0.171875 0.501953 0.148438 0.501953 0.138672 0.492188 0.138672 0.472656 0.164062 0.451172 0.183594 0.451172 0.193359 0.460938 0.193359 0.484375 0.171875 0.501953
0 0.871094 0.423828 0.847656 0.419922 0.833984 0.402344 0.833984 0.378906 0.843750 0.365234 0.863281 0.365234 0.880859 0.382812 0.880859 0.414062 0.871094 0.423828
0 0.542969 0.505859 0.531250 0.505859 0.517578 0.492188 0.517578 0.476562 0.529297 0.445312 0.539062 0.435547 0.554688 0.435547 0.568359 0.449219 0.568359 0.472656 0.560547 0.492188 0.542969 0.505859
0 0.808594 0.361328 0.789062 0.361328 0.767578 0.335938 0.767578 0.304688 0.796875 0.271484 0.816406 0.271484 0.830078 0.285156 0.830078 0.335938 0.808594 0.361328
0 0.000000 0.912109 0.007812 0.904297 0.019531 0.904297 0.029297 0.914062 0.025391 0.941406 0.015625 0.955078 0.000000 0.962891
0 0.675781 0.966797 0.652344 0.966797 0.642578 0.957031 0.642578 0.941406 0.664062 0.923828 0.687500 0.923828 0.697266 0.933594 0.697266 0.949219 0.675781 0.966797
0 0.996094 0.244141 0.988281 0.251953 0.968750 0.251953 0.955078 0.238281 0.958984 0.179688 0.972656 0.169922 0.988281 0.169922 0.996094 0.177734
0 0.214844 0.263672 0.195312 0.263672 0.185547 0.253906 0.185547 0.238281 0.210938 0.212891 0.238281 0.212891 0.244141 0.218750 0.244141 0.242188 0.214844 0.263672
0 0.046875 0.619141 0.023438 0.615234 0.009766 0.593750 0.009766 0.574219 0.027344 0.556641 0.042969 0.556641 0.060547 0.582031 0.060547 0.609375 0.046875 0.619141
0 0.996094 0.048828 0.974609 0.019531 0.974609 0.000000
0 0.707031 0.923828 0.667969 0.923828 0.658203 0.902344 0.679688 0.884766 0.703125 0.884766 0.720703 0.898438 0.720703 0.914062 0.707031 0.923828
0 0.937500 0.232422 0.921875 0.232422 0.900391 0.207031 0.900391 0.179688 0.917969 0.166016 0.933594 0.166016 0.943359 0.183594 0.947266 0.214844 0.937500 0.232422
0 0.222656 0.904297 0.203125 0.904297 0.193359 0.886719 0.197266 0.871094 0.214844 0.853516 0.234375 0.853516 0.244141 0.863281 0.244141 0.882812 0.222656 0.904297
