0 0.068966 0.264423 0.048851 0.260577 0.034483 0.249038 0.022270 0.226923 0.020833 0.200000 0.026580 0.182692 0.040230 0.166346 0.061782 0.156731 0.073276 0.154808 0.089080 0.162500 0.095546 0.171154 0.104167 0.200000 0.105603 0.226923 0.101293 0.240385 0.091954 0.252885 0.068966 0.264423
0 0.145115 0.885577 0.137931 0.885577 0.130029 0.876923 0.111351 0.838462 0.109914 0.823077 0.112787 0.819231 0.114224 0.800000 0.122126 0.785577 0.130747 0.785577 0.143678 0.797115 0.147270 0.801923 0.147270 0.807692 0.153017 0.821154 0.159483 0.827885 0.163793 0.825962 0.165948 0.832692 0.165948 0.853846 0.161638 0.869231 0.155172 0.881731 0.145115 0.885577
0 0.350575 0.852885 0.340517 0.852885 0.324713 0.843269 0.306753 0.819231 0.292385 0.790385 0.288075 0.776923 0.288075 0.755769 0.295259 0.738462 0.306034 0.727885 0.321839 0.729808 0.337644 0.741346 0.352730 0.759615 0.362787 0.780769 0.365661 0.792308 0.367098 0.826923 0.364224 0.838462 0.350575 0.852885
0 0.053161 0.562500 0.040230 0.558654 0.024425 0.547115 0.012213 0.521154 0.015086 0.494231 0.031609 0.475962 0.056034 0.474038 0.067529 0.483654 0.081178 0.507692 0.084052 0.521154 0.082615 0.536538 0.068966 0.554808 0.053161 0.562500
0 0.244253 0.495192 0.235632 0.495192 0.221264 0.483654 0.209770 0.481731 0.204741 0.471154 0.204741 0.451923 0.210489 0.423077 0.222701 0.404808 0.235632 0.397115 0.257184 0.397115 0.266523 0.407692 0.269397 0.417308 0.266523 0.446154 0.270833 0.455769 0.270833 0.461538 0.264368 0.485577 0.244253 0.495192
0 0.012213 0.000000 0.012213 0.009615 0.000000 0.022115
0 0.823276 0.833654 0.820402 0.833654 0.817529 0.825962 0.806034 0.822115 0.798132 0.809615 0.795259 0.800000 0.798132 0.778846 0.809626 0.755769 0.821839 0.739423 0.837644 0.727885 0.854885 0.724038 0.862069 0.729808 0.871408 0.746154 0.871408 0.769231 0.857759 0.799038 0.844828 0.816346 0.829023 0.825962 0.823276 0.833654
0 0.544540 0.210577 0.520115 0.210577 0.495690 0.200962 0.485632 0.193269 0.474856 0.178846 0.461925 0.144231 0.463362 0.115385 0.471264 0.102885 0.482759 0.097115 0.500000 0.099038 0.521552 0.116346 0.535201 0.132692 0.553879 0.163462 0.558190 0.182692 0.553879 0.200000 0.544540 0.210577
0 0.214080 0.877885 0.202586 0.872115 0.197557 0.865385 0.197557 0.857692 0.194684 0.853846 0.194684 0.811538 0.207615 0.790385 0.214080 0.774038 0.218391 0.770192 0.229885 0.770192 0.235632 0.774038 0.242098 0.784615 0.242098 0.825000 0.232040 0.863462 0.224138 0.874038 0.214080 0.877885
0 0.530172 0.497115 0.515805 0.497115 0.502874 0.493269 0.469828 0.474038 0.467672 0.461538 0.459052 0.450000 0.460489 0.432692 0.468391 0.424038 0.489943 0.424038 0.504310 0.429808 0.541667 0.452885 0.548132 0.461538 0.551006 0.476923 0.544540 0.489423 0.530172 0.497115
0 0.698276 0.224038 0.683908 0.218269 0.673132 0.203846 0.660201 0.176923 0.655891 0.157692 0.655891 0.140385 0.660201 0.126923 0.669540 0.118269 0.686782 0.116346 0.704023 0.124038 0.711925 0.138462 0.721983 0.148077 0.727730 0.163462 0.729167 0.180769 0.726293 0.196154 0.709770 0.218269 0.698276 0.224038
