0 0.613281 0.537109 0.605469 0.537109 0.591797 0.523438 0.591797 0.507812 0.580078 0.492188 0.593750 0.470703 0.617188 0.474609 0.630859 0.488281 0.638672 0.507812 0.634766 0.523438 0.613281 0.537109
0 0.208984 0.996094 0.183594 0.990234 0.177734 0.976562 0.191406 0.966797 0.238281 0.966797 0.255859 0.980469 0.259766 0.996094
0 0.136719 0.701172 0.125000 0.701172 0.115234 0.691406 0.115234 0.671875 0.121094 0.666016 0.146484 0.671875 0.146484 0.691406 0.136719 0.701172
0 0.531250 0.798828 0.515625 0.798828 0.501953 0.785156 0.486328 0.746094 0.496094 0.728516 0.515625 0.732422 0.541016 0.761719 0.544922 0.785156 0.531250 0.798828
0 0.160156 0.646484 0.146484 0.640625 0.142578 0.621094 0.164062 0.607422 0.185547 0.625000 0.171875 0.642578 0.160156 0.646484
0 0.199219 0.431641 0.181641 0.421875 0.177734 0.398438 0.199219 0.373047 0.210938 0.373047 0.224609 0.390625 0.224609 0.406250 0.199219 0.431641
0 0.300781 0.310547 0.253906 0.310547 0.236328 0.289062 0.253906 0.271484 0.289062 0.259766 0.306641 0.273438 0.306641 0.304688 0.300781 0.310547
0 0.406250 0.189453 0.380859 0.175781 0.380859 0.140625 0.390625 0.130859 0.421875 0.134766 0.435547 0.148438 0.431641 0.164062 0.406250 0.189453
0 0.519531 0.919922 0.507812 0.919922 0.498047 0.910156 0.498047 0.894531 0.507812 0.880859 0.523438 0.880859 0.533203 0.890625 0.533203 0.906250 0.519531 0.919922
0 0.371094 0.759766 0.351562 0.759766 0.341797 0.750000 0.337891 0.738281 0.351562 0.724609 0.363281 0.724609 0.376953 0.734375 0.380859 0.750000 0.371094 0.759766
0 0.214844 0.201172 0.185547 0.195312 0.173828 0.167969 0.173828 0.156250 0.183594 0.142578 0.230469 0.150391 0.248047 0.164062 0.244141 0.179688 0.214844 0.201172
0 0.031250 0.423828 0.009766 0.417969 0.009766 0.394531 0.023438 0.380859 0.041016 0.390625 0.041016 0.406250 0.031250 0.423828
0 0.714844 0.919922 0.699219 0.919922 0.687500 0.912109 0.677734 0.894531 0.689453 0.863281 0.699219 0.857422 0.730469 0.857422 0.751953 0.878906 0.748047 0.902344 0.714844 0.919922
