0 0.222656 0.728516 0.197266 0.714844 0.203125 0.705078 0.224609 0.703125 0.222656 0.728516
0 0.363281 0.064453 0.343750 0.064453 0.337891 0.058594 0.337891 0.046875 0.347656 0.037109 0.369141 0.039062 0.373047 0.050781 0.363281 0.064453
0 0.332031 0.193359 0.320312 0.193359 0.306641 0.179688 0.306641 0.160156 0.312500 0.154297 0.328125 0.154297 0.341797 0.167969 0.341797 0.183594 0.332031 0.193359
0 0.353516 0.000000 0.347656 0.017578 0.332031 0.017578 0.326172 0.000000
0 0.339844 0.263672 0.320312 0.259766 0.314453 0.242188 0.343750 0.228516 0.359375 0.228516 0.365234 0.246094 0.339844 0.263672
0 0.535156 0.150391 0.494141 0.136719 0.511719 0.107422 0.523438 0.107422 0.537109 0.121094 0.541016 0.144531 0.535156 0.150391
0 0.476562 0.068359 0.449219 0.068359 0.439453 0.058594 0.439453 0.039062 0.457031 0.033203 0.472656 0.044922 0.484375 0.044922 0.490234 0.058594 0.476562 0.068359
0 0.394531 0.173828 0.384766 0.167969 0.384766 0.148438 0.398438 0.134766 0.414062 0.134766 0.427734 0.148438 0.427734 0.160156 0.394531 0.173828
0 0.699219 0.041016 0.679688 0.037109 0.673828 0.023438 0.691406 0.005859 0.714844 0.001953 0.720703 0.007812 0.720703 0.023438 0.699219 0.041016
0 0.343750 0.041016 0.324219 0.041016 0.318359 0.027344 0.351562 0.013672 0.357422 0.027344 0.343750 0.041016
0 0.101562 0.814453 0.083984 0.804688 0.083984 0.789062 0.089844 0.783203 0.113281 0.783203 0.130859 0.792969 0.125000 0.806641 0.109375 0.806641 0.101562 0.814453
0 0.234375 0.896484 0.207031 0.896484 0.201172 0.878906 0.207031 0.873047 0.234375 0.873047 0.240234 0.878906 0.234375 0.896484
0 0.203125 0.916016 0.185547 0.910156 0.195312 0.888672 0.212891 0.898438 0.203125 0.916016
0 0.253906 0.681641 0.236328 0.679688 0.238281 0.658203 0.255859 0.671875 0.253906 0.681641
0 0.578125 0.044922 0.566406 0.044922 0.556641 0.027344 0.574219 0.001953 0.589844 0.001953 0.595703 0.007812 0.595703 0.027344 0.578125 0.044922
0 0.464844 0.712891 0.447266 0.703125 0.447266 0.691406 0.464844 0.677734 0.480469 0.677734 0.490234 0.695312 0.464844 0.712891
0 0.097656 0.634766 0.066406 0.634766 0.052734 0.625000 0.052734 0.617188 0.058594 0.611328 0.089844 0.611328 0.093750 0.603516 0.101562 0.603516 0.103516 0.628906 0.097656 0.634766
0 0.574219 0.142578 0.554688 0.142578 0.541016 0.128906 0.537109 0.097656 0.542969 0.091797 0.556641 0.097656 0.562500 0.119141 0.580078 0.125000 0.574219 0.142578
0 0.175781 0.810547 0.158203 0.808594 0.158203 0.785156 0.179688 0.763672 0.185547 0.769531 0.185547 0.792969 0.175781 0.810547
0 0.804688 0.763672 0.791016 0.761719 0.787109 0.742188 0.808594 0.728516 0.832031 0.732422 0.833984 0.746094 0.804688 0.763672
0 0.070312 0.802734 0.054688 0.802734 0.029297 0.777344 0.025391 0.761719 0.070312 0.767578 0.082031 0.759766 0.080078 0.789062 0.070312 0.802734
0 0.398438 0.056641 0.382812 0.056641 0.369141 0.042969 0.369141 0.035156 0.375000 0.029297 0.398438 0.029297 0.404297 0.035156 0.404297 0.050781 0.398438 0.056641
0 0.273438 0.111328 0.257812 0.111328 0.240234 0.101562 0.250000 0.080078 0.285156 0.080078 0.291016 0.085938 0.291016 0.097656 0.273438 0.111328
0 0.195312 0.947266 0.181641 0.941406 0.181641 0.921875 0.187500 0.916016 0.201172 0.921875 0.201172 0.941406 0.195312 0.947266
0 0.257812 0.779297 0.232422 0.777344 0.242188 0.748047 0.259766 0.753906 0.257812 0.779297
0 0.261719 0.201172 0.244141 0.191406 0.244141 0.175781 0.253906 0.162109 0.267578 0.167969 0.267578 0.195312 0.261719 0.201172
0 0.335938 0.107422 0.320312 0.107422 0.306641 0.097656 0.306641 0.085938 0.316406 0.076172 0.347656 0.080078 0.353516 0.085938 0.353516 0.097656 0.335938 0.107422
0 0.410156 0.728516 0.390625 0.728516 0.384766 0.722656 0.390625 0.693359 0.410156 0.693359 0.419922 0.703125 0.419922 0.718750 0.410156 0.728516
0 0.187500 0.123047 0.169922 0.109375 0.169922 0.085938 0.181641 0.062500 0.199219 0.056641 0.205078 0.074219 0.193359 0.085938 0.197266 0.113281 0.187500 0.123047
0 0.070312 0.529297 0.050781 0.529297 0.041016 0.519531 0.042969 0.498047 0.058594 0.498047 0.076172 0.511719 0.070312 0.529297
0 0.101562 0.716797 0.095703 0.710938 0.095703 0.691406 0.113281 0.673828 0.128906 0.673828 0.134766 0.679688 0.130859 0.687500 0.101562 0.716797
0 0.300781 0.224609 0.285156 0.224609 0.279297 0.218750 0.283203 0.203125 0.296875 0.193359 0.310547 0.199219 0.310547 0.214844 0.300781 0.224609
0 0.712891 0.996094 0.712891 0.976562 0.730469 0.970703 0.736328 0.984375 0.728516 0.996094
0 0.109375 0.947266 0.085938 0.939453 0.076172 0.917969 0.087891 0.890625 0.101562 0.876953 0.121094 0.884766 0.130859 0.902344 0.130859 0.925781 0.109375 0.947266
0 0.203125 0.232422 0.187500 0.228516 0.177734 0.218750 0.177734 0.195312 0.187500 0.181641 0.207031 0.181641 0.212891 0.187500 0.212891 0.222656 0.203125 0.232422
0 0.265625 0.224609 0.253906 0.224609 0.248047 0.210938 0.265625 0.197266 0.277344 0.197266 0.283203 0.210938 0.265625 0.224609
0 0.035156 0.869141 0.017578 0.859375 0.017578 0.839844 0.050781 0.833984 0.052734 0.851562 0.035156 0.869141
0 0.328125 0.744141 0.306641 0.742188 0.306641 0.722656 0.320312 0.712891 0.333984 0.722656 0.333984 0.738281 0.328125 0.744141
