0 0.973611 0.997222 0.973611 0.969444 0.988889 0.948611 0.997222 0.948611
0 0.612500 0.997222 0.606944 0.988889 0.604167 0.969444 0.620833 0.933333 0.672222 0.887500 0.705556 0.873611 0.730556 0.873611 0.747222 0.879167 0.756944 0.888889 0.762500 0.900000 0.762500 0.933333 0.751389 0.961111 0.738889 0.965278 0.712500 0.997222
0 0.751389 0.997222 0.748611 0.980556 0.768056 0.936111 0.779167 0.919444 0.825000 0.879167 0.858333 0.865278 0.888889 0.862500 0.898611 0.869444 0.904167 0.880556 0.898611 0.902778 0.902778 0.906944 0.936111 0.859722 0.952778 0.851389 0.966667 0.851389 0.975000 0.854167 0.993056 0.872222 0.993056 0.911111 0.984722 0.944444 0.976389 0.952778 0.956944 0.997222
0 0.000000 0.723611 0.008333 0.718056 0.041667 0.718056 0.086111 0.740278 0.112500 0.772222 0.118056 0.788889 0.168056 0.844444 0.170833 0.886111 0.165278 0.900000 0.141667 0.918056 0.097222 0.920833 0.063889 0.918056 0.052778 0.909722 0.019444 0.904167 0.000000 0.884722
0 0.376389 0.997222 0.391667 0.981944 0.408333 0.973611 0.436111 0.976389 0.456944 0.997222
0 0.613889 0.379167 0.605556 0.379167 0.579167 0.352778 0.565278 0.325000 0.551389 0.266667 0.543056 0.250000 0.551389 0.213889 0.569444 0.195833 0.602778 0.198611 0.623611 0.216667 0.629167 0.225000 0.626389 0.236111 0.656944 0.280556 0.670833 0.311111 0.668056 0.350000 0.656944 0.366667 0.638889 0.376389 0.613889 0.379167
0 0.336111 0.262500 0.311111 0.262500 0.291667 0.254167 0.276389 0.241667 0.262500 0.213889 0.265278 0.163889 0.276389 0.133333 0.281944 0.122222 0.302778 0.101389 0.322222 0.090278 0.341667 0.090278 0.368056 0.113889 0.387500 0.163889 0.387500 0.191667 0.370833 0.236111 0.355556 0.254167 0.336111 0.262500
0 0.000000 0.393056 0.025000 0.376389 0.072222 0.379167 0.094444 0.390278 0.109722 0.405556 0.115278 0.419444 0.115278 0.433333 0.095833 0.494444 0.072222 0.520833 0.022222 0.520833 0.000000 0.498611
0 0.238889 0.415278 0.213889 0.412500 0.190278 0.391667 0.190278 0.372222 0.222222 0.326389 0.252778 0.309722 0.291667 0.301389 0.316667 0.306944 0.354167 0.336111 0.365278 0.377778 0.362500 0.388889 0.347222 0.404167 0.333333 0.409722 0.263889 0.406944 0.238889 0.415278
0 0.305556 0.645833 0.280556 0.643056 0.252778 0.631944 0.226389 0.602778 0.226389 0.577778 0.250000 0.554167 0.269444 0.548611 0.291667 0.520833 0.316667 0.515278 0.363889 0.534722 0.379167 0.550000 0.381944 0.586111 0.361111 0.609722 0.347222 0.612500 0.305556 0.645833
0 0.997222 0.398611 0.986111 0.404167 0.963889 0.404167 0.952778 0.398611 0.934722 0.377778 0.926389 0.352778 0.926389 0.316667 0.943056 0.277778 0.963889 0.259722 0.977778 0.254167 0.997222 0.254167
0 0.877778 0.273611 0.833333 0.262500 0.794444 0.243056 0.745833 0.194444 0.737500 0.180556 0.734722 0.147222 0.740278 0.122222 0.755556 0.106944 0.797222 0.090278 0.858333 0.095833 0.916667 0.129167 0.943056 0.152778 0.956944 0.191667 0.951389 0.230556 0.930556 0.256944 0.897222 0.270833 0.877778 0.273611
0 0.875000 0.798611 0.844444 0.795833 0.827778 0.787500 0.806944 0.761111 0.806944 0.675000 0.829167 0.633333 0.844444 0.623611 0.872222 0.623611 0.891667 0.637500 0.904167 0.650000 0.915278 0.691667 0.915278 0.744444 0.906944 0.769444 0.875000 0.798611
0 0.469444 0.718056 0.402778 0.712500 0.361111 0.698611 0.345833 0.677778 0.348611 0.625000 0.380556 0.606944 0.425000 0.606944 0.450000 0.618056 0.493056 0.663889 0.493056 0.697222 0.477778 0.715278 0.469444 0.718056
0 0.000000 0.168056 0.033333 0.131944 0.047222 0.126389 0.056944 0.116667 0.059722 0.097222 0.075000 0.081944 0.088889 0.076389 0.116667 0.079167 0.140278 0.102778 0.148611 0.122222 0.156944 0.166667 0.156944 0.188889 0.145833 0.211111 0.108333 0.243056 0.080556 0.259722 0.036111 0.256944 0.000000 0.240278
0 0.708333 0.715278 0.697222 0.706944 0.680556 0.704167 0.666667 0.695833 0.648611 0.675000 0.648611 0.630556 0.643056 0.611111 0.645833 0.583333 0.659722 0.555556 0.675000 0.537500 0.694444 0.529167 0.713889 0.529167 0.743056 0.547222 0.748611 0.597222 0.745833 0.683333 0.708333 0.715278
0 0.500000 0.598611 0.466667 0.595833 0.434722 0.555556 0.426389 0.541667 0.429167 0.525000 0.423611 0.511111 0.423611 0.472222 0.440278 0.416667 0.472222 0.379167 0.488889 0.370833 0.533333 0.370833 0.547222 0.376389 0.559722 0.388889 0.570833 0.433333 0.565278 0.452778 0.548611 0.483333 0.548611 0.544444 0.531944 0.577778 0.522222 0.587500 0.500000 0.598611
