0 0.349609 0.996094 0.349609 0.968750 0.367188 0.955078 0.390625 0.955078 0.404297 0.968750 0.404297 0.996094
0 0.378906 0.208984 0.363281 0.208984 0.353516 0.199219 0.363281 0.181641 0.371094 0.181641 0.384766 0.195312 0.378906 0.208984
0 0.128906 0.720703 0.113281 0.716797 0.099609 0.703125 0.099609 0.671875 0.109375 0.662109 0.152344 0.658203 0.169922 0.671875 0.177734 0.695312 0.160156 0.712891 0.128906 0.720703
0 0.226562 0.541016 0.214844 0.541016 0.205078 0.531250 0.205078 0.511719 0.218750 0.494141 0.226562 0.494141 0.244141 0.511719 0.244141 0.527344 0.226562 0.541016
0 0.187500 0.916016 0.152344 0.912109 0.130859 0.898438 0.126953 0.859375 0.140625 0.845703 0.171875 0.841797 0.201172 0.859375 0.201172 0.898438 0.187500 0.916016
0 0.320312 0.884766 0.298828 0.867188 0.294922 0.847656 0.312500 0.822266 0.332031 0.818359 0.357422 0.835938 0.361328 0.851562 0.351562 0.869141 0.320312 0.884766
0 0.105469 0.841797 0.085938 0.841797 0.068359 0.828125 0.060547 0.796875 0.074219 0.779297 0.105469 0.779297 0.123047 0.789062 0.123047 0.820312 0.105469 0.841797
0 0.445312 0.146484 0.417969 0.142578 0.392578 0.125000 0.392578 0.089844 0.414062 0.064453 0.449219 0.064453 0.474609 0.097656 0.470703 0.128906 0.445312 0.146484
0 0.109375 0.521484 0.097656 0.521484 0.083984 0.507812 0.080078 0.492188 0.085938 0.486328 0.105469 0.482422 0.115234 0.492188 0.119141 0.511719 0.109375 0.521484
0 0.000000 0.927734 0.019531 0.935547 0.041016 0.957031 0.048828 0.996094
0 0.400391 0.000000 0.412109 0.011719 0.412109 0.031250 0.398438 0.052734 0.378906 0.060547 0.326172 0.054688 0.326172 0.039062 0.314453 0.015625 0.326172 0.000000
0 0.996094 0.123047 0.980469 0.126953 0.955078 0.109375 0.958984 0.066406 0.980469 0.052734 0.996094 0.056641
0 0.304688 0.091797 0.269531 0.091797 0.244141 0.074219 0.236328 0.054688 0.236328 0.027344 0.242188 0.021484 0.257812 0.021484 0.265625 0.013672 0.285156 0.009766 0.312500 0.013672 0.318359 0.019531 0.326172 0.039062 0.326172 0.066406 0.322266 0.078125 0.304688 0.091797
0 0.212891 0.000000 0.220703 0.011719 0.216797 0.035156 0.208984 0.058594 0.195312 0.072266 0.175781 0.072266 0.142578 0.042969 0.142578 0.011719 0.150391 0.000000
0 0.207031 0.642578 0.195312 0.642578 0.179688 0.630859 0.166016 0.617188 0.166016 0.609375 0.169922 0.597656 0.191406 0.576172 0.210938 0.568359 0.244141 0.589844 0.248047 0.613281 0.207031 0.642578
0 0.148438 0.123047 0.125000 0.123047 0.087891 0.101562 0.087891 0.066406 0.113281 0.041016 0.144531 0.044922 0.173828 0.070312 0.173828 0.101562 0.148438 0.123047
0 0.169922 0.996094 0.154297 0.980469 0.150391 0.957031 0.164062 0.939453 0.179688 0.931641 0.214844 0.935547 0.232422 0.953125 0.236328 0.980469 0.224609 0.996094
0 0.558594 0.134766 0.523438 0.130859 0.509766 0.117188 0.513672 0.089844 0.535156 0.072266 0.562500 0.072266 0.580078 0.089844 0.583984 0.113281 0.570312 0.130859 0.558594 0.134766
0 0.054688 0.919922 0.039062 0.919922 0.017578 0.898438 0.017578 0.875000 0.023438 0.869141 0.042969 0.865234 0.058594 0.869141 0.070312 0.880859 0.089844 0.876953 0.099609 0.886719 0.089844 0.904297 0.074219 0.904297 0.054688 0.919922
