0 0.815625 0.833984 0.756250 0.833984 0.740625 0.822266 0.725000 0.822266 0.687500 0.798828 0.670312 0.761719 0.670312 0.734375 0.696875 0.693359 0.721875 0.673828 0.746875 0.669922 0.759375 0.658203 0.815625 0.654297 0.893750 0.673828 0.917188 0.699219 0.926562 0.753906 0.903125 0.787109 0.896875 0.787109 0.868750 0.814453 0.825000 0.826172 0.815625 0.833984
0 0.000000 0.068359 0.010937 0.078125 0.010937 0.105469 0.000000 0.126953
0 0.168750 0.419922 0.137500 0.419922 0.068750 0.388672 0.032813 0.359375 0.035937 0.332031 0.014063 0.304688 0.034375 0.306641 0.062500 0.291016 0.071875 0.294922 0.131250 0.283203 0.146875 0.298828 0.168750 0.306641 0.210938 0.355469 0.207813 0.390625 0.196875 0.404297 0.168750 0.419922
0 0.996875 0.693359 0.915625 0.697266 0.893750 0.673828 0.862500 0.662109 0.828125 0.658203 0.814063 0.640625 0.820312 0.617188 0.828125 0.607422 0.850000 0.603516 0.856250 0.595703 0.915625 0.591797 0.962500 0.576172 0.978125 0.576172 0.996875 0.587891
0 0.000000 0.283203 0.014063 0.300781 0.014063 0.308594 0.035937 0.332031 0.032813 0.359375 0.012500 0.384766 0.000000 0.384766
0 0.017188 0.996094 0.014063 0.976562 0.031250 0.962891 0.053125 0.962891 0.076563 0.984375 0.076563 0.996094
0 0.659375 0.724609 0.603125 0.724609 0.556250 0.716797 0.514062 0.679688 0.514062 0.640625 0.528125 0.626953 0.575000 0.615234 0.728125 0.607422 0.768750 0.607422 0.814063 0.628906 0.809375 0.642578 0.759375 0.658203 0.746875 0.669922 0.721875 0.673828 0.675000 0.716797 0.659375 0.724609
0 0.275000 0.677734 0.260937 0.667969 0.257812 0.597656 0.281250 0.568359 0.296875 0.572266 0.340625 0.552734 0.403125 0.552734 0.412500 0.560547 0.425000 0.560547 0.439063 0.578125 0.439063 0.652344 0.431250 0.662109 0.375000 0.673828 0.343750 0.673828 0.312500 0.662109 0.300000 0.673828 0.275000 0.677734
0 0.000000 0.552734 0.021875 0.533203 0.034375 0.529297 0.056250 0.501953 0.096875 0.478516 0.137500 0.486328 0.151562 0.519531 0.145313 0.566406 0.096875 0.611328 0.065625 0.623047 0.015625 0.623047 0.000000 0.615234
0 0.371875 0.923828 0.337500 0.923828 0.321875 0.912109 0.309375 0.912109 0.251563 0.867188 0.248438 0.820312 0.257812 0.792969 0.268750 0.779297 0.296875 0.771484 0.315625 0.736328 0.331250 0.740234 0.353125 0.724609 0.406250 0.712891 0.459375 0.712891 0.496875 0.720703 0.521875 0.736328 0.532813 0.750000 0.539062 0.765625 0.535937 0.812500 0.526563 0.839844 0.526563 0.863281 0.512500 0.880859 0.446875 0.912109 0.418750 0.912109 0.371875 0.923828
0 0.821875 0.310547 0.781250 0.310547 0.775000 0.302734 0.756250 0.298828 0.725000 0.271484 0.703125 0.263672 0.690625 0.248047 0.681250 0.248047 0.665625 0.232422 0.650000 0.228516 0.632812 0.203125 0.626563 0.164062 0.643750 0.150391 0.721875 0.150391 0.746875 0.162109 0.778125 0.162109 0.787500 0.150391 0.796875 0.150391 0.835938 0.195312 0.851562 0.246094 0.851562 0.281250 0.840625 0.298828 0.821875 0.310547
0 0.996875 0.330078 0.946875 0.330078 0.934375 0.310547 0.903125 0.287109 0.885938 0.265625 0.882812 0.250000 0.857812 0.207031 0.857812 0.183594 0.867188 0.160156 0.878125 0.146484 0.915625 0.126953 0.981250 0.146484 0.996875 0.158203
0 0.306250 0.455078 0.278125 0.455078 0.256250 0.439453 0.239063 0.406250 0.239063 0.390625 0.220312 0.367188 0.223438 0.339844 0.243750 0.302734 0.275000 0.275391 0.306250 0.259766 0.356250 0.255859 0.381250 0.259766 0.400000 0.271484 0.415625 0.271484 0.431250 0.287109 0.440625 0.287109 0.457813 0.308594 0.464062 0.320312 0.464062 0.347656 0.431250 0.349609 0.418750 0.357422 0.392188 0.390625 0.392188 0.417969 0.387500 0.423828 0.378125 0.423828 0.350000 0.443359 0.306250 0.455078
0 0.593750 0.376953 0.559375 0.369141 0.543750 0.349609 0.534375 0.349609 0.517188 0.332031 0.520312 0.273438 0.537500 0.251953 0.556250 0.244141 0.571875 0.228516 0.656250 0.228516 0.703125 0.263672 0.725000 0.271484 0.739062 0.289062 0.745313 0.335938 0.728125 0.353516 0.606250 0.365234 0.593750 0.376953
0 0.831250 0.134766 0.809375 0.134766 0.804688 0.125000 0.845313 0.125000 0.831250 0.134766
0 0.560937 0.996094 0.548438 0.980469 0.548438 0.945312 0.565625 0.927734 0.593750 0.927734 0.628125 0.951172 0.650000 0.951172 0.662500 0.966797 0.671875 0.966797 0.678125 0.974609 0.696875 0.974609 0.701562 0.980469 0.701562 0.996094
0 0.503125 0.478516 0.459375 0.474609 0.450000 0.462891 0.409375 0.455078 0.392188 0.425781 0.392188 0.390625 0.418750 0.357422 0.431250 0.349609 0.543750 0.349609 0.559375 0.369141 0.593750 0.376953 0.601562 0.386719 0.604688 0.417969 0.595313 0.437500 0.595313 0.449219 0.587500 0.458984 0.531250 0.462891 0.518750 0.474609 0.503125 0.478516
0 0.721875 0.458984 0.700000 0.458984 0.665625 0.447266 0.639062 0.402344 0.639062 0.371094 0.659375 0.357422 0.728125 0.353516 0.740625 0.341797 0.806250 0.345703 0.814063 0.363281 0.814063 0.386719 0.792188 0.414062 0.789062 0.429688 0.771875 0.447266 0.753125 0.447266 0.721875 0.458984
0 0.845313 0.000000 0.859375 0.009766 0.909375 0.021484 0.923438 0.039062 0.929688 0.078125 0.915625 0.103516 0.890625 0.107422 0.875000 0.119141 0.856250 0.123047 0.787500 0.119141 0.757812 0.066406 0.757812 0.050781 0.751563 0.042969 0.751563 0.000000
0 0.000000 0.853516 0.040625 0.865234 0.068750 0.892578 0.089063 0.921875 0.085938 0.964844 0.075000 0.978516 0.062500 0.974609 0.053125 0.962891 0.031250 0.962891 0.012500 0.978516 0.000000 0.966797
0 0.778125 0.591797 0.731250 0.591797 0.721875 0.583984 0.703125 0.583984 0.695312 0.574219 0.695312 0.550781 0.700000 0.544922 0.771875 0.541016 0.803125 0.529297 0.828125 0.529297 0.843750 0.525391 0.853125 0.513672 0.875000 0.513672 0.884375 0.505859 0.921875 0.505859 0.926562 0.511719 0.926562 0.546875 0.906250 0.564453 0.884375 0.564453 0.859375 0.580078 0.800000 0.583984 0.778125 0.591797
