0 0.355556 0.523611 0.313889 0.523611 0.277778 0.515278 0.266667 0.504167 0.250000 0.495833 0.238889 0.495833 0.205556 0.476389 0.187500 0.447222 0.187500 0.413889 0.193056 0.402778 0.219444 0.381944 0.244444 0.379167 0.252778 0.373611 0.288889 0.379167 0.293056 0.391667 0.338889 0.426389 0.370833 0.466667 0.370833 0.505556 0.355556 0.523611
0 0.138889 0.470833 0.100000 0.470833 0.075000 0.462500 0.034722 0.425000 0.018056 0.394444 0.012500 0.372222 0.012500 0.350000 0.025000 0.334722 0.033333 0.329167 0.061111 0.323611 0.097222 0.326389 0.133333 0.348611 0.156944 0.372222 0.168056 0.394444 0.170833 0.450000 0.161111 0.459722 0.138889 0.470833
0 0.577778 0.401389 0.552778 0.401389 0.533333 0.390278 0.523611 0.380556 0.501389 0.333333 0.498611 0.286111 0.504167 0.272222 0.504167 0.252778 0.515278 0.227778 0.527778 0.215278 0.544444 0.209722 0.569444 0.212500 0.590278 0.233333 0.606944 0.269444 0.618056 0.319444 0.609722 0.361111 0.598611 0.380556 0.577778 0.401389
0 0.750000 0.837500 0.733333 0.837500 0.677778 0.806944 0.648611 0.755556 0.643056 0.736111 0.643056 0.708333 0.654167 0.686111 0.683333 0.668056 0.722222 0.673611 0.769444 0.698611 0.795833 0.733333 0.801389 0.747222 0.801389 0.797222 0.772222 0.826389 0.750000 0.837500
0 0.945833 0.997222 0.977778 0.976389 0.997222 0.976389
0 0.000000 0.668056 0.047222 0.684722 0.081944 0.713889 0.093056 0.730556 0.106944 0.786111 0.104167 0.813889 0.080556 0.840278 0.038889 0.843056 0.000000 0.826389
0 0.997222 0.773611 0.963889 0.784722 0.938889 0.781944 0.927778 0.776389 0.909722 0.758333 0.901389 0.725000 0.901389 0.705556 0.923611 0.652778 0.947222 0.629167 0.983333 0.615278 0.997222 0.618056
0 0.205556 0.201389 0.161111 0.201389 0.091667 0.187500 0.076389 0.169444 0.070833 0.152778 0.076389 0.122222 0.090278 0.100000 0.127778 0.073611 0.152778 0.065278 0.200000 0.076389 0.231944 0.122222 0.237500 0.141667 0.237500 0.177778 0.231944 0.188889 0.205556 0.201389
0 0.344444 0.948611 0.300000 0.943056 0.268056 0.919444 0.259722 0.905556 0.256944 0.847222 0.272222 0.829167 0.330556 0.843056 0.355556 0.823611 0.377778 0.823611 0.398611 0.838889 0.409722 0.863889 0.409722 0.883333 0.398611 0.919444 0.380556 0.937500 0.344444 0.948611
0 0.000000 0.843056 0.013889 0.851389 0.043056 0.883333 0.070833 0.975000 0.070833 0.997222
0 0.702778 0.526389 0.638889 0.509722 0.622222 0.509722 0.605556 0.501389 0.573611 0.466667 0.576389 0.413889 0.611111 0.376389 0.638889 0.373611 0.650000 0.379167 0.670833 0.394444 0.701389 0.430556 0.701389 0.438889 0.712500 0.455556 0.726389 0.494444 0.726389 0.508333 0.720833 0.516667 0.702778 0.526389
0 0.169444 0.620833 0.147222 0.620833 0.127778 0.615278 0.097222 0.595833 0.079167 0.577778 0.070833 0.563889 0.065278 0.533333 0.070833 0.519444 0.094444 0.498611 0.111111 0.493056 0.144444 0.493056 0.161111 0.498611 0.197222 0.501389 0.211111 0.506944 0.231944 0.530556 0.245833 0.558333 0.245833 0.580556 0.240278 0.597222 0.219444 0.615278 0.169444 0.620833
0 0.290278 0.000000 0.320833 0.027778 0.323611 0.058333 0.320833 0.066667 0.305556 0.081944 0.288889 0.090278 0.222222 0.087500 0.200000 0.076389 0.152778 0.065278 0.127778 0.048611 0.120833 0.038889 0.120833 0.000000
0 0.676389 0.000000 0.676389 0.005556 0.701389 0.036111 0.706944 0.055556 0.706944 0.072222 0.701389 0.077778 0.704167 0.091667 0.690278 0.127778 0.687500 0.147222 0.665278 0.183333 0.638889 0.204167 0.625000 0.204167 0.611111 0.198611 0.593056 0.177778 0.579167 0.136111 0.579167 0.113889 0.581944 0.088889 0.598611 0.041667 0.629167 0.005556 0.629167 0.000000
0 0.405556 0.318056 0.361111 0.315278 0.305556 0.295833 0.279167 0.269444 0.279167 0.247222 0.287500 0.230556 0.308333 0.209722 0.322222 0.204167 0.352778 0.206944 0.386111 0.229167 0.413889 0.215278 0.441667 0.218056 0.459722 0.241667 0.456944 0.275000 0.448611 0.291667 0.433333 0.306944 0.405556 0.318056
0 0.238889 0.865278 0.229167 0.861111 0.233333 0.851389 0.243056 0.855556 0.238889 0.865278
0 0.769444 0.279167 0.738889 0.279167 0.720833 0.269444 0.712500 0.244444 0.712500 0.219444 0.718056 0.197222 0.737500 0.166667 0.756944 0.119444 0.775000 0.104167 0.802778 0.101389 0.825000 0.112500 0.837500 0.133333 0.843056 0.155556 0.851389 0.169444 0.851389 0.225000 0.834722 0.250000 0.813889 0.268056 0.777778 0.273611 0.769444 0.279167
0 0.387500 0.997222 0.438889 0.962500 0.466667 0.959722 0.522222 0.973611 0.544444 0.984722 0.554167 0.997222
0 0.198611 0.997222 0.208333 0.981944 0.225000 0.976389 0.238889 0.965278 0.269444 0.965278 0.286111 0.973611 0.309722 0.997222
0 0.930556 0.393056 0.900000 0.393056 0.876389 0.372222 0.862500 0.319444 0.865278 0.255556 0.873611 0.244444 0.873611 0.236111 0.884722 0.225000 0.890278 0.205556 0.911111 0.187500 0.927778 0.181944 0.947222 0.184722 0.965278 0.197222 0.970833 0.205556 0.973611 0.241667 0.973611 0.269444 0.962500 0.347222 0.948611 0.377778 0.930556 0.393056
0 0.422222 0.693056 0.400000 0.690278 0.376389 0.675000 0.351389 0.638889 0.345833 0.616667 0.356944 0.561111 0.375000 0.545833 0.397222 0.537500 0.419444 0.537500 0.450000 0.548611 0.462500 0.561111 0.470833 0.583333 0.484722 0.597222 0.490278 0.613889 0.487500 0.638889 0.470833 0.666667 0.450000 0.684722 0.422222 0.693056
