0 0.743750 0.248047 0.712500 0.248047 0.689063 0.214844 0.689063 0.140625 0.682813 0.085938 0.685937 0.074219 0.696875 0.064453 0.709375 0.068359 0.737500 0.091797 0.757812 0.128906 0.760938 0.234375 0.743750 0.248047
0 0.871875 0.388672 0.853125 0.388672 0.840625 0.376953 0.818750 0.369141 0.798438 0.339844 0.798438 0.324219 0.818750 0.306641 0.837500 0.279297 0.881250 0.279297 0.918750 0.298828 0.929688 0.316406 0.923438 0.355469 0.912500 0.369141 0.871875 0.388672
0 0.000000 0.408203 0.009375 0.404297 0.021875 0.416016 0.040625 0.416016 0.064062 0.445312 0.064062 0.484375 0.056250 0.494141 0.037500 0.486328 0.014063 0.519531 0.010937 0.539062 0.000000 0.544922
0 0.359375 0.697266 0.334375 0.697266 0.326562 0.687500 0.317188 0.656250 0.301563 0.628906 0.298438 0.589844 0.285938 0.562500 0.221875 0.494141 0.193750 0.486328 0.175000 0.470703 0.164062 0.457031 0.171875 0.439453 0.212500 0.435547 0.250000 0.447266 0.296875 0.470703 0.329688 0.507812 0.373437 0.578125 0.379688 0.613281 0.385937 0.621094 0.385937 0.652344 0.359375 0.697266
0 0.156250 0.240234 0.125000 0.240234 0.112500 0.232422 0.073438 0.187500 0.073438 0.167969 0.100000 0.126953 0.128125 0.115234 0.159375 0.115234 0.185938 0.144531 0.176563 0.164062 0.181250 0.169922 0.193750 0.169922 0.198437 0.179688 0.182812 0.222656 0.175000 0.232422 0.156250 0.240234
0 0.421875 0.583984 0.406250 0.583984 0.390625 0.572266 0.331250 0.501953 0.315625 0.494141 0.289062 0.460938 0.267188 0.406250 0.270313 0.355469 0.284375 0.330078 0.303125 0.326172 0.321875 0.333984 0.340625 0.361328 0.360938 0.378906 0.376563 0.421875 0.414062 0.476562 0.432812 0.519531 0.435937 0.539062 0.432812 0.574219 0.421875 0.583984
0 0.528125 0.435547 0.515625 0.435547 0.507812 0.425781 0.489063 0.390625 0.485938 0.375000 0.485938 0.250000 0.495312 0.207031 0.509375 0.189453 0.532813 0.214844 0.560937 0.285156 0.560937 0.312500 0.554688 0.343750 0.548438 0.351562 0.545312 0.414062 0.528125 0.435547
0 0.481250 0.318359 0.470313 0.308594 0.460938 0.273438 0.460938 0.253906 0.470313 0.214844 0.496875 0.181641 0.501563 0.191406 0.485938 0.250000 0.481250 0.318359
0 0.404687 0.000000 0.401562 0.015625 0.373437 0.042969 0.373437 0.054688 0.364063 0.070312 0.343750 0.095703 0.312500 0.115234 0.303125 0.115234 0.290625 0.103516 0.273438 0.078125 0.273438 0.000000
0 0.559375 0.806641 0.521875 0.794922 0.514062 0.785156 0.510938 0.769531 0.470313 0.718750 0.460938 0.699219 0.460938 0.660156 0.468750 0.638672 0.481250 0.630859 0.496875 0.630859 0.503125 0.638672 0.534375 0.646484 0.582812 0.703125 0.589063 0.718750 0.585938 0.761719 0.579688 0.789062 0.559375 0.806641
0 0.121875 0.767578 0.071875 0.763672 0.059375 0.755859 0.051562 0.746094 0.051562 0.730469 0.039062 0.707031 0.039062 0.671875 0.051562 0.644531 0.048438 0.628906 0.067187 0.582031 0.090625 0.552734 0.137500 0.544922 0.151562 0.574219 0.151562 0.644531 0.164062 0.675781 0.164062 0.707031 0.157812 0.730469 0.121875 0.767578
0 0.400000 0.908203 0.346875 0.904297 0.337500 0.896484 0.265625 0.884766 0.259375 0.876953 0.240625 0.876953 0.231250 0.869141 0.193750 0.869141 0.192188 0.863281 0.200000 0.853516 0.228125 0.841797 0.281250 0.806641 0.315625 0.806641 0.340625 0.826172 0.371875 0.826172 0.400000 0.837891 0.423438 0.867188 0.417187 0.894531 0.400000 0.908203
0 0.568750 0.384766 0.554688 0.378906 0.560937 0.285156 0.539062 0.226562 0.510938 0.187500 0.521875 0.173828 0.534375 0.173828 0.545312 0.187500 0.576562 0.281250 0.582812 0.355469 0.568750 0.384766
0 0.279687 0.996094 0.273438 0.972656 0.260937 0.957031 0.265625 0.947266 0.303125 0.955078 0.321875 0.966797 0.337500 0.966797 0.376563 0.996094
0 0.631250 0.330078 0.609375 0.318359 0.598437 0.300781 0.595313 0.167969 0.582812 0.140625 0.585938 0.101562 0.609375 0.083984 0.640625 0.083984 0.670312 0.117188 0.679688 0.218750 0.689063 0.242188 0.689063 0.277344 0.682813 0.296875 0.656250 0.322266 0.631250 0.330078
0 0.812500 0.259766 0.781250 0.255859 0.760938 0.238281 0.757812 0.128906 0.765625 0.123047 0.790625 0.138672 0.814063 0.167969 0.814063 0.175781 0.829688 0.199219 0.835938 0.218750 0.835938 0.242188 0.812500 0.259766
0 0.090625 0.369141 0.071875 0.361328 0.051562 0.332031 0.048438 0.304688 0.068750 0.271484 0.093750 0.271484 0.112500 0.283203 0.129688 0.300781 0.135937 0.316406 0.132812 0.335938 0.118750 0.353516 0.090625 0.369141
0 0.478125 0.521484 0.456250 0.521484 0.435937 0.488281 0.435937 0.480469 0.392188 0.425781 0.382812 0.316406 0.389062 0.292969 0.415625 0.267578 0.434375 0.267578 0.448437 0.285156 0.460938 0.312500 0.476562 0.375000 0.498437 0.421875 0.501563 0.472656 0.495312 0.503906 0.478125 0.521484
0 0.893750 0.150391 0.846875 0.150391 0.818750 0.138672 0.807813 0.125000 0.807813 0.093750 0.821875 0.076172 0.837500 0.068359 0.884375 0.076172 0.920312 0.117188 0.917188 0.136719 0.909375 0.146484 0.893750 0.150391
0 0.928125 0.298828 0.896875 0.291016 0.889062 0.261719 0.889062 0.210938 0.906250 0.185547 0.946875 0.185547 0.992188 0.234375 0.992188 0.261719 0.981250 0.275391 0.959375 0.291016 0.928125 0.298828
0 0.000000 0.912109 0.018750 0.892578 0.035937 0.906250 0.032813 0.945312 0.039062 0.953125 0.039062 0.968750 0.029687 0.984375 0.029687 0.996094
0 0.371875 0.978516 0.362500 0.978516 0.346875 0.962891 0.318750 0.958984 0.306250 0.947266 0.287500 0.947266 0.275000 0.931641 0.250000 0.916016 0.215625 0.908203 0.196875 0.892578 0.185938 0.875000 0.190625 0.869141 0.231250 0.869141 0.240625 0.876953 0.253125 0.876953 0.259375 0.884766 0.312500 0.892578 0.321875 0.904297 0.350000 0.919922 0.375000 0.919922 0.417187 0.941406 0.409375 0.958984 0.371875 0.978516
0 0.000000 0.748047 0.009375 0.748047 0.020313 0.765625 0.020313 0.773438 0.007812 0.789062 0.004687 0.835938 0.000000 0.841797
