0 0.398438 0.357422 0.375000 0.349609 0.365234 0.335938 0.365234 0.324219 0.386719 0.294922 0.410156 0.287109 0.431641 0.308594 0.431641 0.332031 0.421875 0.345703 0.398438 0.357422
0 0.996094 0.103516 0.984375 0.111328 0.957031 0.111328 0.927734 0.089844 0.919922 0.070312 0.931641 0.039062 0.953125 0.017578 0.968750 0.009766 0.996094 0.009766
0 0.507812 0.341797 0.492188 0.337891 0.478516 0.320312 0.474609 0.242188 0.482422 0.222656 0.503906 0.197266 0.515625 0.208984 0.535156 0.208984 0.546875 0.197266 0.583984 0.222656 0.595703 0.250000 0.595703 0.273438 0.583984 0.300781 0.558594 0.326172 0.531250 0.330078 0.507812 0.341797
0 0.535156 0.787109 0.515625 0.787109 0.478516 0.761719 0.466797 0.738281 0.466797 0.722656 0.472656 0.716797 0.515625 0.705078 0.546875 0.720703 0.564453 0.738281 0.568359 0.773438 0.535156 0.787109
0 0.558594 0.169922 0.531250 0.169922 0.509766 0.148438 0.513672 0.105469 0.539062 0.087891 0.558594 0.087891 0.583984 0.121094 0.580078 0.156250 0.558594 0.169922
0 0.359375 0.587891 0.332031 0.583984 0.302734 0.554688 0.302734 0.503906 0.316406 0.486328 0.332031 0.478516 0.363281 0.478516 0.378906 0.486328 0.404297 0.511719 0.408203 0.523438 0.396484 0.562500 0.378906 0.580078 0.359375 0.587891
0 0.248047 0.000000 0.244141 0.023438 0.214844 0.044922 0.183594 0.041016 0.162109 0.019531 0.162109 0.000000
0 0.398438 0.951172 0.378906 0.951172 0.373047 0.945312 0.373047 0.921875 0.378906 0.916016 0.406250 0.916016 0.416016 0.925781 0.416016 0.933594 0.398438 0.951172
0 0.000000 0.935547 0.039062 0.931641 0.058594 0.943359 0.072266 0.960938 0.076172 0.996094
0 0.617188 0.447266 0.601562 0.443359 0.587891 0.429688 0.591797 0.375000 0.625000 0.341797 0.656250 0.337891 0.681641 0.355469 0.693359 0.390625 0.671875 0.419922 0.636719 0.443359 0.617188 0.447266
0 0.214844 0.330078 0.199219 0.322266 0.164062 0.322266 0.158203 0.304688 0.162109 0.273438 0.173828 0.246094 0.183594 0.232422 0.207031 0.220703 0.238281 0.224609 0.267578 0.250000 0.267578 0.300781 0.246094 0.322266 0.214844 0.330078
0 0.119141 0.996094 0.140625 0.966797 0.187500 0.943359 0.222656 0.951172 0.240234 0.968750 0.248047 0.996094
0 0.382812 0.814453 0.347656 0.810547 0.318359 0.777344 0.318359 0.761719 0.339844 0.724609 0.355469 0.736328 0.404297 0.738281 0.412109 0.781250 0.382812 0.814453
0 0.644531 0.994141 0.617188 0.986328 0.603516 0.972656 0.595703 0.953125 0.601562 0.935547 0.628906 0.919922 0.660156 0.923828 0.681641 0.941406 0.677734 0.972656 0.664062 0.986328 0.644531 0.994141
0 0.589844 0.689453 0.576172 0.683594 0.582031 0.669922 0.595703 0.675781 0.589844 0.689453
0 0.593750 0.560547 0.558594 0.560547 0.533203 0.539062 0.529297 0.488281 0.542969 0.470703 0.578125 0.466797 0.615234 0.496094 0.611328 0.546875 0.593750 0.560547
0 0.050781 0.568359 0.035156 0.568359 0.029297 0.558594 0.029297 0.539062 0.039062 0.529297 0.054688 0.533203 0.064453 0.542969 0.064453 0.554688 0.050781 0.568359
0 0.628906 0.462891 0.615234 0.457031 0.621094 0.443359 0.634766 0.449219 0.628906 0.462891
0 0.187500 0.400391 0.136719 0.376953 0.130859 0.363281 0.156250 0.353516 0.160156 0.345703 0.191406 0.341797 0.208984 0.355469 0.208984 0.371094 0.201172 0.390625 0.187500 0.400391
0 0.000000 0.767578 0.015625 0.767578 0.050781 0.810547 0.070312 0.814453 0.091797 0.855469 0.087891 0.875000 0.054688 0.900391 0.027344 0.896484 0.000000 0.876953
0 0.089844 0.794922 0.050781 0.791016 0.037109 0.777344 0.033203 0.753906 0.025391 0.746094 0.082031 0.689453 0.121094 0.685547 0.144531 0.705078 0.158203 0.707031 0.138672 0.730469 0.134766 0.757812 0.089844 0.794922
0 0.679688 0.580078 0.660156 0.580078 0.630859 0.558594 0.634766 0.503906 0.664062 0.482422 0.683594 0.482422 0.703125 0.494141 0.720703 0.527344 0.712891 0.558594 0.699219 0.572266 0.679688 0.580078
0 0.562500 0.705078 0.548828 0.699219 0.554688 0.685547 0.568359 0.691406 0.562500 0.705078
0 0.503906 0.974609 0.476562 0.970703 0.462891 0.957031 0.455078 0.937500 0.455078 0.917969 0.462891 0.902344 0.480469 0.888672 0.500000 0.888672 0.515625 0.896484 0.533203 0.917969 0.529297 0.957031 0.503906 0.974609
0 0.398438 0.740234 0.347656 0.732422 0.337891 0.722656 0.341797 0.699219 0.351562 0.689453 0.386719 0.689453 0.404297 0.707031 0.404297 0.734375 0.398438 0.740234
0 0.611328 0.000000 0.630859 0.031250 0.630859 0.050781 0.626953 0.062500 0.601562 0.080078 0.566406 0.080078 0.544922 0.062500 0.541016 0.000000
0 0.199219 0.908203 0.164062 0.908203 0.117188 0.896484 0.103516 0.878906 0.107422 0.855469 0.160156 0.830078 0.203125 0.841797 0.224609 0.867188 0.224609 0.886719 0.199219 0.908203
0 0.265625 0.509766 0.230469 0.509766 0.210938 0.501953 0.197266 0.488281 0.189453 0.472656 0.189453 0.441406 0.207031 0.416016 0.234375 0.404297 0.253906 0.408203 0.273438 0.416016 0.287109 0.433594 0.294922 0.449219 0.294922 0.476562 0.287109 0.492188 0.265625 0.509766
0 0.625000 0.876953 0.593750 0.873047 0.580078 0.863281 0.572266 0.847656 0.576172 0.816406 0.597656 0.798828 0.632812 0.802734 0.654297 0.828125 0.654297 0.855469 0.625000 0.876953
0 0.714844 0.849609 0.691406 0.849609 0.685547 0.843750 0.685547 0.824219 0.691406 0.818359 0.710938 0.818359 0.720703 0.828125 0.720703 0.843750 0.714844 0.849609
0 0.736328 0.000000 0.755859 0.023438 0.755859 0.062500 0.734375 0.095703 0.710938 0.107422 0.679688 0.099609 0.650391 0.062500 0.650391 0.007812 0.662109 0.000000
0 0.445312 0.185547 0.410156 0.185547 0.394531 0.177734 0.376953 0.156250 0.376953 0.121094 0.402344 0.095703 0.425781 0.087891 0.460938 0.087891 0.490234 0.105469 0.490234 0.148438 0.468750 0.173828 0.445312 0.185547
0 0.535156 0.208984 0.515625 0.208984 0.505859 0.199219 0.515625 0.177734 0.535156 0.177734 0.541016 0.183594 0.541016 0.203125 0.535156 0.208984
0 0.566406 0.681641 0.539062 0.681641 0.515625 0.669922 0.498047 0.652344 0.490234 0.628906 0.498047 0.605469 0.507812 0.595703 0.535156 0.583984 0.566406 0.583984 0.591797 0.601562 0.603516 0.628906 0.599609 0.648438 0.591797 0.664062 0.566406 0.681641
0 0.785156 0.916016 0.753906 0.912109 0.732422 0.882812 0.732422 0.851562 0.750000 0.830078 0.781250 0.830078 0.796875 0.837891 0.810547 0.855469 0.810547 0.886719 0.802734 0.902344 0.785156 0.916016
0 0.269531 0.755859 0.242188 0.755859 0.224609 0.746094 0.220703 0.718750 0.212891 0.707031 0.218750 0.693359 0.238281 0.681641 0.277344 0.681641 0.287109 0.691406 0.294922 0.703125 0.291016 0.742188 0.269531 0.755859
0 0.175781 0.783203 0.148438 0.779297 0.134766 0.757812 0.138672 0.730469 0.160156 0.705078 0.183594 0.705078 0.201172 0.730469 0.197266 0.765625 0.187500 0.779297 0.175781 0.783203
0 0.535156 0.455078 0.492188 0.455078 0.478516 0.445312 0.470703 0.433594 0.474609 0.394531 0.482422 0.378906 0.503906 0.361328 0.515625 0.361328 0.527344 0.349609 0.550781 0.349609 0.568359 0.363281 0.572266 0.375000 0.568359 0.421875 0.535156 0.455078
0 0.000000 0.185547 0.021484 0.210938 0.021484 0.234375 0.000000 0.259766
0 0.000000 0.630859 0.023438 0.634766 0.044922 0.656250 0.048828 0.667969 0.044922 0.687500 0.027344 0.705078 0.000000 0.708984
0 0.505859 0.000000 0.498047 0.015625 0.472656 0.037109 0.449219 0.037109 0.421875 0.025391 0.416016 0.019531 0.416016 0.000000
0 0.123047 0.000000 0.113281 0.017578 0.085938 0.037109 0.058594 0.037109 0.046875 0.029297 0.033203 0.000000
0 0.605469 0.216797 0.591797 0.199219 0.595703 0.179688 0.621094 0.158203 0.644531 0.158203 0.650391 0.164062 0.650391 0.187500 0.625000 0.212891 0.605469 0.216797
0 0.343750 0.314453 0.308594 0.306641 0.298828 0.296875 0.287109 0.265625 0.291016 0.234375 0.324219 0.212891 0.359375 0.216797 0.380859 0.238281 0.392578 0.269531 0.343750 0.314453
0 0.472656 0.548828 0.441406 0.541016 0.427734 0.523438 0.431641 0.492188 0.449219 0.470703 0.492188 0.478516 0.505859 0.488281 0.509766 0.500000 0.509766 0.527344 0.472656 0.548828
0 0.968750 0.529297 0.949219 0.529297 0.943359 0.523438 0.943359 0.507812 0.953125 0.498047 0.964844 0.498047 0.974609 0.507812 0.974609 0.523438 0.968750 0.529297
0 0.796875 0.337891 0.769531 0.337891 0.746094 0.326172 0.724609 0.304688 0.716797 0.281250 0.738281 0.251953 0.794922 0.230469 0.794922 0.195312 0.828125 0.154297 0.859375 0.150391 0.892578 0.179688 0.904297 0.207031 0.904297 0.222656 0.878906 0.255859 0.855469 0.263672 0.839844 0.259766 0.833984 0.265625 0.833984 0.285156 0.822266 0.316406 0.796875 0.337891
0 0.238281 0.197266 0.214844 0.197266 0.191406 0.185547 0.166016 0.152344 0.169922 0.109375 0.191406 0.083984 0.218750 0.072266 0.246094 0.080078 0.267578 0.101562 0.275391 0.121094 0.275391 0.152344 0.263672 0.175781 0.238281 0.197266
0 0.753906 0.806641 0.722656 0.802734 0.697266 0.769531 0.697266 0.746094 0.705078 0.730469 0.722656 0.716797 0.742188 0.716797 0.757812 0.724609 0.775391 0.746094 0.775391 0.789062 0.753906 0.806641
0 0.304688 0.400391 0.253906 0.388672 0.248047 0.371094 0.248047 0.359375 0.263672 0.332031 0.292969 0.314453 0.308594 0.314453 0.337891 0.335938 0.333984 0.371094 0.304688 0.400391
0 0.484375 0.880859 0.437500 0.869141 0.412109 0.843750 0.412109 0.816406 0.445312 0.783203 0.496094 0.798828 0.505859 0.812500 0.509766 0.847656 0.501953 0.867188 0.484375 0.880859
