0 0.382812 0.287109 0.345703 0.246094 0.337891 0.230469 0.337891 0.207031 0.345703 0.191406 0.367188 0.173828 0.386719 0.177734 0.398438 0.169922 0.421875 0.169922 0.451172 0.191406 0.455078 0.214844 0.416016 0.269531 0.410156 0.275391 0.390625 0.275391 0.382812 0.287109
0 0.484375 0.111328 0.451172 0.089844 0.443359 0.074219 0.443359 0.054688 0.455078 0.027344 0.472656 0.009766 0.511719 0.005859 0.542969 0.021484 0.552734 0.035156 0.552734 0.078125 0.539062 0.095703 0.535156 0.087891 0.527344 0.099609 0.484375 0.111328
0 0.265625 0.720703 0.250000 0.720703 0.218750 0.705078 0.201172 0.675781 0.212891 0.648438 0.242188 0.626953 0.261719 0.626953 0.277344 0.634766 0.294922 0.652344 0.302734 0.671875 0.298828 0.699219 0.285156 0.712891 0.265625 0.720703
0 0.894531 0.236328 0.867188 0.232422 0.849609 0.207031 0.849609 0.191406 0.878906 0.169922 0.902344 0.173828 0.923828 0.199219 0.923828 0.214844 0.894531 0.236328
0 0.402344 0.501953 0.378906 0.501953 0.345703 0.457031 0.345703 0.429688 0.355469 0.419922 0.382812 0.416016 0.398438 0.400391 0.427734 0.425781 0.427734 0.468750 0.416016 0.492188 0.402344 0.501953
0 0.222656 0.810547 0.191406 0.802734 0.177734 0.789062 0.177734 0.761719 0.207031 0.728516 0.230469 0.732422 0.255859 0.769531 0.244141 0.792969 0.222656 0.810547
0 0.640625 0.626953 0.601562 0.623047 0.583984 0.597656 0.589844 0.591797 0.595703 0.605469 0.605469 0.615234 0.611328 0.613281 0.591797 0.578125 0.595703 0.562500 0.617188 0.533203 0.652344 0.525391 0.673828 0.562500 0.673828 0.593750 0.666016 0.609375 0.640625 0.626953
0 0.492188 0.642578 0.468750 0.634766 0.451172 0.605469 0.457031 0.587891 0.482422 0.585938 0.480469 0.580078 0.453125 0.568359 0.447266 0.554688 0.451172 0.539062 0.480469 0.517578 0.501953 0.531250 0.513672 0.558594 0.509766 0.574219 0.490234 0.585938 0.505859 0.605469 0.505859 0.625000 0.492188 0.642578
0 0.378906 0.748047 0.351562 0.740234 0.337891 0.726562 0.333984 0.687500 0.355469 0.662109 0.394531 0.654297 0.419922 0.671875 0.427734 0.687500 0.427734 0.710938 0.410156 0.736328 0.378906 0.748047
0 0.876953 0.996094 0.890625 0.978516 0.917969 0.966797 0.937500 0.966797 0.953125 0.974609 0.974609 0.996094
0 0.828125 0.185547 0.806641 0.171875 0.798828 0.156250 0.798828 0.132812 0.812500 0.115234 0.839844 0.107422 0.859375 0.115234 0.876953 0.136719 0.861328 0.144531 0.861328 0.152344 0.828125 0.185547
0 0.996094 0.892578 0.982422 0.878906 0.974609 0.859375 0.978516 0.835938 0.996094 0.814453
0 0.769531 0.619141 0.746094 0.615234 0.724609 0.597656 0.720703 0.566406 0.728516 0.550781 0.757812 0.525391 0.785156 0.525391 0.814453 0.550781 0.818359 0.585938 0.800781 0.607422 0.769531 0.619141
0 0.617188 0.810547 0.585938 0.806641 0.560547 0.785156 0.556641 0.746094 0.574219 0.720703 0.609375 0.705078 0.636719 0.705078 0.662109 0.726562 0.669922 0.761719 0.662109 0.781250 0.648438 0.794922 0.617188 0.810547
0 0.736328 0.996094 0.724609 0.972656 0.724609 0.941406 0.742188 0.919922 0.761719 0.912109 0.804688 0.919922 0.826172 0.937500 0.833984 0.953125 0.833984 0.976562 0.822266 0.996094
0 0.445312 0.427734 0.429688 0.427734 0.404297 0.394531 0.408203 0.339844 0.402344 0.318359 0.429688 0.314453 0.447266 0.335938 0.455078 0.367188 0.466797 0.375000 0.466797 0.402344 0.445312 0.427734
0 0.507812 0.361328 0.484375 0.357422 0.431641 0.304688 0.431641 0.277344 0.476562 0.208984 0.500000 0.208984 0.529297 0.250000 0.560547 0.277344 0.560547 0.339844 0.546875 0.353516 0.519531 0.353516 0.507812 0.361328
0 0.632812 0.169922 0.617188 0.158203 0.589844 0.162109 0.564453 0.144531 0.564453 0.105469 0.556641 0.097656 0.570312 0.083984 0.589844 0.076172 0.625000 0.076172 0.646484 0.093750 0.654297 0.109375 0.654297 0.132812 0.646484 0.156250 0.632812 0.169922
0 0.000000 0.603516 0.021484 0.621094 0.021484 0.652344 0.000000 0.673828
0 0.781250 0.462891 0.750000 0.458984 0.712891 0.417969 0.712891 0.406250 0.705078 0.398438 0.705078 0.371094 0.710938 0.365234 0.726562 0.357422 0.761719 0.357422 0.781250 0.365234 0.810547 0.394531 0.810547 0.425781 0.781250 0.462891
0 0.929688 0.904297 0.906250 0.904297 0.873047 0.871094 0.878906 0.861328 0.904297 0.847656 0.910156 0.830078 0.917969 0.830078 0.951172 0.867188 0.951172 0.886719 0.929688 0.904297
0 0.597656 0.673828 0.585938 0.673828 0.572266 0.660156 0.572266 0.648438 0.589844 0.634766 0.597656 0.634766 0.611328 0.648438 0.611328 0.660156 0.597656 0.673828
0 0.000000 0.837891 0.023438 0.814453 0.058594 0.802734 0.078125 0.806641 0.103516 0.832031 0.107422 0.863281 0.119141 0.882812 0.119141 0.902344 0.115234 0.917969 0.091797 0.953125 0.054688 0.955078 0.039062 0.947266 0.025391 0.933594 0.021484 0.890625 0.013672 0.875000 0.000000 0.865234
0 0.601562 0.267578 0.578125 0.263672 0.560547 0.250000 0.552734 0.238281 0.552734 0.214844 0.574219 0.185547 0.605469 0.177734 0.619141 0.191406 0.619141 0.246094 0.601562 0.267578
0 0.824219 0.873047 0.792969 0.873047 0.771484 0.855469 0.763672 0.839844 0.763672 0.816406 0.773438 0.802734 0.808594 0.791016 0.833984 0.796875 0.826172 0.812500 0.826172 0.839844 0.841797 0.859375 0.824219 0.873047
0 0.859375 0.849609 0.837891 0.832031 0.837891 0.804688 0.859375 0.787109 0.890625 0.787109 0.900391 0.804688 0.884766 0.832031 0.859375 0.849609
0 0.046875 0.798828 0.015625 0.798828 0.001953 0.785156 0.001953 0.742188 0.023438 0.716797 0.054688 0.693359 0.078125 0.693359 0.091797 0.718750 0.091797 0.765625 0.082031 0.783203 0.066406 0.783203 0.046875 0.798828
0 0.937500 0.103516 0.921875 0.103516 0.908203 0.089844 0.912109 0.070312 0.929688 0.060547 0.964844 0.056641 0.970703 0.070312 0.937500 0.103516
0 0.320312 0.337891 0.289062 0.337891 0.267578 0.324219 0.267578 0.281250 0.304688 0.259766 0.320312 0.259766 0.332031 0.267578 0.347656 0.259766 0.353516 0.265625 0.349609 0.304688 0.320312 0.337891
0 0.324219 0.857422 0.304688 0.857422 0.263672 0.832031 0.263672 0.800781 0.285156 0.771484 0.300781 0.767578 0.335938 0.798828 0.345703 0.800781 0.345703 0.835938 0.324219 0.857422
0 0.125000 0.810547 0.109375 0.802734 0.095703 0.785156 0.099609 0.726562 0.117188 0.716797 0.148438 0.724609 0.162109 0.742188 0.154297 0.789062 0.140625 0.806641 0.125000 0.810547
0 0.457031 0.970703 0.417969 0.970703 0.388672 0.949219 0.384766 0.914062 0.398438 0.896484 0.441406 0.892578 0.466797 0.914062 0.474609 0.929688 0.474609 0.953125 0.457031 0.970703
0 0.179688 0.927734 0.167969 0.927734 0.154297 0.914062 0.154297 0.902344 0.146484 0.894531 0.146484 0.863281 0.171875 0.837891 0.191406 0.830078 0.212891 0.847656 0.228516 0.878906 0.203125 0.912109 0.179688 0.927734
0 0.070312 0.548828 0.027344 0.537109 0.009766 0.515625 0.009766 0.480469 0.031250 0.458984 0.078125 0.455078 0.107422 0.476562 0.107422 0.519531 0.097656 0.533203 0.070312 0.548828
0 0.996094 0.642578 0.976562 0.654297 0.945312 0.654297 0.917969 0.642578 0.900391 0.621094 0.904297 0.570312 0.929688 0.544922 0.964844 0.541016 0.996094 0.560547
0 0.695312 0.505859 0.679688 0.505859 0.656250 0.494141 0.634766 0.464844 0.630859 0.429688 0.634766 0.406250 0.660156 0.380859 0.675781 0.380859 0.687500 0.388672 0.736328 0.441406 0.732422 0.453125 0.740234 0.464844 0.740234 0.480469 0.726562 0.486328 0.718750 0.498047 0.695312 0.505859
0 0.255859 0.996094 0.248047 0.980469 0.251953 0.960938 0.269531 0.943359 0.289062 0.935547 0.316406 0.939453 0.337891 0.953125 0.345703 0.964844 0.345703 0.996094
0 0.375000 0.419922 0.347656 0.419922 0.337891 0.410156 0.333984 0.382812 0.326172 0.375000 0.330078 0.339844 0.363281 0.310547 0.394531 0.318359 0.408203 0.339844 0.408203 0.363281 0.396484 0.402344 0.375000 0.419922
0 0.316406 0.560547 0.300781 0.556641 0.279297 0.535156 0.275391 0.515625 0.283203 0.492188 0.292969 0.482422 0.308594 0.474609 0.335938 0.474609 0.353516 0.496094 0.353516 0.511719 0.361328 0.523438 0.347656 0.544922 0.316406 0.560547
0 0.164062 0.708984 0.156250 0.708984 0.138672 0.683594 0.138672 0.664062 0.160156 0.642578 0.181641 0.656250 0.164062 0.708984
