0 0.921875 0.685547 0.892578 0.679688 0.884766 0.664062 0.884766 0.644531 0.898438 0.626953 0.937500 0.615234 0.953125 0.623047 0.962891 0.640625 0.955078 0.660156 0.933594 0.681641 0.921875 0.685547
0 0.832031 0.458984 0.808594 0.458984 0.783203 0.441406 0.779297 0.410156 0.792969 0.396484 0.824219 0.396484 0.849609 0.414062 0.853516 0.445312 0.832031 0.458984
0 0.246094 0.779297 0.185547 0.773438 0.185547 0.753906 0.201172 0.734375 0.203125 0.716797 0.222656 0.720703 0.230469 0.712891 0.259766 0.714844 0.259766 0.734375 0.248047 0.746094 0.251953 0.773438 0.246094 0.779297
0 0.035156 0.525391 0.013672 0.511719 0.013672 0.500000 0.039062 0.482422 0.050781 0.482422 0.064453 0.492188 0.068359 0.503906 0.050781 0.521484 0.035156 0.525391
0 0.417969 0.748047 0.396484 0.734375 0.380859 0.710938 0.384766 0.699219 0.406250 0.685547 0.433594 0.693359 0.447266 0.707031 0.443359 0.734375 0.417969 0.748047
0 0.312500 0.380859 0.275391 0.367188 0.271484 0.335938 0.300781 0.306641 0.328125 0.298828 0.347656 0.302734 0.361328 0.320312 0.353516 0.355469 0.328125 0.376953 0.312500 0.380859
0 0.542969 0.072266 0.507812 0.072266 0.486328 0.046875 0.490234 0.035156 0.507812 0.021484 0.531250 0.025391 0.548828 0.046875 0.548828 0.066406 0.542969 0.072266
0 0.218750 0.716797 0.210938 0.716797 0.197266 0.699219 0.199219 0.673828 0.218750 0.673828 0.228516 0.687500 0.228516 0.710938 0.218750 0.716797
0 0.242188 0.376953 0.224609 0.371094 0.226562 0.357422 0.244141 0.359375 0.242188 0.376953
0 0.029297 0.996094 0.031250 0.986328 0.046875 0.982422 0.078125 0.986328 0.080078 0.996094
0 0.441406 0.232422 0.406250 0.232422 0.396484 0.222656 0.396484 0.207031 0.421875 0.189453 0.445312 0.189453 0.455078 0.199219 0.455078 0.218750 0.441406 0.232422
0 0.765625 0.576172 0.746094 0.572266 0.736328 0.558594 0.736328 0.550781 0.757812 0.533203 0.808594 0.529297 0.822266 0.542969 0.818359 0.554688 0.800781 0.568359 0.765625 0.576172
0 0.250000 0.712891 0.234375 0.712891 0.228516 0.707031 0.230469 0.689453 0.251953 0.691406 0.250000 0.712891
0 0.605469 0.501953 0.578125 0.498047 0.568359 0.488281 0.568359 0.472656 0.585938 0.458984 0.617188 0.462891 0.626953 0.480469 0.605469 0.501953
0 0.083984 0.000000 0.083984 0.023438 0.054688 0.037109 0.039062 0.033203 0.025391 0.019531 0.029297 0.000000
