0 0.038793 0.633654 0.030172 0.633654 0.022270 0.623077 0.022270 0.600000 0.026580 0.586538 0.033046 0.577885 0.038793 0.574038 0.050287 0.574038 0.058190 0.582692 0.059626 0.596154 0.051006 0.621154 0.038793 0.633654
0 0.270115 0.604808 0.264368 0.604808 0.256466 0.594231 0.250718 0.575000 0.250718 0.559615 0.255029 0.540385 0.262931 0.529808 0.268678 0.531731 0.273707 0.538462 0.279454 0.563462 0.279454 0.588462 0.278017 0.594231 0.270115 0.604808
0 0.193966 0.881731 0.163793 0.879808 0.146552 0.868269 0.140086 0.859615 0.137213 0.844231 0.142960 0.821154 0.156609 0.806731 0.181034 0.795192 0.198276 0.795192 0.221264 0.806731 0.230603 0.819231 0.233477 0.830769 0.230603 0.853846 0.221264 0.868269 0.206897 0.877885 0.193966 0.881731
0 0.104885 0.570192 0.096264 0.568269 0.094109 0.561538 0.081897 0.545192 0.076868 0.542308 0.078305 0.536538 0.075431 0.532692 0.075431 0.513462 0.078305 0.503846 0.083333 0.497115 0.089080 0.495192 0.094828 0.499038 0.101293 0.511538 0.109914 0.553846 0.109914 0.561538 0.104885 0.570192
0 0.229885 0.350962 0.219109 0.336538 0.217672 0.328846 0.221983 0.315385 0.228448 0.306731 0.234195 0.304808 0.246408 0.313462 0.247845 0.325000 0.244253 0.333654 0.239943 0.333654 0.232040 0.342308 0.229885 0.350962
0 0.405891 0.000000 0.413075 0.011538 0.413075 0.023077 0.405172 0.035577 0.379310 0.029808 0.372845 0.023077 0.371408 0.011538 0.372845 0.005769 0.378592 0.000000
0 0.000000 0.514423 0.004310 0.516346 0.012213 0.530769 0.010776 0.553846 0.006466 0.565385 0.000000 0.572115
0 0.367816 0.812500 0.360632 0.810577 0.344109 0.782692 0.342672 0.755769 0.347701 0.747115 0.359195 0.747115 0.371408 0.763462 0.375718 0.776923 0.375718 0.801923 0.367816 0.812500
0 0.577586 0.931731 0.573276 0.931731 0.563937 0.921154 0.561063 0.907692 0.561063 0.890385 0.563937 0.871154 0.568247 0.859615 0.577586 0.850962 0.584770 0.850962 0.589799 0.861538 0.591236 0.898077 0.586925 0.921154 0.577586 0.931731
0 0.132184 0.177885 0.125000 0.175962 0.119971 0.169231 0.112787 0.142308 0.115661 0.105769 0.122126 0.095192 0.126437 0.093269 0.129310 0.093269 0.137213 0.103846 0.144397 0.132692 0.144397 0.151923 0.141523 0.165385 0.132184 0.177885
0 0.000000 0.300962 0.005029 0.305769 0.006466 0.311538 0.006466 0.328846 0.000000 0.335577
0 0.356322 0.945192 0.340517 0.945192 0.331178 0.934615 0.332615 0.915385 0.339080 0.906731 0.353448 0.902885 0.360632 0.906731 0.367098 0.915385 0.368534 0.928846 0.365661 0.936538 0.356322 0.945192
0 0.514368 0.210577 0.497126 0.210577 0.490661 0.200000 0.492098 0.190385 0.507184 0.174038 0.535920 0.160577 0.543822 0.175000 0.540948 0.190385 0.531609 0.200962 0.514368 0.210577
0 0.239943 0.543269 0.232759 0.543269 0.228448 0.539423 0.217672 0.517308 0.219109 0.494231 0.228448 0.477885 0.237069 0.477885 0.244971 0.492308 0.246408 0.530769 0.239943 0.543269
0 0.425287 0.583654 0.409483 0.581731 0.402299 0.575962 0.395833 0.565385 0.388649 0.536538 0.388649 0.519231 0.395115 0.508654 0.406609 0.506731 0.412356 0.510577 0.431753 0.532692 0.437500 0.546154 0.438937 0.567308 0.431034 0.579808 0.425287 0.583654
0 0.257184 0.200962 0.244253 0.200962 0.239224 0.194231 0.237787 0.178846 0.240661 0.169231 0.250000 0.154808 0.257184 0.145192 0.267241 0.139423 0.275144 0.150000 0.275144 0.165385 0.265086 0.190385 0.257184 0.200962
0 0.222701 0.620192 0.216954 0.618269 0.205460 0.606731 0.197557 0.594231 0.197557 0.580769 0.202586 0.572115 0.224138 0.575962 0.233477 0.584615 0.237787 0.605769 0.231322 0.618269 0.222701 0.620192
0 0.390805 0.343269 0.382184 0.343269 0.377155 0.336538 0.377155 0.323077 0.384339 0.307692 0.399425 0.287500 0.406609 0.285577 0.413075 0.294231 0.413075 0.305769 0.403017 0.328846 0.390805 0.343269
0 0.452586 0.502885 0.443966 0.500962 0.436063 0.490385 0.428879 0.473077 0.427443 0.457692 0.435345 0.443269 0.441092 0.443269 0.451149 0.449038 0.459052 0.465385 0.460489 0.494231 0.452586 0.502885
0 0.998563 0.899038 0.992816 0.897115 0.987787 0.886538 0.989224 0.869231 0.993534 0.857692 0.998563 0.852885
0 0.410920 0.391346 0.400862 0.387500 0.392960 0.371154 0.392960 0.355769 0.397270 0.344231 0.409483 0.331731 0.415230 0.333654 0.420259 0.340385 0.423132 0.351923 0.418822 0.367308 0.417385 0.384615 0.410920 0.391346
0 0.192529 0.443269 0.182471 0.443269 0.174569 0.436538 0.173132 0.423077 0.168822 0.411538 0.168822 0.398077 0.173851 0.389423 0.185345 0.389423 0.191092 0.393269 0.201868 0.409615 0.201868 0.428846 0.197557 0.438462 0.192529 0.443269
0 0.570402 0.325962 0.558908 0.324038 0.553879 0.317308 0.552443 0.303846 0.558908 0.291346 0.570402 0.285577 0.577586 0.285577 0.586925 0.294231 0.588362 0.301923 0.585489 0.313462 0.570402 0.325962
0 0.469828 0.781731 0.464080 0.781731 0.459052 0.771154 0.460489 0.742308 0.466236 0.726923 0.471264 0.720192 0.477011 0.714423 0.482759 0.714423 0.490661 0.723077 0.493534 0.730769 0.492098 0.748077 0.484914 0.769231 0.477011 0.779808 0.469828 0.781731
0 0.000000 0.400962 0.020115 0.372115 0.030172 0.372115 0.038075 0.386538 0.036638 0.415385 0.027299 0.435577 0.017241 0.443269 0.007184 0.443269 0.000000 0.435577
0 0.964080 0.952885 0.955460 0.952885 0.939655 0.939423 0.927443 0.919231 0.926006 0.909615 0.931034 0.902885 0.939655 0.899038 0.951149 0.904808 0.966236 0.928846 0.967672 0.948077 0.964080 0.952885
0 0.242816 0.372115 0.234195 0.372115 0.229167 0.365385 0.229167 0.351923 0.232040 0.348077 0.232040 0.342308 0.239943 0.333654 0.245690 0.333654 0.252155 0.340385 0.250718 0.359615 0.242816 0.372115
0 0.406609 0.756731 0.400862 0.756731 0.394397 0.748077 0.394397 0.734615 0.400144 0.715385 0.412356 0.702885 0.428161 0.702885 0.431753 0.726923 0.431753 0.744231 0.406609 0.756731
0 0.544540 0.643269 0.540948 0.642308 0.540948 0.638462 0.533764 0.630769 0.530891 0.623077 0.541667 0.610577 0.547414 0.610577 0.553879 0.621154 0.551006 0.636538 0.544540 0.643269
0 0.159483 0.318269 0.152299 0.318269 0.148707 0.313462 0.147270 0.288462 0.151580 0.275000 0.160920 0.262500 0.168103 0.260577 0.176006 0.271154 0.176006 0.286538 0.170259 0.305769 0.159483 0.318269
0 0.000000 0.122115 0.008621 0.122115 0.016523 0.136538 0.013649 0.157692 0.004310 0.170192 0.000000 0.170192
0 0.363506 0.704808 0.354885 0.704808 0.349138 0.700962 0.345546 0.696154 0.345546 0.682692 0.354885 0.664423 0.373563 0.649038 0.382902 0.659615 0.384339 0.680769 0.382902 0.686538 0.372126 0.700962 0.363506 0.704808
0 0.487069 0.541346 0.477011 0.539423 0.469109 0.528846 0.467672 0.523077 0.467672 0.505769 0.470546 0.490385 0.473420 0.478846 0.479885 0.472115 0.484195 0.472115 0.490661 0.478846 0.494971 0.496154 0.493534 0.528846 0.487069 0.541346
0 0.000000 0.185577 0.008621 0.177885 0.014368 0.177885 0.022270 0.188462 0.022270 0.198077 0.015086 0.221154 0.010057 0.227885 0.000000 0.231731
0 0.109195 0.368269 0.097701 0.366346 0.089799 0.353846 0.086925 0.340385 0.085489 0.294231 0.090517 0.285577 0.094828 0.283654 0.103448 0.287500 0.108477 0.294231 0.111351 0.305769 0.115661 0.338462 0.115661 0.357692 0.109195 0.368269
0 0.212644 0.568269 0.201149 0.566346 0.182471 0.554808 0.168822 0.532692 0.170259 0.517308 0.175287 0.512500 0.186782 0.512500 0.202586 0.525962 0.214799 0.550000 0.214799 0.565385 0.212644 0.568269
0 0.939655 0.962500 0.923851 0.962500 0.908764 0.948077 0.901580 0.934615 0.898707 0.923077 0.900144 0.913462 0.903736 0.908654 0.909483 0.908654 0.919540 0.916346 0.943247 0.948077 0.944684 0.953846 0.939655 0.962500
0 0.556034 0.274038 0.545977 0.274038 0.539511 0.265385 0.536638 0.246154 0.540948 0.230769 0.558908 0.204808 0.564655 0.200962 0.571839 0.200962 0.577586 0.204808 0.582615 0.213462 0.582615 0.228846 0.573994 0.251923 0.564655 0.266346 0.556034 0.274038
0 0.518678 0.679808 0.511494 0.679808 0.505029 0.671154 0.505029 0.651923 0.512213 0.630769 0.521552 0.618269 0.527299 0.616346 0.533764 0.626923 0.533764 0.630769 0.540948 0.638462 0.540948 0.644231 0.535201 0.663462 0.527299 0.674038 0.518678 0.679808
0 0.428161 0.879808 0.418103 0.879808 0.409483 0.875962 0.397989 0.866346 0.387213 0.851923 0.387213 0.832692 0.392241 0.824038 0.397989 0.820192 0.408046 0.827885 0.418103 0.829808 0.434626 0.848077 0.438937 0.865385 0.428161 0.879808
0 0.331897 0.416346 0.320402 0.416346 0.315374 0.411538 0.311063 0.400000 0.309626 0.378846 0.316810 0.353846 0.324713 0.343269 0.336207 0.339423 0.340517 0.341346 0.349856 0.355769 0.349856 0.382692 0.342672 0.405769 0.331897 0.416346
0 0.142241 0.631731 0.123563 0.631731 0.110632 0.627885 0.099856 0.601923 0.101293 0.590385 0.119253 0.587500 0.125000 0.591346 0.142960 0.615385 0.145833 0.626923 0.142241 0.631731
0 0.510057 0.927885 0.501437 0.925962 0.494971 0.915385 0.492098 0.907692 0.492098 0.880769 0.496408 0.863462 0.505747 0.849038 0.515805 0.849038 0.522270 0.857692 0.522270 0.898077 0.517960 0.917308 0.510057 0.927885
0 0.881466 0.000000 0.884339 0.007692 0.884339 0.021154 0.878592 0.034615 0.872126 0.041346 0.864943 0.041346 0.857040 0.032692 0.848420 0.017308 0.844109 0.000000
0 0.502874 0.179808 0.494971 0.169231 0.494971 0.148077 0.499282 0.136538 0.512931 0.122115 0.534483 0.122115 0.542385 0.138462 0.540948 0.153846 0.535920 0.160577 0.525862 0.164423 0.522989 0.168269 0.512931 0.170192 0.502874 0.179808
0 0.314655 0.656731 0.310345 0.656731 0.304598 0.650962 0.296695 0.632692 0.296695 0.613462 0.301006 0.598077 0.306034 0.591346 0.314655 0.595192 0.322557 0.605769 0.325431 0.615385 0.325431 0.636538 0.322557 0.640385 0.322557 0.646154 0.314655 0.656731
0 0.100575 0.474038 0.091954 0.474038 0.084052 0.463462 0.075431 0.440385 0.068247 0.401923 0.068247 0.390385 0.074713 0.377885 0.086207 0.379808 0.095546 0.396154 0.102730 0.425000 0.102730 0.440385 0.105603 0.450000 0.105603 0.465385 0.100575 0.474038
0 0.589080 0.674038 0.580460 0.672115 0.576868 0.665385 0.578305 0.640385 0.588362 0.617308 0.597701 0.604808 0.604885 0.602885 0.611351 0.611538 0.609914 0.634615 0.599856 0.663462 0.589080 0.674038
0 0.410920 0.704808 0.408764 0.703846 0.408764 0.698077 0.403017 0.686538 0.403017 0.676923 0.407328 0.667308 0.405891 0.657692 0.412356 0.649038 0.425287 0.649038 0.431753 0.657692 0.431753 0.678846 0.436063 0.684615 0.436063 0.694231 0.428161 0.702885 0.410920 0.704808
0 0.436782 0.154808 0.432471 0.154808 0.426006 0.148077 0.423132 0.136538 0.423132 0.121154 0.426006 0.111538 0.438218 0.091346 0.446839 0.083654 0.452586 0.083654 0.460489 0.094231 0.460489 0.117308 0.450431 0.140385 0.436782 0.154808
0 0.413793 0.804808 0.408046 0.804808 0.397270 0.790385 0.397270 0.778846 0.400144 0.771154 0.410920 0.762500 0.415230 0.764423 0.431034 0.754808 0.441092 0.756731 0.444684 0.767308 0.444684 0.780769 0.439655 0.787500 0.429598 0.791346 0.413793 0.804808
0 0.612787 0.998077 0.616379 0.991346 0.622126 0.987500 0.632184 0.987500 0.640086 0.998077
0 0.053879 0.998077 0.053879 0.990385 0.059626 0.976923 0.068966 0.966346 0.080460 0.962500 0.089080 0.964423 0.095546 0.973077 0.095546 0.984615 0.089799 0.998077
0 0.382902 0.998077 0.381466 0.990385 0.371408 0.980769 0.374282 0.965385 0.385057 0.952885 0.397989 0.952885 0.403736 0.956731 0.411638 0.969231 0.410201 0.986538 0.401580 0.998077
0 0.990661 0.998077 0.993534 0.984615 0.998563 0.979808
0 0.547414 0.827885 0.543103 0.827885 0.535201 0.813462 0.535201 0.792308 0.538075 0.784615 0.538075 0.753846 0.545977 0.743269 0.554598 0.743269 0.559626 0.757692 0.561063 0.778846 0.555316 0.796154 0.552443 0.821154 0.547414 0.827885
0 0.000000 0.460577 0.004310 0.462500 0.010776 0.473077 0.010776 0.484615 0.007902 0.494231 0.000000 0.499038
0 0.091954 0.618269 0.083333 0.618269 0.077586 0.614423 0.066810 0.596154 0.062500 0.582692 0.061063 0.551923 0.067529 0.539423 0.077586 0.535577 0.076868 0.542308 0.081897 0.545192 0.094109 0.561538 0.096264 0.568269 0.099856 0.569231 0.098420 0.580769 0.101293 0.590385 0.101293 0.607692 0.091954 0.618269
0 0.360632 0.574038 0.349138 0.570192 0.336925 0.550000 0.335489 0.515385 0.340517 0.508654 0.349138 0.512500 0.352730 0.517308 0.352730 0.523077 0.358477 0.528846 0.367098 0.546154 0.368534 0.559615 0.365661 0.569231 0.360632 0.574038
0 0.352730 0.998077 0.357759 0.987500 0.364943 0.981731 0.377874 0.985577 0.381466 0.990385 0.382902 0.998077
0 0.147989 0.568269 0.136494 0.564423 0.124282 0.544231 0.117098 0.513462 0.117098 0.498077 0.123563 0.487500 0.130747 0.491346 0.135776 0.498077 0.148707 0.526923 0.154454 0.550000 0.154454 0.561538 0.147989 0.568269
