0 0.471875 0.322266 0.460938 0.316406 0.460938 0.300781 0.465625 0.294922 0.479687 0.300781 0.479687 0.312500 0.471875 0.322266
0 0.646875 0.322266 0.625000 0.310547 0.617188 0.285156 0.675000 0.197266 0.698438 0.234375 0.701562 0.261719 0.682813 0.285156 0.679688 0.304688 0.671875 0.314453 0.646875 0.322266
0 0.037500 0.580078 0.021875 0.580078 0.010937 0.562500 0.010937 0.531250 0.018750 0.521484 0.032813 0.531250 0.042188 0.566406 0.037500 0.580078
0 0.575000 0.982422 0.556250 0.970703 0.539062 0.945312 0.539062 0.925781 0.568750 0.904297 0.578125 0.919922 0.595313 0.929688 0.592187 0.968750 0.575000 0.982422
0 0.381250 0.580078 0.368750 0.580078 0.354687 0.570312 0.354687 0.558594 0.367188 0.546875 0.367188 0.523438 0.375000 0.513672 0.396875 0.517578 0.401562 0.523438 0.401562 0.550781 0.381250 0.580078
0 0.931250 0.978516 0.918750 0.978516 0.914062 0.972656 0.914062 0.953125 0.895312 0.933594 0.895312 0.914062 0.901563 0.906250 0.901563 0.886719 0.917188 0.871094 0.910937 0.843750 0.923438 0.828125 0.923438 0.820312 0.931250 0.814453 0.940625 0.822266 0.956250 0.806641 0.968750 0.806641 0.976562 0.832031 0.985938 0.843750 0.985938 0.851562 0.967187 0.878906 0.976562 0.902344 0.979688 0.933594 0.968750 0.947266 0.940625 0.951172 0.931250 0.978516
0 0.509375 0.802734 0.493750 0.802734 0.473438 0.769531 0.473438 0.742188 0.490625 0.720703 0.512500 0.736328 0.521875 0.736328 0.529687 0.753906 0.529687 0.777344 0.509375 0.802734
0 0.328125 0.876953 0.317188 0.871094 0.317188 0.863281 0.326562 0.851562 0.329688 0.820312 0.348438 0.761719 0.359375 0.748047 0.387500 0.751953 0.404687 0.789062 0.398438 0.824219 0.353125 0.865234 0.343750 0.865234 0.328125 0.876953
0 0.359375 0.462891 0.350000 0.462891 0.312500 0.427734 0.304688 0.414062 0.307812 0.375000 0.321875 0.357422 0.356250 0.357422 0.364063 0.371094 0.364063 0.402344 0.373437 0.421875 0.373437 0.445312 0.359375 0.462891
0 0.300000 0.880859 0.271875 0.876953 0.248438 0.855469 0.248438 0.804688 0.254688 0.796875 0.251563 0.785156 0.259375 0.771484 0.290625 0.744141 0.296875 0.744141 0.314063 0.769531 0.310937 0.816406 0.304688 0.832031 0.307812 0.871094 0.300000 0.880859
0 0.156250 0.470703 0.112500 0.466797 0.098437 0.441406 0.121875 0.416016 0.150000 0.404297 0.175000 0.408203 0.185938 0.417969 0.182812 0.453125 0.175000 0.462891 0.156250 0.470703
0 0.285938 0.000000 0.292187 0.023438 0.275000 0.056641 0.243750 0.056641 0.229687 0.039062 0.232813 0.000000
0 0.559375 0.650391 0.540625 0.650391 0.535937 0.644531 0.535937 0.613281 0.543750 0.603516 0.559375 0.603516 0.579688 0.621094 0.579688 0.632812 0.559375 0.650391
0 0.696875 0.490234 0.684375 0.490234 0.673438 0.476562 0.673438 0.460938 0.681250 0.447266 0.700000 0.447266 0.710938 0.460938 0.714063 0.480469 0.696875 0.490234
0 0.000000 0.158203 0.023438 0.179688 0.023438 0.214844 0.012500 0.232422 0.000000 0.236328
0 0.445312 0.996094 0.450000 0.986328 0.459375 0.982422 0.468750 0.982422 0.476562 0.996094
0 0.409375 0.384766 0.400000 0.384766 0.385937 0.367188 0.385937 0.343750 0.390625 0.337891 0.396875 0.337891 0.406250 0.349609 0.415625 0.349609 0.423438 0.359375 0.420312 0.375000 0.409375 0.384766
0 0.653125 0.501953 0.621875 0.498047 0.607812 0.484375 0.604688 0.457031 0.618750 0.431641 0.640625 0.427734 0.664062 0.453125 0.664062 0.488281 0.653125 0.501953
0 0.518750 0.849609 0.512500 0.849609 0.498437 0.832031 0.501563 0.804688 0.512500 0.798828 0.532813 0.820312 0.529687 0.835938 0.518750 0.849609
0 0.043750 0.302734 0.007812 0.285156 0.014063 0.250000 0.028125 0.232422 0.046875 0.240234 0.060937 0.261719 0.057813 0.289062 0.043750 0.302734
0 0.756250 0.896484 0.712500 0.892578 0.701562 0.871094 0.701562 0.839844 0.731250 0.822266 0.762500 0.822266 0.767188 0.839844 0.760938 0.855469 0.760938 0.890625 0.756250 0.896484
0 0.000000 0.439453 0.017188 0.468750 0.017188 0.500000 0.009375 0.509766 0.000000 0.509766
0 0.659375 0.666016 0.645312 0.656250 0.648438 0.632812 0.656250 0.623047 0.678125 0.626953 0.682813 0.636719 0.673438 0.656250 0.659375 0.666016
0 0.618750 0.388672 0.612500 0.388672 0.601562 0.371094 0.595313 0.328125 0.600000 0.322266 0.640625 0.318359 0.645312 0.324219 0.645312 0.363281 0.618750 0.388672
0 0.500000 0.564453 0.493750 0.564453 0.482812 0.546875 0.482812 0.507812 0.495312 0.500000 0.485938 0.488281 0.489063 0.433594 0.500000 0.435547 0.518750 0.427734 0.543750 0.431641 0.554688 0.441406 0.560937 0.457031 0.557813 0.484375 0.548438 0.496094 0.554688 0.515625 0.528125 0.544922 0.500000 0.564453
0 0.104688 0.996094 0.109375 0.986328 0.131250 0.986328 0.135937 0.996094
0 0.156250 0.724609 0.135937 0.714844 0.126562 0.699219 0.126562 0.683594 0.146875 0.658203 0.168750 0.650391 0.179688 0.664062 0.189062 0.699219 0.175000 0.716797 0.156250 0.724609
0 0.162500 0.814453 0.146875 0.814453 0.139063 0.804688 0.135937 0.792969 0.139063 0.757812 0.171875 0.728516 0.187500 0.724609 0.212500 0.693359 0.218750 0.693359 0.229687 0.710938 0.229687 0.722656 0.179688 0.804688 0.162500 0.814453
0 0.362500 0.205078 0.351562 0.199219 0.351562 0.179688 0.362500 0.166016 0.368750 0.166016 0.373437 0.183594 0.362500 0.205078
0 0.206250 0.931641 0.184375 0.931641 0.173437 0.914062 0.176563 0.886719 0.203125 0.853516 0.225000 0.861328 0.232813 0.878906 0.226562 0.906250 0.206250 0.931641
0 0.759375 0.587891 0.743750 0.587891 0.739062 0.570312 0.729688 0.558594 0.729688 0.523438 0.743750 0.505859 0.775000 0.505859 0.792188 0.519531 0.798438 0.539062 0.798438 0.554688 0.759375 0.587891
0 0.653125 0.783203 0.643750 0.783203 0.629687 0.765625 0.629687 0.734375 0.643750 0.708984 0.671875 0.708984 0.682813 0.726562 0.679688 0.765625 0.653125 0.783203
0 0.890625 0.822266 0.868750 0.818359 0.851562 0.792969 0.851562 0.761719 0.857812 0.734375 0.881250 0.697266 0.893750 0.689453 0.928125 0.685547 0.951562 0.710938 0.954688 0.726562 0.914062 0.785156 0.914062 0.804688 0.903125 0.818359 0.890625 0.822266
0 0.384375 0.732422 0.375000 0.728516 0.364063 0.707031 0.364063 0.699219 0.375000 0.685547 0.393750 0.685547 0.407813 0.699219 0.401562 0.722656 0.384375 0.732422
0 0.350000 0.158203 0.339062 0.152344 0.343750 0.138672 0.354687 0.144531 0.350000 0.158203
0 0.462500 0.494141 0.431250 0.486328 0.417187 0.457031 0.417187 0.441406 0.440625 0.427734 0.456250 0.408203 0.475000 0.412109 0.489063 0.425781 0.489063 0.445312 0.467187 0.476562 0.462500 0.494141
0 0.603125 0.927734 0.578125 0.919922 0.570312 0.890625 0.573438 0.875000 0.593750 0.849609 0.603125 0.849609 0.612500 0.837891 0.623437 0.855469 0.623437 0.906250 0.615625 0.919922 0.603125 0.927734
0 0.953125 0.318359 0.939063 0.308594 0.939063 0.281250 0.914062 0.250000 0.917188 0.218750 0.931250 0.205078 0.971875 0.224609 0.979688 0.234375 0.979688 0.253906 0.985938 0.261719 0.985938 0.285156 0.971875 0.306641 0.953125 0.318359
0 0.525000 0.736328 0.512500 0.736328 0.485938 0.714844 0.485938 0.683594 0.496875 0.669922 0.525000 0.666016 0.542188 0.683594 0.545312 0.710938 0.525000 0.736328
0 0.000000 0.673828 0.012500 0.646484 0.021875 0.646484 0.040625 0.630859 0.090625 0.623047 0.101562 0.632812 0.101562 0.664062 0.075000 0.693359 0.056250 0.697266 0.040625 0.712891 0.018750 0.712891 0.012500 0.705078 0.000000 0.705078
0 0.853125 0.990234 0.834375 0.990234 0.825000 0.978516 0.796875 0.974609 0.789062 0.964844 0.789062 0.937500 0.803125 0.927734 0.821875 0.935547 0.857812 0.972656 0.853125 0.990234
0 0.840625 0.728516 0.815625 0.728516 0.806250 0.716797 0.784375 0.720703 0.770312 0.703125 0.767188 0.664062 0.784375 0.646484 0.821875 0.642578 0.856250 0.669922 0.860938 0.687500 0.848437 0.703125 0.840625 0.728516
0 0.639062 0.000000 0.632812 0.023438 0.635938 0.042969 0.631250 0.048828 0.617188 0.039062 0.617188 0.011719 0.623437 0.000000
0 0.275000 0.478516 0.256250 0.474609 0.245312 0.453125 0.245312 0.390625 0.262500 0.369141 0.278125 0.369141 0.282813 0.375000 0.285938 0.410156 0.298438 0.429688 0.292187 0.460938 0.275000 0.478516
0 0.853125 0.529297 0.846875 0.529297 0.839063 0.515625 0.843750 0.501953 0.856250 0.501953 0.860938 0.507812 0.853125 0.529297
0 0.182812 0.000000 0.175000 0.021484 0.131250 0.037109 0.126562 0.031250 0.126562 0.011719 0.139063 0.000000
0 0.918750 0.455078 0.896875 0.451172 0.882812 0.437500 0.873437 0.417969 0.873437 0.402344 0.878125 0.396484 0.900000 0.396484 0.935937 0.429688 0.935937 0.437500 0.918750 0.455078
0 0.293750 0.705078 0.281250 0.697266 0.271875 0.701172 0.248438 0.675781 0.268750 0.634766 0.300000 0.642578 0.310937 0.656250 0.310937 0.679688 0.293750 0.705078
0 0.345313 0.000000 0.331250 0.017578 0.315625 0.017578 0.304688 0.000000
0 0.118750 0.201172 0.090625 0.193359 0.079687 0.179688 0.082812 0.152344 0.109375 0.123047 0.121875 0.119141 0.137500 0.126953 0.162500 0.158203 0.171875 0.158203 0.182812 0.171875 0.182812 0.179688 0.171875 0.189453 0.143750 0.185547 0.118750 0.201172
0 0.103125 0.794922 0.084375 0.794922 0.068750 0.787109 0.042188 0.753906 0.045312 0.734375 0.059375 0.708984 0.087500 0.705078 0.120313 0.738281 0.117188 0.777344 0.103125 0.794922
0 0.728125 0.634766 0.662500 0.626953 0.642188 0.609375 0.642188 0.585938 0.650000 0.572266 0.684375 0.564453 0.706250 0.544922 0.715625 0.544922 0.729688 0.562500 0.732812 0.582031 0.732812 0.628906 0.728125 0.634766
0 0.590625 0.544922 0.565625 0.541016 0.548438 0.523438 0.554688 0.515625 0.548438 0.496094 0.556250 0.486328 0.590625 0.490234 0.610938 0.511719 0.610938 0.523438 0.590625 0.544922
0 0.740625 0.318359 0.725000 0.318359 0.717187 0.300781 0.717187 0.253906 0.723437 0.246094 0.723437 0.222656 0.734375 0.208984 0.765625 0.208984 0.782813 0.226562 0.782813 0.238281 0.792188 0.253906 0.792188 0.281250 0.781250 0.298828 0.775000 0.298828 0.765625 0.310547 0.740625 0.318359
0 0.293750 0.544922 0.250000 0.537109 0.242188 0.527344 0.242188 0.511719 0.256250 0.498047 0.296875 0.482422 0.307812 0.511719 0.307812 0.531250 0.293750 0.544922
0 0.603125 0.849609 0.593750 0.849609 0.560937 0.800781 0.560937 0.769531 0.578125 0.748047 0.600000 0.755859 0.623437 0.785156 0.620313 0.828125 0.603125 0.849609
0 0.045312 0.000000 0.035937 0.015625 0.035937 0.046875 0.029687 0.058594 0.021875 0.068359 0.009375 0.068359 0.000000 0.060547
0 0.568750 0.205078 0.528125 0.205078 0.507812 0.183594 0.507812 0.164062 0.520312 0.152344 0.529687 0.089844 0.540625 0.080078 0.584375 0.095703 0.598437 0.121094 0.589063 0.183594 0.568750 0.205078
0 0.821875 0.900391 0.812500 0.900391 0.773438 0.863281 0.773438 0.835938 0.796875 0.826172 0.812500 0.802734 0.825000 0.802734 0.829688 0.808594 0.826562 0.847656 0.820312 0.855469 0.820312 0.867188 0.826562 0.875000 0.826562 0.894531 0.821875 0.900391
0 0.996875 0.638672 0.975000 0.634766 0.964063 0.621094 0.957812 0.597656 0.943750 0.583984 0.931250 0.583984 0.909375 0.603516 0.884375 0.603516 0.867188 0.585938 0.870313 0.562500 0.896875 0.544922 0.946875 0.544922 0.996875 0.568359
0 0.237500 0.681641 0.221875 0.681641 0.214062 0.671875 0.214062 0.632812 0.228125 0.611328 0.243750 0.615234 0.267188 0.636719 0.254688 0.667969 0.237500 0.681641
