0 0.469109 0.000000 0.469109 0.013462 0.458333 0.035577 0.451149 0.035577 0.446121 0.028846 0.444684 0.011538 0.447557 0.000000
0 0.998563 0.279808 0.991379 0.277885 0.984914 0.269231 0.983477 0.255769 0.989943 0.250962 0.998563 0.256731
0 0.702586 0.483654 0.693966 0.483654 0.684626 0.473077 0.681753 0.453846 0.690374 0.426923 0.702586 0.410577 0.708333 0.408654 0.716954 0.414423 0.720546 0.421154 0.721983 0.446154 0.714799 0.471154 0.702586 0.483654
0 0.817529 0.797115 0.814655 0.797115 0.809626 0.788462 0.808190 0.771154 0.826149 0.743269 0.836207 0.741346 0.845546 0.753846 0.849856 0.786538 0.843391 0.793269 0.821839 0.791346 0.817529 0.797115
0 0.998563 0.850962 0.991379 0.850962 0.984914 0.838462 0.990661 0.819231 0.995690 0.812500 0.998563 0.812500
0 0.943966 0.424038 0.936782 0.424038 0.931753 0.415385 0.931753 0.396154 0.934626 0.378846 0.940374 0.365385 0.949713 0.352885 0.958333 0.347115 0.964080 0.347115 0.969109 0.351923 0.971983 0.363462 0.969109 0.380769 0.964799 0.386538 0.956178 0.409615 0.943966 0.424038
0 0.521552 0.922115 0.513649 0.917308 0.507902 0.898077 0.509339 0.869231 0.515086 0.855769 0.525862 0.843269 0.535920 0.835577 0.545977 0.833654 0.555316 0.846154 0.553879 0.863462 0.536638 0.901923 0.521552 0.922115
0 0.724856 0.998077 0.724856 0.990385 0.734195 0.979808 0.745690 0.989423 0.754310 0.991346 0.760057 0.987500 0.760776 0.998077
0 0.145115 0.545192 0.125000 0.545192 0.106322 0.535577 0.101293 0.526923 0.101293 0.515385 0.107759 0.506731 0.119253 0.500962 0.139368 0.500962 0.150862 0.506731 0.158764 0.521154 0.158764 0.528846 0.152299 0.541346 0.145115 0.545192
0 0.817529 0.335577 0.804598 0.335577 0.796695 0.326923 0.792385 0.311538 0.792385 0.303846 0.796695 0.294231 0.806034 0.283654 0.816092 0.277885 0.830460 0.274038 0.849138 0.275962 0.854167 0.284615 0.852730 0.301923 0.833333 0.327885 0.817529 0.335577
0 0.639368 0.193269 0.630747 0.191346 0.621408 0.178846 0.621408 0.173077 0.608477 0.159615 0.601293 0.146154 0.598420 0.138462 0.598420 0.125000 0.606322 0.112500 0.614943 0.110577 0.623563 0.114423 0.635776 0.128846 0.638649 0.140385 0.654454 0.157692 0.653017 0.176923 0.645115 0.189423 0.639368 0.193269
0 0.584770 0.925962 0.566092 0.924038 0.561063 0.917308 0.561063 0.901923 0.579023 0.870192 0.586207 0.866346 0.599138 0.866346 0.611351 0.880769 0.614224 0.888462 0.614224 0.898077 0.602011 0.918269 0.584770 0.925962
0 0.405172 0.520192 0.379310 0.516346 0.368534 0.503846 0.367098 0.494231 0.375000 0.483654 0.382184 0.479808 0.402299 0.481731 0.409483 0.485577 0.417385 0.500000 0.417385 0.503846 0.414511 0.511538 0.405172 0.520192
0 0.918103 0.947115 0.901580 0.926923 0.900144 0.921154 0.900144 0.907692 0.908046 0.899038 0.916667 0.899038 0.922414 0.906731 0.928161 0.906731 0.934626 0.917308 0.934626 0.925000 0.928879 0.940385 0.918103 0.947115
0 0.758621 0.625962 0.741379 0.625962 0.732759 0.620192 0.726293 0.611538 0.720546 0.596154 0.720546 0.584615 0.727011 0.574038 0.742816 0.572115 0.757184 0.575962 0.767241 0.581731 0.773707 0.590385 0.773707 0.611538 0.767241 0.620192 0.758621 0.625962
0 0.399425 0.883654 0.390805 0.883654 0.380029 0.871154 0.378592 0.863462 0.374282 0.857692 0.375718 0.830769 0.382184 0.824038 0.393678 0.829808 0.408764 0.850000 0.410201 0.867308 0.399425 0.883654
0 0.402299 0.979808 0.395115 0.977885 0.387213 0.965385 0.388649 0.942308 0.396552 0.931731 0.412356 0.933654 0.423132 0.955769 0.410920 0.975962 0.402299 0.979808
0 0.713362 0.000000 0.733477 0.021154 0.734914 0.030769 0.734914 0.044231 0.732040 0.050000 0.728448 0.054808 0.715517 0.060577 0.701149 0.058654 0.688218 0.049038 0.680316 0.038462 0.676006 0.025000 0.676006 0.015385 0.685345 0.004808 0.695402 0.004808 0.701868 0.000000
0 0.109195 0.974038 0.100575 0.974038 0.095546 0.967308 0.094109 0.948077 0.107040 0.911538 0.114943 0.902885 0.123563 0.902885 0.130029 0.909615 0.132902 0.917308 0.132902 0.944231 0.122126 0.962500 0.109195 0.974038
0 0.056034 0.616346 0.038793 0.614423 0.028017 0.605769 0.019397 0.582692 0.019397 0.569231 0.025862 0.556731 0.033046 0.552885 0.056034 0.554808 0.070402 0.562500 0.078305 0.573077 0.081178 0.582692 0.078305 0.600000 0.068966 0.610577 0.056034 0.616346
0 0.586207 0.643269 0.574713 0.639423 0.562500 0.621154 0.553879 0.596154 0.553879 0.584615 0.557471 0.579808 0.567529 0.581731 0.594109 0.611538 0.595546 0.628846 0.592672 0.636538 0.586207 0.643269
0 0.183190 0.998077 0.189655 0.987500 0.196839 0.981731 0.214080 0.983654 0.220546 0.990385 0.221983 0.998077
0 0.158046 0.164423 0.145115 0.162500 0.139368 0.158654 0.132902 0.146154 0.131466 0.126923 0.134339 0.117308 0.139368 0.110577 0.143678 0.110577 0.164511 0.132692 0.163075 0.140385 0.165948 0.144231 0.165948 0.153846 0.158046 0.164423
0 0.000000 0.224038 0.015805 0.224038 0.021552 0.231731 0.028736 0.235577 0.036638 0.250000 0.036638 0.259615 0.022989 0.279808 0.011494 0.281731 0.008621 0.285577 0.000000 0.285577
0 0.000000 0.435577 0.011494 0.425962 0.024425 0.425962 0.045977 0.437500 0.052443 0.448077 0.051006 0.459615 0.040230 0.470192 0.034483 0.470192 0.020115 0.477885 0.007184 0.477885 0.000000 0.472115
0 0.885776 0.000000 0.887213 0.011538 0.890086 0.015385 0.885776 0.023077 0.885776 0.038462 0.867816 0.056731 0.846264 0.058654 0.839799 0.048077 0.839799 0.034615 0.849856 0.013462 0.861351 0.000000
0 0.103448 0.154808 0.094828 0.152885 0.091236 0.146154 0.091236 0.113462 0.099138 0.104808 0.107759 0.102885 0.112069 0.097115 0.125000 0.099038 0.131466 0.107692 0.131466 0.115385 0.134339 0.119231 0.131466 0.126923 0.132902 0.140385 0.126437 0.139423 0.103448 0.154808
0 0.360632 0.912500 0.352011 0.910577 0.344109 0.900000 0.335489 0.878846 0.336925 0.851923 0.341954 0.841346 0.349138 0.841346 0.357040 0.851923 0.358477 0.863462 0.369971 0.882692 0.369971 0.905769 0.360632 0.912500
0 0.407328 0.998077 0.408764 0.990385 0.416667 0.981731 0.428161 0.985577 0.438937 0.998077
0 0.998563 0.704808 0.978448 0.700962 0.956178 0.680769 0.959052 0.671154 0.971264 0.658654 0.989943 0.654808 0.998563 0.658654
0 0.446839 0.927885 0.433908 0.925962 0.426006 0.917308 0.424569 0.876923 0.431034 0.866346 0.438218 0.868269 0.446839 0.875962 0.454741 0.890385 0.456178 0.911538 0.446839 0.927885
0 0.946839 0.625962 0.933908 0.625962 0.927443 0.615385 0.931753 0.601923 0.943966 0.587500 0.952586 0.581731 0.972701 0.579808 0.984914 0.590385 0.984914 0.603846 0.981322 0.610577 0.974138 0.616346 0.946839 0.625962
0 0.077586 0.685577 0.073276 0.685577 0.065374 0.678846 0.062500 0.673077 0.063937 0.661538 0.079023 0.635577 0.084770 0.631731 0.100575 0.631731 0.105603 0.638462 0.105603 0.659615 0.099138 0.670192 0.086207 0.681731 0.077586 0.685577
0 0.396552 0.824038 0.390805 0.824038 0.386494 0.820192 0.379310 0.822115 0.361351 0.798077 0.359914 0.778846 0.364943 0.768269 0.373563 0.768269 0.382184 0.775962 0.392960 0.794231 0.392960 0.800000 0.401580 0.807692 0.401580 0.819231 0.396552 0.824038
0 0.727011 0.914423 0.719828 0.912500 0.713362 0.901923 0.721983 0.873077 0.737069 0.850962 0.751437 0.835577 0.761494 0.831731 0.770115 0.833654 0.775144 0.842308 0.775144 0.851923 0.769397 0.871154 0.751437 0.897115 0.739943 0.908654 0.727011 0.914423
0 0.000000 0.981731 0.010057 0.983654 0.016523 0.992308 0.014368 0.997115 0.000000 0.997115
0 0.380747 0.647115 0.375000 0.647115 0.371408 0.640385 0.371408 0.626923 0.377874 0.604808 0.382184 0.604808 0.387213 0.611538 0.391523 0.625000 0.390086 0.638462 0.380747 0.647115
0 0.938218 0.325962 0.931034 0.325962 0.915948 0.309615 0.914511 0.298077 0.920977 0.285577 0.931034 0.283654 0.930316 0.292308 0.932471 0.295192 0.939655 0.293269 0.941810 0.296154 0.943247 0.315385 0.938218 0.325962
0 0.801006 0.000000 0.799569 0.021154 0.788793 0.031731 0.784483 0.031731 0.774425 0.024038 0.766523 0.011538 0.763649 0.000000
0 0.281609 0.570192 0.271552 0.568269 0.263649 0.553846 0.262213 0.525000 0.267241 0.518269 0.280172 0.516346 0.293822 0.528846 0.295259 0.540385 0.292385 0.544231 0.292385 0.557692 0.287356 0.566346 0.281609 0.570192
0 0.107759 0.254808 0.099138 0.252885 0.094109 0.244231 0.095546 0.226923 0.102730 0.211538 0.110632 0.202885 0.136494 0.199038 0.142960 0.209615 0.138649 0.226923 0.120690 0.250962 0.107759 0.254808
0 0.189655 0.387500 0.183908 0.387500 0.180316 0.380769 0.177443 0.353846 0.181753 0.334615 0.183190 0.313462 0.186782 0.306731 0.191092 0.304808 0.205460 0.304808 0.211925 0.311538 0.213362 0.334615 0.200431 0.376923 0.189655 0.387500
0 0.596983 0.998077 0.598420 0.992308 0.607759 0.981731 0.619253 0.979808 0.625000 0.974038 0.630747 0.974038 0.634339 0.978846 0.632902 0.998077
0 0.662356 0.862500 0.656609 0.860577 0.650144 0.851923 0.648707 0.830769 0.641523 0.817308 0.642960 0.792308 0.645833 0.784615 0.653736 0.777885 0.659483 0.779808 0.664511 0.786538 0.668822 0.805769 0.671695 0.809615 0.671695 0.844231 0.667385 0.857692 0.662356 0.862500
0 0.271552 0.950962 0.251437 0.945192 0.244971 0.934615 0.246408 0.925000 0.257184 0.916346 0.274425 0.916346 0.287356 0.922115 0.292385 0.930769 0.292385 0.936538 0.285920 0.945192 0.271552 0.950962
0 0.436782 0.764423 0.420977 0.762500 0.405172 0.752885 0.398707 0.744231 0.400144 0.732692 0.409483 0.725962 0.431034 0.725962 0.439655 0.729808 0.447557 0.738462 0.447557 0.748077 0.446121 0.753846 0.436782 0.764423
0 0.923851 0.818269 0.915230 0.816346 0.907328 0.807692 0.905891 0.792308 0.910201 0.782692 0.929598 0.760577 0.941092 0.756731 0.956897 0.756731 0.964799 0.771154 0.960489 0.786538 0.939655 0.810577 0.923851 0.818269
0 0.857759 0.583654 0.850575 0.583654 0.842672 0.576923 0.839799 0.569231 0.839799 0.551923 0.844109 0.540385 0.856322 0.522115 0.866379 0.510577 0.875000 0.510577 0.880029 0.517308 0.880029 0.540385 0.872845 0.567308 0.857759 0.583654
0 0.543822 0.000000 0.543822 0.009615 0.536638 0.028846 0.528736 0.039423 0.518678 0.039423 0.512213 0.032692 0.507902 0.017308 0.509339 0.000000
0 0.970546 0.000000 0.969109 0.005769 0.961207 0.014423 0.949713 0.012500 0.943247 0.000000
0 0.807471 0.500962 0.794540 0.499038 0.788075 0.490385 0.785201 0.480769 0.785201 0.459615 0.790948 0.438462 0.800287 0.425962 0.804598 0.424038 0.816092 0.427885 0.823994 0.442308 0.823994 0.465385 0.821121 0.480769 0.818247 0.488462 0.807471 0.500962
0 0.260057 0.418269 0.255747 0.418269 0.250718 0.409615 0.250718 0.396154 0.255029 0.384615 0.272989 0.360577 0.281609 0.352885 0.291667 0.347115 0.298851 0.349038 0.303879 0.357692 0.303879 0.369231 0.296695 0.388462 0.277299 0.410577 0.260057 0.418269
0 0.459770 0.535577 0.449713 0.535577 0.436063 0.515385 0.436063 0.494231 0.442529 0.483654 0.454023 0.487500 0.460489 0.496154 0.464799 0.507692 0.466236 0.526923 0.459770 0.535577
0 0.485632 0.654808 0.466954 0.650962 0.443966 0.635577 0.438218 0.627885 0.425287 0.618269 0.415948 0.603846 0.411638 0.584615 0.422414 0.575962 0.432471 0.575962 0.448276 0.581731 0.471264 0.599038 0.494971 0.630769 0.494971 0.646154 0.485632 0.654808
0 0.387931 0.310577 0.382184 0.310577 0.375718 0.300000 0.375718 0.288462 0.380029 0.275000 0.392241 0.256731 0.400862 0.250962 0.413793 0.252885 0.418822 0.261538 0.415948 0.276923 0.406609 0.293269 0.387931 0.310577
0 0.252874 0.293269 0.247126 0.293269 0.240661 0.286538 0.236351 0.269231 0.240661 0.230769 0.250000 0.218269 0.258621 0.220192 0.265086 0.228846 0.270833 0.248077 0.270833 0.259615 0.266523 0.280769 0.252874 0.293269
0 0.288793 0.887500 0.274425 0.887500 0.260776 0.880769 0.255029 0.865385 0.253592 0.853846 0.253592 0.840385 0.258621 0.829808 0.264368 0.827885 0.275862 0.833654 0.296695 0.857692 0.299569 0.869231 0.298132 0.878846 0.288793 0.887500
0 0.780891 0.998077 0.793103 0.975962 0.810345 0.972115 0.815374 0.982692 0.809626 0.998077
0 0.081897 0.093269 0.076149 0.091346 0.071121 0.084615 0.065374 0.071154 0.065374 0.061538 0.073276 0.052885 0.080460 0.052885 0.084770 0.049038 0.089080 0.049038 0.091954 0.052885 0.100575 0.050962 0.104167 0.055769 0.102730 0.063462 0.107040 0.069231 0.107040 0.082692 0.097701 0.091346 0.081897 0.093269
0 0.823276 0.937500 0.814655 0.935577 0.809626 0.928846 0.803879 0.917308 0.805316 0.907692 0.814655 0.897115 0.823276 0.895192 0.830460 0.883654 0.840517 0.885577 0.846983 0.894231 0.845546 0.905769 0.840517 0.908654 0.836925 0.915385 0.836925 0.930769 0.833333 0.935577 0.823276 0.937500
0 0.408046 0.654808 0.396552 0.649038 0.390086 0.638462 0.391523 0.626923 0.406609 0.614423 0.410920 0.616346 0.418822 0.628846 0.418822 0.642308 0.408046 0.654808
0 0.331897 0.464423 0.310345 0.462500 0.305316 0.455769 0.303879 0.446154 0.320402 0.422115 0.330460 0.416346 0.343391 0.416346 0.351293 0.428846 0.351293 0.444231 0.341954 0.458654 0.331897 0.464423
0 0.599138 0.964423 0.568966 0.962500 0.563937 0.955769 0.563937 0.946154 0.570402 0.933654 0.576149 0.931731 0.580460 0.925962 0.597701 0.922115 0.608477 0.936538 0.608477 0.944231 0.599138 0.964423
0 0.302443 0.998077 0.306034 0.991346 0.311782 0.987500 0.333333 0.989423 0.339799 0.998077
0 0.192529 0.454808 0.185345 0.452885 0.180316 0.446154 0.181753 0.428846 0.200431 0.392308 0.209770 0.387500 0.216236 0.396154 0.217672 0.411538 0.214799 0.415385 0.214799 0.425000 0.209052 0.438462 0.201149 0.449038 0.192529 0.454808
0 0.173851 0.795192 0.166667 0.795192 0.160920 0.791346 0.150144 0.776923 0.147270 0.769231 0.145833 0.753846 0.141523 0.744231 0.141523 0.734615 0.149425 0.724038 0.153736 0.724038 0.168103 0.745192 0.178879 0.755769 0.181753 0.769231 0.181753 0.786538 0.173851 0.795192
0 0.900862 0.718269 0.885057 0.718269 0.864943 0.712500 0.857040 0.700000 0.857040 0.688462 0.863506 0.679808 0.876437 0.674038 0.893678 0.675962 0.908046 0.683654 0.910201 0.686538 0.911638 0.707692 0.906609 0.716346 0.900862 0.718269
0 0.040230 0.904808 0.034483 0.897115 0.030172 0.897115 0.027299 0.893269 0.011494 0.893269 0.012213 0.875000 0.024425 0.864423 0.047414 0.866346 0.052443 0.878846 0.046695 0.898077 0.040230 0.904808
0 0.045977 0.783654 0.037356 0.781731 0.033764 0.775000 0.033764 0.759615 0.036638 0.750000 0.042385 0.736538 0.054598 0.720192 0.061782 0.716346 0.073276 0.716346 0.081178 0.726923 0.081178 0.744231 0.078305 0.751923 0.063218 0.772115 0.045977 0.783654
0 0.925287 0.112500 0.913793 0.110577 0.905891 0.098077 0.907328 0.088462 0.919540 0.074038 0.932471 0.066346 0.942529 0.062500 0.954023 0.064423 0.960489 0.075000 0.957615 0.090385 0.945402 0.104808 0.925287 0.112500
0 0.929598 0.175962 0.915230 0.175962 0.903736 0.170192 0.900144 0.165385 0.898707 0.153846 0.910920 0.133654 0.923851 0.124038 0.945402 0.124038 0.953305 0.140385 0.954741 0.151923 0.943966 0.168269 0.929598 0.175962
0 0.931034 0.545192 0.922414 0.545192 0.917385 0.538462 0.918822 0.521154 0.930316 0.492308 0.941092 0.477885 0.949713 0.472115 0.955460 0.472115 0.961925 0.482692 0.960489 0.503846 0.950431 0.525000 0.941092 0.537500 0.931034 0.545192
0 0.945402 0.300962 0.939655 0.293269 0.932471 0.295192 0.930316 0.292308 0.933190 0.276923 0.941092 0.268269 0.954023 0.268269 0.957615 0.273077 0.956178 0.286538 0.945402 0.300962
0 0.882184 0.412500 0.875000 0.412500 0.871408 0.405769 0.869971 0.394231 0.872845 0.386538 0.868534 0.378846 0.867098 0.365385 0.868534 0.353846 0.874282 0.344231 0.882184 0.335577 0.885057 0.335577 0.889368 0.337500 0.894397 0.346154 0.895833 0.380769 0.887213 0.407692 0.882184 0.412500
0 0.507184 0.799038 0.498563 0.799038 0.480603 0.771154 0.476293 0.761538 0.476293 0.753846 0.481322 0.747115 0.492816 0.743269 0.507184 0.750962 0.513649 0.759615 0.516523 0.778846 0.513649 0.792308 0.507184 0.799038
0 0.852011 0.862500 0.833333 0.858654 0.829023 0.854808 0.825431 0.848077 0.825431 0.834615 0.828305 0.826923 0.841954 0.812500 0.856322 0.808654 0.864224 0.815385 0.868534 0.838462 0.865661 0.851923 0.857759 0.860577 0.852011 0.862500
0 0.172414 0.118269 0.165230 0.118269 0.145833 0.092308 0.147270 0.078846 0.151580 0.073077 0.153736 0.064423 0.165230 0.064423 0.178879 0.076923 0.183190 0.090385 0.183190 0.100000 0.181753 0.107692 0.172414 0.118269
0 0.418822 0.000000 0.418822 0.019231 0.415230 0.024038 0.410920 0.024038 0.403017 0.013462 0.398707 0.000000
0 0.206897 0.287500 0.198276 0.287500 0.190374 0.276923 0.193247 0.234615 0.197557 0.223077 0.204023 0.218269 0.214080 0.220192 0.226293 0.242308 0.224856 0.265385 0.216954 0.277885 0.206897 0.287500
0 0.685345 0.325962 0.676724 0.325962 0.667385 0.315385 0.664511 0.303846 0.667385 0.288462 0.676724 0.279808 0.696839 0.270192 0.708333 0.270192 0.714080 0.274038 0.719109 0.282692 0.719109 0.296154 0.705460 0.314423 0.685345 0.325962
0 0.127874 0.081731 0.122126 0.081731 0.118534 0.076923 0.109914 0.053846 0.116379 0.045192 0.126437 0.039423 0.132184 0.029808 0.139368 0.029808 0.158764 0.053846 0.158764 0.063462 0.143678 0.066346 0.127874 0.081731
0 0.170977 0.895192 0.159483 0.891346 0.147270 0.873077 0.144397 0.855769 0.147270 0.848077 0.153736 0.841346 0.168103 0.845192 0.176724 0.852885 0.184626 0.867308 0.184626 0.886538 0.178161 0.893269 0.170977 0.895192
0 0.754310 0.991346 0.745690 0.989423 0.738506 0.981731 0.729885 0.977885 0.726293 0.969231 0.737069 0.954808 0.744253 0.950962 0.757184 0.949038 0.764368 0.952885 0.777299 0.952885 0.780891 0.957692 0.783764 0.973077 0.783764 0.980769 0.780891 0.986538 0.778736 0.989423 0.757184 0.987500 0.754310 0.991346
0 0.245690 0.608654 0.238506 0.608654 0.232759 0.604808 0.226293 0.596154 0.221983 0.584615 0.221983 0.561538 0.231322 0.552885 0.238506 0.554808 0.249282 0.576923 0.250718 0.598077 0.245690 0.608654
0 0.431034 0.183654 0.416667 0.181731 0.410201 0.173077 0.408764 0.155769 0.411638 0.144231 0.415230 0.139423 0.426724 0.129808 0.435345 0.127885 0.441810 0.134615 0.444684 0.146154 0.444684 0.167308 0.431034 0.183654
0 0.469828 0.841346 0.462644 0.839423 0.456178 0.830769 0.441810 0.800000 0.441810 0.786538 0.448276 0.777885 0.459770 0.777885 0.475575 0.793269 0.483477 0.807692 0.482040 0.825000 0.479167 0.832692 0.469828 0.841346
0 0.290230 0.814423 0.281609 0.814423 0.271552 0.808654 0.257902 0.792308 0.255029 0.773077 0.261494 0.762500 0.280172 0.756731 0.293103 0.762500 0.299569 0.771154 0.302443 0.778846 0.302443 0.796154 0.296695 0.809615 0.290230 0.814423
0 0.998563 0.558654 0.995690 0.558654 0.984914 0.542308 0.984914 0.532692 0.987787 0.525000 0.998563 0.514423
0 0.312500 0.000000 0.311063 0.015385 0.303161 0.027885 0.295977 0.027885 0.288075 0.019231 0.285201 0.000000
0 0.225575 0.204808 0.219828 0.204808 0.208333 0.197115 0.198994 0.176923 0.198994 0.171154 0.209770 0.154808 0.218391 0.154808 0.234195 0.162500 0.243534 0.178846 0.243534 0.196154 0.237069 0.202885 0.228448 0.200962 0.225575 0.204808
0 0.623563 0.395192 0.612069 0.391346 0.605603 0.382692 0.602730 0.375000 0.602730 0.353846 0.609914 0.330769 0.617816 0.320192 0.627874 0.318269 0.634339 0.325000 0.635776 0.342308 0.631466 0.384615 0.623563 0.395192
0 0.689655 0.725962 0.682471 0.725962 0.676006 0.719231 0.664511 0.686538 0.663075 0.659615 0.665948 0.644231 0.672414 0.635577 0.682471 0.637500 0.691810 0.650000 0.697557 0.671154 0.697557 0.711538 0.689655 0.725962
0 0.114943 0.808654 0.099138 0.808654 0.086207 0.804808 0.074713 0.797115 0.071121 0.790385 0.071121 0.780769 0.073994 0.773077 0.080460 0.764423 0.089080 0.758654 0.107759 0.758654 0.117098 0.769231 0.124282 0.786538 0.121408 0.801923 0.114943 0.808654
0 0.507184 0.593269 0.492816 0.593269 0.476293 0.576923 0.471983 0.565385 0.471983 0.546154 0.479885 0.533654 0.492816 0.533654 0.500718 0.542308 0.507902 0.555769 0.512213 0.567308 0.512213 0.584615 0.507184 0.593269
0 0.882902 0.998077 0.881466 0.990385 0.872845 0.980769 0.871408 0.975000 0.872845 0.965385 0.880747 0.958654 0.886494 0.958654 0.899425 0.970192 0.907328 0.980769 0.910201 0.988462 0.910201 0.998077
0 0.294540 0.225962 0.285920 0.225962 0.275144 0.215385 0.267960 0.196154 0.263649 0.171154 0.265086 0.163462 0.268678 0.158654 0.287356 0.160577 0.299569 0.175000 0.303879 0.186538 0.305316 0.205769 0.302443 0.217308 0.294540 0.225962
0 0.932471 0.277885 0.925287 0.277885 0.905891 0.259615 0.911638 0.240385 0.918103 0.231731 0.935345 0.231731 0.941092 0.239423 0.951868 0.244231 0.951868 0.257692 0.932471 0.277885
0 0.983477 0.998077 0.976293 0.986538 0.974856 0.978846 0.976293 0.946154 0.980603 0.934615 0.989943 0.922115 0.994253 0.924038 0.998563 0.920192
0 0.310345 0.556731 0.305316 0.553846 0.307471 0.547115 0.313937 0.550000 0.310345 0.556731
0 0.797414 0.200962 0.774425 0.200962 0.768678 0.197115 0.763649 0.190385 0.763649 0.176923 0.774425 0.164423 0.800287 0.149038 0.811782 0.145192 0.823276 0.149038 0.828305 0.159615 0.828305 0.167308 0.823994 0.178846 0.810345 0.193269 0.797414 0.200962
0 0.729885 0.812500 0.718391 0.810577 0.711925 0.800000 0.709052 0.790385 0.709052 0.761538 0.716236 0.742308 0.727011 0.727885 0.738506 0.724038 0.742816 0.725962 0.749282 0.738462 0.752155 0.750000 0.753592 0.775000 0.749282 0.790385 0.735632 0.808654 0.729885 0.812500
0 0.028736 0.931731 0.008621 0.931731 0.002155 0.925000 0.002155 0.913462 0.006466 0.901923 0.012931 0.893269 0.027299 0.893269 0.030172 0.897115 0.034483 0.897115 0.039511 0.905769 0.039511 0.915385 0.028736 0.931731
0 0.600575 0.785577 0.593391 0.785577 0.589080 0.781731 0.579741 0.763462 0.578305 0.755769 0.578305 0.734615 0.581178 0.721154 0.587644 0.708654 0.597701 0.699038 0.606322 0.700962 0.612787 0.709615 0.615661 0.719231 0.615661 0.740385 0.611351 0.767308 0.607040 0.778846 0.600575 0.785577
0 0.172414 0.677885 0.165230 0.677885 0.159483 0.674038 0.150144 0.655769 0.145833 0.634615 0.147270 0.625000 0.152299 0.616346 0.162356 0.618269 0.171695 0.630769 0.177443 0.644231 0.180316 0.659615 0.172414 0.677885
0 0.348420 0.000000 0.355603 0.011538 0.364224 0.050000 0.362787 0.067308 0.359914 0.075000 0.352011 0.083654 0.339080 0.081731 0.334052 0.075000 0.328305 0.055769 0.328305 0.025000 0.331178 0.015385 0.338362 0.005769 0.338362 0.000000
0 0.147989 0.349038 0.137931 0.347115 0.124282 0.328846 0.121408 0.321154 0.121408 0.307692 0.125718 0.296154 0.133621 0.285577 0.150862 0.277885 0.155891 0.282692 0.158764 0.290385 0.158764 0.307692 0.161638 0.311538 0.163075 0.323077 0.160201 0.334615 0.147989 0.349038
0 0.112069 0.429808 0.087644 0.425962 0.066092 0.410577 0.056753 0.400000 0.052443 0.388462 0.053879 0.378846 0.057471 0.374038 0.064655 0.372115 0.081897 0.375962 0.097701 0.383654 0.118534 0.413462 0.118534 0.425000 0.112069 0.429808
0 0.107759 0.058654 0.104885 0.058654 0.100575 0.050962 0.081897 0.050962 0.065374 0.030769 0.065374 0.025000 0.073276 0.014423 0.077586 0.014423 0.087644 0.016346 0.093391 0.022115 0.109195 0.029808 0.115661 0.038462 0.115661 0.046154 0.107759 0.058654
0 0.238506 0.720192 0.221264 0.720192 0.212644 0.714423 0.204741 0.703846 0.204741 0.673077 0.211207 0.664423 0.218391 0.660577 0.228448 0.666346 0.247845 0.690385 0.252155 0.701923 0.250718 0.711538 0.238506 0.720192
0 0.239943 0.081731 0.227011 0.077885 0.206178 0.051923 0.198994 0.030769 0.205460 0.012500 0.214080 0.008654 0.222701 0.010577 0.234195 0.018269 0.243534 0.028846 0.252155 0.051923 0.252155 0.067308 0.245690 0.077885 0.239943 0.081731
0 0.393678 0.214423 0.382184 0.210577 0.375000 0.214423 0.364943 0.214423 0.361351 0.209615 0.361351 0.190385 0.373563 0.174038 0.385057 0.175962 0.387931 0.172115 0.392241 0.172115 0.403017 0.190385 0.401580 0.205769 0.393678 0.214423
