0 0.387500 0.000000 0.384722 0.022222 0.366667 0.045833 0.325000 0.059722 0.297222 0.054167 0.255556 0.012500 0.233333 0.004167 0.231944 0.000000
0 0.919444 0.484722 0.905556 0.484722 0.861111 0.470833 0.845833 0.444444 0.851389 0.355556 0.859722 0.338889 0.875000 0.326389 0.902778 0.329167 0.933333 0.348611 0.945833 0.361111 0.962500 0.405556 0.968056 0.427778 0.962500 0.458333 0.944444 0.473611 0.919444 0.484722
0 0.938889 0.884722 0.913889 0.884722 0.861111 0.865278 0.843056 0.850000 0.840278 0.838889 0.829167 0.827778 0.820833 0.805556 0.820833 0.791667 0.861111 0.751389 0.875000 0.745833 0.933333 0.748611 0.955556 0.765278 0.966667 0.768056 0.984722 0.788889 0.990278 0.802778 0.990278 0.827778 0.984722 0.841667 0.952778 0.879167 0.938889 0.884722
0 0.072222 0.951389 0.041667 0.945833 0.023611 0.930556 0.015278 0.916667 0.012500 0.861111 0.020833 0.838889 0.038889 0.815278 0.061111 0.801389 0.102778 0.790278 0.141667 0.790278 0.158333 0.801389 0.173611 0.822222 0.179167 0.855556 0.170833 0.883333 0.147222 0.923611 0.141667 0.923611 0.119444 0.940278 0.072222 0.951389
0 0.026389 0.000000 0.034722 0.005556 0.034722 0.125000 0.013889 0.137500 0.000000 0.140278
0 0.072222 0.145833 0.050000 0.143056 0.034722 0.125000 0.031944 0.038889 0.036111 0.006944 0.050000 0.012500 0.094444 0.015278 0.104167 0.022222 0.129167 0.055556 0.129167 0.094444 0.118056 0.122222 0.097222 0.137500 0.072222 0.145833
0 0.741667 0.262500 0.697222 0.259722 0.627778 0.237500 0.604167 0.213889 0.598611 0.200000 0.580556 0.190278 0.551389 0.158333 0.540278 0.122222 0.540278 0.108333 0.548611 0.094444 0.566667 0.076389 0.588889 0.068056 0.627778 0.070833 0.650000 0.081944 0.672222 0.106944 0.680556 0.109722 0.700000 0.129167 0.738889 0.151389 0.762500 0.175000 0.773611 0.200000 0.770833 0.241667 0.761111 0.254167 0.741667 0.262500
0 0.879167 0.000000 0.887500 0.013889 0.884722 0.041667 0.873611 0.058333 0.868056 0.080556 0.852778 0.093056 0.827778 0.093056 0.800000 0.079167 0.762500 0.027778 0.754167 0.000000
0 0.766667 0.798611 0.750000 0.795833 0.726389 0.775000 0.723611 0.752778 0.715278 0.738889 0.715278 0.725000 0.706944 0.708333 0.706944 0.675000 0.720833 0.647222 0.736111 0.631944 0.833333 0.590278 0.858333 0.590278 0.872222 0.595833 0.901389 0.630556 0.906944 0.650000 0.898611 0.680556 0.868056 0.705556 0.848611 0.747222 0.819444 0.779167 0.800000 0.793056 0.766667 0.798611
0 0.351389 0.997222 0.333333 0.993056 0.318056 0.977778 0.318056 0.941667 0.327778 0.929167 0.347222 0.918056 0.405556 0.895833 0.438889 0.898611 0.473611 0.927778 0.493056 0.966667 0.493056 0.997222
0 0.552778 0.881944 0.527778 0.876389 0.508333 0.865278 0.484722 0.844444 0.479167 0.833333 0.473611 0.802778 0.465278 0.783333 0.465278 0.750000 0.477778 0.729167 0.488889 0.731944 0.500000 0.720833 0.511111 0.720833 0.527778 0.729167 0.562500 0.763889 0.587500 0.802778 0.593056 0.822222 0.590278 0.861111 0.577778 0.873611 0.552778 0.881944
0 0.608333 0.426389 0.588889 0.426389 0.561111 0.409722 0.548611 0.397222 0.540278 0.377778 0.543056 0.333333 0.563889 0.309722 0.575000 0.304167 0.611111 0.301389 0.625000 0.306944 0.643056 0.327778 0.662500 0.366667 0.662500 0.386111 0.656944 0.397222 0.638889 0.412500 0.608333 0.426389
0 0.587500 0.997222 0.590278 0.975000 0.609722 0.922222 0.622222 0.912500 0.633333 0.912500 0.658333 0.898611 0.719444 0.898611 0.738889 0.906944 0.759722 0.930556 0.759722 0.950000 0.773611 0.975000 0.791667 0.993056 0.806944 0.997222
0 0.375000 0.612500 0.358333 0.612500 0.330556 0.601389 0.308333 0.604167 0.291667 0.612500 0.250000 0.609722 0.234722 0.591667 0.237500 0.552778 0.251389 0.533333 0.272222 0.515278 0.313889 0.487500 0.333333 0.487500 0.347222 0.493056 0.380556 0.509722 0.401389 0.533333 0.406944 0.550000 0.406944 0.575000 0.401389 0.594444 0.375000 0.612500
0 0.000000 0.526389 0.005556 0.526389 0.018056 0.541667 0.020833 0.555556 0.040278 0.594444 0.037500 0.611111 0.026389 0.630556 0.011111 0.643056 0.000000 0.645833
0 0.566667 0.523611 0.541667 0.520833 0.520833 0.500000 0.515278 0.488889 0.518056 0.447222 0.536111 0.431944 0.566667 0.445833 0.622222 0.443056 0.640278 0.461111 0.640278 0.488889 0.634722 0.502778 0.616667 0.520833 0.586111 0.512500 0.566667 0.523611
0 0.522222 0.209722 0.466667 0.204167 0.455556 0.206944 0.433333 0.198611 0.422222 0.187500 0.397222 0.181944 0.379167 0.163889 0.376389 0.152778 0.368056 0.144444 0.365278 0.122222 0.388889 0.098611 0.427778 0.084722 0.463889 0.084722 0.480556 0.095833 0.497222 0.098611 0.531944 0.127778 0.531944 0.150000 0.545833 0.180556 0.545833 0.191667 0.522222 0.209722
0 0.686111 0.837500 0.661111 0.837500 0.634722 0.816667 0.609722 0.766667 0.606944 0.747222 0.581944 0.683333 0.581944 0.633333 0.613889 0.609722 0.650000 0.612500 0.673611 0.633333 0.695833 0.675000 0.715278 0.725000 0.715278 0.738889 0.726389 0.766667 0.726389 0.777778 0.720833 0.783333 0.720833 0.808333 0.702778 0.831944 0.686111 0.837500
0 0.840278 0.997222 0.833333 0.993056 0.791667 0.993056 0.765278 0.963889 0.759722 0.950000 0.762500 0.925000 0.788889 0.901389 0.830556 0.879167 0.866667 0.881944 0.908333 0.893056 0.937500 0.916667 0.934722 0.930556 0.906944 0.961111 0.895833 0.980556 0.880556 0.995833 0.873611 0.997222
0 0.640278 0.000000 0.631944 0.019444 0.613889 0.037500 0.591667 0.045833 0.550000 0.037500 0.531944 0.022222 0.520833 0.000000
0 0.419444 0.773611 0.400000 0.773611 0.381944 0.755556 0.381944 0.725000 0.393056 0.705556 0.375000 0.695833 0.362500 0.677778 0.362500 0.641667 0.397222 0.601389 0.433333 0.590278 0.472222 0.606944 0.484722 0.619444 0.493056 0.641667 0.495833 0.688889 0.476389 0.727778 0.419444 0.773611
0 0.158333 0.606944 0.138889 0.598611 0.127778 0.598611 0.101389 0.580556 0.095833 0.563889 0.095833 0.511111 0.101389 0.494444 0.127778 0.462500 0.186111 0.420833 0.213889 0.412500 0.236111 0.415278 0.259722 0.436111 0.270833 0.455556 0.270833 0.483333 0.259722 0.513889 0.237500 0.550000 0.197222 0.595833 0.158333 0.606944
0 0.325000 0.379167 0.300000 0.379167 0.288889 0.373611 0.273611 0.355556 0.265278 0.333333 0.268056 0.283333 0.291667 0.256944 0.347222 0.223611 0.386111 0.220833 0.400000 0.226389 0.423611 0.252778 0.429167 0.266667 0.429167 0.308333 0.418056 0.330556 0.388889 0.359722 0.380556 0.365278 0.369444 0.365278 0.358333 0.373611 0.338889 0.373611 0.325000 0.379167
0 0.000000 0.243056 0.015278 0.258333 0.012500 0.277778 0.000000 0.287500
0 0.906944 0.997222 0.915278 0.969444 0.926389 0.958333 0.926389 0.950000 0.938889 0.934722 0.955556 0.923611 0.997222 0.923611
