0 0.612305 0.764160 0.605469 0.764160 0.602051 0.761719 0.602051 0.755859 0.605469 0.752441 0.613281 0.752441 0.614746 0.753906 0.615723 0.758789 0.614746 0.762695 0.612305 0.764160
0 0.479492 0.694824 0.474609 0.694824 0.473145 0.692383 0.473145 0.685547 0.474609 0.684082 0.478516 0.684082 0.481934 0.687500 0.481934 0.693359 0.479492 0.694824
0 0.402344 0.189941 0.396484 0.189941 0.395020 0.188477 0.394043 0.181641 0.395508 0.180176 0.403320 0.179199 0.404785 0.180664 0.404785 0.187500 0.402344 0.189941
0 0.091797 0.169434 0.087402 0.168945 0.087402 0.166016 0.090820 0.161621 0.093262 0.163086 0.093262 0.167969 0.091797 0.169434
0 0.988281 0.651855 0.984375 0.651855 0.981445 0.647949 0.976562 0.646973 0.966797 0.641113 0.965332 0.639648 0.965332 0.633789 0.974609 0.633301 0.979492 0.635254 0.988770 0.644531 0.988281 0.651855
0 0.193359 0.763184 0.189941 0.761719 0.188965 0.756836 0.188965 0.752930 0.191406 0.750488 0.196289 0.751465 0.199707 0.754883 0.199707 0.759766 0.193359 0.763184
0 0.032227 0.458496 0.027344 0.458496 0.025879 0.457031 0.026855 0.452148 0.029297 0.449707 0.031250 0.449707 0.035645 0.454102 0.035645 0.456055 0.032227 0.458496
0 0.445312 0.966309 0.439941 0.964844 0.438965 0.958008 0.440918 0.954102 0.446289 0.949707 0.452148 0.949707 0.455566 0.952148 0.456543 0.958008 0.451172 0.964355 0.445312 0.966309
0 0.390625 0.921387 0.378906 0.920410 0.374512 0.913086 0.374512 0.903320 0.376465 0.898438 0.381836 0.894043 0.390625 0.895020 0.396973 0.904297 0.397949 0.913086 0.395996 0.917969 0.390625 0.921387
0 0.374023 0.253418 0.366211 0.253418 0.364746 0.251953 0.364746 0.247070 0.367188 0.243652 0.373535 0.244141 0.374023 0.253418
0 0.965820 0.787598 0.962891 0.787598 0.959473 0.785156 0.959473 0.781250 0.961914 0.777832 0.965820 0.777832 0.967285 0.779297 0.967285 0.786133 0.965820 0.787598
0 0.187500 0.508301 0.179688 0.508301 0.174316 0.504883 0.174316 0.497070 0.177734 0.492676 0.188477 0.491699 0.190918 0.493164 0.191895 0.503906 0.187500 0.508301
0 0.491211 0.114746 0.487305 0.112793 0.482422 0.112793 0.476074 0.106445 0.474121 0.100586 0.478516 0.099121 0.489258 0.104004 0.493652 0.108398 0.491211 0.114746
0 0.291992 0.534668 0.288086 0.534668 0.286621 0.533203 0.286621 0.530273 0.289062 0.526855 0.294434 0.528320 0.294434 0.533203 0.291992 0.534668
0 0.130859 0.659668 0.125000 0.659668 0.119629 0.655273 0.119629 0.650391 0.123047 0.645996 0.129883 0.647949 0.135254 0.653320 0.135254 0.656250 0.130859 0.659668
0 0.176758 0.064941 0.171387 0.064453 0.171387 0.059570 0.172852 0.058105 0.177734 0.058105 0.179199 0.059570 0.179199 0.062500 0.176758 0.064941
0 0.320312 0.440918 0.308594 0.439941 0.306152 0.436523 0.306152 0.430664 0.307617 0.429199 0.315430 0.428223 0.321289 0.423340 0.328125 0.423340 0.331543 0.428711 0.331543 0.434570 0.329102 0.437988 0.320312 0.440918
0 0.384766 0.259277 0.382812 0.259277 0.382324 0.256836 0.379395 0.254883 0.379395 0.250000 0.382812 0.247559 0.385742 0.247559 0.388184 0.250000 0.388184 0.255859 0.384766 0.259277
0 0.068359 0.060059 0.064453 0.060059 0.062988 0.058594 0.064453 0.051270 0.068848 0.052734 0.068359 0.060059
0 0.233398 0.793457 0.227051 0.792969 0.227051 0.785156 0.228516 0.783691 0.233398 0.783691 0.235840 0.786133 0.235840 0.791992 0.233398 0.793457
0 0.110352 0.274902 0.107422 0.274902 0.099609 0.270996 0.092285 0.264648 0.092285 0.258789 0.095703 0.255371 0.102539 0.253418 0.105957 0.259766 0.110840 0.263672 0.113770 0.270508 0.110352 0.274902
0 0.672852 0.057129 0.668945 0.057129 0.667480 0.055664 0.667480 0.036133 0.668945 0.034668 0.673340 0.035156 0.674316 0.054688 0.672852 0.057129
0 0.948242 0.107910 0.939453 0.106934 0.938965 0.102539 0.945312 0.100098 0.953125 0.101074 0.953613 0.104492 0.948242 0.107910
0 0.768555 0.191895 0.763184 0.186523 0.761230 0.181641 0.761230 0.174805 0.766602 0.169434 0.773438 0.167480 0.779785 0.171875 0.781738 0.175781 0.781738 0.183594 0.779297 0.189941 0.768555 0.191895
0 0.061523 0.054199 0.058105 0.053711 0.058105 0.050781 0.056152 0.049805 0.056641 0.047363 0.064941 0.046875 0.064941 0.050781 0.061523 0.054199
0 0.998535 0.876465 0.999023 0.876465 0.999023 0.911621 0.998535 0.911621
0 0.972656 0.711426 0.968750 0.711426 0.966309 0.708008 0.966309 0.704102 0.971680 0.700684 0.973633 0.700684 0.975098 0.703125 0.975098 0.708008 0.973145 0.708984 0.972656 0.711426
0 0.257812 0.773926 0.254883 0.773926 0.251465 0.770508 0.251953 0.765137 0.260254 0.767578 0.260254 0.771484 0.257812 0.773926
0 0.795898 0.411621 0.791016 0.411621 0.786621 0.407227 0.785645 0.398438 0.788086 0.394043 0.791992 0.392090 0.795898 0.393066 0.799316 0.397461 0.799316 0.408203 0.795898 0.411621
0 0.154297 0.047363 0.142578 0.045410 0.136719 0.042480 0.131348 0.037109 0.129395 0.026367 0.132812 0.020020 0.138672 0.019043 0.143555 0.021973 0.146484 0.021973 0.157715 0.030273 0.157715 0.041992 0.154297 0.047363
0 0.088867 0.163574 0.081055 0.162598 0.080566 0.159180 0.084961 0.156738 0.088867 0.156738 0.090332 0.158203 0.090332 0.162109 0.088867 0.163574
0 0.254883 0.161621 0.249512 0.160156 0.247559 0.154297 0.251953 0.148926 0.256836 0.147949 0.260254 0.150391 0.261230 0.155273 0.260254 0.158203 0.254883 0.161621
0 0.671875 0.034668 0.669922 0.034668 0.660645 0.026367 0.657715 0.015625 0.663086 0.011230 0.664062 0.013184 0.675781 0.011230 0.680176 0.017578 0.681152 0.030273 0.678711 0.031738 0.676758 0.030762 0.671875 0.034668
0 0.724609 0.997559 0.719238 0.997070 0.720215 0.990234 0.724609 0.986816 0.732422 0.986816 0.734863 0.989258 0.734863 0.994141 0.731445 0.996582 0.724609 0.997559
0 0.593750 0.244629 0.589355 0.241211 0.587402 0.236328 0.588379 0.229492 0.596680 0.220215 0.603516 0.220215 0.605957 0.222656 0.606934 0.228516 0.598145 0.240234 0.598145 0.242188 0.593750 0.244629
0 0.483398 0.948730 0.479004 0.947266 0.479004 0.943359 0.480469 0.941895 0.485840 0.942383 0.485840 0.946289 0.483398 0.948730
0 0.708008 0.824707 0.702637 0.824219 0.702637 0.814453 0.708008 0.809082 0.713867 0.809082 0.717285 0.812500 0.716309 0.819336 0.708008 0.824707
0 0.255859 0.780762 0.248047 0.779785 0.245605 0.777344 0.245117 0.767090 0.250977 0.769043 0.257324 0.775391 0.257324 0.779297 0.255859 0.780762
0 0.166992 0.064941 0.163086 0.064941 0.161621 0.063477 0.162598 0.057617 0.165039 0.056152 0.168945 0.056152 0.170410 0.057617 0.170410 0.061523 0.166992 0.064941
0 0.616211 0.876465 0.609375 0.874512 0.607910 0.872070 0.607910 0.866211 0.612305 0.860840 0.617188 0.860840 0.620605 0.865234 0.619629 0.874023 0.616211 0.876465
0 0.473633 0.421387 0.472168 0.419922 0.472656 0.415527 0.478516 0.415527 0.480957 0.416992 0.477539 0.420410 0.473633 0.421387
0 0.998535 0.270020 0.999023 0.270020 0.999023 0.305176 0.998535 0.305176
0 0.055664 0.058105 0.048340 0.057617 0.048340 0.051758 0.049805 0.049316 0.055664 0.049316 0.057129 0.050781 0.057129 0.056641 0.055664 0.058105
0 0.166992 0.504395 0.161133 0.504395 0.158203 0.503418 0.156738 0.500977 0.156738 0.497070 0.164062 0.490723 0.172363 0.493164 0.171387 0.498047 0.166992 0.504395
0 0.170898 0.084473 0.164062 0.084473 0.163574 0.078125 0.168945 0.077637 0.171387 0.080078 0.170898 0.084473
0 0.488281 0.433105 0.484375 0.433105 0.482422 0.430176 0.480469 0.430176 0.479004 0.428711 0.479004 0.424805 0.488281 0.423340 0.489746 0.425781 0.488281 0.433105
0 0.534180 0.612793 0.528320 0.612793 0.526855 0.606445 0.536133 0.606934 0.536621 0.611328 0.534180 0.612793
0 0.725586 0.714355 0.716797 0.713379 0.712402 0.708984 0.712402 0.706055 0.716797 0.702637 0.724609 0.703613 0.727051 0.708008 0.727051 0.712891 0.725586 0.714355
0 0.537109 0.599121 0.530273 0.598145 0.528809 0.593750 0.533203 0.591309 0.538086 0.592285 0.539551 0.593750 0.539551 0.597656 0.537109 0.599121
0 0.200195 0.770996 0.194824 0.770508 0.197266 0.760254 0.201172 0.760254 0.203613 0.763672 0.203613 0.767578 0.200195 0.770996
0 0.605469 0.772949 0.601562 0.772949 0.600098 0.771484 0.599121 0.767578 0.600586 0.765137 0.606934 0.765625 0.606934 0.771484 0.605469 0.772949
0 0.567383 0.437988 0.562500 0.437012 0.559082 0.432617 0.559082 0.426758 0.563477 0.421387 0.568359 0.421387 0.571289 0.423340 0.573730 0.428711 0.572754 0.434570 0.567383 0.437988
0 0.832031 0.433105 0.828613 0.432617 0.828613 0.427734 0.834961 0.421387 0.839844 0.422363 0.840332 0.427734 0.838379 0.430664 0.832031 0.433105
0 0.787109 0.526855 0.782715 0.525391 0.784180 0.520996 0.791992 0.519043 0.798828 0.513184 0.804688 0.511230 0.822266 0.511230 0.828125 0.513184 0.833496 0.517578 0.833008 0.522949 0.804688 0.521973 0.794922 0.525879 0.787109 0.526855
0 0.942383 0.466309 0.929688 0.465332 0.924316 0.458984 0.923340 0.450195 0.929688 0.442871 0.939453 0.441895 0.947754 0.446289 0.950684 0.453125 0.950684 0.458984 0.946289 0.464355 0.943359 0.464355 0.942383 0.466309
0 0.135742 0.897949 0.129395 0.896484 0.129395 0.892578 0.131836 0.890137 0.135742 0.890137 0.137207 0.891602 0.137207 0.896484 0.135742 0.897949
0 0.478516 0.428223 0.472656 0.428223 0.471191 0.426758 0.472656 0.421387 0.475586 0.420410 0.478027 0.422852 0.478516 0.428223
0 0.974609 0.719238 0.966797 0.719238 0.965332 0.711914 0.967773 0.710449 0.973633 0.710449 0.974121 0.712891 0.976074 0.713867 0.974609 0.719238
0 0.828125 0.068848 0.826172 0.068848 0.820801 0.062500 0.821777 0.052734 0.824219 0.050293 0.828125 0.051270 0.838379 0.062500 0.838379 0.066406 0.836914 0.067871 0.828125 0.068848
0 0.988281 0.298340 0.979004 0.294922 0.974121 0.287109 0.974121 0.282227 0.975586 0.280762 0.983398 0.279785 0.991699 0.285156 0.991699 0.294922 0.988281 0.298340
0 0.714844 0.827637 0.711426 0.826172 0.712891 0.822754 0.717285 0.823242 0.714844 0.827637
0 0.971680 0.633301 0.964355 0.631836 0.963379 0.622070 0.966309 0.617188 0.976562 0.607910 0.981445 0.606934 0.986328 0.612793 0.988770 0.613281 0.988770 0.619141 0.979492 0.631348 0.971680 0.633301
0 0.915039 0.370605 0.911133 0.370605 0.908691 0.368164 0.907715 0.357422 0.914062 0.347168 0.923828 0.342285 0.928223 0.345703 0.928223 0.353516 0.926270 0.359375 0.915039 0.370605
0 0.979492 0.715332 0.976562 0.715332 0.974121 0.712891 0.974121 0.709961 0.976562 0.706543 0.981445 0.706543 0.982910 0.708008 0.982910 0.711914 0.979492 0.715332
0 0.457031 0.781738 0.451172 0.779785 0.448730 0.776367 0.448730 0.773438 0.455078 0.765137 0.458984 0.763184 0.463867 0.763184 0.466309 0.766602 0.465332 0.773438 0.463379 0.777344 0.457031 0.781738
0 0.416016 0.250488 0.414062 0.248535 0.410156 0.248535 0.405762 0.246094 0.404785 0.242188 0.410156 0.236816 0.417969 0.236816 0.422363 0.242188 0.422363 0.247070 0.416016 0.250488
0 0.277344 0.290527 0.267578 0.289551 0.261230 0.284180 0.262207 0.272461 0.268555 0.266113 0.277344 0.267090 0.282715 0.272461 0.283691 0.284180 0.277344 0.290527
0 0.465820 0.528809 0.459961 0.528809 0.455566 0.524414 0.454590 0.520508 0.457031 0.516113 0.462891 0.515137 0.468262 0.518555 0.469238 0.524414 0.465820 0.528809
0 0.240234 0.785645 0.235352 0.785645 0.230957 0.782227 0.232422 0.775879 0.238281 0.775879 0.240723 0.778320 0.240234 0.785645
0 0.084961 0.170410 0.078125 0.170410 0.076660 0.168945 0.076660 0.165039 0.079102 0.162598 0.083984 0.162598 0.085449 0.164062 0.084961 0.170410
0 0.929688 0.325684 0.921875 0.325684 0.913574 0.320312 0.912598 0.313477 0.916016 0.308105 0.920898 0.307129 0.922852 0.305176 0.932617 0.305176 0.938965 0.310547 0.938965 0.318359 0.932617 0.324707 0.929688 0.325684
0 0.368164 0.583496 0.359375 0.582520 0.355957 0.579102 0.353027 0.572266 0.354004 0.564453 0.355957 0.561523 0.365234 0.555176 0.372070 0.556152 0.377441 0.559570 0.376465 0.575195 0.373535 0.580078 0.368164 0.583496
0 0.941406 0.099121 0.937012 0.098633 0.937988 0.092773 0.942383 0.089355 0.947266 0.089355 0.946777 0.093750 0.941406 0.099121
0 0.843750 0.550293 0.839844 0.549316 0.835449 0.544922 0.836426 0.538086 0.840820 0.535645 0.845703 0.536621 0.848145 0.540039 0.848145 0.545898 0.843750 0.550293
0 0.905273 0.468262 0.900391 0.467285 0.896973 0.462891 0.897949 0.456055 0.903320 0.452637 0.908203 0.455566 0.910645 0.459961 0.905273 0.468262
0 0.130859 0.914551 0.126953 0.914551 0.120605 0.909180 0.120605 0.906250 0.122070 0.904785 0.131836 0.904785 0.132324 0.913086 0.130859 0.914551
0 0.478516 0.425293 0.476074 0.420898 0.478516 0.418457 0.485840 0.419922 0.484375 0.424316 0.478516 0.425293
0 0.274414 0.654785 0.263672 0.654785 0.261230 0.650391 0.260254 0.642578 0.267578 0.637207 0.279297 0.636230 0.282715 0.639648 0.282715 0.647461 0.278320 0.652832 0.274414 0.654785
0 0.424805 0.662598 0.419922 0.662598 0.414551 0.657227 0.414551 0.653320 0.419922 0.648926 0.425781 0.648926 0.429199 0.651367 0.429199 0.656250 0.427246 0.661133 0.424805 0.662598
0 0.979492 0.774902 0.975586 0.774902 0.963379 0.765625 0.961426 0.761719 0.961426 0.755859 0.962891 0.754395 0.968750 0.756348 0.977051 0.763672 0.979980 0.769531 0.979492 0.774902
0 0.718750 0.406738 0.708008 0.406738 0.706543 0.405273 0.704590 0.397461 0.708008 0.393066 0.716797 0.392090 0.718262 0.393555 0.721191 0.400391 0.718750 0.406738
0 0.827148 0.428223 0.825195 0.428223 0.823730 0.425781 0.823730 0.417969 0.828125 0.414551 0.834961 0.414551 0.837402 0.416992 0.837402 0.419922 0.834961 0.420410 0.830566 0.426758 0.827148 0.428223
0 0.129883 0.905762 0.122559 0.904297 0.122559 0.900391 0.126953 0.896973 0.131348 0.897461 0.131348 0.904297 0.129883 0.905762
0 0.973633 0.787598 0.969727 0.787598 0.968262 0.785156 0.968262 0.779297 0.970703 0.775879 0.975586 0.775879 0.979980 0.779297 0.979004 0.784180 0.973633 0.787598
0 0.377930 0.264160 0.374023 0.264160 0.372559 0.262695 0.371582 0.258789 0.374023 0.256348 0.379883 0.256348 0.381348 0.257812 0.381348 0.261719 0.377930 0.264160
0 0.953125 0.755371 0.945312 0.755371 0.943848 0.752930 0.943848 0.747070 0.952148 0.736816 0.959961 0.735840 0.963379 0.739258 0.962402 0.745117 0.953125 0.755371
0 0.989258 0.902832 0.985352 0.902832 0.982910 0.900391 0.980957 0.886719 0.983398 0.885254 0.986328 0.886230 0.991699 0.892578 0.991699 0.899414 0.989258 0.902832
0 0.948242 0.100098 0.942871 0.098633 0.942871 0.096680 0.947266 0.093262 0.950684 0.094727 0.950684 0.098633 0.948242 0.100098
0 0.226074 0.999023 0.225098 0.995117 0.231445 0.987793 0.241211 0.982910 0.247070 0.982910 0.246582 0.999023
0 0.972656 0.797363 0.964844 0.797363 0.962402 0.790039 0.968750 0.788574 0.973633 0.791504 0.974121 0.795898 0.972656 0.797363
0 0.665039 0.058105 0.660156 0.058105 0.657715 0.055664 0.657715 0.041016 0.659180 0.038574 0.664062 0.038574 0.667480 0.041992 0.667480 0.055664 0.665039 0.058105
0 0.286133 0.531738 0.280273 0.531738 0.276855 0.528320 0.276855 0.523438 0.279297 0.520020 0.285156 0.520020 0.287598 0.522461 0.288574 0.528320 0.286133 0.531738
0 0.538086 0.605957 0.531738 0.604492 0.532227 0.599121 0.537109 0.599121 0.538574 0.600586 0.538086 0.605957
0 0.070312 0.215332 0.067383 0.215332 0.064941 0.210938 0.060059 0.207031 0.061035 0.204102 0.059082 0.202148 0.059082 0.197266 0.060547 0.195801 0.070312 0.194824 0.077637 0.202148 0.078613 0.212891 0.070312 0.215332
0 0.186523 0.058105 0.179688 0.058105 0.176758 0.057129 0.176270 0.054688 0.180664 0.051270 0.188477 0.051270 0.188965 0.056641 0.186523 0.058105
0 0.609375 0.104004 0.599609 0.102051 0.595215 0.097656 0.595215 0.090820 0.598633 0.086426 0.610352 0.086426 0.616699 0.091797 0.616699 0.098633 0.609375 0.104004
0 0.481445 0.708496 0.475098 0.707031 0.475098 0.702148 0.479004 0.699219 0.480469 0.695801 0.483398 0.695801 0.485840 0.697266 0.485840 0.703125 0.481445 0.708496
0 0.162109 0.079590 0.159180 0.079590 0.158691 0.076172 0.163086 0.070801 0.168945 0.067871 0.174316 0.068359 0.173828 0.073730 0.162109 0.079590
0 0.389648 0.188965 0.385742 0.188965 0.384277 0.187500 0.384277 0.180664 0.387695 0.178223 0.390625 0.178223 0.393066 0.181641 0.393066 0.186523 0.389648 0.188965
0 0.471680 0.192871 0.467773 0.191895 0.467285 0.189453 0.465332 0.188477 0.464355 0.182617 0.466797 0.179199 0.471680 0.179199 0.477051 0.182617 0.477051 0.189453 0.471680 0.192871
0 0.619141 0.769043 0.614746 0.767578 0.614746 0.761719 0.616211 0.760254 0.621582 0.760742 0.621582 0.765625 0.619141 0.769043
