0 0.885938 0.996094 0.879687 0.972656 0.893750 0.927734 0.912500 0.939453 0.937500 0.931641 0.945312 0.941406 0.945312 0.953125 0.954688 0.964844 0.954688 0.980469 0.942187 0.996094
0 0.815625 0.677734 0.792188 0.667969 0.798438 0.644531 0.878125 0.552734 0.896875 0.544922 0.901563 0.550781 0.901563 0.566406 0.879687 0.605469 0.860938 0.621094 0.828125 0.669922 0.815625 0.677734
0 0.996875 0.548828 0.982812 0.535156 0.973437 0.507812 0.978125 0.490234 0.996875 0.478516
0 0.709375 0.923828 0.692187 0.914062 0.692187 0.886719 0.704688 0.851562 0.731250 0.806641 0.765625 0.794922 0.773438 0.812500 0.757812 0.855469 0.732812 0.890625 0.732812 0.898438 0.709375 0.923828
0 0.996875 0.802734 0.978125 0.826172 0.950000 0.826172 0.923438 0.800781 0.926562 0.773438 0.946875 0.748047 0.971875 0.732422 0.996875 0.736328
0 0.887500 0.732422 0.876563 0.726562 0.876563 0.710938 0.903125 0.681641 0.921875 0.677734 0.926562 0.683594 0.923438 0.703125 0.909375 0.720703 0.887500 0.732422
0 0.859375 0.982422 0.848437 0.976562 0.851562 0.953125 0.873437 0.902344 0.882812 0.863281 0.887500 0.857422 0.900000 0.857422 0.917188 0.890625 0.917188 0.902344 0.876563 0.941406 0.859375 0.982422
0 0.918750 0.744141 0.909375 0.744141 0.904687 0.734375 0.926562 0.695312 0.929688 0.667969 0.943750 0.662109 0.951562 0.671875 0.951562 0.699219 0.942187 0.718750 0.918750 0.744141
0 0.996875 0.712891 0.985938 0.703125 0.989062 0.652344 0.996875 0.642578
0 0.996875 0.271484 0.965625 0.279297 0.957812 0.269531 0.996875 0.220703
