0 0.378906 0.927734 0.363281 0.927734 0.357422 0.921875 0.357422 0.890625 0.371094 0.876953 0.388672 0.890625 0.388672 0.910156 0.378906 0.927734
0 0.972656 0.646484 0.960938 0.646484 0.935547 0.625000 0.927734 0.609375 0.933594 0.595703 0.978516 0.621094 0.978516 0.640625 0.972656 0.646484
0 0.292969 0.455078 0.279297 0.449219 0.279297 0.429688 0.289062 0.416016 0.300781 0.412109 0.310547 0.429688 0.292969 0.455078
0 0.250000 0.369141 0.230469 0.369141 0.216797 0.355469 0.220703 0.339844 0.230469 0.330078 0.246094 0.330078 0.259766 0.343750 0.259766 0.359375 0.250000 0.369141
0 0.585938 0.865234 0.568359 0.859375 0.568359 0.839844 0.582031 0.822266 0.589844 0.822266 0.599609 0.835938 0.599609 0.847656 0.585938 0.865234
0 0.996094 0.263672 0.978516 0.253906 0.982422 0.242188 0.996094 0.232422
0 0.117188 0.599609 0.109375 0.599609 0.095703 0.585938 0.095703 0.570312 0.109375 0.556641 0.126953 0.562500 0.126953 0.585938 0.117188 0.599609
0 0.164062 0.091797 0.140625 0.087891 0.130859 0.078125 0.130859 0.066406 0.140625 0.056641 0.152344 0.056641 0.169922 0.074219 0.164062 0.091797
0 0.955078 0.000000 0.955078 0.015625 0.937500 0.037109 0.919922 0.027344 0.919922 0.011719 0.931641 0.000000
0 0.113281 0.158203 0.105469 0.158203 0.095703 0.144531 0.109375 0.123047 0.121094 0.123047 0.126953 0.136719 0.113281 0.158203
0 0.308594 0.732422 0.273438 0.728516 0.263672 0.714844 0.263672 0.703125 0.281250 0.689453 0.300781 0.689453 0.314453 0.710938 0.314453 0.726562 0.308594 0.732422
0 0.304688 0.564453 0.287109 0.558594 0.287109 0.546875 0.296875 0.537109 0.310547 0.542969 0.310547 0.558594 0.304688 0.564453
0 0.953125 0.568359 0.937500 0.568359 0.923828 0.546875 0.927734 0.523438 0.945312 0.509766 0.958984 0.515625 0.966797 0.542969 0.962891 0.558594 0.953125 0.568359
0 0.828125 0.931641 0.812500 0.931641 0.794922 0.914062 0.800781 0.896484 0.820312 0.896484 0.837891 0.910156 0.837891 0.921875 0.828125 0.931641
0 0.453125 0.423828 0.437500 0.416016 0.435547 0.406250 0.449219 0.384766 0.464844 0.384766 0.474609 0.402344 0.453125 0.423828
0 0.316406 0.365234 0.298828 0.359375 0.298828 0.347656 0.308594 0.337891 0.326172 0.343750 0.326172 0.355469 0.316406 0.365234
0 0.804688 0.748047 0.789062 0.748047 0.783203 0.742188 0.767578 0.707031 0.767578 0.699219 0.785156 0.677734 0.796875 0.681641 0.814453 0.703125 0.818359 0.734375 0.804688 0.748047
0 0.464844 0.919922 0.423828 0.910156 0.423828 0.886719 0.441406 0.869141 0.468750 0.873047 0.482422 0.890625 0.482422 0.898438 0.464844 0.919922
0 0.628906 0.626953 0.617188 0.626953 0.603516 0.617188 0.603516 0.597656 0.628906 0.580078 0.644531 0.580078 0.658203 0.589844 0.658203 0.601562 0.628906 0.626953
0 0.589844 0.904297 0.580078 0.898438 0.580078 0.886719 0.601562 0.865234 0.617188 0.861328 0.623047 0.878906 0.589844 0.904297
0 0.871094 0.443359 0.855469 0.439453 0.845703 0.425781 0.855469 0.408203 0.875000 0.408203 0.884766 0.417969 0.884766 0.429688 0.871094 0.443359
0 0.470703 0.996094 0.470703 0.984375 0.500000 0.962891 0.515625 0.962891 0.525391 0.972656 0.525391 0.988281 0.517578 0.996094
0 0.000000 0.865234 0.009766 0.871094 0.005859 0.906250 0.000000 0.912109
0 0.806641 0.996094 0.802734 0.984375 0.808594 0.978516 0.835938 0.978516 0.841797 0.984375 0.837891 0.996094
0 0.515625 0.603516 0.500000 0.603516 0.478516 0.582031 0.478516 0.570312 0.488281 0.560547 0.507812 0.560547 0.525391 0.578125 0.525391 0.593750 0.515625 0.603516
0 0.398438 0.650391 0.359375 0.646484 0.341797 0.625000 0.371094 0.603516 0.402344 0.603516 0.412109 0.613281 0.416016 0.636719 0.398438 0.650391
0 0.355469 0.369141 0.343750 0.369141 0.326172 0.355469 0.322266 0.335938 0.332031 0.314453 0.351562 0.318359 0.365234 0.339844 0.365234 0.355469 0.355469 0.369141
0 0.707031 0.333984 0.679688 0.333984 0.673828 0.328125 0.677734 0.308594 0.699219 0.306641 0.708984 0.316406 0.707031 0.333984
0 0.078125 0.271484 0.048828 0.257812 0.048828 0.246094 0.066406 0.232422 0.078125 0.232422 0.091797 0.242188 0.091797 0.261719 0.078125 0.271484
0 0.640625 0.716797 0.630859 0.714844 0.626953 0.703125 0.648438 0.677734 0.667969 0.673828 0.673828 0.679688 0.673828 0.695312 0.640625 0.716797
0 0.703125 0.955078 0.687500 0.955078 0.673828 0.937500 0.681641 0.914062 0.695312 0.900391 0.707031 0.900391 0.720703 0.914062 0.716797 0.941406 0.703125 0.955078
0 0.361328 0.996094 0.353516 0.984375 0.367188 0.970703 0.378906 0.970703 0.388672 0.980469 0.380859 0.996094
0 0.421875 0.818359 0.398438 0.818359 0.384766 0.808594 0.380859 0.792969 0.394531 0.775391 0.421875 0.767578 0.431641 0.777344 0.435547 0.804688 0.421875 0.818359
0 0.679688 0.666016 0.662109 0.656250 0.662109 0.636719 0.677734 0.609375 0.691406 0.603516 0.701172 0.613281 0.701172 0.640625 0.679688 0.666016
0 0.078125 0.435547 0.054688 0.435547 0.048828 0.429688 0.048828 0.414062 0.074219 0.388672 0.099609 0.402344 0.099609 0.417969 0.078125 0.435547
0 0.148438 0.345703 0.121094 0.345703 0.115234 0.328125 0.132812 0.314453 0.148438 0.314453 0.158203 0.324219 0.158203 0.335938 0.148438 0.345703
0 0.789062 0.591797 0.753906 0.587891 0.740234 0.574219 0.744141 0.554688 0.757812 0.544922 0.769531 0.544922 0.792969 0.556641 0.802734 0.566406 0.802734 0.582031 0.789062 0.591797
0 0.152344 0.490234 0.125000 0.490234 0.119141 0.484375 0.119141 0.468750 0.136719 0.455078 0.148438 0.455078 0.158203 0.464844 0.158203 0.484375 0.152344 0.490234
0 0.101562 0.658203 0.082031 0.650391 0.072266 0.636719 0.085938 0.615234 0.107422 0.632812 0.107422 0.652344 0.101562 0.658203
0 0.207031 0.486328 0.187500 0.486328 0.160156 0.470703 0.154297 0.453125 0.175781 0.435547 0.191406 0.435547 0.216797 0.464844 0.216797 0.476562 0.207031 0.486328
0 0.941406 0.455078 0.929688 0.455078 0.916016 0.441406 0.916016 0.425781 0.925781 0.416016 0.941406 0.416016 0.951172 0.425781 0.951172 0.445312 0.941406 0.455078
0 0.093750 0.146484 0.080078 0.140625 0.080078 0.121094 0.085938 0.115234 0.105469 0.115234 0.107422 0.125000 0.093750 0.146484
0 0.261719 0.951172 0.242188 0.951172 0.236328 0.945312 0.236328 0.933594 0.246094 0.919922 0.265625 0.919922 0.275391 0.929688 0.261719 0.951172
0 0.917969 0.830078 0.910156 0.830078 0.896484 0.812500 0.896484 0.796875 0.910156 0.779297 0.921875 0.779297 0.931641 0.792969 0.931641 0.816406 0.917969 0.830078
0 0.572266 0.000000 0.576172 0.019531 0.558594 0.033203 0.548828 0.019531 0.560547 0.000000
0 0.550781 0.626953 0.542969 0.626953 0.529297 0.613281 0.529297 0.601562 0.533203 0.585938 0.546875 0.572266 0.558594 0.572266 0.576172 0.593750 0.550781 0.626953
0 0.019531 0.908203 0.005859 0.906250 0.011719 0.869141 0.029297 0.886719 0.029297 0.898438 0.019531 0.908203
0 0.214844 0.275391 0.199219 0.275391 0.189453 0.265625 0.189453 0.246094 0.203125 0.228516 0.226562 0.220703 0.240234 0.230469 0.244141 0.253906 0.234375 0.267578 0.214844 0.275391
0 0.996094 0.802734 0.978516 0.789062 0.982422 0.761719 0.996094 0.751953
0 0.433594 0.962891 0.421875 0.962891 0.408203 0.949219 0.408203 0.929688 0.421875 0.912109 0.457031 0.916016 0.462891 0.929688 0.451172 0.953125 0.433594 0.962891
0 0.414062 0.701172 0.398438 0.701172 0.388672 0.691406 0.388672 0.671875 0.398438 0.662109 0.410156 0.662109 0.427734 0.683594 0.414062 0.701172
0 0.000000 0.455078 0.011719 0.455078 0.021484 0.472656 0.017578 0.503906 0.000000 0.509766
0 0.406250 0.353516 0.394531 0.353516 0.384766 0.335938 0.384766 0.320312 0.394531 0.310547 0.402344 0.310547 0.419922 0.328125 0.416016 0.343750 0.406250 0.353516
0 0.617188 0.037109 0.597656 0.037109 0.591797 0.031250 0.591797 0.019531 0.609375 0.005859 0.626953 0.015625 0.617188 0.037109
0 0.160156 0.142578 0.128906 0.138672 0.121094 0.123047 0.107422 0.121094 0.107422 0.113281 0.125000 0.099609 0.156250 0.103516 0.173828 0.117188 0.173828 0.128906 0.160156 0.142578
0 0.816406 0.822266 0.798828 0.812500 0.798828 0.781250 0.812500 0.759766 0.828125 0.755859 0.837891 0.765625 0.837891 0.781250 0.830078 0.808594 0.816406 0.822266
0 0.845703 0.996094 0.859375 0.978516 0.871094 0.978516 0.880859 0.996094
0 0.390625 0.419922 0.363281 0.419922 0.357422 0.414062 0.357422 0.398438 0.363281 0.392578 0.390625 0.392578 0.396484 0.398438 0.396484 0.414062 0.390625 0.419922
0 0.000000 0.931641 0.007812 0.931641 0.033203 0.960938 0.029297 0.976562 0.015625 0.990234 0.000000 0.978516
0 0.449219 0.376953 0.429688 0.376953 0.419922 0.367188 0.419922 0.351562 0.441406 0.330078 0.449219 0.330078 0.462891 0.343750 0.462891 0.363281 0.449219 0.376953
0 0.699219 0.361328 0.687500 0.361328 0.677734 0.351562 0.683594 0.333984 0.707031 0.333984 0.716797 0.343750 0.714844 0.353516 0.699219 0.361328
0 0.082031 0.552734 0.062500 0.552734 0.048828 0.535156 0.056641 0.503906 0.078125 0.482422 0.091797 0.488281 0.095703 0.503906 0.095703 0.539062 0.082031 0.552734
0 0.611328 0.000000 0.601562 0.013672 0.589844 0.009766 0.583984 0.000000
0 0.984375 0.126953 0.976562 0.126953 0.962891 0.109375 0.962891 0.097656 0.972656 0.087891 0.990234 0.101562 0.994141 0.113281 0.984375 0.126953
0 0.195312 0.435547 0.175781 0.435547 0.169922 0.429688 0.169922 0.410156 0.183594 0.392578 0.207031 0.392578 0.212891 0.398438 0.212891 0.417969 0.195312 0.435547
0 0.109375 0.041016 0.089844 0.041016 0.076172 0.031250 0.076172 0.023438 0.093750 0.005859 0.113281 0.005859 0.123047 0.019531 0.123047 0.031250 0.109375 0.041016
0 0.816406 0.548828 0.796875 0.548828 0.783203 0.531250 0.796875 0.517578 0.816406 0.513672 0.826172 0.523438 0.826172 0.535156 0.816406 0.548828
0 0.531250 0.943359 0.515625 0.943359 0.509766 0.937500 0.505859 0.917969 0.511719 0.912109 0.523438 0.912109 0.544922 0.925781 0.544922 0.933594 0.531250 0.943359
0 0.542969 0.845703 0.525391 0.835938 0.521484 0.816406 0.535156 0.802734 0.558594 0.798828 0.568359 0.808594 0.564453 0.828125 0.542969 0.845703
0 0.062500 0.806641 0.031250 0.798828 0.021484 0.785156 0.031250 0.775391 0.058594 0.775391 0.068359 0.785156 0.068359 0.800781 0.062500 0.806641
0 0.285156 0.560547 0.277344 0.560547 0.267578 0.546875 0.273438 0.537109 0.291016 0.542969 0.285156 0.560547
0 0.750000 0.943359 0.732422 0.933594 0.732422 0.921875 0.746094 0.904297 0.757812 0.904297 0.767578 0.914062 0.767578 0.929688 0.750000 0.943359
0 0.656250 0.662109 0.644531 0.662109 0.630859 0.652344 0.626953 0.628906 0.632812 0.623047 0.656250 0.623047 0.662109 0.628906 0.662109 0.656250 0.656250 0.662109
0 0.839844 0.318359 0.826172 0.304688 0.826172 0.289062 0.839844 0.271484 0.851562 0.271484 0.865234 0.281250 0.865234 0.289062 0.857422 0.304688 0.839844 0.318359
0 0.679688 0.986328 0.660156 0.982422 0.650391 0.972656 0.642578 0.957031 0.648438 0.943359 0.671875 0.947266 0.689453 0.964844 0.689453 0.976562 0.679688 0.986328
0 0.500000 0.810547 0.486328 0.804688 0.482422 0.781250 0.482422 0.769531 0.492188 0.755859 0.505859 0.761719 0.509766 0.781250 0.509766 0.800781 0.500000 0.810547
0 0.652344 0.333984 0.638672 0.328125 0.638672 0.316406 0.656250 0.306641 0.669922 0.320312 0.652344 0.333984
0 0.214844 0.646484 0.203125 0.646484 0.189453 0.636719 0.189453 0.609375 0.218750 0.587891 0.234375 0.587891 0.248047 0.597656 0.248047 0.628906 0.214844 0.646484
0 0.882812 0.615234 0.867188 0.611328 0.845703 0.589844 0.845703 0.574219 0.855469 0.564453 0.867188 0.564453 0.888672 0.582031 0.896484 0.601562 0.882812 0.615234
0 0.769531 0.638672 0.757812 0.638672 0.736328 0.621094 0.736328 0.597656 0.742188 0.591797 0.761719 0.595703 0.779297 0.613281 0.779297 0.628906 0.769531 0.638672
0 0.695312 0.306641 0.679688 0.306641 0.666016 0.296875 0.658203 0.277344 0.664062 0.267578 0.675781 0.267578 0.697266 0.285156 0.695312 0.306641
0 0.867188 0.896484 0.851562 0.896484 0.833984 0.882812 0.833984 0.867188 0.843750 0.853516 0.875000 0.853516 0.880859 0.859375 0.880859 0.882812 0.867188 0.896484
0 0.617188 0.541016 0.605469 0.541016 0.595703 0.531250 0.595703 0.511719 0.601562 0.505859 0.621094 0.505859 0.634766 0.515625 0.634766 0.523438 0.617188 0.541016
0 0.080078 0.996094 0.076172 0.988281 0.085938 0.978516 0.111328 0.996094
0 0.156250 0.599609 0.132812 0.599609 0.123047 0.593750 0.126953 0.562500 0.132812 0.556641 0.152344 0.556641 0.166016 0.570312 0.166016 0.585938 0.156250 0.599609
0 0.312500 0.982422 0.294922 0.976562 0.294922 0.960938 0.304688 0.951172 0.322266 0.957031 0.322266 0.972656 0.312500 0.982422
0 0.601562 0.490234 0.589844 0.490234 0.580078 0.480469 0.583984 0.464844 0.593750 0.455078 0.609375 0.455078 0.619141 0.468750 0.619141 0.480469 0.601562 0.490234
0 0.632812 0.458984 0.615234 0.449219 0.607422 0.429688 0.607422 0.417969 0.617188 0.408203 0.626953 0.410156 0.638672 0.429688 0.638672 0.453125 0.632812 0.458984
0 0.191406 0.861328 0.169922 0.851562 0.169922 0.828125 0.187500 0.810547 0.203125 0.810547 0.212891 0.820312 0.212891 0.843750 0.191406 0.861328
0 0.640625 0.302734 0.617188 0.302734 0.611328 0.296875 0.611328 0.281250 0.628906 0.267578 0.640625 0.267578 0.650391 0.277344 0.650391 0.289062 0.640625 0.302734
0 0.175781 0.251953 0.164062 0.251953 0.154297 0.238281 0.154297 0.218750 0.164062 0.208984 0.171875 0.208984 0.185547 0.222656 0.185547 0.238281 0.175781 0.251953
0 0.312500 0.818359 0.300781 0.818359 0.287109 0.808594 0.275391 0.777344 0.281250 0.763672 0.308594 0.759766 0.314453 0.765625 0.318359 0.812500 0.312500 0.818359
0 0.148438 0.529297 0.126953 0.519531 0.125000 0.490234 0.160156 0.486328 0.173828 0.500000 0.173828 0.511719 0.148438 0.529297
0 0.507812 0.185547 0.494141 0.175781 0.494141 0.167969 0.505859 0.156250 0.505859 0.144531 0.519531 0.138672 0.533203 0.152344 0.533203 0.160156 0.529297 0.171875 0.507812 0.185547
0 0.656250 0.255859 0.636719 0.251953 0.615234 0.234375 0.615234 0.218750 0.625000 0.208984 0.640625 0.208984 0.658203 0.226562 0.666016 0.246094 0.656250 0.255859
0 0.277344 0.830078 0.253906 0.830078 0.248047 0.824219 0.244141 0.781250 0.250000 0.775391 0.275391 0.773438 0.287109 0.800781 0.287109 0.816406 0.277344 0.830078
0 0.066406 0.044922 0.058594 0.044922 0.044922 0.027344 0.054688 0.009766 0.066406 0.009766 0.076172 0.019531 0.076172 0.031250 0.066406 0.044922
0 0.343750 0.736328 0.316406 0.736328 0.310547 0.730469 0.310547 0.699219 0.316406 0.693359 0.339844 0.689453 0.349609 0.699219 0.357422 0.722656 0.343750 0.736328
0 0.078125 0.939453 0.031250 0.939453 0.017578 0.929688 0.017578 0.917969 0.042969 0.904297 0.070312 0.908203 0.083984 0.921875 0.078125 0.939453
