0 0.468391 0.449038 0.455460 0.445192 0.433190 0.415385 0.431753 0.401923 0.436782 0.395192 0.443966 0.393269 0.448276 0.397115 0.461207 0.397115 0.473420 0.415385 0.476293 0.426923 0.476293 0.440385 0.468391 0.449038
0 0.841954 0.435577 0.833333 0.435577 0.826868 0.426923 0.823994 0.415385 0.826868 0.388462 0.830460 0.381731 0.837644 0.375962 0.841954 0.375962 0.851293 0.384615 0.857040 0.409615 0.857040 0.421154 0.849138 0.431731 0.841954 0.435577
0 0.454023 0.854808 0.446839 0.854808 0.432471 0.845192 0.418103 0.852885 0.406609 0.850962 0.401580 0.844231 0.403017 0.830769 0.420977 0.812500 0.431034 0.810577 0.442529 0.814423 0.449713 0.820192 0.459052 0.834615 0.459052 0.848077 0.454023 0.854808
0 0.854885 0.970192 0.846264 0.970192 0.839080 0.966346 0.832615 0.957692 0.828305 0.946154 0.831178 0.913462 0.839080 0.902885 0.863506 0.910577 0.871408 0.928846 0.871408 0.940385 0.867098 0.953846 0.854885 0.970192
0 0.998563 0.229808 0.984195 0.231731 0.967672 0.213462 0.954741 0.184615 0.954741 0.169231 0.959770 0.162500 0.971264 0.162500 0.982759 0.170192 0.998563 0.193269
0 0.858477 0.998077 0.862069 0.991346 0.872126 0.993269 0.874282 0.998077
0 0.196839 0.379808 0.191092 0.379808 0.184626 0.373077 0.173132 0.346154 0.173132 0.330769 0.176006 0.319231 0.182471 0.310577 0.189655 0.306731 0.198276 0.308654 0.207615 0.321154 0.210489 0.336538 0.209052 0.353846 0.201868 0.373077 0.196839 0.379808
0 0.882184 0.574038 0.870690 0.572115 0.865661 0.565385 0.864224 0.546154 0.869971 0.526923 0.878592 0.511538 0.887931 0.500962 0.897989 0.499038 0.907328 0.509615 0.908764 0.532692 0.900144 0.555769 0.889368 0.570192 0.882184 0.574038
0 0.303161 0.945192 0.294540 0.945192 0.288793 0.941346 0.282328 0.928846 0.282328 0.919231 0.286638 0.901923 0.293822 0.892308 0.298132 0.878846 0.306034 0.870192 0.316092 0.870192 0.321121 0.876923 0.326868 0.907692 0.323994 0.919231 0.316810 0.932692 0.303161 0.945192
0 0.520115 0.600962 0.511494 0.599038 0.504310 0.593269 0.493534 0.576923 0.490661 0.559615 0.497126 0.541346 0.504310 0.541346 0.510776 0.548077 0.517960 0.573077 0.526580 0.582692 0.528017 0.592308 0.520115 0.600962
0 0.819684 0.998077 0.826149 0.989423 0.834770 0.991346 0.839799 0.998077
0 0.708333 0.889423 0.691092 0.887500 0.678879 0.875000 0.678879 0.859615 0.686782 0.847115 0.695402 0.841346 0.702586 0.841346 0.711925 0.850000 0.716236 0.861538 0.717672 0.876923 0.708333 0.889423
0 0.447557 0.000000 0.444684 0.013462 0.433908 0.025962 0.422414 0.025962 0.418103 0.022115 0.411638 0.013462 0.408764 0.000000
0 0.864943 0.800962 0.854885 0.800962 0.841236 0.790385 0.839799 0.776923 0.846264 0.766346 0.863506 0.758654 0.876437 0.764423 0.884339 0.775000 0.884339 0.786538 0.879310 0.793269 0.864943 0.800962
0 0.429598 0.291346 0.403736 0.289423 0.396552 0.285577 0.392960 0.278846 0.394397 0.261538 0.390086 0.251923 0.390086 0.244231 0.403736 0.231731 0.415230 0.212500 0.425287 0.212500 0.428879 0.217308 0.427443 0.253846 0.433190 0.269231 0.433190 0.284615 0.429598 0.291346
0 0.278736 0.708654 0.268678 0.708654 0.262213 0.700000 0.262213 0.682692 0.267960 0.667308 0.277299 0.658654 0.285920 0.656731 0.304598 0.666346 0.309626 0.673077 0.309626 0.678846 0.303879 0.690385 0.295977 0.699038 0.278736 0.708654
0 0.159483 0.410577 0.150862 0.410577 0.142241 0.404808 0.131466 0.384615 0.128592 0.363462 0.132902 0.348077 0.137931 0.343269 0.146552 0.343269 0.163075 0.369231 0.165948 0.380769 0.165948 0.398077 0.159483 0.410577
0 0.462644 0.693269 0.452586 0.693269 0.444684 0.684615 0.441810 0.675000 0.441810 0.663462 0.450431 0.628846 0.456897 0.622115 0.466954 0.620192 0.472701 0.622115 0.480603 0.634615 0.482040 0.653846 0.474856 0.676923 0.462644 0.693269
0 0.966954 0.712500 0.959770 0.712500 0.948276 0.704808 0.930316 0.684615 0.928879 0.669231 0.931753 0.659615 0.938218 0.650962 0.949713 0.647115 0.956178 0.655769 0.956178 0.667308 0.961925 0.686538 0.974856 0.703846 0.966954 0.712500
0 0.704023 0.393269 0.692529 0.393269 0.681753 0.382692 0.681753 0.371154 0.690374 0.361538 0.691810 0.350000 0.696839 0.343269 0.706897 0.343269 0.713362 0.355769 0.713362 0.378846 0.704023 0.393269
0 0.998563 0.504808 0.987069 0.504808 0.972701 0.499038 0.961925 0.486538 0.960489 0.476923 0.967672 0.453846 0.975575 0.443269 0.988506 0.439423 0.995690 0.449038 0.998563 0.449038
0 0.895115 0.054808 0.876437 0.054808 0.868534 0.046154 0.865661 0.019231 0.868534 0.009615 0.873563 0.002885 0.890805 0.000962 0.900144 0.009615 0.904454 0.026923 0.904454 0.042308 0.895115 0.054808
0 0.887931 0.979808 0.879310 0.979808 0.871408 0.971154 0.869971 0.963462 0.872845 0.950000 0.877155 0.938462 0.883621 0.929808 0.895115 0.922115 0.906609 0.920192 0.913075 0.926923 0.914511 0.932692 0.913075 0.951923 0.908764 0.963462 0.902299 0.972115 0.897989 0.972115 0.887931 0.979808
0 0.120690 0.510577 0.112069 0.508654 0.107040 0.498077 0.109914 0.478846 0.114224 0.469231 0.126437 0.454808 0.139368 0.454808 0.147270 0.463462 0.150144 0.471154 0.148707 0.484615 0.135057 0.500962 0.120690 0.510577
0 0.043822 0.000000 0.043822 0.003846 0.034483 0.012500 0.017241 0.010577 0.010776 0.000000
0 0.731322 0.075962 0.712644 0.074038 0.701868 0.061538 0.703305 0.030769 0.714080 0.016346 0.722701 0.014423 0.737069 0.016346 0.749282 0.030769 0.752155 0.038462 0.752155 0.057692 0.744253 0.068269 0.731322 0.075962
0 0.301724 0.145192 0.295977 0.145192 0.290948 0.140385 0.283764 0.121154 0.282328 0.101923 0.286638 0.086538 0.293103 0.081731 0.298851 0.081731 0.301724 0.085577 0.316092 0.085577 0.323994 0.098077 0.323994 0.105769 0.313937 0.125000 0.313937 0.134615 0.301724 0.145192
0 0.741379 0.429808 0.731322 0.429808 0.715517 0.416346 0.709052 0.403846 0.710489 0.394231 0.716954 0.387500 0.731322 0.387500 0.738506 0.399038 0.745690 0.399038 0.750718 0.405769 0.752155 0.417308 0.741379 0.429808
0 0.913793 0.925962 0.905172 0.920192 0.897270 0.905769 0.898707 0.876923 0.905172 0.868269 0.925287 0.870192 0.934626 0.890385 0.934626 0.900000 0.930316 0.913462 0.922414 0.924038 0.913793 0.925962
0 0.790230 0.449038 0.772989 0.443269 0.763649 0.428846 0.763649 0.417308 0.771552 0.400962 0.781609 0.397115 0.785920 0.391346 0.794540 0.389423 0.802443 0.396154 0.808190 0.423077 0.802443 0.440385 0.790230 0.449038
0 0.268678 0.847115 0.251437 0.839423 0.244971 0.828846 0.244971 0.821154 0.247845 0.811538 0.254310 0.802885 0.258621 0.802885 0.265805 0.793269 0.275862 0.793269 0.288075 0.809615 0.288075 0.819231 0.285201 0.830769 0.268678 0.847115
0 0.966954 0.900962 0.959770 0.899038 0.953305 0.890385 0.950431 0.884615 0.948994 0.869231 0.943247 0.859615 0.941810 0.834615 0.949713 0.827885 0.962644 0.831731 0.974856 0.848077 0.977730 0.857692 0.976293 0.884615 0.966954 0.900962
0 0.393678 0.829808 0.385057 0.829808 0.374282 0.821154 0.372845 0.794231 0.377155 0.780769 0.389368 0.764423 0.393678 0.760577 0.403736 0.758654 0.417385 0.769231 0.423132 0.788462 0.420259 0.801923 0.411638 0.817308 0.393678 0.829808
0 0.688218 0.297115 0.679598 0.295192 0.670977 0.281731 0.663793 0.289423 0.655172 0.289423 0.650862 0.285577 0.644397 0.276923 0.647270 0.255769 0.655172 0.247115 0.669540 0.249038 0.675287 0.254808 0.679598 0.254808 0.692529 0.241346 0.704023 0.243269 0.709052 0.250000 0.710489 0.259615 0.701868 0.273077 0.700431 0.286538 0.688218 0.297115
0 0.649425 0.668269 0.635057 0.668269 0.631466 0.659615 0.631466 0.644231 0.637213 0.619231 0.637213 0.609615 0.641523 0.596154 0.646552 0.589423 0.653736 0.587500 0.662356 0.595192 0.670259 0.607692 0.670259 0.638462 0.663075 0.651923 0.649425 0.668269
0 0.497126 0.149038 0.481322 0.147115 0.471983 0.136538 0.470546 0.126923 0.476293 0.109615 0.497126 0.087500 0.508621 0.081731 0.520115 0.081731 0.534483 0.087500 0.540948 0.100000 0.540948 0.115385 0.536638 0.125000 0.521552 0.137500 0.505747 0.147115 0.497126 0.149038
0 0.670977 0.212500 0.665230 0.212500 0.657328 0.203846 0.658764 0.194231 0.665230 0.185577 0.675287 0.174038 0.696839 0.158654 0.711207 0.156731 0.714799 0.161538 0.714799 0.176923 0.706897 0.187500 0.695402 0.199038 0.670977 0.212500
0 0.869253 0.912500 0.859195 0.910577 0.850575 0.904808 0.841954 0.904808 0.832615 0.892308 0.838362 0.878846 0.836925 0.865385 0.839080 0.860577 0.852011 0.862500 0.857759 0.870192 0.870690 0.874038 0.878592 0.882692 0.881466 0.890385 0.881466 0.901923 0.876437 0.908654 0.869253 0.912500
0 0.362069 0.595192 0.352011 0.595192 0.346983 0.590385 0.341236 0.576923 0.342672 0.567308 0.352011 0.554808 0.360632 0.550962 0.382184 0.550962 0.392960 0.567308 0.392960 0.575000 0.385057 0.587500 0.362069 0.595192
0 0.553879 0.998077 0.553879 0.967308 0.558908 0.956731 0.571839 0.943269 0.576149 0.952885 0.583333 0.956731 0.591236 0.967308 0.594109 0.976923 0.592672 0.998077
0 0.998563 0.608654 0.988506 0.604808 0.979167 0.592308 0.974856 0.575000 0.974856 0.559615 0.985632 0.541346 0.989943 0.541346 0.998563 0.550962
0 0.800287 0.089423 0.788793 0.085577 0.780891 0.075000 0.775144 0.044231 0.772270 0.038462 0.772270 0.026923 0.775862 0.022115 0.783046 0.020192 0.795977 0.008654 0.807471 0.010577 0.816810 0.030769 0.816810 0.040385 0.805316 0.061538 0.806753 0.082692 0.800287 0.089423
0 0.876437 0.220192 0.867816 0.218269 0.861351 0.207692 0.862787 0.182692 0.871408 0.159615 0.880747 0.147115 0.893678 0.141346 0.902299 0.143269 0.911638 0.155769 0.913075 0.188462 0.905891 0.201923 0.897989 0.210577 0.890805 0.210577 0.876437 0.220192
0 0.665230 0.545192 0.658046 0.545192 0.651580 0.538462 0.650144 0.515385 0.655891 0.500000 0.668103 0.483654 0.679598 0.479808 0.687500 0.494231 0.686063 0.525000 0.678161 0.537500 0.665230 0.545192
0 0.831897 0.685577 0.818966 0.685577 0.813218 0.681731 0.808190 0.675000 0.806753 0.661538 0.812500 0.644231 0.829023 0.622115 0.841954 0.616346 0.851293 0.625000 0.852730 0.642308 0.845546 0.667308 0.831897 0.685577
0 0.728448 0.149038 0.706897 0.147115 0.700431 0.136538 0.701868 0.128846 0.715517 0.095192 0.724138 0.089423 0.745690 0.083654 0.749282 0.088462 0.747845 0.096154 0.756466 0.105769 0.759339 0.113462 0.759339 0.121154 0.748563 0.139423 0.741379 0.145192 0.728448 0.149038
0 0.267241 0.441346 0.254310 0.441346 0.242816 0.431731 0.234914 0.419231 0.233477 0.398077 0.237787 0.386538 0.244253 0.379808 0.258621 0.377885 0.264368 0.381731 0.275144 0.398077 0.279454 0.413462 0.279454 0.426923 0.272989 0.439423 0.267241 0.441346
0 0.239943 0.356731 0.229885 0.356731 0.221983 0.348077 0.209052 0.313462 0.209052 0.294231 0.216954 0.281731 0.229885 0.283654 0.247845 0.309615 0.252155 0.321154 0.250718 0.340385 0.239943 0.356731
0 0.586207 0.960577 0.576149 0.952885 0.573994 0.946154 0.559626 0.926923 0.559626 0.915385 0.562500 0.907692 0.574713 0.899038 0.597701 0.906731 0.607040 0.919231 0.609914 0.928846 0.607040 0.948077 0.599138 0.958654 0.586207 0.960577
0 0.076149 0.366346 0.066810 0.351923 0.068247 0.338462 0.065374 0.334615 0.065374 0.326923 0.074713 0.314423 0.089080 0.312500 0.094109 0.321154 0.094109 0.344231 0.091236 0.353846 0.083333 0.364423 0.076149 0.366346
0 0.166667 0.174038 0.156609 0.174038 0.151580 0.167308 0.145833 0.148077 0.145833 0.121154 0.153736 0.108654 0.158046 0.106731 0.179598 0.108654 0.186063 0.117308 0.190374 0.128846 0.188937 0.136538 0.180316 0.151923 0.177443 0.165385 0.166667 0.174038
0 0.366379 0.116346 0.346264 0.114423 0.329741 0.082692 0.329741 0.067308 0.332615 0.059615 0.344828 0.052885 0.353448 0.043269 0.377874 0.049038 0.385057 0.054808 0.391523 0.067308 0.390086 0.078846 0.378592 0.092308 0.372845 0.107692 0.366379 0.116346
0 0.180316 0.000000 0.184626 0.019231 0.176724 0.029808 0.169540 0.033654 0.156609 0.027885 0.138649 0.000000
0 0.649425 0.331731 0.636494 0.329808 0.624282 0.311538 0.625718 0.290385 0.630747 0.281731 0.636494 0.277885 0.652299 0.285577 0.658764 0.298077 0.655891 0.325000 0.649425 0.331731
0 0.044540 0.579808 0.034483 0.579808 0.025862 0.574038 0.022270 0.565385 0.022270 0.538462 0.025144 0.526923 0.029454 0.515385 0.038793 0.504808 0.051724 0.506731 0.059626 0.519231 0.062500 0.528846 0.062500 0.550000 0.059626 0.559615 0.053161 0.572115 0.044540 0.579808
0 0.481322 0.920192 0.471264 0.916346 0.459770 0.899038 0.448994 0.888462 0.448994 0.876923 0.456897 0.864423 0.477011 0.864423 0.486351 0.876923 0.489224 0.888462 0.489224 0.901923 0.486351 0.913462 0.481322 0.920192
0 0.911638 0.998077 0.911638 0.986538 0.918103 0.977885 0.929598 0.977885 0.933908 0.981731 0.937500 0.986538 0.938937 0.998077
0 0.347701 0.449038 0.333333 0.447115 0.325431 0.432692 0.325431 0.425000 0.331178 0.405769 0.339080 0.395192 0.346264 0.391346 0.357759 0.391346 0.369971 0.401923 0.374282 0.419231 0.369971 0.432692 0.364943 0.439423 0.347701 0.449038
0 0.738506 0.239423 0.725575 0.237500 0.720546 0.230769 0.720546 0.200000 0.723420 0.192308 0.738506 0.172115 0.751437 0.164423 0.761494 0.166346 0.770833 0.175000 0.770833 0.200000 0.755747 0.227885 0.738506 0.239423
0 0.000000 0.291346 0.002874 0.287500 0.010057 0.289423 0.017960 0.311538 0.017960 0.325000 0.013649 0.350000 0.006466 0.367308 0.000000 0.374038
0 0.591954 0.604808 0.588362 0.601923 0.588362 0.594231 0.582615 0.586538 0.569684 0.555769 0.569684 0.546154 0.573994 0.530769 0.579023 0.524038 0.586207 0.520192 0.597701 0.522115 0.602730 0.528846 0.607040 0.544231 0.608477 0.573077 0.604167 0.588462 0.591954 0.604808
0 0.026580 0.998077 0.020833 0.986538 0.019397 0.973077 0.022270 0.959615 0.030172 0.949038 0.043103 0.949038 0.047414 0.952885 0.052443 0.959615 0.056753 0.975000 0.065374 0.986538 0.066810 0.998077
0 0.520115 0.683654 0.504310 0.681731 0.502155 0.678846 0.502155 0.665385 0.506466 0.650000 0.514368 0.637500 0.520115 0.633654 0.528736 0.633654 0.533046 0.635577 0.540948 0.646154 0.540948 0.657692 0.538075 0.665385 0.527299 0.679808 0.520115 0.683654
0 0.508621 0.785577 0.497126 0.785577 0.489224 0.776923 0.486351 0.771154 0.487787 0.753846 0.498563 0.737500 0.505747 0.731731 0.517241 0.725962 0.527299 0.725962 0.538075 0.738462 0.536638 0.759615 0.525862 0.777885 0.508621 0.785577
0 0.469828 0.337500 0.455460 0.333654 0.443247 0.317308 0.441810 0.309615 0.455460 0.289423 0.465517 0.281731 0.478448 0.279808 0.484914 0.288462 0.484914 0.298077 0.482040 0.311538 0.479167 0.315385 0.477730 0.330769 0.469828 0.337500
0 0.844828 0.491346 0.829023 0.489423 0.822557 0.480769 0.822557 0.461538 0.823994 0.455769 0.836207 0.441346 0.856322 0.441346 0.864224 0.450000 0.864224 0.465385 0.857040 0.482692 0.844828 0.491346
0 0.056034 0.150962 0.043103 0.150962 0.035201 0.142308 0.035201 0.132692 0.038075 0.125000 0.036638 0.113462 0.040230 0.106731 0.047414 0.100962 0.066092 0.102885 0.074713 0.108654 0.081178 0.117308 0.081178 0.130769 0.074713 0.139423 0.056034 0.150962
0 0.929598 0.324038 0.920977 0.324038 0.911638 0.311538 0.911638 0.305769 0.916667 0.300962 0.922414 0.300962 0.926724 0.304808 0.933190 0.313462 0.933190 0.319231 0.929598 0.324038
0 0.770115 0.608654 0.754310 0.606731 0.746408 0.596154 0.744971 0.573077 0.749282 0.559615 0.758621 0.547115 0.771552 0.547115 0.775862 0.539423 0.784483 0.533654 0.797414 0.533654 0.806034 0.539423 0.811063 0.550000 0.809626 0.575000 0.797414 0.589423 0.785920 0.587500 0.782328 0.596154 0.774425 0.606731 0.770115 0.608654
0 0.695402 0.668269 0.686782 0.668269 0.677443 0.655769 0.674569 0.644231 0.670259 0.638462 0.670259 0.607692 0.667385 0.600000 0.672414 0.595192 0.679598 0.595192 0.685345 0.599038 0.700431 0.619231 0.704741 0.632692 0.704741 0.653846 0.695402 0.668269
0 0.313218 0.247115 0.301724 0.245192 0.288075 0.228846 0.288075 0.200000 0.290948 0.192308 0.297414 0.185577 0.314655 0.189423 0.329741 0.207692 0.331178 0.219231 0.328305 0.228846 0.313218 0.247115
0 0.596264 0.810577 0.586207 0.810577 0.585489 0.803846 0.579741 0.800000 0.582615 0.761538 0.586925 0.746154 0.594828 0.737500 0.603448 0.741346 0.607040 0.746154 0.612787 0.767308 0.611351 0.788462 0.607040 0.798077 0.596264 0.810577
0 0.754310 0.525962 0.741379 0.525962 0.733477 0.515385 0.734914 0.484615 0.747126 0.468269 0.755747 0.468269 0.764368 0.474038 0.772270 0.488462 0.772270 0.498077 0.767960 0.511538 0.754310 0.525962
0 0.528736 0.908654 0.517241 0.908654 0.507184 0.900962 0.502155 0.886538 0.503592 0.871154 0.510057 0.862500 0.524425 0.850962 0.535920 0.852885 0.540948 0.873077 0.540948 0.884615 0.528736 0.908654
0 0.380747 0.250962 0.369253 0.250962 0.364224 0.246154 0.361351 0.238462 0.362787 0.221154 0.367098 0.209615 0.375000 0.200962 0.390805 0.195192 0.400862 0.195192 0.406609 0.199038 0.414511 0.213462 0.403736 0.231731 0.390086 0.244231 0.389368 0.249038 0.380747 0.250962
0 0.336207 0.624038 0.325431 0.619231 0.325431 0.611538 0.321121 0.605769 0.318247 0.594231 0.318247 0.588462 0.321839 0.583654 0.327586 0.583654 0.338362 0.592308 0.338362 0.596154 0.334052 0.601923 0.334052 0.609615 0.338362 0.617308 0.336207 0.624038
0 0.327586 0.766346 0.317529 0.764423 0.306753 0.753846 0.305316 0.746154 0.308190 0.738462 0.326149 0.720192 0.334770 0.716346 0.346264 0.718269 0.354167 0.730769 0.354167 0.742308 0.349856 0.753846 0.343391 0.762500 0.327586 0.766346
0 0.401580 0.000000 0.401580 0.003846 0.394397 0.015385 0.386494 0.022115 0.370690 0.022115 0.364943 0.018269 0.358477 0.009615 0.355603 0.000000
0 0.136494 0.241346 0.130747 0.241346 0.117816 0.233654 0.109914 0.223077 0.104167 0.209615 0.098420 0.190385 0.098420 0.176923 0.104885 0.166346 0.116379 0.164423 0.122126 0.168269 0.129310 0.174038 0.141523 0.192308 0.147270 0.213462 0.147270 0.228846 0.140805 0.239423 0.136494 0.241346
0 0.843391 0.324038 0.834770 0.322115 0.826868 0.307692 0.829741 0.278846 0.847701 0.250962 0.866379 0.250962 0.875718 0.265385 0.875718 0.278846 0.869971 0.292308 0.857040 0.311538 0.843391 0.324038
0 0.145115 0.614423 0.136494 0.612500 0.130029 0.603846 0.130029 0.580769 0.140086 0.555769 0.152299 0.537500 0.158046 0.533654 0.166667 0.533654 0.174569 0.544231 0.176006 0.559615 0.173132 0.576923 0.164511 0.594231 0.153736 0.608654 0.145115 0.614423
0 0.372126 0.668269 0.362069 0.666346 0.354167 0.657692 0.351293 0.650000 0.351293 0.638462 0.357040 0.623077 0.362069 0.616346 0.369253 0.612500 0.377874 0.612500 0.384339 0.619231 0.384339 0.628846 0.378592 0.646154 0.377155 0.661538 0.372126 0.668269
0 0.327586 0.181731 0.313937 0.173077 0.311063 0.165385 0.311063 0.138462 0.313937 0.134615 0.313937 0.125000 0.317529 0.120192 0.327586 0.120192 0.340517 0.106731 0.346264 0.114423 0.354885 0.116346 0.355603 0.119231 0.352730 0.132692 0.335489 0.161538 0.334052 0.176923 0.327586 0.181731
0 0.902299 0.672115 0.892241 0.672115 0.882902 0.661538 0.882902 0.644231 0.894397 0.621154 0.908046 0.602885 0.918103 0.597115 0.925287 0.599038 0.934626 0.613462 0.933190 0.636538 0.926006 0.651923 0.916667 0.664423 0.902299 0.672115
0 0.369253 0.981731 0.362069 0.981731 0.354167 0.973077 0.351293 0.963462 0.351293 0.944231 0.358477 0.925000 0.366379 0.914423 0.380747 0.910577 0.390086 0.923077 0.390086 0.942308 0.380029 0.971154 0.369253 0.981731
0 0.486351 0.998077 0.483477 0.994231 0.483477 0.980769 0.486351 0.971154 0.495690 0.962500 0.507184 0.958654 0.517241 0.960577 0.523707 0.969231 0.528017 0.992308 0.525144 0.998077
0 0.311782 0.637500 0.306034 0.637500 0.303879 0.634615 0.303879 0.628846 0.308908 0.624038 0.313218 0.624038 0.316810 0.628846 0.316810 0.632692 0.311782 0.637500
0 0.205460 0.704808 0.191092 0.704808 0.186063 0.698077 0.187500 0.684615 0.193247 0.673077 0.205460 0.660577 0.216954 0.654808 0.228448 0.656731 0.232040 0.661538 0.232040 0.675000 0.229167 0.682692 0.219828 0.695192 0.205460 0.704808
0 0.000000 0.037500 0.004310 0.037500 0.009339 0.048077 0.006466 0.057692 0.000000 0.064423
0 0.729167 0.998077 0.729167 0.994231 0.739943 0.981731 0.754310 0.989423 0.759339 0.998077
0 0.586207 0.308654 0.580460 0.308654 0.569684 0.298077 0.561063 0.273077 0.562500 0.261538 0.568966 0.254808 0.583333 0.252885 0.590517 0.256731 0.596983 0.265385 0.599856 0.275000 0.599856 0.290385 0.595546 0.300000 0.586207 0.308654
0 0.737069 0.299038 0.727011 0.297115 0.713362 0.278846 0.713362 0.267308 0.720546 0.251923 0.724138 0.247115 0.744253 0.243269 0.758621 0.235577 0.774425 0.239423 0.780891 0.248077 0.779454 0.267308 0.772989 0.275962 0.737069 0.299038
0 0.571839 0.435577 0.553161 0.429808 0.536638 0.407692 0.533764 0.392308 0.538793 0.379808 0.550287 0.375962 0.556034 0.381731 0.562500 0.380769 0.562500 0.386538 0.584052 0.417308 0.582615 0.426923 0.577586 0.433654 0.571839 0.435577
0 0.580460 0.831731 0.571839 0.829808 0.568247 0.825000 0.569684 0.805769 0.571839 0.802885 0.583333 0.800962 0.585489 0.803846 0.584052 0.815385 0.586925 0.823077 0.580460 0.831731
0 0.425287 0.985577 0.413793 0.979808 0.410201 0.975000 0.408764 0.955769 0.413075 0.946154 0.422414 0.935577 0.432471 0.927885 0.439655 0.927885 0.447557 0.940385 0.447557 0.959615 0.436782 0.977885 0.425287 0.985577
0 0.640086 0.000000 0.642960 0.011538 0.640086 0.026923 0.625000 0.049038 0.617816 0.052885 0.609195 0.052885 0.596983 0.040385 0.598420 0.023077 0.608477 0.000000
0 0.053161 0.389423 0.043103 0.389423 0.035201 0.378846 0.035201 0.355769 0.038075 0.348077 0.043103 0.343269 0.048851 0.345192 0.058908 0.354808 0.063218 0.354808 0.066092 0.350962 0.075431 0.365385 0.067529 0.379808 0.053161 0.389423
0 0.313218 0.368269 0.306034 0.368269 0.300287 0.364423 0.278017 0.342308 0.276580 0.326923 0.285920 0.310577 0.304598 0.310577 0.313218 0.316346 0.321121 0.328846 0.321121 0.357692 0.313218 0.368269
0 0.765805 0.387500 0.762213 0.384615 0.760776 0.371154 0.758621 0.368269 0.754310 0.370192 0.745690 0.383654 0.739943 0.383654 0.734914 0.378846 0.730603 0.363462 0.737069 0.350962 0.741379 0.347115 0.747126 0.349038 0.749282 0.346154 0.749282 0.338462 0.753592 0.332692 0.750718 0.326923 0.752874 0.320192 0.757184 0.318269 0.765805 0.325962 0.774425 0.318269 0.778736 0.318269 0.786638 0.326923 0.786638 0.342308 0.776580 0.353846 0.788075 0.363462 0.788075 0.375000 0.781609 0.383654 0.768678 0.383654 0.765805 0.387500
0 0.245690 0.591346 0.237069 0.589423 0.211925 0.569231 0.210489 0.553846 0.216954 0.543269 0.229885 0.535577 0.251437 0.537500 0.272270 0.551923 0.276580 0.563462 0.273707 0.578846 0.265805 0.587500 0.245690 0.591346
0 0.000000 0.472115 0.005747 0.474038 0.015086 0.486538 0.016523 0.492308 0.010776 0.519231 0.005747 0.525962 0.000000 0.525962
0 0.097701 0.462500 0.087644 0.460577 0.079741 0.450000 0.075431 0.436538 0.075431 0.428846 0.079741 0.415385 0.091954 0.402885 0.102011 0.404808 0.112787 0.419231 0.114224 0.428846 0.112787 0.448077 0.107759 0.456731 0.097701 0.462500
0 0.818966 0.895192 0.804598 0.893269 0.796695 0.882692 0.796695 0.875000 0.801006 0.855769 0.811782 0.841346 0.824713 0.837500 0.835489 0.851923 0.835489 0.857692 0.838362 0.861538 0.838362 0.878846 0.833333 0.887500 0.818966 0.895192
0 0.087644 0.314423 0.079741 0.313462 0.079741 0.307692 0.083333 0.300962 0.091236 0.305769 0.087644 0.314423
0 0.974138 0.389423 0.959770 0.387500 0.953305 0.378846 0.951868 0.353846 0.968391 0.329808 0.977011 0.325962 0.983477 0.336538 0.987787 0.365385 0.984914 0.378846 0.974138 0.389423
0 0.594828 0.418269 0.584770 0.418269 0.562500 0.386538 0.561063 0.369231 0.568966 0.354808 0.587644 0.352885 0.596983 0.361538 0.599856 0.409615 0.594828 0.418269
0 0.988506 0.704808 0.971264 0.700962 0.961925 0.686538 0.956178 0.667308 0.956178 0.653846 0.961207 0.647115 0.966954 0.643269 0.982759 0.643269 0.989224 0.650000 0.992098 0.700000 0.988506 0.704808
0 0.954741 0.998077 0.950431 0.984615 0.950431 0.973077 0.955460 0.966346 0.965517 0.960577 0.972701 0.962500 0.987787 0.978846 0.987787 0.994231 0.984914 0.998077
0 0.761494 0.985577 0.750000 0.975962 0.739224 0.959615 0.740661 0.942308 0.751437 0.927885 0.758621 0.925962 0.777299 0.929808 0.788075 0.944231 0.790948 0.951923 0.789511 0.967308 0.781609 0.977885 0.775862 0.981731 0.764368 0.981731 0.761494 0.985577
0 0.660920 0.741346 0.650862 0.737500 0.642960 0.725000 0.637213 0.703846 0.637213 0.688462 0.650862 0.670192 0.670977 0.666346 0.680316 0.676923 0.681753 0.694231 0.671695 0.728846 0.660920 0.741346
0 0.334052 0.998077 0.336207 0.993269 0.346264 0.987500 0.354885 0.989423 0.359914 0.998077
0 0.202586 0.629808 0.195402 0.629808 0.191810 0.625000 0.191810 0.613462 0.196121 0.600000 0.196121 0.592308 0.208333 0.579808 0.222701 0.583654 0.226293 0.588462 0.224856 0.596154 0.229167 0.603846 0.227730 0.615385 0.218391 0.625962 0.202586 0.629808
0 0.553161 0.356731 0.538793 0.356731 0.519397 0.338462 0.519397 0.328846 0.527299 0.314423 0.534483 0.310577 0.543103 0.310577 0.550287 0.314423 0.562500 0.328846 0.562500 0.346154 0.553161 0.356731
0 0.643678 0.164423 0.630747 0.162500 0.619971 0.148077 0.612787 0.128846 0.612787 0.119231 0.619971 0.100000 0.629310 0.089423 0.636494 0.089423 0.642241 0.093269 0.654454 0.115385 0.654454 0.144231 0.648707 0.159615 0.643678 0.164423
0 0.653736 0.981731 0.646552 0.981731 0.642960 0.976923 0.642960 0.919231 0.655172 0.910577 0.665230 0.910577 0.676724 0.931731 0.689655 0.931731 0.694684 0.938462 0.693247 0.951923 0.686782 0.964423 0.670977 0.975962 0.653736 0.981731
0 0.929598 0.850962 0.919540 0.849038 0.912356 0.843269 0.900144 0.825000 0.895833 0.809615 0.898707 0.794231 0.905172 0.785577 0.916667 0.777885 0.920977 0.777885 0.931034 0.785577 0.941810 0.801923 0.946121 0.815385 0.947557 0.828846 0.941810 0.834615 0.941810 0.842308 0.929598 0.850962
0 0.104885 0.281731 0.090517 0.277885 0.073994 0.261538 0.066810 0.242308 0.065374 0.226923 0.067529 0.224038 0.079023 0.222115 0.104167 0.248077 0.111351 0.267308 0.109914 0.275000 0.104885 0.281731
0 0.729885 0.775962 0.722701 0.774038 0.712644 0.760577 0.698994 0.750000 0.696121 0.734615 0.704023 0.718269 0.709770 0.714423 0.722701 0.716346 0.728448 0.720192 0.740661 0.740385 0.743534 0.757692 0.740661 0.765385 0.729885 0.775962
0 0.219828 0.818269 0.212644 0.814423 0.207615 0.803846 0.207615 0.773077 0.197557 0.759615 0.196121 0.753846 0.196121 0.748077 0.201149 0.741346 0.219828 0.739423 0.227730 0.748077 0.230603 0.755769 0.233477 0.786538 0.232040 0.800000 0.230603 0.805769 0.219828 0.818269
0 0.998563 0.449038 0.995690 0.449038 0.991379 0.441346 0.983477 0.434615 0.983477 0.421154 0.991379 0.410577 0.998563 0.410577
0 0.455460 0.547115 0.443966 0.547115 0.428161 0.537500 0.420259 0.526923 0.418822 0.505769 0.428161 0.491346 0.442529 0.491346 0.456178 0.507692 0.460489 0.526923 0.460489 0.540385 0.455460 0.547115
0 0.191092 0.214423 0.182471 0.212500 0.174569 0.201923 0.173132 0.188462 0.184626 0.163462 0.184626 0.151923 0.188218 0.147115 0.195402 0.147115 0.199713 0.150962 0.207615 0.151923 0.210489 0.169231 0.219109 0.186538 0.205460 0.206731 0.191092 0.214423
0 0.974138 0.116346 0.961207 0.116346 0.956178 0.109615 0.956178 0.098077 0.960489 0.092308 0.960489 0.076923 0.957615 0.069231 0.947557 0.057692 0.946121 0.050000 0.947557 0.040385 0.955460 0.031731 0.969828 0.035577 0.976293 0.044231 0.979167 0.053846 0.979167 0.103846 0.974138 0.116346
0 0.402299 0.345192 0.390805 0.345192 0.370690 0.329808 0.364224 0.321154 0.362787 0.309615 0.372845 0.298077 0.372845 0.294231 0.377874 0.287500 0.395115 0.289423 0.397989 0.285577 0.410201 0.292308 0.410201 0.300000 0.414511 0.309615 0.414511 0.326923 0.411638 0.338462 0.402299 0.345192
0 0.545977 0.543269 0.534483 0.541346 0.517960 0.523077 0.513649 0.513462 0.513649 0.501923 0.520115 0.493269 0.531609 0.491346 0.540230 0.495192 0.544540 0.491346 0.553161 0.495192 0.556753 0.500000 0.559626 0.511538 0.558190 0.526923 0.545977 0.543269
0 0.918103 0.375962 0.901580 0.361538 0.901580 0.355769 0.905172 0.350962 0.915230 0.350962 0.924569 0.361538 0.924569 0.369231 0.918103 0.375962
0 0.100575 0.093269 0.089080 0.089423 0.082615 0.080769 0.082615 0.067308 0.065374 0.051923 0.063937 0.040385 0.067529 0.033654 0.073276 0.033654 0.081897 0.027885 0.099138 0.031731 0.101293 0.038462 0.114224 0.055769 0.115661 0.069231 0.107040 0.082692 0.107040 0.086538 0.100575 0.093269
0 0.772989 0.845192 0.767241 0.843269 0.762213 0.834615 0.762213 0.817308 0.755029 0.807692 0.755029 0.792308 0.762931 0.779808 0.778736 0.775962 0.788075 0.786538 0.790948 0.805769 0.786638 0.825000 0.772989 0.845192
0 0.216954 0.508654 0.202586 0.504808 0.193247 0.490385 0.191810 0.473077 0.196839 0.462500 0.204023 0.460577 0.211925 0.469231 0.213362 0.478846 0.220546 0.496154 0.220546 0.501923 0.216954 0.508654
0 0.239943 0.212500 0.234195 0.212500 0.226293 0.203846 0.223420 0.192308 0.210489 0.169231 0.210489 0.161538 0.207615 0.157692 0.209052 0.134615 0.216954 0.125962 0.224856 0.130769 0.227730 0.146154 0.243534 0.180769 0.244971 0.205769 0.239943 0.212500
0 0.054598 0.249038 0.047414 0.247115 0.020833 0.215385 0.017960 0.207692 0.017960 0.198077 0.025862 0.187500 0.037356 0.187500 0.050287 0.195192 0.055316 0.201923 0.059626 0.213462 0.059626 0.221154 0.066810 0.228846 0.066810 0.240385 0.054598 0.249038
0 0.668103 0.847115 0.656609 0.847115 0.647270 0.836538 0.647270 0.819231 0.653017 0.803846 0.660920 0.795192 0.673851 0.799038 0.683190 0.819231 0.683190 0.830769 0.680316 0.840385 0.668103 0.847115
0 0.633621 0.870192 0.613506 0.870192 0.609195 0.868269 0.601293 0.857692 0.599856 0.840385 0.609195 0.825962 0.623563 0.824038 0.634339 0.834615 0.640086 0.846154 0.641523 0.861538 0.637931 0.868269 0.633621 0.870192
0 0.287356 0.085577 0.271552 0.079808 0.265805 0.074038 0.260776 0.063462 0.260776 0.055769 0.270833 0.026923 0.275862 0.020192 0.285920 0.012500 0.300287 0.012500 0.311063 0.023077 0.313937 0.032692 0.313937 0.044231 0.309626 0.055769 0.309626 0.065385 0.303879 0.076923 0.298851 0.081731 0.287356 0.085577
