0 0.461207 0.845192 0.454023 0.845192 0.448276 0.839423 0.436063 0.821154 0.434626 0.809615 0.441092 0.799038 0.458333 0.791346 0.465517 0.783654 0.472701 0.783654 0.477730 0.792308 0.477730 0.809615 0.467672 0.836538 0.461207 0.845192
0 0.036638 0.000000 0.042385 0.019231 0.039511 0.032692 0.030172 0.045192 0.021552 0.050962 0.008621 0.050962 0.000000 0.041346
0 0.772270 0.998077 0.770833 0.984615 0.773707 0.975000 0.787356 0.960577 0.804598 0.960577 0.812500 0.969231 0.813937 0.994231 0.811063 0.998077
0 0.956897 0.218269 0.949713 0.218269 0.943966 0.214423 0.930316 0.192308 0.928879 0.173077 0.931753 0.163462 0.936782 0.156731 0.946839 0.158654 0.966236 0.184615 0.967672 0.196154 0.964799 0.209615 0.956897 0.218269
0 0.583333 0.952885 0.570402 0.950962 0.563937 0.938462 0.561063 0.892308 0.562500 0.884615 0.568966 0.874038 0.576149 0.874038 0.581897 0.877885 0.589799 0.888462 0.599856 0.917308 0.598420 0.936538 0.583333 0.952885
0 0.464080 0.612500 0.443966 0.610577 0.433190 0.600000 0.426006 0.588462 0.426006 0.578846 0.433908 0.564423 0.466954 0.564423 0.479167 0.578846 0.479167 0.601923 0.475575 0.606731 0.464080 0.612500
0 0.270115 0.935577 0.260057 0.935577 0.244971 0.915385 0.244971 0.894231 0.249282 0.888462 0.249282 0.884615 0.255747 0.877885 0.265805 0.883654 0.282328 0.905769 0.276580 0.925000 0.270115 0.935577
0 0.545977 0.591346 0.537356 0.591346 0.533764 0.586538 0.530891 0.575000 0.535201 0.561538 0.536638 0.542308 0.541667 0.535577 0.556034 0.533654 0.566810 0.544231 0.565374 0.563462 0.545977 0.591346
0 0.150862 0.675962 0.142241 0.675962 0.139368 0.672115 0.126437 0.672115 0.118534 0.665385 0.121408 0.638462 0.129310 0.627885 0.139368 0.625962 0.146552 0.629808 0.165948 0.653846 0.167385 0.663462 0.162356 0.670192 0.150862 0.675962
0 0.731322 0.566346 0.715517 0.564423 0.710489 0.557692 0.710489 0.550000 0.719828 0.539423 0.729885 0.535577 0.751437 0.520192 0.760057 0.520192 0.766523 0.526923 0.767960 0.538462 0.757184 0.554808 0.731322 0.566346
0 0.754310 0.504808 0.737069 0.500962 0.732040 0.490385 0.732040 0.484615 0.737069 0.474038 0.755747 0.462500 0.760057 0.462500 0.782328 0.484615 0.772989 0.497115 0.764368 0.502885 0.754310 0.504808
0 0.286638 0.000000 0.281609 0.008654 0.268678 0.014423 0.258621 0.012500 0.250718 0.000000
0 0.602011 0.549038 0.597701 0.539423 0.583333 0.539423 0.576868 0.536538 0.575431 0.521154 0.584052 0.509615 0.584052 0.501923 0.591954 0.495192 0.603448 0.497115 0.612787 0.505769 0.612787 0.515385 0.604167 0.530769 0.604167 0.546154 0.602011 0.549038
0 0.864943 0.504808 0.836207 0.502885 0.826868 0.486538 0.826868 0.475000 0.829741 0.467308 0.841954 0.454808 0.856322 0.449038 0.869253 0.450962 0.885057 0.458654 0.891523 0.469231 0.890086 0.488462 0.880747 0.499038 0.864943 0.504808
0 0.691092 0.506731 0.684626 0.501923 0.684626 0.473077 0.677443 0.467308 0.680316 0.459615 0.689655 0.450962 0.696121 0.455769 0.697557 0.476923 0.701868 0.482692 0.700431 0.498077 0.691092 0.506731
0 0.000000 0.347115 0.004310 0.343269 0.017241 0.345192 0.023707 0.353846 0.028017 0.367308 0.028017 0.388462 0.025144 0.396154 0.010057 0.410577 0.000000 0.414423
0 0.511494 0.279808 0.500000 0.279808 0.482759 0.268269 0.470546 0.250000 0.471983 0.232692 0.478448 0.225962 0.495690 0.224038 0.504310 0.227885 0.524425 0.249038 0.535201 0.253846 0.536638 0.267308 0.534483 0.270192 0.515805 0.272115 0.511494 0.279808
0 0.484195 0.452885 0.464080 0.450962 0.459052 0.444231 0.460489 0.426923 0.477011 0.410577 0.502874 0.408654 0.506466 0.415385 0.505029 0.423077 0.507902 0.428846 0.500000 0.441346 0.491379 0.445192 0.484195 0.452885
0 0.067529 0.293269 0.057471 0.293269 0.049569 0.282692 0.042385 0.263462 0.042385 0.251923 0.046695 0.240385 0.051724 0.235577 0.058908 0.235577 0.066092 0.243269 0.071121 0.244231 0.073994 0.259615 0.073994 0.284615 0.067529 0.293269
0 0.579023 0.768269 0.567529 0.768269 0.563937 0.763462 0.563937 0.750000 0.583333 0.724038 0.596264 0.716346 0.604167 0.725000 0.604167 0.738462 0.593391 0.758654 0.579023 0.768269
0 0.419540 0.658654 0.405172 0.656731 0.403017 0.653846 0.403017 0.640385 0.408764 0.632692 0.411638 0.615385 0.418103 0.608654 0.426724 0.606731 0.437500 0.617308 0.440374 0.636538 0.429598 0.656731 0.419540 0.658654
0 0.452586 0.333654 0.441092 0.331731 0.428879 0.311538 0.426006 0.300000 0.427443 0.276923 0.431753 0.265385 0.439655 0.254808 0.445402 0.254808 0.449713 0.258654 0.454741 0.275000 0.459052 0.325000 0.452586 0.333654
0 0.538793 0.539423 0.531609 0.527885 0.520833 0.519231 0.519397 0.511538 0.528017 0.490385 0.535920 0.481731 0.540948 0.484615 0.542385 0.492308 0.547414 0.499038 0.563218 0.500962 0.569684 0.507692 0.569684 0.517308 0.564655 0.524038 0.556034 0.527885 0.553161 0.533654 0.541667 0.535577 0.538793 0.539423
0 0.922414 0.445192 0.906609 0.441346 0.895833 0.425000 0.892960 0.407692 0.894397 0.398077 0.899425 0.389423 0.919540 0.387500 0.923851 0.389423 0.936063 0.405769 0.934626 0.419231 0.937500 0.426923 0.928161 0.441346 0.922414 0.445192
0 0.824713 0.354808 0.811782 0.354808 0.797414 0.347115 0.793103 0.341346 0.787356 0.343269 0.785201 0.334615 0.789511 0.319231 0.783764 0.313462 0.783764 0.309615 0.793103 0.304808 0.806034 0.304808 0.826149 0.316346 0.834052 0.328846 0.835489 0.344231 0.824713 0.354808
0 0.000000 0.141346 0.008621 0.133654 0.022989 0.129808 0.030172 0.133654 0.036638 0.146154 0.036638 0.163462 0.024425 0.181731 0.000000 0.193269
0 0.405172 0.272115 0.399425 0.270192 0.394397 0.261538 0.394397 0.240385 0.398707 0.217308 0.415230 0.193269 0.426724 0.193269 0.436063 0.207692 0.434626 0.219231 0.428879 0.228846 0.428879 0.238462 0.420259 0.248077 0.417385 0.261538 0.412356 0.268269 0.405172 0.272115
0 0.512931 0.502885 0.508621 0.502885 0.499282 0.492308 0.497845 0.473077 0.492098 0.465385 0.490661 0.450000 0.502155 0.438462 0.510057 0.424038 0.512931 0.424038 0.519397 0.436538 0.519397 0.442308 0.513649 0.451923 0.513649 0.467308 0.523707 0.480769 0.523707 0.490385 0.512931 0.502885
0 0.000000 0.618269 0.002874 0.618269 0.007902 0.625000 0.007902 0.640385 0.000000 0.652885
0 0.734195 0.697115 0.721983 0.680769 0.720546 0.675000 0.723420 0.657692 0.731322 0.647115 0.745690 0.639423 0.758621 0.639423 0.773707 0.651923 0.773707 0.665385 0.764368 0.683654 0.752874 0.693269 0.737069 0.693269 0.734195 0.697115
0 0.968391 0.662500 0.961207 0.662500 0.951868 0.653846 0.947557 0.636538 0.947557 0.625000 0.948994 0.619231 0.965517 0.595192 0.975575 0.589423 0.981322 0.589423 0.993534 0.600000 0.996408 0.617308 0.993534 0.628846 0.984914 0.646154 0.977011 0.656731 0.968391 0.662500
0 0.290230 0.408654 0.281609 0.406731 0.276580 0.400000 0.267960 0.373077 0.267960 0.355769 0.271552 0.349038 0.277299 0.345192 0.290230 0.347115 0.296695 0.355769 0.302443 0.371154 0.302443 0.386538 0.295259 0.403846 0.290230 0.408654
0 0.109195 0.458654 0.099138 0.456731 0.089080 0.449038 0.069684 0.421154 0.066810 0.405769 0.072557 0.390385 0.079023 0.383654 0.096264 0.385577 0.105603 0.394231 0.108477 0.403846 0.108477 0.419231 0.118534 0.440385 0.117098 0.450000 0.109195 0.458654
0 0.998563 0.166346 0.985632 0.164423 0.982040 0.159615 0.980603 0.150000 0.982040 0.123077 0.992098 0.098077 0.998563 0.091346
0 0.360632 0.522115 0.340517 0.520192 0.335489 0.511538 0.335489 0.501923 0.338362 0.496154 0.353448 0.477885 0.366379 0.468269 0.385057 0.466346 0.390805 0.470192 0.395833 0.478846 0.395833 0.488462 0.398707 0.492308 0.394397 0.500000 0.379310 0.520192 0.372126 0.516346 0.360632 0.522115
0 0.097701 0.179808 0.087644 0.177885 0.081178 0.171154 0.081178 0.167308 0.082615 0.157692 0.086925 0.150000 0.097701 0.139423 0.117816 0.127885 0.129310 0.125962 0.132184 0.122115 0.145115 0.122115 0.153017 0.130769 0.153017 0.142308 0.147989 0.149038 0.129310 0.158654 0.104885 0.177885 0.097701 0.179808
0 0.132902 0.998077 0.131466 0.980769 0.135776 0.965385 0.145115 0.947115 0.156609 0.945192 0.164511 0.955769 0.161638 0.971154 0.165948 0.976923 0.165948 0.984615 0.153017 0.998077
0 0.063937 0.998077 0.058190 0.984615 0.056753 0.967308 0.059626 0.951923 0.070402 0.941346 0.079023 0.943269 0.085489 0.953846 0.089799 0.975000 0.089799 0.992308 0.086925 0.998077
0 0.293103 0.975962 0.287356 0.975962 0.281609 0.970192 0.271552 0.968269 0.265086 0.959615 0.278736 0.929808 0.288793 0.929808 0.308190 0.955769 0.306034 0.970192 0.303161 0.974038 0.293103 0.975962
0 0.172414 0.574038 0.153736 0.574038 0.142241 0.570192 0.133621 0.562500 0.128592 0.551923 0.128592 0.540385 0.131466 0.532692 0.145115 0.520192 0.155172 0.518269 0.168103 0.522115 0.183908 0.531731 0.190374 0.540385 0.190374 0.555769 0.182471 0.566346 0.172414 0.574038
0 0.550287 0.645192 0.533046 0.645192 0.523707 0.634615 0.520833 0.615385 0.523707 0.605769 0.531609 0.597115 0.544540 0.597115 0.554598 0.604808 0.563218 0.606731 0.568247 0.613462 0.569684 0.623077 0.565374 0.632692 0.550287 0.645192
0 0.280172 0.554808 0.264368 0.552885 0.257902 0.546154 0.256466 0.534615 0.260776 0.523077 0.269397 0.513462 0.278736 0.497115 0.283046 0.493269 0.293103 0.493269 0.301006 0.503846 0.301006 0.517308 0.292385 0.542308 0.280172 0.554808
0 0.326149 0.295192 0.316092 0.293269 0.308190 0.284615 0.303879 0.261538 0.305316 0.246154 0.312500 0.226923 0.320402 0.216346 0.329023 0.212500 0.337644 0.216346 0.341236 0.221154 0.345546 0.255769 0.344109 0.273077 0.341236 0.280769 0.336207 0.289423 0.326149 0.295192
0 0.495690 0.949038 0.485632 0.941346 0.465517 0.935577 0.454741 0.925000 0.451868 0.911538 0.461207 0.895192 0.485632 0.895192 0.497845 0.909615 0.502155 0.938462 0.500718 0.944231 0.495690 0.949038
0 0.833333 0.579808 0.818966 0.579808 0.808908 0.574038 0.802443 0.563462 0.805316 0.551923 0.821839 0.533654 0.831897 0.529808 0.837644 0.524038 0.847701 0.520192 0.856322 0.520192 0.863506 0.524038 0.871408 0.536538 0.871408 0.546154 0.868534 0.553846 0.856322 0.568269 0.833333 0.579808
0 0.357759 0.997115 0.352011 0.993269 0.340517 0.997115 0.329741 0.986538 0.331178 0.961538 0.334052 0.950000 0.339080 0.943269 0.354885 0.939423 0.362787 0.953846 0.365661 0.967308 0.365661 0.984615 0.357759 0.997115
0 0.224856 0.998077 0.226293 0.982692 0.236351 0.965385 0.237787 0.957692 0.251437 0.947115 0.262931 0.947115 0.267960 0.951923 0.265086 0.959615 0.270833 0.965385 0.270833 0.969231 0.247845 0.998077
0 0.887931 0.316346 0.870690 0.314423 0.859914 0.301923 0.855603 0.282692 0.863506 0.270192 0.870690 0.268269 0.882184 0.272115 0.895115 0.279808 0.900144 0.286538 0.900144 0.303846 0.892241 0.314423 0.887931 0.316346
0 0.277299 0.699038 0.260057 0.693269 0.228448 0.675962 0.221983 0.663462 0.221983 0.650000 0.224856 0.642308 0.237069 0.629808 0.247126 0.627885 0.255747 0.633654 0.271552 0.652885 0.287356 0.660577 0.293822 0.673077 0.293822 0.686538 0.288793 0.693269 0.277299 0.699038
0 0.971264 0.070192 0.962644 0.068269 0.947557 0.048077 0.943247 0.026923 0.948276 0.020192 0.974138 0.018269 0.979167 0.023077 0.980603 0.038462 0.977730 0.048077 0.977730 0.063462 0.971264 0.070192
0 0.998563 0.308654 0.992816 0.314423 0.984195 0.314423 0.980603 0.309615 0.980603 0.300000 0.987787 0.278846 0.994971 0.261538 0.998563 0.258654
0 0.530172 0.558654 0.522989 0.558654 0.512213 0.544231 0.510776 0.532692 0.520115 0.520192 0.531609 0.527885 0.538075 0.540385 0.535201 0.555769 0.530172 0.558654
0 0.652299 0.877885 0.635057 0.875962 0.627155 0.863462 0.627155 0.846154 0.630029 0.838462 0.639368 0.827885 0.646552 0.824038 0.655172 0.824038 0.665230 0.829808 0.670259 0.840385 0.670259 0.855769 0.667385 0.863462 0.659483 0.874038 0.652299 0.877885
0 0.080460 0.777885 0.073276 0.777885 0.063937 0.767308 0.062500 0.753846 0.068247 0.730769 0.077586 0.714423 0.090517 0.700962 0.107759 0.700962 0.114224 0.713462 0.112787 0.740385 0.107040 0.753846 0.093391 0.770192 0.080460 0.777885
0 0.380747 0.958654 0.370690 0.958654 0.364224 0.950000 0.359914 0.932692 0.359914 0.917308 0.362787 0.903846 0.367816 0.897115 0.373563 0.895192 0.380747 0.899038 0.391523 0.913462 0.392960 0.923077 0.392960 0.944231 0.387931 0.952885 0.380747 0.958654
0 0.998563 0.479808 0.965517 0.499038 0.955460 0.499038 0.950431 0.494231 0.946121 0.475000 0.947557 0.465385 0.954023 0.454808 0.978448 0.441346 0.985632 0.441346 0.998563 0.454808
0 0.487069 0.687500 0.479885 0.685577 0.476293 0.680769 0.467672 0.655769 0.467672 0.642308 0.470546 0.634615 0.478448 0.627885 0.487787 0.636538 0.489224 0.646154 0.492816 0.650962 0.497126 0.650962 0.500718 0.659615 0.496408 0.676923 0.487069 0.687500
0 0.428879 0.000000 0.437500 0.013462 0.436063 0.025000 0.429598 0.031731 0.413793 0.031731 0.392241 0.020192 0.388649 0.015385 0.384339 0.000000
0 0.715517 0.495192 0.711207 0.495192 0.704741 0.484615 0.704741 0.480769 0.709052 0.473077 0.709052 0.465385 0.714080 0.458654 0.721264 0.458654 0.727730 0.467308 0.727730 0.478846 0.715517 0.495192
0 0.237069 0.154808 0.224138 0.152885 0.219109 0.144231 0.220546 0.134615 0.234195 0.120192 0.250000 0.112500 0.267241 0.112500 0.274425 0.116346 0.280891 0.126923 0.280891 0.136538 0.271552 0.149038 0.245690 0.150962 0.237069 0.154808
0 0.218391 0.887500 0.208333 0.883654 0.203305 0.875000 0.203305 0.859615 0.210489 0.840385 0.224138 0.825962 0.237069 0.822115 0.247126 0.825962 0.252155 0.832692 0.253592 0.842308 0.246408 0.863462 0.231322 0.881731 0.218391 0.887500
0 0.565374 0.000000 0.563937 0.023077 0.556034 0.033654 0.547414 0.033654 0.538075 0.025000 0.539511 0.000000
0 0.988506 0.775962 0.979885 0.775962 0.971264 0.770192 0.959770 0.768269 0.953305 0.759615 0.953305 0.744231 0.957615 0.728846 0.965517 0.716346 0.981322 0.718269 0.996408 0.746154 0.997845 0.765385 0.988506 0.775962
0 0.286638 0.998077 0.291667 0.991346 0.300287 0.993269 0.302443 0.998077
0 0.094828 0.647115 0.086207 0.647115 0.080460 0.643269 0.073994 0.634615 0.071121 0.625000 0.071121 0.601923 0.074713 0.595192 0.083333 0.589423 0.102011 0.593269 0.108477 0.605769 0.108477 0.617308 0.104167 0.634615 0.094828 0.647115
0 0.341954 0.877885 0.330460 0.877885 0.323994 0.857692 0.328305 0.846154 0.334770 0.837500 0.349138 0.833654 0.357040 0.842308 0.358477 0.853846 0.355603 0.861538 0.341954 0.877885
0 0.665230 0.722115 0.653736 0.722115 0.650144 0.715385 0.648707 0.701923 0.655891 0.678846 0.663793 0.668269 0.675287 0.664423 0.683190 0.675000 0.683190 0.698077 0.665230 0.722115
0 0.783046 0.162500 0.765805 0.160577 0.756466 0.150000 0.750718 0.134615 0.752155 0.117308 0.760057 0.108654 0.775862 0.100962 0.793103 0.102885 0.803161 0.110577 0.808190 0.121154 0.808190 0.132692 0.802443 0.146154 0.788793 0.160577 0.783046 0.162500
0 0.137931 0.250962 0.127874 0.250962 0.122126 0.247115 0.118534 0.234615 0.119971 0.226923 0.132184 0.208654 0.147989 0.199038 0.166667 0.195192 0.178161 0.197115 0.186063 0.203846 0.181753 0.221154 0.173851 0.231731 0.137931 0.250962
0 0.962644 0.131731 0.946839 0.129808 0.940374 0.119231 0.940374 0.078846 0.941810 0.073077 0.948276 0.066346 0.958333 0.068269 0.967672 0.084615 0.967672 0.096154 0.971983 0.105769 0.971983 0.115385 0.969109 0.125000 0.962644 0.131731
0 0.421695 0.998077 0.421695 0.975000 0.432471 0.966346 0.439655 0.966346 0.443966 0.970192 0.456178 0.986538 0.459052 0.998077
0 0.158046 0.397115 0.149425 0.395192 0.144397 0.388462 0.142960 0.371154 0.168103 0.341346 0.173851 0.337500 0.185345 0.337500 0.188937 0.344231 0.188937 0.357692 0.177443 0.376923 0.176006 0.386538 0.172414 0.391346 0.158046 0.397115
0 0.793103 0.768269 0.781609 0.766346 0.757184 0.752885 0.750718 0.742308 0.752155 0.730769 0.758621 0.722115 0.777299 0.718269 0.790230 0.710577 0.803161 0.714423 0.811063 0.725000 0.812500 0.746154 0.806034 0.760577 0.800287 0.766346 0.793103 0.768269
0 0.352011 0.749038 0.337644 0.743269 0.331178 0.734615 0.323994 0.713462 0.322557 0.692308 0.333333 0.681731 0.339080 0.681731 0.346264 0.687500 0.361351 0.717308 0.362787 0.734615 0.352011 0.749038
0 0.882184 0.254808 0.849138 0.249038 0.844109 0.238462 0.844109 0.223077 0.853448 0.212500 0.869253 0.200962 0.876437 0.199038 0.887931 0.202885 0.894397 0.213462 0.895833 0.228846 0.892960 0.246154 0.882184 0.254808
0 0.221264 0.516346 0.196839 0.514423 0.193247 0.505769 0.196121 0.490385 0.208333 0.479808 0.216954 0.481731 0.226293 0.494231 0.226293 0.509615 0.221264 0.516346
0 0.658046 0.622115 0.650862 0.620192 0.644397 0.611538 0.644397 0.594231 0.655172 0.581731 0.668103 0.587500 0.671695 0.601923 0.671695 0.609615 0.658046 0.622115
0 0.692529 0.931731 0.681034 0.929808 0.676006 0.923077 0.676006 0.917308 0.664511 0.903846 0.663075 0.898077 0.664511 0.880769 0.667385 0.873077 0.676724 0.862500 0.686782 0.862500 0.692529 0.866346 0.701868 0.886538 0.716954 0.899038 0.720546 0.905769 0.716954 0.916346 0.692529 0.931731
0 0.727730 0.000000 0.730603 0.011538 0.729167 0.028846 0.721983 0.046154 0.711207 0.054808 0.706897 0.054808 0.700431 0.046154 0.697557 0.034615 0.698994 0.015385 0.704741 0.000000
0 0.916667 0.610577 0.900862 0.604808 0.897270 0.600000 0.895833 0.592308 0.895833 0.575000 0.900144 0.563462 0.910920 0.554808 0.933908 0.562500 0.939655 0.566346 0.946121 0.576923 0.946121 0.590385 0.939655 0.600962 0.926724 0.608654 0.916667 0.610577
0 0.662356 0.277885 0.650862 0.277885 0.643678 0.272115 0.638649 0.263462 0.638649 0.253846 0.658046 0.227885 0.668103 0.222115 0.678161 0.222115 0.688937 0.232692 0.688937 0.248077 0.675287 0.270192 0.662356 0.277885
0 0.524425 0.249038 0.510776 0.234615 0.512213 0.223077 0.521552 0.210577 0.531609 0.210577 0.535920 0.206731 0.545977 0.208654 0.551006 0.215385 0.548132 0.228846 0.538793 0.241346 0.534483 0.241346 0.524425 0.249038
0 0.683908 0.574038 0.675287 0.574038 0.665948 0.565385 0.664511 0.555769 0.667385 0.548077 0.673851 0.541346 0.686782 0.539423 0.688937 0.542308 0.688937 0.567308 0.683908 0.574038
0 0.211207 0.297115 0.195402 0.297115 0.188937 0.288462 0.191810 0.273077 0.229885 0.224038 0.241379 0.224038 0.244971 0.228846 0.246408 0.236538 0.246408 0.248077 0.242098 0.265385 0.228448 0.285577 0.211207 0.297115
0 0.214080 0.991346 0.205460 0.991346 0.202586 0.987500 0.192529 0.987500 0.186782 0.983654 0.180316 0.971154 0.180316 0.955769 0.189655 0.945192 0.198276 0.945192 0.215517 0.956731 0.221983 0.967308 0.223420 0.980769 0.214080 0.991346
0 0.685345 0.420192 0.669540 0.416346 0.658764 0.403846 0.653017 0.390385 0.653017 0.367308 0.655891 0.359615 0.663793 0.350962 0.683908 0.349038 0.695402 0.352885 0.705460 0.360577 0.717672 0.380769 0.717672 0.398077 0.711207 0.414423 0.705460 0.412500 0.685345 0.420192
0 0.416667 0.706731 0.405172 0.706731 0.400144 0.698077 0.401580 0.661538 0.405172 0.656731 0.415230 0.656731 0.419540 0.664423 0.428161 0.668269 0.433190 0.675000 0.433190 0.684615 0.436063 0.688462 0.434626 0.694231 0.416667 0.706731
0 0.446839 0.899038 0.438218 0.899038 0.427443 0.894231 0.426006 0.880769 0.423132 0.875000 0.423132 0.863462 0.425287 0.860577 0.441092 0.860577 0.446839 0.856731 0.454023 0.856731 0.461925 0.865385 0.461925 0.884615 0.446839 0.899038
0 0.903736 0.681731 0.897989 0.681731 0.895833 0.678846 0.895833 0.665385 0.908764 0.650000 0.914511 0.625000 0.923851 0.614423 0.932471 0.614423 0.937500 0.623077 0.937500 0.650000 0.930316 0.671154 0.918103 0.672115 0.903736 0.681731
0 0.000000 0.933654 0.005747 0.937500 0.013649 0.948077 0.015086 0.953846 0.015086 0.969231 0.012213 0.976923 0.004310 0.989423 0.000000 0.991346
0 0.094828 0.129808 0.083333 0.129808 0.078305 0.123077 0.078305 0.105769 0.081178 0.098077 0.094828 0.077885 0.106322 0.072115 0.123563 0.074038 0.128592 0.082692 0.128592 0.090385 0.119971 0.111538 0.107759 0.124038 0.094828 0.129808
0 0.385057 0.708654 0.373563 0.706731 0.367098 0.698077 0.362787 0.684615 0.364224 0.669231 0.375000 0.658654 0.387931 0.660577 0.394397 0.671154 0.395833 0.692308 0.385057 0.708654
0 0.028736 0.475962 0.018678 0.474038 0.010776 0.465385 0.010776 0.455769 0.025862 0.433654 0.033046 0.429808 0.041667 0.429808 0.057471 0.439423 0.063937 0.448077 0.065374 0.461538 0.060345 0.468269 0.053161 0.472115 0.028736 0.475962
0 0.448276 0.691346 0.435345 0.687500 0.433190 0.684615 0.433190 0.675000 0.430316 0.671154 0.431753 0.650000 0.443966 0.631731 0.449713 0.631731 0.459052 0.644231 0.460489 0.653846 0.457615 0.676923 0.448276 0.691346
0 0.873563 0.131731 0.859195 0.129808 0.854167 0.119231 0.854167 0.109615 0.865661 0.078846 0.876437 0.068269 0.880747 0.068269 0.887213 0.075000 0.891523 0.101923 0.890086 0.109615 0.881466 0.125000 0.873563 0.131731
0 0.617816 0.629808 0.610632 0.629808 0.608477 0.626923 0.599856 0.611538 0.598420 0.596154 0.610632 0.574038 0.629310 0.568269 0.635776 0.578846 0.635776 0.586538 0.622845 0.605769 0.621408 0.623077 0.617816 0.629808
0 0.179598 0.820192 0.160920 0.818269 0.152299 0.812500 0.145833 0.803846 0.147270 0.786538 0.158046 0.772115 0.162356 0.770192 0.166667 0.760577 0.186782 0.764423 0.194684 0.775000 0.197557 0.798077 0.186782 0.816346 0.179598 0.820192
0 0.841954 0.852885 0.827586 0.850962 0.821839 0.847115 0.815374 0.836538 0.815374 0.821154 0.825431 0.809615 0.826868 0.801923 0.834770 0.795192 0.849138 0.795192 0.860632 0.800962 0.871408 0.811538 0.874282 0.821154 0.872845 0.836538 0.866379 0.845192 0.841954 0.852885
0 0.524425 0.745192 0.517241 0.743269 0.509339 0.732692 0.513649 0.709615 0.520115 0.699038 0.540230 0.699038 0.542385 0.701923 0.542385 0.711538 0.546695 0.719231 0.545259 0.730769 0.540230 0.737500 0.524425 0.745192
0 0.517241 0.366346 0.504310 0.360577 0.496408 0.346154 0.496408 0.309615 0.501437 0.297115 0.512931 0.300962 0.517960 0.307692 0.525144 0.326923 0.525144 0.340385 0.520833 0.348077 0.520833 0.357692 0.517241 0.366346
0 0.530172 0.947115 0.521552 0.947115 0.515086 0.940385 0.510776 0.925000 0.510776 0.905769 0.532328 0.867308 0.535920 0.862500 0.541667 0.860577 0.546695 0.867308 0.545259 0.901923 0.539511 0.932692 0.530172 0.947115
0 0.613506 0.297115 0.596264 0.297115 0.590517 0.289423 0.579023 0.289423 0.575431 0.284615 0.575431 0.267308 0.586207 0.256731 0.599138 0.252885 0.610632 0.252885 0.617816 0.256731 0.625718 0.269231 0.625718 0.278846 0.621408 0.288462 0.613506 0.297115
0 0.385057 0.433654 0.379310 0.433654 0.367816 0.425962 0.362787 0.417308 0.362787 0.405769 0.378592 0.373077 0.386494 0.366346 0.393678 0.364423 0.401580 0.373077 0.404454 0.382692 0.404454 0.409615 0.396552 0.427885 0.385057 0.433654
0 0.227011 0.795192 0.215517 0.791346 0.207615 0.780769 0.204741 0.771154 0.204741 0.755769 0.228448 0.737500 0.237069 0.737500 0.239943 0.741346 0.248563 0.743269 0.256466 0.755769 0.255029 0.775000 0.241379 0.791346 0.227011 0.795192
0 0.538793 0.100962 0.525862 0.097115 0.515086 0.082692 0.510776 0.067308 0.510776 0.046154 0.518678 0.035577 0.525862 0.033654 0.533046 0.037500 0.541667 0.052885 0.545977 0.054808 0.563937 0.076923 0.563937 0.086538 0.560345 0.093269 0.550287 0.099038 0.538793 0.100962
0 0.742816 0.977885 0.718391 0.974038 0.707615 0.961538 0.704741 0.942308 0.711207 0.929808 0.718391 0.924038 0.741379 0.924038 0.753592 0.934615 0.756466 0.944231 0.756466 0.963462 0.742816 0.977885
0 0.000000 0.691346 0.022989 0.679808 0.028736 0.679808 0.033764 0.686538 0.032328 0.701923 0.022989 0.718269 0.015805 0.724038 0.000000 0.722115
0 0.744253 0.829808 0.734195 0.829808 0.714080 0.820192 0.707615 0.809615 0.709052 0.800000 0.719828 0.789423 0.734195 0.783654 0.754310 0.781731 0.764368 0.785577 0.772270 0.798077 0.770833 0.811538 0.761494 0.824038 0.744253 0.829808
0 0.903736 0.779808 0.895115 0.777885 0.874282 0.742308 0.872845 0.719231 0.883621 0.708654 0.892241 0.708654 0.895833 0.713462 0.898707 0.726923 0.907328 0.746154 0.908764 0.773077 0.903736 0.779808
0 0.359195 0.125962 0.353448 0.125962 0.342672 0.115385 0.339799 0.107692 0.341236 0.084615 0.362069 0.068269 0.376437 0.062500 0.380029 0.067308 0.381466 0.075000 0.380029 0.090385 0.374282 0.105769 0.359195 0.125962
0 0.188218 0.764423 0.163793 0.760577 0.160201 0.755769 0.157328 0.748077 0.157328 0.738462 0.166667 0.724038 0.182471 0.718269 0.198276 0.718269 0.205460 0.722115 0.210489 0.728846 0.213362 0.740385 0.217672 0.746154 0.188218 0.764423
0 0.327586 0.875962 0.323276 0.872115 0.311782 0.874038 0.308190 0.869231 0.305316 0.855769 0.308190 0.844231 0.317529 0.841346 0.321839 0.833654 0.324713 0.833654 0.329741 0.844231 0.323994 0.857692 0.327586 0.875962
0 0.998563 0.439423 0.989943 0.439423 0.977730 0.419231 0.984914 0.388462 0.989943 0.381731 0.998563 0.377885
0 0.607759 0.656731 0.602011 0.656731 0.590517 0.649038 0.583333 0.649038 0.579023 0.654808 0.568966 0.654808 0.565374 0.650000 0.565374 0.642308 0.587644 0.610577 0.596264 0.608654 0.605603 0.619231 0.609914 0.628846 0.611351 0.651923 0.607759 0.656731
0 0.102011 0.347115 0.083333 0.343269 0.076868 0.336538 0.076868 0.325000 0.086207 0.314423 0.097701 0.312500 0.117816 0.295192 0.133621 0.291346 0.137213 0.296154 0.137213 0.305769 0.134339 0.311538 0.117816 0.337500 0.102011 0.347115
0 0.352011 0.458654 0.339080 0.458654 0.321121 0.446154 0.318247 0.440385 0.318247 0.425000 0.324713 0.412500 0.339080 0.410577 0.346264 0.416346 0.359195 0.420192 0.367098 0.430769 0.358477 0.451923 0.352011 0.458654
0 0.425287 0.779808 0.409483 0.774038 0.404454 0.767308 0.403017 0.759615 0.404454 0.753846 0.412356 0.747115 0.422414 0.731731 0.429598 0.731731 0.444684 0.748077 0.446121 0.761538 0.438218 0.775962 0.425287 0.779808
0 0.875000 0.945192 0.867816 0.945192 0.852011 0.937500 0.844109 0.923077 0.844109 0.909615 0.856322 0.899038 0.872126 0.899038 0.882184 0.904808 0.888649 0.913462 0.890086 0.925000 0.888649 0.930769 0.875000 0.945192
0 0.943247 0.998077 0.941810 0.986538 0.946121 0.967308 0.958333 0.954808 0.968391 0.952885 0.974138 0.954808 0.979167 0.961538 0.986351 0.998077
0 0.056034 0.531731 0.047414 0.531731 0.031609 0.520192 0.028017 0.513462 0.029454 0.503846 0.043103 0.493269 0.068966 0.493269 0.086925 0.501923 0.088362 0.507692 0.083333 0.524038 0.074713 0.529808 0.056034 0.531731
0 0.803161 0.283654 0.794540 0.283654 0.787356 0.279808 0.775144 0.263462 0.775144 0.257692 0.780172 0.249038 0.787356 0.247115 0.803161 0.235577 0.814655 0.235577 0.823994 0.246154 0.825431 0.263462 0.813218 0.279808 0.803161 0.283654
0 0.399425 0.570192 0.387931 0.570192 0.378592 0.559615 0.377155 0.528846 0.382902 0.513462 0.397989 0.493269 0.403736 0.491346 0.408046 0.493269 0.417385 0.505769 0.418822 0.528846 0.410201 0.559615 0.399425 0.570192
0 0.314655 0.843269 0.307471 0.843269 0.303879 0.838462 0.303879 0.830769 0.313218 0.822115 0.323276 0.824038 0.323994 0.830769 0.314655 0.843269
0 0.675287 0.514423 0.670977 0.514423 0.663075 0.500000 0.661638 0.467308 0.666667 0.458654 0.669540 0.458654 0.684626 0.473077 0.684626 0.501923 0.675287 0.514423
0 0.836207 0.658654 0.827586 0.658654 0.818247 0.650000 0.816810 0.638462 0.819684 0.630769 0.836207 0.608654 0.844828 0.604808 0.859195 0.606731 0.864224 0.621154 0.862787 0.636538 0.852011 0.650962 0.836207 0.658654
0 0.544540 0.414423 0.525862 0.412500 0.517960 0.400000 0.517960 0.365385 0.520833 0.357692 0.520833 0.348077 0.524425 0.341346 0.540230 0.339423 0.547414 0.347115 0.561063 0.353846 0.561063 0.380769 0.551006 0.407692 0.544540 0.414423
0 0.488506 0.099038 0.475575 0.097115 0.463362 0.076923 0.461925 0.048077 0.468391 0.035577 0.481322 0.035577 0.485632 0.039423 0.499282 0.065385 0.499282 0.086538 0.494253 0.095192 0.488506 0.099038
0 0.912356 0.720192 0.900862 0.716346 0.895833 0.705769 0.900144 0.682692 0.918103 0.672115 0.936782 0.674038 0.943247 0.684615 0.943247 0.703846 0.936782 0.710577 0.926724 0.712500 0.912356 0.720192
0 0.396552 0.158654 0.387931 0.158654 0.382902 0.153846 0.382902 0.123077 0.391523 0.090385 0.397989 0.083654 0.405172 0.097115 0.412356 0.093269 0.417385 0.100000 0.418822 0.130769 0.417385 0.136538 0.408046 0.149038 0.396552 0.158654
0 0.589080 0.579808 0.570402 0.577885 0.563937 0.569231 0.566810 0.542308 0.568966 0.539423 0.581897 0.537500 0.597701 0.539423 0.599856 0.542308 0.602730 0.555769 0.589080 0.579808
0 0.119253 0.893269 0.104885 0.887500 0.089799 0.867308 0.088362 0.859615 0.094828 0.845192 0.100575 0.841346 0.113506 0.843269 0.130029 0.867308 0.132902 0.876923 0.131466 0.884615 0.127874 0.889423 0.119253 0.893269
0 0.855603 0.998077 0.855603 0.984615 0.858477 0.976923 0.866379 0.966346 0.879310 0.958654 0.887931 0.958654 0.895115 0.964423 0.907328 0.982692 0.910201 0.998077
0 0.780172 0.354808 0.772989 0.354808 0.761494 0.347115 0.756466 0.338462 0.759339 0.323077 0.757902 0.296154 0.765805 0.285577 0.772989 0.287500 0.782328 0.300000 0.783764 0.313462 0.789511 0.319231 0.785201 0.334615 0.788075 0.348077 0.780172 0.354808
0 0.173851 0.522115 0.152299 0.502885 0.145833 0.494231 0.145833 0.488462 0.155172 0.475962 0.175287 0.474038 0.182471 0.470192 0.191092 0.472115 0.194684 0.482692 0.184626 0.503846 0.183190 0.515385 0.179598 0.520192 0.173851 0.522115
0 0.805316 0.000000 0.805316 0.019231 0.803161 0.022115 0.798851 0.022115 0.791667 0.027885 0.781609 0.022115 0.775144 0.025000 0.778017 0.034615 0.778017 0.046154 0.771552 0.052885 0.760057 0.052885 0.747845 0.036538 0.740661 0.019231 0.740661 0.000000
0 0.544540 0.320192 0.536638 0.313462 0.536638 0.305769 0.533046 0.297115 0.518678 0.300962 0.512213 0.294231 0.512213 0.276923 0.515805 0.272115 0.531609 0.272115 0.540230 0.268269 0.544540 0.272115 0.551724 0.272115 0.559626 0.280769 0.559626 0.298077 0.556034 0.302885 0.550287 0.302885 0.548132 0.305769 0.548132 0.315385 0.544540 0.320192
0 0.638649 0.998077 0.635776 0.994231 0.635776 0.982692 0.638649 0.975000 0.650862 0.960577 0.668103 0.954808 0.678161 0.958654 0.686063 0.973077 0.684626 0.984615 0.674569 0.998077
0 0.877155 0.000000 0.874282 0.017308 0.862069 0.033654 0.854885 0.033654 0.844109 0.023077 0.841236 0.009615 0.844109 0.000000
0 0.211925 0.000000 0.214799 0.003846 0.219109 0.023077 0.219109 0.042308 0.213362 0.057692 0.206897 0.066346 0.196839 0.070192 0.188937 0.061538 0.187500 0.051923 0.188937 0.030769 0.198994 0.000000
0 0.791667 0.487500 0.783046 0.485577 0.775862 0.475962 0.765805 0.470192 0.760776 0.463462 0.762213 0.457692 0.772989 0.449038 0.784483 0.449038 0.798851 0.456731 0.803879 0.465385 0.803879 0.471154 0.801006 0.478846 0.791667 0.487500
0 0.436782 0.947115 0.426724 0.945192 0.418822 0.932692 0.418822 0.923077 0.414511 0.911538 0.415948 0.903846 0.422414 0.895192 0.445402 0.899038 0.453305 0.913462 0.453305 0.930769 0.436782 0.947115
0 0.306034 0.827885 0.301724 0.825962 0.296695 0.817308 0.296695 0.809615 0.305316 0.782692 0.310345 0.775962 0.317529 0.772115 0.334770 0.772115 0.341236 0.782692 0.341236 0.792308 0.336925 0.805769 0.326149 0.822115 0.313218 0.822115 0.306034 0.827885
0 0.685345 0.179808 0.673851 0.177885 0.667385 0.171154 0.664511 0.136538 0.670977 0.125962 0.685345 0.122115 0.692529 0.116346 0.702586 0.116346 0.707615 0.121154 0.711925 0.130769 0.711925 0.146154 0.693966 0.175962 0.685345 0.179808
0 0.702586 0.341346 0.678161 0.341346 0.666667 0.335577 0.660201 0.326923 0.661638 0.305769 0.666667 0.295192 0.675287 0.289423 0.682471 0.289423 0.691092 0.295192 0.693247 0.288462 0.688937 0.280769 0.688937 0.269231 0.694684 0.250000 0.701149 0.241346 0.712644 0.233654 0.721264 0.231731 0.725575 0.233654 0.733477 0.246154 0.733477 0.265385 0.730603 0.275000 0.721264 0.289423 0.703305 0.300000 0.714799 0.315385 0.716236 0.330769 0.702586 0.341346
0 0.653736 0.504808 0.646552 0.500962 0.638649 0.486538 0.645833 0.476923 0.647989 0.468269 0.653736 0.468269 0.657328 0.473077 0.658764 0.496154 0.653736 0.504808
0 0.620690 0.477885 0.613506 0.475962 0.608477 0.467308 0.611351 0.444231 0.608477 0.428846 0.609914 0.421154 0.617816 0.408654 0.623563 0.404808 0.642241 0.404808 0.653017 0.419231 0.653017 0.438462 0.649425 0.445192 0.642241 0.449038 0.630747 0.468269 0.620690 0.477885
0 0.674569 0.998077 0.686782 0.979808 0.689655 0.983654 0.695402 0.983654 0.703305 0.994231 0.703305 0.998077
0 0.242816 0.524038 0.237069 0.522115 0.229885 0.510577 0.226293 0.509615 0.226293 0.494231 0.221983 0.488462 0.235632 0.470192 0.245690 0.472115 0.252155 0.480769 0.253592 0.490385 0.253592 0.515385 0.242816 0.524038
0 0.083333 0.289423 0.080460 0.289423 0.072557 0.278846 0.073994 0.259615 0.071121 0.242308 0.077586 0.235577 0.094828 0.247115 0.098420 0.255769 0.098420 0.267308 0.095546 0.276923 0.087644 0.287500 0.083333 0.289423
0 0.478448 0.514423 0.464080 0.512500 0.456178 0.503846 0.451868 0.494231 0.453305 0.476923 0.472701 0.452885 0.481322 0.452885 0.493534 0.476923 0.499282 0.482692 0.499282 0.490385 0.494971 0.498077 0.494971 0.503846 0.489943 0.510577 0.478448 0.514423
0 0.198276 0.418269 0.189655 0.418269 0.183908 0.414423 0.173132 0.396154 0.173132 0.390385 0.176006 0.386538 0.177443 0.376923 0.188937 0.357692 0.189655 0.350962 0.214080 0.343269 0.220546 0.350000 0.223420 0.359615 0.220546 0.388462 0.213362 0.405769 0.208333 0.412500 0.198276 0.418269
0 0.495690 0.216346 0.491379 0.216346 0.484195 0.208654 0.467672 0.182692 0.467672 0.159615 0.471264 0.150962 0.475575 0.150962 0.479167 0.155769 0.482040 0.169231 0.487069 0.175962 0.495690 0.177885 0.500718 0.184615 0.503592 0.192308 0.503592 0.205769 0.495690 0.216346
0 0.314655 0.064423 0.307471 0.064423 0.302443 0.057692 0.302443 0.050000 0.308190 0.038462 0.306753 0.017308 0.317529 0.002885 0.334770 0.002885 0.339799 0.019231 0.334052 0.032692 0.325431 0.042308 0.325431 0.051923 0.322557 0.057692 0.314655 0.064423
0 0.363506 0.870192 0.357759 0.868269 0.354167 0.863462 0.358477 0.853846 0.358477 0.848077 0.357040 0.842308 0.348420 0.830769 0.349856 0.811538 0.352730 0.803846 0.360632 0.793269 0.369253 0.791346 0.375718 0.798077 0.378592 0.805769 0.380029 0.830769 0.371408 0.861538 0.363506 0.870192
0 0.341954 0.412500 0.333333 0.410577 0.326149 0.412500 0.309626 0.394231 0.306753 0.363462 0.311782 0.354808 0.318966 0.352885 0.331897 0.360577 0.346983 0.380769 0.349856 0.388462 0.349856 0.403846 0.341954 0.412500
