0 0.460938 0.779297 0.441406 0.775391 0.412109 0.738281 0.419922 0.691406 0.437500 0.673828 0.453125 0.669922 0.476562 0.677734 0.505859 0.718750 0.505859 0.738281 0.498047 0.753906 0.460938 0.779297
0 0.189453 0.996094 0.173828 0.968750 0.173828 0.937500 0.203125 0.916016 0.222656 0.916016 0.248047 0.937500 0.248047 0.980469 0.240234 0.996094
0 0.519531 0.123047 0.496094 0.119141 0.482422 0.105469 0.478516 0.089844 0.500000 0.060547 0.535156 0.056641 0.552734 0.070312 0.552734 0.085938 0.519531 0.123047
0 0.191406 0.580078 0.183594 0.580078 0.169922 0.562500 0.169922 0.542969 0.181641 0.511719 0.195312 0.498047 0.218750 0.490234 0.232422 0.503906 0.232422 0.535156 0.216797 0.562500 0.191406 0.580078
0 0.121094 0.841797 0.109375 0.841797 0.091797 0.824219 0.083984 0.804688 0.087891 0.773438 0.101562 0.759766 0.117188 0.759766 0.134766 0.777344 0.142578 0.796875 0.142578 0.828125 0.121094 0.841797
0 0.890625 0.115234 0.859375 0.107422 0.837891 0.085938 0.841797 0.050781 0.882812 0.025391 0.894531 0.025391 0.923828 0.058594 0.923828 0.082031 0.916016 0.097656 0.890625 0.115234
0 0.050781 0.228516 0.029297 0.218750 0.021484 0.187500 0.046875 0.158203 0.066406 0.154297 0.080078 0.167969 0.080078 0.179688 0.072266 0.207031 0.050781 0.228516
0 0.304688 0.853516 0.281250 0.845703 0.259766 0.828125 0.259766 0.820312 0.277344 0.802734 0.296875 0.802734 0.322266 0.820312 0.322266 0.843750 0.304688 0.853516
0 0.728516 0.000000 0.720703 0.023438 0.703125 0.037109 0.675781 0.029297 0.646484 0.000000
0 0.000000 0.462891 0.031250 0.416016 0.054688 0.419922 0.076172 0.445312 0.076172 0.476562 0.064453 0.492188 0.062500 0.509766 0.050781 0.478516 0.027344 0.474609 0.015625 0.482422 0.007812 0.509766 0.000000 0.482422
0 0.257812 0.462891 0.234375 0.462891 0.224609 0.453125 0.224609 0.437500 0.242188 0.416016 0.273438 0.408203 0.283203 0.417969 0.287109 0.433594 0.283203 0.445312 0.257812 0.462891
0 0.296875 0.623047 0.273438 0.619141 0.263672 0.609375 0.263672 0.589844 0.292969 0.548828 0.312500 0.548828 0.322266 0.562500 0.322266 0.589844 0.314453 0.609375 0.296875 0.623047
0 0.222656 0.775391 0.205078 0.773438 0.193359 0.761719 0.189453 0.742188 0.189453 0.730469 0.210938 0.712891 0.230469 0.716797 0.244141 0.730469 0.240234 0.761719 0.222656 0.775391
0 0.996094 0.291016 0.972656 0.279297 0.955078 0.253906 0.955078 0.238281 0.964844 0.224609 0.996094 0.224609
0 0.933594 0.384766 0.910156 0.384766 0.876953 0.351562 0.880859 0.324219 0.898438 0.310547 0.929688 0.314453 0.955078 0.335938 0.962891 0.351562 0.958984 0.371094 0.933594 0.384766
0 0.191406 0.353516 0.164062 0.353516 0.146484 0.335938 0.146484 0.300781 0.167969 0.275391 0.195312 0.279297 0.216797 0.304688 0.216797 0.328125 0.208984 0.343750 0.191406 0.353516
0 0.000000 0.826172 0.019531 0.830078 0.033203 0.843750 0.041016 0.871094 0.037109 0.906250 0.011719 0.931641 0.000000 0.931641
0 0.042969 0.529297 0.023438 0.529297 0.009766 0.511719 0.009766 0.492188 0.027344 0.474609 0.056641 0.484375 0.060547 0.507812 0.042969 0.529297
0 0.996094 0.224609 0.978516 0.222656 0.978516 0.199219 0.996094 0.193359
0 0.750000 0.216797 0.718750 0.212891 0.693359 0.191406 0.689453 0.156250 0.699219 0.142578 0.738281 0.134766 0.746094 0.142578 0.757812 0.142578 0.775391 0.160156 0.783203 0.171875 0.779297 0.195312 0.750000 0.216797
0 0.414062 0.951172 0.390625 0.951172 0.369141 0.929688 0.369141 0.902344 0.382812 0.888672 0.429688 0.884766 0.443359 0.894531 0.443359 0.933594 0.414062 0.951172
0 0.000000 0.697266 0.017578 0.714844 0.017578 0.738281 0.000000 0.751953
