0 0.251953 0.000000 0.242188 0.009766 0.222656 0.009766 0.208984 0.000000
0 0.839844 0.673828 0.816406 0.669922 0.806641 0.660156 0.802734 0.636719 0.808594 0.630859 0.828125 0.630859 0.845703 0.648438 0.845703 0.667969 0.839844 0.673828
0 0.000000 0.208984 0.015625 0.201172 0.025391 0.210938 0.021484 0.234375 0.011719 0.244141 0.000000 0.244141
0 0.933594 0.251953 0.914062 0.251953 0.904297 0.238281 0.908203 0.218750 0.921875 0.208984 0.933594 0.208984 0.947266 0.222656 0.947266 0.242188 0.933594 0.251953
0 0.886719 0.720703 0.863281 0.720703 0.853516 0.710938 0.849609 0.695312 0.863281 0.677734 0.878906 0.681641 0.888672 0.691406 0.892578 0.714844 0.886719 0.720703
0 0.570312 0.154297 0.556641 0.144531 0.556641 0.132812 0.582031 0.107422 0.597656 0.107422 0.603516 0.113281 0.603516 0.132812 0.570312 0.154297
0 0.619141 0.000000 0.642578 0.023438 0.642578 0.035156 0.628906 0.044922 0.609375 0.044922 0.591797 0.031250 0.591797 0.000000
0 0.867188 0.388672 0.845703 0.378906 0.841797 0.339844 0.851562 0.330078 0.867188 0.330078 0.880859 0.343750 0.880859 0.371094 0.867188 0.388672
0 0.968750 0.287109 0.949219 0.287109 0.943359 0.281250 0.943359 0.269531 0.960938 0.251953 0.978516 0.265625 0.978516 0.277344 0.968750 0.287109
0 0.589844 0.294922 0.574219 0.291016 0.560547 0.277344 0.570312 0.259766 0.582031 0.259766 0.595703 0.269531 0.599609 0.281250 0.589844 0.294922
0 0.222656 0.037109 0.195312 0.037109 0.185547 0.019531 0.210938 0.001953 0.228516 0.019531 0.222656 0.037109
0 0.105469 0.162109 0.087891 0.160156 0.080078 0.152344 0.080078 0.136719 0.117188 0.123047 0.123047 0.140625 0.105469 0.162109
0 0.507812 0.392578 0.486328 0.386719 0.482422 0.367188 0.496094 0.349609 0.523438 0.345703 0.533203 0.375000 0.507812 0.392578
0 0.933594 0.853516 0.923828 0.851562 0.912109 0.832031 0.916016 0.816406 0.933594 0.798828 0.941406 0.798828 0.947266 0.804688 0.947266 0.832031 0.933594 0.853516
0 0.574219 0.478516 0.552734 0.468750 0.552734 0.449219 0.560547 0.429688 0.570312 0.419922 0.582031 0.419922 0.591797 0.441406 0.574219 0.478516
0 0.417969 0.482422 0.410156 0.482422 0.400391 0.468750 0.414062 0.435547 0.431641 0.449219 0.427734 0.472656 0.417969 0.482422
0 0.648438 0.478516 0.640625 0.478516 0.626953 0.464844 0.619141 0.445312 0.628906 0.423828 0.644531 0.423828 0.662109 0.449219 0.662109 0.464844 0.648438 0.478516
0 0.890625 0.330078 0.878906 0.330078 0.869141 0.320312 0.869141 0.300781 0.878906 0.291016 0.890625 0.291016 0.900391 0.300781 0.900391 0.320312 0.890625 0.330078
0 0.000000 0.009766 0.007812 0.009766 0.021484 0.023438 0.021484 0.035156 0.007812 0.048828 0.000000 0.048828
0 0.375000 0.048828 0.351562 0.048828 0.333984 0.031250 0.333984 0.023438 0.339844 0.017578 0.363281 0.021484 0.380859 0.035156 0.375000 0.048828
0 0.765625 0.880859 0.742188 0.880859 0.724609 0.867188 0.716797 0.843750 0.726562 0.830078 0.738281 0.830078 0.771484 0.855469 0.771484 0.875000 0.765625 0.880859
0 0.398438 0.392578 0.380859 0.378906 0.380859 0.339844 0.386719 0.333984 0.394531 0.333984 0.412109 0.355469 0.412109 0.378906 0.398438 0.392578
0 0.507812 0.447266 0.496094 0.443359 0.482422 0.425781 0.482422 0.417969 0.500000 0.404297 0.511719 0.404297 0.525391 0.414062 0.525391 0.433594 0.507812 0.447266
0 0.996094 0.333984 0.982422 0.328125 0.982422 0.308594 0.996094 0.294922
0 0.449219 0.201172 0.437500 0.201172 0.427734 0.191406 0.427734 0.179688 0.445312 0.154297 0.462891 0.164062 0.462891 0.191406 0.449219 0.201172
0 0.533203 0.000000 0.533203 0.015625 0.515625 0.037109 0.507812 0.037109 0.490234 0.015625 0.494141 0.000000
0 0.390625 0.146484 0.375000 0.146484 0.357422 0.128906 0.357422 0.117188 0.367188 0.107422 0.386719 0.107422 0.404297 0.117188 0.404297 0.136719 0.390625 0.146484
0 0.953125 0.552734 0.929688 0.548828 0.919922 0.539062 0.916016 0.515625 0.925781 0.501953 0.949219 0.498047 0.966797 0.511719 0.970703 0.535156 0.953125 0.552734
0 0.912109 0.000000 0.916016 0.035156 0.902344 0.044922 0.890625 0.044922 0.880859 0.035156 0.876953 0.000000
0 0.000000 0.580078 0.027344 0.583984 0.037109 0.597656 0.037109 0.617188 0.019531 0.626953 0.000000 0.603516
0 0.847656 0.521484 0.824219 0.521484 0.814453 0.507812 0.818359 0.488281 0.828125 0.478516 0.839844 0.478516 0.853516 0.496094 0.853516 0.515625 0.847656 0.521484
0 0.750000 0.341797 0.734375 0.341797 0.716797 0.328125 0.712891 0.312500 0.722656 0.302734 0.734375 0.302734 0.751953 0.316406 0.755859 0.335938 0.750000 0.341797
0 0.474609 0.000000 0.460938 0.021484 0.449219 0.021484 0.439453 0.000000
0 0.687500 0.802734 0.669922 0.792969 0.673828 0.765625 0.683594 0.755859 0.697266 0.761719 0.701172 0.785156 0.701172 0.792969 0.687500 0.802734
0 0.996094 0.423828 0.978516 0.410156 0.978516 0.398438 0.996094 0.384766
0 0.105469 0.130859 0.085938 0.130859 0.080078 0.125000 0.089844 0.103516 0.101562 0.103516 0.111328 0.113281 0.105469 0.130859
0 0.000000 0.369141 0.023438 0.357422 0.037109 0.375000 0.037109 0.386719 0.023438 0.396484 0.000000 0.388672
0 0.121094 0.521484 0.109375 0.521484 0.103516 0.503906 0.107422 0.484375 0.117188 0.474609 0.128906 0.474609 0.134766 0.480469 0.134766 0.511719 0.121094 0.521484
0 0.820312 0.392578 0.812500 0.392578 0.798828 0.378906 0.802734 0.363281 0.812500 0.353516 0.824219 0.353516 0.833984 0.363281 0.833984 0.378906 0.820312 0.392578
0 0.000000 0.470703 0.015625 0.470703 0.021484 0.476562 0.021484 0.503906 0.011719 0.513672 0.000000 0.513672
0 0.500000 0.533203 0.480469 0.533203 0.474609 0.527344 0.474609 0.511719 0.492188 0.494141 0.503906 0.494141 0.513672 0.503906 0.513672 0.523438 0.500000 0.533203
0 0.847656 0.302734 0.832031 0.302734 0.818359 0.292969 0.818359 0.273438 0.824219 0.267578 0.835938 0.267578 0.849609 0.277344 0.853516 0.296875 0.847656 0.302734
0 0.929688 0.744141 0.900391 0.734375 0.900391 0.722656 0.917969 0.705078 0.933594 0.705078 0.943359 0.714844 0.943359 0.730469 0.929688 0.744141
0 0.683594 0.306641 0.675781 0.306641 0.662109 0.292969 0.662109 0.273438 0.671875 0.263672 0.683594 0.263672 0.693359 0.281250 0.683594 0.306641
0 0.363281 0.197266 0.339844 0.197266 0.333984 0.191406 0.333984 0.156250 0.343750 0.146484 0.351562 0.146484 0.373047 0.167969 0.373047 0.187500 0.363281 0.197266
0 0.347656 0.466797 0.335938 0.466797 0.318359 0.453125 0.324219 0.435547 0.335938 0.435547 0.353516 0.449219 0.347656 0.466797
0 0.656250 0.619141 0.636719 0.619141 0.626953 0.609375 0.626953 0.593750 0.636719 0.583984 0.656250 0.583984 0.662109 0.589844 0.662109 0.613281 0.656250 0.619141
0 0.824219 0.115234 0.804688 0.115234 0.779297 0.093750 0.779297 0.074219 0.796875 0.056641 0.832031 0.072266 0.841797 0.085938 0.841797 0.101562 0.824219 0.115234
0 0.906250 0.208984 0.896484 0.203125 0.896484 0.187500 0.914062 0.181641 0.919922 0.195312 0.906250 0.208984
0 0.183594 0.392578 0.148438 0.392578 0.138672 0.382812 0.138672 0.367188 0.156250 0.353516 0.183594 0.361328 0.193359 0.371094 0.193359 0.382812 0.183594 0.392578
0 0.203125 0.787109 0.187500 0.787109 0.173828 0.769531 0.173828 0.750000 0.183594 0.740234 0.212891 0.761719 0.203125 0.787109
0 0.664062 0.158203 0.646484 0.148438 0.646484 0.132812 0.656250 0.123047 0.687500 0.119141 0.697266 0.136719 0.664062 0.158203
0 0.765625 0.310547 0.757812 0.310547 0.736328 0.285156 0.740234 0.269531 0.750000 0.259766 0.765625 0.263672 0.775391 0.273438 0.775391 0.296875 0.765625 0.310547
0 0.949219 0.130859 0.933594 0.126953 0.919922 0.105469 0.919922 0.078125 0.929688 0.068359 0.953125 0.072266 0.970703 0.097656 0.970703 0.117188 0.949219 0.130859
0 0.613281 0.779297 0.593750 0.775391 0.580078 0.761719 0.580078 0.746094 0.585938 0.740234 0.605469 0.740234 0.623047 0.753906 0.623047 0.769531 0.613281 0.779297
0 0.539062 0.251953 0.527344 0.251953 0.505859 0.238281 0.505859 0.226562 0.515625 0.216797 0.539062 0.220703 0.548828 0.230469 0.548828 0.242188 0.539062 0.251953
0 0.000000 0.314453 0.017578 0.328125 0.000000 0.345703
0 0.996094 0.677734 0.982422 0.660156 0.986328 0.644531 0.996094 0.638672
0 0.175781 0.533203 0.158203 0.523438 0.158203 0.507812 0.175781 0.486328 0.187500 0.486328 0.197266 0.496094 0.197266 0.507812 0.175781 0.533203
0 0.265625 0.525391 0.255859 0.519531 0.255859 0.500000 0.265625 0.490234 0.277344 0.490234 0.283203 0.503906 0.265625 0.525391
0 0.664062 0.751953 0.640625 0.748047 0.630859 0.734375 0.644531 0.720703 0.675781 0.716797 0.681641 0.730469 0.677734 0.742188 0.664062 0.751953
0 0.054688 0.236328 0.039062 0.236328 0.033203 0.230469 0.033203 0.203125 0.039062 0.197266 0.054688 0.197266 0.064453 0.207031 0.064453 0.226562 0.054688 0.236328
0 0.800781 0.548828 0.775391 0.539062 0.771484 0.515625 0.792969 0.501953 0.812500 0.501953 0.822266 0.523438 0.818359 0.539062 0.800781 0.548828
0 0.101562 0.314453 0.072266 0.304688 0.068359 0.281250 0.074219 0.275391 0.097656 0.271484 0.111328 0.285156 0.111328 0.304688 0.101562 0.314453
0 0.902344 0.720703 0.892578 0.714844 0.892578 0.699219 0.884766 0.687500 0.890625 0.681641 0.906250 0.681641 0.919922 0.691406 0.919922 0.703125 0.902344 0.720703
0 0.886719 0.177734 0.878906 0.177734 0.873047 0.164062 0.898438 0.146484 0.904297 0.152344 0.904297 0.167969 0.886719 0.177734
0 0.632812 0.587891 0.589844 0.587891 0.583984 0.582031 0.583984 0.566406 0.613281 0.544922 0.625000 0.544922 0.646484 0.570312 0.646484 0.582031 0.632812 0.587891
0 0.214844 0.759766 0.207031 0.759766 0.189453 0.742188 0.189453 0.726562 0.195312 0.720703 0.210938 0.720703 0.220703 0.730469 0.220703 0.753906 0.214844 0.759766
0 0.535156 0.626953 0.523438 0.626953 0.501953 0.605469 0.501953 0.593750 0.511719 0.583984 0.539062 0.583984 0.548828 0.593750 0.544922 0.617188 0.535156 0.626953
0 0.839844 0.236328 0.818359 0.226562 0.814453 0.210938 0.832031 0.197266 0.851562 0.197266 0.861328 0.207031 0.861328 0.222656 0.839844 0.236328
0 0.781250 0.458984 0.765625 0.458984 0.751953 0.445312 0.751953 0.437500 0.765625 0.423828 0.785156 0.423828 0.794922 0.433594 0.794922 0.445312 0.781250 0.458984
0 0.898438 0.431641 0.880859 0.421875 0.880859 0.398438 0.890625 0.384766 0.910156 0.384766 0.919922 0.394531 0.919922 0.406250 0.898438 0.431641
