0 0.170313 0.996094 0.179688 0.960938 0.182812 0.894531 0.198437 0.867188 0.207813 0.835938 0.271875 0.798828 0.306250 0.798828 0.337500 0.806641 0.368750 0.837891 0.395313 0.878906 0.382812 0.921875 0.382812 0.949219 0.376563 0.964844 0.348438 0.996094
0 0.000000 0.318359 0.053125 0.314453 0.064062 0.328125 0.064062 0.375000 0.045312 0.429688 0.012500 0.455078 0.000000 0.455078
0 0.370312 0.996094 0.360938 0.984375 0.382812 0.949219 0.382812 0.921875 0.392188 0.890625 0.450000 0.810547 0.509375 0.771484 0.546875 0.763672 0.556250 0.751953 0.575000 0.751953 0.590625 0.763672 0.595313 0.769531 0.598437 0.832031 0.582812 0.855469 0.582812 0.867188 0.560937 0.914062 0.560937 0.925781 0.506250 0.978516 0.456250 0.982422 0.426563 0.996094
0 0.660937 0.000000 0.660937 0.035156 0.654687 0.046875 0.643750 0.060547 0.615625 0.072266 0.584375 0.068359 0.543750 0.048828 0.523438 0.023438 0.520312 0.000000
0 0.000000 0.138672 0.046875 0.119141 0.090625 0.119141 0.128125 0.150391 0.148438 0.175781 0.157812 0.203125 0.157812 0.210938 0.129688 0.238281 0.118750 0.259766 0.090625 0.275391 0.079687 0.296875 0.065625 0.310547 0.040625 0.318359 0.000000 0.318359
0 0.112500 0.587891 0.081250 0.583984 0.056250 0.568359 0.039062 0.546875 0.035937 0.496094 0.045312 0.480469 0.048438 0.460938 0.075000 0.419922 0.096875 0.408203 0.109375 0.388672 0.115625 0.388672 0.150000 0.353516 0.184375 0.353516 0.193750 0.345703 0.231250 0.349609 0.257812 0.386719 0.248438 0.468750 0.234375 0.474609 0.225000 0.494141 0.175000 0.544922 0.125000 0.583984 0.112500 0.587891
0 0.096875 0.853516 0.084375 0.845703 0.068750 0.849609 0.050000 0.837891 0.017188 0.781250 0.017188 0.746094 0.032813 0.707031 0.045312 0.695312 0.045312 0.687500 0.065625 0.662109 0.150000 0.595703 0.175000 0.564453 0.206250 0.544922 0.256250 0.533203 0.271875 0.533203 0.300000 0.544922 0.320312 0.570312 0.332813 0.605469 0.323437 0.667969 0.304688 0.699219 0.237500 0.787109 0.203125 0.822266 0.190625 0.822266 0.156250 0.841797 0.134375 0.841797 0.096875 0.853516
0 0.875000 0.517578 0.843750 0.513672 0.823438 0.472656 0.823438 0.453125 0.832812 0.425781 0.835938 0.394531 0.857812 0.335938 0.875000 0.326172 0.909375 0.326172 0.920312 0.347656 0.920312 0.453125 0.907813 0.488281 0.887500 0.513672 0.875000 0.517578
0 0.693750 0.248047 0.675000 0.240234 0.651563 0.214844 0.648438 0.179688 0.651563 0.167969 0.668750 0.146484 0.706250 0.142578 0.726562 0.164062 0.729688 0.207031 0.709375 0.244141 0.693750 0.248047
0 0.387500 0.462891 0.370312 0.441406 0.370312 0.406250 0.364063 0.398438 0.379688 0.363281 0.370312 0.343750 0.373437 0.304688 0.384375 0.291016 0.400000 0.287109 0.425000 0.255859 0.446875 0.251953 0.460938 0.269531 0.464062 0.285156 0.464062 0.343750 0.457813 0.375000 0.417187 0.441406 0.387500 0.462891
0 0.681250 0.919922 0.665625 0.912109 0.651563 0.890625 0.651563 0.855469 0.642188 0.820312 0.642188 0.800781 0.651563 0.781250 0.657813 0.738281 0.682813 0.707031 0.695312 0.683594 0.698438 0.664062 0.750000 0.599609 0.778125 0.587891 0.815625 0.591797 0.839063 0.621094 0.842187 0.660156 0.832812 0.707031 0.820312 0.730469 0.810937 0.765625 0.757812 0.867188 0.725000 0.908203 0.690625 0.912109 0.681250 0.919922
0 0.935937 0.996094 0.939063 0.976562 0.945312 0.968750 0.945312 0.953125 0.978125 0.908203 0.996875 0.896484
0 0.996875 0.509766 0.987500 0.509766 0.979688 0.500000 0.976562 0.468750 0.976562 0.355469 0.985938 0.320312 0.996875 0.314453
