0 0.632812 0.240234 0.617188 0.240234 0.607422 0.230469 0.607422 0.210938 0.617188 0.201172 0.632812 0.201172 0.646484 0.214844 0.642578 0.230469 0.632812 0.240234
0 0.937500 0.076172 0.925781 0.076172 0.912109 0.062500 0.912109 0.042969 0.929688 0.017578 0.945312 0.017578 0.955078 0.035156 0.951172 0.062500 0.937500 0.076172
0 0.519531 0.134766 0.503906 0.130859 0.498047 0.121094 0.498047 0.082031 0.503906 0.076172 0.517578 0.082031 0.533203 0.105469 0.533203 0.128906 0.519531 0.134766
0 0.816406 0.595703 0.800781 0.595703 0.791016 0.582031 0.791016 0.562500 0.804688 0.544922 0.812500 0.544922 0.826172 0.562500 0.826172 0.585938 0.816406 0.595703
0 0.851562 0.099609 0.830078 0.082031 0.826172 0.066406 0.835938 0.044922 0.851562 0.044922 0.865234 0.058594 0.865234 0.089844 0.851562 0.099609
0 0.617188 0.095703 0.601562 0.095703 0.576172 0.078125 0.572266 0.046875 0.582031 0.037109 0.601562 0.037109 0.623047 0.054688 0.626953 0.082031 0.617188 0.095703
0 0.871094 0.306641 0.837891 0.292969 0.837891 0.273438 0.859375 0.255859 0.878906 0.255859 0.896484 0.273438 0.896484 0.289062 0.871094 0.306641
0 0.996094 0.166016 0.968750 0.166016 0.958984 0.156250 0.962891 0.125000 0.972656 0.115234 0.996094 0.115234
0 0.785156 0.259766 0.761719 0.255859 0.751953 0.246094 0.751953 0.234375 0.769531 0.224609 0.792969 0.232422 0.794922 0.253906 0.785156 0.259766
0 0.347656 0.205078 0.316406 0.205078 0.302734 0.191406 0.306641 0.175781 0.328125 0.158203 0.351562 0.158203 0.365234 0.175781 0.365234 0.191406 0.347656 0.205078
0 0.855469 0.646484 0.843750 0.646484 0.830078 0.636719 0.830078 0.597656 0.851562 0.572266 0.863281 0.572266 0.876953 0.589844 0.876953 0.621094 0.869141 0.636719 0.855469 0.646484
0 0.380859 0.000000 0.369141 0.027344 0.355469 0.037109 0.343750 0.037109 0.333984 0.027344 0.333984 0.000000
0 0.667969 0.306641 0.652344 0.306641 0.638672 0.289062 0.642578 0.277344 0.660156 0.263672 0.675781 0.263672 0.681641 0.269531 0.681641 0.292969 0.667969 0.306641
0 0.587891 0.000000 0.591797 0.027344 0.582031 0.033203 0.566406 0.029297 0.556641 0.019531 0.560547 0.000000
