0 0.781250 0.181641 0.760938 0.167969 0.760938 0.121094 0.778125 0.095703 0.793750 0.095703 0.807813 0.121094 0.810937 0.152344 0.781250 0.181641
0 0.390625 0.798828 0.368750 0.798828 0.348438 0.777344 0.345313 0.746094 0.359375 0.728516 0.378125 0.728516 0.392188 0.750000 0.401562 0.773438 0.401562 0.789062 0.390625 0.798828
0 0.051562 0.000000 0.018750 0.025391 0.000000 0.025391
0 0.996875 0.384766 0.975000 0.384766 0.967187 0.375000 0.971875 0.357422 0.996875 0.349609
0 0.214062 0.996094 0.218750 0.986328 0.240625 0.986328 0.245312 0.996094
0 0.093750 0.748047 0.046875 0.748047 0.042188 0.734375 0.084375 0.716797 0.090625 0.708984 0.128125 0.708984 0.135937 0.718750 0.131250 0.728516 0.093750 0.748047
0 0.625000 0.205078 0.606250 0.205078 0.559375 0.189453 0.539062 0.167969 0.535937 0.140625 0.550000 0.126953 0.609375 0.126953 0.621875 0.134766 0.632812 0.152344 0.632812 0.191406 0.625000 0.205078
0 0.964063 0.996094 0.957812 0.984375 0.957812 0.964844 0.978125 0.943359 0.996875 0.943359
0 0.835938 0.996094 0.835938 0.984375 0.850000 0.966797 0.864062 0.972656 0.873437 0.984375 0.873437 0.996094
0 0.293750 0.255859 0.278125 0.255859 0.265625 0.244141 0.245312 0.238281 0.242188 0.203125 0.256250 0.181641 0.284375 0.177734 0.296875 0.181641 0.304688 0.191406 0.310937 0.207031 0.310937 0.234375 0.293750 0.255859
0 0.437500 0.775391 0.412500 0.775391 0.395313 0.765625 0.389062 0.726562 0.400000 0.708984 0.421875 0.712891 0.448437 0.746094 0.437500 0.775391
0 0.787500 0.904297 0.768750 0.904297 0.748437 0.890625 0.745313 0.871094 0.759375 0.845703 0.784375 0.845703 0.798438 0.855469 0.801562 0.882812 0.787500 0.904297
0 0.181250 0.693359 0.159375 0.693359 0.151562 0.675781 0.156250 0.669922 0.206250 0.669922 0.246875 0.654297 0.321875 0.654297 0.326562 0.660156 0.318750 0.673828 0.293750 0.681641 0.181250 0.693359
0 0.181250 0.646484 0.173437 0.636719 0.187500 0.623047 0.215625 0.611328 0.231250 0.595703 0.245312 0.601562 0.243750 0.607422 0.234375 0.607422 0.181250 0.646484
0 0.300000 0.712891 0.287500 0.712891 0.282813 0.707031 0.285938 0.691406 0.290625 0.685547 0.312500 0.685547 0.317188 0.699219 0.300000 0.712891
0 0.996875 0.607422 0.975000 0.603516 0.967187 0.593750 0.975000 0.576172 0.996875 0.572266
0 0.975000 0.869141 0.959375 0.869141 0.954688 0.863281 0.954688 0.839844 0.965625 0.826172 0.975000 0.826172 0.982812 0.835938 0.982812 0.859375 0.975000 0.869141
0 0.000000 0.798828 0.015625 0.791016 0.035937 0.792969 0.035937 0.800781 0.018750 0.830078 0.000000 0.830078
0 0.971875 0.185547 0.953125 0.181641 0.942187 0.156250 0.945312 0.132812 0.956250 0.115234 0.975000 0.126953 0.985938 0.152344 0.985938 0.171875 0.971875 0.185547
0 0.037500 0.849609 0.021875 0.849609 0.017188 0.832031 0.035937 0.800781 0.039062 0.781250 0.046875 0.771484 0.065625 0.771484 0.076563 0.785156 0.076563 0.800781 0.037500 0.849609
0 0.368750 0.388672 0.353125 0.384766 0.335938 0.363281 0.335938 0.335938 0.340625 0.330078 0.359375 0.330078 0.389062 0.355469 0.389062 0.371094 0.368750 0.388672
0 0.100000 0.193359 0.071875 0.193359 0.067187 0.187500 0.060937 0.156250 0.068750 0.142578 0.118750 0.134766 0.139063 0.156250 0.134375 0.173828 0.100000 0.193359
0 0.996875 0.791016 0.990625 0.798828 0.968750 0.794922 0.945312 0.769531 0.942187 0.757812 0.948438 0.726562 0.956250 0.716797 0.968750 0.708984 0.987500 0.708984 0.996875 0.716797
0 0.434375 0.177734 0.381250 0.173828 0.364063 0.156250 0.360938 0.125000 0.378125 0.103516 0.390625 0.099609 0.418750 0.099609 0.440625 0.111328 0.448437 0.121094 0.451562 0.152344 0.448437 0.164062 0.434375 0.177734
0 0.743750 0.271484 0.712500 0.271484 0.703125 0.263672 0.668750 0.259766 0.657813 0.246094 0.657813 0.222656 0.667188 0.195312 0.681250 0.181641 0.696875 0.181641 0.734375 0.205078 0.751563 0.234375 0.751563 0.261719 0.743750 0.271484
0 0.343750 0.517578 0.334375 0.517578 0.323437 0.503906 0.323437 0.480469 0.337500 0.451172 0.353125 0.451172 0.367188 0.468750 0.370312 0.492188 0.353125 0.513672 0.343750 0.517578
0 0.693750 0.333984 0.678125 0.333984 0.667188 0.320312 0.667188 0.292969 0.678125 0.275391 0.696875 0.275391 0.707812 0.289062 0.707812 0.324219 0.693750 0.333984
0 0.496875 0.396484 0.465625 0.392578 0.454688 0.378906 0.478125 0.341797 0.493750 0.341797 0.514062 0.359375 0.514062 0.375000 0.496875 0.396484
0 0.570312 0.000000 0.553125 0.005859 0.493750 0.005859 0.489063 0.000000
0 0.437500 0.048828 0.356250 0.044922 0.351562 0.035156 0.371875 0.025391 0.431250 0.025391 0.442188 0.039062 0.437500 0.048828
0 0.825000 0.353516 0.793750 0.345703 0.782813 0.332031 0.787500 0.326172 0.843750 0.322266 0.848437 0.332031 0.825000 0.353516
0 0.168750 0.951172 0.143750 0.951172 0.134375 0.943359 0.129688 0.937500 0.129688 0.914062 0.146875 0.900391 0.165625 0.904297 0.179688 0.921875 0.179688 0.937500 0.168750 0.951172
0 0.675000 0.591797 0.662500 0.587891 0.654687 0.578125 0.648438 0.562500 0.653125 0.548828 0.690625 0.544922 0.698438 0.554688 0.687500 0.572266 0.676562 0.578125 0.675000 0.591797
0 0.914062 0.000000 0.929688 0.023438 0.932813 0.054688 0.921875 0.072266 0.912500 0.076172 0.881250 0.072266 0.853125 0.052734 0.845313 0.027344 0.845313 0.000000
0 0.934375 0.541016 0.918750 0.537109 0.907813 0.511719 0.904687 0.468750 0.907813 0.453125 0.915625 0.443359 0.928125 0.443359 0.939063 0.457031 0.948438 0.484375 0.948438 0.515625 0.934375 0.541016
0 0.996875 0.845703 0.989062 0.828125 0.989062 0.800781 0.996875 0.791016
0 0.690625 0.365234 0.671875 0.365234 0.667188 0.351562 0.678125 0.341797 0.703125 0.337891 0.707812 0.347656 0.690625 0.365234
0 0.325000 0.904297 0.315625 0.904297 0.307812 0.894531 0.307812 0.871094 0.321875 0.853516 0.340625 0.845703 0.371875 0.845703 0.376563 0.851562 0.371875 0.865234 0.359375 0.869141 0.325000 0.904297
0 0.918750 0.884766 0.890625 0.884766 0.876563 0.867188 0.876563 0.824219 0.887500 0.802734 0.909375 0.802734 0.935937 0.832031 0.935937 0.855469 0.918750 0.884766
0 0.996875 0.541016 0.975000 0.533203 0.957812 0.511719 0.957812 0.500000 0.971875 0.482422 0.987500 0.470703 0.996875 0.470703
0 0.112500 0.916016 0.081250 0.916016 0.057813 0.886719 0.057813 0.863281 0.064062 0.843750 0.084375 0.822266 0.112500 0.826172 0.120313 0.835938 0.120313 0.906250 0.112500 0.916016
0 0.037500 0.107422 0.021875 0.107422 0.017188 0.097656 0.068750 0.060547 0.125000 0.056641 0.129688 0.062500 0.115625 0.080078 0.081250 0.083984 0.037500 0.107422
0 0.481250 0.587891 0.453125 0.587891 0.448437 0.582031 0.448437 0.562500 0.459375 0.548828 0.484375 0.533203 0.521875 0.529297 0.529687 0.539062 0.529687 0.554688 0.521875 0.564453 0.509375 0.576172 0.481250 0.587891
0 0.896875 0.529297 0.862500 0.529297 0.842187 0.496094 0.846875 0.490234 0.871875 0.490234 0.890625 0.498047 0.901563 0.511719 0.896875 0.529297
0 0.918750 0.974609 0.907813 0.964844 0.907813 0.949219 0.931250 0.916016 0.956250 0.900391 0.981250 0.900391 0.985938 0.906250 0.971875 0.927734 0.918750 0.974609
0 0.128125 0.708984 0.090625 0.708984 0.085938 0.703125 0.100000 0.689453 0.125000 0.685547 0.134375 0.677734 0.150000 0.677734 0.157812 0.687500 0.153125 0.701172 0.128125 0.708984
0 0.446875 0.376953 0.421875 0.369141 0.410938 0.351562 0.410938 0.316406 0.428125 0.294922 0.459375 0.294922 0.467187 0.304688 0.470313 0.355469 0.446875 0.376953
0 0.734375 0.634766 0.700000 0.626953 0.679688 0.601562 0.676562 0.578125 0.693750 0.564453 0.728125 0.564453 0.746875 0.572266 0.754687 0.585938 0.754687 0.617188 0.746875 0.630859 0.734375 0.634766
0 0.729688 0.000000 0.742188 0.007812 0.751563 0.031250 0.751563 0.046875 0.746875 0.052734 0.718750 0.052734 0.673438 0.023438 0.675000 0.009766 0.693750 0.009766 0.707812 0.000000
0 0.671875 0.056641 0.656250 0.052734 0.648438 0.042969 0.645312 0.015625 0.650000 0.009766 0.671875 0.009766 0.673438 0.023438 0.682813 0.031250 0.682813 0.046875 0.671875 0.056641
0 0.259375 0.626953 0.243750 0.626953 0.239063 0.613281 0.309375 0.568359 0.325000 0.568359 0.332813 0.578125 0.328125 0.591797 0.306250 0.599609 0.287500 0.615234 0.265625 0.619141 0.259375 0.626953
0 0.034375 0.083984 0.018750 0.083984 0.014063 0.074219 0.056250 0.033203 0.093750 0.025391 0.104688 0.031250 0.081250 0.056641 0.034375 0.083984
0 0.403125 0.662109 0.387500 0.662109 0.376563 0.652344 0.376563 0.613281 0.379688 0.601562 0.390625 0.591797 0.400000 0.591797 0.407813 0.601562 0.407813 0.656250 0.403125 0.662109
0 0.287500 0.994141 0.275000 0.994141 0.268750 0.986328 0.253125 0.986328 0.228125 0.974609 0.220312 0.957031 0.234375 0.935547 0.243750 0.935547 0.292187 0.976562 0.287500 0.994141
0 0.115625 0.541016 0.096875 0.541016 0.079687 0.523438 0.082812 0.496094 0.100000 0.474609 0.118750 0.474609 0.135937 0.496094 0.129688 0.531250 0.115625 0.541016
0 0.256250 0.177734 0.225000 0.177734 0.210938 0.160156 0.210938 0.132812 0.221875 0.115234 0.240625 0.103516 0.271875 0.099609 0.282813 0.113281 0.282813 0.144531 0.273438 0.164062 0.256250 0.177734
0 0.000000 0.298828 0.015625 0.318359 0.031250 0.318359 0.043750 0.310547 0.051562 0.328125 0.051562 0.335938 0.029687 0.367188 0.023438 0.390625 0.009375 0.408203 0.000000 0.408203
0 0.806250 0.666016 0.775000 0.666016 0.754687 0.648438 0.751563 0.621094 0.775000 0.587891 0.796875 0.587891 0.804688 0.597656 0.804688 0.625000 0.810937 0.648438 0.806250 0.666016
0 0.031250 0.318359 0.015625 0.318359 0.004687 0.304688 0.007812 0.277344 0.021875 0.255859 0.034375 0.255859 0.045312 0.273438 0.031250 0.318359
0 0.159375 0.138672 0.128125 0.138672 0.117188 0.128906 0.117188 0.121094 0.137500 0.103516 0.181250 0.099609 0.185938 0.109375 0.159375 0.138672
0 0.356250 0.181641 0.340625 0.181641 0.323437 0.167969 0.317188 0.125000 0.320312 0.113281 0.334375 0.099609 0.368750 0.099609 0.373437 0.105469 0.360938 0.125000 0.360938 0.144531 0.370312 0.171875 0.356250 0.181641
0 0.281250 0.310547 0.184375 0.287109 0.179688 0.281250 0.179688 0.265625 0.203125 0.244141 0.265625 0.244141 0.292187 0.269531 0.298438 0.289062 0.293750 0.302734 0.281250 0.310547
0 0.484375 0.986328 0.471875 0.986328 0.457813 0.968750 0.457813 0.933594 0.478125 0.896484 0.500000 0.896484 0.514062 0.917969 0.514062 0.957031 0.484375 0.986328
0 0.893750 0.482422 0.884375 0.482422 0.876563 0.472656 0.864062 0.433594 0.864062 0.417969 0.867188 0.390625 0.884375 0.373047 0.903125 0.369141 0.920312 0.390625 0.926562 0.425781 0.893750 0.482422
0 0.126562 0.000000 0.084375 0.029297 0.059375 0.033203 0.054688 0.023438 0.067187 0.000000
0 0.521875 0.447266 0.503125 0.447266 0.498437 0.437500 0.512500 0.427734 0.525000 0.427734 0.529687 0.437500 0.521875 0.447266
0 0.978125 0.244141 0.965625 0.244141 0.954688 0.230469 0.959375 0.212891 0.971875 0.212891 0.985938 0.226562 0.985938 0.238281 0.978125 0.244141
0 0.940625 0.748047 0.932813 0.742188 0.932813 0.734375 0.939063 0.726562 0.942187 0.703125 0.956250 0.681641 0.962500 0.681641 0.976562 0.707031 0.956250 0.716797 0.940625 0.748047
0 0.050000 0.712891 0.040625 0.712891 0.035937 0.703125 0.087500 0.666016 0.118750 0.662109 0.123438 0.667969 0.106250 0.689453 0.087500 0.701172 0.050000 0.712891
0 0.615625 0.759766 0.587500 0.759766 0.564063 0.718750 0.564063 0.703125 0.581250 0.677734 0.609375 0.677734 0.629687 0.695312 0.632812 0.738281 0.615625 0.759766
0 0.593750 0.107422 0.553125 0.103516 0.529687 0.066406 0.529687 0.039062 0.537500 0.029297 0.559375 0.021484 0.587500 0.025391 0.604688 0.054688 0.604688 0.093750 0.593750 0.107422
0 0.484375 0.126953 0.459375 0.126953 0.445312 0.105469 0.448437 0.066406 0.459375 0.052734 0.484375 0.052734 0.498437 0.078125 0.498437 0.109375 0.484375 0.126953
0 0.331250 0.693359 0.320312 0.687500 0.321875 0.669922 0.340625 0.669922 0.345313 0.675781 0.331250 0.693359
0 0.784375 0.357422 0.750000 0.357422 0.745313 0.339844 0.750000 0.333984 0.784375 0.333984 0.792188 0.343750 0.784375 0.357422
0 0.000000 0.939453 0.034375 0.947266 0.039062 0.953125 0.031250 0.970703 0.000000 0.966797
0 0.228125 0.892578 0.207813 0.890625 0.195312 0.871094 0.189062 0.843750 0.195312 0.804688 0.206250 0.791016 0.234375 0.794922 0.251563 0.828125 0.251563 0.878906 0.243750 0.888672 0.228125 0.892578
