0 0.522989 0.356731 0.515805 0.356731 0.509339 0.350000 0.505029 0.332692 0.506466 0.313462 0.510776 0.298077 0.520115 0.283654 0.531609 0.281731 0.540230 0.285577 0.545259 0.294231 0.545259 0.300000 0.548132 0.303846 0.548132 0.315385 0.543822 0.332692 0.522989 0.356731
0 0.706897 0.350962 0.695402 0.350962 0.683908 0.341346 0.680316 0.334615 0.681753 0.321154 0.686782 0.314423 0.689655 0.314423 0.691810 0.307692 0.696839 0.302885 0.712644 0.304808 0.716954 0.312500 0.724138 0.312500 0.730603 0.323077 0.727730 0.338462 0.724138 0.343269 0.706897 0.350962
0 0.892241 0.968269 0.869253 0.968269 0.863506 0.964423 0.855603 0.950000 0.857040 0.940385 0.875000 0.916346 0.893678 0.914423 0.904454 0.926923 0.908764 0.938462 0.905891 0.955769 0.897989 0.966346 0.892241 0.968269
0 0.066092 0.725962 0.048851 0.720192 0.042385 0.709615 0.043822 0.686538 0.060345 0.664423 0.067529 0.666346 0.075431 0.676923 0.081178 0.698077 0.079741 0.709615 0.066092 0.725962
0 0.216954 0.862500 0.205460 0.858654 0.191810 0.836538 0.191810 0.813462 0.198276 0.802885 0.208333 0.802885 0.214080 0.806731 0.227730 0.823077 0.230603 0.830769 0.230603 0.850000 0.225575 0.858654 0.216954 0.862500
0 0.699713 0.956731 0.689655 0.954808 0.672414 0.939423 0.665948 0.928846 0.664511 0.907692 0.670977 0.897115 0.678161 0.895192 0.696839 0.914423 0.711207 0.918269 0.717672 0.926923 0.716236 0.932692 0.710489 0.938462 0.709052 0.948077 0.699713 0.956731
0 0.323276 0.581731 0.304598 0.579808 0.298851 0.575962 0.290948 0.563462 0.289511 0.538462 0.293822 0.528846 0.304598 0.518269 0.333333 0.524038 0.342672 0.538462 0.344109 0.550000 0.341236 0.563462 0.323276 0.581731
0 0.745690 0.408654 0.732759 0.408654 0.725575 0.400962 0.719828 0.399038 0.714799 0.390385 0.714799 0.380769 0.719828 0.374038 0.725575 0.372115 0.739943 0.354808 0.745690 0.350962 0.754310 0.350962 0.767960 0.367308 0.767960 0.382692 0.761494 0.393269 0.745690 0.408654
0 0.139368 0.789423 0.127874 0.787500 0.114224 0.769231 0.109914 0.753846 0.109914 0.742308 0.113506 0.735577 0.133621 0.737500 0.145833 0.750000 0.148707 0.759615 0.148707 0.776923 0.139368 0.789423
0 0.216954 0.204808 0.209770 0.204808 0.201868 0.196154 0.201868 0.182692 0.204741 0.175000 0.214799 0.155769 0.225575 0.143269 0.231322 0.139423 0.247126 0.141346 0.253592 0.151923 0.247845 0.175000 0.237069 0.189423 0.216954 0.204808
0 0.403736 0.837500 0.395115 0.835577 0.391523 0.828846 0.392960 0.813462 0.398707 0.798077 0.403736 0.791346 0.410920 0.787500 0.423851 0.787500 0.438218 0.797115 0.444684 0.807692 0.446121 0.819231 0.441092 0.825962 0.420977 0.825962 0.403736 0.837500
0 0.298851 0.714423 0.293103 0.714423 0.280172 0.706731 0.270833 0.694231 0.266523 0.680769 0.263649 0.665385 0.265086 0.655769 0.266523 0.650000 0.275862 0.639423 0.288793 0.639423 0.294540 0.643269 0.302443 0.665385 0.311063 0.675000 0.313937 0.682692 0.313937 0.696154 0.311063 0.703846 0.304598 0.712500 0.298851 0.714423
0 0.000000 0.752885 0.005747 0.754808 0.009339 0.759615 0.009339 0.775000 0.000000 0.787500
0 0.199713 0.941346 0.183908 0.937500 0.171695 0.923077 0.167385 0.907692 0.176724 0.891346 0.193966 0.887500 0.205460 0.893269 0.211925 0.901923 0.214799 0.909615 0.214799 0.923077 0.206897 0.937500 0.199713 0.941346
0 0.925287 0.325962 0.916667 0.322115 0.913075 0.317308 0.914511 0.301923 0.910201 0.294231 0.911638 0.267308 0.915230 0.262500 0.929598 0.260577 0.938218 0.266346 0.944684 0.276923 0.946121 0.298077 0.940374 0.311538 0.931034 0.324038 0.925287 0.325962
0 0.510057 0.229808 0.502874 0.229808 0.494971 0.221154 0.493534 0.209615 0.496408 0.196154 0.507184 0.177885 0.520115 0.166346 0.528736 0.162500 0.538793 0.162500 0.543822 0.171154 0.542385 0.194231 0.537356 0.202885 0.510057 0.229808
0 0.681034 0.537500 0.673851 0.535577 0.661638 0.521154 0.660201 0.503846 0.663075 0.496154 0.673851 0.481731 0.683908 0.472115 0.695402 0.470192 0.706178 0.480769 0.709052 0.490385 0.709052 0.505769 0.706178 0.515385 0.698276 0.525962 0.681034 0.537500
0 0.632184 0.468269 0.622126 0.466346 0.615661 0.459615 0.615661 0.446154 0.619971 0.428846 0.625718 0.415385 0.630747 0.410577 0.640805 0.408654 0.646552 0.402885 0.658046 0.404808 0.661638 0.409615 0.661638 0.432692 0.658764 0.440385 0.640805 0.464423 0.632184 0.468269
0 0.777299 0.470192 0.761494 0.466346 0.750718 0.453846 0.747845 0.442308 0.747845 0.428846 0.753592 0.415385 0.758621 0.410577 0.771552 0.410577 0.782328 0.419231 0.785201 0.430769 0.785201 0.444231 0.782328 0.463462 0.777299 0.470192
0 0.623563 0.747115 0.612069 0.747115 0.604885 0.743269 0.599856 0.736538 0.599856 0.726923 0.604167 0.717308 0.613506 0.706731 0.622126 0.706731 0.638649 0.723077 0.638649 0.736538 0.632184 0.743269 0.623563 0.747115
0 0.551006 0.998077 0.548851 0.995192 0.535920 0.995192 0.530891 0.986538 0.533764 0.969231 0.543103 0.958654 0.551724 0.960577 0.556034 0.970192 0.563218 0.970192 0.568966 0.975962 0.575431 0.988462 0.575431 0.998077
0 0.777299 0.233654 0.761494 0.233654 0.754310 0.229808 0.747845 0.221154 0.747845 0.209615 0.755747 0.200962 0.785920 0.195192 0.790948 0.201923 0.790948 0.213462 0.777299 0.233654
0 0.752874 0.787500 0.744253 0.787500 0.733477 0.776923 0.732040 0.759615 0.734914 0.751923 0.739943 0.745192 0.747126 0.741346 0.760057 0.745192 0.768678 0.735577 0.774425 0.737500 0.782328 0.753846 0.783764 0.769231 0.778736 0.777885 0.772989 0.781731 0.761494 0.781731 0.752874 0.787500
0 0.882902 0.000000 0.885776 0.005769 0.885776 0.019231 0.876437 0.031731 0.866379 0.031731 0.859195 0.025962 0.851293 0.013462 0.848420 0.000000
0 0.612069 0.666346 0.600575 0.662500 0.592672 0.651923 0.591236 0.644231 0.579741 0.630769 0.578305 0.611538 0.584770 0.599038 0.591954 0.597115 0.599138 0.600962 0.613506 0.600962 0.619971 0.607692 0.621408 0.623077 0.614224 0.636538 0.615661 0.659615 0.612069 0.666346
0 0.107759 0.412500 0.099138 0.410577 0.092672 0.401923 0.094109 0.386538 0.101293 0.369231 0.109195 0.358654 0.126437 0.352885 0.135776 0.361538 0.138649 0.369231 0.138649 0.382692 0.132184 0.395192 0.122126 0.404808 0.107759 0.412500
0 0.843391 0.400962 0.818966 0.400962 0.812500 0.394231 0.812500 0.388462 0.808190 0.380769 0.808190 0.367308 0.816092 0.354808 0.827586 0.352885 0.846264 0.360577 0.855603 0.369231 0.859914 0.384615 0.852011 0.395192 0.843391 0.400962
0 0.591954 0.270192 0.583333 0.270192 0.578305 0.263462 0.576868 0.234615 0.579741 0.215385 0.585489 0.200000 0.590517 0.195192 0.599138 0.195192 0.607040 0.203846 0.611351 0.236538 0.607040 0.251923 0.591954 0.270192
0 0.482759 0.102885 0.472701 0.102885 0.465517 0.099038 0.461925 0.094231 0.460489 0.076923 0.466236 0.055769 0.481322 0.033654 0.489943 0.027885 0.498563 0.027885 0.506466 0.036538 0.509339 0.044231 0.507902 0.067308 0.502155 0.084615 0.492816 0.097115 0.482759 0.102885
0 0.347701 0.858654 0.339080 0.858654 0.328305 0.846154 0.328305 0.826923 0.341236 0.800000 0.350575 0.789423 0.372126 0.789423 0.378592 0.798077 0.382902 0.825000 0.370690 0.845192 0.362069 0.845192 0.347701 0.858654
0 0.872126 0.466346 0.864943 0.466346 0.858477 0.457692 0.852730 0.438462 0.852730 0.430769 0.854885 0.427885 0.859195 0.425962 0.862069 0.429808 0.867816 0.429808 0.880029 0.442308 0.880029 0.453846 0.872126 0.466346
0 0.079023 0.783654 0.073276 0.783654 0.065374 0.775000 0.065374 0.755769 0.073994 0.732692 0.080460 0.722115 0.094828 0.720192 0.102730 0.730769 0.101293 0.750000 0.095546 0.769231 0.090517 0.775962 0.079023 0.783654
0 0.998563 0.345192 0.987069 0.343269 0.976293 0.317308 0.976293 0.296154 0.979167 0.288462 0.985632 0.281731 0.994253 0.281731 0.998563 0.285577
0 0.847701 0.647115 0.833333 0.645192 0.820402 0.637500 0.812500 0.626923 0.812500 0.607692 0.821839 0.599038 0.827586 0.600962 0.831897 0.595192 0.847701 0.595192 0.859195 0.581731 0.864943 0.581731 0.871408 0.588462 0.872845 0.594231 0.868534 0.623077 0.852011 0.645192 0.847701 0.647115
0 0.890805 0.708654 0.875718 0.703846 0.869971 0.696154 0.868534 0.678846 0.878592 0.657692 0.883621 0.652885 0.910920 0.652885 0.914511 0.659615 0.914511 0.665385 0.904454 0.684615 0.901580 0.700000 0.890805 0.708654
0 0.908046 0.187500 0.890805 0.179808 0.864224 0.136538 0.861351 0.128846 0.861351 0.109615 0.869253 0.097115 0.880747 0.093269 0.897989 0.104808 0.915948 0.130769 0.923132 0.153846 0.923132 0.163462 0.918822 0.178846 0.908046 0.187500
0 0.561782 0.652885 0.541667 0.650962 0.532328 0.640385 0.528017 0.626923 0.528017 0.619231 0.537356 0.597115 0.554598 0.595192 0.571121 0.609615 0.573994 0.617308 0.572557 0.640385 0.561782 0.652885
0 0.992098 0.998077 0.992098 0.986538 0.998563 0.975962
0 0.617098 0.998077 0.612787 0.990385 0.612787 0.982692 0.618534 0.963462 0.627874 0.945192 0.639368 0.937500 0.646552 0.939423 0.653017 0.950000 0.653017 0.963462 0.645833 0.980769 0.645833 0.990385 0.642960 0.998077
0 0.965517 0.981731 0.958333 0.981731 0.943247 0.961538 0.941810 0.946154 0.944684 0.934615 0.953305 0.921154 0.957615 0.901923 0.965517 0.891346 0.977011 0.887500 0.989224 0.900000 0.992098 0.913462 0.990661 0.930769 0.983477 0.965385 0.974138 0.977885 0.965517 0.981731
0 0.429598 0.979808 0.415230 0.979808 0.385057 0.962500 0.375718 0.950000 0.375718 0.932692 0.379310 0.927885 0.386494 0.925962 0.390805 0.920192 0.405172 0.912500 0.420977 0.914423 0.433190 0.928846 0.443247 0.955769 0.443247 0.963462 0.438937 0.973077 0.429598 0.979808
0 0.267241 0.929808 0.254310 0.929808 0.248563 0.925962 0.240661 0.913462 0.237787 0.901923 0.237787 0.888462 0.244253 0.877885 0.255747 0.875962 0.271552 0.887500 0.278017 0.900000 0.278017 0.915385 0.267241 0.929808
0 0.000000 0.670192 0.012931 0.675962 0.022270 0.692308 0.022270 0.700000 0.017241 0.708654 0.000000 0.716346
0 0.125000 0.500962 0.106322 0.500962 0.101293 0.496154 0.099856 0.486538 0.110632 0.466346 0.127874 0.454808 0.139368 0.454808 0.154454 0.467308 0.153017 0.473077 0.155891 0.480769 0.152299 0.485577 0.139368 0.497115 0.125000 0.500962
0 0.781609 0.277885 0.770115 0.275962 0.757902 0.263462 0.755029 0.257692 0.755029 0.244231 0.757184 0.241346 0.771552 0.239423 0.780172 0.243269 0.783764 0.248077 0.788075 0.257692 0.788075 0.271154 0.781609 0.277885
0 0.113506 0.602885 0.096264 0.600962 0.091236 0.594231 0.088362 0.578846 0.091236 0.559615 0.099138 0.547115 0.106322 0.541346 0.112069 0.543269 0.117098 0.550000 0.117098 0.561538 0.119971 0.565385 0.119971 0.592308 0.113506 0.602885
0 0.242816 0.820192 0.222701 0.812500 0.217672 0.805769 0.216236 0.794231 0.222701 0.785577 0.238506 0.781731 0.250000 0.768269 0.260057 0.764423 0.271552 0.766346 0.280891 0.784615 0.279454 0.798077 0.272989 0.806731 0.242816 0.820192
0 0.896552 0.299038 0.883621 0.299038 0.874282 0.286538 0.871408 0.276923 0.871408 0.255769 0.883621 0.239423 0.896552 0.239423 0.905891 0.259615 0.905891 0.284615 0.903017 0.292308 0.896552 0.299038
0 0.540230 0.937500 0.531609 0.937500 0.526580 0.930769 0.519397 0.905769 0.523707 0.884615 0.537356 0.870192 0.543103 0.870192 0.557471 0.877885 0.567529 0.887500 0.571121 0.896154 0.569684 0.905769 0.540230 0.937500
0 0.882184 0.441346 0.879310 0.441346 0.867816 0.429808 0.862069 0.429808 0.857040 0.423077 0.857040 0.407692 0.862069 0.399038 0.870690 0.395192 0.877874 0.397115 0.897270 0.415385 0.897270 0.432692 0.893678 0.437500 0.882184 0.441346
0 0.127155 0.998077 0.124282 0.992308 0.127155 0.978846 0.131466 0.973077 0.138649 0.946154 0.146552 0.935577 0.156609 0.937500 0.163075 0.948077 0.165948 0.959615 0.164511 0.980769 0.157328 0.998077
0 0.590517 0.879808 0.577586 0.879808 0.568247 0.871154 0.563937 0.853846 0.563937 0.840385 0.566810 0.826923 0.580460 0.806731 0.597701 0.804808 0.609914 0.823077 0.611351 0.840385 0.608477 0.855769 0.604167 0.865385 0.590517 0.879808
0 0.998563 0.474038 0.994253 0.477885 0.982759 0.474038 0.974856 0.463462 0.967672 0.438462 0.970546 0.421154 0.978448 0.410577 0.988506 0.410577 0.998563 0.416346
0 0.438218 0.789423 0.425287 0.783654 0.417385 0.773077 0.415948 0.767308 0.420259 0.755769 0.430316 0.748077 0.430316 0.730769 0.435345 0.724038 0.443966 0.724038 0.448994 0.730769 0.450431 0.751923 0.459052 0.765385 0.460489 0.775000 0.438218 0.789423
0 0.908046 0.618269 0.897989 0.616346 0.894397 0.607692 0.880029 0.590385 0.878592 0.578846 0.885057 0.568269 0.896552 0.562500 0.909483 0.562500 0.915948 0.567308 0.915948 0.571154 0.923132 0.582692 0.923132 0.590385 0.927443 0.600000 0.920977 0.608654 0.913793 0.608654 0.908046 0.618269
0 0.948276 0.224038 0.936782 0.220192 0.928879 0.205769 0.928879 0.176923 0.933190 0.167308 0.933190 0.161538 0.939655 0.152885 0.951149 0.154808 0.955460 0.160577 0.958333 0.160577 0.966236 0.173077 0.969109 0.182692 0.967672 0.200000 0.964799 0.207692 0.955460 0.220192 0.948276 0.224038
0 0.456897 0.672115 0.446839 0.668269 0.433908 0.650962 0.415230 0.652885 0.409483 0.649038 0.400144 0.632692 0.400144 0.619231 0.408046 0.608654 0.419540 0.608654 0.426724 0.614423 0.441092 0.614423 0.452586 0.622115 0.466236 0.642308 0.466236 0.659615 0.456897 0.672115
0 0.681034 0.822115 0.663793 0.818269 0.650144 0.803846 0.647270 0.790385 0.642960 0.782692 0.642960 0.769231 0.647989 0.758654 0.660920 0.756731 0.673851 0.772115 0.685345 0.775962 0.698994 0.790385 0.698994 0.803846 0.685345 0.820192 0.681034 0.822115
0 0.399425 0.783654 0.379310 0.783654 0.365661 0.769231 0.365661 0.740385 0.373563 0.727885 0.379310 0.724038 0.396552 0.724038 0.415230 0.733654 0.421695 0.740385 0.421695 0.753846 0.417385 0.765385 0.399425 0.783654
0 0.514368 0.504808 0.501437 0.502885 0.493534 0.490385 0.493534 0.451923 0.502874 0.441346 0.508621 0.441346 0.523707 0.457692 0.525144 0.486538 0.522270 0.496154 0.514368 0.504808
0 0.219828 0.449038 0.211207 0.449038 0.197557 0.434615 0.187500 0.407692 0.187500 0.394231 0.191092 0.387500 0.205460 0.387500 0.223420 0.411538 0.227730 0.423077 0.227730 0.434615 0.219828 0.449038
0 0.044540 0.562500 0.034483 0.558654 0.030891 0.551923 0.030891 0.511538 0.035201 0.498077 0.039511 0.492308 0.042385 0.476923 0.045977 0.472115 0.051724 0.472115 0.058190 0.480769 0.058190 0.488462 0.063937 0.500000 0.063937 0.517308 0.053879 0.551923 0.044540 0.562500
0 0.221264 0.574038 0.204023 0.572115 0.186063 0.546154 0.186063 0.526923 0.188937 0.517308 0.193966 0.510577 0.205460 0.510577 0.209770 0.514423 0.226293 0.542308 0.227730 0.567308 0.221264 0.574038
0 0.377874 0.445192 0.363506 0.443269 0.354167 0.425000 0.354167 0.407692 0.361351 0.388462 0.366379 0.381731 0.373563 0.381731 0.377874 0.385577 0.384339 0.394231 0.388649 0.409615 0.387213 0.430769 0.384339 0.438462 0.377874 0.445192
0 0.406609 0.347115 0.395115 0.345192 0.384339 0.332692 0.381466 0.319231 0.382902 0.307692 0.387931 0.300962 0.406609 0.302885 0.413075 0.309615 0.417385 0.321154 0.417385 0.334615 0.410920 0.345192 0.406609 0.347115
0 0.563218 0.781731 0.553161 0.781731 0.542385 0.773077 0.535201 0.734615 0.532328 0.730769 0.532328 0.723077 0.537356 0.714423 0.543103 0.712500 0.554598 0.724038 0.570402 0.731731 0.576149 0.731731 0.581178 0.740385 0.584052 0.748077 0.582615 0.757692 0.571839 0.775962 0.563218 0.781731
0 0.752874 0.847115 0.737069 0.845192 0.711925 0.828846 0.710489 0.813462 0.722701 0.793269 0.729885 0.789423 0.738506 0.791346 0.755747 0.802885 0.765086 0.813462 0.766523 0.832692 0.752874 0.847115
0 0.849138 0.485577 0.830460 0.485577 0.823994 0.476923 0.823994 0.455769 0.828305 0.446154 0.831178 0.428846 0.836207 0.424038 0.846264 0.427885 0.852730 0.436538 0.859914 0.459615 0.854167 0.478846 0.849138 0.485577
0 0.670977 0.249038 0.662356 0.247115 0.647270 0.234615 0.644397 0.223077 0.649425 0.212500 0.660920 0.206731 0.673851 0.206731 0.686782 0.210577 0.696121 0.219231 0.697557 0.230769 0.692529 0.239423 0.685345 0.245192 0.670977 0.249038
0 0.725575 0.735577 0.716954 0.735577 0.704023 0.724038 0.694684 0.711538 0.694684 0.705769 0.701149 0.697115 0.711207 0.691346 0.716954 0.691346 0.722701 0.685577 0.735632 0.685577 0.742098 0.694231 0.742098 0.711538 0.725575 0.735577
0 0.807471 0.335577 0.794540 0.331731 0.788075 0.319231 0.790948 0.300000 0.798851 0.291346 0.806034 0.291346 0.819684 0.303846 0.819684 0.323077 0.807471 0.335577
0 0.076149 0.087500 0.068966 0.087500 0.058190 0.078846 0.056753 0.065385 0.061063 0.050000 0.076149 0.025962 0.089080 0.020192 0.097701 0.020192 0.104167 0.028846 0.102730 0.048077 0.094109 0.069231 0.083333 0.083654 0.076149 0.087500
0 0.498563 0.883654 0.482759 0.881731 0.473420 0.869231 0.473420 0.857692 0.476293 0.850000 0.487069 0.839423 0.507184 0.839423 0.515805 0.843269 0.523707 0.853846 0.523707 0.863462 0.517241 0.875962 0.508621 0.881731 0.498563 0.883654
0 0.900862 0.885577 0.890805 0.885577 0.885057 0.877885 0.877155 0.865385 0.872845 0.848077 0.874282 0.825000 0.886494 0.808654 0.897989 0.810577 0.911638 0.834615 0.908764 0.873077 0.900862 0.885577
0 0.714080 0.652885 0.705460 0.652885 0.702586 0.649038 0.689655 0.645192 0.683190 0.634615 0.684626 0.621154 0.691092 0.614423 0.705460 0.614423 0.709770 0.610577 0.724138 0.608654 0.729885 0.612500 0.737787 0.626923 0.733477 0.642308 0.729885 0.647115 0.721264 0.647115 0.714080 0.652885
0 0.921695 0.000000 0.931753 0.017308 0.933190 0.040385 0.930316 0.050000 0.918103 0.064423 0.905172 0.062500 0.897270 0.053846 0.892960 0.040385 0.895833 0.019231 0.900144 0.009615 0.908764 0.000000
0 0.054598 0.927885 0.048851 0.925962 0.039511 0.907692 0.028736 0.899038 0.020833 0.888462 0.020833 0.878846 0.030172 0.864423 0.040230 0.864423 0.051724 0.875962 0.058908 0.877885 0.063937 0.884615 0.063937 0.915385 0.062500 0.921154 0.054598 0.927885
0 0.784483 0.737500 0.770115 0.731731 0.765086 0.723077 0.775144 0.696154 0.777299 0.693269 0.808908 0.695192 0.815374 0.705769 0.813937 0.711538 0.795977 0.727885 0.790230 0.729808 0.784483 0.737500
0 0.314655 0.881731 0.301724 0.875962 0.285201 0.850000 0.282328 0.830769 0.287356 0.820192 0.301724 0.818269 0.313218 0.825962 0.321121 0.836538 0.325431 0.851923 0.325431 0.867308 0.320402 0.877885 0.314655 0.881731
0 0.556034 0.537500 0.547414 0.537500 0.538075 0.526923 0.536638 0.509615 0.539511 0.501923 0.545977 0.495192 0.558908 0.489423 0.566092 0.489423 0.573994 0.500000 0.573994 0.515385 0.564655 0.531731 0.556034 0.537500
0 0.038793 0.375962 0.030172 0.375962 0.025144 0.371154 0.020833 0.363462 0.019397 0.350000 0.022270 0.328846 0.026580 0.315385 0.035920 0.302885 0.045977 0.300962 0.051006 0.305769 0.055316 0.315385 0.056753 0.342308 0.048132 0.367308 0.038793 0.375962
0 0.379310 0.687500 0.363506 0.683654 0.355603 0.675000 0.354167 0.661538 0.360632 0.649038 0.379310 0.647115 0.392960 0.655769 0.394397 0.673077 0.386494 0.683654 0.379310 0.687500
0 0.797414 0.683654 0.780172 0.683654 0.773707 0.676923 0.770833 0.667308 0.773707 0.644231 0.784483 0.633654 0.800287 0.631731 0.817529 0.643269 0.823994 0.653846 0.822557 0.669231 0.818966 0.674038 0.811782 0.674038 0.797414 0.683654
0 0.772989 0.939423 0.762931 0.937500 0.756466 0.928846 0.755029 0.911538 0.761494 0.902885 0.783046 0.889423 0.791667 0.877885 0.803161 0.872115 0.808908 0.874038 0.813937 0.882692 0.812500 0.898077 0.803161 0.910577 0.800287 0.910577 0.784483 0.933654 0.772989 0.939423
0 0.735632 0.052885 0.721264 0.052885 0.712644 0.049038 0.704741 0.036538 0.706178 0.028846 0.714080 0.018269 0.725575 0.010577 0.745690 0.010577 0.755029 0.021154 0.755029 0.034615 0.747126 0.047115 0.735632 0.052885
0 0.452586 0.264423 0.436782 0.262500 0.420259 0.242308 0.407328 0.211538 0.407328 0.200000 0.413793 0.187500 0.423851 0.181731 0.431034 0.181731 0.439655 0.185577 0.451868 0.198077 0.463362 0.230769 0.463362 0.250000 0.452586 0.264423
0 0.603448 0.447115 0.591954 0.443269 0.584052 0.428846 0.584052 0.413462 0.592672 0.376923 0.597701 0.364423 0.609195 0.366346 0.618534 0.384615 0.618534 0.398077 0.614224 0.413462 0.614224 0.430769 0.612787 0.436538 0.603448 0.447115
0 0.939655 0.783654 0.933908 0.781731 0.928879 0.775000 0.926006 0.761538 0.926006 0.719231 0.928879 0.707692 0.933908 0.700962 0.941092 0.700962 0.946121 0.707692 0.948994 0.734615 0.947557 0.775000 0.939655 0.783654
0 0.850575 0.349038 0.834770 0.349038 0.816092 0.339423 0.812500 0.332692 0.819684 0.323077 0.819684 0.309615 0.833333 0.302885 0.852011 0.308654 0.857040 0.315385 0.858477 0.325000 0.855603 0.340385 0.850575 0.349038
0 0.130747 0.241346 0.120690 0.241346 0.106322 0.233654 0.096983 0.223077 0.089799 0.203846 0.091236 0.186538 0.094828 0.177885 0.103448 0.172115 0.114943 0.172115 0.119253 0.177885 0.125718 0.180769 0.137213 0.217308 0.137213 0.230769 0.130747 0.241346
0 0.356322 0.264423 0.343391 0.262500 0.338362 0.255769 0.334052 0.242308 0.336925 0.223077 0.349138 0.212500 0.359195 0.214423 0.365661 0.223077 0.367098 0.230769 0.365661 0.253846 0.356322 0.264423
0 0.803161 0.262500 0.791667 0.258654 0.783764 0.244231 0.785201 0.230769 0.791667 0.225962 0.797414 0.216346 0.801724 0.216346 0.813218 0.224038 0.821121 0.238462 0.821121 0.251923 0.813218 0.260577 0.803161 0.262500
0 0.149425 0.891346 0.139368 0.887500 0.132902 0.878846 0.130029 0.869231 0.135776 0.836538 0.143678 0.824038 0.150862 0.824038 0.160201 0.834615 0.164511 0.844231 0.165948 0.855769 0.164511 0.876923 0.155172 0.889423 0.149425 0.891346
0 0.298851 0.475962 0.288793 0.475962 0.274425 0.470192 0.266523 0.459615 0.266523 0.440385 0.275862 0.431731 0.291667 0.431731 0.306034 0.439423 0.311063 0.446154 0.312500 0.461538 0.304598 0.474038 0.298851 0.475962
0 0.613506 0.074038 0.609195 0.074038 0.604167 0.067308 0.604167 0.055769 0.607040 0.048077 0.619253 0.031731 0.630747 0.025962 0.637931 0.027885 0.641523 0.032692 0.641523 0.042308 0.626437 0.062500 0.613506 0.074038
0 0.337644 0.389423 0.327586 0.389423 0.318247 0.376923 0.315374 0.365385 0.318247 0.346154 0.323994 0.334615 0.330460 0.327885 0.340517 0.329808 0.349856 0.353846 0.346983 0.376923 0.337644 0.389423
0 0.185345 0.074038 0.176724 0.074038 0.170977 0.070192 0.164511 0.059615 0.163075 0.042308 0.167385 0.025000 0.178161 0.008654 0.185345 0.002885 0.196839 0.000962 0.206897 0.004808 0.217672 0.015385 0.220546 0.026923 0.219109 0.046154 0.208333 0.062500 0.185345 0.074038
0 0.308908 0.981731 0.295977 0.981731 0.290230 0.977885 0.285201 0.971154 0.282328 0.961538 0.282328 0.953846 0.286638 0.942308 0.303161 0.927885 0.314655 0.927885 0.323276 0.931731 0.332615 0.948077 0.332615 0.963462 0.324713 0.974038 0.308908 0.981731
0 0.644397 0.000000 0.639368 0.006731 0.627874 0.006731 0.622845 0.000000
0 0.998563 0.895192 0.994971 0.892308 0.994971 0.880769 0.998563 0.877885
0 0.620690 0.358654 0.607759 0.356731 0.594109 0.338462 0.594109 0.323077 0.600575 0.312500 0.609195 0.308654 0.626437 0.308654 0.636494 0.314423 0.644397 0.325000 0.644397 0.342308 0.637931 0.350962 0.620690 0.358654
0 0.998563 0.166346 0.991379 0.162500 0.984914 0.148077 0.986351 0.138462 0.995690 0.125962 0.998563 0.125962
0 0.856322 0.547115 0.847701 0.545192 0.833333 0.535577 0.828305 0.528846 0.828305 0.513462 0.831897 0.502885 0.844828 0.495192 0.860632 0.493269 0.876437 0.500962 0.882902 0.509615 0.882902 0.526923 0.869253 0.543269 0.856322 0.547115
0 0.925287 0.497115 0.909483 0.487500 0.903017 0.475000 0.903017 0.463462 0.905891 0.455769 0.918103 0.437500 0.933908 0.439423 0.946121 0.455769 0.948994 0.463462 0.948994 0.469231 0.929598 0.495192 0.925287 0.497115
0 0.610632 0.800962 0.589080 0.799038 0.582615 0.790385 0.582615 0.776923 0.589080 0.764423 0.596264 0.760577 0.604885 0.760577 0.612069 0.762500 0.619971 0.769231 0.621408 0.786538 0.610632 0.800962
0 0.132184 0.599038 0.126437 0.599038 0.119971 0.592308 0.118534 0.569231 0.121408 0.540385 0.129310 0.533654 0.136494 0.533654 0.144397 0.542308 0.151580 0.559615 0.151580 0.565385 0.145833 0.586538 0.132184 0.599038
0 0.965517 0.643269 0.954023 0.639423 0.950431 0.632692 0.950431 0.615385 0.953305 0.605769 0.951868 0.586538 0.964080 0.562500 0.978448 0.560577 0.984914 0.571154 0.986351 0.582692 0.984914 0.617308 0.976293 0.632692 0.965517 0.643269
0 0.869253 0.762500 0.854885 0.758654 0.844109 0.744231 0.844109 0.726923 0.846983 0.713462 0.856322 0.702885 0.867816 0.702885 0.874282 0.711538 0.877155 0.721154 0.877155 0.751923 0.869253 0.762500
0 0.000000 0.224038 0.008621 0.220192 0.012931 0.222115 0.020833 0.232692 0.019397 0.263462 0.012213 0.278846 0.002874 0.289423 0.000000 0.289423
0 0.373563 0.908654 0.363506 0.908654 0.353448 0.902885 0.347701 0.902885 0.335489 0.892308 0.334052 0.880769 0.344828 0.862500 0.360632 0.860577 0.372126 0.866346 0.380029 0.875000 0.385776 0.886538 0.385776 0.892308 0.381466 0.901923 0.373563 0.908654
0 0.049569 0.998077 0.035920 0.991346 0.029454 0.982692 0.028017 0.973077 0.031609 0.966346 0.034483 0.966346 0.043103 0.956731 0.051724 0.954808 0.066092 0.960577 0.070402 0.968269 0.076149 0.972115 0.084052 0.986538 0.085489 0.998077
0 0.586207 0.975962 0.574713 0.972115 0.566092 0.958654 0.558190 0.951923 0.558190 0.938462 0.580460 0.914423 0.591954 0.916346 0.596983 0.923077 0.601293 0.936538 0.599856 0.950000 0.592672 0.969231 0.586207 0.975962
0 0.804598 0.164423 0.790230 0.164423 0.778736 0.156731 0.765086 0.138462 0.765086 0.121154 0.771552 0.112500 0.778736 0.108654 0.804598 0.114423 0.810345 0.118269 0.816810 0.128846 0.816810 0.144231 0.813937 0.153846 0.804598 0.164423
0 0.504310 0.581731 0.494253 0.581731 0.486351 0.571154 0.484914 0.561538 0.476293 0.540385 0.477730 0.530769 0.481322 0.525962 0.500000 0.525962 0.510057 0.533654 0.520833 0.550000 0.520833 0.561538 0.517960 0.567308 0.504310 0.581731
0 0.755747 0.541346 0.745690 0.541346 0.737069 0.535577 0.731322 0.535577 0.726293 0.526923 0.726293 0.517308 0.729167 0.509615 0.735632 0.502885 0.754310 0.499038 0.758621 0.495192 0.767241 0.495192 0.772270 0.503846 0.772270 0.515385 0.769397 0.525000 0.755747 0.541346
0 0.616379 0.593269 0.606322 0.591346 0.598420 0.576923 0.598420 0.569231 0.601293 0.565385 0.601293 0.557692 0.604167 0.551923 0.605603 0.532692 0.612069 0.524038 0.620690 0.524038 0.626437 0.527885 0.632902 0.536538 0.640086 0.555769 0.638649 0.571154 0.629310 0.583654 0.616379 0.593269
0 0.693247 0.998077 0.693247 0.973077 0.714080 0.958654 0.728448 0.960577 0.739224 0.969231 0.740661 0.984615 0.729167 0.998077
0 0.808908 0.810577 0.798851 0.808654 0.790948 0.800000 0.786638 0.788462 0.788075 0.771154 0.798851 0.760577 0.808908 0.760577 0.824713 0.754808 0.831178 0.763462 0.834052 0.778846 0.829023 0.787500 0.820402 0.793269 0.808908 0.810577
0 0.692529 0.458654 0.672414 0.454808 0.661638 0.440385 0.661638 0.419231 0.669540 0.402885 0.691092 0.402885 0.703305 0.415385 0.706178 0.430769 0.706178 0.450000 0.702586 0.454808 0.692529 0.458654
0 0.235632 0.720192 0.224138 0.720192 0.209770 0.708654 0.192529 0.708654 0.188937 0.703846 0.188937 0.694231 0.193966 0.685577 0.204023 0.677885 0.216954 0.675962 0.222701 0.672115 0.232759 0.674038 0.244971 0.694231 0.244971 0.705769 0.235632 0.720192
0 0.772989 0.585577 0.764368 0.585577 0.753592 0.565385 0.755029 0.551923 0.761494 0.543269 0.768678 0.539423 0.788793 0.549038 0.795259 0.559615 0.793822 0.567308 0.790230 0.572115 0.772989 0.585577
0 0.586207 0.712500 0.579023 0.710577 0.571121 0.701923 0.568247 0.680769 0.562500 0.667308 0.561063 0.653846 0.571839 0.641346 0.579023 0.641346 0.585489 0.648077 0.591236 0.661538 0.591236 0.673077 0.599856 0.682692 0.599856 0.698077 0.590517 0.710577 0.586207 0.712500
0 0.159483 0.652885 0.149425 0.652885 0.126437 0.645192 0.119971 0.632692 0.119971 0.625000 0.130747 0.616346 0.160920 0.614423 0.176724 0.620192 0.181753 0.626923 0.180316 0.636538 0.172414 0.647115 0.159483 0.652885
0 0.515805 0.816346 0.488506 0.816346 0.479885 0.810577 0.471983 0.798077 0.471983 0.786538 0.474856 0.778846 0.481322 0.774038 0.500000 0.772115 0.514368 0.775962 0.522270 0.794231 0.522270 0.807692 0.515805 0.816346
0 0.916667 0.402885 0.892241 0.400962 0.881466 0.376923 0.881466 0.361538 0.896552 0.341346 0.906609 0.341346 0.914511 0.350000 0.915948 0.382692 0.920259 0.392308 0.920259 0.398077 0.916667 0.402885
0 0.675287 0.127885 0.656609 0.127885 0.630747 0.114423 0.611351 0.094231 0.607040 0.076923 0.627874 0.062500 0.643678 0.066346 0.668103 0.079808 0.680316 0.094231 0.684626 0.105769 0.683190 0.119231 0.675287 0.127885
0 0.837644 0.189423 0.827586 0.189423 0.821121 0.182692 0.816810 0.173077 0.816810 0.159615 0.819684 0.148077 0.829023 0.133654 0.836207 0.127885 0.847701 0.127885 0.855603 0.136538 0.858477 0.144231 0.858477 0.157692 0.852730 0.173077 0.837644 0.189423
0 0.244253 0.295192 0.237069 0.295192 0.227730 0.284615 0.226293 0.271154 0.229167 0.257692 0.236351 0.242308 0.250000 0.224038 0.261494 0.216346 0.271552 0.216346 0.278017 0.225000 0.275144 0.253846 0.267960 0.271154 0.254310 0.289423 0.244253 0.295192
0 0.081897 0.860577 0.070402 0.860577 0.061063 0.842308 0.062500 0.825000 0.068966 0.812500 0.076149 0.812500 0.080460 0.816346 0.095546 0.836538 0.095546 0.850000 0.090517 0.856731 0.081897 0.860577
0 0.998563 0.225962 0.992816 0.224038 0.987787 0.217308 0.983477 0.200000 0.983477 0.192308 0.987069 0.185577 0.998563 0.185577
0 0.554598 0.450962 0.545977 0.450962 0.540948 0.446154 0.538075 0.436538 0.538075 0.421154 0.548132 0.400000 0.556034 0.391346 0.558908 0.391346 0.572557 0.403846 0.572557 0.421154 0.566810 0.438462 0.554598 0.450962
0 0.428161 0.500962 0.418103 0.500962 0.411638 0.494231 0.407328 0.480769 0.407328 0.463462 0.410201 0.440385 0.415948 0.425000 0.426724 0.414423 0.432471 0.414423 0.439655 0.418269 0.444684 0.428846 0.444684 0.453846 0.438937 0.484615 0.428161 0.500962
0 0.295977 0.399038 0.272989 0.397115 0.260776 0.386538 0.257902 0.375000 0.260776 0.365385 0.268678 0.352885 0.275862 0.349038 0.288793 0.349038 0.301006 0.363462 0.302443 0.388462 0.295977 0.399038
0 0.040230 0.864423 0.028736 0.864423 0.009339 0.846154 0.012213 0.826923 0.031609 0.804808 0.040230 0.804808 0.045977 0.808654 0.053879 0.821154 0.056753 0.830769 0.056753 0.842308 0.049569 0.855769 0.040230 0.864423
0 0.090517 0.962500 0.084770 0.962500 0.073276 0.954808 0.066810 0.942308 0.066810 0.915385 0.069684 0.907692 0.079023 0.899038 0.091954 0.900962 0.105603 0.917308 0.108477 0.926923 0.108477 0.940385 0.104167 0.951923 0.099138 0.958654 0.090517 0.962500
