0 0.776389 0.997222 0.783333 0.981944 0.805556 0.970833 0.825000 0.973611 0.845833 0.997222
0 0.636111 0.434722 0.622222 0.434722 0.615278 0.427778 0.615278 0.411111 0.622222 0.404167 0.633333 0.404167 0.640278 0.411111 0.640278 0.430556 0.636111 0.434722
0 0.922222 0.176389 0.897222 0.176389 0.862500 0.150000 0.856944 0.133333 0.856944 0.108333 0.876389 0.052778 0.890278 0.033333 0.911111 0.015278 0.936111 0.009722 0.947222 0.015278 0.962500 0.033333 0.965278 0.072222 0.959722 0.116667 0.951389 0.144444 0.943056 0.158333 0.922222 0.176389
0 0.661111 0.887500 0.630556 0.884722 0.611111 0.873611 0.593056 0.847222 0.581944 0.813889 0.584722 0.744444 0.602778 0.720833 0.616667 0.715278 0.633333 0.715278 0.655556 0.726389 0.668056 0.738889 0.687500 0.777778 0.693056 0.808333 0.693056 0.847222 0.679167 0.875000 0.661111 0.887500
0 0.758333 0.218056 0.711111 0.218056 0.700000 0.212500 0.681944 0.194444 0.654167 0.152778 0.654167 0.127778 0.670833 0.088889 0.673611 0.063889 0.683333 0.051389 0.697222 0.043056 0.722222 0.040278 0.733333 0.045833 0.751389 0.075000 0.754167 0.100000 0.769444 0.106944 0.798611 0.138889 0.795833 0.183333 0.766667 0.215278 0.758333 0.218056
0 0.595833 0.997222 0.627778 0.970833 0.650000 0.959722 0.691667 0.962500 0.704167 0.975000 0.709722 0.997222
0 0.584722 0.000000 0.586111 0.015278 0.611111 0.012500 0.638889 0.029167 0.651389 0.041667 0.651389 0.069444 0.640278 0.080556 0.637500 0.111111 0.608333 0.143056 0.591667 0.151389 0.566667 0.148611 0.554167 0.136111 0.548611 0.122222 0.548611 0.077778 0.541667 0.070833 0.516667 0.065278 0.495833 0.044444 0.487500 0.025000 0.487500 0.008333 0.493056 0.000000
0 0.344444 0.648611 0.327778 0.648611 0.312500 0.633333 0.298611 0.608333 0.293056 0.594444 0.293056 0.536111 0.306944 0.500000 0.341667 0.462500 0.361111 0.451389 0.388889 0.448611 0.402778 0.454167 0.423611 0.477778 0.426389 0.519444 0.420833 0.536111 0.384722 0.586111 0.362500 0.633333 0.344444 0.648611
0 0.997222 0.679167 0.970833 0.641667 0.956944 0.600000 0.956944 0.577778 0.970833 0.533333 0.986111 0.520833 0.997222 0.520833
0 0.997222 0.501389 0.980556 0.504167 0.969444 0.498611 0.951389 0.480556 0.940278 0.455556 0.940278 0.405556 0.951389 0.361111 0.963889 0.351389 0.988889 0.351389 0.997222 0.359722
0 0.786111 0.554167 0.741667 0.551389 0.711111 0.531944 0.684722 0.505556 0.668056 0.466667 0.668056 0.441667 0.681944 0.416667 0.700000 0.401389 0.725000 0.398611 0.741667 0.404167 0.761111 0.415278 0.779167 0.433333 0.798611 0.475000 0.804167 0.500000 0.804167 0.527778 0.786111 0.554167
0 0.563889 0.484722 0.533333 0.484722 0.506944 0.466667 0.490278 0.430556 0.487500 0.377778 0.495833 0.344444 0.529167 0.294444 0.561111 0.265278 0.594444 0.262500 0.613889 0.270833 0.629167 0.286111 0.634722 0.300000 0.640278 0.344444 0.629167 0.391667 0.615278 0.411111 0.615278 0.427778 0.606944 0.447222 0.577778 0.479167 0.563889 0.484722
0 0.811111 0.729167 0.772222 0.715278 0.741667 0.698611 0.693056 0.641667 0.690278 0.616667 0.695833 0.594444 0.704167 0.580556 0.719444 0.568056 0.744444 0.559722 0.802778 0.568056 0.827778 0.581944 0.851389 0.608333 0.870833 0.658333 0.868056 0.686111 0.850000 0.709722 0.811111 0.729167
0 0.511111 0.756944 0.494444 0.756944 0.483333 0.751389 0.468056 0.736111 0.459722 0.716667 0.448611 0.597222 0.459722 0.566667 0.477778 0.554167 0.494444 0.556944 0.512500 0.572222 0.529167 0.602778 0.534722 0.625000 0.531944 0.730556 0.511111 0.756944
0 0.226389 0.000000 0.252778 0.009722 0.265278 0.022222 0.270833 0.036111 0.270833 0.075000 0.238889 0.115278 0.219444 0.123611 0.183333 0.126389 0.155556 0.120833 0.127778 0.104167 0.098611 0.075000 0.093056 0.047222 0.105556 0.029167 0.144444 0.020833 0.166667 0.006944 0.187500 0.000000
0 0.373611 0.997222 0.400000 0.968056 0.422222 0.956944 0.444444 0.934722 0.461111 0.937500 0.473611 0.950000 0.481944 0.969444 0.481944 0.997222
0 0.113889 0.484722 0.091667 0.484722 0.070833 0.463889 0.070833 0.441667 0.065278 0.425000 0.065278 0.369444 0.070833 0.352778 0.094444 0.334722 0.144444 0.331944 0.173611 0.361111 0.181944 0.380556 0.181944 0.397222 0.162500 0.447222 0.138889 0.473611 0.113889 0.484722
0 0.313889 0.343056 0.269444 0.343056 0.252778 0.337500 0.240278 0.330556 0.220833 0.305556 0.220833 0.258333 0.231944 0.233333 0.258333 0.201389 0.280556 0.201389 0.297222 0.209722 0.318056 0.244444 0.331944 0.255556 0.343056 0.272222 0.348611 0.316667 0.327778 0.337500 0.313889 0.343056
0 0.000000 0.806944 0.008333 0.798611 0.047222 0.801389 0.055556 0.804167 0.070833 0.822222 0.076389 0.844444 0.073611 0.897222 0.079167 0.902778 0.079167 0.911111 0.115278 0.944444 0.120833 0.958333 0.118056 0.980556 0.104167 0.997222
0 0.141667 0.784722 0.113889 0.781944 0.069444 0.765278 0.059722 0.752778 0.054167 0.719444 0.062500 0.702778 0.088889 0.679167 0.138889 0.656944 0.169444 0.615278 0.180556 0.609722 0.200000 0.609722 0.231944 0.636111 0.240278 0.650000 0.240278 0.658333 0.229167 0.688889 0.209722 0.716667 0.209722 0.725000 0.195833 0.741667 0.195833 0.747222 0.169444 0.773611 0.141667 0.784722
0 0.402778 0.968056 0.372222 0.965278 0.345833 0.936111 0.334722 0.900000 0.334722 0.880556 0.351389 0.838889 0.369444 0.815278 0.386111 0.806944 0.411111 0.806944 0.427778 0.815278 0.448611 0.838889 0.459722 0.875000 0.459722 0.908333 0.454167 0.922222 0.436111 0.945833 0.402778 0.968056
0 0.118056 0.000000 0.118056 0.005556 0.105556 0.020833 0.061111 0.045833 0.044444 0.051389 0.011111 0.051389 0.000000 0.043056
