0 0.652344 0.787109 0.628906 0.787109 0.623047 0.781250 0.623047 0.757812 0.648438 0.736328 0.671875 0.736328 0.677734 0.742188 0.677734 0.761719 0.652344 0.787109
0 0.187500 0.443359 0.166016 0.433594 0.166016 0.402344 0.175781 0.392578 0.191406 0.392578 0.201172 0.406250 0.201172 0.433594 0.187500 0.443359
0 0.367188 0.369141 0.359375 0.369141 0.341797 0.351562 0.333984 0.332031 0.333984 0.320312 0.347656 0.302734 0.371094 0.310547 0.384766 0.332031 0.384766 0.351562 0.367188 0.369141
0 0.089844 0.564453 0.082031 0.564453 0.072266 0.550781 0.072266 0.535156 0.078125 0.529297 0.091797 0.535156 0.095703 0.546875 0.089844 0.564453
0 0.863281 0.310547 0.849609 0.304688 0.849609 0.273438 0.863281 0.251953 0.878906 0.248047 0.888672 0.257812 0.888672 0.277344 0.863281 0.310547
0 0.906250 0.466797 0.890625 0.466797 0.880859 0.457031 0.880859 0.445312 0.898438 0.419922 0.914062 0.419922 0.923828 0.429688 0.923828 0.445312 0.906250 0.466797
0 0.937500 0.138672 0.921875 0.138672 0.916016 0.132812 0.916016 0.105469 0.937500 0.076172 0.949219 0.076172 0.955078 0.082031 0.955078 0.113281 0.937500 0.138672
0 0.609375 0.931641 0.593750 0.931641 0.583984 0.921875 0.583984 0.902344 0.601562 0.888672 0.625000 0.888672 0.630859 0.894531 0.630859 0.917969 0.609375 0.931641
0 0.726562 0.458984 0.714844 0.458984 0.705078 0.449219 0.705078 0.429688 0.712891 0.410156 0.730469 0.400391 0.744141 0.414062 0.744141 0.437500 0.726562 0.458984
0 0.882812 0.873047 0.869141 0.871094 0.857422 0.859375 0.857422 0.847656 0.878906 0.818359 0.898438 0.810547 0.912109 0.824219 0.912109 0.839844 0.904297 0.855469 0.882812 0.873047
0 0.585938 0.689453 0.566406 0.689453 0.560547 0.683594 0.560547 0.660156 0.572266 0.636719 0.589844 0.619141 0.605469 0.615234 0.619141 0.625000 0.619141 0.652344 0.607422 0.671875 0.585938 0.689453
0 0.464844 0.970703 0.429688 0.970703 0.419922 0.949219 0.457031 0.931641 0.476562 0.931641 0.482422 0.937500 0.482422 0.957031 0.464844 0.970703
0 0.839844 0.826172 0.822266 0.816406 0.822266 0.804688 0.843750 0.775391 0.859375 0.771484 0.869141 0.781250 0.865234 0.800781 0.839844 0.826172
0 0.328125 0.611328 0.308594 0.611328 0.298828 0.601562 0.298828 0.589844 0.324219 0.552734 0.343750 0.552734 0.353516 0.574219 0.345703 0.593750 0.328125 0.611328
0 0.347656 0.701172 0.332031 0.697266 0.318359 0.675781 0.322266 0.656250 0.339844 0.646484 0.373047 0.660156 0.369141 0.687500 0.347656 0.701172
0 0.996094 0.462891 0.974609 0.449219 0.978516 0.421875 0.996094 0.400391
0 0.183594 0.720703 0.132812 0.716797 0.115234 0.699219 0.115234 0.679688 0.140625 0.662109 0.183594 0.666016 0.205078 0.687500 0.201172 0.707031 0.183594 0.720703
0 0.535156 0.357422 0.513672 0.347656 0.509766 0.328125 0.513672 0.316406 0.535156 0.294922 0.542969 0.294922 0.556641 0.308594 0.556641 0.332031 0.552734 0.343750 0.535156 0.357422
0 0.136719 0.376953 0.121094 0.376953 0.111328 0.363281 0.111328 0.343750 0.125000 0.326172 0.136719 0.326172 0.150391 0.347656 0.146484 0.367188 0.136719 0.376953
0 0.167969 0.853516 0.148438 0.853516 0.130859 0.839844 0.126953 0.820312 0.136719 0.810547 0.156250 0.806641 0.181641 0.820312 0.185547 0.835938 0.167969 0.853516
0 0.390625 0.275391 0.378906 0.271484 0.361328 0.250000 0.361328 0.226562 0.375000 0.212891 0.396484 0.226562 0.404297 0.246094 0.404297 0.257812 0.390625 0.275391
0 0.925781 0.982422 0.898438 0.982422 0.892578 0.976562 0.892578 0.960938 0.921875 0.931641 0.941406 0.931641 0.947266 0.937500 0.947266 0.957031 0.925781 0.982422
0 0.058594 0.248047 0.037109 0.226562 0.037109 0.187500 0.050781 0.169922 0.070312 0.169922 0.087891 0.187500 0.091797 0.210938 0.083984 0.230469 0.058594 0.248047
0 0.361328 0.000000 0.376953 0.027344 0.376953 0.062500 0.367188 0.072266 0.351562 0.072266 0.326172 0.035156 0.326172 0.011719 0.333984 0.000000
0 0.697266 0.996094 0.710938 0.986328 0.726562 0.986328 0.736328 0.996094
0 0.656250 0.146484 0.644531 0.146484 0.634766 0.136719 0.626953 0.113281 0.630859 0.097656 0.644531 0.083984 0.656250 0.083984 0.666016 0.093750 0.669922 0.109375 0.669922 0.128906 0.656250 0.146484
0 0.000000 0.349609 0.027344 0.353516 0.033203 0.359375 0.033203 0.367188 0.015625 0.380859 0.000000 0.380859
0 0.000000 0.287109 0.027344 0.294922 0.044922 0.316406 0.044922 0.335938 0.031250 0.353516 0.000000 0.349609
0 0.609375 0.529297 0.585938 0.525391 0.576172 0.511719 0.572266 0.480469 0.585938 0.470703 0.597656 0.470703 0.619141 0.496094 0.619141 0.515625 0.609375 0.529297
0 0.917969 0.732422 0.906250 0.732422 0.896484 0.722656 0.896484 0.703125 0.910156 0.681641 0.937500 0.673828 0.951172 0.695312 0.943359 0.714844 0.917969 0.732422
0 0.000000 0.103516 0.015625 0.103516 0.025391 0.121094 0.021484 0.148438 0.015625 0.154297 0.000000 0.154297
0 0.996094 0.822266 0.982422 0.816406 0.982422 0.789062 0.996094 0.779297
0 0.500000 0.162109 0.484375 0.162109 0.470703 0.148438 0.470703 0.128906 0.484375 0.107422 0.500000 0.107422 0.509766 0.117188 0.513672 0.140625 0.500000 0.162109
0 0.207031 0.177734 0.195312 0.173828 0.185547 0.156250 0.185547 0.140625 0.199219 0.123047 0.212891 0.125000 0.224609 0.148438 0.220703 0.167969 0.207031 0.177734
0 0.531250 0.814453 0.503906 0.814453 0.494141 0.804688 0.494141 0.789062 0.507812 0.771484 0.523438 0.763672 0.542969 0.763672 0.556641 0.777344 0.556641 0.796875 0.531250 0.814453
0 0.085938 0.333984 0.066406 0.333984 0.052734 0.316406 0.056641 0.273438 0.070312 0.259766 0.082031 0.259766 0.099609 0.277344 0.099609 0.308594 0.085938 0.333984
0 0.933594 0.333984 0.919922 0.328125 0.923828 0.292969 0.941406 0.267578 0.953125 0.267578 0.958984 0.273438 0.955078 0.308594 0.933594 0.333984
0 0.121094 0.302734 0.109375 0.302734 0.099609 0.292969 0.099609 0.265625 0.113281 0.240234 0.125000 0.240234 0.134766 0.253906 0.134766 0.285156 0.121094 0.302734
0 0.800781 0.833984 0.777344 0.833984 0.767578 0.824219 0.767578 0.808594 0.781250 0.791016 0.792969 0.791016 0.810547 0.804688 0.810547 0.820312 0.800781 0.833984
0 0.646484 0.996094 0.667969 0.974609 0.683594 0.974609 0.693359 0.984375 0.693359 0.996094
