0 0.862500 0.576172 0.851562 0.570312 0.842187 0.546875 0.820312 0.519531 0.820312 0.503906 0.834375 0.482422 0.850000 0.482422 0.854688 0.468750 0.864062 0.464844 0.870313 0.433594 0.881250 0.419922 0.915625 0.419922 0.931250 0.427734 0.948438 0.464844 0.948438 0.503906 0.935937 0.531250 0.925000 0.544922 0.887500 0.544922 0.862500 0.576172
0 0.653125 0.599609 0.640625 0.599609 0.629687 0.585938 0.629687 0.578125 0.664062 0.511719 0.690625 0.478516 0.725000 0.451172 0.743750 0.451172 0.765625 0.462891 0.771875 0.451172 0.782813 0.457031 0.789062 0.527344 0.778125 0.556641 0.750000 0.544922 0.734375 0.521484 0.721875 0.513672 0.693750 0.517578 0.676562 0.535156 0.653125 0.599609
0 0.612500 0.791016 0.590625 0.791016 0.571875 0.783203 0.567187 0.773438 0.598437 0.714844 0.609375 0.701172 0.621875 0.697266 0.639062 0.714844 0.639062 0.726562 0.648438 0.734375 0.648438 0.773438 0.612500 0.791016
0 0.862500 0.779297 0.848437 0.773438 0.839063 0.750000 0.839063 0.718750 0.890625 0.662109 0.906250 0.654297 0.918750 0.658203 0.932813 0.679688 0.926562 0.707031 0.915625 0.720703 0.900000 0.720703 0.875000 0.748047 0.864062 0.761719 0.862500 0.779297
0 0.950000 0.947266 0.918750 0.947266 0.910937 0.933594 0.910937 0.843750 0.928125 0.830078 0.943750 0.830078 0.953125 0.837891 0.967187 0.855469 0.973437 0.882812 0.973437 0.910156 0.960938 0.937500 0.950000 0.947266
0 0.887500 0.951172 0.876563 0.945312 0.848437 0.890625 0.848437 0.843750 0.862500 0.822266 0.896875 0.822266 0.907813 0.839844 0.910937 0.933594 0.887500 0.951172
0 0.884375 0.666016 0.871875 0.666016 0.864062 0.656250 0.867188 0.582031 0.881250 0.552734 0.896875 0.552734 0.906250 0.556641 0.923438 0.578125 0.923438 0.621094 0.917188 0.640625 0.906250 0.654297 0.884375 0.666016
0 0.393750 0.896484 0.385937 0.886719 0.385937 0.867188 0.400000 0.841797 0.418750 0.833984 0.426563 0.851562 0.426563 0.867188 0.393750 0.896484
0 0.996875 0.720703 0.979688 0.703125 0.973437 0.675781 0.973437 0.613281 0.981250 0.599609 0.996875 0.599609
0 0.553125 0.912109 0.521875 0.912109 0.498437 0.890625 0.489063 0.871094 0.501563 0.839844 0.525000 0.806641 0.578125 0.810547 0.589063 0.828125 0.589063 0.863281 0.582812 0.886719 0.568750 0.904297 0.553125 0.912109
0 0.918750 0.826172 0.890625 0.822266 0.875000 0.810547 0.864062 0.789062 0.864062 0.761719 0.900000 0.720703 0.921875 0.720703 0.945312 0.746094 0.948438 0.757812 0.945312 0.800781 0.937500 0.814453 0.918750 0.826172
0 0.979688 0.996094 0.979688 0.914062 0.985938 0.890625 0.996875 0.873047
0 0.203125 0.849609 0.193750 0.849609 0.151562 0.820312 0.129688 0.742188 0.132812 0.722656 0.143750 0.708984 0.162500 0.701172 0.181250 0.705078 0.200000 0.720703 0.229687 0.761719 0.235937 0.777344 0.235937 0.796875 0.220312 0.835938 0.203125 0.849609
0 0.106250 0.283203 0.100000 0.283203 0.090625 0.271484 0.068750 0.263672 0.062500 0.267578 0.046875 0.255859 0.035937 0.242188 0.042188 0.218750 0.053125 0.205078 0.068750 0.208984 0.090625 0.224609 0.115625 0.255859 0.121875 0.255859 0.126562 0.261719 0.106250 0.283203
0 0.671875 0.955078 0.625000 0.947266 0.617188 0.937500 0.607812 0.894531 0.614062 0.875000 0.631250 0.857422 0.653125 0.845703 0.678125 0.841797 0.690625 0.857422 0.709375 0.857422 0.717187 0.867188 0.717187 0.886719 0.714063 0.902344 0.698438 0.929688 0.671875 0.955078
0 0.468750 0.849609 0.462500 0.849609 0.448437 0.824219 0.448437 0.789062 0.457813 0.765625 0.468750 0.748047 0.515625 0.740234 0.529687 0.757812 0.523438 0.792969 0.493750 0.818359 0.468750 0.849609
0 0.789062 0.996094 0.792188 0.980469 0.785937 0.957031 0.776563 0.945312 0.776563 0.929688 0.795312 0.882812 0.800000 0.876953 0.818750 0.876953 0.826562 0.886719 0.826562 0.968750 0.814063 0.996094
0 0.996875 0.591797 0.993750 0.599609 0.981250 0.599609 0.973437 0.613281 0.976562 0.687500 0.968750 0.701172 0.956250 0.701172 0.926562 0.648438 0.932813 0.562500 0.948438 0.531250 0.962500 0.521484 0.989062 0.566406 0.989062 0.578125 0.996875 0.583984
0 0.815625 0.615234 0.798438 0.605469 0.798438 0.542969 0.812500 0.521484 0.832812 0.535156 0.848437 0.566406 0.842187 0.589844 0.815625 0.615234
0 0.232813 0.996094 0.229687 0.976562 0.243750 0.951172 0.290625 0.955078 0.320312 0.984375 0.320312 0.996094
0 0.721875 0.857422 0.690625 0.857422 0.676562 0.839844 0.657813 0.804688 0.657813 0.746094 0.675000 0.712891 0.706250 0.712891 0.709375 0.705078 0.759375 0.689453 0.776563 0.726562 0.776563 0.773438 0.767188 0.781250 0.767188 0.804688 0.754687 0.835938 0.746875 0.845703 0.728125 0.849609 0.721875 0.857422
0 0.831250 0.880859 0.821875 0.880859 0.810937 0.871094 0.810937 0.859375 0.801562 0.847656 0.801562 0.832031 0.795312 0.820312 0.795312 0.804688 0.825000 0.759766 0.834375 0.759766 0.848437 0.789062 0.848437 0.820312 0.831250 0.880859
0 0.489063 0.996094 0.495312 0.968750 0.506250 0.955078 0.534375 0.943359 0.556250 0.943359 0.584375 0.955078 0.610938 0.980469 0.607812 0.996094
0 0.621875 0.525391 0.607812 0.515625 0.601562 0.492188 0.587500 0.474609 0.571875 0.478516 0.564063 0.468750 0.560937 0.425781 0.587500 0.396484 0.618750 0.404297 0.629687 0.414062 0.639062 0.507812 0.621875 0.525391
0 0.693750 0.623047 0.671875 0.623047 0.662500 0.615234 0.654687 0.605469 0.654687 0.589844 0.684375 0.525391 0.693750 0.517578 0.721875 0.513672 0.732812 0.523438 0.729688 0.558594 0.720313 0.585938 0.693750 0.623047
0 0.743750 0.978516 0.718750 0.978516 0.700000 0.966797 0.695312 0.949219 0.710938 0.914062 0.732812 0.890625 0.742188 0.871094 0.756250 0.853516 0.765625 0.853516 0.776563 0.863281 0.782813 0.882812 0.776563 0.945312 0.765625 0.966797 0.743750 0.978516
0 0.534375 0.525391 0.509375 0.525391 0.496875 0.513672 0.495312 0.476562 0.518750 0.451172 0.540625 0.443359 0.554688 0.457031 0.557813 0.484375 0.551562 0.492188 0.548438 0.511719 0.534375 0.525391
0 0.850000 0.482422 0.815625 0.478516 0.798438 0.457031 0.789062 0.417969 0.795312 0.390625 0.812500 0.369141 0.834375 0.353516 0.843750 0.353516 0.845313 0.363281 0.854688 0.371094 0.864062 0.414062 0.870313 0.414062 0.867188 0.457031 0.851562 0.472656 0.850000 0.482422
0 0.996875 0.572266 0.990625 0.572266 0.976562 0.550781 0.964063 0.519531 0.964063 0.492188 0.973437 0.484375 0.976562 0.464844 0.996875 0.443359
0 0.882812 0.996094 0.890625 0.978516 0.909375 0.978516 0.917188 0.996094
0 0.823438 0.996094 0.820312 0.980469 0.826562 0.968750 0.826562 0.917969 0.837500 0.900391 0.850000 0.900391 0.873437 0.937500 0.873437 0.984375 0.864062 0.996094
0 0.581250 0.634766 0.575000 0.634766 0.564063 0.621094 0.570312 0.582031 0.578125 0.572266 0.587500 0.576172 0.604688 0.605469 0.603125 0.615234 0.581250 0.634766
0 0.343750 0.685547 0.328125 0.685547 0.320312 0.675781 0.317188 0.644531 0.331250 0.626953 0.353125 0.623047 0.367188 0.640625 0.367188 0.656250 0.343750 0.685547
