0 0.097656 0.349609 0.078125 0.345703 0.068359 0.332031 0.101562 0.306641 0.132812 0.302734 0.142578 0.312500 0.134766 0.332031 0.117188 0.345703 0.097656 0.349609
0 0.972656 0.544922 0.953125 0.544922 0.931641 0.535156 0.916016 0.507812 0.916016 0.492188 0.929688 0.474609 0.957031 0.474609 0.986328 0.500000 0.994141 0.527344 0.984375 0.541016 0.972656 0.544922
0 0.281250 0.427734 0.261719 0.427734 0.251953 0.417969 0.251953 0.406250 0.265625 0.396484 0.296875 0.396484 0.306641 0.414062 0.281250 0.427734
0 0.050781 0.205078 0.035156 0.205078 0.021484 0.191406 0.021484 0.179688 0.031250 0.166016 0.066406 0.154297 0.076172 0.164062 0.076172 0.183594 0.066406 0.197266 0.050781 0.205078
0 0.488281 0.138672 0.472656 0.138672 0.455078 0.121094 0.455078 0.093750 0.480469 0.080078 0.503906 0.087891 0.517578 0.101562 0.513672 0.125000 0.488281 0.138672
0 0.628906 0.431641 0.621094 0.431641 0.591797 0.406250 0.591797 0.398438 0.617188 0.376953 0.640625 0.380859 0.650391 0.390625 0.654297 0.406250 0.650391 0.417969 0.628906 0.431641
0 0.304688 0.076172 0.273438 0.072266 0.263672 0.042969 0.296875 0.044922 0.306641 0.054688 0.304688 0.076172
0 0.953125 0.736328 0.921875 0.732422 0.908203 0.718750 0.908203 0.699219 0.925781 0.689453 0.953125 0.693359 0.966797 0.707031 0.966797 0.722656 0.953125 0.736328
0 0.140625 0.888672 0.117188 0.884766 0.103516 0.871094 0.103516 0.859375 0.109375 0.853516 0.136719 0.853516 0.150391 0.871094 0.140625 0.888672
0 0.261719 0.099609 0.246094 0.099609 0.232422 0.089844 0.232422 0.070312 0.250000 0.037109 0.263672 0.039062 0.271484 0.070312 0.271484 0.089844 0.261719 0.099609
0 0.167969 0.771484 0.142578 0.753906 0.142578 0.734375 0.160156 0.712891 0.179688 0.716797 0.185547 0.726562 0.185547 0.761719 0.167969 0.771484
0 0.472656 0.654297 0.460938 0.654297 0.451172 0.644531 0.451172 0.625000 0.464844 0.607422 0.488281 0.603516 0.498047 0.613281 0.498047 0.625000 0.490234 0.644531 0.472656 0.654297
