0 0.596264 0.181731 0.587644 0.181731 0.576868 0.165385 0.575431 0.151923 0.581897 0.141346 0.596264 0.139423 0.602730 0.148077 0.602730 0.165385 0.599856 0.171154 0.601293 0.173077 0.596264 0.181731
0 0.000000 0.508654 0.006466 0.517308 0.006466 0.530769 0.000000 0.539423
0 0.670977 0.739423 0.668103 0.739423 0.663075 0.732692 0.663075 0.723077 0.657328 0.719231 0.657328 0.705769 0.660201 0.696154 0.668103 0.683654 0.682471 0.683654 0.678879 0.692308 0.684626 0.701923 0.683190 0.705769 0.686063 0.707692 0.684626 0.717308 0.677443 0.723077 0.677443 0.734615 0.670977 0.739423
0 0.173851 0.306731 0.165948 0.305769 0.164511 0.298077 0.166667 0.293269 0.177443 0.294231 0.173851 0.306731
0 0.360632 0.302885 0.353448 0.302885 0.347701 0.299038 0.342672 0.292308 0.341236 0.284615 0.344109 0.261538 0.346983 0.253846 0.356322 0.243269 0.363506 0.243269 0.369253 0.249038 0.374282 0.267308 0.372845 0.288462 0.364943 0.300962 0.360632 0.302885
0 0.497126 0.593269 0.481322 0.589423 0.477730 0.582692 0.477730 0.571154 0.489943 0.552885 0.500000 0.549038 0.510776 0.561538 0.510776 0.567308 0.507902 0.573077 0.506466 0.586538 0.497126 0.593269
0 0.607759 0.306731 0.586207 0.302885 0.579741 0.294231 0.579741 0.284615 0.576868 0.286538 0.581178 0.273077 0.591954 0.264423 0.602011 0.264423 0.609914 0.269231 0.603448 0.272115 0.616379 0.274038 0.628592 0.286538 0.628592 0.296154 0.623563 0.302885 0.607759 0.306731
0 0.650144 0.000000 0.650144 0.021154 0.645833 0.032692 0.635057 0.045192 0.626437 0.049038 0.614943 0.047115 0.604167 0.030769 0.604167 0.015385 0.608477 0.000000
0 0.048851 0.766346 0.043103 0.766346 0.036638 0.755769 0.036638 0.738462 0.040230 0.731731 0.053161 0.720192 0.070402 0.720192 0.076868 0.732692 0.072557 0.744231 0.048851 0.766346
0 0.649425 0.624038 0.640805 0.620192 0.637213 0.611538 0.637213 0.584615 0.643678 0.570192 0.655172 0.574038 0.665948 0.598077 0.664511 0.611538 0.655172 0.622115 0.649425 0.624038
0 0.020115 0.781731 0.011494 0.779808 0.006466 0.767308 0.017960 0.736538 0.025862 0.727885 0.033046 0.727885 0.039511 0.734615 0.035201 0.738462 0.035201 0.757692 0.025144 0.778846 0.020115 0.781731
0 0.308908 0.679808 0.301724 0.679808 0.295977 0.675962 0.286638 0.659615 0.288075 0.646154 0.301724 0.635577 0.306034 0.635577 0.307471 0.631731 0.316092 0.637500 0.326149 0.639423 0.334052 0.655769 0.326149 0.668269 0.308908 0.679808
0 0.120690 0.145192 0.110632 0.143269 0.102730 0.132692 0.095546 0.115385 0.092672 0.096154 0.095546 0.088462 0.100575 0.083654 0.107759 0.083654 0.119253 0.093269 0.129310 0.118269 0.136494 0.108654 0.142241 0.106731 0.144397 0.109615 0.143678 0.112500 0.140805 0.110577 0.132902 0.117308 0.132902 0.134615 0.130747 0.129808 0.127874 0.129808 0.120690 0.145192
0 0.409483 0.300962 0.400862 0.299038 0.395833 0.294231 0.392960 0.286538 0.392960 0.276923 0.398707 0.261538 0.405172 0.252885 0.415230 0.249038 0.422414 0.250962 0.430316 0.257692 0.433190 0.265385 0.433190 0.276923 0.422414 0.295192 0.409483 0.300962
0 0.730603 0.998077 0.732040 0.990385 0.741379 0.981731 0.751437 0.985577 0.760776 0.998077
0 0.000000 0.170192 0.011494 0.174038 0.028017 0.198077 0.033764 0.213462 0.018678 0.225962 0.014368 0.225962 0.010057 0.224038 0.000000 0.206731
0 0.742816 0.066346 0.731322 0.064423 0.721983 0.050000 0.720546 0.038462 0.717672 0.036538 0.717672 0.023077 0.722701 0.016346 0.742816 0.014423 0.746408 0.019231 0.744971 0.025000 0.750718 0.034615 0.752155 0.053846 0.742816 0.066346
0 0.908046 0.535577 0.897989 0.535577 0.888649 0.523077 0.887213 0.498077 0.895115 0.489423 0.913793 0.487500 0.920259 0.494231 0.923132 0.501923 0.924569 0.521154 0.908046 0.535577
0 0.675287 0.370192 0.668103 0.370192 0.663075 0.365385 0.663075 0.338462 0.669540 0.329808 0.681034 0.325962 0.688218 0.320192 0.704023 0.320192 0.709052 0.334615 0.707615 0.344231 0.701149 0.352885 0.675287 0.370192
0 0.199713 0.370192 0.186782 0.368269 0.173132 0.350000 0.171695 0.328846 0.174569 0.319231 0.182471 0.310577 0.192529 0.310577 0.199713 0.314423 0.206178 0.325000 0.209052 0.348077 0.206178 0.361538 0.199713 0.370192
0 0.706897 0.839423 0.699713 0.837500 0.688937 0.825000 0.690374 0.809615 0.702586 0.797115 0.711207 0.800962 0.714799 0.805769 0.717672 0.819231 0.717672 0.826923 0.714799 0.832692 0.706897 0.839423
0 0.290230 0.743269 0.280172 0.743269 0.264368 0.731731 0.260776 0.725000 0.260776 0.711538 0.270115 0.702885 0.284483 0.702885 0.300287 0.710577 0.303879 0.717308 0.302443 0.730769 0.297414 0.739423 0.290230 0.743269
0 0.945402 0.054808 0.933190 0.050000 0.928879 0.038462 0.927443 0.021154 0.932471 0.012500 0.939655 0.010577 0.945402 0.004808 0.951149 0.004808 0.963362 0.019231 0.964799 0.026923 0.960489 0.040385 0.945402 0.054808
0 0.252155 0.000000 0.249282 0.015385 0.242816 0.024038 0.235632 0.027885 0.224856 0.023077 0.221983 0.015385 0.221983 0.000000
0 0.030172 0.620192 0.017241 0.612500 0.016523 0.607692 0.012213 0.603846 0.013649 0.596154 0.010776 0.578846 0.020115 0.562500 0.027299 0.562500 0.031609 0.566346 0.036638 0.578846 0.035201 0.590385 0.039511 0.603846 0.036638 0.615385 0.030172 0.620192
0 0.965517 0.489423 0.961207 0.489423 0.960489 0.484615 0.964080 0.475962 0.969828 0.475962 0.970546 0.484615 0.965517 0.489423
0 0.501437 0.233654 0.489943 0.227885 0.484914 0.221154 0.484914 0.209615 0.500000 0.189423 0.514368 0.189423 0.520833 0.196154 0.522270 0.209615 0.512931 0.225962 0.501437 0.233654
0 0.408764 0.000000 0.405891 0.011538 0.399425 0.018269 0.390805 0.016346 0.385776 0.009615 0.382902 0.000000
0 0.000000 0.558654 0.010057 0.574038 0.012931 0.570192 0.015086 0.571154 0.010776 0.578846 0.010776 0.586538 0.013649 0.596154 0.012213 0.603846 0.016523 0.607692 0.008621 0.618269 0.000000 0.618269
0 0.337644 0.918269 0.334052 0.917308 0.329741 0.905769 0.329741 0.896154 0.333333 0.891346 0.339080 0.895192 0.340517 0.891346 0.346264 0.889423 0.351293 0.894231 0.352730 0.903846 0.350575 0.908654 0.337644 0.918269
0 0.949713 0.122115 0.944684 0.121154 0.944684 0.098077 0.946839 0.095192 0.961925 0.101923 0.960489 0.117308 0.949713 0.122115
0 0.798851 0.697115 0.784483 0.691346 0.775144 0.680769 0.770833 0.669231 0.770833 0.653846 0.774425 0.649038 0.784483 0.649038 0.806034 0.662500 0.818247 0.678846 0.818247 0.686538 0.813218 0.693269 0.798851 0.697115
0 0.870690 0.733654 0.864943 0.731731 0.858477 0.723077 0.852730 0.701923 0.851293 0.673077 0.857759 0.662500 0.864943 0.662500 0.871408 0.669231 0.880029 0.700000 0.881466 0.723077 0.876437 0.731731 0.870690 0.733654
0 0.185345 0.195192 0.179598 0.195192 0.172414 0.189423 0.165948 0.173077 0.165948 0.159615 0.168822 0.155769 0.167385 0.148077 0.172414 0.141346 0.183908 0.143269 0.194684 0.159615 0.193247 0.182692 0.185345 0.195192
0 0.793103 0.593269 0.781609 0.591346 0.775144 0.582692 0.770833 0.567308 0.770833 0.557692 0.775144 0.542308 0.784483 0.531731 0.793103 0.531731 0.802443 0.548077 0.801006 0.551923 0.803879 0.559615 0.803879 0.576923 0.801006 0.584615 0.793103 0.593269
0 0.886494 0.270192 0.877155 0.261538 0.877155 0.248077 0.887213 0.238462 0.887213 0.230769 0.892241 0.222115 0.900862 0.222115 0.904454 0.225000 0.901580 0.226923 0.901580 0.230769 0.905172 0.231731 0.906609 0.227885 0.910201 0.234615 0.910201 0.257692 0.899425 0.266346 0.889368 0.266346 0.886494 0.270192
0 0.130747 0.583654 0.117816 0.581731 0.112069 0.577885 0.105603 0.567308 0.105603 0.563462 0.101293 0.559615 0.095546 0.546154 0.095546 0.540385 0.100575 0.529808 0.114943 0.527885 0.131466 0.544231 0.138649 0.569231 0.135776 0.578846 0.130747 0.583654
0 0.034483 0.439423 0.024425 0.439423 0.017960 0.428846 0.020833 0.411538 0.028736 0.402885 0.045977 0.400962 0.054598 0.404808 0.061063 0.415385 0.059626 0.425000 0.051724 0.433654 0.040230 0.437500 0.037356 0.435577 0.034483 0.439423
0 0.685345 0.712500 0.686063 0.707692 0.683190 0.705769 0.684626 0.701923 0.678879 0.692308 0.683190 0.684615 0.677443 0.682692 0.682471 0.677885 0.693966 0.681731 0.697557 0.690385 0.697557 0.698077 0.685345 0.712500
0 0.000000 0.325962 0.010057 0.316346 0.014368 0.318269 0.019397 0.326923 0.019397 0.336538 0.016523 0.344231 0.000000 0.372115
0 0.804598 0.316346 0.790230 0.316346 0.778017 0.309615 0.778017 0.305769 0.773707 0.300000 0.773707 0.286538 0.776580 0.276923 0.781609 0.270192 0.793103 0.264423 0.808908 0.264423 0.823994 0.276923 0.823994 0.298077 0.811782 0.312500 0.804598 0.316346
0 0.122126 0.662500 0.107040 0.655769 0.104167 0.650000 0.105603 0.634615 0.120690 0.620192 0.127874 0.620192 0.133621 0.616346 0.146552 0.622115 0.153017 0.632692 0.153017 0.642308 0.139368 0.654808 0.122126 0.662500
0 0.061782 0.193269 0.050287 0.189423 0.041667 0.179808 0.038075 0.165385 0.033764 0.161538 0.033764 0.138462 0.041667 0.125962 0.047414 0.124038 0.056034 0.129808 0.066092 0.145192 0.068247 0.142308 0.072557 0.153846 0.075431 0.165385 0.073994 0.176923 0.071121 0.184615 0.061782 0.193269
0 0.172414 0.514423 0.165230 0.514423 0.158764 0.507692 0.158764 0.501923 0.150144 0.476923 0.151580 0.461538 0.156609 0.454808 0.165230 0.450962 0.176724 0.458654 0.184626 0.475000 0.184626 0.494231 0.172414 0.514423
0 0.958333 0.908654 0.949713 0.906731 0.946121 0.892308 0.948994 0.890385 0.953305 0.876923 0.962644 0.864423 0.972701 0.856731 0.978448 0.856731 0.984914 0.865385 0.984914 0.876923 0.982040 0.886538 0.972701 0.900962 0.958333 0.908654
0 0.103448 0.881731 0.096264 0.881731 0.089080 0.875962 0.078305 0.859615 0.073994 0.848077 0.073994 0.838462 0.081897 0.824038 0.097701 0.824038 0.105603 0.834615 0.109914 0.846154 0.112787 0.857692 0.112787 0.875000 0.103448 0.881731
0 0.535920 0.372115 0.527299 0.372115 0.519397 0.367308 0.520833 0.361538 0.515086 0.351923 0.520115 0.341346 0.538793 0.339423 0.542385 0.344231 0.543822 0.361538 0.535920 0.372115
0 0.106322 0.416346 0.089080 0.412500 0.075431 0.398077 0.069684 0.388462 0.068247 0.380769 0.068247 0.375000 0.073276 0.366346 0.083333 0.364423 0.084770 0.368269 0.086207 0.366346 0.102011 0.377885 0.109914 0.388462 0.111351 0.396154 0.114224 0.398077 0.114224 0.405769 0.106322 0.416346
0 0.512931 0.381731 0.502874 0.379808 0.497845 0.373077 0.497845 0.363462 0.504310 0.350962 0.515805 0.347115 0.515086 0.353846 0.517960 0.355769 0.520833 0.365385 0.513649 0.371154 0.522989 0.368269 0.523707 0.375000 0.512931 0.381731
0 0.817529 0.220192 0.803161 0.218269 0.790948 0.201923 0.790948 0.194231 0.795259 0.180769 0.806034 0.170192 0.818966 0.175962 0.825431 0.184615 0.829741 0.196154 0.826868 0.211538 0.817529 0.220192
0 0.915948 0.998077 0.911638 0.990385 0.913075 0.984615 0.926724 0.974038 0.935345 0.972115 0.956897 0.974038 0.963362 0.984615 0.963362 0.992308 0.960489 0.998077
0 0.336207 0.802885 0.311782 0.802885 0.294540 0.795192 0.285201 0.784615 0.283764 0.771154 0.291667 0.762500 0.321839 0.766346 0.330460 0.772115 0.339799 0.784615 0.341236 0.796154 0.336207 0.802885
0 0.031609 0.514423 0.008621 0.514423 0.002155 0.505769 0.000718 0.486538 0.005747 0.477885 0.015805 0.472115 0.034483 0.472115 0.038075 0.475000 0.040948 0.482692 0.040948 0.501923 0.031609 0.514423
0 0.969828 0.660577 0.962644 0.660577 0.956178 0.653846 0.953305 0.644231 0.954741 0.632692 0.957615 0.615385 0.963362 0.603846 0.971264 0.593269 0.978448 0.593269 0.984914 0.600000 0.990661 0.617308 0.986351 0.628846 0.984914 0.644231 0.969828 0.660577
0 0.414511 0.998077 0.414511 0.982692 0.417385 0.975000 0.429598 0.966346 0.441092 0.968269 0.448276 0.975962 0.453305 0.984615 0.453305 0.998077
0 0.357759 0.149038 0.349138 0.149038 0.345546 0.144231 0.344109 0.117308 0.351293 0.098077 0.357759 0.089423 0.364943 0.089423 0.371408 0.103846 0.371408 0.121154 0.367098 0.136538 0.357759 0.149038
0 0.265805 0.872115 0.257184 0.870192 0.247845 0.851923 0.249282 0.823077 0.257184 0.808654 0.274425 0.810577 0.283764 0.826923 0.282328 0.851923 0.265805 0.872115
0 0.502874 0.904808 0.489943 0.899038 0.482040 0.880769 0.482040 0.865385 0.489943 0.856731 0.507184 0.860577 0.516523 0.876923 0.515086 0.892308 0.502874 0.904808
0 0.173851 0.802885 0.158046 0.799038 0.141523 0.776923 0.141523 0.761538 0.147989 0.752885 0.163793 0.752885 0.176006 0.763462 0.183190 0.778846 0.183190 0.790385 0.173851 0.802885
0 0.872126 0.089423 0.862069 0.087500 0.846983 0.065385 0.844109 0.046154 0.850575 0.035577 0.864943 0.035577 0.880029 0.053846 0.882902 0.071154 0.880029 0.080769 0.872126 0.089423
0 0.146552 0.154808 0.137213 0.150000 0.132902 0.136538 0.132902 0.117308 0.140805 0.110577 0.149425 0.114423 0.163075 0.132692 0.161638 0.150000 0.159483 0.152885 0.155172 0.150962 0.146552 0.154808
0 0.576149 0.839423 0.570402 0.839423 0.563218 0.827885 0.555316 0.825000 0.555316 0.815385 0.558190 0.807692 0.564655 0.800962 0.574713 0.800962 0.581178 0.809615 0.581178 0.832692 0.576149 0.839423
0 0.372126 0.583654 0.366379 0.583654 0.359914 0.576923 0.359914 0.565385 0.373563 0.543269 0.382184 0.537500 0.395115 0.539423 0.395833 0.548077 0.390086 0.557692 0.388649 0.567308 0.380747 0.572115 0.372126 0.583654
0 0.451149 0.383654 0.445402 0.383654 0.440374 0.376923 0.443247 0.357692 0.447557 0.344231 0.454023 0.335577 0.459770 0.331731 0.466954 0.331731 0.474856 0.340385 0.477730 0.348077 0.476293 0.357692 0.469828 0.372115 0.451149 0.383654
0 0.456897 0.150962 0.445402 0.150962 0.436782 0.143269 0.431753 0.134615 0.431753 0.125000 0.433190 0.119231 0.442529 0.110577 0.464080 0.106731 0.474856 0.115385 0.476293 0.125000 0.471983 0.138462 0.465517 0.147115 0.456897 0.150962
0 0.479885 0.299038 0.469828 0.299038 0.465517 0.295192 0.459052 0.286538 0.453305 0.271154 0.456178 0.259615 0.462644 0.250962 0.479885 0.250962 0.489224 0.261538 0.490661 0.273077 0.487787 0.288462 0.479885 0.299038
0 0.115661 0.998077 0.123563 0.993269 0.127874 0.993269 0.132902 0.998077
0 0.392241 0.372115 0.385057 0.368269 0.381466 0.359615 0.382902 0.346154 0.389368 0.337500 0.390805 0.339423 0.392241 0.335577 0.405172 0.325962 0.413793 0.327885 0.415948 0.330769 0.415948 0.355769 0.410920 0.362500 0.392241 0.372115
0 0.370690 0.962500 0.368534 0.955769 0.368534 0.936538 0.371408 0.921154 0.379310 0.906731 0.385057 0.906731 0.390086 0.917308 0.388649 0.951923 0.383621 0.960577 0.370690 0.962500
0 0.706897 0.133654 0.695402 0.131731 0.686063 0.119231 0.686063 0.101923 0.693966 0.091346 0.712644 0.089423 0.721264 0.095192 0.724856 0.103846 0.724856 0.113462 0.721983 0.121154 0.706897 0.133654
0 0.676724 0.466346 0.670977 0.466346 0.664511 0.459615 0.663075 0.446154 0.664511 0.434615 0.671695 0.417308 0.678161 0.408654 0.691092 0.404808 0.696839 0.406731 0.703305 0.419231 0.703305 0.430769 0.698994 0.438462 0.698994 0.444231 0.686782 0.460577 0.676724 0.466346
0 0.136494 0.070192 0.132184 0.070192 0.124282 0.057692 0.125718 0.046154 0.130747 0.035577 0.136494 0.031731 0.145115 0.031731 0.146552 0.037500 0.159483 0.037500 0.164511 0.042308 0.167385 0.050000 0.166667 0.056731 0.153736 0.066346 0.136494 0.070192
0 0.100575 0.618269 0.086207 0.612500 0.078305 0.598077 0.076868 0.590385 0.073994 0.588462 0.073994 0.571154 0.077586 0.566346 0.089080 0.564423 0.091954 0.570192 0.102011 0.570192 0.102011 0.560577 0.105603 0.563462 0.111351 0.576923 0.117098 0.580769 0.112787 0.607692 0.107759 0.614423 0.100575 0.618269
0 0.234195 0.627885 0.227011 0.625962 0.217672 0.611538 0.217672 0.586538 0.234195 0.574038 0.242816 0.574038 0.250718 0.584615 0.249282 0.617308 0.247126 0.624038 0.234195 0.627885
0 0.806034 0.070192 0.791667 0.066346 0.783764 0.057692 0.776580 0.040385 0.781609 0.027885 0.790230 0.022115 0.798851 0.022115 0.806753 0.028846 0.812500 0.044231 0.813937 0.061538 0.806034 0.070192
0 0.124282 0.000000 0.120690 0.004808 0.112069 0.004808 0.101293 0.000000
0 0.791667 0.949038 0.780172 0.949038 0.766523 0.936538 0.759339 0.915385 0.759339 0.909615 0.762931 0.904808 0.787356 0.904808 0.798132 0.915385 0.801006 0.926923 0.801006 0.940385 0.791667 0.949038
0 0.619971 0.998077 0.626437 0.987500 0.640805 0.989423 0.645833 0.998077
0 0.063218 0.950962 0.054598 0.950962 0.051724 0.947115 0.043103 0.945192 0.029454 0.932692 0.029454 0.909615 0.033046 0.904808 0.045977 0.904808 0.071121 0.925000 0.071121 0.940385 0.063218 0.950962
0 0.069684 0.998077 0.068247 0.986538 0.071121 0.975000 0.079023 0.966346 0.086207 0.966346 0.095546 0.976923 0.095546 0.998077
0 0.130747 0.520192 0.113506 0.518269 0.102730 0.501923 0.099856 0.482692 0.101293 0.475000 0.106322 0.468269 0.117816 0.466346 0.128592 0.475000 0.128592 0.482692 0.135776 0.498077 0.135776 0.515385 0.130747 0.520192
0 0.876437 0.560577 0.869253 0.560577 0.864224 0.553846 0.861351 0.546154 0.862787 0.528846 0.864943 0.531731 0.872126 0.522115 0.883621 0.522115 0.892960 0.530769 0.892960 0.550000 0.889368 0.556731 0.876437 0.560577
0 0.475575 0.914423 0.461207 0.914423 0.456897 0.910577 0.447557 0.896154 0.447557 0.882692 0.456897 0.874038 0.465517 0.874038 0.471264 0.877885 0.477011 0.875962 0.483477 0.894231 0.483477 0.903846 0.482040 0.909615 0.475575 0.914423
0 0.872845 0.000000 0.872845 0.005769 0.867816 0.014423 0.856322 0.010577 0.848420 0.000000
0 0.984195 0.241346 0.972701 0.241346 0.964080 0.235577 0.957615 0.226923 0.954741 0.213462 0.959770 0.202885 0.966954 0.199038 0.979885 0.200962 0.992098 0.215385 0.993534 0.230769 0.988506 0.239423 0.984195 0.241346
0 0.234195 0.291346 0.224138 0.289423 0.211925 0.273077 0.211925 0.259615 0.214799 0.248077 0.224138 0.237500 0.229885 0.237500 0.234195 0.241346 0.250718 0.263462 0.249282 0.282692 0.234195 0.291346
0 0.377874 0.987500 0.367816 0.987500 0.364224 0.982692 0.364224 0.969231 0.367816 0.962500 0.372126 0.960577 0.385057 0.960577 0.385776 0.975000 0.380029 0.980769 0.377874 0.987500
0 0.294540 0.220192 0.293103 0.214423 0.287356 0.214423 0.279454 0.209615 0.273707 0.200000 0.272270 0.186538 0.266523 0.175000 0.266523 0.165385 0.271552 0.164423 0.281609 0.152885 0.291667 0.154808 0.302443 0.169231 0.302443 0.200000 0.297414 0.208654 0.293822 0.209615 0.294540 0.220192
0 0.777299 0.895192 0.762931 0.893269 0.749282 0.880769 0.744971 0.869231 0.744971 0.859615 0.751437 0.850962 0.765805 0.849038 0.778736 0.856731 0.783764 0.863462 0.785201 0.888462 0.777299 0.895192
0 0.547414 0.468269 0.533046 0.462500 0.528017 0.450000 0.532328 0.438462 0.540230 0.431731 0.550287 0.414423 0.553161 0.414423 0.561063 0.421154 0.566810 0.438462 0.559626 0.450000 0.556753 0.461538 0.547414 0.468269
0 0.307471 0.122115 0.300287 0.122115 0.290948 0.111538 0.289511 0.092308 0.298851 0.077885 0.318966 0.077885 0.326868 0.088462 0.326868 0.100000 0.316092 0.118269 0.307471 0.122115
0 0.180316 0.000000 0.191810 0.007692 0.193247 0.015385 0.204741 0.034615 0.204741 0.040385 0.207615 0.044231 0.207615 0.061538 0.204023 0.066346 0.195402 0.068269 0.165948 0.048077 0.163075 0.032692 0.163075 0.013462 0.164511 0.007692 0.173132 0.000000
0 0.451149 0.485577 0.442529 0.485577 0.431034 0.475962 0.426724 0.475962 0.420259 0.467308 0.418822 0.451923 0.423851 0.443269 0.445402 0.445192 0.457615 0.461538 0.461925 0.469231 0.461925 0.476923 0.451149 0.485577
0 0.468391 0.214423 0.462644 0.212500 0.459052 0.207692 0.459052 0.196154 0.464799 0.182692 0.478448 0.168269 0.498563 0.168269 0.500718 0.171154 0.500718 0.188462 0.489943 0.200962 0.468391 0.214423
0 0.357759 0.527885 0.346264 0.527885 0.338362 0.521154 0.335489 0.509615 0.338362 0.494231 0.350575 0.477885 0.362069 0.474038 0.373563 0.477885 0.377155 0.488462 0.375718 0.498077 0.365661 0.515385 0.362787 0.525000 0.357759 0.527885
0 0.284483 0.524038 0.275862 0.520192 0.266523 0.505769 0.263649 0.476923 0.270115 0.466346 0.283046 0.468269 0.283764 0.473077 0.291667 0.479808 0.296695 0.490385 0.298132 0.505769 0.293822 0.517308 0.284483 0.524038
0 0.338362 0.998077 0.335489 0.992308 0.335489 0.961538 0.338362 0.953846 0.344828 0.947115 0.352011 0.950962 0.357040 0.963462 0.357040 0.990385 0.354167 0.998077
0 0.044540 0.664423 0.035920 0.664423 0.035201 0.659615 0.044540 0.658654 0.044540 0.664423
0 0.495690 0.649038 0.475575 0.647115 0.470546 0.640385 0.469109 0.630769 0.472701 0.616346 0.481322 0.608654 0.489943 0.608654 0.500718 0.617308 0.502155 0.640385 0.495690 0.649038
0 0.000000 0.439423 0.004310 0.435577 0.011494 0.435577 0.014368 0.439423 0.024425 0.441346 0.032328 0.461538 0.031609 0.472115 0.010057 0.474038 0.002874 0.483654 0.000000 0.477885
0 0.017241 0.910577 0.003592 0.905769 0.002155 0.867308 0.010057 0.858654 0.024425 0.856731 0.032328 0.863462 0.032328 0.884615 0.025144 0.901923 0.017241 0.910577
0 0.221983 0.000000 0.221983 0.013462 0.214080 0.024038 0.201149 0.020192 0.197557 0.015385 0.194684 0.000000
0 0.485632 0.062500 0.472701 0.062500 0.463362 0.053846 0.459052 0.038462 0.462644 0.024038 0.475575 0.020192 0.488506 0.025962 0.497845 0.036538 0.499282 0.050000 0.492816 0.058654 0.485632 0.062500
0 0.090517 0.331731 0.080460 0.329808 0.069684 0.313462 0.068247 0.292308 0.073276 0.283654 0.081897 0.281731 0.096264 0.291346 0.101293 0.298077 0.101293 0.303846 0.104167 0.305769 0.102730 0.317308 0.094828 0.329808 0.090517 0.331731
0 0.840517 0.100962 0.832615 0.098077 0.833333 0.077885 0.844828 0.077885 0.849856 0.080769 0.848420 0.096154 0.840517 0.100962
0 0.850575 0.527885 0.846264 0.527885 0.843391 0.524038 0.841954 0.525962 0.819684 0.509615 0.819684 0.484615 0.823276 0.479808 0.844828 0.477885 0.850575 0.479808 0.852011 0.485577 0.855603 0.484615 0.852730 0.488462 0.854167 0.523077 0.850575 0.527885
0 0.834770 0.775962 0.827586 0.775962 0.811063 0.761538 0.806753 0.748077 0.806753 0.740385 0.810345 0.733654 0.816092 0.729808 0.829023 0.729808 0.836207 0.733654 0.844109 0.744231 0.844109 0.765385 0.834770 0.775962
0 0.867816 0.527885 0.859195 0.527885 0.854167 0.515385 0.854167 0.480769 0.860632 0.475962 0.873563 0.475962 0.881466 0.490385 0.881466 0.519231 0.872126 0.522115 0.867816 0.527885
0 0.742816 0.825962 0.729885 0.824038 0.723420 0.811538 0.723420 0.794231 0.731322 0.785577 0.739943 0.785577 0.747845 0.794231 0.749282 0.817308 0.742816 0.825962
0 0.998563 0.102885 0.993534 0.088462 0.992098 0.075000 0.993534 0.057692 0.998563 0.050962
0 0.038793 0.993269 0.027299 0.993269 0.012213 0.971154 0.013649 0.957692 0.020115 0.950962 0.041667 0.947115 0.053879 0.957692 0.053879 0.978846 0.048851 0.987500 0.038793 0.993269
0 0.396552 0.574038 0.393678 0.574038 0.390086 0.567308 0.390086 0.557692 0.403736 0.537500 0.413793 0.533654 0.426724 0.533654 0.433190 0.540385 0.433190 0.550000 0.426724 0.562500 0.413793 0.570192 0.396552 0.574038
0 0.000000 0.116346 0.007902 0.125000 0.006466 0.138462 0.000000 0.143269
0 0.339080 0.895192 0.335489 0.894231 0.336207 0.887500 0.330460 0.895192 0.324713 0.895192 0.323994 0.886538 0.315374 0.867308 0.315374 0.857692 0.324713 0.847115 0.333333 0.847115 0.337644 0.854808 0.344828 0.854808 0.351293 0.859615 0.351293 0.875000 0.346983 0.880769 0.345546 0.888462 0.339080 0.895192
0 0.890805 0.314423 0.879310 0.310577 0.872845 0.300000 0.872845 0.275000 0.877874 0.262500 0.885057 0.270192 0.892241 0.266346 0.895115 0.274038 0.905172 0.279808 0.908046 0.277885 0.913075 0.282692 0.914511 0.292308 0.911638 0.300000 0.908046 0.304808 0.890805 0.314423
0 0.395115 0.674038 0.383621 0.674038 0.377155 0.667308 0.378592 0.650000 0.381466 0.642308 0.392241 0.627885 0.405172 0.618269 0.409483 0.618269 0.414511 0.625000 0.413075 0.646154 0.404454 0.667308 0.395115 0.674038
0 0.531609 0.641346 0.522989 0.641346 0.517241 0.637500 0.512213 0.626923 0.512213 0.617308 0.516523 0.609615 0.517960 0.598077 0.527299 0.585577 0.540230 0.589423 0.548132 0.603846 0.548132 0.613462 0.542385 0.628846 0.535920 0.639423 0.531609 0.641346
0 0.175287 0.431731 0.172414 0.431731 0.165948 0.423077 0.165948 0.417308 0.181034 0.391346 0.189655 0.391346 0.193247 0.400000 0.193247 0.407692 0.182471 0.412500 0.181753 0.419231 0.175287 0.431731
0 0.310345 0.275962 0.301724 0.274038 0.295259 0.265385 0.290948 0.244231 0.292385 0.228846 0.295259 0.226923 0.298132 0.211538 0.303161 0.206731 0.314655 0.202885 0.322557 0.211538 0.325431 0.219231 0.326868 0.248077 0.325431 0.255769 0.318247 0.269231 0.310345 0.275962
0 0.699713 0.402885 0.686782 0.399038 0.686063 0.394231 0.698276 0.395192 0.700431 0.398077 0.699713 0.402885
0 0.630747 0.610577 0.619253 0.610577 0.605603 0.596154 0.604167 0.582692 0.609195 0.574038 0.622126 0.570192 0.630029 0.576923 0.632902 0.582692 0.632902 0.607692 0.630747 0.610577
0 0.511494 0.162500 0.500000 0.162500 0.489943 0.156731 0.486351 0.150000 0.486351 0.142308 0.489224 0.140385 0.489224 0.132692 0.498563 0.120192 0.508621 0.112500 0.515805 0.112500 0.520833 0.123077 0.520833 0.142308 0.511494 0.162500
0 0.361351 0.998077 0.364943 0.983654 0.367816 0.987500 0.374282 0.988462 0.372845 0.996154 0.369971 0.998077
0 0.876437 0.200962 0.870690 0.200962 0.867816 0.197115 0.860632 0.195192 0.849856 0.182692 0.846983 0.161538 0.853448 0.149038 0.859195 0.145192 0.872126 0.145192 0.881466 0.155769 0.885776 0.165385 0.885776 0.188462 0.876437 0.200962
0 0.063218 0.910577 0.057471 0.910577 0.056034 0.906731 0.045977 0.902885 0.042385 0.896154 0.042385 0.888462 0.047414 0.881731 0.056034 0.877885 0.073276 0.875962 0.079023 0.879808 0.082615 0.884615 0.082615 0.896154 0.073276 0.906731 0.063218 0.910577
0 0.645115 0.720192 0.640086 0.715385 0.640086 0.688462 0.647270 0.669231 0.656609 0.666346 0.664511 0.678846 0.665948 0.688462 0.660201 0.696154 0.657328 0.705769 0.657328 0.717308 0.652299 0.716346 0.645115 0.720192
0 0.892241 0.914423 0.876437 0.912500 0.869971 0.901923 0.869971 0.888462 0.872845 0.880769 0.885057 0.868269 0.899425 0.870192 0.907328 0.878846 0.905891 0.900000 0.892241 0.914423
0 0.056034 0.645192 0.048132 0.642308 0.048851 0.633654 0.056753 0.638462 0.056034 0.645192
0 0.577586 0.881731 0.571839 0.881731 0.566810 0.875000 0.565374 0.867308 0.568247 0.857692 0.576868 0.848077 0.576868 0.844231 0.583333 0.841346 0.591236 0.848077 0.592672 0.863462 0.584770 0.875962 0.577586 0.881731
0 0.252874 0.399038 0.239943 0.397115 0.232040 0.388462 0.230603 0.371154 0.233477 0.359615 0.241379 0.349038 0.251437 0.349038 0.257902 0.357692 0.260776 0.369231 0.259339 0.392308 0.252874 0.399038
0 0.375000 0.431731 0.367816 0.429808 0.364224 0.425000 0.364224 0.411538 0.380747 0.385577 0.395115 0.377885 0.397989 0.379808 0.404454 0.394231 0.403017 0.403846 0.389368 0.424038 0.375000 0.431731
0 0.073276 0.629808 0.055316 0.628846 0.045259 0.598077 0.045259 0.590385 0.048851 0.579808 0.058908 0.574038 0.068966 0.579808 0.075431 0.590385 0.075431 0.594231 0.078305 0.594231 0.082615 0.607692 0.079023 0.604808 0.076868 0.607692 0.076868 0.619231 0.073276 0.629808
0 0.290948 0.998077 0.282328 0.988462 0.279454 0.973077 0.283764 0.942308 0.290230 0.935577 0.295977 0.935577 0.299569 0.940385 0.305316 0.961538 0.303879 0.988462 0.296695 0.998077
0 0.170977 0.924038 0.159483 0.920192 0.151580 0.907692 0.145833 0.892308 0.147270 0.873077 0.158046 0.862500 0.168822 0.867308 0.173132 0.875000 0.180316 0.900000 0.178879 0.915385 0.170977 0.924038
0 0.465517 0.716346 0.456178 0.711538 0.456178 0.686538 0.469828 0.674038 0.487069 0.679808 0.489224 0.682692 0.487787 0.707692 0.479885 0.714423 0.465517 0.716346
0 0.972701 0.777885 0.966954 0.777885 0.961925 0.773077 0.959052 0.750000 0.964799 0.734615 0.972701 0.722115 0.978448 0.718269 0.985632 0.718269 0.992098 0.725000 0.993534 0.738462 0.984914 0.765385 0.972701 0.777885
0 0.873563 0.250962 0.864224 0.250000 0.864224 0.244231 0.861351 0.240385 0.861351 0.223077 0.872126 0.204808 0.880747 0.204808 0.887213 0.213462 0.887213 0.223077 0.877155 0.234615 0.873563 0.250962
0 0.139368 0.281731 0.129310 0.281731 0.120690 0.277885 0.111351 0.265385 0.107040 0.244231 0.109914 0.232692 0.117816 0.222115 0.127874 0.222115 0.133621 0.225962 0.140086 0.232692 0.145833 0.246154 0.144397 0.269231 0.139368 0.281731
0 0.046695 0.000000 0.042385 0.013462 0.034483 0.020192 0.027299 0.020192 0.020833 0.011538 0.019397 0.000000
0 0.264368 0.914423 0.254310 0.914423 0.248563 0.910577 0.247845 0.894231 0.254310 0.879808 0.274425 0.866346 0.279454 0.871154 0.279454 0.880769 0.275144 0.894231 0.276580 0.896154 0.273707 0.903846 0.264368 0.914423
