0 0.671875 0.884766 0.660156 0.884766 0.646484 0.875000 0.646484 0.859375 0.652344 0.853516 0.675781 0.853516 0.681641 0.859375 0.681641 0.875000 0.671875 0.884766
0 0.851562 0.861328 0.839844 0.861328 0.826172 0.843750 0.826172 0.828125 0.835938 0.818359 0.843750 0.826172 0.869141 0.828125 0.869141 0.847656 0.851562 0.861328
0 0.710938 0.650391 0.695312 0.650391 0.689453 0.644531 0.685547 0.625000 0.691406 0.619141 0.714844 0.619141 0.720703 0.625000 0.720703 0.640625 0.710938 0.650391
0 0.890625 0.630859 0.859375 0.630859 0.857422 0.621094 0.867188 0.611328 0.890625 0.611328 0.890625 0.630859
0 0.746094 0.677734 0.730469 0.677734 0.724609 0.671875 0.724609 0.648438 0.730469 0.642578 0.746094 0.642578 0.755859 0.652344 0.755859 0.667969 0.746094 0.677734
0 0.490234 0.000000 0.490234 0.015625 0.503906 0.025391 0.490234 0.023438 0.474609 0.007812 0.478516 0.000000
0 0.529297 0.000000 0.533203 0.011719 0.507812 0.021484 0.490234 0.015625 0.494141 0.000000
0 0.535156 0.958984 0.519531 0.955078 0.509766 0.945312 0.511719 0.916016 0.535156 0.916016 0.544922 0.929688 0.548828 0.945312 0.535156 0.958984
0 0.000000 0.037109 0.031250 0.041016 0.044922 0.058594 0.044922 0.078125 0.035156 0.095703 0.000000 0.095703
0 0.996094 0.572266 0.980469 0.576172 0.966797 0.562500 0.966797 0.527344 0.984375 0.513672 0.996094 0.517578
0 0.746094 0.693359 0.734375 0.693359 0.728516 0.679688 0.746094 0.677734 0.757812 0.666016 0.763672 0.683594 0.746094 0.693359
0 0.406250 0.876953 0.375000 0.876953 0.373047 0.847656 0.402344 0.841797 0.412109 0.855469 0.406250 0.876953
0 0.535156 0.916016 0.513672 0.914062 0.509766 0.894531 0.519531 0.880859 0.531250 0.880859 0.544922 0.894531 0.544922 0.910156 0.535156 0.916016
0 0.695312 0.822266 0.675781 0.822266 0.662109 0.808594 0.662109 0.800781 0.675781 0.791016 0.695312 0.791016 0.701172 0.796875 0.701172 0.816406 0.695312 0.822266
0 0.835938 0.599609 0.806641 0.597656 0.810547 0.570312 0.802734 0.562500 0.808594 0.556641 0.832031 0.556641 0.841797 0.566406 0.845703 0.589844 0.835938 0.599609
0 0.824219 0.990234 0.814453 0.984375 0.818359 0.949219 0.835938 0.943359 0.845703 0.953125 0.845703 0.980469 0.824219 0.990234
0 0.818359 0.996094 0.832031 0.982422 0.851562 0.982422 0.861328 0.996094
0 0.593750 0.908203 0.570312 0.908203 0.564453 0.890625 0.582031 0.880859 0.595703 0.894531 0.593750 0.908203
0 0.882812 0.978516 0.867188 0.978516 0.857422 0.964844 0.857422 0.953125 0.867188 0.939453 0.886719 0.939453 0.892578 0.945312 0.892578 0.968750 0.882812 0.978516
0 0.531250 0.693359 0.515625 0.689453 0.505859 0.675781 0.523438 0.654297 0.550781 0.654297 0.560547 0.667969 0.556641 0.675781 0.531250 0.693359
0 0.968750 0.087891 0.953125 0.083984 0.943359 0.070312 0.960938 0.041016 0.980469 0.041016 0.986328 0.058594 0.968750 0.087891
0 0.601562 0.982422 0.585938 0.982422 0.576172 0.968750 0.576172 0.957031 0.589844 0.935547 0.617188 0.931641 0.626953 0.945312 0.626953 0.960938 0.601562 0.982422
0 0.671875 0.794922 0.654297 0.785156 0.654297 0.773438 0.664062 0.763672 0.687500 0.763672 0.697266 0.773438 0.697266 0.785156 0.671875 0.794922
0 0.789062 0.626953 0.765625 0.626953 0.755859 0.617188 0.755859 0.605469 0.765625 0.595703 0.792969 0.599609 0.798828 0.617188 0.789062 0.626953
0 0.734375 0.880859 0.714844 0.880859 0.705078 0.871094 0.705078 0.847656 0.710938 0.841797 0.734375 0.841797 0.740234 0.847656 0.740234 0.875000 0.734375 0.880859
0 0.707031 0.912109 0.671875 0.912109 0.662109 0.886719 0.671875 0.884766 0.683594 0.869141 0.699219 0.869141 0.716797 0.882812 0.716797 0.902344 0.707031 0.912109
0 0.087891 0.000000 0.099609 0.027344 0.095703 0.039062 0.082031 0.048828 0.074219 0.041016 0.054688 0.044922 0.044922 0.035156 0.054688 0.013672 0.076172 0.011719 0.052734 0.007812 0.068359 0.000000
0 0.800781 0.599609 0.777344 0.599609 0.767578 0.589844 0.763672 0.558594 0.769531 0.552734 0.789062 0.552734 0.810547 0.570312 0.810547 0.585938 0.800781 0.599609
0 0.820312 0.900391 0.808594 0.900391 0.783203 0.882812 0.783203 0.863281 0.792969 0.853516 0.816406 0.853516 0.826172 0.863281 0.826172 0.894531 0.820312 0.900391
0 0.867188 0.826172 0.843750 0.826172 0.830078 0.808594 0.830078 0.796875 0.847656 0.767578 0.863281 0.767578 0.876953 0.785156 0.876953 0.816406 0.867188 0.826172
