0 0.000000 0.384766 0.015625 0.373047 0.035156 0.373047 0.052734 0.386719 0.056641 0.398438 0.056641 0.414062 0.035156 0.435547 0.000000 0.423828
0 0.503906 0.490234 0.480469 0.490234 0.474609 0.484375 0.470703 0.460938 0.480469 0.451172 0.503906 0.451172 0.513672 0.460938 0.503906 0.490234
0 0.226562 0.705078 0.191406 0.701172 0.177734 0.687500 0.181641 0.652344 0.207031 0.630859 0.234375 0.634766 0.259766 0.675781 0.253906 0.689453 0.226562 0.705078
0 0.210938 0.841797 0.183594 0.837891 0.162109 0.816406 0.162109 0.796875 0.187500 0.771484 0.214844 0.771484 0.236328 0.792969 0.224609 0.828125 0.210938 0.841797
0 0.927734 0.996094 0.937500 0.986328 0.953125 0.982422 0.994141 0.996094
0 0.000000 0.912109 0.015625 0.916016 0.029297 0.941406 0.021484 0.964844 0.000000 0.982422
0 0.080078 0.996094 0.083984 0.957031 0.093750 0.947266 0.117188 0.939453 0.140625 0.947266 0.150391 0.957031 0.162109 0.980469 0.162109 0.996094
0 0.101562 0.931641 0.066406 0.931641 0.060547 0.925781 0.060547 0.914062 0.097656 0.880859 0.121094 0.880859 0.150391 0.902344 0.144531 0.912109 0.101562 0.931641
0 0.089844 0.857422 0.082031 0.857422 0.064453 0.839844 0.064453 0.816406 0.085938 0.798828 0.097656 0.798828 0.111328 0.812500 0.111328 0.835938 0.089844 0.857422
0 0.957031 0.888672 0.941406 0.888672 0.919922 0.867188 0.919922 0.843750 0.937500 0.822266 0.960938 0.822266 0.978516 0.843750 0.978516 0.867188 0.957031 0.888672
0 0.281250 0.638672 0.269531 0.630859 0.246094 0.634766 0.228516 0.617188 0.220703 0.589844 0.230469 0.564453 0.269531 0.556641 0.285156 0.560547 0.302734 0.578125 0.306641 0.605469 0.281250 0.638672
0 0.140625 0.447266 0.101562 0.443359 0.072266 0.417969 0.072266 0.394531 0.083984 0.371094 0.101562 0.357422 0.144531 0.361328 0.169922 0.394531 0.169922 0.417969 0.140625 0.447266
0 0.265625 0.849609 0.240234 0.832031 0.232422 0.808594 0.236328 0.789062 0.253906 0.771484 0.273438 0.775391 0.291016 0.800781 0.287109 0.828125 0.265625 0.849609
0 0.369141 0.000000 0.359375 0.013672 0.343750 0.017578 0.316406 0.013672 0.310547 0.000000
0 0.000000 0.806641 0.025391 0.832031 0.017578 0.859375 0.000000 0.869141
