0 0.781250 0.783203 0.757812 0.783203 0.734375 0.771484 0.724609 0.757812 0.724609 0.726562 0.742188 0.705078 0.761719 0.705078 0.777344 0.712891 0.794922 0.738281 0.794922 0.773438 0.781250 0.783203
0 0.929688 0.697266 0.902344 0.693359 0.896484 0.671875 0.925781 0.638672 0.957031 0.634766 0.966797 0.644531 0.966797 0.656250 0.947266 0.671875 0.947266 0.679688 0.929688 0.697266
0 0.835938 0.556641 0.812500 0.552734 0.791016 0.531250 0.787109 0.519531 0.800781 0.498047 0.816406 0.498047 0.833984 0.507812 0.845703 0.546875 0.835938 0.556641
0 0.824219 0.431641 0.796875 0.427734 0.775391 0.414062 0.771484 0.406250 0.792969 0.376953 0.812500 0.373047 0.837891 0.394531 0.837891 0.417969 0.824219 0.431641
0 0.832031 0.244141 0.800781 0.244141 0.794922 0.234375 0.816406 0.208984 0.835938 0.201172 0.851562 0.205078 0.857422 0.210938 0.857422 0.230469 0.832031 0.244141
0 0.957031 0.716797 0.947266 0.714844 0.947266 0.707031 0.960938 0.693359 0.968750 0.693359 0.970703 0.707031 0.957031 0.716797
0 0.035156 0.853516 0.019531 0.853516 0.005859 0.839844 0.001953 0.816406 0.027344 0.787109 0.039062 0.783203 0.056641 0.792969 0.064453 0.828125 0.046875 0.849609 0.035156 0.853516
0 0.273438 0.189453 0.257812 0.189453 0.224609 0.167969 0.220703 0.152344 0.234375 0.134766 0.261719 0.134766 0.279297 0.148438 0.273438 0.189453
0 0.253906 0.087891 0.236328 0.082031 0.236328 0.074219 0.253906 0.060547 0.273438 0.060547 0.291016 0.074219 0.261719 0.076172 0.253906 0.087891
0 0.646484 0.996094 0.648438 0.978516 0.695312 0.955078 0.707031 0.958984 0.716797 0.972656 0.708984 0.996094
0 0.357422 0.996094 0.357422 0.988281 0.371094 0.974609 0.402344 0.974609 0.412109 0.984375 0.412109 0.996094
0 0.687500 0.349609 0.671875 0.349609 0.658203 0.339844 0.658203 0.320312 0.664062 0.314453 0.679688 0.310547 0.693359 0.320312 0.697266 0.335938 0.687500 0.349609
0 0.000000 0.365234 0.017578 0.375000 0.025391 0.398438 0.017578 0.433594 0.000000 0.439453
0 0.437500 0.533203 0.425781 0.533203 0.412109 0.519531 0.416016 0.503906 0.433594 0.486328 0.484375 0.482422 0.501953 0.492188 0.505859 0.507812 0.500000 0.513672 0.437500 0.533203
0 0.464844 0.763672 0.414062 0.748047 0.404297 0.730469 0.408203 0.714844 0.433594 0.701172 0.472656 0.712891 0.478516 0.718750 0.482422 0.750000 0.464844 0.763672
0 0.089844 0.138672 0.062500 0.138672 0.054688 0.130859 0.042969 0.130859 0.029297 0.117188 0.025391 0.085938 0.042969 0.064453 0.062500 0.064453 0.087891 0.085938 0.095703 0.101562 0.095703 0.132812 0.089844 0.138672
