0 0.316406 0.638672 0.292969 0.638672 0.259766 0.613281 0.259766 0.578125 0.281250 0.556641 0.312500 0.552734 0.337891 0.574219 0.349609 0.597656 0.345703 0.621094 0.316406 0.638672
0 0.578125 0.705078 0.562500 0.705078 0.541016 0.683594 0.541016 0.660156 0.554688 0.646484 0.574219 0.646484 0.599609 0.675781 0.595703 0.695312 0.578125 0.705078
0 0.695312 0.259766 0.675781 0.259766 0.660156 0.251953 0.650391 0.238281 0.646484 0.203125 0.664062 0.185547 0.695312 0.181641 0.710938 0.189453 0.732422 0.214844 0.724609 0.242188 0.707031 0.248047 0.695312 0.259766
0 0.851562 0.517578 0.839844 0.517578 0.818359 0.503906 0.822266 0.484375 0.847656 0.455078 0.863281 0.458984 0.876953 0.476562 0.876953 0.492188 0.851562 0.517578
0 0.718750 0.396484 0.683594 0.392578 0.673828 0.378906 0.679688 0.365234 0.710938 0.345703 0.726562 0.349609 0.740234 0.363281 0.736328 0.386719 0.718750 0.396484
0 0.273438 0.294922 0.246094 0.287109 0.228516 0.261719 0.228516 0.238281 0.236328 0.222656 0.250000 0.212891 0.277344 0.216797 0.298828 0.250000 0.298828 0.277344 0.273438 0.294922
0 0.460938 0.912109 0.437500 0.912109 0.419922 0.894531 0.419922 0.882812 0.437500 0.861328 0.468750 0.861328 0.482422 0.875000 0.478516 0.898438 0.460938 0.912109
0 0.917969 0.283203 0.886719 0.283203 0.867188 0.271484 0.845703 0.242188 0.849609 0.226562 0.867188 0.212891 0.878906 0.212891 0.890625 0.224609 0.929688 0.240234 0.931641 0.269531 0.917969 0.283203
0 0.050781 0.041016 0.033203 0.035156 0.039062 0.017578 0.054688 0.017578 0.060547 0.023438 0.050781 0.041016
0 0.332031 0.208984 0.291016 0.144531 0.298828 0.101562 0.308594 0.095703 0.339844 0.099609 0.361328 0.125000 0.353516 0.183594 0.332031 0.208984
0 0.582031 0.275391 0.527344 0.271484 0.505859 0.253906 0.498047 0.222656 0.523438 0.193359 0.550781 0.189453 0.578125 0.197266 0.599609 0.222656 0.603516 0.253906 0.582031 0.275391
0 0.474609 0.000000 0.464844 0.017578 0.437500 0.029297 0.414062 0.025391 0.392578 0.000000
0 0.722656 0.978516 0.693359 0.968750 0.693359 0.960938 0.714844 0.935547 0.726562 0.935547 0.740234 0.949219 0.740234 0.964844 0.722656 0.978516
0 0.199219 0.865234 0.167969 0.861328 0.152344 0.853516 0.138672 0.835938 0.142578 0.808594 0.167969 0.783203 0.199219 0.783203 0.236328 0.820312 0.228516 0.839844 0.199219 0.865234
0 0.333984 0.996094 0.333984 0.980469 0.355469 0.958984 0.363281 0.958984 0.376953 0.976562 0.373047 0.996094
0 0.093750 0.416016 0.074219 0.416016 0.064453 0.406250 0.064453 0.394531 0.070312 0.384766 0.113281 0.369141 0.123047 0.382812 0.111328 0.402344 0.093750 0.416016
0 0.933594 0.111328 0.902344 0.107422 0.888672 0.089844 0.880859 0.058594 0.894531 0.033203 0.921875 0.017578 0.957031 0.021484 0.978516 0.050781 0.970703 0.085938 0.953125 0.103516 0.933594 0.111328
0 0.316406 0.794922 0.296875 0.794922 0.287109 0.781250 0.287109 0.769531 0.304688 0.740234 0.328125 0.732422 0.345703 0.746094 0.345703 0.761719 0.337891 0.777344 0.316406 0.794922
0 0.996094 0.322266 0.982422 0.312500 0.982422 0.296875 0.996094 0.279297
0 0.000000 0.013672 0.007812 0.005859 0.031250 0.005859 0.041016 0.015625 0.019531 0.048828 0.000000 0.044922
0 0.000000 0.802734 0.021484 0.816406 0.021484 0.832031 0.000000 0.841797
0 0.609375 0.115234 0.578125 0.111328 0.564453 0.082031 0.609375 0.033203 0.628906 0.033203 0.646484 0.046875 0.650391 0.074219 0.640625 0.091797 0.609375 0.115234
0 0.996094 0.724609 0.972656 0.744141 0.949219 0.744141 0.916016 0.718750 0.912109 0.687500 0.929688 0.662109 0.964844 0.658203 0.980469 0.666016 0.996094 0.689453
0 0.000000 0.900391 0.011719 0.888672 0.039062 0.888672 0.056641 0.906250 0.068359 0.929688 0.060547 0.949219 0.042969 0.962891 0.000000 0.962891
0 0.250000 0.474609 0.228516 0.460938 0.224609 0.414062 0.246094 0.380859 0.265625 0.380859 0.291016 0.406250 0.291016 0.441406 0.265625 0.470703 0.250000 0.474609
0 0.859375 0.369141 0.828125 0.369141 0.822266 0.363281 0.818359 0.335938 0.828125 0.326172 0.851562 0.322266 0.876953 0.335938 0.876953 0.351562 0.859375 0.369141
0 0.441406 0.744141 0.410156 0.740234 0.384766 0.718750 0.384766 0.691406 0.394531 0.673828 0.437500 0.673828 0.466797 0.699219 0.470703 0.726562 0.441406 0.744141
0 0.582031 0.974609 0.550781 0.966797 0.533203 0.941406 0.537109 0.914062 0.558594 0.900391 0.597656 0.900391 0.619141 0.917969 0.623047 0.929688 0.619141 0.945312 0.593750 0.970703 0.582031 0.974609
0 0.683594 0.513672 0.671875 0.513672 0.662109 0.500000 0.662109 0.464844 0.667969 0.458984 0.707031 0.466797 0.720703 0.480469 0.720703 0.500000 0.710938 0.509766 0.683594 0.513672
