0 0.711207 0.877885 0.702586 0.875962 0.692529 0.868269 0.684626 0.855769 0.681753 0.846154 0.680316 0.813462 0.683190 0.803846 0.691092 0.793269 0.702586 0.795192 0.711925 0.809615 0.717672 0.828846 0.721983 0.863462 0.720546 0.869231 0.711207 0.877885
0 0.841954 0.758654 0.831897 0.756731 0.823994 0.744231 0.823994 0.728846 0.826868 0.717308 0.843391 0.695192 0.854885 0.689423 0.863506 0.691346 0.872845 0.703846 0.871408 0.728846 0.860632 0.745192 0.841954 0.758654
0 0.192529 0.102885 0.179598 0.102885 0.169540 0.095192 0.163075 0.084615 0.167385 0.044231 0.170259 0.034615 0.179598 0.022115 0.195402 0.024038 0.201868 0.032692 0.204741 0.042308 0.204741 0.078846 0.200431 0.092308 0.192529 0.102885
0 0.920977 0.135577 0.913793 0.131731 0.904454 0.121154 0.904454 0.111538 0.907328 0.103846 0.920977 0.095192 0.936782 0.074038 0.945402 0.074038 0.955460 0.079808 0.959052 0.084615 0.959052 0.094231 0.953305 0.103846 0.953305 0.109615 0.920977 0.135577
0 0.181034 0.985577 0.160920 0.981731 0.150144 0.971154 0.140086 0.948077 0.140086 0.936538 0.145115 0.927885 0.155172 0.929808 0.170977 0.943269 0.180316 0.955769 0.186063 0.973077 0.186063 0.978846 0.181034 0.985577
0 0.630747 0.570192 0.619253 0.570192 0.613506 0.566346 0.609914 0.559615 0.608477 0.542308 0.623563 0.512500 0.633621 0.508654 0.643678 0.497115 0.649425 0.497115 0.655891 0.503846 0.658764 0.511538 0.657328 0.532692 0.650144 0.550000 0.630747 0.570192
0 0.000000 0.952885 0.012931 0.945192 0.020115 0.945192 0.029454 0.959615 0.029454 0.971154 0.021552 0.983654 0.007184 0.993269 0.000000 0.993269
0 0.285920 0.364423 0.275862 0.362500 0.265805 0.350962 0.257184 0.347115 0.249282 0.336538 0.249282 0.325000 0.258621 0.310577 0.271552 0.304808 0.283046 0.304808 0.292385 0.313462 0.295259 0.325000 0.295259 0.346154 0.285920 0.364423
0 0.679598 0.950962 0.662356 0.945192 0.652299 0.935577 0.635057 0.925962 0.627155 0.913462 0.628592 0.898077 0.645115 0.885577 0.658046 0.885577 0.662356 0.891346 0.666667 0.891346 0.676724 0.899038 0.691810 0.919231 0.696121 0.928846 0.696121 0.938462 0.691092 0.945192 0.679598 0.950962
0 0.597701 0.633654 0.590517 0.631731 0.581178 0.621154 0.581178 0.598077 0.589080 0.579808 0.603448 0.581731 0.609195 0.585577 0.614224 0.594231 0.612787 0.619231 0.609195 0.620192 0.597701 0.633654
0 0.131466 0.000000 0.134339 0.003846 0.137213 0.017308 0.114943 0.056731 0.109195 0.056731 0.102730 0.046154 0.102730 0.011538 0.101293 0.005769 0.095546 0.000000
0 0.717672 0.000000 0.720546 0.005769 0.720546 0.017308 0.716954 0.025962 0.688218 0.035577 0.680316 0.025000 0.680316 0.013462 0.686782 0.002885 0.692529 0.002885 0.694684 0.000000
0 0.853448 0.347115 0.844828 0.347115 0.842672 0.344231 0.841236 0.315385 0.844109 0.296154 0.855603 0.257692 0.866379 0.250962 0.871408 0.255769 0.871408 0.261538 0.875718 0.267308 0.874282 0.278846 0.877155 0.284615 0.871408 0.313462 0.859914 0.340385 0.853448 0.347115
0 0.079023 0.512500 0.061782 0.510577 0.042385 0.486538 0.039511 0.478846 0.039511 0.469231 0.042385 0.459615 0.047414 0.452885 0.064655 0.450962 0.076149 0.456731 0.085489 0.469231 0.089799 0.480769 0.091236 0.500000 0.087644 0.506731 0.079023 0.512500
0 0.795977 0.681731 0.785920 0.679808 0.780891 0.671154 0.779454 0.636538 0.784483 0.622115 0.793103 0.612500 0.801724 0.610577 0.808908 0.614423 0.815374 0.623077 0.816810 0.640385 0.812500 0.663462 0.801724 0.677885 0.795977 0.681731
0 0.204023 0.289423 0.186782 0.289423 0.164511 0.267308 0.164511 0.248077 0.176724 0.231731 0.179598 0.235577 0.195402 0.235577 0.211925 0.265385 0.211925 0.276923 0.204023 0.289423
0 0.561782 0.506731 0.547414 0.504808 0.542385 0.496154 0.542385 0.478846 0.545259 0.475000 0.546695 0.461538 0.554598 0.450962 0.561782 0.447115 0.587644 0.447115 0.594109 0.457692 0.592672 0.473077 0.574713 0.497115 0.561782 0.506731
0 0.301724 0.733654 0.297414 0.733654 0.289511 0.726923 0.288075 0.700000 0.290948 0.690385 0.297414 0.685577 0.301724 0.677885 0.310345 0.672115 0.316092 0.672115 0.321839 0.675962 0.329741 0.688462 0.332615 0.698077 0.332615 0.711538 0.324713 0.727885 0.307471 0.729808 0.301724 0.733654
0 0.479885 0.902885 0.466954 0.902885 0.462644 0.897115 0.460489 0.894231 0.461925 0.878846 0.488506 0.858654 0.505747 0.856731 0.509339 0.861538 0.507902 0.876923 0.497126 0.891346 0.479885 0.902885
0 0.303161 0.172115 0.293822 0.169231 0.285201 0.157692 0.272270 0.130769 0.266523 0.115385 0.266523 0.098077 0.268678 0.095192 0.275862 0.093269 0.295977 0.104808 0.318247 0.136538 0.321121 0.144231 0.319684 0.153846 0.313218 0.164423 0.303161 0.172115
0 0.568966 0.745192 0.557471 0.745192 0.548132 0.734615 0.545259 0.725000 0.545259 0.709615 0.549569 0.696154 0.557471 0.687500 0.576149 0.683654 0.582615 0.690385 0.582615 0.700000 0.579741 0.703846 0.575431 0.738462 0.568966 0.745192
0 0.727011 0.685577 0.716954 0.685577 0.710489 0.678846 0.707615 0.653846 0.710489 0.636538 0.720546 0.619231 0.723420 0.609615 0.729885 0.602885 0.737069 0.602885 0.742098 0.607692 0.746408 0.619231 0.746408 0.644231 0.742098 0.661538 0.734914 0.671154 0.734914 0.676923 0.727011 0.685577
0 0.303161 0.904808 0.285920 0.902885 0.276580 0.890385 0.276580 0.848077 0.280172 0.843269 0.293103 0.847115 0.306753 0.859615 0.311063 0.894231 0.303161 0.904808
0 0.238506 0.800962 0.227011 0.799038 0.213362 0.780769 0.211925 0.775000 0.213362 0.759615 0.224138 0.747115 0.231322 0.743269 0.244253 0.745192 0.250000 0.749038 0.255029 0.757692 0.253592 0.780769 0.238506 0.800962
0 0.629310 0.633654 0.617816 0.633654 0.612787 0.626923 0.612787 0.613462 0.627155 0.571154 0.635057 0.566346 0.643678 0.566346 0.647270 0.571154 0.644397 0.607692 0.637213 0.625000 0.629310 0.633654
0 0.522270 0.998077 0.523707 0.992308 0.520833 0.986538 0.520833 0.975000 0.527299 0.964423 0.533046 0.960577 0.547414 0.960577 0.552443 0.965385 0.555316 0.973077 0.556753 0.998077
0 0.765805 0.300962 0.752874 0.299038 0.750718 0.294231 0.753592 0.286538 0.750000 0.281731 0.737069 0.281731 0.724856 0.265385 0.723420 0.257692 0.726293 0.240385 0.739943 0.225962 0.755747 0.225962 0.767960 0.240385 0.770833 0.248077 0.775144 0.271154 0.775144 0.288462 0.765805 0.300962
0 0.250000 0.654808 0.239943 0.654808 0.232040 0.646154 0.229167 0.621154 0.229167 0.607692 0.232040 0.600000 0.244253 0.585577 0.260057 0.593269 0.263649 0.598077 0.266523 0.609615 0.263649 0.640385 0.250000 0.654808
0 0.000000 0.845192 0.011494 0.841346 0.024425 0.841346 0.030172 0.845192 0.036638 0.855769 0.036638 0.867308 0.027299 0.883654 0.014368 0.889423 0.000000 0.887500
0 0.349138 0.524038 0.339080 0.520192 0.332615 0.511538 0.329741 0.500000 0.328305 0.478846 0.331178 0.469231 0.339080 0.460577 0.347701 0.460577 0.355603 0.469231 0.361351 0.478846 0.365661 0.496154 0.364224 0.509615 0.361351 0.515385 0.356322 0.522115 0.349138 0.524038
0 0.303161 0.624038 0.291667 0.624038 0.279454 0.600000 0.279454 0.580769 0.282328 0.571154 0.295977 0.554808 0.300287 0.552885 0.307471 0.554808 0.312500 0.561538 0.316810 0.580769 0.316810 0.596154 0.313937 0.609615 0.303161 0.624038
0 0.662356 0.343269 0.649425 0.341346 0.641523 0.326923 0.638649 0.296154 0.646552 0.285577 0.660920 0.285577 0.665948 0.290385 0.665948 0.300000 0.663075 0.305769 0.665948 0.338462 0.662356 0.343269
0 0.856322 0.625962 0.850575 0.625962 0.845546 0.621154 0.842672 0.611538 0.842672 0.596154 0.856322 0.572115 0.864943 0.568269 0.872845 0.578846 0.872845 0.600000 0.869971 0.611538 0.860632 0.624038 0.856322 0.625962
0 0.593391 0.249038 0.586207 0.249038 0.581178 0.242308 0.581178 0.219231 0.588362 0.196154 0.593391 0.189423 0.603448 0.185577 0.611351 0.194231 0.612787 0.200000 0.611351 0.228846 0.600575 0.245192 0.593391 0.249038
0 0.739943 0.525962 0.732759 0.525962 0.724856 0.517308 0.723420 0.501923 0.719109 0.488462 0.719109 0.475000 0.724856 0.459615 0.731322 0.450962 0.738506 0.447115 0.747126 0.447115 0.755747 0.452885 0.762213 0.463462 0.763649 0.488462 0.756466 0.507692 0.745690 0.522115 0.739943 0.525962
0 0.925287 0.572115 0.913793 0.572115 0.904454 0.553846 0.904454 0.530769 0.912356 0.518269 0.919540 0.514423 0.923851 0.514423 0.931034 0.520192 0.941810 0.538462 0.940374 0.550000 0.933190 0.563462 0.925287 0.572115
0 0.629310 0.377885 0.620690 0.374038 0.615661 0.367308 0.614224 0.351923 0.633621 0.325962 0.640805 0.325962 0.647270 0.338462 0.645833 0.357692 0.639368 0.370192 0.629310 0.377885
0 0.497126 0.477885 0.482759 0.470192 0.479167 0.465385 0.480603 0.442308 0.488506 0.427885 0.502874 0.422115 0.515805 0.425962 0.523707 0.434615 0.522270 0.451923 0.510057 0.470192 0.497126 0.477885
0 0.511494 0.797115 0.504310 0.797115 0.496408 0.786538 0.505747 0.770192 0.515805 0.764423 0.524425 0.764423 0.538075 0.775000 0.538075 0.786538 0.530172 0.795192 0.511494 0.797115
0 0.760057 0.441346 0.748563 0.441346 0.737069 0.435577 0.728448 0.425962 0.719828 0.424038 0.711925 0.413462 0.707615 0.390385 0.710489 0.376923 0.715517 0.370192 0.727011 0.370192 0.735632 0.374038 0.750000 0.383654 0.756466 0.392308 0.767960 0.426923 0.766523 0.434615 0.760057 0.441346
0 0.958333 0.358654 0.945402 0.356731 0.938218 0.333654 0.925287 0.333654 0.921695 0.328846 0.920259 0.315385 0.926724 0.304808 0.938218 0.306731 0.945402 0.314423 0.951149 0.314423 0.959052 0.325000 0.963362 0.346154 0.958333 0.358654
0 0.675287 0.224038 0.668103 0.224038 0.660201 0.213462 0.655891 0.201923 0.654454 0.188462 0.657328 0.178846 0.672414 0.158654 0.676724 0.154808 0.685345 0.154808 0.694684 0.165385 0.697557 0.178846 0.693247 0.198077 0.688218 0.206731 0.681034 0.206731 0.678879 0.209615 0.675287 0.224038
0 0.054598 0.314423 0.045977 0.314423 0.040230 0.310577 0.033764 0.301923 0.023707 0.273077 0.023707 0.257692 0.028017 0.242308 0.041667 0.225962 0.048851 0.224038 0.061782 0.229808 0.071121 0.242308 0.076868 0.269231 0.076868 0.286538 0.061782 0.310577 0.054598 0.314423
0 0.464080 0.389423 0.446839 0.387500 0.433908 0.377885 0.427443 0.367308 0.426006 0.355769 0.428879 0.346154 0.436063 0.332692 0.446839 0.322115 0.452586 0.324038 0.464080 0.335577 0.469109 0.342308 0.470546 0.351923 0.474856 0.359615 0.476293 0.376923 0.469828 0.387500 0.464080 0.389423
0 0.195402 0.235577 0.179598 0.235577 0.167385 0.219231 0.167385 0.184615 0.172414 0.177885 0.182471 0.177885 0.191092 0.181731 0.196839 0.185577 0.203305 0.196154 0.206178 0.205769 0.206178 0.219231 0.195402 0.235577
0 0.645115 0.720192 0.635057 0.720192 0.627155 0.709615 0.627155 0.692308 0.630029 0.676923 0.642960 0.646154 0.653736 0.633654 0.662356 0.631731 0.667385 0.636538 0.670259 0.646154 0.667385 0.680769 0.657328 0.705769 0.645115 0.720192
0 0.871408 0.998077 0.874282 0.988462 0.882184 0.977885 0.889368 0.975962 0.892241 0.972115 0.896552 0.972115 0.904454 0.982692 0.904454 0.998077
0 0.237069 0.352885 0.208333 0.352885 0.200431 0.344231 0.197557 0.326923 0.206897 0.314423 0.214080 0.314423 0.216954 0.318269 0.231322 0.316346 0.247126 0.322115 0.249282 0.330769 0.244971 0.338462 0.244971 0.344231 0.237069 0.352885
0 0.272989 0.174038 0.262931 0.174038 0.247126 0.162500 0.239224 0.150000 0.237787 0.128846 0.244971 0.111538 0.254310 0.102885 0.260057 0.102885 0.266523 0.109615 0.266523 0.115385 0.272270 0.130769 0.285201 0.155769 0.285201 0.161538 0.272989 0.174038
0 0.238506 0.260577 0.221264 0.258654 0.211925 0.246154 0.209052 0.226923 0.204741 0.221154 0.206178 0.213462 0.214080 0.202885 0.219828 0.202885 0.222701 0.199038 0.234195 0.199038 0.239943 0.202885 0.244971 0.209615 0.244971 0.213462 0.256466 0.226923 0.256466 0.242308 0.253592 0.251923 0.247126 0.258654 0.238506 0.260577
0 0.494253 0.747115 0.484195 0.747115 0.477730 0.740385 0.476293 0.717308 0.479167 0.705769 0.487069 0.695192 0.500000 0.691346 0.505747 0.693269 0.513649 0.703846 0.515086 0.719231 0.509339 0.734615 0.494253 0.747115
0 0.961925 0.000000 0.960489 0.013462 0.952586 0.020192 0.938218 0.016346 0.934626 0.011538 0.933190 0.000000
0 0.169540 0.447115 0.162356 0.447115 0.150144 0.434615 0.138649 0.403846 0.137213 0.384615 0.147989 0.370192 0.158046 0.370192 0.162356 0.374038 0.176006 0.400000 0.178879 0.411538 0.178879 0.430769 0.176006 0.440385 0.169540 0.447115
0 0.169540 0.737500 0.156609 0.733654 0.145833 0.715385 0.148707 0.694231 0.153736 0.687500 0.170977 0.687500 0.187500 0.703846 0.187500 0.725000 0.169540 0.737500
0 0.603448 0.889423 0.586207 0.883654 0.582615 0.876923 0.585489 0.861538 0.584052 0.844231 0.576868 0.828846 0.576868 0.825000 0.581897 0.818269 0.596264 0.816346 0.599856 0.819231 0.604167 0.859615 0.608477 0.871154 0.608477 0.884615 0.603448 0.889423
0 0.864943 0.850962 0.849138 0.849038 0.838362 0.836538 0.832615 0.823077 0.834052 0.796154 0.841954 0.787500 0.852011 0.785577 0.864943 0.791346 0.875718 0.805769 0.878592 0.828846 0.875718 0.838462 0.864943 0.850962
0 0.933908 0.602885 0.926724 0.602885 0.922414 0.599038 0.917385 0.588462 0.917385 0.582692 0.933190 0.563462 0.939655 0.550962 0.949713 0.550962 0.954741 0.557692 0.953305 0.578846 0.948994 0.590385 0.942529 0.599038 0.933908 0.602885
0 0.757184 0.808654 0.742816 0.806731 0.734914 0.792308 0.734914 0.769231 0.740661 0.757692 0.752874 0.743269 0.765805 0.747115 0.780891 0.769231 0.780891 0.775000 0.770833 0.796154 0.764368 0.804808 0.757184 0.808654
0 0.555316 0.000000 0.552443 0.019231 0.548851 0.024038 0.531609 0.033654 0.522989 0.033654 0.516523 0.026923 0.515086 0.019231 0.529454 0.000000
0 0.397989 0.337500 0.390805 0.337500 0.378592 0.325000 0.378592 0.309615 0.382902 0.294231 0.392241 0.279808 0.403736 0.279808 0.413793 0.285577 0.420259 0.294231 0.423132 0.303846 0.420259 0.319231 0.413793 0.327885 0.405172 0.329808 0.397989 0.337500
0 0.925287 0.908654 0.919540 0.906731 0.914511 0.900000 0.915948 0.888462 0.930316 0.844231 0.939655 0.831731 0.946839 0.829808 0.954741 0.838462 0.954741 0.865385 0.947557 0.886538 0.936782 0.900962 0.925287 0.908654
0 0.998563 0.583654 0.994971 0.592308 0.996408 0.600000 0.993534 0.611538 0.985632 0.620192 0.966954 0.620192 0.961925 0.613462 0.964799 0.588462 0.974138 0.575962 0.984195 0.566346 0.992816 0.566346 0.998563 0.574038
0 0.255747 0.558654 0.250000 0.556731 0.242098 0.546154 0.242098 0.525000 0.244971 0.517308 0.257184 0.500962 0.264368 0.495192 0.272989 0.495192 0.278017 0.500000 0.280891 0.509615 0.279454 0.532692 0.265805 0.554808 0.255747 0.558654
0 0.954023 0.481731 0.941092 0.479808 0.932471 0.474038 0.926006 0.463462 0.926006 0.453846 0.935345 0.441346 0.943966 0.439423 0.954023 0.427885 0.959770 0.427885 0.963362 0.432692 0.964799 0.442308 0.964799 0.467308 0.963362 0.473077 0.954023 0.481731
0 0.998563 0.975962 0.994253 0.975962 0.989224 0.971154 0.989224 0.959615 0.998563 0.949038
0 0.813218 0.543269 0.800287 0.543269 0.793103 0.537500 0.788075 0.526923 0.788075 0.513462 0.798132 0.490385 0.811782 0.472115 0.826149 0.468269 0.834052 0.476923 0.835489 0.505769 0.828305 0.526923 0.813218 0.543269
0 0.384339 0.998077 0.387931 0.989423 0.396552 0.991346 0.405172 0.987500 0.416667 0.991346 0.420259 0.998077
0 0.660201 0.000000 0.658764 0.025000 0.652299 0.033654 0.645115 0.033654 0.632902 0.021154 0.628592 0.007692 0.630029 0.000000
0 0.570402 0.395192 0.561782 0.393269 0.552443 0.380769 0.551006 0.369231 0.555316 0.355769 0.573276 0.337500 0.597701 0.337500 0.601293 0.344231 0.599856 0.367308 0.591954 0.379808 0.583333 0.383654 0.570402 0.395192
0 0.998563 0.402885 0.992098 0.392308 0.990661 0.380769 0.990661 0.361538 0.993534 0.351923 0.998563 0.347115
0 0.626437 0.445192 0.614943 0.443269 0.608477 0.436538 0.607040 0.423077 0.612787 0.409615 0.619253 0.400962 0.632184 0.391346 0.653736 0.391346 0.658764 0.400000 0.658764 0.407692 0.651580 0.426923 0.642241 0.437500 0.626437 0.445192
0 0.932471 0.162500 0.926724 0.162500 0.921695 0.155769 0.918822 0.150000 0.918822 0.138462 0.941092 0.118269 0.965517 0.118269 0.977730 0.134615 0.977730 0.144231 0.972701 0.149038 0.956897 0.154808 0.948276 0.154808 0.932471 0.162500
0 0.442529 0.783654 0.425287 0.779808 0.414511 0.769231 0.408764 0.746154 0.410201 0.738462 0.415230 0.731731 0.432471 0.731731 0.442529 0.739423 0.451868 0.751923 0.454741 0.759615 0.454741 0.773077 0.449713 0.779808 0.442529 0.783654
0 0.438218 0.870192 0.423851 0.868269 0.416667 0.862500 0.410201 0.851923 0.410201 0.836538 0.422414 0.822115 0.445402 0.822115 0.454023 0.829808 0.459052 0.838462 0.459052 0.851923 0.446839 0.866346 0.438218 0.870192
0 0.505747 0.381731 0.497126 0.381731 0.490661 0.373077 0.489224 0.367308 0.480603 0.357692 0.479167 0.344231 0.492816 0.318269 0.505747 0.310577 0.512931 0.310577 0.519397 0.319231 0.523707 0.332692 0.523707 0.363462 0.517241 0.375962 0.505747 0.381731
0 0.818966 0.877885 0.810345 0.875962 0.796695 0.855769 0.796695 0.840385 0.811782 0.824038 0.821839 0.824038 0.827586 0.827885 0.836925 0.844231 0.838362 0.851923 0.836925 0.865385 0.833333 0.870192 0.818966 0.877885
0 0.646552 0.141346 0.636494 0.141346 0.631466 0.134615 0.631466 0.107692 0.639368 0.097115 0.647989 0.091346 0.659483 0.089423 0.668103 0.093269 0.673132 0.100000 0.673132 0.111538 0.662356 0.127885 0.646552 0.141346
0 0.816092 0.260577 0.800287 0.254808 0.791667 0.256731 0.785201 0.248077 0.779454 0.225000 0.782328 0.221154 0.782328 0.213462 0.787356 0.206731 0.801724 0.204808 0.818966 0.210577 0.826868 0.219231 0.823994 0.253846 0.816092 0.260577
0 0.396552 0.566346 0.387931 0.564423 0.382902 0.555769 0.382902 0.538462 0.378592 0.525000 0.380029 0.511538 0.377155 0.507692 0.377155 0.498077 0.395115 0.479808 0.410920 0.475962 0.421695 0.486538 0.421695 0.534615 0.415948 0.555769 0.412356 0.560577 0.396552 0.566346
0 0.058908 0.620192 0.037356 0.618269 0.010057 0.600962 0.000718 0.586538 0.002155 0.571154 0.004310 0.568269 0.033046 0.568269 0.048851 0.575962 0.063937 0.592308 0.068247 0.605769 0.068247 0.609615 0.058908 0.620192
0 0.311063 0.998077 0.313218 0.993269 0.324713 0.983654 0.334770 0.983654 0.340517 0.987500 0.345546 0.998077
0 0.899425 0.535577 0.890805 0.535577 0.887213 0.530769 0.884339 0.515385 0.884339 0.494231 0.895115 0.479808 0.905172 0.481731 0.914511 0.494231 0.911638 0.519231 0.899425 0.535577
0 0.390805 0.710577 0.370690 0.710577 0.367098 0.705769 0.368534 0.686538 0.379310 0.670192 0.385057 0.666346 0.408046 0.662500 0.414511 0.671154 0.413075 0.686538 0.403736 0.704808 0.390805 0.710577
0 0.971264 0.687500 0.956897 0.687500 0.949713 0.683654 0.941810 0.675000 0.938937 0.667308 0.938937 0.655769 0.945402 0.647115 0.951149 0.645192 0.959770 0.645192 0.975575 0.654808 0.982040 0.663462 0.983477 0.673077 0.977011 0.683654 0.971264 0.687500
0 0.219828 0.879808 0.211207 0.879808 0.197557 0.867308 0.187500 0.828846 0.188937 0.815385 0.192529 0.810577 0.204023 0.812500 0.212644 0.820192 0.226293 0.840385 0.229167 0.848077 0.230603 0.865385 0.227730 0.873077 0.219828 0.879808
0 0.139368 0.491346 0.129310 0.489423 0.122845 0.480769 0.119971 0.457692 0.127874 0.447115 0.140805 0.441346 0.149425 0.445192 0.155891 0.453846 0.155891 0.469231 0.151580 0.482692 0.147989 0.487500 0.139368 0.491346
0 0.095546 0.000000 0.091954 0.008654 0.083333 0.008654 0.076868 0.000000
0 0.548851 0.943269 0.534483 0.939423 0.526580 0.928846 0.526580 0.921154 0.522270 0.915385 0.522270 0.911538 0.531609 0.895192 0.545977 0.897115 0.556753 0.909615 0.558190 0.932692 0.554598 0.939423 0.548851 0.943269
0 0.354885 0.720192 0.346264 0.720192 0.341236 0.713462 0.338362 0.705769 0.338362 0.682692 0.342672 0.669231 0.353448 0.654808 0.364943 0.652885 0.369971 0.659615 0.372845 0.680769 0.367098 0.692308 0.367098 0.705769 0.354885 0.720192
0 0.283046 0.456731 0.274425 0.456731 0.266523 0.448077 0.265086 0.409615 0.272989 0.395192 0.287356 0.387500 0.296695 0.398077 0.299569 0.413462 0.293822 0.430769 0.292385 0.446154 0.283046 0.456731
0 0.954023 0.979808 0.946839 0.977885 0.940374 0.967308 0.941810 0.938462 0.947557 0.921154 0.958333 0.904808 0.969828 0.902885 0.974856 0.913462 0.970546 0.944231 0.964799 0.965385 0.954023 0.979808
0 0.000000 0.135577 0.006466 0.140385 0.007902 0.148077 0.005029 0.180769 0.000000 0.187500
0 0.609195 0.872115 0.604167 0.859615 0.599856 0.819231 0.607759 0.808654 0.612069 0.806731 0.633621 0.812500 0.637213 0.817308 0.637213 0.823077 0.632902 0.842308 0.617816 0.866346 0.609195 0.872115
0 0.000000 0.624038 0.012931 0.622115 0.025862 0.631731 0.038075 0.648077 0.039511 0.661538 0.031609 0.670192 0.021552 0.670192 0.008621 0.664423 0.000000 0.656731
0 0.331897 0.279808 0.320402 0.275962 0.313937 0.267308 0.306753 0.250000 0.308190 0.223077 0.311063 0.215385 0.318966 0.206731 0.336207 0.210577 0.342672 0.219231 0.348420 0.238462 0.345546 0.263462 0.340517 0.272115 0.331897 0.279808
0 0.446839 0.245192 0.441092 0.245192 0.420977 0.233654 0.405891 0.215385 0.401580 0.201923 0.401580 0.188462 0.407328 0.178846 0.408764 0.169231 0.415230 0.160577 0.426724 0.160577 0.436063 0.173077 0.437500 0.186538 0.440374 0.192308 0.448276 0.202885 0.454023 0.202885 0.461925 0.211538 0.463362 0.226923 0.460489 0.234615 0.446839 0.245192
0 0.915230 0.193269 0.906609 0.193269 0.896552 0.187500 0.882902 0.167308 0.881466 0.148077 0.887931 0.133654 0.893678 0.131731 0.916667 0.147115 0.924569 0.159615 0.920259 0.171154 0.920259 0.186538 0.915230 0.193269
0 0.466954 0.672115 0.446839 0.668269 0.438937 0.659615 0.436063 0.640385 0.442529 0.629808 0.461207 0.627885 0.471264 0.631731 0.477730 0.638462 0.480603 0.655769 0.471264 0.670192 0.466954 0.672115
0 0.112069 0.889423 0.099138 0.885577 0.091236 0.876923 0.087644 0.868269 0.080460 0.866346 0.073994 0.857692 0.075431 0.846154 0.081897 0.839423 0.093391 0.839423 0.097701 0.843269 0.112069 0.843269 0.123563 0.849038 0.128592 0.857692 0.128592 0.875000 0.120690 0.885577 0.112069 0.889423
0 0.228448 0.410577 0.219828 0.408654 0.213362 0.400000 0.213362 0.382692 0.224138 0.366346 0.231322 0.360577 0.244253 0.358654 0.250718 0.369231 0.250718 0.380769 0.246408 0.390385 0.232759 0.408654 0.228448 0.410577
0 0.467672 0.000000 0.461207 0.012500 0.454023 0.016346 0.438218 0.016346 0.428161 0.010577 0.420259 0.000000
0 0.038075 0.000000 0.042385 0.019231 0.042385 0.032692 0.036638 0.048077 0.038075 0.053846 0.035920 0.056731 0.021552 0.052885 0.017241 0.049038 0.000000 0.022115
0 0.357759 0.858654 0.344828 0.858654 0.336925 0.850000 0.338362 0.825000 0.341236 0.815385 0.347701 0.806731 0.366379 0.804808 0.382902 0.819231 0.384339 0.836538 0.376437 0.849038 0.357759 0.858654
0 0.814655 0.989423 0.807471 0.989423 0.791667 0.974038 0.779454 0.950000 0.778017 0.917308 0.787356 0.904808 0.801724 0.908654 0.809626 0.921154 0.821121 0.969231 0.821121 0.980769 0.814655 0.989423
0 0.945402 0.283654 0.919540 0.281731 0.915948 0.276923 0.915948 0.263462 0.918822 0.259615 0.921695 0.246154 0.928161 0.237500 0.939655 0.231731 0.954023 0.231731 0.959052 0.238462 0.963362 0.255769 0.963362 0.265385 0.956897 0.277885 0.945402 0.283654
0 0.086207 0.964423 0.063218 0.964423 0.051724 0.954808 0.045259 0.944231 0.040948 0.930769 0.039511 0.911538 0.042385 0.900000 0.048851 0.891346 0.057471 0.887500 0.071839 0.889423 0.081897 0.895192 0.088362 0.903846 0.096983 0.928846 0.098420 0.948077 0.096983 0.953846 0.086207 0.964423
0 0.429598 0.516346 0.424569 0.513462 0.424569 0.507692 0.428161 0.502885 0.433190 0.507692 0.429598 0.516346
0 0.204023 0.949038 0.193966 0.945192 0.170259 0.911538 0.167385 0.896154 0.170977 0.887500 0.186782 0.885577 0.193966 0.891346 0.201868 0.903846 0.211925 0.928846 0.211925 0.942308 0.204023 0.949038
0 0.444684 0.998077 0.446121 0.990385 0.452586 0.981731 0.459770 0.979808 0.465517 0.979808 0.469828 0.983654 0.476293 0.992308 0.476293 0.998077
0 0.228448 0.506731 0.218391 0.506731 0.213362 0.500000 0.210489 0.490385 0.210489 0.471154 0.211925 0.465385 0.221264 0.452885 0.237069 0.450962 0.247845 0.469231 0.247845 0.482692 0.232759 0.504808 0.228448 0.506731
0 0.827586 0.187500 0.797414 0.174038 0.790948 0.161538 0.792385 0.151923 0.795977 0.147115 0.803161 0.145192 0.813218 0.152885 0.821839 0.152885 0.831897 0.139423 0.839080 0.141346 0.842672 0.148077 0.841236 0.178846 0.836207 0.185577 0.827586 0.187500
0 0.192529 0.656731 0.186782 0.656731 0.184626 0.653846 0.184626 0.630769 0.190374 0.615385 0.198276 0.602885 0.212644 0.602885 0.217672 0.609615 0.217672 0.615385 0.211925 0.636538 0.202586 0.650962 0.192529 0.656731
0 0.846264 0.947115 0.837644 0.947115 0.826149 0.933654 0.813218 0.931731 0.811063 0.928846 0.806753 0.913462 0.813218 0.895192 0.830460 0.893269 0.846983 0.905769 0.851293 0.917308 0.852730 0.934615 0.846264 0.947115
0 0.376437 0.087500 0.367816 0.087500 0.352011 0.081731 0.339080 0.070192 0.331178 0.057692 0.332615 0.044231 0.339080 0.035577 0.347701 0.033654 0.363506 0.041346 0.390805 0.039423 0.397989 0.045192 0.405891 0.059615 0.405891 0.069231 0.397989 0.077885 0.387931 0.077885 0.376437 0.087500
0 0.515805 0.104808 0.501437 0.104808 0.496408 0.098077 0.503592 0.075000 0.503592 0.061538 0.507184 0.056731 0.517241 0.056731 0.530891 0.075000 0.530891 0.090385 0.524425 0.099038 0.515805 0.104808
0 0.548851 0.250962 0.540230 0.250962 0.538075 0.248077 0.529454 0.228846 0.529454 0.219231 0.530891 0.211538 0.544540 0.193269 0.556034 0.187500 0.561782 0.191346 0.565374 0.198077 0.566810 0.217308 0.562500 0.236538 0.548851 0.250962
0 0.080460 0.806731 0.067529 0.804808 0.056034 0.799038 0.051006 0.790385 0.052443 0.773077 0.068966 0.749038 0.086207 0.741346 0.103448 0.743269 0.115661 0.759615 0.117098 0.780769 0.114224 0.788462 0.104885 0.799038 0.093391 0.804808 0.080460 0.806731
0 0.681753 0.998077 0.684626 0.984615 0.696839 0.972115 0.722701 0.968269 0.730603 0.976923 0.730603 0.982692 0.729167 0.988462 0.720546 0.998077
0 0.136494 0.602885 0.127874 0.602885 0.122126 0.599038 0.117816 0.591346 0.110632 0.587500 0.101293 0.575000 0.098420 0.563462 0.098420 0.548077 0.103448 0.537500 0.117816 0.529808 0.126437 0.533654 0.137213 0.548077 0.138649 0.575000 0.148707 0.584615 0.150144 0.592308 0.145115 0.599038 0.136494 0.602885
0 0.267241 0.941346 0.255747 0.939423 0.249282 0.932692 0.246408 0.925000 0.255029 0.890385 0.262931 0.883654 0.268678 0.883654 0.275862 0.889423 0.286638 0.903846 0.288075 0.911538 0.288075 0.919231 0.282328 0.930769 0.267241 0.941346
0 0.350575 0.383654 0.334770 0.379808 0.326868 0.371154 0.321121 0.359615 0.321121 0.330769 0.334770 0.310577 0.343391 0.312500 0.349138 0.308654 0.353448 0.314423 0.356322 0.314423 0.364224 0.326923 0.368534 0.342308 0.368534 0.363462 0.365661 0.371154 0.359195 0.379808 0.350575 0.383654
0 0.846264 0.058654 0.823276 0.056731 0.816810 0.048077 0.819684 0.032692 0.826149 0.024038 0.836207 0.020192 0.841954 0.014423 0.866379 0.012500 0.872126 0.016346 0.877155 0.023077 0.875718 0.032692 0.866379 0.045192 0.846264 0.058654
0 0.548851 0.625962 0.540230 0.625962 0.534483 0.622115 0.525144 0.603846 0.522270 0.575000 0.525144 0.565385 0.530172 0.558654 0.538793 0.558654 0.543822 0.563462 0.556753 0.594231 0.556753 0.605769 0.552443 0.621154 0.548851 0.625962
0 0.594109 0.998077 0.592672 0.980769 0.598420 0.969231 0.604885 0.964423 0.616379 0.966346 0.625000 0.975962 0.630029 0.984615 0.630029 0.998077
0 0.873563 0.402885 0.862069 0.402885 0.857040 0.396154 0.855603 0.382692 0.858477 0.367308 0.870690 0.341346 0.876437 0.337500 0.886494 0.337500 0.891523 0.348077 0.891523 0.363462 0.885776 0.382692 0.873563 0.402885
0 0.400862 0.970192 0.389368 0.970192 0.377155 0.957692 0.377155 0.911538 0.385057 0.900962 0.389368 0.899038 0.399425 0.900962 0.411638 0.913462 0.417385 0.923077 0.421695 0.944231 0.420259 0.955769 0.416667 0.960577 0.400862 0.970192
0 0.162356 0.550962 0.153736 0.549038 0.144397 0.536538 0.156609 0.512500 0.160920 0.508654 0.173851 0.506731 0.181753 0.521154 0.184626 0.540385 0.179598 0.545192 0.165230 0.547115 0.162356 0.550962
0 0.744253 0.141346 0.735632 0.139423 0.726293 0.117308 0.735632 0.100962 0.741379 0.100962 0.747126 0.093269 0.758621 0.093269 0.766523 0.103846 0.766523 0.119231 0.754310 0.135577 0.744253 0.141346
0 0.576149 0.097115 0.566092 0.095192 0.559626 0.088462 0.555316 0.078846 0.553879 0.046154 0.561782 0.035577 0.568966 0.037500 0.575431 0.044231 0.584052 0.067308 0.584052 0.088462 0.576149 0.097115
0 0.432471 0.541346 0.426724 0.541346 0.424569 0.538462 0.424569 0.530769 0.426724 0.527885 0.436782 0.527885 0.438937 0.530769 0.432471 0.541346
