0 0.613506 0.264423 0.596983 0.248077 0.592672 0.223077 0.595546 0.211538 0.600575 0.202885 0.607759 0.197115 0.619253 0.195192 0.628592 0.203846 0.628592 0.213462 0.622845 0.230769 0.622845 0.251923 0.613506 0.264423
0 0.385057 0.818269 0.377874 0.818269 0.375718 0.811538 0.370690 0.806731 0.363506 0.810577 0.359914 0.805769 0.359914 0.794231 0.369253 0.781731 0.383621 0.781731 0.391523 0.790385 0.391523 0.807692 0.385057 0.818269
0 0.951149 0.270192 0.943966 0.270192 0.928879 0.244231 0.931753 0.230769 0.936782 0.224038 0.951149 0.222115 0.966236 0.240385 0.967672 0.257692 0.965517 0.260577 0.956897 0.260577 0.951149 0.270192
0 0.150862 0.052885 0.135057 0.049038 0.130029 0.044231 0.128592 0.036538 0.140805 0.020192 0.147989 0.022115 0.154454 0.030769 0.155891 0.046154 0.150862 0.052885
0 0.537356 0.408654 0.518678 0.408654 0.513649 0.400000 0.513649 0.390385 0.517241 0.383654 0.540230 0.362500 0.545977 0.362500 0.556753 0.376923 0.556753 0.380769 0.553879 0.390385 0.541667 0.406731 0.537356 0.408654
0 0.000000 0.262500 0.005029 0.267308 0.006466 0.273077 0.006466 0.286538 0.000000 0.295192
0 0.540230 0.477885 0.530172 0.477885 0.525862 0.474038 0.519397 0.463462 0.519397 0.451923 0.543103 0.412500 0.551724 0.412500 0.558190 0.421154 0.558190 0.436538 0.551006 0.450000 0.549569 0.465385 0.540230 0.477885
0 0.170977 0.172115 0.163793 0.172115 0.153017 0.155769 0.151580 0.144231 0.156609 0.133654 0.168103 0.133654 0.173132 0.140385 0.176006 0.161538 0.170977 0.172115
0 0.272989 0.500962 0.265805 0.500962 0.254310 0.493269 0.247126 0.493269 0.234914 0.482692 0.233477 0.471154 0.239943 0.462500 0.252874 0.456731 0.258621 0.450962 0.275862 0.452885 0.285201 0.465385 0.286638 0.476923 0.283764 0.488462 0.272989 0.500962
0 0.359195 0.797115 0.349138 0.797115 0.341236 0.788462 0.341236 0.775000 0.346264 0.766346 0.360632 0.762500 0.369971 0.771154 0.369971 0.780769 0.359195 0.797115
0 0.337644 0.099038 0.330460 0.099038 0.323994 0.090385 0.323994 0.082692 0.327586 0.077885 0.340517 0.075962 0.344109 0.080769 0.344109 0.088462 0.337644 0.099038
0 0.596264 0.437500 0.589080 0.437500 0.581178 0.430769 0.581178 0.426923 0.565374 0.405769 0.563937 0.396154 0.566092 0.393269 0.580460 0.383654 0.605603 0.417308 0.605603 0.430769 0.596264 0.437500
0 0.752874 0.277885 0.747126 0.274038 0.739943 0.275962 0.734914 0.271154 0.733477 0.248077 0.735632 0.245192 0.741379 0.241346 0.752874 0.241346 0.760776 0.248077 0.757902 0.261538 0.759339 0.269231 0.752874 0.277885
0 0.143678 0.510577 0.136494 0.510577 0.132902 0.505769 0.131466 0.498077 0.124282 0.488462 0.125718 0.478846 0.133621 0.470192 0.146552 0.462500 0.159483 0.464423 0.169540 0.470192 0.174569 0.488462 0.168103 0.497115 0.153736 0.495192 0.143678 0.510577
0 0.431753 0.998077 0.433190 0.988462 0.446839 0.972115 0.449713 0.972115 0.457615 0.984615 0.457615 0.998077
0 0.497126 0.306731 0.485632 0.302885 0.477730 0.290385 0.479167 0.265385 0.492816 0.252885 0.507184 0.250962 0.515086 0.265385 0.513649 0.284615 0.509339 0.300000 0.497126 0.306731
0 0.000000 0.300962 0.009339 0.311538 0.012213 0.321154 0.010776 0.348077 0.000000 0.358654
0 0.030172 0.281731 0.022989 0.281731 0.016523 0.273077 0.009339 0.253846 0.009339 0.242308 0.013649 0.230769 0.025862 0.218269 0.037356 0.218269 0.044540 0.224038 0.059626 0.244231 0.062500 0.251923 0.062500 0.267308 0.056034 0.277885 0.045977 0.279808 0.037356 0.275962 0.030172 0.281731
0 0.666667 0.191346 0.653736 0.187500 0.645833 0.176923 0.645833 0.159615 0.659483 0.135577 0.668103 0.133654 0.672414 0.127885 0.686782 0.129808 0.694684 0.138462 0.697557 0.148077 0.694684 0.165385 0.685345 0.179808 0.666667 0.191346
0 0.084770 0.733654 0.077586 0.733654 0.071121 0.725000 0.068247 0.713462 0.061063 0.700000 0.059626 0.684615 0.066092 0.674038 0.079023 0.674038 0.088362 0.680769 0.086925 0.703846 0.092672 0.715385 0.092672 0.721154 0.084770 0.733654
0 0.701149 0.279808 0.682471 0.279808 0.674569 0.271154 0.673132 0.255769 0.678161 0.247115 0.683908 0.243269 0.701149 0.243269 0.704741 0.238462 0.704741 0.232692 0.714080 0.224038 0.720546 0.230769 0.721983 0.251923 0.713362 0.269231 0.701149 0.279808
0 0.183908 0.220192 0.169540 0.214423 0.159483 0.202885 0.153017 0.194231 0.153017 0.182692 0.155172 0.179808 0.160920 0.179808 0.176724 0.195192 0.182471 0.197115 0.188937 0.209615 0.188937 0.213462 0.183908 0.220192
0 0.616379 0.870192 0.607040 0.863462 0.607040 0.855769 0.601293 0.846154 0.602730 0.838462 0.607759 0.831731 0.614943 0.835577 0.619253 0.845192 0.623563 0.845192 0.628592 0.850000 0.627155 0.861538 0.616379 0.870192
0 0.288793 0.049038 0.284483 0.049038 0.279454 0.044231 0.279454 0.036538 0.287356 0.022115 0.293103 0.024038 0.296695 0.032692 0.296695 0.042308 0.288793 0.049038
0 0.431034 0.379808 0.422414 0.377885 0.415948 0.371154 0.413075 0.355769 0.423132 0.346154 0.423132 0.332692 0.426006 0.326923 0.431034 0.322115 0.438218 0.322115 0.448994 0.332692 0.450431 0.342308 0.437500 0.359615 0.436063 0.375000 0.431034 0.379808
0 0.267241 0.624038 0.261494 0.624038 0.256466 0.617308 0.255029 0.605769 0.266523 0.586538 0.267960 0.561538 0.270115 0.558654 0.277299 0.558654 0.283764 0.571154 0.283764 0.596154 0.276580 0.615385 0.267241 0.624038
