0 0.000000 0.580078 0.013672 0.597656 0.009766 0.621094 0.000000 0.630859
0 0.328125 0.388672 0.320312 0.388672 0.306641 0.375000 0.306641 0.351562 0.316406 0.341797 0.328125 0.341797 0.337891 0.355469 0.337891 0.375000 0.328125 0.388672
0 0.273438 0.654297 0.255859 0.640625 0.255859 0.632812 0.269531 0.623047 0.287109 0.636719 0.287109 0.644531 0.273438 0.654297
0 0.316406 0.318359 0.292969 0.314453 0.283203 0.304688 0.283203 0.289062 0.304688 0.271484 0.320312 0.271484 0.330078 0.281250 0.330078 0.304688 0.316406 0.318359
0 0.445312 0.490234 0.414062 0.486328 0.396484 0.472656 0.392578 0.453125 0.402344 0.439453 0.433594 0.435547 0.447266 0.445312 0.455078 0.460938 0.455078 0.480469 0.445312 0.490234
0 0.105469 0.478516 0.085938 0.470703 0.072266 0.453125 0.082031 0.435547 0.097656 0.435547 0.119141 0.453125 0.119141 0.468750 0.105469 0.478516
0 0.382812 0.384766 0.359375 0.384766 0.337891 0.363281 0.333984 0.343750 0.343750 0.330078 0.367188 0.330078 0.380859 0.339844 0.388672 0.359375 0.388672 0.378906 0.382812 0.384766
0 0.503906 0.447266 0.488281 0.447266 0.472656 0.427734 0.458984 0.421875 0.458984 0.402344 0.472656 0.388672 0.492188 0.388672 0.505859 0.402344 0.509766 0.441406 0.503906 0.447266
0 0.234375 0.228516 0.222656 0.228516 0.212891 0.218750 0.212891 0.187500 0.218750 0.181641 0.234375 0.181641 0.244141 0.191406 0.244141 0.218750 0.234375 0.228516
0 0.000000 0.833984 0.011719 0.830078 0.033203 0.851562 0.033203 0.871094 0.023438 0.884766 0.007812 0.884766 0.000000 0.876953
0 0.378906 0.302734 0.351562 0.298828 0.337891 0.285156 0.333984 0.265625 0.347656 0.251953 0.375000 0.248047 0.388672 0.257812 0.388672 0.292969 0.378906 0.302734
0 0.214844 0.892578 0.207031 0.892578 0.189453 0.875000 0.199219 0.857422 0.210938 0.857422 0.228516 0.875000 0.214844 0.892578
