0 0.449713 0.170192 0.443966 0.168269 0.424569 0.142308 0.421695 0.121154 0.424569 0.111538 0.429598 0.106731 0.435345 0.104808 0.448276 0.108654 0.459052 0.126923 0.459052 0.155769 0.457615 0.161538 0.449713 0.170192
0 0.374282 0.000000 0.367816 0.008654 0.356322 0.008654 0.352730 0.000000
0 0.000000 0.822115 0.011494 0.820192 0.018678 0.824038 0.022270 0.830769 0.023707 0.869231 0.016523 0.890385 0.018678 0.893269 0.024425 0.893269 0.033764 0.901923 0.033764 0.917308 0.030172 0.922115 0.021552 0.922115 0.000000 0.912500
0 0.998563 0.989423 0.994253 0.993269 0.979885 0.991346 0.967672 0.975000 0.970546 0.969231 0.969109 0.957692 0.981322 0.937500 0.987069 0.935577 0.998563 0.945192
0 0.998563 0.320192 0.979885 0.345192 0.966954 0.343269 0.961925 0.334615 0.960489 0.325000 0.964799 0.309615 0.975575 0.299038 0.989943 0.299038 0.998563 0.308654
0 0.560345 0.964423 0.553161 0.964423 0.546695 0.953846 0.545259 0.919231 0.548132 0.909615 0.557471 0.897115 0.564655 0.893269 0.574713 0.893269 0.584052 0.903846 0.586925 0.917308 0.585489 0.928846 0.582615 0.936538 0.560345 0.964423
0 0.287356 0.704808 0.277299 0.704808 0.260057 0.693269 0.255029 0.686538 0.253592 0.675000 0.265805 0.654808 0.274425 0.650962 0.285920 0.652885 0.301006 0.667308 0.302443 0.684615 0.298132 0.696154 0.287356 0.704808
0 0.053161 0.368269 0.038793 0.362500 0.026580 0.348077 0.023707 0.340385 0.023707 0.326923 0.026580 0.317308 0.045977 0.291346 0.061782 0.289423 0.069684 0.298077 0.075431 0.313462 0.075431 0.334615 0.068247 0.353846 0.058908 0.366346 0.053161 0.368269
0 0.824713 0.481731 0.818966 0.479808 0.814655 0.474038 0.803161 0.474038 0.796695 0.463462 0.798132 0.444231 0.813218 0.427885 0.818966 0.427885 0.833333 0.437500 0.836925 0.442308 0.842672 0.461538 0.842672 0.471154 0.837644 0.477885 0.824713 0.481731
0 0.330460 0.633654 0.320402 0.631731 0.312500 0.621154 0.312500 0.607692 0.318247 0.586538 0.326868 0.569231 0.331897 0.562500 0.339080 0.562500 0.345546 0.573077 0.344109 0.615385 0.342672 0.621154 0.330460 0.633654
0 0.817529 0.870192 0.806034 0.870192 0.797414 0.866346 0.785201 0.851923 0.779454 0.840385 0.773707 0.819231 0.775144 0.809615 0.781609 0.797115 0.793103 0.795192 0.803161 0.800962 0.825431 0.828846 0.829741 0.846154 0.829741 0.855769 0.824713 0.866346 0.817529 0.870192
0 0.977011 0.258654 0.964080 0.258654 0.956178 0.248077 0.959052 0.225000 0.969828 0.214423 0.978448 0.214423 0.986351 0.225000 0.989224 0.234615 0.987787 0.246154 0.977011 0.258654
0 0.408046 0.643269 0.393678 0.643269 0.382902 0.636538 0.382902 0.630769 0.377155 0.621154 0.377155 0.611538 0.380029 0.598077 0.385057 0.591346 0.396552 0.593269 0.410920 0.604808 0.418822 0.615385 0.418822 0.632692 0.408046 0.643269
0 0.696839 0.862500 0.679598 0.860577 0.672414 0.852885 0.665948 0.840385 0.668822 0.830769 0.682471 0.822115 0.695402 0.822115 0.705460 0.827885 0.711207 0.827885 0.716236 0.836538 0.716236 0.842308 0.709770 0.852885 0.696839 0.862500
0 0.341954 0.743269 0.327586 0.741346 0.309626 0.713462 0.309626 0.703846 0.305316 0.694231 0.305316 0.680769 0.308908 0.668269 0.327586 0.666346 0.332615 0.671154 0.332615 0.686538 0.342672 0.703846 0.348420 0.723077 0.346983 0.734615 0.341954 0.743269
0 0.649425 0.310577 0.639368 0.308654 0.618534 0.276923 0.614224 0.253846 0.615661 0.246154 0.623563 0.235577 0.640805 0.237500 0.655891 0.253846 0.658764 0.261538 0.660201 0.296154 0.655891 0.305769 0.649425 0.310577
0 0.146552 0.139423 0.137931 0.139423 0.130029 0.128846 0.137213 0.113462 0.151580 0.092308 0.153736 0.089423 0.159483 0.089423 0.164511 0.094231 0.167385 0.109615 0.163075 0.121154 0.146552 0.139423
0 0.666667 0.204808 0.658046 0.202885 0.635776 0.175000 0.635776 0.159615 0.642241 0.150962 0.656609 0.145192 0.670977 0.145192 0.681753 0.155769 0.683190 0.173077 0.676006 0.188462 0.676006 0.194231 0.666667 0.204808
0 0.318966 0.991346 0.313218 0.991346 0.303879 0.978846 0.289511 0.942308 0.288075 0.926923 0.289511 0.917308 0.293103 0.912500 0.300287 0.912500 0.307471 0.918269 0.321121 0.940385 0.325431 0.965385 0.325431 0.982692 0.318966 0.991346
0 0.761494 0.510577 0.752874 0.510577 0.739943 0.504808 0.730603 0.490385 0.732040 0.478846 0.739224 0.469231 0.740661 0.461538 0.744253 0.456731 0.757184 0.458654 0.769397 0.475000 0.772270 0.482692 0.769397 0.501923 0.761494 0.510577
0 0.406609 0.187500 0.397989 0.185577 0.392960 0.178846 0.392960 0.148077 0.399425 0.141346 0.415230 0.135577 0.426006 0.148077 0.430316 0.171154 0.420977 0.183654 0.406609 0.187500
0 0.892241 0.558654 0.877874 0.556731 0.870690 0.550962 0.864224 0.540385 0.852730 0.507692 0.852730 0.494231 0.857759 0.483654 0.863506 0.479808 0.870690 0.479808 0.880747 0.485577 0.901580 0.517308 0.904454 0.540385 0.903017 0.546154 0.892241 0.558654
0 0.556034 0.095192 0.547414 0.095192 0.540948 0.088462 0.538075 0.080769 0.538075 0.069231 0.547414 0.039423 0.556034 0.033654 0.568966 0.033654 0.578305 0.048077 0.576868 0.067308 0.569684 0.082692 0.556034 0.095192
0 0.840517 0.149038 0.830460 0.149038 0.812500 0.138462 0.809626 0.121154 0.816092 0.110577 0.824713 0.104808 0.839080 0.104808 0.849856 0.119231 0.849856 0.134615 0.846983 0.142308 0.840517 0.149038
0 0.675287 0.643269 0.669540 0.643269 0.655172 0.635577 0.634339 0.613462 0.630029 0.603846 0.628592 0.590385 0.635057 0.579808 0.642241 0.575962 0.653736 0.575962 0.665230 0.581731 0.676006 0.594231 0.684626 0.613462 0.686063 0.628846 0.684626 0.634615 0.675287 0.643269
0 0.998563 0.081731 0.991379 0.093269 0.977011 0.099038 0.964080 0.093269 0.959052 0.082692 0.960489 0.065385 0.971264 0.049038 0.985632 0.047115 0.998563 0.062500
0 0.185345 0.249038 0.178161 0.249038 0.172414 0.245192 0.165948 0.232692 0.165948 0.213462 0.168822 0.198077 0.173851 0.189423 0.182471 0.189423 0.188218 0.193269 0.197557 0.207692 0.197557 0.232692 0.185345 0.249038
0 0.013649 0.998077 0.015805 0.993269 0.027299 0.985577 0.040230 0.985577 0.048132 0.994231 0.048132 0.998077
0 0.735632 0.343269 0.731322 0.343269 0.727730 0.338462 0.721983 0.325000 0.721983 0.315385 0.724856 0.307692 0.739224 0.290385 0.744971 0.273077 0.755747 0.266346 0.765805 0.274038 0.772270 0.284615 0.775144 0.292308 0.773707 0.309615 0.764368 0.325962 0.735632 0.343269
0 0.079741 0.998077 0.091954 0.979808 0.107759 0.966346 0.129310 0.964423 0.134339 0.969231 0.134339 0.982692 0.124282 0.998077
0 0.362787 0.998077 0.358477 0.980769 0.359914 0.959615 0.366379 0.945192 0.383621 0.931731 0.392241 0.937500 0.400144 0.953846 0.398707 0.976923 0.390086 0.998077
0 0.871408 0.000000 0.873563 0.004808 0.882184 0.006731 0.885776 0.011538 0.888649 0.019231 0.887213 0.028846 0.867816 0.054808 0.853448 0.056731 0.841954 0.052885 0.834052 0.042308 0.832615 0.036538 0.832615 0.023077 0.835489 0.015385 0.846264 0.006731 0.864943 0.006731 0.868534 0.000000
0 0.998563 0.872115 0.984195 0.860577 0.980603 0.855769 0.979167 0.846154 0.980603 0.834615 0.984914 0.830769 0.987069 0.824038 0.998563 0.822115
0 0.081897 0.537500 0.067529 0.537500 0.061782 0.533654 0.038075 0.505769 0.035201 0.498077 0.035201 0.486538 0.036638 0.480769 0.045977 0.468269 0.053161 0.464423 0.068966 0.466346 0.084052 0.486538 0.092672 0.509615 0.092672 0.526923 0.081897 0.537500
0 0.294540 0.124038 0.288793 0.122115 0.283764 0.115385 0.283764 0.092308 0.286638 0.080769 0.300287 0.058654 0.308908 0.052885 0.324713 0.054808 0.331178 0.061538 0.329741 0.080769 0.322557 0.096154 0.308908 0.114423 0.294540 0.124038
0 0.000000 0.241346 0.014368 0.227885 0.027299 0.224038 0.043103 0.225962 0.048851 0.229808 0.055316 0.240385 0.053879 0.259615 0.041667 0.275962 0.011494 0.287500 0.000000 0.287500
0 0.610632 0.402885 0.604885 0.402885 0.596983 0.394231 0.588362 0.365385 0.588362 0.338462 0.591236 0.315385 0.594109 0.301923 0.599138 0.295192 0.603448 0.295192 0.607040 0.300000 0.611351 0.313462 0.614224 0.334615 0.617098 0.392308 0.615661 0.398077 0.610632 0.402885
0 0.288793 0.293269 0.280172 0.291346 0.273707 0.284615 0.269397 0.263462 0.272270 0.255769 0.283046 0.243269 0.303161 0.243269 0.319684 0.261538 0.321121 0.275000 0.311782 0.289423 0.294540 0.289423 0.288793 0.293269
0 0.683908 0.045192 0.668103 0.045192 0.649425 0.039423 0.638649 0.028846 0.637213 0.019231 0.642241 0.010577 0.662356 0.004808 0.675287 0.004808 0.693966 0.012500 0.700431 0.021154 0.700431 0.026923 0.691092 0.041346 0.683908 0.045192
0 0.764368 0.956731 0.754310 0.954808 0.747845 0.946154 0.743534 0.928846 0.746408 0.913462 0.755747 0.904808 0.764368 0.904808 0.778736 0.910577 0.788075 0.921154 0.788075 0.934615 0.785201 0.942308 0.778736 0.950962 0.764368 0.956731
0 0.959770 0.547115 0.951149 0.545192 0.930316 0.523077 0.927443 0.511538 0.933908 0.500962 0.959770 0.502885 0.966236 0.511538 0.970546 0.534615 0.964080 0.545192 0.959770 0.547115
0 0.683908 0.468269 0.672414 0.466346 0.664511 0.453846 0.660201 0.440385 0.660201 0.425000 0.665948 0.400000 0.678161 0.383654 0.688218 0.383654 0.697557 0.396154 0.700431 0.405769 0.700431 0.436538 0.697557 0.450000 0.693247 0.459615 0.683908 0.468269
0 0.566092 0.887500 0.550287 0.885577 0.529454 0.865385 0.526580 0.859615 0.525144 0.844231 0.530172 0.833654 0.535920 0.829808 0.550287 0.829808 0.569684 0.850000 0.573994 0.861538 0.573994 0.880769 0.566092 0.887500
0 0.653736 0.708654 0.639368 0.708654 0.617816 0.697115 0.601293 0.675000 0.596983 0.663462 0.596983 0.648077 0.602011 0.643269 0.616379 0.643269 0.632184 0.652885 0.643678 0.664423 0.657328 0.682692 0.660201 0.692308 0.660201 0.700000 0.653736 0.708654
0 0.757184 0.458654 0.741379 0.456731 0.732040 0.434615 0.733477 0.415385 0.746408 0.401923 0.746408 0.394231 0.751437 0.389423 0.761494 0.389423 0.767960 0.398077 0.767960 0.421154 0.765086 0.428846 0.763649 0.446154 0.757184 0.458654
0 0.363506 0.256731 0.352011 0.256731 0.348420 0.251923 0.355603 0.238462 0.355603 0.209615 0.367816 0.200962 0.379310 0.200962 0.385776 0.211538 0.384339 0.232692 0.373563 0.249038 0.363506 0.256731
0 0.132184 0.831731 0.117816 0.831731 0.112069 0.827885 0.104167 0.811538 0.101293 0.796154 0.101293 0.769231 0.102730 0.757692 0.107759 0.750962 0.117816 0.752885 0.127155 0.765385 0.138649 0.790385 0.142960 0.813462 0.140086 0.823077 0.132184 0.831731
0 0.204023 0.381731 0.191092 0.377885 0.183190 0.365385 0.189655 0.350962 0.193966 0.349038 0.198276 0.352885 0.211207 0.354808 0.216236 0.361538 0.216236 0.369231 0.204023 0.381731
0 0.337644 0.870192 0.331897 0.870192 0.321839 0.862500 0.311782 0.860577 0.302443 0.850000 0.298132 0.836538 0.298132 0.826923 0.299569 0.811538 0.304598 0.804808 0.314655 0.802885 0.321839 0.806731 0.339799 0.828846 0.344109 0.844231 0.344109 0.859615 0.337644 0.870192
0 0.570402 0.697115 0.557471 0.695192 0.548132 0.682692 0.543822 0.663462 0.543822 0.650000 0.546695 0.642308 0.551724 0.637500 0.561782 0.639423 0.572557 0.653846 0.581178 0.673077 0.581178 0.690385 0.570402 0.697115
0 0.745690 0.091346 0.737069 0.091346 0.717672 0.061538 0.717672 0.051923 0.725575 0.039423 0.734195 0.039423 0.745690 0.052885 0.758621 0.052885 0.765086 0.057692 0.766523 0.075000 0.763649 0.084615 0.760057 0.089423 0.748563 0.087500 0.745690 0.091346
0 0.462644 0.704808 0.449713 0.700962 0.443247 0.692308 0.443247 0.680769 0.447557 0.671154 0.456897 0.660577 0.464080 0.656731 0.481322 0.656731 0.489943 0.660577 0.494971 0.667308 0.493534 0.680769 0.479885 0.699038 0.466954 0.700962 0.462644 0.704808
0 0.866379 0.352885 0.856322 0.352885 0.849138 0.347115 0.841236 0.334615 0.838362 0.325000 0.838362 0.301923 0.847701 0.289423 0.854885 0.289423 0.867098 0.309615 0.871408 0.325000 0.871408 0.344231 0.866379 0.352885
0 0.043103 0.758654 0.030172 0.756731 0.017960 0.742308 0.009339 0.725000 0.005029 0.711538 0.005029 0.696154 0.011494 0.685577 0.020115 0.681731 0.031609 0.681731 0.048132 0.694231 0.053879 0.713462 0.053879 0.734615 0.049569 0.750000 0.043103 0.758654
0 0.908046 0.212500 0.897989 0.212500 0.885057 0.204808 0.880029 0.196154 0.880029 0.184615 0.885057 0.177885 0.899425 0.170192 0.918103 0.168269 0.926724 0.172115 0.931753 0.180769 0.930316 0.192308 0.916667 0.208654 0.908046 0.212500
0 0.897989 0.983654 0.890805 0.983654 0.882184 0.977885 0.874282 0.961538 0.874282 0.944231 0.882184 0.929808 0.897989 0.927885 0.913793 0.935577 0.920259 0.946154 0.921695 0.957692 0.912356 0.962500 0.905891 0.975000 0.897989 0.983654
0 0.850575 0.937500 0.844828 0.937500 0.836925 0.928846 0.840517 0.920192 0.847701 0.918269 0.852730 0.925000 0.850575 0.937500
0 0.453305 0.000000 0.450431 0.019231 0.443966 0.033654 0.438218 0.033654 0.431034 0.018269 0.423851 0.018269 0.417385 0.007692 0.418822 0.000000
0 0.949713 0.479808 0.941092 0.474038 0.935345 0.474038 0.924569 0.463462 0.923132 0.436538 0.925287 0.433654 0.931034 0.429808 0.941092 0.429808 0.947557 0.436538 0.949713 0.445192 0.956897 0.447115 0.961925 0.453846 0.963362 0.461538 0.960489 0.471154 0.949713 0.479808
0 0.821839 0.079808 0.806034 0.079808 0.798132 0.065385 0.798132 0.051923 0.802443 0.034615 0.807471 0.025962 0.824713 0.035577 0.831178 0.044231 0.835489 0.055769 0.835489 0.067308 0.821839 0.079808
0 0.673132 0.998077 0.675287 0.993269 0.679598 0.991346 0.693966 0.991346 0.698994 0.998077
0 0.222701 0.087500 0.219828 0.087500 0.214799 0.080769 0.216236 0.026923 0.225575 0.010577 0.237069 0.006731 0.244971 0.015385 0.244971 0.038462 0.233477 0.076923 0.222701 0.087500
0 0.389368 0.925962 0.382184 0.924038 0.377155 0.917308 0.377155 0.907692 0.382902 0.894231 0.393678 0.879808 0.425287 0.864423 0.438218 0.864423 0.446121 0.873077 0.446121 0.882692 0.441092 0.891346 0.389368 0.925962
0 0.380747 0.741346 0.372126 0.737500 0.359914 0.717308 0.359914 0.701923 0.362787 0.694231 0.367816 0.689423 0.389368 0.693269 0.397989 0.699038 0.404454 0.709615 0.404454 0.719231 0.400144 0.726923 0.392241 0.735577 0.380747 0.741346
0 0.655172 0.147115 0.649425 0.147115 0.642960 0.136538 0.647270 0.111538 0.656609 0.095192 0.665230 0.089423 0.675287 0.087500 0.684626 0.098077 0.688937 0.115385 0.688937 0.125000 0.676724 0.141346 0.670977 0.145192 0.655172 0.147115
0 0.093391 0.250962 0.076149 0.243269 0.069684 0.234615 0.069684 0.223077 0.074713 0.214423 0.089080 0.212500 0.093391 0.206731 0.110632 0.197115 0.126437 0.197115 0.136494 0.202885 0.141523 0.209615 0.142960 0.225000 0.133621 0.235577 0.120690 0.241346 0.112069 0.239423 0.103448 0.247115 0.093391 0.250962
0 0.998563 0.685577 0.991379 0.691346 0.982759 0.691346 0.971264 0.685577 0.966236 0.678846 0.963362 0.673077 0.961925 0.648077 0.957615 0.642308 0.956178 0.626923 0.962644 0.614423 0.974138 0.612500 0.978448 0.614423 0.987069 0.625962 0.994253 0.625962 0.998563 0.629808
0 0.489943 0.372115 0.484195 0.370192 0.479167 0.363462 0.469109 0.323077 0.469109 0.286538 0.475575 0.274038 0.481322 0.274038 0.486351 0.280769 0.494971 0.307692 0.499282 0.340385 0.496408 0.363462 0.489943 0.372115
0 0.897989 0.329808 0.889368 0.329808 0.878592 0.311538 0.875718 0.284615 0.880747 0.275962 0.886494 0.272115 0.892241 0.274038 0.897270 0.280769 0.905891 0.303846 0.905891 0.321154 0.897989 0.329808
0 0.471264 0.491346 0.462644 0.491346 0.454741 0.476923 0.453305 0.446154 0.454741 0.417308 0.461207 0.408654 0.466954 0.408654 0.471983 0.413462 0.479167 0.426923 0.483477 0.444231 0.480603 0.476923 0.477730 0.484615 0.471264 0.491346
0 0.636494 0.795192 0.627874 0.795192 0.620690 0.791346 0.601293 0.765385 0.599856 0.757692 0.606322 0.743269 0.626437 0.743269 0.636494 0.749038 0.645833 0.759615 0.650144 0.769231 0.648707 0.782692 0.640805 0.793269 0.636494 0.795192
0 0.929598 0.758654 0.916667 0.756731 0.901580 0.744231 0.898707 0.736538 0.898707 0.721154 0.906609 0.710577 0.920977 0.704808 0.931034 0.706731 0.943966 0.714423 0.951868 0.725000 0.948994 0.740385 0.929598 0.758654
0 0.034483 0.652885 0.022989 0.650962 0.013649 0.640385 0.009339 0.623077 0.012213 0.607692 0.020115 0.597115 0.031609 0.589423 0.064655 0.589423 0.073994 0.603846 0.073994 0.615385 0.071121 0.625000 0.058908 0.641346 0.047414 0.649038 0.034483 0.652885
0 0.558908 0.466346 0.548851 0.466346 0.540230 0.462500 0.525144 0.440385 0.525144 0.430769 0.528017 0.423077 0.548851 0.404808 0.561782 0.406731 0.571121 0.423077 0.569684 0.451923 0.558908 0.466346
0 0.173851 0.764423 0.159483 0.760577 0.138649 0.726923 0.134339 0.690385 0.137213 0.678846 0.145115 0.670192 0.155172 0.668269 0.160920 0.672115 0.168822 0.686538 0.176006 0.717308 0.183190 0.736538 0.183190 0.753846 0.179598 0.760577 0.173851 0.764423
0 0.239943 0.808654 0.222701 0.806731 0.215517 0.802885 0.210489 0.796154 0.209052 0.782692 0.211925 0.771154 0.222701 0.758654 0.239943 0.758654 0.245690 0.762500 0.253592 0.776923 0.253592 0.784615 0.247845 0.801923 0.239943 0.808654
0 0.303161 0.243269 0.294540 0.243269 0.283046 0.233654 0.273707 0.223077 0.266523 0.205769 0.266523 0.190385 0.272270 0.176923 0.277299 0.170192 0.287356 0.164423 0.300287 0.164423 0.305316 0.169231 0.309626 0.232692 0.303161 0.243269
0 0.191092 0.997115 0.186782 0.997115 0.181753 0.988462 0.181753 0.973077 0.184626 0.965385 0.199713 0.941346 0.212644 0.929808 0.221264 0.929808 0.226293 0.936538 0.226293 0.950000 0.221983 0.963462 0.206897 0.983654 0.191092 0.997115
0 0.162356 0.591346 0.153736 0.591346 0.147270 0.584615 0.144397 0.576923 0.145833 0.565385 0.157328 0.542308 0.165230 0.533654 0.183908 0.531731 0.190374 0.542308 0.190374 0.557692 0.181034 0.574038 0.176724 0.574038 0.168103 0.587500 0.162356 0.591346
0 0.382184 0.131731 0.372126 0.131731 0.365661 0.123077 0.365661 0.105769 0.380029 0.075000 0.387931 0.064423 0.393678 0.058654 0.408046 0.054808 0.418822 0.069231 0.418822 0.084615 0.382184 0.131731
0 0.759339 0.998077 0.757902 0.982692 0.762213 0.969231 0.770115 0.960577 0.783046 0.954808 0.790230 0.954808 0.798132 0.967308 0.792385 0.998077
0 0.869253 0.764423 0.852011 0.762500 0.834770 0.745192 0.821839 0.739423 0.815374 0.728846 0.816810 0.713462 0.827586 0.704808 0.837644 0.704808 0.870690 0.718269 0.878592 0.728846 0.881466 0.748077 0.878592 0.755769 0.869253 0.764423
0 0.524425 0.360577 0.510057 0.358654 0.505029 0.351923 0.503592 0.340385 0.500718 0.336538 0.502155 0.319231 0.514368 0.299038 0.527299 0.299038 0.536638 0.315385 0.535201 0.342308 0.532328 0.351923 0.524425 0.360577
0 0.714080 0.143269 0.704023 0.141346 0.696121 0.130769 0.693247 0.121154 0.696121 0.105769 0.704023 0.093269 0.709770 0.089423 0.728448 0.089423 0.736351 0.098077 0.737787 0.107692 0.726293 0.136538 0.714080 0.143269
0 0.718391 0.245192 0.709770 0.245192 0.703305 0.234615 0.704741 0.200000 0.713362 0.175000 0.721264 0.162500 0.728448 0.158654 0.737069 0.158654 0.746408 0.171154 0.744971 0.201923 0.730603 0.223077 0.726293 0.236538 0.718391 0.245192
0 0.318966 0.766346 0.303161 0.766346 0.294540 0.760577 0.286638 0.750000 0.283764 0.740385 0.283764 0.728846 0.290230 0.714423 0.297414 0.710577 0.306034 0.714423 0.308908 0.712500 0.328305 0.742308 0.325431 0.755769 0.318966 0.766346
0 0.998563 0.122115 0.993534 0.117308 0.992098 0.107692 0.993534 0.100000 0.998563 0.095192
0 0.998563 0.489423 0.992816 0.485577 0.987069 0.497115 0.979885 0.497115 0.977730 0.494231 0.977730 0.486538 0.980603 0.480769 0.976293 0.475000 0.973420 0.463462 0.974856 0.451923 0.984195 0.439423 0.998563 0.435577
0 0.465517 0.620192 0.455460 0.620192 0.451868 0.613462 0.451868 0.607692 0.457615 0.592308 0.469828 0.577885 0.478448 0.575962 0.485632 0.570192 0.497126 0.572115 0.500718 0.576923 0.500718 0.586538 0.496408 0.596154 0.465517 0.620192
0 0.998563 0.764423 0.989943 0.756731 0.975575 0.754808 0.967672 0.744231 0.967672 0.732692 0.977011 0.716346 0.988506 0.708654 0.998563 0.710577
0 0.415230 0.468269 0.403736 0.464423 0.394397 0.451923 0.391523 0.438462 0.392960 0.415385 0.410920 0.395192 0.416667 0.395192 0.424569 0.403846 0.428879 0.434615 0.427443 0.451923 0.424569 0.459615 0.415230 0.468269
0 0.164511 0.000000 0.163075 0.013462 0.155172 0.022115 0.139368 0.020192 0.132902 0.013462 0.130029 0.000000
0 0.604885 0.204808 0.590517 0.202885 0.584052 0.194231 0.579741 0.180769 0.579741 0.167308 0.585489 0.151923 0.597701 0.133654 0.604885 0.127885 0.613506 0.127885 0.622845 0.140385 0.624282 0.167308 0.617098 0.194231 0.614943 0.197115 0.610632 0.195192 0.604885 0.204808
0 0.883621 0.674038 0.867816 0.674038 0.849856 0.659615 0.841236 0.632692 0.841236 0.617308 0.846264 0.610577 0.854885 0.606731 0.869253 0.610577 0.883621 0.620192 0.890086 0.628846 0.894397 0.640385 0.894397 0.657692 0.890086 0.667308 0.883621 0.674038
0 0.885057 0.875962 0.878592 0.871154 0.877155 0.859615 0.880747 0.854808 0.889368 0.852885 0.892960 0.857692 0.892960 0.867308 0.889368 0.874038 0.885057 0.875962
0 0.511494 0.125962 0.502874 0.124038 0.493534 0.111538 0.487787 0.092308 0.487787 0.075000 0.490661 0.063462 0.496408 0.051923 0.502874 0.045192 0.511494 0.045192 0.516523 0.051923 0.516523 0.063462 0.519397 0.073077 0.519397 0.113462 0.517960 0.119231 0.511494 0.125962
0 0.129310 0.129808 0.122126 0.129808 0.117816 0.125962 0.111351 0.115385 0.111351 0.105769 0.119253 0.099038 0.135057 0.074038 0.146552 0.074038 0.153017 0.080769 0.153017 0.090385 0.137213 0.113462 0.129310 0.129808
0 0.826868 0.998077 0.821121 0.986538 0.825431 0.969231 0.823994 0.961538 0.829023 0.958654 0.836207 0.947115 0.850575 0.937500 0.856322 0.941346 0.861351 0.950000 0.861351 0.965385 0.857040 0.973077 0.855603 0.986538 0.844109 0.998077
0 0.133621 0.493269 0.122126 0.491346 0.112787 0.478846 0.104167 0.450000 0.096983 0.434615 0.096983 0.419231 0.107759 0.406731 0.117816 0.402885 0.132184 0.404808 0.144397 0.419231 0.147270 0.426923 0.150144 0.438462 0.150144 0.463462 0.142960 0.482692 0.133621 0.493269
0 0.113506 0.935577 0.097701 0.935577 0.090517 0.931731 0.082615 0.917308 0.086925 0.903846 0.093391 0.897115 0.102011 0.893269 0.125000 0.893269 0.140805 0.900962 0.145833 0.907692 0.147270 0.921154 0.142241 0.927885 0.132184 0.933654 0.113506 0.935577
0 0.209770 0.885577 0.204023 0.885577 0.198994 0.878846 0.194684 0.848077 0.200431 0.834615 0.212644 0.818269 0.222701 0.816346 0.227730 0.826923 0.224856 0.859615 0.219109 0.873077 0.209770 0.885577
0 0.935345 0.922115 0.919540 0.922115 0.899425 0.910577 0.890086 0.894231 0.890086 0.882692 0.899425 0.874038 0.915230 0.874038 0.933908 0.881731 0.944684 0.894231 0.944684 0.911538 0.935345 0.922115
0 0.061782 0.100962 0.053161 0.099038 0.048132 0.088462 0.052443 0.057692 0.071839 0.027885 0.076149 0.024038 0.089080 0.022115 0.099856 0.034615 0.098420 0.059615 0.089080 0.074038 0.077586 0.079808 0.061782 0.100962
0 0.501437 0.814423 0.495690 0.814423 0.489224 0.809615 0.489224 0.792308 0.514368 0.764423 0.527299 0.756731 0.537356 0.756731 0.540948 0.761538 0.540948 0.773077 0.538075 0.778846 0.515805 0.806731 0.501437 0.814423
0 0.583333 0.537500 0.571839 0.537500 0.550287 0.529808 0.543822 0.517308 0.545259 0.507692 0.553161 0.499038 0.566092 0.495192 0.587644 0.495192 0.594828 0.499038 0.604167 0.511538 0.604167 0.521154 0.597701 0.531731 0.583333 0.537500
0 0.547414 0.272115 0.530172 0.268269 0.515086 0.253846 0.513649 0.230769 0.521552 0.218269 0.535920 0.218269 0.553879 0.244231 0.555316 0.267308 0.547414 0.272115
0 0.343391 0.252885 0.333333 0.250962 0.325431 0.242308 0.322557 0.234615 0.319684 0.221154 0.319684 0.205769 0.327586 0.191346 0.349138 0.191346 0.355603 0.198077 0.355603 0.238462 0.347701 0.250962 0.343391 0.252885
0 0.435345 0.804808 0.425287 0.802885 0.418822 0.794231 0.418822 0.778846 0.421695 0.771154 0.441092 0.741346 0.449713 0.735577 0.465517 0.737500 0.473420 0.748077 0.470546 0.765385 0.454023 0.789423 0.435345 0.804808
0 0.202586 0.418269 0.181034 0.416346 0.176006 0.409615 0.182471 0.397115 0.191092 0.395192 0.195402 0.399038 0.201149 0.399038 0.207615 0.407692 0.207615 0.411538 0.202586 0.418269
0 0.900862 0.127885 0.890805 0.127885 0.882902 0.121154 0.882902 0.094231 0.885776 0.086538 0.897989 0.070192 0.905172 0.064423 0.909483 0.064423 0.915948 0.071154 0.918822 0.098077 0.914511 0.113462 0.900862 0.127885
0 0.000000 0.383654 0.002874 0.383654 0.007902 0.392308 0.007902 0.405769 0.000000 0.418269
0 0.942529 0.856731 0.933908 0.854808 0.921695 0.840385 0.915948 0.815385 0.915948 0.809615 0.919540 0.804808 0.936782 0.802885 0.943966 0.806731 0.957615 0.823077 0.956178 0.838462 0.942529 0.856731
0 0.265805 0.447115 0.258621 0.447115 0.253592 0.440385 0.244971 0.415385 0.244971 0.405769 0.240661 0.398077 0.242098 0.375000 0.247126 0.368269 0.257184 0.368269 0.266523 0.378846 0.270833 0.388462 0.273707 0.419231 0.272270 0.430769 0.265805 0.447115
0 0.511494 0.991346 0.501437 0.991346 0.492816 0.985577 0.480603 0.969231 0.477730 0.959615 0.477730 0.946154 0.484195 0.935577 0.498563 0.937500 0.513649 0.953846 0.519397 0.980769 0.511494 0.991346
0 0.823276 0.533654 0.813218 0.531731 0.803161 0.520192 0.793103 0.520192 0.786638 0.515385 0.782328 0.503846 0.782328 0.496154 0.785201 0.482692 0.790230 0.475962 0.804598 0.483654 0.821839 0.479808 0.826868 0.484615 0.832615 0.500000 0.832615 0.509615 0.826868 0.528846 0.823276 0.533654
0 0.798851 0.204808 0.788793 0.204808 0.782328 0.196154 0.778017 0.163462 0.785201 0.125000 0.788075 0.115385 0.793103 0.110577 0.804598 0.112500 0.809626 0.119231 0.813937 0.140385 0.809626 0.188462 0.798851 0.204808
0 0.408046 0.779808 0.382184 0.775962 0.375718 0.767308 0.375718 0.751923 0.387931 0.741346 0.395115 0.741346 0.409483 0.733654 0.426724 0.735577 0.430316 0.740385 0.433190 0.751923 0.420977 0.775962 0.416667 0.774038 0.408046 0.779808
0 0.320402 0.466346 0.314655 0.464423 0.309626 0.457692 0.303879 0.423077 0.306753 0.401923 0.316092 0.387500 0.326149 0.389423 0.331178 0.396154 0.336925 0.419231 0.335489 0.450000 0.326149 0.464423 0.320402 0.466346
0 0.313937 0.000000 0.310345 0.006731 0.303161 0.010577 0.294540 0.010577 0.285920 0.004808 0.283764 0.000000
0 0.412356 0.560577 0.406609 0.560577 0.396552 0.554808 0.384339 0.538462 0.372845 0.507692 0.372845 0.492308 0.375000 0.489423 0.385057 0.491346 0.410201 0.525000 0.417385 0.540385 0.417385 0.553846 0.412356 0.560577
