0 0.425781 0.599609 0.412109 0.589844 0.404297 0.531250 0.425781 0.513672 0.464844 0.513672 0.480469 0.521484 0.490234 0.531250 0.478516 0.566406 0.449219 0.591797 0.425781 0.599609
0 0.707031 0.419922 0.691406 0.416016 0.664062 0.396484 0.652344 0.396484 0.642578 0.386719 0.642578 0.355469 0.660156 0.333984 0.671875 0.333984 0.699219 0.357422 0.736328 0.371094 0.732422 0.394531 0.707031 0.419922
0 0.242188 0.603516 0.210938 0.595703 0.197266 0.574219 0.197266 0.539062 0.230469 0.505859 0.250000 0.505859 0.265625 0.513672 0.283203 0.542969 0.283203 0.562500 0.275391 0.578125 0.253906 0.599609 0.242188 0.603516
0 0.738281 0.974609 0.714844 0.970703 0.697266 0.957031 0.689453 0.937500 0.689453 0.902344 0.710938 0.873047 0.726562 0.865234 0.757812 0.865234 0.787109 0.886719 0.791016 0.902344 0.767578 0.949219 0.738281 0.974609
0 0.996094 0.513672 0.960938 0.513672 0.941406 0.501953 0.935547 0.496094 0.935547 0.453125 0.935547 0.425781 0.949219 0.412109 0.976562 0.404297 0.996094 0.408203
0 0.144531 0.701172 0.105469 0.689453 0.068359 0.656250 0.064453 0.628906 0.082031 0.607422 0.113281 0.603516 0.140625 0.619141 0.166016 0.644531 0.166016 0.683594 0.144531 0.701172
0 0.779297 0.996094 0.771484 0.988281 0.775391 0.949219 0.832031 0.900391 0.851562 0.900391 0.873047 0.925781 0.869141 0.996094
0 0.000000 0.771484 0.019531 0.779297 0.037109 0.796875 0.060547 0.847656 0.060547 0.863281 0.046875 0.880859 0.000000 0.892578
0 0.464844 0.970703 0.441406 0.970703 0.416016 0.953125 0.412109 0.929688 0.417969 0.916016 0.429688 0.919922 0.445312 0.912109 0.476562 0.912109 0.486328 0.921875 0.486328 0.949219 0.464844 0.970703
0 0.185547 0.996094 0.181641 0.968750 0.189453 0.953125 0.207031 0.939453 0.246094 0.943359 0.267578 0.964844 0.275391 0.996094
0 0.910156 0.419922 0.890625 0.419922 0.873047 0.406250 0.867188 0.388672 0.855469 0.392578 0.830078 0.371094 0.830078 0.359375 0.851562 0.322266 0.867188 0.314453 0.910156 0.314453 0.931641 0.332031 0.939453 0.351562 0.935547 0.390625 0.910156 0.419922
0 0.886719 0.533203 0.875000 0.533203 0.826172 0.476562 0.841797 0.449219 0.863281 0.427734 0.878906 0.439453 0.910156 0.439453 0.916016 0.445312 0.912109 0.515625 0.886719 0.533203
0 0.886719 0.876953 0.847656 0.876953 0.822266 0.859375 0.857422 0.812500 0.857422 0.796875 0.863281 0.791016 0.882812 0.791016 0.910156 0.806641 0.919922 0.824219 0.916016 0.855469 0.902344 0.873047 0.886719 0.876953
0 0.869141 0.996094 0.880859 0.925781 0.910156 0.916016 0.945312 0.931641 0.962891 0.957031 0.947266 0.984375 0.947266 0.996094
0 0.363281 0.646484 0.328125 0.646484 0.302734 0.597656 0.306641 0.574219 0.343750 0.544922 0.359375 0.552734 0.378906 0.548828 0.388672 0.558594 0.388672 0.570312 0.404297 0.582031 0.396484 0.617188 0.363281 0.646484
0 0.640625 0.470703 0.599609 0.449219 0.603516 0.410156 0.632812 0.384766 0.677734 0.421875 0.673828 0.441406 0.640625 0.470703
0 0.601562 0.826172 0.583984 0.816406 0.568359 0.777344 0.605469 0.736328 0.628906 0.736328 0.650391 0.753906 0.658203 0.769531 0.658203 0.796875 0.644531 0.822266 0.609375 0.818359 0.601562 0.826172
0 0.500000 0.908203 0.437500 0.908203 0.423828 0.894531 0.423828 0.855469 0.437500 0.833984 0.464844 0.830078 0.492188 0.857422 0.505859 0.863281 0.509766 0.886719 0.500000 0.908203
0 0.734375 0.658203 0.718750 0.658203 0.712891 0.652344 0.705078 0.613281 0.724609 0.582031 0.728516 0.550781 0.742188 0.537109 0.750000 0.537109 0.771484 0.574219 0.771484 0.597656 0.751953 0.640625 0.734375 0.658203
0 0.691406 0.626953 0.648438 0.626953 0.634766 0.609375 0.638672 0.558594 0.656250 0.541016 0.679688 0.533203 0.707031 0.537109 0.724609 0.558594 0.724609 0.582031 0.691406 0.626953
0 0.593750 0.583984 0.566406 0.572266 0.548828 0.542969 0.552734 0.500000 0.589844 0.470703 0.605469 0.478516 0.617188 0.498047 0.628906 0.494141 0.662109 0.527344 0.648438 0.544922 0.617188 0.552734 0.593750 0.583984
0 0.812500 0.841797 0.804688 0.833984 0.777344 0.826172 0.751953 0.792969 0.765625 0.787109 0.808594 0.736328 0.820312 0.740234 0.845703 0.769531 0.837891 0.800781 0.812500 0.841797
0 0.335938 0.861328 0.308594 0.857422 0.287109 0.832031 0.294922 0.800781 0.320312 0.787109 0.347656 0.794922 0.361328 0.812500 0.361328 0.839844 0.351562 0.853516 0.335938 0.861328
0 0.710938 0.517578 0.687500 0.517578 0.671875 0.509766 0.662109 0.500000 0.662109 0.480469 0.705078 0.421875 0.714844 0.412109 0.726562 0.412109 0.734375 0.423828 0.748047 0.429688 0.748047 0.484375 0.710938 0.517578
0 0.337891 0.996094 0.330078 0.972656 0.337891 0.957031 0.351562 0.947266 0.384766 0.957031 0.384766 0.964844 0.396484 0.972656 0.392578 0.996094
0 0.117188 0.236328 0.078125 0.232422 0.052734 0.199219 0.056641 0.160156 0.078125 0.138672 0.113281 0.138672 0.146484 0.171875 0.150391 0.203125 0.140625 0.220703 0.117188 0.236328
0 0.498047 0.996094 0.498047 0.968750 0.523438 0.951172 0.564453 0.957031 0.560547 0.996094
0 0.085938 0.380859 0.054688 0.380859 0.039062 0.373047 0.017578 0.347656 0.017578 0.312500 0.050781 0.279297 0.074219 0.279297 0.089844 0.287109 0.119141 0.324219 0.115234 0.355469 0.085938 0.380859
0 0.734375 0.361328 0.714844 0.349609 0.685547 0.316406 0.703125 0.294922 0.722656 0.283203 0.777344 0.283203 0.791016 0.296875 0.791016 0.355469 0.773438 0.357422 0.771484 0.347656 0.757812 0.341797 0.742188 0.349609 0.734375 0.361328
0 0.001953 0.996094 0.015625 0.990234 0.050781 0.990234 0.060547 0.996094
0 0.777344 0.466797 0.755859 0.453125 0.748047 0.410156 0.755859 0.386719 0.765625 0.376953 0.804688 0.376953 0.845703 0.414062 0.828125 0.412109 0.822266 0.417969 0.822266 0.441406 0.777344 0.466797
0 0.429688 0.439453 0.339844 0.435547 0.326172 0.417969 0.330078 0.382812 0.359375 0.369141 0.421875 0.369141 0.435547 0.390625 0.435547 0.433594 0.429688 0.439453
0 0.564453 0.996094 0.572266 0.976562 0.589844 0.958984 0.609375 0.958984 0.625000 0.970703 0.634766 0.980469 0.638672 0.996094
0 0.527344 0.845703 0.511719 0.841797 0.474609 0.816406 0.490234 0.792969 0.490234 0.761719 0.496094 0.755859 0.527344 0.771484 0.552734 0.812500 0.527344 0.845703
0 0.492188 0.681641 0.476562 0.681641 0.445312 0.662109 0.439453 0.656250 0.439453 0.636719 0.455078 0.609375 0.484375 0.587891 0.531250 0.583984 0.541016 0.605469 0.537109 0.640625 0.492188 0.681641
0 0.390625 0.935547 0.351562 0.927734 0.345703 0.917969 0.345703 0.886719 0.363281 0.869141 0.394531 0.869141 0.400391 0.875000 0.400391 0.906250 0.390625 0.935547
0 0.382812 0.533203 0.359375 0.533203 0.314453 0.496094 0.314453 0.464844 0.320312 0.458984 0.351562 0.455078 0.417969 0.458984 0.427734 0.464844 0.427734 0.496094 0.419922 0.511719 0.406250 0.525391 0.382812 0.533203
0 0.697266 0.996094 0.703125 0.986328 0.757812 0.986328 0.771484 0.996094
0 0.433594 0.822266 0.410156 0.814453 0.388672 0.792969 0.384766 0.781250 0.388672 0.757812 0.410156 0.736328 0.449219 0.736328 0.474609 0.750000 0.462891 0.800781 0.433594 0.822266
0 0.996094 0.892578 0.984375 0.904297 0.953125 0.916016 0.916016 0.894531 0.916016 0.878906 0.923828 0.871094 0.923828 0.855469 0.939453 0.824219 0.960938 0.806641 0.984375 0.806641 0.996094 0.814453
0 0.554688 0.759766 0.515625 0.740234 0.509766 0.730469 0.509766 0.671875 0.527344 0.654297 0.535156 0.662109 0.570312 0.666016 0.582031 0.673828 0.599609 0.703125 0.595703 0.718750 0.554688 0.759766
0 0.832031 0.556641 0.781250 0.552734 0.763672 0.539062 0.751953 0.515625 0.757812 0.478516 0.765625 0.486328 0.789062 0.486328 0.806641 0.476562 0.814453 0.500000 0.845703 0.531250 0.841797 0.546875 0.832031 0.556641
0 0.000000 0.607422 0.027344 0.615234 0.052734 0.644531 0.044922 0.683594 0.027344 0.701172 0.000000 0.708984
0 0.398438 0.693359 0.375000 0.693359 0.365234 0.683594 0.365234 0.671875 0.386719 0.646484 0.412109 0.671875 0.412109 0.679688 0.398438 0.693359
0 0.750000 0.771484 0.710938 0.755859 0.701172 0.746094 0.697266 0.707031 0.718750 0.681641 0.734375 0.673828 0.742188 0.673828 0.753906 0.689453 0.767578 0.683594 0.763672 0.621094 0.771484 0.613281 0.771484 0.593750 0.785156 0.572266 0.816406 0.572266 0.849609 0.597656 0.853516 0.636719 0.845703 0.652344 0.816406 0.677734 0.771484 0.683594 0.787109 0.730469 0.750000 0.771484
0 0.628906 0.939453 0.597656 0.939453 0.576172 0.917969 0.564453 0.890625 0.568359 0.867188 0.578125 0.853516 0.597656 0.853516 0.621094 0.837891 0.636719 0.841797 0.654297 0.859375 0.662109 0.878906 0.662109 0.906250 0.654297 0.921875 0.628906 0.939453
0 0.000000 0.451172 0.023438 0.451172 0.046875 0.462891 0.064453 0.488281 0.060547 0.523438 0.031250 0.548828 0.000000 0.560547
0 0.925781 0.794922 0.873047 0.750000 0.876953 0.738281 0.910156 0.712891 0.945312 0.716797 0.958984 0.730469 0.966797 0.753906 0.953125 0.759766 0.925781 0.794922
0 0.974609 0.996094 0.970703 0.984375 0.982422 0.960938 0.996094 0.951172
