0 0.000000 0.380859 0.031250 0.357422 0.058594 0.353516 0.089844 0.365234 0.103516 0.386719 0.103516 0.406250 0.091797 0.437500 0.066406 0.458984 0.035156 0.458984 0.000000 0.435547
0 0.714844 0.537109 0.664062 0.525391 0.658203 0.515625 0.658203 0.492188 0.669922 0.464844 0.691406 0.451172 0.722656 0.458984 0.748047 0.480469 0.744141 0.531250 0.722656 0.529297 0.714844 0.537109
0 0.843750 0.205078 0.804688 0.205078 0.783203 0.187500 0.775391 0.171875 0.779297 0.128906 0.800781 0.107422 0.828125 0.095703 0.855469 0.103516 0.873047 0.121094 0.880859 0.144531 0.873047 0.179688 0.843750 0.205078
0 0.492188 0.201172 0.460938 0.193359 0.431641 0.164062 0.435547 0.125000 0.449219 0.107422 0.472656 0.095703 0.503906 0.095703 0.519531 0.103516 0.541016 0.140625 0.541016 0.160156 0.533203 0.175781 0.507812 0.197266 0.492188 0.201172
0 0.605469 0.345703 0.580078 0.328125 0.572266 0.312500 0.572266 0.292969 0.589844 0.271484 0.605469 0.263672 0.628906 0.263672 0.654297 0.285156 0.658203 0.316406 0.605469 0.345703
0 0.843750 0.087891 0.832031 0.087891 0.822266 0.074219 0.826172 0.058594 0.835938 0.048828 0.847656 0.048828 0.857422 0.058594 0.857422 0.074219 0.843750 0.087891
0 0.683594 0.962891 0.632812 0.958984 0.626953 0.953125 0.626953 0.914062 0.640625 0.892578 0.656250 0.884766 0.687500 0.884766 0.703125 0.892578 0.720703 0.906250 0.732422 0.925781 0.736328 0.945312 0.730469 0.951172 0.710938 0.951172 0.683594 0.962891
0 0.835938 0.978516 0.812500 0.978516 0.789062 0.966797 0.771484 0.933594 0.775391 0.902344 0.789062 0.888672 0.820312 0.876953 0.843750 0.876953 0.859375 0.884766 0.876953 0.914062 0.876953 0.933594 0.865234 0.957031 0.835938 0.978516
0 0.386719 0.228516 0.355469 0.224609 0.333984 0.203125 0.326172 0.183594 0.326172 0.144531 0.351562 0.119141 0.386719 0.119141 0.412109 0.132812 0.412109 0.175781 0.423828 0.195312 0.398438 0.224609 0.386719 0.228516
0 0.312500 0.451172 0.277344 0.447266 0.251953 0.429688 0.244141 0.414062 0.244141 0.390625 0.257812 0.369141 0.296875 0.357422 0.324219 0.365234 0.337891 0.378906 0.341797 0.417969 0.333984 0.433594 0.312500 0.451172
0 0.000000 0.931641 0.039062 0.935547 0.056641 0.953125 0.056641 0.996094
0 0.281250 0.126953 0.250000 0.126953 0.224609 0.101562 0.224609 0.085938 0.240234 0.058594 0.269531 0.041016 0.281250 0.041016 0.318359 0.089844 0.314453 0.101562 0.292969 0.123047 0.281250 0.126953
0 0.687500 0.134766 0.652344 0.130859 0.630859 0.109375 0.626953 0.097656 0.630859 0.062500 0.652344 0.041016 0.664062 0.037109 0.707031 0.041016 0.732422 0.074219 0.732422 0.089844 0.720703 0.113281 0.687500 0.134766
0 0.460938 0.654297 0.437500 0.654297 0.423828 0.640625 0.427734 0.625000 0.462891 0.570312 0.476562 0.552734 0.484375 0.552734 0.509766 0.574219 0.505859 0.617188 0.476562 0.646484 0.460938 0.654297
0 0.625000 0.650391 0.605469 0.650391 0.578125 0.638672 0.552734 0.617188 0.544922 0.597656 0.552734 0.558594 0.593750 0.525391 0.625000 0.525391 0.638672 0.550781 0.685547 0.605469 0.666016 0.628906 0.664062 0.642578 0.625000 0.650391
0 0.287109 0.000000 0.287109 0.011719 0.257812 0.044922 0.230469 0.048828 0.218750 0.056641 0.195312 0.056641 0.173828 0.039062 0.166016 0.027344 0.166016 0.000000
0 0.498047 0.000000 0.517578 0.027344 0.484375 0.060547 0.449219 0.052734 0.427734 0.031250 0.427734 0.011719 0.435547 0.000000
0 0.589844 0.501953 0.562500 0.494141 0.541016 0.468750 0.544922 0.437500 0.566406 0.419922 0.601562 0.419922 0.634766 0.457031 0.623047 0.484375 0.589844 0.501953
0 0.472656 0.505859 0.453125 0.505859 0.437500 0.498047 0.404297 0.453125 0.404297 0.425781 0.412109 0.410156 0.445312 0.388672 0.468750 0.388672 0.498047 0.414062 0.501953 0.476562 0.472656 0.505859
0 0.660156 0.443359 0.652344 0.443359 0.615234 0.402344 0.615234 0.386719 0.630859 0.355469 0.656250 0.345703 0.667969 0.333984 0.703125 0.337891 0.716797 0.347656 0.728516 0.371094 0.724609 0.410156 0.714844 0.427734 0.679688 0.431641 0.660156 0.443359
0 0.402344 0.623047 0.382812 0.619141 0.369141 0.605469 0.369141 0.566406 0.398438 0.537109 0.414062 0.533203 0.421875 0.521484 0.433594 0.521484 0.447266 0.535156 0.451172 0.550781 0.402344 0.623047
0 0.408203 0.000000 0.406250 0.044922 0.371094 0.033203 0.353516 0.015625 0.349609 0.000000
0 0.634766 0.996094 0.636719 0.978516 0.695312 0.982422 0.722656 0.970703 0.742188 0.970703 0.759766 0.996094
0 0.785156 0.384766 0.767578 0.375000 0.767578 0.355469 0.785156 0.330078 0.828125 0.326172 0.849609 0.343750 0.851562 0.373047 0.828125 0.373047 0.785156 0.384766
0 0.824219 0.806641 0.792969 0.802734 0.783203 0.792969 0.779297 0.726562 0.789062 0.720703 0.832031 0.720703 0.853516 0.738281 0.861328 0.753906 0.857422 0.781250 0.824219 0.806641
0 0.746094 0.802734 0.722656 0.802734 0.707031 0.794922 0.689453 0.773438 0.689453 0.734375 0.714844 0.708984 0.738281 0.708984 0.759766 0.722656 0.763672 0.792969 0.746094 0.802734
0 0.074219 0.900391 0.046875 0.892578 0.033203 0.878906 0.025391 0.855469 0.029297 0.839844 0.046875 0.822266 0.070312 0.814453 0.097656 0.822266 0.115234 0.847656 0.111328 0.871094 0.085938 0.896484 0.074219 0.900391
0 0.816406 0.458984 0.777344 0.455078 0.771484 0.449219 0.775391 0.414062 0.781250 0.404297 0.839844 0.396484 0.849609 0.402344 0.861328 0.429688 0.843750 0.455078 0.816406 0.458984
0 0.902344 0.572266 0.867188 0.572266 0.833984 0.554688 0.849609 0.523438 0.849609 0.507812 0.859375 0.498047 0.894531 0.494141 0.919922 0.511719 0.923828 0.550781 0.902344 0.572266
0 0.792969 0.568359 0.791016 0.558594 0.773438 0.552734 0.763672 0.539062 0.763672 0.500000 0.781250 0.474609 0.828125 0.478516 0.833984 0.492188 0.814453 0.542969 0.814453 0.562500 0.792969 0.568359
0 0.183594 0.146484 0.167969 0.142578 0.146484 0.121094 0.142578 0.109375 0.142578 0.082031 0.152344 0.068359 0.171875 0.056641 0.205078 0.074219 0.208984 0.117188 0.197266 0.136719 0.183594 0.146484
0 0.214844 0.369141 0.195312 0.369141 0.169922 0.347656 0.166016 0.316406 0.173828 0.296875 0.191406 0.279297 0.222656 0.271484 0.242188 0.279297 0.255859 0.292969 0.259766 0.320312 0.251953 0.343750 0.234375 0.361328 0.214844 0.369141
