0 0.000000 0.070833 0.016667 0.062500 0.036111 0.062500 0.051389 0.072222 0.059722 0.088889 0.056944 0.125000 0.040278 0.166667 0.000000 0.206944
0 0.886111 0.745833 0.858333 0.743056 0.837500 0.716667 0.833333 0.704167 0.822222 0.698611 0.800000 0.698611 0.786111 0.693056 0.776389 0.680556 0.776389 0.658333 0.787500 0.641667 0.827778 0.606944 0.852778 0.606944 0.886111 0.593056 0.905556 0.593056 0.916667 0.595833 0.934722 0.613889 0.943056 0.630556 0.945833 0.675000 0.926389 0.711111 0.905556 0.734722 0.886111 0.745833
0 0.422222 0.368056 0.405556 0.368056 0.395833 0.355556 0.395833 0.347222 0.400000 0.343056 0.416667 0.343056 0.423611 0.350000 0.422222 0.368056
0 0.997222 0.984722 0.977778 0.987500 0.950000 0.968056 0.933333 0.962500 0.923611 0.952778 0.918056 0.936111 0.920833 0.894444 0.929167 0.869444 0.937500 0.858333 0.950000 0.845833 0.966667 0.837500 0.986111 0.837500 0.997222 0.843056
0 0.997222 0.320833 0.975000 0.318056 0.954167 0.300000 0.956944 0.272222 0.968056 0.250000 0.983333 0.234722 0.997222 0.231944
0 0.234722 0.997222 0.234722 0.975000 0.255556 0.948611 0.208333 0.976389 0.180556 0.976389 0.161111 0.970833 0.154167 0.955556 0.148611 0.952778 0.151389 0.922222 0.143056 0.897222 0.143056 0.863889 0.159722 0.838889 0.180556 0.823611 0.238889 0.820833 0.269444 0.840278 0.290278 0.875000 0.293056 0.913889 0.287500 0.925000 0.259722 0.947222 0.266667 0.948611 0.288889 0.937500 0.316667 0.937500 0.327778 0.943056 0.348611 0.963889 0.362500 0.986111 0.362500 0.997222
0 0.197222 0.431944 0.172222 0.431944 0.162500 0.419444 0.154167 0.402778 0.148611 0.355556 0.137500 0.333333 0.137500 0.288889 0.154167 0.258333 0.166667 0.251389 0.197222 0.251389 0.208333 0.259722 0.223611 0.275000 0.240278 0.319444 0.240278 0.358333 0.229167 0.391667 0.215278 0.416667 0.197222 0.431944
0 0.997222 0.190278 0.969444 0.190278 0.950000 0.181944 0.936111 0.168056 0.919444 0.159722 0.906944 0.147222 0.901389 0.133333 0.904167 0.100000 0.925000 0.076389 0.963889 0.056944 0.997222 0.051389
0 0.244444 0.798611 0.197222 0.795833 0.175000 0.784722 0.165278 0.772222 0.170833 0.744444 0.183333 0.729167 0.283333 0.651389 0.297222 0.645833 0.333333 0.648611 0.343056 0.666667 0.343056 0.683333 0.337500 0.697222 0.281944 0.752778 0.276389 0.775000 0.244444 0.798611
0 0.641667 0.248611 0.613889 0.248611 0.591667 0.237500 0.573611 0.219444 0.562500 0.194444 0.559722 0.150000 0.598611 0.091667 0.622222 0.068056 0.647222 0.056944 0.683333 0.054167 0.709722 0.077778 0.723611 0.100000 0.729167 0.113889 0.729167 0.150000 0.706944 0.205556 0.675000 0.237500 0.641667 0.248611
0 0.386111 0.568056 0.350000 0.565278 0.341667 0.559722 0.338889 0.562500 0.325000 0.554167 0.304167 0.530556 0.295833 0.508333 0.298611 0.455556 0.312500 0.422222 0.336111 0.398611 0.363889 0.384722 0.419444 0.381944 0.441667 0.393056 0.465278 0.416667 0.473611 0.433333 0.473611 0.505556 0.427778 0.559722 0.416667 0.565278 0.386111 0.568056
0 0.500000 0.629167 0.477778 0.626389 0.468056 0.613889 0.465278 0.563889 0.484722 0.525000 0.495833 0.488889 0.525000 0.462500 0.555556 0.462500 0.575000 0.476389 0.579167 0.486111 0.576389 0.533333 0.590278 0.550000 0.587500 0.572222 0.577778 0.584722 0.533333 0.604167 0.530556 0.609722 0.519444 0.612500 0.500000 0.629167
0 0.808333 0.556944 0.777778 0.556944 0.715278 0.536111 0.715278 0.530556 0.690278 0.505556 0.670833 0.463889 0.670833 0.436111 0.683333 0.415278 0.697222 0.406944 0.722222 0.406944 0.744444 0.415278 0.776389 0.441667 0.790278 0.461111 0.793056 0.475000 0.829167 0.502778 0.829167 0.544444 0.819444 0.554167 0.808333 0.556944
0 0.497222 0.423611 0.481944 0.422222 0.481944 0.405556 0.500000 0.390278 0.516667 0.390278 0.520833 0.411111 0.497222 0.423611
0 0.997222 0.443056 0.980556 0.443056 0.966667 0.434722 0.937500 0.402778 0.937500 0.380556 0.944444 0.368056 0.966667 0.365278 0.975000 0.359722 0.997222 0.359722
0 0.194444 0.662500 0.177778 0.662500 0.154167 0.652778 0.137500 0.630556 0.134722 0.600000 0.140278 0.597222 0.162500 0.555556 0.180556 0.534722 0.216667 0.512500 0.238889 0.512500 0.261111 0.529167 0.273611 0.547222 0.273611 0.588889 0.262500 0.611111 0.256944 0.611111 0.259722 0.616667 0.222222 0.654167 0.194444 0.662500
0 0.000000 0.829167 0.019444 0.831944 0.027778 0.837500 0.037500 0.858333 0.037500 0.888889 0.026389 0.922222 0.015278 0.941667 0.005556 0.951389 0.000000 0.951389
0 0.505556 0.390278 0.491667 0.390278 0.479167 0.377778 0.473611 0.347222 0.483333 0.337500 0.500000 0.337500 0.512500 0.350000 0.512500 0.383333 0.505556 0.390278
0 0.541667 0.398611 0.525000 0.398611 0.509722 0.380556 0.513889 0.337500 0.533333 0.334722 0.556944 0.347222 0.556944 0.380556 0.551389 0.391667 0.541667 0.398611
0 0.558333 0.920833 0.480556 0.915278 0.458333 0.918056 0.456944 0.911111 0.450000 0.909722 0.437500 0.894444 0.440278 0.855556 0.455556 0.837500 0.488889 0.820833 0.541667 0.815278 0.561111 0.823611 0.575000 0.831944 0.590278 0.850000 0.595833 0.872222 0.595833 0.897222 0.583333 0.912500 0.558333 0.920833
0 0.640278 0.000000 0.636111 0.012500 0.619444 0.018056 0.605556 0.029167 0.591667 0.031944 0.550000 0.029167 0.533333 0.020833 0.518056 0.005556 0.518056 0.000000
0 0.376389 0.000000 0.381944 0.002778 0.381944 0.011111 0.363889 0.029167 0.341667 0.045833 0.311111 0.056944 0.280556 0.054167 0.265278 0.041667 0.256944 0.025000 0.259722 0.000000
0 0.711111 0.876389 0.666667 0.876389 0.650000 0.870833 0.637500 0.852778 0.637500 0.844444 0.643056 0.827778 0.654167 0.813889 0.654167 0.802778 0.666667 0.787500 0.725000 0.745833 0.752778 0.745833 0.766667 0.751389 0.776389 0.766667 0.776389 0.805556 0.768056 0.827778 0.754167 0.847222 0.733333 0.865278 0.711111 0.876389
0 0.380556 0.281944 0.333333 0.281944 0.319444 0.270833 0.309722 0.258333 0.312500 0.219444 0.333333 0.193056 0.366667 0.187500 0.388889 0.176389 0.427778 0.145833 0.438889 0.143056 0.452778 0.148611 0.470833 0.166667 0.468056 0.197222 0.462500 0.202778 0.456944 0.225000 0.425000 0.265278 0.405556 0.276389 0.380556 0.281944
