0 0.378906 0.173828 0.371094 0.173828 0.357422 0.156250 0.361328 0.136719 0.398438 0.103516 0.417969 0.107422 0.423828 0.113281 0.419922 0.144531 0.402344 0.162109 0.378906 0.173828
0 0.535156 0.849609 0.517578 0.839844 0.517578 0.828125 0.542969 0.794922 0.566406 0.787109 0.576172 0.796875 0.572266 0.816406 0.554688 0.837891 0.535156 0.849609
0 0.523438 0.494141 0.511719 0.494141 0.501953 0.484375 0.501953 0.457031 0.515625 0.439453 0.535156 0.439453 0.541016 0.445312 0.541016 0.460938 0.523438 0.494141
0 0.054688 0.275391 0.042969 0.275391 0.029297 0.265625 0.029297 0.246094 0.062500 0.208984 0.078125 0.208984 0.087891 0.218750 0.087891 0.238281 0.054688 0.275391
0 0.738281 0.720703 0.720703 0.710938 0.720703 0.691406 0.750000 0.669922 0.773438 0.669922 0.779297 0.687500 0.738281 0.720703
0 0.378906 0.494141 0.363281 0.494141 0.345703 0.476562 0.345703 0.453125 0.382812 0.416016 0.402344 0.416016 0.416016 0.429688 0.416016 0.453125 0.408203 0.468750 0.378906 0.494141
0 0.746094 0.529297 0.710938 0.525391 0.697266 0.507812 0.697266 0.484375 0.726562 0.451172 0.765625 0.439453 0.791016 0.457031 0.794922 0.484375 0.765625 0.521484 0.746094 0.529297
0 0.277344 0.345703 0.250000 0.341797 0.230469 0.330078 0.220703 0.320312 0.216797 0.292969 0.242188 0.275391 0.285156 0.275391 0.300781 0.283203 0.310547 0.292969 0.314453 0.324219 0.300781 0.337891 0.277344 0.345703
0 0.503906 0.169922 0.488281 0.169922 0.474609 0.160156 0.478516 0.136719 0.515625 0.111328 0.535156 0.111328 0.544922 0.121094 0.537109 0.148438 0.503906 0.169922
0 0.996094 0.580078 0.960938 0.587891 0.947266 0.578125 0.947266 0.566406 0.957031 0.552734 0.972656 0.544922 0.996094 0.544922
0 0.421875 0.677734 0.402344 0.677734 0.396484 0.671875 0.396484 0.648438 0.414062 0.623047 0.433594 0.623047 0.439453 0.628906 0.439453 0.656250 0.421875 0.677734
0 0.667969 0.134766 0.648438 0.134766 0.638672 0.113281 0.664062 0.087891 0.683594 0.087891 0.693359 0.097656 0.693359 0.109375 0.667969 0.134766
0 0.542969 0.197266 0.531250 0.197266 0.517578 0.187500 0.517578 0.171875 0.542969 0.142578 0.566406 0.138672 0.576172 0.148438 0.576172 0.164062 0.542969 0.197266
0 0.554688 0.607422 0.537109 0.601562 0.537109 0.578125 0.570312 0.541016 0.585938 0.541016 0.595703 0.550781 0.595703 0.562500 0.580078 0.589844 0.554688 0.607422
0 0.996094 0.177734 0.984375 0.189453 0.966797 0.183594 0.966797 0.164062 0.976562 0.154297 0.996094 0.150391
0 0.070312 0.083984 0.048828 0.074219 0.048828 0.054688 0.070312 0.033203 0.085938 0.025391 0.105469 0.025391 0.115234 0.035156 0.111328 0.062500 0.097656 0.076172 0.070312 0.083984
0 0.000000 0.185547 0.013672 0.195312 0.009766 0.222656 0.000000 0.232422
0 0.996094 0.904297 0.976562 0.908203 0.970703 0.902344 0.970703 0.882812 0.996094 0.861328
0 0.914062 0.681641 0.890625 0.677734 0.880859 0.660156 0.906250 0.642578 0.937500 0.642578 0.947266 0.660156 0.929688 0.677734 0.914062 0.681641
0 0.949219 0.498047 0.937500 0.498047 0.919922 0.484375 0.919922 0.464844 0.929688 0.451172 0.945312 0.443359 0.972656 0.443359 0.982422 0.453125 0.982422 0.468750 0.960938 0.494141 0.949219 0.498047
0 0.574219 0.255859 0.556641 0.246094 0.556641 0.226562 0.574219 0.208984 0.605469 0.201172 0.615234 0.210938 0.615234 0.226562 0.597656 0.244141 0.574219 0.255859
0 0.769531 0.326172 0.746094 0.322266 0.736328 0.308594 0.732422 0.265625 0.746094 0.244141 0.761719 0.244141 0.775391 0.261719 0.775391 0.320312 0.769531 0.326172
0 0.304688 0.087891 0.289062 0.087891 0.279297 0.078125 0.275391 0.058594 0.296875 0.033203 0.324219 0.029297 0.333984 0.039062 0.333984 0.058594 0.304688 0.087891
0 0.125000 0.818359 0.113281 0.818359 0.099609 0.808594 0.095703 0.773438 0.105469 0.763672 0.121094 0.763672 0.138672 0.773438 0.138672 0.800781 0.125000 0.818359
0 0.996094 0.013672 0.984375 0.025391 0.941406 0.029297 0.927734 0.015625 0.935547 0.000000
0 0.451172 0.996094 0.464844 0.982422 0.472656 0.982422 0.478516 0.996094
0 0.148438 0.767578 0.125000 0.767578 0.107422 0.750000 0.107422 0.738281 0.132812 0.716797 0.148438 0.720703 0.162109 0.734375 0.162109 0.753906 0.148438 0.767578
0 0.039062 0.892578 0.027344 0.888672 0.013672 0.867188 0.017578 0.832031 0.031250 0.818359 0.042969 0.818359 0.056641 0.832031 0.056641 0.867188 0.039062 0.892578
0 0.386719 0.822266 0.369141 0.816406 0.369141 0.792969 0.390625 0.759766 0.402344 0.759766 0.408203 0.765625 0.408203 0.785156 0.386719 0.822266
0 0.796875 0.865234 0.789062 0.865234 0.775391 0.851562 0.775391 0.835938 0.792969 0.814453 0.810547 0.824219 0.810547 0.843750 0.796875 0.865234
