0 0.875000 0.451172 0.847656 0.447266 0.837891 0.429688 0.845703 0.402344 0.859375 0.392578 0.878906 0.392578 0.888672 0.406250 0.888672 0.433594 0.875000 0.451172
0 0.437500 0.642578 0.416016 0.628906 0.419922 0.593750 0.433594 0.583984 0.449219 0.587891 0.462891 0.605469 0.458984 0.625000 0.437500 0.642578
0 0.789062 0.794922 0.769531 0.794922 0.755859 0.777344 0.755859 0.761719 0.769531 0.740234 0.785156 0.740234 0.794922 0.753906 0.798828 0.781250 0.789062 0.794922
0 0.214844 0.962891 0.167969 0.958984 0.150391 0.937500 0.154297 0.921875 0.179688 0.900391 0.195312 0.896484 0.230469 0.896484 0.246094 0.904297 0.259766 0.925781 0.255859 0.937500 0.238281 0.955078 0.214844 0.962891
0 0.714844 0.974609 0.707031 0.974609 0.689453 0.953125 0.689453 0.929688 0.707031 0.912109 0.714844 0.912109 0.732422 0.933594 0.732422 0.957031 0.714844 0.974609
0 0.996094 0.626953 0.978516 0.609375 0.978516 0.585938 0.996094 0.572266
0 0.000000 0.978516 0.031250 0.978516 0.041016 0.996094
0 0.787109 0.000000 0.787109 0.019531 0.777344 0.033203 0.765625 0.033203 0.751953 0.019531 0.748047 0.000000
0 0.203125 0.771484 0.187500 0.767578 0.169922 0.746094 0.166016 0.722656 0.175781 0.712891 0.187500 0.712891 0.212891 0.726562 0.216797 0.761719 0.203125 0.771484
0 0.910156 0.119141 0.894531 0.115234 0.876953 0.093750 0.876953 0.082031 0.886719 0.072266 0.906250 0.072266 0.919922 0.085938 0.923828 0.105469 0.910156 0.119141
0 0.347656 0.775391 0.320312 0.763672 0.310547 0.750000 0.310547 0.738281 0.328125 0.720703 0.351562 0.720703 0.365234 0.734375 0.361328 0.761719 0.347656 0.775391
0 0.593750 0.935547 0.578125 0.935547 0.572266 0.929688 0.568359 0.906250 0.576172 0.878906 0.589844 0.865234 0.605469 0.865234 0.615234 0.875000 0.615234 0.898438 0.607422 0.921875 0.593750 0.935547
0 0.605469 0.072266 0.589844 0.072266 0.580078 0.062500 0.576172 0.046875 0.589844 0.029297 0.617188 0.021484 0.630859 0.031250 0.634766 0.046875 0.625000 0.060547 0.605469 0.072266
0 0.175781 0.568359 0.164062 0.568359 0.146484 0.550781 0.146484 0.531250 0.152344 0.525391 0.171875 0.525391 0.189453 0.539062 0.193359 0.550781 0.175781 0.568359
0 0.382812 0.439453 0.343750 0.435547 0.318359 0.414062 0.314453 0.394531 0.324219 0.384766 0.359375 0.384766 0.375000 0.392578 0.392578 0.417969 0.392578 0.429688 0.382812 0.439453
0 0.585938 0.470703 0.562500 0.470703 0.544922 0.445312 0.544922 0.421875 0.566406 0.400391 0.589844 0.404297 0.603516 0.425781 0.599609 0.457031 0.585938 0.470703
0 0.269531 0.248047 0.250000 0.248047 0.224609 0.226562 0.224609 0.214844 0.234375 0.201172 0.250000 0.193359 0.269531 0.193359 0.287109 0.207031 0.291016 0.230469 0.281250 0.244141 0.269531 0.248047
0 0.714844 0.345703 0.687500 0.337891 0.673828 0.320312 0.673828 0.300781 0.687500 0.287109 0.703125 0.287109 0.724609 0.304688 0.728516 0.332031 0.714844 0.345703
