0 0.996094 0.814453 0.968750 0.818359 0.955078 0.800781 0.958984 0.769531 0.984375 0.751953 0.996094 0.751953
0 0.902344 0.681641 0.878906 0.677734 0.857422 0.644531 0.865234 0.621094 0.890625 0.603516 0.921875 0.611328 0.935547 0.636719 0.923828 0.664062 0.902344 0.681641
0 0.617188 0.615234 0.593750 0.615234 0.587891 0.609375 0.580078 0.589844 0.593750 0.572266 0.623047 0.589844 0.626953 0.605469 0.617188 0.615234
0 0.394531 0.564453 0.375000 0.564453 0.333984 0.535156 0.333984 0.496094 0.351562 0.474609 0.398438 0.478516 0.419922 0.496094 0.427734 0.511719 0.423828 0.542969 0.394531 0.564453
0 0.882812 0.892578 0.863281 0.892578 0.845703 0.882812 0.837891 0.863281 0.851562 0.845703 0.878906 0.841797 0.900391 0.855469 0.904297 0.871094 0.882812 0.892578
0 0.261719 0.748047 0.230469 0.744141 0.212891 0.730469 0.208984 0.718750 0.212891 0.687500 0.246094 0.666016 0.273438 0.669922 0.291016 0.691406 0.291016 0.714844 0.283203 0.730469 0.261719 0.748047
0 0.082031 0.720703 0.050781 0.716797 0.041016 0.707031 0.041016 0.687500 0.058594 0.677734 0.097656 0.673828 0.103516 0.679688 0.103516 0.695312 0.099609 0.707031 0.082031 0.720703
0 0.773438 0.787109 0.742188 0.787109 0.736328 0.781250 0.728516 0.765625 0.738281 0.744141 0.773438 0.740234 0.787109 0.750000 0.791016 0.769531 0.773438 0.787109
0 0.515625 0.990234 0.488281 0.990234 0.474609 0.976562 0.466797 0.964844 0.472656 0.935547 0.496094 0.931641 0.513672 0.945312 0.525391 0.960938 0.525391 0.980469 0.515625 0.990234
0 0.480469 0.751953 0.445312 0.748047 0.435547 0.734375 0.435547 0.722656 0.468750 0.681641 0.503906 0.673828 0.525391 0.691406 0.525391 0.710938 0.500000 0.744141 0.480469 0.751953
0 0.585938 0.607422 0.560547 0.582031 0.570312 0.564453 0.595703 0.570312 0.580078 0.589844 0.585938 0.607422
0 0.000000 0.865234 0.017578 0.875000 0.037109 0.902344 0.033203 0.925781 0.000000 0.951172
0 0.207031 0.556641 0.167969 0.548828 0.146484 0.527344 0.146484 0.492188 0.171875 0.466797 0.195312 0.466797 0.214844 0.474609 0.232422 0.500000 0.232422 0.535156 0.207031 0.556641
0 0.996094 0.572266 0.976562 0.576172 0.962891 0.562500 0.966797 0.531250 0.976562 0.521484 0.992188 0.521484 0.996094 0.529297
0 0.042969 0.685547 0.031250 0.685547 0.017578 0.671875 0.017578 0.640625 0.027344 0.630859 0.070312 0.630859 0.107422 0.656250 0.101562 0.673828 0.050781 0.677734 0.042969 0.685547
0 0.744141 0.996094 0.748047 0.980469 0.761719 0.966797 0.796875 0.962891 0.808594 0.962891 0.822266 0.976562 0.822266 0.996094
0 0.023438 0.748047 0.009766 0.742188 0.015625 0.728516 0.029297 0.734375 0.023438 0.748047
0 0.644531 0.830078 0.613281 0.826172 0.591797 0.792969 0.591797 0.773438 0.621094 0.748047 0.644531 0.751953 0.658203 0.769531 0.662109 0.816406 0.644531 0.830078
