0 0.821875 0.669922 0.800000 0.669922 0.790625 0.658203 0.775000 0.654297 0.760938 0.640625 0.770312 0.617188 0.767188 0.574219 0.773438 0.558594 0.796875 0.537109 0.815625 0.537109 0.837500 0.552734 0.854688 0.582031 0.857812 0.628906 0.821875 0.669922
0 0.000000 0.408203 0.037500 0.404297 0.078125 0.380859 0.085938 0.386719 0.085938 0.394531 0.050000 0.431641 0.034375 0.443359 0.000000 0.455078
0 0.568750 0.302734 0.556250 0.302734 0.539062 0.273438 0.545312 0.207031 0.565625 0.193359 0.575000 0.173828 0.596875 0.169922 0.610938 0.183594 0.604688 0.253906 0.592187 0.277344 0.592187 0.289062 0.584375 0.298828 0.568750 0.302734
0 0.146875 0.779297 0.096875 0.779297 0.075000 0.767578 0.051562 0.742188 0.054688 0.703125 0.075000 0.677734 0.093750 0.673828 0.196875 0.673828 0.201563 0.679688 0.201563 0.699219 0.185938 0.722656 0.185938 0.730469 0.146875 0.779297
0 0.706250 0.791016 0.693750 0.791016 0.681250 0.771484 0.646875 0.767578 0.642188 0.761719 0.642188 0.738281 0.648438 0.722656 0.675000 0.689453 0.690625 0.685547 0.712500 0.662109 0.718750 0.662109 0.745313 0.703125 0.754687 0.734375 0.731250 0.775391 0.706250 0.791016
0 0.000000 0.638672 0.037500 0.623047 0.065625 0.623047 0.082812 0.632812 0.076563 0.652344 0.023438 0.718750 0.000000 0.736328
0 0.134375 0.212891 0.125000 0.212891 0.114062 0.199219 0.101562 0.132812 0.123438 0.085938 0.131250 0.076172 0.140625 0.076172 0.154688 0.109375 0.157812 0.156250 0.142187 0.203125 0.134375 0.212891
0 0.000000 0.294922 0.018750 0.279297 0.046875 0.267578 0.100000 0.275391 0.110937 0.292969 0.110937 0.300781 0.095312 0.320312 0.085938 0.359375 0.059375 0.392578 0.037500 0.404297 0.000000 0.408203
0 0.996875 0.669922 0.975000 0.697266 0.940625 0.720703 0.925000 0.751953 0.915625 0.751953 0.903125 0.767578 0.890625 0.771484 0.871875 0.794922 0.862500 0.794922 0.821875 0.865234 0.793750 0.869141 0.782813 0.859375 0.782813 0.816406 0.817187 0.781250 0.831250 0.748047 0.840625 0.751953 0.854688 0.738281 0.860938 0.710938 0.875000 0.705078 0.900000 0.666016 0.965625 0.630859 0.996875 0.623047
0 0.000000 0.466797 0.012500 0.458984 0.023438 0.464844 0.000000 0.505859
0 0.623437 0.996094 0.631250 0.982422 0.684375 0.943359 0.706250 0.935547 0.721875 0.919922 0.756250 0.912109 0.770312 0.945312 0.746875 0.974609 0.737500 0.974609 0.729688 0.984375 0.729688 0.996094
0 0.403125 0.388672 0.375000 0.384766 0.354687 0.367188 0.345313 0.320312 0.326562 0.304688 0.320312 0.250000 0.328125 0.240234 0.337500 0.236328 0.365625 0.251953 0.415625 0.248047 0.423438 0.265625 0.439063 0.281250 0.445312 0.320312 0.403125 0.388672
0 0.471875 0.822266 0.457813 0.808594 0.454688 0.796875 0.457813 0.777344 0.468750 0.763672 0.495312 0.777344 0.489063 0.808594 0.471875 0.822266
0 0.328125 0.701172 0.303125 0.697266 0.295312 0.687500 0.292187 0.652344 0.312500 0.626953 0.340625 0.623047 0.351562 0.640625 0.351562 0.667969 0.342187 0.691406 0.328125 0.701172
0 0.906250 0.607422 0.895312 0.601562 0.889062 0.593750 0.889062 0.582031 0.870313 0.562500 0.870313 0.550781 0.879687 0.535156 0.842187 0.503906 0.835938 0.476562 0.846875 0.455078 0.887500 0.455078 0.928125 0.486328 0.945312 0.519531 0.948438 0.546875 0.939063 0.562500 0.939063 0.574219 0.906250 0.607422
0 0.214062 0.996094 0.214062 0.929688 0.221875 0.919922 0.243750 0.904297 0.290625 0.900391 0.298438 0.910156 0.298438 0.921875 0.292187 0.933594 0.292187 0.949219 0.276562 0.972656 0.273438 0.996094
0 0.000000 0.181641 0.046875 0.169922 0.084375 0.185547 0.092188 0.207031 0.092188 0.226562 0.075000 0.255859 0.056250 0.263672 0.012500 0.263672 0.000000 0.271484
0 0.525000 0.537109 0.506250 0.533203 0.489063 0.515625 0.482812 0.500000 0.482812 0.468750 0.476562 0.457031 0.476562 0.417969 0.496875 0.384766 0.534375 0.369141 0.550000 0.388672 0.562500 0.384766 0.567187 0.394531 0.554688 0.414062 0.551562 0.429688 0.554688 0.464844 0.545312 0.519531 0.525000 0.537109
0 0.000000 0.041016 0.021875 0.048828 0.032813 0.062500 0.032813 0.074219 0.010937 0.101562 0.010937 0.117188 0.000000 0.134766
0 0.268750 0.873047 0.228125 0.873047 0.209375 0.865234 0.204687 0.859375 0.204687 0.824219 0.234375 0.794922 0.250000 0.794922 0.259375 0.787109 0.284375 0.791016 0.298438 0.820312 0.298438 0.859375 0.290625 0.869141 0.268750 0.873047
0 0.359375 0.564453 0.337500 0.564453 0.320312 0.542969 0.328125 0.513672 0.350000 0.505859 0.362500 0.505859 0.367188 0.511719 0.373437 0.546875 0.359375 0.564453
0 0.628125 0.935547 0.612500 0.935547 0.601562 0.914062 0.604688 0.878906 0.625000 0.849609 0.646875 0.837891 0.668750 0.841797 0.687500 0.826172 0.703125 0.822266 0.721875 0.822266 0.729688 0.832031 0.729688 0.843750 0.703125 0.876953 0.671875 0.896484 0.653125 0.919922 0.628125 0.935547
0 0.801562 0.996094 0.806250 0.986328 0.834375 0.970703 0.851562 0.984375 0.848437 0.996094
0 0.923438 0.996094 0.934375 0.978516 0.950000 0.966797 0.996875 0.974609
0 0.387500 0.205078 0.365625 0.197266 0.354687 0.183594 0.354687 0.167969 0.364063 0.148438 0.370312 0.085938 0.385937 0.046875 0.415625 0.009766 0.450000 0.005859 0.470313 0.023438 0.467187 0.039062 0.476562 0.058594 0.473438 0.105469 0.460938 0.125000 0.457813 0.144531 0.443750 0.162109 0.387500 0.205078
0 0.500000 0.669922 0.465625 0.666016 0.448437 0.640625 0.445312 0.609375 0.459375 0.583984 0.487500 0.568359 0.540625 0.580078 0.548438 0.593750 0.532813 0.648438 0.525000 0.658203 0.500000 0.669922
