0 0.652344 0.091797 0.621094 0.087891 0.603516 0.062500 0.607422 0.039062 0.628906 0.021484 0.652344 0.021484 0.673828 0.042969 0.673828 0.074219 0.652344 0.091797
0 0.253906 0.958984 0.238281 0.955078 0.228516 0.941406 0.228516 0.925781 0.250000 0.912109 0.257812 0.912109 0.271484 0.925781 0.271484 0.945312 0.253906 0.958984
0 0.492188 0.662109 0.480469 0.662109 0.451172 0.625000 0.455078 0.589844 0.472656 0.572266 0.503906 0.576172 0.521484 0.597656 0.521484 0.628906 0.492188 0.662109
0 0.058594 0.830078 0.046875 0.830078 0.033203 0.820312 0.033203 0.800781 0.039062 0.794922 0.054688 0.794922 0.068359 0.808594 0.068359 0.820312 0.058594 0.830078
0 0.195312 0.509766 0.167969 0.505859 0.150391 0.492188 0.146484 0.476562 0.160156 0.458984 0.183594 0.458984 0.212891 0.476562 0.208984 0.500000 0.195312 0.509766
0 0.589844 0.802734 0.572266 0.789062 0.564453 0.750000 0.578125 0.736328 0.605469 0.732422 0.630859 0.746094 0.634766 0.765625 0.621094 0.791016 0.589844 0.802734
0 0.941406 0.447266 0.929688 0.447266 0.923828 0.437500 0.927734 0.414062 0.941406 0.400391 0.964844 0.392578 0.978516 0.410156 0.968750 0.427734 0.941406 0.447266
0 0.289062 0.708984 0.277344 0.705078 0.267578 0.687500 0.277344 0.650391 0.296875 0.654297 0.310547 0.671875 0.306641 0.695312 0.289062 0.708984
0 0.058594 0.384766 0.031250 0.384766 0.005859 0.359375 0.005859 0.339844 0.013672 0.324219 0.031250 0.310547 0.062500 0.314453 0.080078 0.335938 0.080078 0.359375 0.058594 0.384766
0 0.972656 0.755859 0.957031 0.755859 0.951172 0.750000 0.951172 0.722656 0.957031 0.716797 0.964844 0.716797 0.978516 0.738281 0.972656 0.755859
0 0.964844 0.775391 0.945312 0.775391 0.939453 0.757812 0.945312 0.751953 0.968750 0.755859 0.970703 0.769531 0.964844 0.775391
0 0.335938 0.326172 0.300781 0.322266 0.287109 0.300781 0.294922 0.273438 0.316406 0.255859 0.339844 0.259766 0.357422 0.281250 0.357422 0.308594 0.347656 0.322266 0.335938 0.326172
0 0.980469 0.818359 0.966797 0.812500 0.972656 0.798828 0.986328 0.804688 0.980469 0.818359
0 0.054688 0.888672 0.039062 0.884766 0.029297 0.875000 0.029297 0.863281 0.039062 0.853516 0.068359 0.867188 0.068359 0.875000 0.054688 0.888672
0 0.093750 0.111328 0.066406 0.111328 0.041016 0.093750 0.041016 0.058594 0.054688 0.044922 0.066406 0.041016 0.085938 0.044922 0.111328 0.066406 0.111328 0.089844 0.093750 0.111328
0 0.394531 0.908203 0.378906 0.908203 0.365234 0.894531 0.361328 0.871094 0.378906 0.853516 0.394531 0.857422 0.410156 0.849609 0.416016 0.855469 0.412109 0.894531 0.394531 0.908203
0 0.845703 0.000000 0.841797 0.023438 0.828125 0.033203 0.804688 0.033203 0.779297 0.000000
0 0.164062 0.880859 0.136719 0.876953 0.119141 0.851562 0.123047 0.812500 0.148438 0.794922 0.160156 0.798828 0.185547 0.824219 0.189453 0.835938 0.189453 0.859375 0.164062 0.880859
0 0.800781 0.255859 0.781250 0.248047 0.767578 0.234375 0.767578 0.214844 0.785156 0.193359 0.812500 0.189453 0.837891 0.210938 0.841797 0.230469 0.832031 0.251953 0.800781 0.255859
0 0.457031 0.794922 0.437500 0.791016 0.431641 0.769531 0.443359 0.757812 0.447266 0.742188 0.468750 0.732422 0.498047 0.753906 0.501953 0.777344 0.496094 0.787109 0.468750 0.787109 0.457031 0.794922
