0 0.544540 0.147115 0.525862 0.141346 0.519397 0.132692 0.513649 0.113462 0.513649 0.105769 0.518678 0.095192 0.538793 0.095192 0.541667 0.099038 0.553161 0.102885 0.559626 0.111538 0.562500 0.119231 0.559626 0.138462 0.551724 0.145192 0.544540 0.147115
0 0.316092 0.124038 0.301724 0.122115 0.292385 0.111538 0.289511 0.105769 0.290948 0.086538 0.307471 0.064423 0.329023 0.062500 0.342672 0.075000 0.345546 0.094231 0.337644 0.110577 0.324713 0.122115 0.316092 0.124038
0 0.140805 0.837500 0.129310 0.833654 0.122845 0.825000 0.121408 0.805769 0.124282 0.798077 0.124282 0.788462 0.127874 0.781731 0.130747 0.781731 0.145115 0.768269 0.155172 0.768269 0.165948 0.778846 0.168822 0.800000 0.163075 0.819231 0.150862 0.833654 0.140805 0.837500
0 0.076149 0.824038 0.068966 0.824038 0.062500 0.815385 0.061063 0.803846 0.063937 0.786538 0.071121 0.771154 0.080460 0.758654 0.089080 0.756731 0.096983 0.765385 0.098420 0.771154 0.095546 0.792308 0.089799 0.807692 0.076149 0.824038
0 0.263649 0.998077 0.256466 0.986538 0.255029 0.973077 0.271552 0.950962 0.278736 0.949038 0.280891 0.950000 0.279454 0.955769 0.281609 0.958654 0.298132 0.971154 0.298132 0.984615 0.288075 0.998077
0 0.406609 0.074038 0.393678 0.072115 0.379310 0.062500 0.369971 0.048077 0.372845 0.032692 0.380747 0.025962 0.389368 0.025962 0.416667 0.043269 0.423132 0.051923 0.423132 0.063462 0.415230 0.072115 0.406609 0.074038
0 0.175287 0.610577 0.159483 0.610577 0.146552 0.604808 0.141523 0.596154 0.142960 0.578846 0.149425 0.570192 0.156609 0.566346 0.173851 0.566346 0.185345 0.572115 0.193247 0.582692 0.194684 0.594231 0.188218 0.604808 0.175287 0.610577
0 0.998563 0.104808 0.985632 0.110577 0.972701 0.108654 0.966236 0.101923 0.964799 0.092308 0.969109 0.078846 0.971264 0.075962 0.977011 0.075962 0.981322 0.070192 0.991379 0.070192 0.998563 0.074038
0 0.849138 0.856731 0.843391 0.856731 0.826149 0.845192 0.819684 0.836538 0.816810 0.830769 0.816810 0.819231 0.823276 0.808654 0.829023 0.804808 0.851293 0.805769 0.852730 0.813462 0.862787 0.828846 0.864224 0.846154 0.849138 0.856731
0 0.326149 0.406731 0.314655 0.406731 0.302443 0.388462 0.302443 0.380769 0.308908 0.368269 0.334770 0.366346 0.341954 0.370192 0.349856 0.380769 0.348420 0.392308 0.341954 0.402885 0.326149 0.406731
0 0.943966 0.422115 0.940374 0.419231 0.940374 0.413462 0.934626 0.403846 0.933190 0.392308 0.939655 0.379808 0.949713 0.379808 0.956178 0.386538 0.960489 0.405769 0.952586 0.418269 0.943966 0.422115
0 0.900862 0.883654 0.889368 0.883654 0.882902 0.873077 0.885776 0.838462 0.890805 0.831731 0.894397 0.832692 0.894397 0.840385 0.900144 0.853846 0.903017 0.869231 0.903017 0.880769 0.900862 0.883654
0 0.567529 0.206731 0.553161 0.206731 0.538793 0.197115 0.528017 0.178846 0.528017 0.163462 0.541667 0.152885 0.554598 0.150962 0.569684 0.171154 0.575431 0.188462 0.573994 0.200000 0.567529 0.206731
0 0.968391 0.541346 0.959052 0.532692 0.959052 0.519231 0.963362 0.500000 0.972701 0.483654 0.982759 0.481731 0.989224 0.490385 0.989224 0.503846 0.982040 0.523077 0.968391 0.541346
0 0.578305 0.000000 0.570402 0.010577 0.561782 0.014423 0.544540 0.012500 0.538793 0.008654 0.535201 0.000000
0 0.877874 0.874038 0.864943 0.874038 0.858477 0.865385 0.859914 0.850000 0.864224 0.846154 0.865661 0.832692 0.873563 0.825962 0.879310 0.825962 0.885776 0.836538 0.882902 0.869231 0.877874 0.874038
0 0.810345 0.256731 0.800287 0.256731 0.795977 0.252885 0.792385 0.248077 0.792385 0.242308 0.788075 0.232692 0.788075 0.207692 0.794540 0.197115 0.806034 0.200962 0.822557 0.219231 0.823994 0.236538 0.818247 0.248077 0.810345 0.256731
0 0.089080 0.933654 0.080460 0.931731 0.076868 0.926923 0.073994 0.919231 0.073994 0.909615 0.087644 0.891346 0.097701 0.883654 0.106322 0.879808 0.122126 0.881731 0.127155 0.890385 0.125718 0.900000 0.112069 0.918269 0.089080 0.933654
0 0.033764 0.000000 0.043822 0.025000 0.042385 0.046154 0.037356 0.052885 0.033046 0.056731 0.015805 0.056731 0.000000 0.035577
0 0.349138 0.343269 0.337644 0.343269 0.321121 0.326923 0.319684 0.311538 0.326149 0.302885 0.334770 0.300962 0.344828 0.302885 0.353448 0.308654 0.361351 0.319231 0.361351 0.330769 0.353448 0.341346 0.349138 0.343269
0 0.162356 0.287500 0.153736 0.287500 0.144397 0.275000 0.144397 0.250000 0.147270 0.240385 0.156609 0.225962 0.163793 0.220192 0.173851 0.220192 0.183190 0.230769 0.184626 0.255769 0.178879 0.271154 0.170977 0.281731 0.162356 0.287500
0 0.229885 0.981731 0.218391 0.979808 0.210489 0.969231 0.210489 0.963462 0.217672 0.948077 0.225575 0.939423 0.241379 0.931731 0.265805 0.931731 0.262213 0.946154 0.270833 0.953846 0.260057 0.968269 0.229885 0.981731
0 0.659483 0.825962 0.653736 0.825962 0.643678 0.820192 0.635776 0.807692 0.638649 0.792308 0.649425 0.779808 0.659483 0.781731 0.665948 0.790385 0.668822 0.800000 0.667385 0.817308 0.659483 0.825962
0 0.410920 0.435577 0.393678 0.431731 0.390086 0.426923 0.391523 0.411538 0.396552 0.402885 0.409483 0.397115 0.423851 0.397115 0.428879 0.403846 0.428879 0.413462 0.422414 0.427885 0.410920 0.435577
0 0.890805 0.639423 0.883621 0.637500 0.877155 0.628846 0.872845 0.611538 0.875718 0.596154 0.886494 0.581731 0.893678 0.581731 0.903017 0.596154 0.901580 0.626923 0.896552 0.635577 0.890805 0.639423
0 0.508621 0.289423 0.491379 0.285577 0.477730 0.269231 0.476293 0.248077 0.481322 0.241346 0.494253 0.233654 0.508621 0.233654 0.517241 0.239423 0.525144 0.250000 0.525144 0.276923 0.518678 0.285577 0.508621 0.289423
0 0.397989 0.858654 0.392241 0.858654 0.390086 0.855769 0.392241 0.847115 0.396552 0.847115 0.400144 0.851923 0.397989 0.858654
0 0.297414 0.643269 0.285201 0.634615 0.282328 0.625000 0.283764 0.609615 0.298851 0.589423 0.308908 0.585577 0.320402 0.587500 0.325431 0.598077 0.325431 0.613462 0.322557 0.623077 0.313218 0.637500 0.297414 0.643269
0 0.389368 0.552885 0.372126 0.547115 0.364224 0.530769 0.365661 0.521154 0.372126 0.512500 0.382184 0.506731 0.399425 0.512500 0.407328 0.523077 0.405891 0.536538 0.396552 0.549038 0.389368 0.552885
0 0.306034 0.822115 0.295977 0.820192 0.286638 0.805769 0.285201 0.786538 0.295977 0.770192 0.298851 0.777885 0.303161 0.777885 0.307471 0.783654 0.317529 0.783654 0.325431 0.796154 0.322557 0.807692 0.314655 0.818269 0.306034 0.822115
0 0.998563 0.027885 0.992816 0.031731 0.968391 0.029808 0.963362 0.023077 0.963362 0.013462 0.969109 0.000000
0 0.640805 0.102885 0.627874 0.100962 0.622845 0.094231 0.622845 0.076923 0.630747 0.068269 0.645115 0.066346 0.658046 0.060577 0.662356 0.062500 0.665948 0.067308 0.667385 0.075000 0.661638 0.090385 0.650862 0.099038 0.640805 0.102885
0 0.727011 0.643269 0.719828 0.641346 0.713362 0.630769 0.716236 0.607692 0.732759 0.577885 0.739943 0.572115 0.748563 0.572115 0.753592 0.582692 0.752155 0.607692 0.749282 0.619231 0.738506 0.637500 0.727011 0.643269
0 0.400144 0.998077 0.398707 0.976923 0.403736 0.970192 0.415230 0.970192 0.420977 0.974038 0.428879 0.984615 0.430316 0.998077
0 0.909483 0.947115 0.897989 0.945192 0.891523 0.936538 0.891523 0.930769 0.904454 0.900000 0.912356 0.889423 0.918103 0.889423 0.930316 0.901923 0.933190 0.911538 0.933190 0.926923 0.920977 0.941346 0.909483 0.947115
0 0.288793 0.443269 0.280172 0.443269 0.272270 0.434615 0.273707 0.415385 0.283046 0.400962 0.298851 0.399038 0.304598 0.393269 0.316810 0.411538 0.316810 0.426923 0.304598 0.439423 0.288793 0.443269
0 0.469828 0.214423 0.443966 0.208654 0.430316 0.194231 0.426006 0.184615 0.426006 0.173077 0.436782 0.156731 0.455460 0.156731 0.466954 0.162500 0.473420 0.169231 0.480603 0.182692 0.483477 0.200000 0.478448 0.210577 0.469828 0.214423
0 0.058908 0.339423 0.048851 0.339423 0.043822 0.332692 0.043822 0.321154 0.051006 0.298077 0.061782 0.283654 0.071839 0.279808 0.079741 0.290385 0.079741 0.307692 0.072557 0.323077 0.058908 0.339423
0 0.945402 0.202885 0.934626 0.192308 0.934626 0.176923 0.949713 0.156731 0.964080 0.149038 0.969828 0.150962 0.977730 0.165385 0.974856 0.180769 0.966954 0.193269 0.945402 0.202885
0 0.354885 0.262500 0.337644 0.260577 0.319684 0.244231 0.316810 0.234615 0.316810 0.223077 0.324713 0.210577 0.339080 0.208654 0.347701 0.212500 0.359914 0.226923 0.362787 0.236538 0.362787 0.253846 0.354885 0.262500
0 0.886494 0.825962 0.877155 0.825000 0.877155 0.817308 0.867098 0.796154 0.870690 0.789423 0.889368 0.789423 0.897270 0.798077 0.898707 0.815385 0.892241 0.824038 0.886494 0.825962
0 0.336207 0.799038 0.329023 0.799038 0.317529 0.783654 0.307471 0.783654 0.303161 0.777885 0.298851 0.777885 0.295259 0.765385 0.295259 0.751923 0.304598 0.737500 0.311782 0.735577 0.323276 0.725962 0.329023 0.725962 0.337644 0.716346 0.335489 0.726923 0.349138 0.745192 0.356322 0.747115 0.361351 0.753846 0.361351 0.767308 0.349138 0.789423 0.336207 0.799038
0 0.685345 0.537500 0.668103 0.533654 0.658046 0.525962 0.650144 0.515385 0.648707 0.503846 0.652299 0.499038 0.672414 0.493269 0.695402 0.506731 0.700431 0.513462 0.701868 0.523077 0.696839 0.531731 0.685345 0.537500
0 0.566810 0.998077 0.563937 0.990385 0.566810 0.976923 0.573276 0.968269 0.583333 0.962500 0.590517 0.964423 0.598420 0.975000 0.598420 0.982692 0.589799 0.998077
0 0.676724 0.093269 0.670977 0.093269 0.668822 0.090385 0.668822 0.086538 0.674569 0.078846 0.674569 0.073077 0.692529 0.056731 0.701149 0.052885 0.715517 0.052885 0.721264 0.056731 0.729167 0.069231 0.729167 0.076923 0.721264 0.087500 0.706897 0.089423 0.698276 0.085577 0.688218 0.085577 0.676724 0.093269
0 0.000000 0.700962 0.008621 0.691346 0.017241 0.689423 0.025144 0.698077 0.028017 0.709615 0.028017 0.719231 0.023707 0.730769 0.017241 0.739423 0.007184 0.743269 0.000000 0.735577
0 0.436782 0.581731 0.428161 0.581731 0.420977 0.577885 0.415948 0.569231 0.415948 0.559615 0.422414 0.545192 0.432471 0.539423 0.448276 0.541346 0.456178 0.551923 0.454741 0.565385 0.448276 0.574038 0.436782 0.581731
0 0.433908 0.743269 0.423132 0.742308 0.423132 0.734615 0.418822 0.728846 0.418822 0.709615 0.421695 0.700000 0.429598 0.689423 0.435345 0.685577 0.446839 0.685577 0.456178 0.696154 0.453305 0.723077 0.449713 0.729808 0.446839 0.729808 0.433908 0.743269
0 0.432471 0.847115 0.422414 0.845192 0.418822 0.838462 0.418822 0.832692 0.428879 0.809615 0.438218 0.797115 0.448276 0.793269 0.454741 0.800000 0.454741 0.811538 0.444684 0.834615 0.432471 0.847115
0 0.357759 0.749038 0.349138 0.745192 0.335489 0.726923 0.335489 0.723077 0.338362 0.715385 0.349138 0.702885 0.366379 0.699038 0.375718 0.711538 0.378592 0.726923 0.370690 0.741346 0.362069 0.743269 0.357759 0.749038
0 0.728448 0.735577 0.716954 0.733654 0.713362 0.726923 0.713362 0.713462 0.719109 0.694231 0.732759 0.675962 0.742816 0.668269 0.757184 0.670192 0.765086 0.682692 0.763649 0.696154 0.748563 0.720192 0.728448 0.735577
0 0.426724 0.281731 0.409483 0.279808 0.395833 0.263462 0.388649 0.242308 0.388649 0.226923 0.395115 0.218269 0.408046 0.216346 0.415230 0.220192 0.430316 0.240385 0.434626 0.255769 0.434626 0.271154 0.426724 0.281731
0 0.000000 0.225962 0.011494 0.210577 0.022989 0.212500 0.029454 0.225000 0.028017 0.240385 0.020115 0.250962 0.011494 0.254808 0.000000 0.250962
0 0.915230 0.470192 0.909483 0.468269 0.904454 0.461538 0.905891 0.446154 0.922414 0.424038 0.928161 0.420192 0.943966 0.422115 0.950431 0.432692 0.950431 0.440385 0.946121 0.450000 0.932471 0.456731 0.915230 0.470192
0 0.494253 0.400962 0.482759 0.399038 0.475575 0.393269 0.467672 0.380769 0.470546 0.365385 0.478448 0.352885 0.502874 0.352885 0.512213 0.363462 0.515086 0.371154 0.515086 0.380769 0.512213 0.388462 0.507184 0.395192 0.494253 0.400962
0 0.334052 0.998077 0.337644 0.993269 0.349138 0.987500 0.363506 0.987500 0.367098 0.992308 0.367098 0.998077
0 0.015086 0.998077 0.020115 0.989423 0.037356 0.977885 0.051724 0.981731 0.058190 0.990385 0.058190 0.998077
0 0.629310 0.568269 0.612069 0.568269 0.599138 0.560577 0.585489 0.540385 0.585489 0.519231 0.594828 0.510577 0.599138 0.510577 0.607759 0.512500 0.622126 0.524038 0.626437 0.524038 0.634339 0.534615 0.638649 0.548077 0.635776 0.561538 0.629310 0.568269
0 0.671695 0.998077 0.671695 0.986538 0.676006 0.976923 0.685345 0.964423 0.695402 0.960577 0.705460 0.964423 0.709052 0.973077 0.704741 0.992308 0.698994 0.998077
0 0.043103 0.783654 0.027299 0.783654 0.022270 0.775000 0.022270 0.757692 0.030172 0.743269 0.037356 0.743269 0.043103 0.739423 0.056034 0.720192 0.064655 0.718269 0.072557 0.726923 0.072557 0.744231 0.062500 0.763462 0.050287 0.779808 0.043103 0.783654
0 0.431034 0.483654 0.422414 0.483654 0.419540 0.479808 0.400862 0.479808 0.394397 0.473077 0.392960 0.465385 0.397989 0.456731 0.406609 0.450962 0.433908 0.452885 0.441810 0.461538 0.441810 0.469231 0.431034 0.483654
0 0.472701 0.952885 0.461207 0.949038 0.451868 0.930769 0.453305 0.913462 0.461207 0.902885 0.471264 0.902885 0.480603 0.917308 0.480603 0.938462 0.472701 0.952885
0 0.175287 0.374038 0.165230 0.374038 0.160201 0.367308 0.161638 0.342308 0.164511 0.334615 0.179598 0.314423 0.183908 0.310577 0.193966 0.308654 0.201868 0.317308 0.201868 0.334615 0.194684 0.351923 0.175287 0.374038
0 0.643678 0.197115 0.639368 0.197115 0.630029 0.188462 0.628592 0.176923 0.631466 0.167308 0.639368 0.154808 0.646552 0.149038 0.666667 0.149038 0.671695 0.157692 0.670259 0.175000 0.662356 0.187500 0.643678 0.197115
0 0.912356 0.877885 0.905172 0.877885 0.903017 0.875000 0.900144 0.853846 0.894397 0.840385 0.894397 0.826923 0.896552 0.824038 0.909483 0.824038 0.921695 0.840385 0.923132 0.863462 0.912356 0.877885
0 0.761494 0.843269 0.752874 0.843269 0.744971 0.834615 0.740661 0.823077 0.740661 0.805769 0.746408 0.790385 0.754310 0.779808 0.767241 0.777885 0.776580 0.790385 0.778017 0.807692 0.772270 0.828846 0.761494 0.843269
0 0.859195 0.293269 0.852011 0.293269 0.839799 0.269231 0.839799 0.238462 0.847701 0.225962 0.854885 0.225962 0.862787 0.236538 0.867098 0.251923 0.867098 0.275000 0.864224 0.286538 0.859195 0.293269
0 0.695402 0.249038 0.689655 0.247115 0.684626 0.240385 0.686063 0.203846 0.693966 0.189423 0.699713 0.185577 0.709770 0.185577 0.716236 0.196154 0.716236 0.213462 0.709052 0.225000 0.707615 0.236538 0.695402 0.249038
0 0.796695 0.998077 0.792385 0.986538 0.790948 0.971154 0.797414 0.958654 0.803161 0.958654 0.813937 0.969231 0.822557 0.984615 0.825431 0.998077
0 0.221264 0.712500 0.209770 0.712500 0.204023 0.708654 0.198994 0.700000 0.200431 0.686538 0.218391 0.666346 0.227011 0.662500 0.238506 0.664423 0.244971 0.673077 0.246408 0.686538 0.237069 0.702885 0.221264 0.712500
0 0.936782 0.312500 0.926724 0.310577 0.917385 0.300000 0.917385 0.284615 0.926724 0.270192 0.938218 0.260577 0.942529 0.260577 0.945402 0.256731 0.955460 0.258654 0.961925 0.269231 0.960489 0.290385 0.952586 0.302885 0.936782 0.312500
0 0.676724 0.431731 0.659483 0.429808 0.647989 0.424038 0.639368 0.410577 0.636494 0.410577 0.628592 0.400000 0.627155 0.388462 0.635057 0.379808 0.643678 0.377885 0.653736 0.379808 0.666667 0.387500 0.678879 0.401923 0.684626 0.413462 0.684626 0.423077 0.676724 0.431731
0 0.919540 0.416346 0.912356 0.416346 0.898707 0.403846 0.898707 0.390385 0.903017 0.375000 0.909483 0.368269 0.918103 0.368269 0.926006 0.378846 0.926006 0.403846 0.919540 0.416346
0 0.665230 0.466346 0.643678 0.466346 0.632184 0.458654 0.618534 0.440385 0.617098 0.430769 0.629310 0.418269 0.642241 0.422115 0.653736 0.429808 0.670259 0.450000 0.670259 0.459615 0.665230 0.466346
0 0.521552 0.829808 0.511494 0.827885 0.507902 0.821154 0.507902 0.809615 0.515805 0.795192 0.531609 0.781731 0.544540 0.775962 0.551724 0.777885 0.561063 0.786538 0.561063 0.794231 0.553161 0.804808 0.540230 0.812500 0.521552 0.829808
0 0.034483 0.550962 0.020115 0.550962 0.010776 0.534615 0.010776 0.525000 0.031609 0.487500 0.045977 0.487500 0.055316 0.509615 0.055316 0.526923 0.043103 0.547115 0.034483 0.550962
0 0.277299 0.950962 0.265805 0.950962 0.262213 0.946154 0.262213 0.940385 0.266523 0.934615 0.266523 0.921154 0.272270 0.907692 0.278736 0.899038 0.287356 0.897115 0.293103 0.889423 0.306034 0.891346 0.309626 0.896154 0.308190 0.909615 0.284483 0.947115 0.277299 0.950962
0 0.158046 0.483654 0.150862 0.481731 0.144397 0.475000 0.144397 0.451923 0.158046 0.435577 0.185345 0.429808 0.190374 0.438462 0.188937 0.450000 0.179598 0.460577 0.172414 0.464423 0.168822 0.473077 0.158046 0.483654
0 0.087644 0.158654 0.076149 0.156731 0.068247 0.144231 0.069684 0.134615 0.076149 0.125962 0.086207 0.120192 0.094828 0.120192 0.107759 0.125962 0.112787 0.132692 0.112787 0.142308 0.106322 0.150962 0.087644 0.158654
0 0.548851 0.691346 0.534483 0.691346 0.522989 0.687500 0.515086 0.680769 0.513649 0.671154 0.520115 0.660577 0.531609 0.652885 0.540230 0.650962 0.550287 0.654808 0.562500 0.667308 0.562500 0.676923 0.548851 0.691346
0 0.568966 0.768269 0.561782 0.768269 0.556753 0.759615 0.556753 0.748077 0.561063 0.732692 0.570402 0.718269 0.577586 0.712500 0.594828 0.710577 0.599856 0.717308 0.599856 0.730769 0.594109 0.748077 0.581897 0.762500 0.568966 0.768269
0 0.705460 0.308654 0.699713 0.306731 0.694684 0.300000 0.691810 0.282692 0.693247 0.269231 0.696121 0.265385 0.697557 0.255769 0.704023 0.247115 0.709770 0.243269 0.718391 0.243269 0.729167 0.253846 0.732040 0.273077 0.727730 0.282692 0.721264 0.287500 0.711207 0.304808 0.705460 0.308654
0 0.422414 0.787500 0.412356 0.787500 0.405172 0.781731 0.401580 0.775000 0.403017 0.761538 0.413793 0.747115 0.420977 0.743269 0.432471 0.743269 0.437500 0.751923 0.440374 0.767308 0.432471 0.781731 0.422414 0.787500
0 0.801724 0.429808 0.790230 0.427885 0.780891 0.417308 0.778017 0.409615 0.779454 0.382692 0.782328 0.375000 0.797414 0.356731 0.808908 0.358654 0.816810 0.369231 0.821121 0.386538 0.821121 0.403846 0.816810 0.415385 0.807471 0.427885 0.801724 0.429808
0 0.866379 0.831731 0.863506 0.831731 0.855603 0.819231 0.849856 0.803846 0.849856 0.798077 0.857759 0.789423 0.862069 0.789423 0.867098 0.794231 0.877155 0.817308 0.877155 0.825000 0.866379 0.831731
0 0.567529 0.927885 0.557471 0.927885 0.551724 0.924038 0.546695 0.915385 0.546695 0.905769 0.549569 0.898077 0.558908 0.887500 0.580460 0.885577 0.588362 0.894231 0.589799 0.903846 0.580460 0.920192 0.567529 0.927885
0 0.096983 0.998077 0.092672 0.986538 0.099856 0.967308 0.104885 0.960577 0.116379 0.952885 0.126437 0.952885 0.133621 0.956731 0.140086 0.965385 0.140086 0.976923 0.137213 0.984615 0.125718 0.998077
0 0.382184 0.914423 0.369253 0.910577 0.359914 0.900000 0.357040 0.886538 0.362069 0.875962 0.369253 0.872115 0.372126 0.875962 0.387931 0.877885 0.394397 0.884615 0.398707 0.894231 0.398707 0.903846 0.393678 0.910577 0.382184 0.914423
0 0.885776 0.998077 0.871408 0.976923 0.874282 0.961538 0.882184 0.954808 0.897989 0.954808 0.905172 0.960577 0.918822 0.978846 0.921695 0.988462 0.920259 0.998077
