0 0.988281 0.455078 0.953125 0.455078 0.945312 0.447266 0.921875 0.451172 0.912109 0.441406 0.912109 0.371094 0.937500 0.341797 0.960938 0.345703 0.978516 0.359375 0.974609 0.402344 0.994141 0.425781 0.994141 0.449219 0.988281 0.455078
0 0.996094 0.162109 0.980469 0.162109 0.974609 0.156250 0.982422 0.128906 0.996094 0.123047
0 0.511719 0.330078 0.503906 0.330078 0.486328 0.312500 0.482422 0.273438 0.507812 0.248047 0.539062 0.248047 0.556641 0.261719 0.552734 0.304688 0.542969 0.318359 0.519531 0.322266 0.511719 0.330078
0 0.675781 0.873047 0.644531 0.869141 0.638672 0.851562 0.619141 0.839844 0.619141 0.828125 0.656250 0.787109 0.667969 0.787109 0.679688 0.775391 0.707031 0.767578 0.716797 0.796875 0.712891 0.855469 0.703125 0.865234 0.683594 0.865234 0.675781 0.873047
0 0.734375 0.712891 0.707031 0.712891 0.697266 0.703125 0.697266 0.691406 0.685547 0.671875 0.699219 0.654297 0.742188 0.642578 0.755859 0.656250 0.755859 0.679688 0.748047 0.699219 0.734375 0.712891
0 0.867188 0.779297 0.855469 0.779297 0.833984 0.765625 0.830078 0.730469 0.843750 0.712891 0.859375 0.705078 0.878906 0.705078 0.900391 0.718750 0.900391 0.734375 0.912109 0.753906 0.886719 0.775391 0.867188 0.779297
0 0.398438 0.658203 0.375000 0.658203 0.349609 0.640625 0.357422 0.597656 0.371094 0.587891 0.386719 0.587891 0.410156 0.599609 0.419922 0.613281 0.416016 0.636719 0.398438 0.658203
0 0.355469 0.525391 0.324219 0.525391 0.302734 0.503906 0.302734 0.464844 0.324219 0.447266 0.347656 0.443359 0.369141 0.453125 0.380859 0.500000 0.376953 0.511719 0.355469 0.525391
0 0.230469 0.478516 0.191406 0.478516 0.177734 0.468750 0.169922 0.425781 0.183594 0.408203 0.222656 0.400391 0.248047 0.425781 0.248047 0.460938 0.230469 0.478516
0 0.675781 0.408203 0.656250 0.408203 0.634766 0.378906 0.634766 0.371094 0.664062 0.330078 0.679688 0.333984 0.705078 0.359375 0.701172 0.386719 0.675781 0.408203
0 0.960938 0.783203 0.937500 0.783203 0.904297 0.742188 0.941406 0.705078 0.968750 0.712891 0.994141 0.730469 0.990234 0.757812 0.960938 0.783203
0 0.785156 0.853516 0.761719 0.849609 0.750000 0.837891 0.712891 0.847656 0.712891 0.789062 0.728516 0.777344 0.734375 0.759766 0.746094 0.759766 0.765625 0.771484 0.789062 0.771484 0.810547 0.792969 0.818359 0.808594 0.814453 0.835938 0.785156 0.853516
0 0.917969 0.931641 0.890625 0.931641 0.871094 0.923828 0.849609 0.890625 0.849609 0.878906 0.882812 0.841797 0.929688 0.841797 0.958984 0.871094 0.958984 0.890625 0.951172 0.906250 0.917969 0.931641
0 0.800781 0.458984 0.777344 0.455078 0.748047 0.414062 0.748047 0.398438 0.757812 0.388672 0.792969 0.380859 0.818359 0.394531 0.826172 0.410156 0.826172 0.433594 0.800781 0.458984
0 0.503906 0.611328 0.472656 0.611328 0.466797 0.605469 0.455078 0.585938 0.455078 0.558594 0.500000 0.513672 0.531250 0.509766 0.552734 0.527344 0.552734 0.574219 0.503906 0.611328
0 0.978516 0.000000 0.957031 0.029297 0.925781 0.029297 0.894531 0.009766 0.888672 0.000000
0 0.726562 0.544922 0.695312 0.537109 0.677734 0.519531 0.681641 0.484375 0.710938 0.466797 0.742188 0.478516 0.755859 0.503906 0.755859 0.515625 0.726562 0.544922
0 0.740234 0.996094 0.740234 0.957031 0.757812 0.947266 0.785156 0.947266 0.802734 0.960938 0.802734 0.996094
0 0.589844 0.470703 0.562500 0.470703 0.544922 0.453125 0.544922 0.433594 0.566406 0.412109 0.597656 0.408203 0.611328 0.421875 0.611328 0.445312 0.589844 0.470703
0 0.996094 0.630859 0.976562 0.630859 0.953125 0.619141 0.935547 0.597656 0.947266 0.566406 0.960938 0.552734 0.996094 0.556641
0 0.449219 0.435547 0.425781 0.435547 0.402344 0.423828 0.392578 0.406250 0.392578 0.382812 0.400391 0.367188 0.425781 0.349609 0.453125 0.349609 0.474609 0.363281 0.466797 0.410156 0.449219 0.435547
0 0.628906 0.666016 0.617188 0.666016 0.601562 0.654297 0.580078 0.632812 0.580078 0.617188 0.628906 0.595703 0.640625 0.583984 0.666016 0.609375 0.666016 0.625000 0.658203 0.644531 0.628906 0.666016
0 0.884766 0.996094 0.888672 0.984375 0.910156 0.966797 0.937500 0.970703 0.955078 0.988281 0.955078 0.996094
0 0.593750 0.990234 0.570312 0.990234 0.560547 0.976562 0.560547 0.949219 0.574219 0.935547 0.609375 0.939453 0.626953 0.957031 0.626953 0.968750 0.593750 0.990234
0 0.585938 0.615234 0.572266 0.609375 0.564453 0.570312 0.585938 0.548828 0.597656 0.544922 0.628906 0.548828 0.634766 0.554688 0.638672 0.585938 0.585938 0.615234
0 0.652344 0.767578 0.638672 0.761719 0.646484 0.742188 0.630859 0.726562 0.626953 0.707031 0.644531 0.697266 0.667969 0.697266 0.701172 0.722656 0.705078 0.746094 0.695312 0.755859 0.652344 0.767578
0 0.515625 0.740234 0.492188 0.740234 0.460938 0.724609 0.447266 0.710938 0.447266 0.683594 0.476562 0.654297 0.500000 0.650391 0.519531 0.658203 0.548828 0.695312 0.548828 0.707031 0.533203 0.722656 0.533203 0.730469 0.515625 0.740234
0 0.605469 0.775391 0.585938 0.767578 0.564453 0.734375 0.560547 0.710938 0.578125 0.693359 0.625000 0.705078 0.630859 0.726562 0.646484 0.742188 0.636719 0.763672 0.605469 0.775391
0 0.230469 0.365234 0.218750 0.365234 0.201172 0.347656 0.193359 0.332031 0.197266 0.308594 0.214844 0.291016 0.250000 0.291016 0.263672 0.304688 0.267578 0.328125 0.263672 0.339844 0.242188 0.361328 0.230469 0.365234
0 0.699219 0.970703 0.671875 0.966797 0.648438 0.955078 0.634766 0.941406 0.611328 0.894531 0.652344 0.869141 0.675781 0.873047 0.687500 0.865234 0.691406 0.876953 0.716797 0.894531 0.724609 0.917969 0.724609 0.945312 0.699219 0.970703
