0 0.814453 0.996094 0.818359 0.976562 0.835938 0.970703 0.863281 0.982422 0.873047 0.996094
0 0.759766 0.000000 0.767578 0.003906 0.767578 0.015625 0.753906 0.037109 0.734375 0.052734 0.707031 0.052734 0.697266 0.046875 0.697266 0.023438 0.720703 0.000000
0 0.503906 0.150391 0.476562 0.150391 0.466797 0.140625 0.470703 0.117188 0.484375 0.107422 0.500000 0.107422 0.517578 0.121094 0.517578 0.136719 0.503906 0.150391
0 0.628906 0.197266 0.601562 0.197266 0.595703 0.191406 0.599609 0.164062 0.621094 0.142578 0.648438 0.138672 0.658203 0.148438 0.658203 0.171875 0.648438 0.185547 0.628906 0.197266
0 0.589844 0.705078 0.574219 0.705078 0.564453 0.695312 0.564453 0.671875 0.572266 0.656250 0.593750 0.642578 0.611328 0.648438 0.611328 0.675781 0.599609 0.699219 0.589844 0.705078
0 0.335938 0.294922 0.320312 0.294922 0.310547 0.285156 0.310547 0.242188 0.324219 0.220703 0.335938 0.220703 0.345703 0.238281 0.345703 0.281250 0.335938 0.294922
0 0.796875 0.736328 0.777344 0.732422 0.771484 0.710938 0.781250 0.697266 0.808594 0.693359 0.810547 0.722656 0.796875 0.736328
0 0.742188 0.513672 0.710938 0.513672 0.697266 0.503906 0.697266 0.468750 0.707031 0.458984 0.742188 0.451172 0.759766 0.464844 0.759766 0.496094 0.742188 0.513672
0 0.996094 0.861328 0.992188 0.876953 0.968750 0.873047 0.943359 0.855469 0.943359 0.835938 0.957031 0.818359 0.976562 0.814453 0.996094 0.841797
0 0.878906 0.732422 0.859375 0.732422 0.857422 0.714844 0.871094 0.712891 0.880859 0.722656 0.878906 0.732422
0 0.269531 0.701172 0.250000 0.701172 0.234375 0.689453 0.232422 0.664062 0.253906 0.630859 0.277344 0.615234 0.289062 0.615234 0.300781 0.626953 0.318359 0.632812 0.318359 0.660156 0.308594 0.677734 0.269531 0.701172
0 0.832031 0.724609 0.816406 0.724609 0.810547 0.718750 0.810547 0.691406 0.820312 0.685547 0.839844 0.685547 0.845703 0.695312 0.845703 0.710938 0.832031 0.724609
0 0.441406 0.455078 0.406250 0.455078 0.392578 0.445312 0.392578 0.414062 0.402344 0.400391 0.429688 0.400391 0.455078 0.417969 0.455078 0.437500 0.441406 0.455078
