0 0.619444 0.879167 0.594444 0.879167 0.563889 0.868056 0.526389 0.830556 0.501389 0.780556 0.504167 0.738889 0.527778 0.715278 0.561111 0.698611 0.594444 0.704167 0.633333 0.723611 0.662500 0.750000 0.673611 0.772222 0.670833 0.816667 0.662500 0.836111 0.651389 0.855556 0.633333 0.873611 0.619444 0.879167
0 0.591667 0.670833 0.541667 0.670833 0.497222 0.645833 0.488889 0.645833 0.459722 0.619444 0.459722 0.569444 0.468056 0.552778 0.483333 0.537500 0.519444 0.529167 0.541667 0.534722 0.597222 0.531944 0.630556 0.545833 0.643056 0.558333 0.643056 0.602778 0.637500 0.608333 0.626389 0.644444 0.619444 0.656944 0.591667 0.670833
0 0.798611 0.997222 0.798611 0.969444 0.813889 0.956944 0.833333 0.948611 0.872222 0.948611 0.900000 0.962500 0.915278 0.977778 0.920833 0.997222
0 0.602778 0.395833 0.544444 0.395833 0.526389 0.377778 0.523611 0.336111 0.558333 0.290278 0.588889 0.287500 0.627778 0.295833 0.636111 0.301389 0.655556 0.301389 0.666667 0.306944 0.679167 0.322222 0.679167 0.361111 0.669444 0.370833 0.636111 0.390278 0.616667 0.390278 0.602778 0.395833
0 0.844444 0.934722 0.825000 0.934722 0.769444 0.912500 0.741667 0.909722 0.711111 0.893056 0.695833 0.875000 0.693056 0.858333 0.681944 0.836111 0.681944 0.813889 0.690278 0.794444 0.702778 0.781944 0.725000 0.770833 0.786111 0.768056 0.800000 0.776389 0.818056 0.797222 0.834722 0.830556 0.870833 0.872222 0.873611 0.908333 0.858333 0.929167 0.844444 0.934722
0 0.752778 0.281944 0.705556 0.276389 0.650000 0.243056 0.636111 0.240278 0.605556 0.223611 0.590278 0.208333 0.584722 0.183333 0.584722 0.161111 0.590278 0.152778 0.611111 0.137500 0.644444 0.131944 0.677778 0.140278 0.766667 0.184722 0.795833 0.216667 0.795833 0.247222 0.783333 0.265278 0.752778 0.281944
0 0.870833 0.000000 0.875000 0.004167 0.908333 0.001389 0.922222 0.009722 0.934722 0.027778 0.937500 0.052778 0.927778 0.065278 0.894444 0.073611 0.872222 0.095833 0.858333 0.101389 0.833333 0.098611 0.805556 0.076389 0.784722 0.050000 0.784722 0.022222 0.798611 0.000000
0 0.327778 0.515278 0.280556 0.512500 0.263889 0.504167 0.251389 0.488889 0.248611 0.466667 0.254167 0.444444 0.259722 0.433333 0.280556 0.412500 0.308333 0.395833 0.330556 0.390278 0.377778 0.390278 0.394444 0.398611 0.413889 0.401389 0.448611 0.422222 0.454167 0.433333 0.454167 0.458333 0.433333 0.484722 0.416667 0.493056 0.394444 0.495833 0.380556 0.504167 0.366667 0.504167 0.327778 0.515278
0 0.000000 0.018056 0.018056 0.036111 0.018056 0.044444 0.037500 0.069444 0.043056 0.086111 0.040278 0.105556 0.030556 0.118056 0.013889 0.126389 0.000000 0.123611
0 0.997222 0.190278 0.975000 0.184722 0.956944 0.158333 0.956944 0.138889 0.980556 0.115278 0.997222 0.106944
0 0.372222 0.804167 0.338889 0.801389 0.326389 0.791667 0.319444 0.779167 0.283333 0.776389 0.268056 0.761111 0.254167 0.736111 0.248611 0.702778 0.251389 0.683333 0.266667 0.665278 0.294444 0.654167 0.325000 0.656944 0.358333 0.676389 0.366667 0.676389 0.388889 0.687500 0.402778 0.687500 0.429167 0.708333 0.437500 0.730556 0.437500 0.747222 0.429167 0.763889 0.400000 0.793056 0.372222 0.804167
0 0.997222 0.670833 0.958333 0.679167 0.911111 0.668056 0.887500 0.647222 0.881944 0.625000 0.887500 0.602778 0.902778 0.584722 0.919444 0.573611 0.947222 0.570833 0.955556 0.562500 0.966667 0.559722 0.997222 0.559722
0 0.937500 0.997222 0.969444 0.962500 0.997222 0.945833
0 0.105556 0.815278 0.061111 0.812500 0.029167 0.788889 0.023611 0.777778 0.023611 0.755556 0.031944 0.736111 0.077778 0.701389 0.105556 0.690278 0.150000 0.690278 0.194444 0.698611 0.212500 0.716667 0.215278 0.725000 0.215278 0.738889 0.195833 0.761111 0.195833 0.766667 0.105556 0.815278
0 0.997222 0.284722 0.987500 0.280556 0.965278 0.244444 0.970833 0.225000 0.986111 0.209722 0.997222 0.209722
0 0.488889 0.359722 0.416667 0.354167 0.383333 0.340278 0.370833 0.327778 0.359722 0.305556 0.368056 0.266667 0.391667 0.245833 0.422222 0.245833 0.427778 0.251389 0.438889 0.251389 0.450000 0.240278 0.486111 0.240278 0.508333 0.251389 0.526389 0.277778 0.529167 0.300000 0.518056 0.333333 0.488889 0.359722
0 0.673611 0.000000 0.650000 0.009722 0.622222 0.006944 0.612500 0.000000
0 0.000000 0.356944 0.019444 0.343056 0.030556 0.340278 0.063889 0.343056 0.083333 0.365278 0.106944 0.377778 0.115278 0.400000 0.115278 0.422222 0.102778 0.437500 0.077778 0.454167 0.063889 0.454167 0.052778 0.459722 0.016667 0.498611 0.000000 0.504167
0 0.177778 0.965278 0.155556 0.965278 0.141667 0.959722 0.126389 0.941667 0.126389 0.900000 0.134722 0.883333 0.152778 0.868056 0.213889 0.870833 0.230556 0.868056 0.250000 0.856944 0.275000 0.856944 0.284722 0.866667 0.293056 0.891667 0.290278 0.905556 0.262500 0.941667 0.236111 0.954167 0.202778 0.954167 0.177778 0.965278
0 0.240278 0.997222 0.237500 0.988889 0.254167 0.972222 0.254167 0.952778 0.276389 0.919444 0.305556 0.901389 0.336111 0.901389 0.356944 0.922222 0.356944 0.950000 0.331944 0.997222
0 0.997222 0.473611 0.925000 0.495833 0.919444 0.501389 0.880556 0.501389 0.869444 0.495833 0.854167 0.475000 0.848611 0.444444 0.856944 0.416667 0.880556 0.395833 0.902778 0.390278 0.927778 0.393056 0.950000 0.384722 0.997222 0.387500
0 0.390278 0.000000 0.393056 0.027778 0.377778 0.045833 0.366667 0.051389 0.325000 0.051389 0.297222 0.045833 0.286111 0.037500 0.277778 0.037500 0.269444 0.029167 0.227778 0.020833 0.190278 0.000000
0 0.169444 0.387500 0.133333 0.387500 0.083333 0.365278 0.034722 0.316667 0.034722 0.305556 0.029167 0.297222 0.029167 0.277778 0.034722 0.261111 0.063889 0.243056 0.108333 0.240278 0.130556 0.245833 0.180556 0.273611 0.201389 0.294444 0.204167 0.336111 0.181944 0.375000 0.169444 0.387500
0 0.708333 0.720833 0.680556 0.720833 0.650000 0.712500 0.620833 0.680556 0.620833 0.652778 0.637500 0.608333 0.662500 0.575000 0.694444 0.545833 0.730556 0.540278 0.763889 0.551389 0.781944 0.566667 0.784722 0.597222 0.759722 0.641667 0.748611 0.686111 0.708333 0.720833
