0 0.535920 0.514423 0.515805 0.512500 0.482759 0.491346 0.470546 0.475000 0.469109 0.461538 0.474138 0.456731 0.479885 0.456731 0.527299 0.483654 0.540948 0.501923 0.540948 0.507692 0.535920 0.514423
0 0.758621 0.697115 0.747126 0.693269 0.742098 0.684615 0.737787 0.650000 0.751437 0.643269 0.757184 0.643269 0.761494 0.649038 0.764368 0.641346 0.772989 0.639423 0.778736 0.631731 0.800287 0.633654 0.803879 0.638462 0.805316 0.663462 0.800287 0.670192 0.781609 0.679808 0.765805 0.695192 0.758621 0.697115
0 0.524425 0.918269 0.505747 0.914423 0.497845 0.900000 0.497845 0.886538 0.504310 0.879808 0.517241 0.877885 0.537356 0.889423 0.553161 0.891346 0.561063 0.901923 0.561063 0.909615 0.554598 0.916346 0.547414 0.916346 0.535920 0.910577 0.524425 0.918269
0 0.702586 0.237500 0.698276 0.237500 0.690374 0.225000 0.690374 0.211538 0.697557 0.198077 0.704023 0.189423 0.709770 0.187500 0.728448 0.189423 0.732040 0.194231 0.734914 0.209615 0.733477 0.226923 0.728448 0.231731 0.724138 0.231731 0.716954 0.224038 0.712644 0.224038 0.702586 0.237500
0 0.393678 0.649038 0.382184 0.645192 0.368534 0.628846 0.361351 0.613462 0.361351 0.592308 0.365661 0.580769 0.375000 0.572115 0.386494 0.572115 0.395115 0.577885 0.410201 0.600000 0.415948 0.617308 0.413075 0.636538 0.406609 0.645192 0.393678 0.649038
0 0.857759 0.395192 0.844828 0.393269 0.827586 0.385577 0.819684 0.375000 0.818247 0.361538 0.827586 0.349038 0.834770 0.349038 0.839080 0.345192 0.856322 0.345192 0.864224 0.355769 0.867098 0.365385 0.865661 0.384615 0.857759 0.395192
0 0.127874 0.383654 0.119253 0.381731 0.114224 0.376923 0.111351 0.369231 0.114224 0.353846 0.123563 0.341346 0.137931 0.333654 0.147989 0.322115 0.155172 0.324038 0.158764 0.330769 0.157328 0.350000 0.145115 0.372115 0.127874 0.383654
0 0.034483 0.604808 0.022989 0.604808 0.013649 0.594231 0.006466 0.563462 0.007902 0.548077 0.012213 0.534615 0.024425 0.525962 0.034483 0.529808 0.042385 0.540385 0.049569 0.563462 0.048132 0.584615 0.045259 0.592308 0.034483 0.604808
0 0.790230 0.197115 0.781609 0.195192 0.772270 0.182692 0.759339 0.142308 0.759339 0.119231 0.762213 0.109615 0.768678 0.100962 0.780172 0.102885 0.789511 0.119231 0.788075 0.126923 0.792385 0.144231 0.793822 0.165385 0.798132 0.176923 0.796695 0.190385 0.790230 0.197115
0 0.775862 0.977885 0.752874 0.975962 0.744971 0.967308 0.743534 0.959615 0.755747 0.943269 0.768678 0.943269 0.783046 0.949038 0.789511 0.955769 0.790948 0.969231 0.787356 0.974038 0.775862 0.977885
0 0.294540 0.749038 0.280172 0.749038 0.260057 0.737500 0.255029 0.730769 0.253592 0.721154 0.260057 0.710577 0.274425 0.704808 0.288793 0.704808 0.301724 0.710577 0.309626 0.719231 0.311063 0.732692 0.306034 0.741346 0.294540 0.749038
0 0.056034 0.097115 0.044540 0.093269 0.032328 0.075000 0.029454 0.065385 0.029454 0.046154 0.035920 0.033654 0.044540 0.031731 0.056034 0.039423 0.068247 0.063462 0.068247 0.076923 0.065374 0.088462 0.056034 0.097115
0 0.323276 0.679808 0.313218 0.677885 0.305316 0.667308 0.302443 0.657692 0.302443 0.632692 0.309626 0.596154 0.320402 0.583654 0.330460 0.581731 0.335489 0.586538 0.338362 0.594231 0.334052 0.638462 0.336925 0.650000 0.332615 0.673077 0.323276 0.679808
0 0.418103 0.525962 0.408046 0.525962 0.399425 0.522115 0.387931 0.514423 0.382902 0.507692 0.372845 0.480769 0.372845 0.461538 0.376437 0.456731 0.385057 0.456731 0.406609 0.466346 0.415948 0.478846 0.426006 0.505769 0.424569 0.519231 0.418103 0.525962
0 0.860632 0.183654 0.850575 0.181731 0.841236 0.165385 0.841236 0.125000 0.844109 0.111538 0.853448 0.102885 0.870690 0.106731 0.881466 0.123077 0.884339 0.132692 0.884339 0.148077 0.881466 0.155769 0.877874 0.160577 0.873563 0.160577 0.860632 0.183654
0 0.943966 0.164423 0.935345 0.162500 0.927443 0.151923 0.923132 0.132692 0.923132 0.113462 0.926006 0.098077 0.934626 0.075000 0.939655 0.068269 0.949713 0.066346 0.954023 0.068269 0.963362 0.084615 0.963362 0.105769 0.956178 0.121154 0.956178 0.150000 0.948276 0.162500 0.943966 0.164423
0 0.636494 0.545192 0.625000 0.545192 0.609195 0.537500 0.600575 0.529808 0.596264 0.529808 0.585489 0.513462 0.584052 0.505769 0.590517 0.497115 0.604885 0.493269 0.613506 0.493269 0.626437 0.499038 0.642960 0.521154 0.644397 0.534615 0.636494 0.545192
0 0.050287 0.695192 0.038793 0.695192 0.032328 0.688462 0.032328 0.678846 0.036638 0.663462 0.050287 0.645192 0.070402 0.629808 0.081897 0.625962 0.091954 0.625962 0.104167 0.634615 0.108477 0.644231 0.108477 0.655769 0.099138 0.674038 0.083333 0.683654 0.050287 0.695192
0 0.869253 0.524038 0.852011 0.524038 0.841954 0.520192 0.826149 0.508654 0.812500 0.486538 0.812500 0.459615 0.821839 0.450962 0.834770 0.449038 0.866379 0.470192 0.872845 0.478846 0.878592 0.496154 0.878592 0.511538 0.869253 0.524038
0 0.620690 0.633654 0.591954 0.633654 0.584770 0.629808 0.575431 0.617308 0.575431 0.607692 0.580460 0.599038 0.596264 0.591346 0.606322 0.589423 0.622126 0.593269 0.635776 0.605769 0.637213 0.615385 0.627874 0.629808 0.620690 0.633654
0 0.000000 0.302885 0.024425 0.306731 0.031609 0.312500 0.039511 0.325000 0.039511 0.336538 0.030172 0.347115 0.022989 0.350962 0.000000 0.349038
0 0.755029 0.000000 0.757902 0.005769 0.755029 0.023077 0.756466 0.028846 0.750000 0.037500 0.742816 0.037500 0.733477 0.026923 0.727730 0.000000
0 0.061063 0.998077 0.056753 0.986538 0.045259 0.969231 0.045259 0.948077 0.051724 0.939423 0.057471 0.939423 0.068247 0.946154 0.068247 0.950000 0.092672 0.992308 0.092672 0.998077
0 0.843391 0.337500 0.829023 0.335577 0.815374 0.313462 0.815374 0.300000 0.824713 0.285577 0.834770 0.285577 0.841954 0.289423 0.850575 0.285577 0.861351 0.300000 0.861351 0.315385 0.858477 0.326923 0.853448 0.333654 0.843391 0.337500
0 0.693966 0.462500 0.678161 0.460577 0.670977 0.454808 0.664511 0.444231 0.664511 0.434615 0.668822 0.423077 0.678161 0.410577 0.685345 0.406731 0.706897 0.408654 0.716236 0.419231 0.717672 0.426923 0.714799 0.448077 0.711207 0.452885 0.706897 0.452885 0.693966 0.462500
0 0.054598 0.868269 0.044540 0.868269 0.038075 0.859615 0.036638 0.819231 0.040948 0.800000 0.050287 0.787500 0.060345 0.785577 0.073994 0.798077 0.076868 0.807692 0.076868 0.825000 0.071121 0.850000 0.058908 0.866346 0.054598 0.868269
0 0.188937 0.998077 0.191810 0.984615 0.201149 0.970192 0.206897 0.970192 0.216236 0.980769 0.219109 0.988462 0.219109 0.998077
0 0.308908 0.416346 0.300287 0.416346 0.292385 0.403846 0.292385 0.388462 0.298132 0.373077 0.298132 0.365385 0.301006 0.357692 0.313218 0.343269 0.331897 0.341346 0.339799 0.355769 0.338362 0.378846 0.324713 0.402885 0.308908 0.416346
0 0.867816 0.739423 0.856322 0.739423 0.851293 0.734615 0.848420 0.726923 0.848420 0.707692 0.854167 0.686538 0.863506 0.674038 0.875000 0.670192 0.882902 0.678846 0.885776 0.686538 0.887213 0.705769 0.877155 0.730769 0.867816 0.739423
0 0.755747 0.891346 0.741379 0.889423 0.724856 0.869231 0.726293 0.855769 0.731322 0.849038 0.737069 0.849038 0.762931 0.860577 0.772270 0.873077 0.773707 0.880769 0.771552 0.883654 0.755747 0.891346
0 0.797414 0.802885 0.791667 0.802885 0.787356 0.799038 0.780172 0.787500 0.772270 0.780769 0.770833 0.775000 0.772270 0.759615 0.788793 0.747115 0.810345 0.750962 0.816810 0.761538 0.815374 0.775000 0.806753 0.792308 0.797414 0.802885
0 0.076868 0.000000 0.074713 0.006731 0.064655 0.014423 0.050287 0.012500 0.042385 0.000000
0 0.000000 0.866346 0.008621 0.866346 0.013649 0.875000 0.015086 0.884615 0.012213 0.936538 0.007902 0.950000 0.000000 0.958654
0 0.889368 0.993269 0.872126 0.989423 0.856322 0.977885 0.838362 0.953846 0.854885 0.937500 0.867816 0.939423 0.882184 0.947115 0.895833 0.961538 0.900144 0.973077 0.900144 0.978846 0.895833 0.988462 0.889368 0.993269
0 0.912356 0.843269 0.906609 0.843269 0.897270 0.832692 0.898707 0.813462 0.909483 0.797115 0.916667 0.791346 0.925287 0.787500 0.936782 0.791346 0.943247 0.800000 0.943247 0.813462 0.940374 0.821154 0.928161 0.835577 0.912356 0.843269
0 0.900862 0.316346 0.896552 0.316346 0.888649 0.305769 0.884339 0.282692 0.885776 0.255769 0.888649 0.248077 0.895115 0.241346 0.902299 0.241346 0.907328 0.248077 0.911638 0.255769 0.914511 0.269231 0.913075 0.298077 0.908764 0.309615 0.900862 0.316346
0 0.673851 0.768269 0.666667 0.768269 0.653736 0.760577 0.645833 0.748077 0.642960 0.736538 0.647270 0.709615 0.660920 0.695192 0.670977 0.695192 0.688218 0.702885 0.696121 0.713462 0.700431 0.725000 0.698994 0.744231 0.686782 0.760577 0.673851 0.768269
0 0.702586 0.174038 0.689655 0.174038 0.687500 0.171154 0.687500 0.159615 0.696121 0.132692 0.697557 0.111538 0.702586 0.102885 0.708333 0.100962 0.714799 0.107692 0.717672 0.126923 0.720546 0.132692 0.720546 0.144231 0.716236 0.157692 0.702586 0.174038
0 0.885057 0.102885 0.873563 0.100962 0.864224 0.088462 0.859914 0.076923 0.857040 0.053846 0.858477 0.038462 0.862069 0.033654 0.870690 0.031731 0.879310 0.041346 0.886494 0.041346 0.895833 0.059615 0.895833 0.084615 0.885057 0.102885
0 0.000000 0.029808 0.011494 0.033654 0.017960 0.042308 0.023707 0.057692 0.028017 0.080769 0.028017 0.096154 0.022989 0.106731 0.014368 0.112500 0.000000 0.110577
0 0.560345 0.899038 0.553161 0.891346 0.537356 0.889423 0.522989 0.879808 0.518678 0.879808 0.519397 0.873077 0.516523 0.869231 0.517960 0.855769 0.527299 0.847115 0.537356 0.847115 0.548851 0.854808 0.568966 0.860577 0.576868 0.875000 0.575431 0.886538 0.570402 0.893269 0.563218 0.895192 0.560345 0.899038
0 0.000000 0.224038 0.022989 0.237500 0.029454 0.246154 0.033764 0.255769 0.033764 0.271154 0.027299 0.277885 0.014368 0.277885 0.000000 0.266346
0 0.525862 0.668269 0.512931 0.668269 0.494971 0.644231 0.493534 0.630769 0.500000 0.616346 0.505747 0.612500 0.517241 0.612500 0.528736 0.616346 0.536638 0.625000 0.539511 0.630769 0.539511 0.648077 0.538075 0.653846 0.525862 0.668269
0 0.285201 0.998077 0.285201 0.980769 0.296695 0.955769 0.308908 0.939423 0.317529 0.933654 0.326149 0.933654 0.331178 0.938462 0.334052 0.950000 0.328305 0.975000 0.319684 0.990385 0.319684 0.998077
0 0.264368 0.949038 0.257184 0.949038 0.246408 0.938462 0.240661 0.926923 0.239224 0.900000 0.243534 0.886538 0.261494 0.866346 0.275862 0.864423 0.281609 0.868269 0.290948 0.884615 0.290948 0.911538 0.282328 0.932692 0.274425 0.943269 0.264368 0.949038
0 0.436782 0.741346 0.420977 0.741346 0.409483 0.735577 0.403017 0.725000 0.404454 0.707692 0.416667 0.697115 0.441092 0.687500 0.456897 0.687500 0.465517 0.691346 0.471983 0.698077 0.474856 0.705769 0.474856 0.717308 0.466954 0.727885 0.436782 0.741346
0 0.409483 0.852885 0.392241 0.852885 0.369253 0.841346 0.358477 0.825000 0.358477 0.805769 0.364943 0.797115 0.382184 0.795192 0.396552 0.799038 0.415230 0.810577 0.424569 0.825000 0.424569 0.838462 0.418103 0.849038 0.409483 0.852885
0 0.196839 0.806731 0.166667 0.800962 0.157328 0.786538 0.158764 0.763462 0.169540 0.745192 0.173851 0.745192 0.181034 0.737500 0.192529 0.737500 0.202586 0.745192 0.210489 0.755769 0.210489 0.794231 0.196839 0.806731
0 0.087644 0.243269 0.080460 0.243269 0.068966 0.235577 0.052443 0.209615 0.052443 0.182692 0.055316 0.173077 0.061782 0.166346 0.068966 0.164423 0.084770 0.174038 0.101293 0.201923 0.104167 0.211538 0.104167 0.225000 0.093391 0.239423 0.087644 0.243269
0 0.235632 0.341346 0.225575 0.341346 0.221983 0.336538 0.220546 0.323077 0.223420 0.315385 0.234914 0.296154 0.247126 0.281731 0.261494 0.279808 0.265086 0.288462 0.263649 0.301923 0.252155 0.323077 0.235632 0.341346
0 0.195402 0.545192 0.188218 0.543269 0.181753 0.532692 0.178879 0.521154 0.180316 0.490385 0.190374 0.455769 0.204023 0.437500 0.211207 0.435577 0.218391 0.441346 0.223420 0.451923 0.221983 0.484615 0.217672 0.490385 0.217672 0.503846 0.210489 0.526923 0.199713 0.543269 0.195402 0.545192
0 0.998563 0.924038 0.989224 0.913462 0.987787 0.892308 0.992816 0.883654 0.998563 0.879808
0 0.951149 0.474038 0.939655 0.472115 0.934626 0.465385 0.934626 0.448077 0.941810 0.426923 0.954741 0.403846 0.959770 0.397115 0.969828 0.393269 0.976293 0.401923 0.976293 0.419231 0.971983 0.440385 0.963362 0.459615 0.951149 0.474038
0 0.061782 0.454808 0.053161 0.452885 0.039511 0.444231 0.043822 0.432692 0.035201 0.417308 0.035201 0.409615 0.038075 0.401923 0.043103 0.397115 0.068966 0.393269 0.079741 0.401923 0.081178 0.415385 0.073994 0.430769 0.073994 0.444231 0.067529 0.452885 0.061782 0.454808
0 0.814655 0.175962 0.806753 0.171154 0.798132 0.150000 0.796695 0.117308 0.808190 0.088462 0.816092 0.077885 0.821839 0.075962 0.832615 0.086538 0.836925 0.100000 0.835489 0.126923 0.831178 0.144231 0.832615 0.153846 0.820402 0.174038 0.814655 0.175962
0 0.678161 0.914423 0.669540 0.908654 0.652299 0.910577 0.647270 0.901923 0.648707 0.894231 0.660201 0.884615 0.660201 0.867308 0.668103 0.860577 0.679598 0.860577 0.686782 0.864423 0.696121 0.876923 0.693247 0.896154 0.682471 0.912500 0.678161 0.914423
0 0.313218 0.512500 0.303161 0.512500 0.290948 0.496154 0.290948 0.469231 0.294540 0.462500 0.300287 0.460577 0.304598 0.454808 0.308908 0.454808 0.314655 0.460577 0.325431 0.476923 0.321121 0.498077 0.313218 0.512500
0 0.747126 0.310577 0.738506 0.308654 0.734914 0.303846 0.733477 0.280769 0.744253 0.266346 0.752874 0.268269 0.757902 0.257692 0.768678 0.247115 0.773707 0.251923 0.780891 0.271154 0.778017 0.280769 0.778017 0.301923 0.771552 0.306731 0.768678 0.302885 0.755747 0.299038 0.747126 0.310577
0 0.751437 0.383654 0.745690 0.383654 0.737787 0.375000 0.737787 0.363462 0.729167 0.353846 0.730603 0.332692 0.738506 0.320192 0.748563 0.322115 0.754310 0.318269 0.762931 0.318269 0.765805 0.314423 0.772989 0.314423 0.778017 0.325000 0.778017 0.332692 0.766523 0.353846 0.763649 0.373077 0.751437 0.383654
0 0.300287 0.575962 0.290230 0.575962 0.283046 0.568269 0.275862 0.566346 0.270833 0.555769 0.273707 0.532692 0.283046 0.522115 0.291667 0.522115 0.297414 0.525962 0.309626 0.542308 0.306753 0.563462 0.300287 0.575962
0 0.156609 0.954808 0.150862 0.954808 0.136494 0.941346 0.118534 0.913462 0.115661 0.894231 0.125000 0.881731 0.132184 0.877885 0.149425 0.879808 0.170259 0.903846 0.173132 0.917308 0.173132 0.932692 0.167385 0.944231 0.156609 0.954808
0 0.739943 0.649038 0.735632 0.645192 0.729885 0.645192 0.721983 0.632692 0.720546 0.605769 0.724138 0.600962 0.737069 0.597115 0.747126 0.589423 0.752874 0.589423 0.764368 0.595192 0.782328 0.619231 0.782328 0.628846 0.772989 0.639423 0.758621 0.645192 0.744253 0.645192 0.739943 0.649038
0 0.719828 0.531731 0.695402 0.529808 0.688218 0.525962 0.681753 0.515385 0.683190 0.501923 0.689655 0.495192 0.706897 0.485577 0.721264 0.485577 0.731322 0.489423 0.736351 0.498077 0.734914 0.507692 0.730603 0.521154 0.719828 0.531731
0 0.129310 0.141346 0.122126 0.141346 0.109914 0.128846 0.108477 0.092308 0.112787 0.076923 0.125000 0.058654 0.136494 0.056731 0.144397 0.065385 0.147270 0.073077 0.147270 0.107692 0.138649 0.132692 0.129310 0.141346
0 0.590517 0.731731 0.580460 0.729808 0.572557 0.715385 0.572557 0.707692 0.555316 0.690385 0.553879 0.673077 0.561782 0.660577 0.576149 0.660577 0.585489 0.673077 0.585489 0.676923 0.601293 0.705769 0.604167 0.719231 0.596264 0.729808 0.590517 0.731731
0 0.000000 0.122115 0.005747 0.122115 0.017960 0.138462 0.017960 0.151923 0.000000 0.170192
0 0.224138 0.654808 0.212644 0.654808 0.204741 0.640385 0.204741 0.632692 0.228448 0.595192 0.242816 0.593269 0.250718 0.603846 0.249282 0.623077 0.235632 0.645192 0.224138 0.654808
0 0.537356 0.564423 0.517241 0.560577 0.492816 0.543269 0.483477 0.528846 0.482040 0.513462 0.485632 0.508654 0.495690 0.510577 0.520115 0.522115 0.543103 0.539423 0.548132 0.546154 0.548132 0.555769 0.537356 0.564423
0 0.617816 0.727885 0.609195 0.727885 0.605603 0.723077 0.601293 0.705769 0.585489 0.676923 0.584052 0.671154 0.591954 0.658654 0.602011 0.658654 0.614943 0.674038 0.619253 0.674038 0.630029 0.682692 0.632902 0.692308 0.632902 0.711538 0.617816 0.727885
0 0.676724 0.091346 0.671695 0.086538 0.673132 0.076923 0.670259 0.065385 0.660201 0.044231 0.660201 0.025000 0.665230 0.020192 0.683908 0.024038 0.688937 0.036538 0.688937 0.067308 0.676724 0.091346
0 0.998563 0.243269 0.996408 0.244231 0.992098 0.273077 0.986351 0.290385 0.978448 0.302885 0.966954 0.300962 0.961925 0.292308 0.960489 0.282692 0.967672 0.246154 0.977011 0.233654 0.985632 0.229808 0.991379 0.229808 0.998563 0.239423
0 0.715517 0.310577 0.696839 0.304808 0.681753 0.288462 0.681753 0.261538 0.688218 0.250962 0.702586 0.250962 0.712644 0.256731 0.721983 0.269231 0.724856 0.276923 0.724856 0.294231 0.715517 0.310577
0 0.213362 0.000000 0.199713 0.031731 0.188218 0.029808 0.178879 0.017308 0.176006 0.009615 0.177443 0.000000
0 0.092672 0.998077 0.092672 0.992308 0.068247 0.950000 0.068966 0.945192 0.079023 0.943269 0.090517 0.949038 0.107040 0.975000 0.117098 0.998077
0 0.998563 0.656731 0.992816 0.660577 0.977011 0.660577 0.956897 0.654808 0.943966 0.641346 0.937500 0.628846 0.938937 0.611538 0.946839 0.600962 0.956897 0.595192 0.979885 0.595192 0.992816 0.604808 0.998563 0.612500
0 0.915230 0.458654 0.909483 0.458654 0.903017 0.446154 0.903017 0.428846 0.905891 0.419231 0.914511 0.401923 0.926724 0.385577 0.939655 0.381731 0.943247 0.388462 0.941810 0.411538 0.928879 0.438462 0.915230 0.458654
