0 0.962891 0.649902 0.955078 0.649902 0.953613 0.648438 0.953613 0.644531 0.955078 0.643066 0.962891 0.644043 0.962891 0.649902
0 0.314453 0.243652 0.308105 0.243164 0.308105 0.236328 0.310547 0.233887 0.314453 0.233887 0.316895 0.236328 0.316895 0.241211 0.314453 0.243652
0 0.289062 0.034668 0.282715 0.033203 0.283691 0.027344 0.289062 0.022949 0.297852 0.021973 0.298340 0.026367 0.296387 0.029297 0.289062 0.034668
0 0.514648 0.953613 0.506836 0.953613 0.503418 0.951172 0.502441 0.941406 0.504883 0.938965 0.513672 0.939941 0.516113 0.942383 0.517090 0.950195 0.514648 0.953613
0 0.168945 0.518066 0.165039 0.518066 0.163574 0.516602 0.163574 0.500977 0.166992 0.493652 0.173828 0.494629 0.177246 0.497070 0.180176 0.501953 0.179199 0.509766 0.172852 0.513184 0.168945 0.518066
0 0.088867 0.623535 0.086914 0.623535 0.085449 0.621094 0.085449 0.616211 0.086914 0.614746 0.091797 0.615723 0.093262 0.618164 0.093262 0.620117 0.088867 0.623535
0 0.630859 0.682129 0.623047 0.682129 0.612305 0.679199 0.610840 0.671875 0.612793 0.667969 0.618164 0.663574 0.635742 0.664551 0.639160 0.668945 0.639160 0.673828 0.636230 0.678711 0.630859 0.682129
0 0.426758 0.071777 0.424805 0.071777 0.422363 0.068359 0.422852 0.061035 0.425781 0.061035 0.427246 0.063477 0.426758 0.071777
0 0.294922 0.729004 0.281250 0.728027 0.276855 0.723633 0.276855 0.719727 0.284180 0.715332 0.292969 0.717285 0.299316 0.721680 0.299316 0.725586 0.294922 0.729004
0 0.629883 0.831543 0.626465 0.831055 0.626953 0.821777 0.631836 0.821777 0.634277 0.825195 0.634277 0.827148 0.631836 0.827637 0.629883 0.831543
0 0.165039 0.476074 0.156250 0.475098 0.153809 0.470703 0.153809 0.466797 0.158203 0.464355 0.164062 0.466309 0.165527 0.467773 0.165039 0.476074
0 0.246094 0.837402 0.239258 0.837402 0.230469 0.834473 0.229980 0.829102 0.236328 0.822754 0.248047 0.821777 0.253906 0.828613 0.255371 0.828125 0.255371 0.833984 0.246094 0.837402
0 0.021484 0.099121 0.015625 0.099121 0.011719 0.097168 0.009277 0.092773 0.010254 0.083984 0.015625 0.080566 0.022461 0.080566 0.026367 0.082520 0.028809 0.086914 0.027832 0.094727 0.021484 0.099121
0 0.486328 0.846191 0.480469 0.846191 0.479980 0.840820 0.486328 0.840332 0.486328 0.846191
0 0.745117 0.243652 0.741211 0.243652 0.738770 0.239258 0.738770 0.236328 0.741211 0.233887 0.746094 0.234863 0.746582 0.237305 0.749512 0.239258 0.749023 0.241699 0.745117 0.243652
0 0.264648 0.505371 0.256348 0.504883 0.256348 0.500000 0.259766 0.496582 0.268066 0.497070 0.268066 0.502930 0.264648 0.505371
0 0.328125 0.717285 0.324219 0.717285 0.319824 0.713867 0.319336 0.706543 0.326660 0.709961 0.328613 0.713867 0.328125 0.717285
0 0.162109 0.387207 0.157715 0.386719 0.157715 0.381836 0.159180 0.380371 0.161133 0.380371 0.162598 0.382812 0.162109 0.387207
0 0.351562 0.854004 0.345215 0.852539 0.344727 0.846191 0.349609 0.845215 0.354004 0.846680 0.354004 0.851562 0.351562 0.854004
0 0.652344 0.202637 0.644531 0.202637 0.637207 0.197266 0.637207 0.186523 0.639648 0.183105 0.648438 0.182129 0.653320 0.184082 0.657715 0.188477 0.657715 0.198242 0.652344 0.202637
0 0.245117 0.150879 0.238770 0.149414 0.236816 0.141602 0.239258 0.139160 0.243164 0.139160 0.244629 0.140625 0.245117 0.150879
0 0.508789 0.066895 0.504883 0.066895 0.501465 0.063477 0.500488 0.058594 0.504883 0.051270 0.509766 0.050293 0.515137 0.054688 0.515137 0.058594 0.513184 0.063477 0.508789 0.066895
0 0.958984 0.663574 0.953613 0.662109 0.954102 0.657715 0.960449 0.659180 0.958984 0.663574
0 0.169922 0.190918 0.165039 0.190918 0.161621 0.186523 0.160645 0.178711 0.163086 0.173340 0.167969 0.173340 0.170410 0.176758 0.171387 0.188477 0.169922 0.190918
0 0.518555 0.492676 0.508789 0.491699 0.504395 0.486328 0.505371 0.483398 0.510742 0.479004 0.517578 0.479004 0.522949 0.487305 0.521973 0.490234 0.518555 0.492676
0 0.363281 0.731934 0.356445 0.731934 0.353027 0.727539 0.353027 0.718750 0.354492 0.716309 0.359375 0.714355 0.363281 0.714355 0.367676 0.719727 0.367676 0.727539 0.363281 0.731934
0 0.167969 0.491699 0.161133 0.490723 0.156738 0.488281 0.155762 0.484375 0.160156 0.478027 0.166016 0.478027 0.168457 0.480469 0.167969 0.491699
0 0.744141 0.543457 0.740234 0.543457 0.738770 0.541992 0.740234 0.536621 0.744141 0.536621 0.745605 0.538086 0.745605 0.541992 0.744141 0.543457
0 0.395508 0.756348 0.386719 0.755371 0.385254 0.753906 0.385254 0.750000 0.389648 0.747559 0.396484 0.749512 0.396973 0.753906 0.395508 0.756348
0 0.092773 0.632324 0.088379 0.631836 0.087402 0.625977 0.088867 0.623535 0.094727 0.623535 0.096191 0.625000 0.096191 0.629883 0.092773 0.632324
0 0.254883 0.185059 0.251465 0.184570 0.251465 0.180664 0.255859 0.176270 0.259766 0.175293 0.260254 0.178711 0.255371 0.182617 0.254883 0.185059
0 0.757812 0.232910 0.752930 0.232910 0.751465 0.231445 0.751465 0.225586 0.752930 0.224121 0.760254 0.225586 0.760254 0.230469 0.757812 0.232910
0 0.435547 0.271973 0.427734 0.271973 0.424316 0.268555 0.424316 0.260742 0.426270 0.255859 0.429688 0.252441 0.435547 0.252441 0.438965 0.254883 0.439941 0.257812 0.438965 0.267578 0.435547 0.271973
0 0.481445 0.840332 0.476074 0.838867 0.476074 0.833984 0.479492 0.831543 0.482910 0.833008 0.482910 0.838867 0.481445 0.840332
0 0.158203 0.455566 0.152832 0.455078 0.151855 0.448242 0.156250 0.442871 0.161133 0.441895 0.166504 0.445312 0.166504 0.449219 0.161133 0.450684 0.158203 0.455566
0 0.088867 0.266113 0.085449 0.264648 0.086914 0.260254 0.090332 0.260742 0.090332 0.264648 0.088867 0.266113
0 0.401367 0.048340 0.396484 0.048340 0.395020 0.046875 0.395020 0.034180 0.397949 0.025391 0.401855 0.019531 0.405273 0.016113 0.409180 0.016113 0.410645 0.017578 0.409668 0.032227 0.404785 0.044922 0.401367 0.048340
0 0.056641 0.334473 0.052734 0.334473 0.051270 0.333008 0.051270 0.328125 0.053711 0.325684 0.057617 0.326660 0.059570 0.324707 0.060059 0.329102 0.056641 0.334473
0 0.328125 0.709473 0.321289 0.708496 0.320801 0.706055 0.323242 0.703613 0.326172 0.703613 0.328613 0.706055 0.328125 0.709473
0 0.323242 0.802246 0.311523 0.801270 0.307129 0.795898 0.306152 0.786133 0.310547 0.778809 0.321289 0.778809 0.325195 0.780762 0.327637 0.784180 0.328613 0.797852 0.323242 0.802246
0 0.434570 0.059082 0.425781 0.058105 0.425293 0.055664 0.430664 0.051270 0.435547 0.051270 0.437012 0.057617 0.434570 0.059082
0 0.270508 0.194824 0.266113 0.193359 0.267578 0.183105 0.271484 0.183105 0.273926 0.185547 0.273926 0.190430 0.270508 0.194824
0 0.906250 0.129395 0.899414 0.129395 0.898926 0.122070 0.902344 0.118652 0.914062 0.117676 0.915527 0.119141 0.915527 0.123047 0.906250 0.129395
0 0.309570 0.201660 0.304688 0.201660 0.303223 0.200195 0.303223 0.194336 0.309570 0.189941 0.313477 0.189941 0.313965 0.195312 0.312012 0.200195 0.309570 0.201660
0 0.404297 0.764160 0.397949 0.762695 0.397949 0.756836 0.399414 0.754395 0.403320 0.754395 0.405762 0.757812 0.404297 0.764160
0 0.596680 0.108887 0.590332 0.108398 0.590332 0.104492 0.593750 0.101074 0.598145 0.102539 0.599121 0.106445 0.596680 0.108887
0 0.323242 0.244629 0.321289 0.244629 0.317871 0.241211 0.317871 0.237305 0.319336 0.235840 0.325195 0.235840 0.326660 0.237305 0.325684 0.243164 0.323242 0.244629
0 0.054688 0.879395 0.049805 0.879395 0.043945 0.875488 0.043457 0.869141 0.047852 0.867676 0.051758 0.869629 0.055176 0.874023 0.054688 0.879395
0 0.165039 0.463379 0.158203 0.462402 0.156738 0.458984 0.161133 0.450684 0.166016 0.450684 0.168457 0.454102 0.168457 0.458984 0.165039 0.463379
0 0.068359 0.330566 0.065430 0.330566 0.062012 0.327148 0.062012 0.323242 0.063477 0.321777 0.068848 0.323242 0.068359 0.330566
0 0.259766 0.199707 0.254395 0.198242 0.254395 0.193359 0.255859 0.190918 0.264648 0.188965 0.266113 0.190430 0.265137 0.196289 0.259766 0.199707
0 0.456543 0.999023 0.455566 0.996094 0.458984 0.994629 0.466797 0.995605 0.467285 0.999023
0 0.368164 0.184082 0.361328 0.183105 0.353027 0.175781 0.350098 0.170898 0.349121 0.162109 0.353516 0.156738 0.364258 0.155762 0.368652 0.160156 0.373535 0.172852 0.373535 0.178711 0.372559 0.181641 0.368164 0.184082
0 0.899414 0.105957 0.889648 0.104980 0.888184 0.103516 0.888184 0.099609 0.891602 0.096191 0.898438 0.095215 0.905273 0.088379 0.908203 0.088379 0.908691 0.097656 0.904297 0.103027 0.899414 0.105957
0 0.050781 0.403809 0.045898 0.403809 0.044434 0.399414 0.042480 0.398438 0.042480 0.388672 0.046875 0.383301 0.049805 0.383301 0.053223 0.387695 0.053223 0.400391 0.050781 0.403809
0 0.254883 0.156738 0.249512 0.156250 0.248535 0.150391 0.250000 0.147949 0.254883 0.147949 0.256348 0.149414 0.256348 0.155273 0.254883 0.156738
0 0.046875 0.799316 0.036133 0.799316 0.035645 0.793945 0.040039 0.792480 0.047852 0.793457 0.048340 0.797852 0.046875 0.799316
0 0.624023 0.362793 0.620117 0.362793 0.613770 0.355469 0.612793 0.341797 0.614258 0.340332 0.627930 0.340332 0.634277 0.348633 0.634277 0.353516 0.624023 0.362793
0 0.109375 0.373535 0.105957 0.372070 0.107422 0.366699 0.111816 0.368164 0.111816 0.372070 0.109375 0.373535
0 0.489258 0.839355 0.486328 0.839355 0.483887 0.836914 0.484375 0.830566 0.488281 0.830566 0.490723 0.833008 0.490723 0.837891 0.489258 0.839355
0 0.139648 0.165527 0.121094 0.162598 0.116211 0.158691 0.113770 0.154297 0.115723 0.144531 0.118164 0.143066 0.124023 0.143066 0.131836 0.146973 0.141113 0.160156 0.139648 0.165527
0 0.047852 0.884277 0.041504 0.882812 0.041016 0.876465 0.045898 0.876465 0.049316 0.878906 0.049316 0.882812 0.047852 0.884277
0 0.541016 0.764160 0.537109 0.764160 0.535645 0.761719 0.535645 0.752930 0.538574 0.746094 0.544922 0.741699 0.552734 0.741699 0.555176 0.745117 0.555176 0.751953 0.543945 0.763184 0.541016 0.764160
0 0.678711 0.520996 0.671875 0.520020 0.668457 0.516602 0.668457 0.509766 0.670898 0.505371 0.675781 0.505371 0.681152 0.507812 0.683105 0.515625 0.678711 0.520996
0 0.410156 0.629395 0.405762 0.628906 0.408203 0.624512 0.411621 0.625000 0.410156 0.629395
0 0.327148 0.584473 0.318359 0.584473 0.312988 0.578125 0.312988 0.575195 0.311035 0.573242 0.311035 0.568359 0.322266 0.562012 0.331055 0.562012 0.338379 0.566406 0.338379 0.573242 0.336426 0.578125 0.327148 0.584473
0 0.141602 0.396973 0.135742 0.396973 0.132324 0.394531 0.131348 0.386719 0.134766 0.382324 0.143555 0.382324 0.147949 0.386719 0.146973 0.393555 0.141602 0.396973
0 0.744141 0.551270 0.737305 0.551270 0.736816 0.544922 0.743164 0.544434 0.744141 0.551270
0 0.896484 0.096191 0.891113 0.095703 0.891113 0.089844 0.895508 0.085449 0.900391 0.085449 0.901855 0.086914 0.901855 0.090820 0.896484 0.096191
0 0.351562 0.845215 0.347168 0.843750 0.347656 0.838379 0.355957 0.838867 0.355957 0.841797 0.351562 0.845215
0 0.899414 0.781738 0.895508 0.781738 0.888184 0.774414 0.888184 0.764648 0.894531 0.756348 0.901367 0.756348 0.907715 0.762695 0.907715 0.771484 0.902832 0.779297 0.900391 0.779785 0.899414 0.781738
0 0.443359 0.352051 0.436523 0.352051 0.435059 0.350586 0.437012 0.340820 0.443359 0.336426 0.453125 0.338379 0.453613 0.344727 0.449219 0.349121 0.443359 0.352051
0 0.957031 0.670410 0.952637 0.669922 0.953125 0.663574 0.959473 0.664062 0.959473 0.666992 0.957031 0.670410
0 0.213867 0.598145 0.206055 0.598145 0.205566 0.594727 0.214844 0.587402 0.216797 0.587402 0.218262 0.591797 0.216309 0.596680 0.213867 0.598145
0 0.737305 0.440918 0.729492 0.440918 0.717773 0.437012 0.714355 0.432617 0.714355 0.427734 0.716309 0.423828 0.719727 0.421387 0.725586 0.421387 0.736328 0.426270 0.740723 0.430664 0.740723 0.437500 0.737305 0.440918
0 0.756836 0.074707 0.753906 0.074707 0.750488 0.071289 0.749512 0.062500 0.755859 0.056152 0.762695 0.055176 0.767090 0.058594 0.767090 0.062500 0.765137 0.066406 0.756836 0.074707
0 0.273438 0.969238 0.266602 0.968262 0.264160 0.962891 0.264160 0.949219 0.266602 0.946777 0.278320 0.947754 0.283691 0.953125 0.282715 0.962891 0.280273 0.966309 0.273438 0.969238
0 0.778320 0.730957 0.771484 0.730957 0.765137 0.726562 0.763184 0.715820 0.768555 0.709473 0.780273 0.709473 0.786621 0.717773 0.785645 0.725586 0.783203 0.729004 0.778320 0.730957
0 0.262695 0.188965 0.255371 0.188477 0.255371 0.184570 0.259766 0.180176 0.265625 0.180176 0.267090 0.182617 0.267090 0.185547 0.262695 0.188965
0 0.362305 0.848145 0.356445 0.848145 0.354980 0.846680 0.354980 0.842773 0.357422 0.838379 0.362305 0.838379 0.363770 0.839844 0.363770 0.846680 0.362305 0.848145
0 0.655273 0.450684 0.648438 0.449707 0.645020 0.446289 0.645996 0.436523 0.652344 0.428223 0.658203 0.429199 0.663574 0.435547 0.663574 0.443359 0.660156 0.444824 0.655273 0.450684
0 0.105469 0.399902 0.101074 0.399414 0.100098 0.394531 0.102539 0.392090 0.104980 0.392578 0.105469 0.399902
0 0.318359 0.202637 0.313477 0.202637 0.312012 0.201172 0.313477 0.195801 0.318848 0.196289 0.318359 0.202637
0 0.098633 0.617676 0.092285 0.617188 0.091797 0.609863 0.097656 0.609863 0.099121 0.611328 0.098633 0.617676
0 0.074219 0.198730 0.069824 0.198242 0.069824 0.191406 0.071777 0.178711 0.076172 0.176270 0.079590 0.180664 0.079590 0.188477 0.074219 0.198730
0 0.055664 0.431152 0.051758 0.431152 0.042480 0.420898 0.041504 0.411133 0.042969 0.409668 0.046875 0.409668 0.058105 0.423828 0.058105 0.429688 0.055664 0.431152
0 0.045898 0.435059 0.043457 0.434570 0.043945 0.429199 0.048340 0.431641 0.048340 0.433594 0.045898 0.435059
0 0.407227 0.626465 0.404297 0.626465 0.402832 0.624023 0.404297 0.618652 0.409668 0.620117 0.409668 0.624023 0.407227 0.626465
0 0.432617 0.067871 0.428223 0.066406 0.427246 0.062500 0.424316 0.060547 0.424805 0.058105 0.428711 0.058105 0.433105 0.061523 0.432617 0.067871
0 0.602539 0.106934 0.599609 0.106934 0.598145 0.104492 0.598145 0.101562 0.600586 0.099121 0.604980 0.100586 0.604980 0.104492 0.602539 0.106934
0 0.495117 0.327637 0.488281 0.326660 0.482910 0.320312 0.482910 0.314453 0.487305 0.311035 0.492188 0.311035 0.493164 0.305176 0.495117 0.305176 0.497070 0.308105 0.504883 0.308105 0.507324 0.310547 0.507324 0.317383 0.504883 0.319824 0.500977 0.320801 0.495117 0.327637
0 0.266602 0.893066 0.262207 0.891602 0.261719 0.885254 0.266113 0.887695 0.266602 0.893066
0 0.333008 0.716309 0.328613 0.714844 0.328125 0.709473 0.332031 0.709473 0.333496 0.710938 0.333008 0.716309
0 0.016602 0.281738 0.010742 0.279785 0.006348 0.273438 0.006348 0.259766 0.009766 0.255371 0.021484 0.254395 0.026855 0.259766 0.027832 0.276367 0.022461 0.279785 0.017578 0.279785 0.016602 0.281738
0 0.770508 0.078613 0.764648 0.078613 0.763184 0.077148 0.763184 0.072266 0.766602 0.072754 0.769531 0.067871 0.772461 0.067871 0.772949 0.076172 0.770508 0.078613
0 0.392578 0.907715 0.385742 0.907715 0.385254 0.904297 0.387695 0.901855 0.391602 0.901855 0.393066 0.903320 0.392578 0.907715
0 0.846191 0.000000 0.844238 0.006836 0.840820 0.009277 0.832031 0.008301 0.827637 0.004883 0.828613 0.001953 0.826660 0.000000
0 0.065430 0.336426 0.059082 0.335938 0.058105 0.332031 0.060547 0.328613 0.063477 0.328613 0.065918 0.331055 0.065430 0.336426
0 0.009766 0.813965 0.003906 0.813965 0.001465 0.811523 0.001465 0.801758 0.005859 0.796387 0.014160 0.796875 0.014160 0.806641 0.009766 0.813965
0 0.396484 0.763184 0.392578 0.763184 0.391113 0.761719 0.391602 0.757324 0.397949 0.757812 0.396484 0.763184
0 0.961914 0.657715 0.955078 0.656738 0.953613 0.651367 0.956055 0.649902 0.961914 0.650879 0.963379 0.652344 0.963379 0.656250 0.961914 0.657715
0 0.999023 0.227051 0.998535 0.231445 0.996094 0.233887 0.992676 0.231445 0.990723 0.227539 0.990723 0.224609 0.994629 0.216797 0.998047 0.216309 0.999023 0.218262
0 0.136719 0.364746 0.133301 0.363281 0.134766 0.356934 0.138672 0.356934 0.140137 0.360352 0.140137 0.362305 0.136719 0.364746
0 0.594727 0.101074 0.589355 0.100586 0.589355 0.095703 0.592773 0.093262 0.597168 0.094727 0.597168 0.097656 0.594727 0.101074
0 0.319336 0.249512 0.312500 0.249512 0.311035 0.248047 0.311035 0.244141 0.318359 0.241699 0.320801 0.244141 0.320801 0.248047 0.319336 0.249512
0 0.878906 0.404785 0.871094 0.403809 0.869141 0.400879 0.866699 0.400391 0.866699 0.397461 0.872070 0.395020 0.875977 0.391113 0.881836 0.391113 0.884277 0.393555 0.884277 0.401367 0.878906 0.404785
0 0.208008 0.593262 0.204590 0.592773 0.203613 0.584961 0.206055 0.581543 0.213867 0.580566 0.215332 0.582031 0.214355 0.587891 0.208008 0.593262
0 0.365234 0.872559 0.357910 0.871094 0.358398 0.861816 0.363281 0.861816 0.367676 0.865234 0.367676 0.870117 0.365234 0.872559
0 0.152344 0.670410 0.148438 0.670410 0.144043 0.666992 0.144043 0.662109 0.147461 0.657715 0.154297 0.657715 0.158691 0.661133 0.158691 0.666992 0.152344 0.670410
0 0.174805 0.900879 0.166992 0.898926 0.160156 0.899902 0.160645 0.892578 0.163086 0.890137 0.171875 0.890137 0.175781 0.892090 0.176270 0.899414 0.174805 0.900879
0 0.986328 0.082520 0.981445 0.082520 0.979980 0.081055 0.979004 0.077148 0.980469 0.073730 0.984375 0.073730 0.985840 0.075195 0.986328 0.082520
0 0.109375 0.150879 0.106445 0.150879 0.104980 0.148438 0.106445 0.145020 0.109863 0.145508 0.109375 0.150879
0 0.944336 0.666504 0.942383 0.666504 0.940918 0.664062 0.940918 0.659180 0.942383 0.656738 0.949219 0.655762 0.951660 0.658203 0.951660 0.663086 0.949219 0.665527 0.944336 0.666504
0 0.397461 0.911621 0.393066 0.911133 0.393555 0.904785 0.396484 0.904785 0.398926 0.907227 0.397461 0.911621
0 0.047852 0.793457 0.037109 0.792480 0.033691 0.788086 0.033691 0.782227 0.035156 0.780762 0.041992 0.781738 0.048340 0.789062 0.047852 0.793457
0 0.384766 0.911621 0.380859 0.911621 0.379395 0.910156 0.380859 0.902832 0.385254 0.903320 0.385254 0.907227 0.387207 0.908203 0.387207 0.910156 0.384766 0.911621
0 0.321289 0.718262 0.316895 0.717773 0.317383 0.712402 0.319824 0.712891 0.319824 0.714844 0.321777 0.715820 0.321289 0.718262
0 0.752930 0.238770 0.748047 0.238770 0.746582 0.237305 0.747070 0.230957 0.750977 0.230957 0.752930 0.233887 0.755371 0.234375 0.752930 0.238770
0 0.355469 0.869629 0.348145 0.869141 0.348145 0.863281 0.350586 0.860840 0.355957 0.861328 0.355469 0.869629
0 0.229492 0.826660 0.224609 0.826660 0.224121 0.824219 0.228027 0.817383 0.231445 0.816895 0.232910 0.818359 0.232910 0.823242 0.229492 0.826660
0 0.396484 0.629395 0.391113 0.627930 0.391113 0.624023 0.393555 0.620605 0.397461 0.620605 0.398926 0.623047 0.398926 0.627930 0.396484 0.629395
0 0.602539 0.099121 0.598145 0.097656 0.598145 0.093750 0.600586 0.091309 0.604980 0.092773 0.604980 0.095703 0.602539 0.099121
0 0.223633 0.818848 0.218750 0.818848 0.217285 0.817383 0.217285 0.812500 0.218750 0.811035 0.225098 0.812500 0.225098 0.817383 0.223633 0.818848
0 0.997070 0.032715 0.994141 0.032715 0.989746 0.029297 0.989746 0.024414 0.993164 0.020020 0.997559 0.021484 0.997070 0.032715
0 0.266602 0.525879 0.253906 0.525879 0.248535 0.515625 0.248535 0.508789 0.255859 0.507324 0.266602 0.511230 0.268066 0.512695 0.268066 0.523438 0.266602 0.525879
0 0.249023 0.149902 0.245605 0.149414 0.244629 0.139648 0.248047 0.137207 0.250977 0.137207 0.253418 0.139648 0.253418 0.144531 0.249023 0.149902
0 0.191406 0.339355 0.184570 0.339355 0.180176 0.335938 0.180176 0.331055 0.182617 0.326660 0.189453 0.326660 0.192871 0.329102 0.193848 0.337891 0.191406 0.339355
0 0.131836 0.410645 0.127441 0.410156 0.127441 0.405273 0.128906 0.403809 0.132324 0.404297 0.131836 0.410645
0 0.774414 0.901855 0.767578 0.900879 0.764160 0.896484 0.764160 0.891602 0.767578 0.887207 0.772461 0.886230 0.778809 0.892578 0.778809 0.896484 0.774414 0.901855
0 0.441406 0.729980 0.434570 0.729980 0.424805 0.726074 0.425293 0.718750 0.426758 0.717285 0.436523 0.718262 0.442871 0.724609 0.442871 0.728516 0.441406 0.729980
0 0.821289 0.165527 0.819336 0.165527 0.812012 0.158203 0.812012 0.155273 0.810059 0.154297 0.811035 0.145508 0.814453 0.143066 0.820312 0.143066 0.823730 0.148438 0.823730 0.160156 0.821289 0.165527
0 0.750000 0.547363 0.746094 0.547363 0.744629 0.545898 0.744629 0.542969 0.747070 0.539551 0.751465 0.540039 0.751465 0.545898 0.750000 0.547363
0 0.907227 0.118652 0.905762 0.114258 0.908203 0.111816 0.912109 0.109863 0.917480 0.110352 0.916016 0.116699 0.907227 0.118652
0 0.367188 0.893066 0.362793 0.891602 0.362793 0.887695 0.364258 0.886230 0.367676 0.886719 0.367188 0.893066
0 0.779297 0.852051 0.775391 0.851074 0.772949 0.847656 0.772949 0.840820 0.776367 0.837402 0.783203 0.838379 0.786621 0.842773 0.786621 0.846680 0.779297 0.852051
0 0.767578 0.071777 0.761719 0.070801 0.761230 0.069336 0.767578 0.065918 0.769043 0.068359 0.767578 0.071777
