0 0.808333 0.548611 0.797222 0.548611 0.783333 0.540278 0.779167 0.522222 0.802778 0.523611 0.812500 0.533333 0.812500 0.544444 0.808333 0.548611
0 0.172222 0.656944 0.138889 0.654167 0.123611 0.644444 0.115278 0.622222 0.115278 0.588889 0.118056 0.580556 0.134722 0.563889 0.134722 0.538889 0.145833 0.508333 0.159722 0.488889 0.166667 0.481944 0.188889 0.476389 0.219444 0.476389 0.231944 0.486111 0.240278 0.502778 0.243056 0.550000 0.215278 0.619444 0.197222 0.643056 0.172222 0.656944
0 0.995833 0.309722 0.997222 0.309722 0.997222 0.368056 0.995833 0.368056
0 0.997222 0.990278 0.983333 0.990278 0.965278 0.969444 0.956944 0.955556 0.954167 0.933333 0.956944 0.875000 0.968056 0.852778 0.987500 0.833333 0.991667 0.823611 0.997222 0.823611
0 0.552778 0.729167 0.500000 0.726389 0.480556 0.712500 0.462500 0.683333 0.451389 0.647222 0.451389 0.613889 0.465278 0.588889 0.508333 0.565278 0.563889 0.559722 0.597222 0.579167 0.611111 0.579167 0.641667 0.590278 0.670833 0.619444 0.681944 0.641667 0.681944 0.680556 0.663889 0.704167 0.636111 0.712500 0.597222 0.715278 0.583333 0.723611 0.552778 0.729167
0 0.000000 0.223611 0.008333 0.212500 0.088889 0.212500 0.101389 0.225000 0.101389 0.238889 0.093056 0.252778 0.105556 0.256944 0.112500 0.269444 0.112500 0.280556 0.101389 0.291667 0.093056 0.316667 0.079167 0.325000 0.073611 0.341667 0.061111 0.354167 0.038889 0.365278 0.019444 0.365278 0.000000 0.356944
0 0.587500 0.000000 0.587500 0.027778 0.572222 0.045833 0.555556 0.045833 0.541667 0.037500 0.520833 0.013889 0.515278 0.000000
0 0.000000 0.045833 0.013889 0.040278 0.036111 0.040278 0.056944 0.058333 0.065278 0.075000 0.081944 0.088889 0.098611 0.116667 0.106944 0.150000 0.106944 0.172222 0.101389 0.183333 0.080556 0.201389 0.044444 0.201389 0.011111 0.184722 0.000000 0.170833
0 0.400000 0.973611 0.361111 0.973611 0.331944 0.950000 0.323611 0.925000 0.320833 0.880556 0.309722 0.852778 0.312500 0.822222 0.325000 0.809722 0.361111 0.809722 0.405556 0.826389 0.434722 0.866667 0.434722 0.911111 0.420833 0.947222 0.400000 0.973611
0 0.995833 0.462500 0.997222 0.462500 0.997222 0.520833 0.995833 0.520833
0 0.429167 0.997222 0.418056 0.991667 0.412500 0.958333 0.429167 0.930556 0.434722 0.911111 0.437500 0.861111 0.455556 0.848611 0.477778 0.851389 0.493056 0.869444 0.498611 0.894444 0.520833 0.944444 0.518056 0.969444 0.476389 0.997222
0 0.691667 0.312500 0.672222 0.312500 0.650000 0.304167 0.626389 0.283333 0.618056 0.266667 0.615278 0.233333 0.609722 0.219444 0.609722 0.205556 0.615278 0.200000 0.612500 0.166667 0.620833 0.147222 0.630556 0.140278 0.675000 0.134722 0.693056 0.155556 0.701389 0.200000 0.718056 0.236111 0.723611 0.277778 0.718056 0.288889 0.691667 0.312500
0 0.172222 0.395833 0.141667 0.395833 0.122222 0.387500 0.100000 0.384722 0.076389 0.358333 0.081944 0.330556 0.101389 0.316667 0.098611 0.311111 0.119444 0.284722 0.138889 0.276389 0.211111 0.270833 0.238889 0.279167 0.262500 0.316667 0.262500 0.350000 0.236111 0.376389 0.172222 0.395833
0 0.833333 0.520833 0.797222 0.520833 0.761111 0.498611 0.751389 0.488889 0.745833 0.466667 0.737500 0.461111 0.734722 0.441667 0.734722 0.416667 0.743056 0.383333 0.794444 0.326389 0.816667 0.315278 0.844444 0.315278 0.861111 0.323611 0.887500 0.355556 0.906944 0.397222 0.906944 0.441667 0.898611 0.472222 0.869444 0.501389 0.847222 0.512500 0.844444 0.518056 0.833333 0.520833
0 0.000000 0.901389 0.027778 0.915278 0.048611 0.933333 0.048611 0.961111 0.000000 0.995833
0 0.400000 0.812500 0.297222 0.806944 0.268056 0.783333 0.265278 0.766667 0.273611 0.750000 0.270833 0.747222 0.276389 0.722222 0.290278 0.697222 0.290278 0.688889 0.301389 0.680556 0.302778 0.670833 0.308333 0.670833 0.316667 0.659722 0.336111 0.648611 0.352778 0.648611 0.363889 0.643056 0.408333 0.643056 0.434722 0.661111 0.454167 0.697222 0.456944 0.722222 0.448611 0.758333 0.423611 0.794444 0.408333 0.809722 0.400000 0.812500
0 0.180556 0.190278 0.130556 0.190278 0.115278 0.175000 0.104167 0.147222 0.098611 0.116667 0.081944 0.088889 0.076389 0.086111 0.076389 0.069444 0.094444 0.048611 0.133333 0.037500 0.158333 0.040278 0.198611 0.075000 0.212500 0.102778 0.215278 0.152778 0.190278 0.186111 0.180556 0.190278
0 0.430556 0.595833 0.397222 0.595833 0.372222 0.581944 0.340278 0.547222 0.315278 0.491667 0.315278 0.463889 0.330556 0.445833 0.355556 0.443056 0.372222 0.451389 0.398611 0.475000 0.408333 0.495833 0.438889 0.509722 0.459722 0.530556 0.459722 0.558333 0.454167 0.572222 0.445833 0.586111 0.430556 0.595833
0 0.000000 0.809722 0.025000 0.798611 0.030556 0.790278 0.047222 0.790278 0.062500 0.802778 0.065278 0.819444 0.077778 0.837500 0.091667 0.845833 0.108333 0.845833 0.115278 0.858333 0.115278 0.877778 0.106944 0.902778 0.077778 0.920833 0.036111 0.920833 0.000000 0.901389
0 0.816667 0.890278 0.811111 0.890278 0.808333 0.884722 0.786111 0.884722 0.783333 0.879167 0.766667 0.873611 0.723611 0.819444 0.709722 0.772222 0.709722 0.747222 0.715278 0.730556 0.736111 0.712500 0.758333 0.712500 0.786111 0.726389 0.812500 0.752778 0.815278 0.766667 0.820833 0.769444 0.829167 0.786111 0.837500 0.822222 0.837500 0.869444 0.816667 0.890278
0 0.226389 0.997222 0.229167 0.983333 0.241667 0.968056 0.250000 0.965278 0.283333 0.965278 0.327778 0.979167 0.341667 0.979167 0.361111 0.987500 0.365278 0.997222
0 0.611111 0.540278 0.572222 0.540278 0.516667 0.526389 0.498611 0.502778 0.498611 0.447222 0.522222 0.437500 0.550000 0.437500 0.566667 0.448611 0.572222 0.443056 0.633333 0.443056 0.655556 0.454167 0.668056 0.488889 0.665278 0.511111 0.647222 0.529167 0.611111 0.540278
0 0.323611 0.000000 0.305556 0.015278 0.300000 0.012500 0.261111 0.034722 0.233333 0.034722 0.209722 0.013889 0.206944 0.000000
0 0.405556 0.320833 0.361111 0.318056 0.344444 0.309722 0.341667 0.304167 0.336111 0.304167 0.325000 0.318056 0.294444 0.315278 0.284722 0.308333 0.284722 0.288889 0.311111 0.262500 0.316667 0.262500 0.347222 0.229167 0.366667 0.218056 0.388889 0.209722 0.438889 0.215278 0.459722 0.233333 0.468056 0.250000 0.465278 0.280556 0.433333 0.306944 0.405556 0.320833
0 0.413889 0.193056 0.358333 0.193056 0.338889 0.181944 0.330556 0.181944 0.318056 0.163889 0.318056 0.141667 0.345833 0.100000 0.372222 0.079167 0.400000 0.070833 0.452778 0.070833 0.473611 0.086111 0.476389 0.111111 0.488889 0.112500 0.506944 0.127778 0.506944 0.147222 0.498611 0.163889 0.483333 0.176389 0.472222 0.173611 0.458333 0.181944 0.413889 0.193056
0 0.837500 0.000000 0.829167 0.019444 0.811111 0.037500 0.780556 0.037500 0.756944 0.013889 0.751389 0.000000
