0 0.446875 0.302734 0.439063 0.300781 0.410938 0.257812 0.418750 0.228516 0.431250 0.236328 0.445312 0.257812 0.451562 0.289062 0.446875 0.302734
0 0.421875 0.380859 0.414062 0.378906 0.412500 0.349609 0.426563 0.359375 0.426563 0.375000 0.421875 0.380859
0 0.996875 0.361328 0.959375 0.357422 0.948438 0.347656 0.953125 0.337891 0.968750 0.330078 0.996875 0.333984
0 0.325000 0.529297 0.317188 0.523438 0.317188 0.496094 0.321875 0.490234 0.329688 0.496094 0.332813 0.507812 0.325000 0.529297
0 0.400000 0.755859 0.376563 0.742188 0.379688 0.703125 0.396875 0.669922 0.407813 0.675781 0.417187 0.714844 0.417187 0.734375 0.400000 0.755859
0 0.076563 0.000000 0.076563 0.015625 0.071875 0.021484 0.059375 0.021484 0.048438 0.007812 0.048438 0.000000
0 0.765625 0.150391 0.743750 0.150391 0.739062 0.140625 0.756250 0.119141 0.768750 0.111328 0.784375 0.111328 0.789062 0.128906 0.765625 0.150391
0 0.318750 0.767578 0.304688 0.757812 0.304688 0.718750 0.321875 0.693359 0.331250 0.693359 0.339062 0.703125 0.339062 0.726562 0.329688 0.753906 0.318750 0.767578
0 0.815625 0.158203 0.796875 0.158203 0.792188 0.152344 0.792188 0.132812 0.837500 0.072266 0.850000 0.068359 0.854688 0.078125 0.848437 0.101562 0.815625 0.158203
0 0.318750 0.607422 0.290625 0.607422 0.276562 0.593750 0.276562 0.562500 0.287500 0.541016 0.315625 0.537109 0.332813 0.550781 0.332813 0.593750 0.318750 0.607422
0 0.503125 0.716797 0.492188 0.710938 0.495312 0.660156 0.510938 0.632812 0.514062 0.617188 0.521875 0.611328 0.526563 0.617188 0.526563 0.644531 0.514062 0.707031 0.503125 0.716797
0 0.812500 0.291016 0.790625 0.291016 0.785937 0.273438 0.821875 0.248047 0.843750 0.248047 0.848437 0.253906 0.837500 0.271484 0.812500 0.291016
0 0.437500 0.490234 0.429688 0.484375 0.429688 0.468750 0.440625 0.455078 0.445312 0.460938 0.445312 0.476562 0.437500 0.490234
0 0.481250 0.173828 0.470313 0.164062 0.467187 0.140625 0.470313 0.105469 0.475000 0.099609 0.482812 0.105469 0.485938 0.132812 0.485938 0.167969 0.481250 0.173828
0 0.890625 0.306641 0.853125 0.306641 0.848437 0.292969 0.881250 0.275391 0.915625 0.275391 0.920312 0.281250 0.909375 0.298828 0.890625 0.306641
0 0.800000 0.388672 0.775000 0.388672 0.764062 0.375000 0.781250 0.357422 0.831250 0.353516 0.835938 0.359375 0.831250 0.369141 0.800000 0.388672
0 0.259375 0.712891 0.240625 0.712891 0.229687 0.695312 0.223438 0.640625 0.234375 0.626953 0.253125 0.626953 0.267188 0.648438 0.267188 0.695312 0.259375 0.712891
0 0.434375 0.810547 0.426563 0.804688 0.426563 0.789062 0.431250 0.783203 0.439063 0.789062 0.439063 0.804688 0.434375 0.810547
0 0.579688 0.000000 0.582812 0.031250 0.575000 0.041016 0.568750 0.041016 0.548438 0.015625 0.548438 0.000000
0 0.278125 0.927734 0.264062 0.921875 0.276562 0.890625 0.276562 0.878906 0.300000 0.841797 0.315625 0.845703 0.320312 0.851562 0.317188 0.867188 0.278125 0.927734
0 0.603125 0.193359 0.592187 0.187500 0.595313 0.164062 0.609375 0.134766 0.621875 0.134766 0.626563 0.140625 0.626563 0.156250 0.603125 0.193359
0 0.443750 0.572266 0.434375 0.572266 0.426563 0.562500 0.426563 0.539062 0.446875 0.509766 0.459375 0.505859 0.467187 0.523438 0.457813 0.550781 0.443750 0.572266
0 0.571875 0.162109 0.560937 0.152344 0.560937 0.078125 0.565625 0.072266 0.579688 0.078125 0.585938 0.105469 0.582812 0.148438 0.571875 0.162109
0 0.343750 0.818359 0.329688 0.812500 0.323437 0.796875 0.323437 0.773438 0.337500 0.759766 0.362500 0.759766 0.373437 0.777344 0.373437 0.789062 0.362500 0.806641 0.343750 0.818359
0 0.971875 0.158203 0.943750 0.158203 0.935937 0.144531 0.940625 0.138672 0.987500 0.138672 0.992188 0.144531 0.987500 0.154297 0.971875 0.158203
0 0.390625 0.193359 0.379688 0.179688 0.384375 0.169922 0.395313 0.179688 0.390625 0.193359
0 0.471875 0.197266 0.460938 0.183594 0.457813 0.136719 0.462500 0.130859 0.467187 0.132812 0.470313 0.164062 0.476562 0.171875 0.476562 0.191406 0.471875 0.197266
0 0.631250 0.244141 0.621875 0.244141 0.614062 0.234375 0.617188 0.187500 0.640625 0.158203 0.656250 0.146484 0.665625 0.146484 0.670312 0.152344 0.670312 0.183594 0.660937 0.207031 0.631250 0.244141
0 0.731250 0.236328 0.718750 0.236328 0.710938 0.226562 0.710938 0.203125 0.737500 0.162109 0.750000 0.154297 0.778125 0.154297 0.782813 0.164062 0.731250 0.236328
0 0.190625 0.818359 0.171875 0.791016 0.151562 0.777344 0.156250 0.763672 0.181250 0.779297 0.195312 0.796875 0.195312 0.812500 0.190625 0.818359
0 0.134375 0.986328 0.118750 0.962891 0.100000 0.955078 0.089063 0.941406 0.095312 0.925781 0.125000 0.888672 0.137500 0.888672 0.157812 0.925781 0.151562 0.960938 0.134375 0.986328
0 0.328125 0.466797 0.296875 0.466797 0.285938 0.445312 0.285938 0.433594 0.303125 0.416016 0.325000 0.419922 0.332813 0.429688 0.332813 0.460938 0.328125 0.466797
0 0.328125 0.947266 0.320312 0.941406 0.323437 0.917969 0.353125 0.880859 0.357812 0.886719 0.354687 0.902344 0.328125 0.947266
0 0.559375 0.462891 0.548438 0.457031 0.545312 0.433594 0.556250 0.416016 0.568750 0.416016 0.579688 0.425781 0.579688 0.433594 0.559375 0.462891
0 0.996875 0.333984 0.982812 0.328125 0.982812 0.312500 0.996875 0.306641
0 0.926562 0.000000 0.914062 0.031250 0.900000 0.048828 0.868750 0.056641 0.867188 0.031250 0.882812 0.000000
0 0.828125 0.482422 0.815625 0.482422 0.804688 0.468750 0.809375 0.462891 0.831250 0.466797 0.840625 0.455078 0.851562 0.460938 0.840625 0.478516 0.828125 0.482422
0 0.548438 0.000000 0.548438 0.015625 0.557813 0.039062 0.557813 0.085938 0.553125 0.091797 0.542188 0.082031 0.535937 0.066406 0.532813 0.000000
0 0.475000 0.869141 0.464062 0.863281 0.460938 0.839844 0.484375 0.810547 0.503125 0.810547 0.507812 0.828125 0.475000 0.869141
0 0.193750 0.791016 0.182812 0.781250 0.182812 0.773438 0.167187 0.750000 0.160938 0.734375 0.165625 0.720703 0.195312 0.757812 0.198437 0.785156 0.193750 0.791016
0 0.893750 0.392578 0.853125 0.392578 0.848437 0.375000 0.856250 0.365234 0.875000 0.357422 0.912500 0.357422 0.920312 0.371094 0.909375 0.384766 0.893750 0.392578
0 0.578125 0.669922 0.567187 0.660156 0.567187 0.644531 0.590625 0.607422 0.603125 0.607422 0.607812 0.621094 0.589063 0.640625 0.578125 0.669922
0 0.650000 0.587891 0.621875 0.587891 0.617188 0.570312 0.650000 0.544922 0.675000 0.541016 0.682813 0.562500 0.650000 0.587891
0 0.625000 0.798828 0.607812 0.781250 0.582812 0.738281 0.582812 0.730469 0.612500 0.697266 0.621875 0.697266 0.632812 0.714844 0.635938 0.777344 0.625000 0.798828
0 0.912500 0.341797 0.887500 0.341797 0.882812 0.328125 0.900000 0.310547 0.937500 0.306641 0.942187 0.312500 0.925000 0.337891 0.912500 0.341797
0 0.734375 0.466797 0.718750 0.466797 0.714063 0.460938 0.717187 0.449219 0.750000 0.412109 0.768750 0.412109 0.776563 0.421875 0.776563 0.433594 0.756250 0.455078 0.743750 0.455078 0.734375 0.466797
0 0.659375 0.529297 0.646875 0.529297 0.642188 0.523438 0.648438 0.496094 0.659375 0.482422 0.687500 0.474609 0.692187 0.492188 0.659375 0.529297
0 0.459375 0.185547 0.453125 0.185547 0.442188 0.171875 0.432812 0.117188 0.437500 0.099609 0.451562 0.109375 0.460938 0.160156 0.459375 0.185547
0 0.484375 0.923828 0.470313 0.917969 0.467187 0.894531 0.484375 0.869141 0.493750 0.861328 0.506250 0.861328 0.510938 0.867188 0.510938 0.890625 0.484375 0.923828
0 0.365625 0.638672 0.357812 0.628906 0.360938 0.609375 0.371875 0.599609 0.376563 0.605469 0.376563 0.621094 0.365625 0.638672
0 0.356250 0.521484 0.345313 0.515625 0.342187 0.492188 0.339062 0.421875 0.343750 0.416016 0.353125 0.416016 0.367188 0.441406 0.370312 0.480469 0.356250 0.521484
0 0.042188 0.000000 0.048438 0.007812 0.043750 0.025391 0.034375 0.025391 0.023438 0.015625 0.026562 0.000000
0 0.267188 0.996094 0.267188 0.972656 0.281250 0.955078 0.289062 0.960938 0.295312 0.988281 0.292187 0.996094
0 0.415625 0.208984 0.404687 0.203125 0.404687 0.195312 0.418750 0.177734 0.429688 0.199219 0.415625 0.208984
0 0.590625 0.845703 0.575000 0.845703 0.560937 0.828125 0.557813 0.792969 0.571875 0.767578 0.578125 0.767578 0.604688 0.804688 0.604688 0.820312 0.590625 0.845703
0 0.603125 0.919922 0.581250 0.919922 0.567187 0.890625 0.570312 0.867188 0.587500 0.845703 0.601562 0.855469 0.614062 0.882812 0.614062 0.906250 0.603125 0.919922
0 0.010937 0.000000 0.014063 0.019531 0.000000 0.025391
0 0.243750 0.791016 0.221875 0.791016 0.201563 0.765625 0.192188 0.730469 0.192188 0.703125 0.196875 0.697266 0.209375 0.697266 0.254688 0.761719 0.254688 0.777344 0.243750 0.791016
0 0.725000 0.439453 0.715625 0.439453 0.710938 0.429688 0.728125 0.408203 0.746875 0.404297 0.751563 0.410156 0.725000 0.439453
0 0.668750 0.642578 0.654687 0.636719 0.657813 0.609375 0.671875 0.591797 0.703125 0.587891 0.710938 0.601562 0.707812 0.613281 0.693750 0.630859 0.668750 0.642578
0 0.400000 0.416016 0.389062 0.410156 0.389062 0.386719 0.395313 0.371094 0.395313 0.339844 0.403125 0.333984 0.410938 0.343750 0.414062 0.390625 0.400000 0.416016
0 0.982812 0.000000 0.979688 0.023438 0.985938 0.035156 0.979688 0.042969 0.965625 0.056641 0.937500 0.056641 0.926562 0.042969 0.926562 0.031250 0.942187 0.000000
0 0.584375 0.759766 0.565625 0.759766 0.560937 0.753906 0.571875 0.732422 0.578125 0.732422 0.589063 0.746094 0.584375 0.759766
0 0.468750 0.091797 0.457813 0.082031 0.451562 0.046875 0.456250 0.033203 0.470313 0.054688 0.473438 0.085938 0.468750 0.091797
0 0.481250 0.505859 0.473438 0.500000 0.473438 0.484375 0.482812 0.460938 0.496875 0.447266 0.504687 0.457031 0.504687 0.476562 0.481250 0.505859
0 0.996875 0.302734 0.953125 0.298828 0.948438 0.292969 0.956250 0.271484 0.996875 0.271484
0 0.575000 0.708984 0.567187 0.699219 0.578125 0.685547 0.590625 0.681641 0.595313 0.691406 0.575000 0.708984
0 0.543750 0.982422 0.537500 0.982422 0.523438 0.964844 0.523438 0.921875 0.540625 0.904297 0.557813 0.914062 0.560937 0.933594 0.567187 0.941406 0.567187 0.957031 0.543750 0.982422
0 0.200000 0.896484 0.175000 0.896484 0.154688 0.878906 0.151562 0.843750 0.165625 0.818359 0.187500 0.814453 0.198437 0.828125 0.214062 0.867188 0.210938 0.886719 0.200000 0.896484
0 0.834375 0.439453 0.800000 0.439453 0.792188 0.421875 0.812500 0.400391 0.840625 0.400391 0.851562 0.410156 0.851562 0.417969 0.834375 0.439453
0 0.440625 0.173828 0.434375 0.173828 0.423438 0.156250 0.417187 0.132812 0.421875 0.115234 0.432812 0.128906 0.432812 0.144531 0.442188 0.160156 0.440625 0.173828
0 0.290625 0.681641 0.273438 0.660156 0.273438 0.609375 0.278125 0.603516 0.295312 0.609375 0.295312 0.675781 0.290625 0.681641
0 0.875000 0.115234 0.862500 0.115234 0.848437 0.101562 0.854688 0.074219 0.868750 0.056641 0.906250 0.044922 0.910937 0.058594 0.901563 0.070312 0.895312 0.097656 0.875000 0.115234
0 0.464062 0.996094 0.467187 0.968750 0.478125 0.955078 0.506250 0.955078 0.510938 0.960938 0.510938 0.976562 0.521875 0.982422 0.526563 0.996094
0 0.681250 0.208984 0.673438 0.199219 0.709375 0.154297 0.715625 0.154297 0.717187 0.171875 0.681250 0.208984
0 0.057813 0.996094 0.057813 0.968750 0.071875 0.943359 0.090625 0.943359 0.100000 0.955078 0.118750 0.962891 0.129688 0.976562 0.129688 0.996094
0 0.737500 0.505859 0.721875 0.505859 0.717187 0.488281 0.743750 0.455078 0.759375 0.455078 0.764062 0.460938 0.760938 0.484375 0.737500 0.505859
0 0.693750 0.560547 0.684375 0.560547 0.678125 0.552734 0.676562 0.539062 0.700000 0.521484 0.715625 0.521484 0.720313 0.531250 0.693750 0.560547
0 0.996875 0.033203 0.987500 0.033203 0.979688 0.023438 0.982812 0.000000
0 0.040625 0.123047 0.021875 0.123047 0.009375 0.115234 0.001563 0.105469 0.001563 0.093750 0.012500 0.083984 0.040625 0.087891 0.048438 0.097656 0.048438 0.113281 0.040625 0.123047
0 0.625000 0.654297 0.615625 0.650391 0.610938 0.636719 0.634375 0.607422 0.646875 0.603516 0.651563 0.609375 0.651563 0.628906 0.625000 0.654297
0 0.678125 0.193359 0.673438 0.175781 0.679688 0.167969 0.679688 0.156250 0.696875 0.138672 0.715625 0.138672 0.720313 0.148438 0.709375 0.154297 0.678125 0.193359
0 0.418750 0.322266 0.404687 0.312500 0.401562 0.296875 0.406250 0.291016 0.423438 0.312500 0.418750 0.322266
0 0.084375 0.072266 0.053125 0.072266 0.048438 0.062500 0.059375 0.052734 0.075000 0.052734 0.089063 0.062500 0.084375 0.072266
