0 0.175781 0.638672 0.158203 0.632812 0.158203 0.609375 0.164062 0.599609 0.179688 0.599609 0.189453 0.609375 0.189453 0.621094 0.175781 0.638672
0 0.464844 0.228516 0.449219 0.228516 0.435547 0.207031 0.457031 0.205078 0.466797 0.214844 0.464844 0.228516
0 0.707031 0.388672 0.689453 0.382812 0.689453 0.367188 0.703125 0.357422 0.720703 0.367188 0.720703 0.378906 0.707031 0.388672
0 0.242188 0.736328 0.218750 0.736328 0.212891 0.726562 0.212891 0.703125 0.222656 0.693359 0.242188 0.693359 0.255859 0.707031 0.255859 0.730469 0.242188 0.736328
0 0.421875 0.427734 0.406250 0.427734 0.400391 0.421875 0.400391 0.410156 0.410156 0.400391 0.417969 0.400391 0.427734 0.414062 0.421875 0.427734
0 0.390625 0.451172 0.382812 0.451172 0.373047 0.437500 0.378906 0.423828 0.396484 0.433594 0.390625 0.451172
0 0.777344 0.177734 0.755859 0.167969 0.755859 0.148438 0.769531 0.138672 0.787109 0.156250 0.777344 0.177734
0 0.187500 0.431641 0.169922 0.421875 0.169922 0.394531 0.175781 0.388672 0.193359 0.394531 0.193359 0.425781 0.187500 0.431641
0 0.425781 0.251953 0.419922 0.250000 0.419922 0.226562 0.433594 0.220703 0.447266 0.238281 0.441406 0.248047 0.425781 0.251953
0 0.421875 0.458984 0.398438 0.458984 0.392578 0.453125 0.402344 0.427734 0.425781 0.423828 0.431641 0.429688 0.421875 0.458984
0 0.544922 0.996094 0.544922 0.980469 0.554688 0.970703 0.574219 0.970703 0.583984 0.980469 0.583984 0.996094
0 0.332031 0.591797 0.306641 0.589844 0.304688 0.556641 0.328125 0.556641 0.337891 0.566406 0.337891 0.585938 0.332031 0.591797
0 0.742188 0.146484 0.724609 0.144531 0.720703 0.121094 0.726562 0.115234 0.744141 0.125000 0.742188 0.146484
0 0.656250 0.361328 0.636719 0.361328 0.626953 0.351562 0.630859 0.320312 0.636719 0.314453 0.652344 0.314453 0.662109 0.324219 0.662109 0.355469 0.656250 0.361328
0 0.214844 0.443359 0.197266 0.433594 0.197266 0.414062 0.203125 0.408203 0.220703 0.414062 0.220703 0.437500 0.214844 0.443359
0 0.394531 0.427734 0.373047 0.421875 0.373047 0.402344 0.378906 0.396484 0.398438 0.396484 0.404297 0.402344 0.394531 0.427734
0 0.652344 0.908203 0.632812 0.908203 0.623047 0.898438 0.623047 0.878906 0.628906 0.873047 0.644531 0.873047 0.650391 0.878906 0.658203 0.894531 0.652344 0.908203
0 0.656250 0.447266 0.636719 0.447266 0.623047 0.433594 0.615234 0.406250 0.625000 0.396484 0.644531 0.396484 0.662109 0.410156 0.662109 0.441406 0.656250 0.447266
0 0.722656 0.884766 0.703125 0.884766 0.681641 0.859375 0.691406 0.833984 0.707031 0.833984 0.732422 0.855469 0.732422 0.875000 0.722656 0.884766
0 0.300781 0.591797 0.287109 0.585938 0.283203 0.566406 0.289062 0.560547 0.306641 0.566406 0.306641 0.585938 0.300781 0.591797
0 0.691406 0.931641 0.667969 0.931641 0.662109 0.925781 0.662109 0.917969 0.685547 0.902344 0.669922 0.894531 0.675781 0.880859 0.695312 0.880859 0.705078 0.890625 0.705078 0.914062 0.691406 0.931641
0 0.332031 0.751953 0.302734 0.746094 0.306641 0.710938 0.316406 0.705078 0.335938 0.708984 0.341797 0.718750 0.341797 0.734375 0.332031 0.751953
0 0.539062 0.330078 0.519531 0.330078 0.509766 0.312500 0.527344 0.298828 0.546875 0.298828 0.552734 0.304688 0.552734 0.320312 0.539062 0.330078
0 0.156250 0.626953 0.140625 0.626953 0.134766 0.621094 0.134766 0.605469 0.148438 0.587891 0.162109 0.593750 0.162109 0.621094 0.156250 0.626953
0 0.390625 0.728516 0.369141 0.718750 0.369141 0.695312 0.376953 0.675781 0.386719 0.666016 0.398438 0.666016 0.412109 0.679688 0.412109 0.710938 0.390625 0.728516
0 0.519531 0.306641 0.507812 0.306641 0.501953 0.292969 0.527344 0.279297 0.533203 0.292969 0.519531 0.306641
0 0.683594 0.646484 0.667969 0.646484 0.654297 0.632812 0.650391 0.613281 0.660156 0.603516 0.671875 0.603516 0.693359 0.625000 0.693359 0.640625 0.683594 0.646484
0 0.429688 0.591797 0.414062 0.591797 0.408203 0.585938 0.414062 0.568359 0.437500 0.568359 0.443359 0.574219 0.443359 0.582031 0.429688 0.591797
0 0.554688 0.462891 0.539062 0.458984 0.529297 0.449219 0.535156 0.431641 0.542969 0.431641 0.556641 0.445312 0.560547 0.457031 0.554688 0.462891
0 0.433594 0.611328 0.410156 0.611328 0.404297 0.597656 0.410156 0.591797 0.437500 0.587891 0.443359 0.601562 0.433594 0.611328
0 0.574219 0.455078 0.556641 0.449219 0.552734 0.425781 0.558594 0.419922 0.576172 0.425781 0.580078 0.449219 0.574219 0.455078
0 0.707031 0.248047 0.691406 0.248047 0.677734 0.222656 0.677734 0.210938 0.699219 0.197266 0.720703 0.210938 0.720703 0.226562 0.707031 0.248047
