0 0.800000 0.642578 0.784375 0.634766 0.778125 0.638672 0.759375 0.623047 0.760938 0.597656 0.781250 0.556641 0.825000 0.556641 0.842187 0.585938 0.839063 0.617188 0.818750 0.623047 0.800000 0.642578
0 0.428125 0.130859 0.410938 0.105469 0.423438 0.089844 0.420312 0.082031 0.434375 0.076172 0.439063 0.082031 0.439063 0.109375 0.445312 0.113281 0.445312 0.125000 0.437500 0.123047 0.428125 0.130859
0 0.665625 0.166016 0.648438 0.164062 0.650000 0.138672 0.667188 0.140625 0.665625 0.166016
0 0.312500 0.595703 0.271875 0.591797 0.260937 0.574219 0.260937 0.523438 0.278125 0.498047 0.309375 0.494141 0.325000 0.501953 0.335938 0.519531 0.335938 0.574219 0.312500 0.595703
0 0.550000 0.201172 0.525000 0.193359 0.514062 0.179688 0.507812 0.148438 0.510938 0.128906 0.521875 0.111328 0.540625 0.107422 0.551562 0.117188 0.557813 0.175781 0.550000 0.201172
0 0.134375 0.458984 0.118750 0.435547 0.109375 0.447266 0.106250 0.439453 0.096875 0.451172 0.085938 0.445312 0.085938 0.417969 0.095312 0.406250 0.095312 0.390625 0.103125 0.376953 0.139063 0.402344 0.132812 0.410156 0.139063 0.414062 0.132812 0.441406 0.134375 0.458984
0 0.781250 0.212891 0.762500 0.212891 0.757812 0.207031 0.757812 0.191406 0.762500 0.185547 0.781250 0.185547 0.781250 0.212891
0 0.915625 0.103516 0.909375 0.103516 0.892188 0.082031 0.893750 0.068359 0.907813 0.070312 0.917188 0.089844 0.915625 0.103516
0 0.106250 0.830078 0.084375 0.830078 0.076563 0.824219 0.078125 0.775391 0.103125 0.779297 0.114062 0.789062 0.114062 0.816406 0.106250 0.830078
0 0.000000 0.669922 0.007812 0.671875 0.007812 0.714844 0.000000 0.716797
0 0.106250 0.119141 0.068750 0.115234 0.064062 0.109375 0.064062 0.078125 0.071875 0.068359 0.090625 0.068359 0.103125 0.080078 0.107813 0.085938 0.106250 0.119141
0 0.090625 0.607422 0.076563 0.601562 0.051562 0.558594 0.054688 0.535156 0.065625 0.521484 0.084375 0.513672 0.106250 0.517578 0.126562 0.539062 0.126562 0.578125 0.115625 0.595703 0.106250 0.595703 0.090625 0.607422
0 0.950000 0.830078 0.939063 0.816406 0.953125 0.802734 0.965625 0.806641 0.967187 0.820312 0.950000 0.830078
0 0.625000 0.138672 0.625000 0.103516 0.621875 0.107422 0.593750 0.091797 0.568750 0.095703 0.564063 0.089844 0.554688 0.058594 0.556250 0.037109 0.590625 0.017578 0.612500 0.017578 0.643750 0.048828 0.654687 0.050781 0.654687 0.070312 0.632812 0.085938 0.632812 0.109375 0.625000 0.138672
0 0.273438 0.996094 0.287500 0.962891 0.296875 0.962891 0.307812 0.980469 0.304688 0.996094
0 0.693750 0.435547 0.676562 0.425781 0.673438 0.402344 0.651563 0.382812 0.659375 0.369141 0.668750 0.380859 0.675000 0.361328 0.690625 0.361328 0.696875 0.373047 0.710938 0.378906 0.714063 0.414062 0.706250 0.431641 0.693750 0.435547
0 0.754687 0.996094 0.754687 0.968750 0.743750 0.962891 0.742188 0.953125 0.735938 0.949219 0.746875 0.935547 0.759375 0.935547 0.762500 0.943359 0.775000 0.939453 0.789062 0.953125 0.792188 0.996094
0 0.000000 0.455078 0.003125 0.447266 0.028125 0.466797 0.035937 0.488281 0.035937 0.503906 0.015625 0.529297 0.000000 0.537109
0 0.128125 0.814453 0.114062 0.808594 0.115625 0.791016 0.129688 0.792969 0.128125 0.814453
0 0.984375 0.185547 0.975000 0.185547 0.964063 0.156250 0.954688 0.148438 0.953125 0.123047 0.926562 0.121094 0.931250 0.107422 0.956250 0.111328 0.976562 0.125000 0.976562 0.132812 0.985938 0.144531 0.989062 0.175781 0.984375 0.185547
0 0.000000 0.833984 0.006250 0.822266 0.015625 0.818359 0.032813 0.835938 0.045312 0.917969 0.042188 0.933594 0.031250 0.947266 0.025000 0.947266 0.010937 0.933594 0.000000 0.912109
0 0.290625 0.962891 0.259375 0.958984 0.260937 0.941406 0.271875 0.927734 0.278125 0.927734 0.285938 0.937500 0.282813 0.945312 0.292187 0.953125 0.290625 0.962891
0 0.675000 0.134766 0.660937 0.132812 0.662500 0.107422 0.682813 0.109375 0.682813 0.128906 0.675000 0.134766
0 0.093750 0.333984 0.078125 0.333984 0.064062 0.316406 0.070312 0.285156 0.084375 0.275391 0.096875 0.279297 0.110937 0.304688 0.110937 0.324219 0.093750 0.333984
0 0.996875 0.630859 0.989062 0.605469 0.989062 0.582031 0.996875 0.568359
0 0.420312 0.000000 0.418750 0.005859 0.406250 0.009766 0.396875 0.005859 0.393750 0.009766 0.379688 0.000000
0 0.095312 0.996094 0.095312 0.984375 0.103125 0.978516 0.112500 0.978516 0.123438 0.996094
0 0.834375 0.736328 0.817187 0.734375 0.817187 0.710938 0.831250 0.701172 0.839063 0.683594 0.834375 0.677734 0.814063 0.675781 0.818750 0.654297 0.840625 0.654297 0.851562 0.664062 0.854688 0.675781 0.851562 0.714844 0.834375 0.736328
0 0.934375 0.845703 0.926562 0.839844 0.928125 0.814453 0.939063 0.816406 0.934375 0.845703
0 0.937500 0.263672 0.932813 0.261719 0.939063 0.253906 0.934375 0.244141 0.925000 0.248047 0.914062 0.242188 0.920312 0.226562 0.934375 0.216797 0.942187 0.226562 0.945312 0.246094 0.937500 0.263672
0 0.646875 0.697266 0.620313 0.675781 0.625000 0.654297 0.640625 0.673828 0.648438 0.671875 0.645312 0.679688 0.651563 0.691406 0.646875 0.697266
0 0.000000 0.181641 0.015625 0.177734 0.029687 0.187500 0.026562 0.207031 0.010937 0.218750 0.004687 0.234375 0.004687 0.253906 0.000000 0.255859
0 0.606250 0.619141 0.579688 0.613281 0.595313 0.609375 0.592187 0.593750 0.576562 0.585938 0.573438 0.558594 0.584375 0.544922 0.600000 0.548828 0.617188 0.582031 0.617188 0.597656 0.606250 0.619141
0 0.875000 0.943359 0.868750 0.943359 0.864062 0.929688 0.867188 0.890625 0.860938 0.886719 0.860938 0.875000 0.868750 0.869141 0.878125 0.869141 0.882812 0.878906 0.882812 0.937500 0.875000 0.943359
0 0.871875 0.412109 0.856250 0.400391 0.846875 0.412109 0.825000 0.388672 0.820312 0.351562 0.843750 0.361328 0.842187 0.351562 0.850000 0.333984 0.864062 0.363281 0.882812 0.386719 0.870313 0.398438 0.876563 0.406250 0.871875 0.412109
0 0.759375 0.400391 0.737500 0.392578 0.732812 0.378906 0.732812 0.335938 0.737500 0.326172 0.746875 0.322266 0.768750 0.326172 0.785937 0.359375 0.785937 0.378906 0.775000 0.392578 0.759375 0.400391
0 0.935937 0.996094 0.935937 0.976562 0.946875 0.958984 0.964063 0.960938 0.960938 0.968750 0.967187 0.976562 0.957812 0.988281 0.964063 0.996094
0 0.137500 0.935547 0.121875 0.927734 0.115625 0.931641 0.120313 0.921875 0.117188 0.914062 0.126562 0.898438 0.126562 0.878906 0.153125 0.861328 0.157812 0.871094 0.157812 0.902344 0.145313 0.917969 0.145313 0.929688 0.137500 0.935547
0 0.606250 0.166016 0.592187 0.160156 0.593750 0.146484 0.607812 0.148438 0.606250 0.166016
0 0.203125 0.412109 0.178125 0.412109 0.157812 0.394531 0.184375 0.369141 0.200000 0.369141 0.207813 0.378906 0.210938 0.394531 0.203125 0.412109
0 0.645312 0.996094 0.646875 0.986328 0.662500 0.986328 0.671875 0.994141 0.696875 0.990234 0.701562 0.996094
0 0.859375 0.287109 0.846875 0.287109 0.812500 0.263672 0.806250 0.267578 0.801562 0.257812 0.804688 0.230469 0.837500 0.201172 0.853125 0.208984 0.857812 0.222656 0.870313 0.234375 0.876563 0.269531 0.868750 0.283203 0.859375 0.287109
0 0.484375 0.123047 0.457813 0.113281 0.464062 0.085938 0.473438 0.082031 0.478125 0.064453 0.484375 0.064453 0.498437 0.085938 0.498437 0.117188 0.490625 0.119141 0.481250 0.111328 0.484375 0.123047
0 0.843750 0.361328 0.834375 0.361328 0.814063 0.347656 0.814063 0.320312 0.818750 0.314453 0.834375 0.314453 0.840625 0.306641 0.854688 0.320312 0.857812 0.343750 0.850000 0.333984 0.842187 0.351562 0.843750 0.361328
0 0.996875 0.775391 0.982812 0.761719 0.982812 0.742188 0.976562 0.730469 0.982812 0.726562 0.982812 0.718750 0.976562 0.714844 0.976562 0.699219 0.996875 0.685547
0 0.475000 0.486328 0.462500 0.482422 0.451562 0.468750 0.456250 0.458984 0.465625 0.458984 0.476562 0.468750 0.479687 0.480469 0.475000 0.486328
0 0.543750 0.607422 0.532813 0.601562 0.532813 0.585938 0.526563 0.578125 0.553125 0.560547 0.551562 0.578125 0.557813 0.593750 0.543750 0.607422
0 0.418750 0.197266 0.401562 0.195312 0.403125 0.169922 0.423438 0.171875 0.418750 0.197266
0 0.046875 0.119141 0.028125 0.119141 0.021875 0.107422 0.007812 0.105469 0.007812 0.050781 0.037500 0.013672 0.056250 0.013672 0.070312 0.031250 0.067187 0.074219 0.060937 0.097656 0.046875 0.119141
0 0.412500 0.708984 0.379688 0.691406 0.392188 0.656250 0.375000 0.654297 0.370312 0.640625 0.390625 0.615234 0.415625 0.615234 0.434375 0.623047 0.448437 0.640625 0.448437 0.652344 0.442188 0.656250 0.439063 0.671875 0.442188 0.691406 0.428125 0.705078 0.412500 0.708984
0 0.096875 0.697266 0.081250 0.697266 0.076563 0.679688 0.087500 0.669922 0.098437 0.683594 0.096875 0.697266
0 0.909375 0.935547 0.895312 0.933594 0.885938 0.898438 0.887500 0.861328 0.906250 0.861328 0.910937 0.867188 0.914062 0.921875 0.909375 0.935547
0 0.000000 0.400391 0.006250 0.392578 0.018750 0.392578 0.026562 0.410156 0.023438 0.433594 0.014063 0.441406 0.014063 0.453125 0.003125 0.447266 0.000000 0.455078
0 0.587500 0.330078 0.579688 0.324219 0.578125 0.314453 0.568750 0.326172 0.559375 0.326172 0.559375 0.318359 0.553125 0.322266 0.548438 0.285156 0.562500 0.275391 0.584375 0.275391 0.590625 0.267578 0.600000 0.283203 0.606250 0.275391 0.617188 0.289062 0.617188 0.300781 0.612500 0.310547 0.596875 0.310547 0.587500 0.330078
0 0.928125 0.267578 0.912500 0.267578 0.910937 0.250000 0.931250 0.248047 0.935937 0.257812 0.928125 0.267578
0 0.540625 0.880859 0.503125 0.876953 0.485938 0.859375 0.479687 0.828125 0.503125 0.787109 0.540625 0.794922 0.554688 0.812500 0.557813 0.859375 0.540625 0.880859
0 0.996875 0.986328 0.984375 0.982422 0.981250 0.994141 0.976562 0.980469 0.967187 0.976562 0.970313 0.957031 0.964063 0.953125 0.960938 0.937500 0.971875 0.919922 0.984375 0.919922 0.985938 0.929688 0.992188 0.933594 0.993750 0.958984 0.996875 0.951172
0 0.925000 0.826172 0.920312 0.812500 0.929688 0.804688 0.931250 0.791016 0.940625 0.787109 0.948438 0.808594 0.934375 0.806641 0.925000 0.826172
0 0.837500 0.162109 0.803125 0.162109 0.801562 0.148438 0.834375 0.134766 0.846875 0.107422 0.862500 0.103516 0.864062 0.132812 0.837500 0.162109
0 0.603125 0.974609 0.598437 0.972656 0.595313 0.949219 0.589063 0.941406 0.590625 0.927734 0.601562 0.945312 0.603125 0.974609
0 0.662500 0.888672 0.640625 0.880859 0.626563 0.859375 0.626563 0.839844 0.643750 0.818359 0.670312 0.851562 0.673438 0.875000 0.662500 0.888672
0 0.226562 0.000000 0.223438 0.015625 0.229687 0.031250 0.267188 0.066406 0.265625 0.091797 0.215625 0.060547 0.200000 0.064453 0.189062 0.050781 0.179688 0.015625 0.170313 0.011719 0.176563 0.000000
0 0.971875 0.822266 0.965625 0.806641 0.951562 0.800781 0.962500 0.802734 0.962500 0.791016 0.976562 0.796875 0.971875 0.822266
0 0.271875 0.994141 0.265625 0.978516 0.259375 0.990234 0.240625 0.990234 0.239063 0.968750 0.256250 0.955078 0.268750 0.962891 0.284375 0.958984 0.285938 0.968750 0.271875 0.994141
0 0.862500 0.818359 0.832812 0.816406 0.823438 0.789062 0.826562 0.765625 0.832812 0.757812 0.837500 0.732422 0.884375 0.720703 0.887500 0.728516 0.900000 0.728516 0.904687 0.734375 0.910937 0.769531 0.903125 0.791016 0.881250 0.791016 0.864062 0.808594 0.862500 0.818359
0 0.512500 0.486328 0.495312 0.460938 0.501563 0.445312 0.510938 0.437500 0.512500 0.423828 0.520312 0.441406 0.520312 0.453125 0.514062 0.457031 0.512500 0.486328
0 0.545312 0.996094 0.539062 0.984375 0.540625 0.970703 0.556250 0.978516 0.564063 0.996094
0 0.881250 0.439453 0.853125 0.435547 0.845313 0.417969 0.848437 0.406250 0.856250 0.400391 0.871875 0.412109 0.890625 0.404297 0.892188 0.433594 0.881250 0.439453
0 0.550000 0.361328 0.535937 0.347656 0.539062 0.339844 0.546875 0.341797 0.551562 0.335938 0.545312 0.332031 0.556250 0.318359 0.560937 0.320312 0.559375 0.326172 0.568750 0.326172 0.578125 0.314453 0.579688 0.324219 0.570312 0.332031 0.567187 0.347656 0.550000 0.361328
0 0.109375 0.775391 0.073438 0.773438 0.073438 0.738281 0.081250 0.728516 0.112500 0.728516 0.126562 0.742188 0.123438 0.765625 0.109375 0.775391
0 0.259375 0.228516 0.234375 0.220703 0.229687 0.207031 0.217188 0.195312 0.214062 0.164062 0.218750 0.158203 0.240625 0.154297 0.279687 0.187500 0.282813 0.210938 0.259375 0.228516
0 0.515625 0.298828 0.509375 0.291016 0.503125 0.294922 0.495312 0.277344 0.506250 0.248047 0.521875 0.251953 0.535937 0.277344 0.531250 0.291016 0.521875 0.291016 0.515625 0.298828
0 0.575000 0.630859 0.553125 0.623047 0.539062 0.609375 0.557813 0.593750 0.551562 0.578125 0.554688 0.562500 0.545312 0.566406 0.553125 0.548828 0.576562 0.554688 0.576562 0.585938 0.587500 0.587891 0.595313 0.601562 0.593750 0.611328 0.579688 0.613281 0.582812 0.621094 0.575000 0.630859
0 0.521875 0.361328 0.512500 0.361328 0.501563 0.347656 0.498437 0.320312 0.503125 0.302734 0.531250 0.291016 0.537500 0.275391 0.548438 0.285156 0.551562 0.324219 0.545312 0.332031 0.551562 0.335938 0.546875 0.341797 0.540625 0.337891 0.535937 0.347656 0.548438 0.355469 0.521875 0.361328
0 0.996875 0.525391 0.989062 0.500000 0.967187 0.476562 0.967187 0.453125 0.976562 0.441406 0.976562 0.433594 0.981250 0.427734 0.996875 0.431641
0 0.743750 0.244141 0.729688 0.234375 0.731250 0.224609 0.739062 0.222656 0.743750 0.201172 0.745313 0.222656 0.754687 0.226562 0.743750 0.244141
0 0.903125 0.634766 0.868750 0.626953 0.854688 0.589844 0.854688 0.570312 0.868750 0.552734 0.893750 0.541016 0.909375 0.544922 0.921875 0.568359 0.925000 0.560547 0.937500 0.568359 0.954688 0.593750 0.950000 0.623047 0.934375 0.630859 0.925000 0.630859 0.918750 0.623047 0.903125 0.634766
0 0.796875 0.130859 0.789062 0.128906 0.789062 0.117188 0.803125 0.107422 0.815625 0.087891 0.864062 0.085938 0.856250 0.107422 0.850000 0.107422 0.843750 0.095703 0.821875 0.107422 0.796875 0.130859
0 0.996875 0.087891 0.968750 0.087891 0.960938 0.070312 0.960938 0.054688 0.968750 0.041016 0.996875 0.060547
0 0.784375 0.529297 0.773438 0.523438 0.781250 0.521484 0.784375 0.513672 0.765625 0.513672 0.751563 0.492188 0.760938 0.472656 0.781250 0.455078 0.809375 0.462891 0.826562 0.480469 0.825000 0.498047 0.800000 0.501953 0.784375 0.529297
0 0.628125 0.349609 0.612500 0.349609 0.610938 0.316406 0.595313 0.312500 0.612500 0.310547 0.617188 0.300781 0.617188 0.289062 0.606250 0.275391 0.600000 0.283203 0.595313 0.269531 0.615625 0.263672 0.643750 0.275391 0.654687 0.269531 0.654687 0.242188 0.642188 0.222656 0.642188 0.203125 0.653125 0.193359 0.671875 0.197266 0.684375 0.208984 0.706250 0.212891 0.714063 0.222656 0.717187 0.246094 0.726562 0.261719 0.723437 0.289062 0.706250 0.302734 0.687500 0.302734 0.659375 0.283203 0.654687 0.289062 0.654687 0.304688 0.639062 0.320312 0.628125 0.349609
0 0.540625 0.486328 0.528125 0.486328 0.517188 0.476562 0.514062 0.457031 0.523438 0.445312 0.514062 0.429688 0.518750 0.419922 0.537500 0.419922 0.546875 0.431641 0.560937 0.437500 0.557813 0.449219 0.567187 0.464844 0.540625 0.486328
0 0.584375 0.763672 0.575000 0.763672 0.560937 0.738281 0.565625 0.728516 0.584375 0.720703 0.592187 0.730469 0.578125 0.728516 0.573438 0.738281 0.576562 0.753906 0.584375 0.763672
0 0.781250 0.853516 0.768750 0.853516 0.751563 0.828125 0.757812 0.812500 0.757812 0.761719 0.768750 0.744141 0.796875 0.763672 0.810937 0.781250 0.817187 0.808594 0.814063 0.839844 0.803125 0.849609 0.800000 0.845703 0.781250 0.853516
0 0.640625 0.748047 0.640625 0.724609 0.664062 0.734375 0.662500 0.744141 0.643750 0.740234 0.640625 0.748047
0 0.725000 0.978516 0.721875 0.970703 0.707812 0.972656 0.707812 0.949219 0.728125 0.931641 0.732812 0.949219 0.725000 0.978516
