0 0.852778 0.768056 0.841667 0.768056 0.829167 0.758333 0.827778 0.731944 0.838889 0.729167 0.859722 0.736111 0.859722 0.758333 0.852778 0.768056
0 0.997222 0.301389 0.987500 0.311111 0.993056 0.327778 0.993056 0.352778 0.986111 0.365278 0.961111 0.381944 0.858333 0.381944 0.836111 0.370833 0.826389 0.361111 0.818056 0.338889 0.818056 0.313889 0.841667 0.284722 0.850000 0.279167 0.902778 0.273611 0.916667 0.254167 0.933333 0.254167 0.950000 0.273611 0.988889 0.273611 0.997222 0.287500
0 0.786111 0.512500 0.750000 0.512500 0.730556 0.504167 0.706944 0.483333 0.695833 0.463889 0.693056 0.441667 0.693056 0.411111 0.698611 0.394444 0.695833 0.377778 0.704167 0.352778 0.712500 0.338889 0.738889 0.315278 0.772222 0.306944 0.802778 0.315278 0.815278 0.330556 0.823611 0.350000 0.823611 0.369444 0.829167 0.377778 0.829167 0.397222 0.834722 0.408333 0.831944 0.444444 0.818056 0.483333 0.800000 0.504167 0.786111 0.512500
0 0.341667 0.618056 0.300000 0.595833 0.281944 0.577778 0.273611 0.563889 0.268056 0.538889 0.277778 0.509722 0.297222 0.495833 0.327778 0.484722 0.350000 0.484722 0.352778 0.490278 0.355556 0.487500 0.380556 0.515278 0.394444 0.520833 0.409722 0.538889 0.418056 0.566667 0.415278 0.586111 0.405556 0.601389 0.386111 0.612500 0.341667 0.618056
0 0.997222 0.176389 0.980556 0.173611 0.961111 0.162500 0.954167 0.155556 0.948611 0.138889 0.948611 0.127778 0.959722 0.108333 0.997222 0.079167
0 0.000000 0.904167 0.005556 0.904167 0.023611 0.875000 0.038889 0.865278 0.058333 0.865278 0.070833 0.875000 0.076389 0.888889 0.076389 0.913889 0.059722 0.963889 0.059722 0.997222
0 0.555556 0.484722 0.516667 0.484722 0.501389 0.472222 0.495833 0.388889 0.501389 0.361111 0.515278 0.330556 0.538889 0.306944 0.550000 0.301389 0.580556 0.298611 0.595833 0.308333 0.601389 0.325000 0.626389 0.363889 0.626389 0.411111 0.620833 0.433333 0.606944 0.458333 0.577778 0.468056 0.555556 0.484722
0 0.359722 0.000000 0.341667 0.029167 0.333333 0.029167 0.319444 0.043056 0.300000 0.045833 0.276389 0.030556 0.270833 0.002778 0.273611 0.000000
0 0.880556 0.090278 0.870833 0.088889 0.870833 0.069444 0.880556 0.062500 0.891667 0.062500 0.893056 0.077778 0.880556 0.090278
0 0.070833 0.997222 0.059722 0.972222 0.079167 0.894444 0.105556 0.865278 0.127778 0.856944 0.144444 0.856944 0.158333 0.862500 0.170833 0.875000 0.179167 0.908333 0.170833 0.944444 0.156944 0.972222 0.137500 0.997222
0 0.200000 0.259722 0.125000 0.256944 0.112500 0.247222 0.109722 0.238889 0.109722 0.202778 0.129167 0.166667 0.166667 0.129167 0.172222 0.129167 0.183333 0.118056 0.191667 0.120833 0.205556 0.115278 0.236111 0.115278 0.244444 0.123611 0.263889 0.126389 0.273611 0.136111 0.279167 0.161111 0.279167 0.191667 0.244444 0.231944 0.227778 0.245833 0.200000 0.259722
0 0.727778 0.637500 0.708333 0.637500 0.695833 0.630556 0.681944 0.602778 0.686111 0.581944 0.716667 0.579167 0.747222 0.587500 0.762500 0.597222 0.762500 0.613889 0.752778 0.620833 0.738889 0.620833 0.727778 0.637500
0 0.161111 0.801389 0.141667 0.798611 0.133333 0.793056 0.118056 0.766667 0.118056 0.708333 0.123611 0.683333 0.129167 0.677778 0.131944 0.658333 0.150000 0.648611 0.172222 0.651389 0.186111 0.665278 0.222222 0.665278 0.233333 0.670833 0.245833 0.683333 0.251389 0.700000 0.248611 0.725000 0.231944 0.758333 0.205556 0.784722 0.197222 0.784722 0.180556 0.795833 0.161111 0.801389
0 0.000000 0.637500 0.008333 0.637500 0.015278 0.622222 0.055556 0.590278 0.086111 0.579167 0.109722 0.591667 0.120833 0.622222 0.120833 0.663889 0.115278 0.686111 0.109722 0.691667 0.109722 0.708333 0.091667 0.723611 0.061111 0.737500 0.058333 0.743056 0.030556 0.740278 0.009722 0.719444 0.001389 0.700000 0.000000 0.681944
0 0.536111 0.284722 0.494444 0.281944 0.480556 0.276389 0.477778 0.270833 0.475000 0.273611 0.468056 0.261111 0.409722 0.200000 0.404167 0.155556 0.416667 0.140278 0.438889 0.137500 0.477778 0.154167 0.529167 0.200000 0.545833 0.227778 0.551389 0.230556 0.554167 0.247222 0.551389 0.266667 0.536111 0.284722
0 0.300000 0.273611 0.286111 0.273611 0.268056 0.250000 0.268056 0.225000 0.284722 0.197222 0.287500 0.183333 0.279167 0.172222 0.279167 0.152778 0.293056 0.122222 0.308333 0.112500 0.330556 0.084722 0.350000 0.084722 0.379167 0.102778 0.390278 0.141667 0.384722 0.186111 0.370833 0.219444 0.348611 0.252778 0.322222 0.270833 0.300000 0.273611
0 0.791667 0.856944 0.750000 0.854167 0.734722 0.836111 0.712500 0.791667 0.662500 0.750000 0.656944 0.738889 0.656944 0.708333 0.683333 0.676389 0.711111 0.668056 0.741667 0.668056 0.766667 0.679167 0.804167 0.711111 0.812500 0.750000 0.826389 0.780556 0.829167 0.808333 0.818056 0.838889 0.791667 0.856944
0 0.000000 0.326389 0.019444 0.329167 0.050000 0.348611 0.068056 0.377778 0.065278 0.402778 0.044444 0.431944 0.022222 0.440278 0.000000 0.440278
0 0.529167 0.997222 0.515278 0.969444 0.515278 0.922222 0.530556 0.906944 0.552778 0.904167 0.588889 0.906944 0.604167 0.922222 0.615278 0.955556 0.650000 0.968056 0.668056 0.986111 0.670833 0.997222
0 0.997222 0.690278 0.979167 0.675000 0.959722 0.633333 0.945833 0.625000 0.940278 0.608333 0.943056 0.563889 0.969444 0.543056 0.997222 0.540278
0 0.084722 0.000000 0.063889 0.018056 0.058333 0.018056 0.052778 0.026389 0.044444 0.026389 0.041667 0.037500 0.033333 0.034722 0.027778 0.043056 0.016667 0.048611 0.011111 0.048611 0.008333 0.043056 0.000000 0.045833
0 0.838889 0.248611 0.816667 0.248611 0.794444 0.237500 0.784722 0.222222 0.779167 0.194444 0.779167 0.158333 0.790278 0.127778 0.808333 0.106944 0.816667 0.104167 0.844444 0.106944 0.861111 0.120833 0.884722 0.144444 0.909722 0.191667 0.909722 0.208333 0.898611 0.219444 0.891667 0.234722 0.883333 0.234722 0.866667 0.245833 0.850000 0.243056 0.838889 0.248611
0 0.759722 0.000000 0.756944 0.013889 0.736111 0.037500 0.705556 0.051389 0.702778 0.056944 0.669444 0.062500 0.652778 0.062500 0.641667 0.056944 0.633333 0.059722 0.597222 0.045833 0.587500 0.030556 0.590278 0.000000
0 0.433333 0.973611 0.405556 0.970833 0.384722 0.952778 0.379167 0.936111 0.370833 0.880556 0.370833 0.841667 0.380556 0.823611 0.402778 0.815278 0.427778 0.820833 0.448611 0.838889 0.465278 0.869444 0.470833 0.897222 0.470833 0.925000 0.465278 0.947222 0.452778 0.965278 0.433333 0.973611
