0 0.346680 0.185059 0.338867 0.185059 0.335449 0.181641 0.335449 0.178711 0.338867 0.173340 0.342773 0.173340 0.348145 0.178711 0.349121 0.182617 0.346680 0.185059
0 0.786133 0.494629 0.782715 0.493164 0.781738 0.486328 0.785156 0.483887 0.788086 0.483887 0.791504 0.486328 0.791504 0.491211 0.786133 0.494629
0 0.855469 0.158691 0.849609 0.158691 0.848145 0.157227 0.848145 0.152344 0.857422 0.141113 0.865234 0.141113 0.869629 0.145508 0.867676 0.153320 0.862305 0.157715 0.855469 0.158691
0 0.552734 0.469238 0.543945 0.468262 0.538574 0.461914 0.537598 0.446289 0.541992 0.441895 0.547852 0.441895 0.551758 0.443848 0.558105 0.450195 0.559082 0.460938 0.557129 0.465820 0.552734 0.469238
0 0.220703 0.770020 0.210938 0.770020 0.204590 0.764648 0.204590 0.750977 0.209961 0.744629 0.216797 0.744629 0.221680 0.746582 0.226074 0.752930 0.227051 0.759766 0.225098 0.765625 0.220703 0.770020
0 0.210938 0.444824 0.208984 0.444824 0.202637 0.438477 0.202637 0.427734 0.203613 0.424805 0.207031 0.422363 0.216797 0.421387 0.223145 0.427734 0.224121 0.439453 0.210938 0.444824
0 0.042969 0.978027 0.037598 0.977539 0.037598 0.972656 0.039062 0.971191 0.046387 0.973633 0.046387 0.975586 0.043945 0.976074 0.042969 0.978027
0 0.303711 0.253418 0.299805 0.253418 0.292969 0.250488 0.291504 0.249023 0.290527 0.241211 0.296875 0.231934 0.303711 0.228027 0.308594 0.228027 0.315918 0.235352 0.315918 0.248047 0.303711 0.253418
0 0.345703 0.521973 0.334961 0.521973 0.330566 0.517578 0.332520 0.509766 0.335938 0.506348 0.342773 0.503418 0.348633 0.503418 0.352051 0.505859 0.354004 0.509766 0.354004 0.515625 0.345703 0.521973
0 0.831055 0.102051 0.823242 0.102051 0.819824 0.099609 0.818848 0.092773 0.823242 0.088379 0.838867 0.081543 0.845703 0.081543 0.851074 0.084961 0.851074 0.089844 0.846680 0.096191 0.841797 0.099121 0.831055 0.102051
0 0.336914 0.375488 0.332031 0.374512 0.323730 0.366211 0.322754 0.356445 0.328125 0.350098 0.342773 0.347168 0.346191 0.352539 0.346191 0.367188 0.340820 0.373535 0.336914 0.375488
0 0.803711 0.552246 0.796875 0.550293 0.794434 0.547852 0.791504 0.541992 0.791504 0.535156 0.795410 0.525391 0.799805 0.520996 0.805664 0.520020 0.810547 0.521973 0.814941 0.526367 0.815918 0.541016 0.810547 0.550293 0.803711 0.552246
0 0.843750 0.151855 0.836914 0.150879 0.835449 0.149414 0.833496 0.143555 0.833496 0.135742 0.840820 0.128418 0.847656 0.128418 0.853027 0.132812 0.854004 0.136719 0.850098 0.147461 0.843750 0.151855
0 0.765625 0.627441 0.761719 0.627441 0.760254 0.625977 0.760254 0.620117 0.761719 0.618652 0.766113 0.620117 0.765625 0.627441
0 0.338867 0.425293 0.335938 0.425293 0.334473 0.422852 0.338379 0.411133 0.346680 0.402832 0.352539 0.402832 0.354980 0.407227 0.353027 0.411133 0.338867 0.425293
0 0.618164 0.621582 0.612793 0.621094 0.613281 0.610840 0.615234 0.610840 0.616699 0.614258 0.619629 0.616211 0.619629 0.620117 0.618164 0.621582
0 0.178711 0.806152 0.170898 0.806152 0.163574 0.802734 0.162598 0.793945 0.166992 0.786621 0.175781 0.784668 0.184570 0.786621 0.187988 0.790039 0.189941 0.793945 0.189941 0.800781 0.185547 0.804199 0.178711 0.806152
0 0.816406 0.637207 0.811523 0.637207 0.809082 0.634766 0.809082 0.627930 0.813965 0.617188 0.812988 0.609375 0.820312 0.608887 0.824707 0.616211 0.825684 0.624023 0.820801 0.633789 0.816406 0.637207
0 0.717773 0.464355 0.709961 0.462402 0.706543 0.458984 0.703613 0.452148 0.704590 0.446289 0.713867 0.438965 0.720703 0.440918 0.724121 0.444336 0.726074 0.449219 0.725098 0.459961 0.717773 0.464355
0 0.053711 0.985840 0.045898 0.983887 0.045410 0.981445 0.046875 0.979980 0.053711 0.980957 0.053711 0.985840
0 0.604492 0.405762 0.599121 0.405273 0.599121 0.400391 0.602539 0.396973 0.606445 0.396973 0.607910 0.398438 0.607910 0.402344 0.604492 0.405762
0 0.730469 0.342285 0.724609 0.341309 0.721191 0.337891 0.719238 0.331055 0.720215 0.321289 0.727539 0.313965 0.738281 0.316895 0.742676 0.325195 0.741699 0.334961 0.736328 0.340332 0.730469 0.342285
0 0.737305 0.580566 0.730957 0.572266 0.730957 0.563477 0.732910 0.558594 0.738281 0.553223 0.741211 0.551270 0.746094 0.551270 0.747559 0.552734 0.749512 0.567383 0.744629 0.572266 0.744629 0.574219 0.737305 0.580566
0 0.606445 0.629395 0.598633 0.627441 0.596191 0.624023 0.597168 0.620117 0.600586 0.616699 0.611328 0.616699 0.612793 0.619141 0.613770 0.622070 0.611816 0.625977 0.606445 0.629395
0 0.397461 0.336426 0.387695 0.335449 0.384277 0.331055 0.384277 0.323242 0.393555 0.314941 0.399414 0.312988 0.407227 0.313965 0.409668 0.316406 0.410645 0.321289 0.409668 0.328125 0.397461 0.336426
0 0.600586 0.366699 0.588867 0.364746 0.582520 0.360352 0.581543 0.352539 0.584961 0.347168 0.598633 0.345215 0.607910 0.350586 0.609863 0.356445 0.607910 0.360352 0.600586 0.366699
0 0.827148 0.586426 0.814453 0.586426 0.811523 0.584473 0.803223 0.574219 0.802246 0.567383 0.805664 0.566895 0.813477 0.570801 0.814453 0.572754 0.818359 0.573730 0.824707 0.579102 0.827148 0.586426
0 0.119141 0.733887 0.115234 0.733887 0.110840 0.731445 0.110840 0.723633 0.120117 0.717285 0.132812 0.718262 0.133301 0.725586 0.131348 0.731445 0.121094 0.731934 0.119141 0.733887
0 0.656250 0.269043 0.646484 0.268066 0.641113 0.261719 0.643066 0.252930 0.648438 0.247559 0.660156 0.246582 0.664551 0.250000 0.668457 0.255859 0.668457 0.262695 0.656250 0.269043
0 0.249023 0.277832 0.243652 0.275391 0.243652 0.265625 0.248535 0.252930 0.254883 0.248535 0.257812 0.249512 0.262207 0.254883 0.263184 0.261719 0.257324 0.268555 0.256348 0.272461 0.249023 0.277832
0 0.582031 0.291504 0.578613 0.290039 0.580078 0.285645 0.583496 0.286133 0.583496 0.290039 0.582031 0.291504
0 0.581055 0.424316 0.574707 0.420898 0.576172 0.413574 0.580566 0.414062 0.581055 0.424316
0 0.613281 0.742676 0.603516 0.742676 0.596680 0.739746 0.592285 0.736328 0.593262 0.730469 0.597656 0.726074 0.603516 0.726074 0.614258 0.730957 0.616699 0.735352 0.616699 0.739258 0.613281 0.742676
0 0.598633 0.430176 0.588379 0.425781 0.588379 0.418945 0.585449 0.414062 0.585449 0.411133 0.588867 0.407715 0.599609 0.407715 0.606934 0.414062 0.607910 0.423828 0.603516 0.428223 0.598633 0.430176
0 0.590820 0.290527 0.586426 0.290039 0.589355 0.283203 0.592773 0.280762 0.597656 0.280762 0.598145 0.283203 0.594727 0.286621 0.592773 0.286621 0.590820 0.290527
0 0.405273 0.177246 0.403320 0.177246 0.399902 0.173828 0.401367 0.170410 0.404297 0.170410 0.408691 0.173828 0.405273 0.177246
0 0.710938 0.274902 0.708008 0.274902 0.705566 0.272461 0.705566 0.269531 0.708984 0.265137 0.712891 0.265137 0.714355 0.266602 0.714355 0.272461 0.710938 0.274902
0 0.773438 0.612793 0.763672 0.612793 0.755371 0.607422 0.756348 0.598633 0.762207 0.596680 0.760254 0.585938 0.766602 0.580566 0.772461 0.581543 0.778320 0.585449 0.782715 0.590820 0.782715 0.600586 0.780762 0.606445 0.773438 0.612793
0 0.055664 0.980957 0.049805 0.979980 0.047363 0.974609 0.048828 0.973145 0.052734 0.973145 0.056152 0.976562 0.055664 0.980957
0 0.245117 0.370605 0.236328 0.369629 0.231934 0.365234 0.231934 0.351562 0.241211 0.346191 0.247070 0.347168 0.253418 0.355469 0.251465 0.365234 0.248047 0.369629 0.245117 0.370605
0 0.763672 0.534668 0.756836 0.533691 0.756348 0.531250 0.761719 0.526855 0.764648 0.526855 0.766113 0.532227 0.763672 0.534668
0 0.713867 0.029785 0.704102 0.027832 0.697754 0.021484 0.697754 0.015625 0.705078 0.008301 0.714844 0.008301 0.723145 0.014648 0.723145 0.024414 0.713867 0.029785
0 0.582031 0.284668 0.571289 0.284668 0.567871 0.283203 0.567871 0.280273 0.571289 0.277832 0.582031 0.274902 0.594727 0.274902 0.598145 0.277344 0.596680 0.280762 0.587891 0.281738 0.582031 0.284668
0 0.806641 0.623535 0.802246 0.621094 0.801270 0.616211 0.805664 0.609863 0.810547 0.609863 0.813965 0.614258 0.813965 0.617188 0.809570 0.622559 0.806641 0.623535
