0 0.787109 0.000000 0.791016 0.015625 0.783203 0.031250 0.750000 0.048828 0.720703 0.031250 0.705078 0.000000
0 0.492188 0.982422 0.468750 0.982422 0.451172 0.968750 0.451172 0.929688 0.484375 0.912109 0.511719 0.912109 0.521484 0.921875 0.513672 0.972656 0.492188 0.982422
0 0.179688 0.958984 0.162109 0.953125 0.169922 0.894531 0.179688 0.884766 0.199219 0.880859 0.208984 0.890625 0.201172 0.941406 0.179688 0.958984
0 0.533203 0.996094 0.513672 0.968750 0.513672 0.953125 0.541016 0.914062 0.578125 0.884766 0.585938 0.884766 0.593750 0.896484 0.605469 0.896484 0.626953 0.925781 0.623047 0.957031 0.599609 0.988281 0.599609 0.996094
0 0.183594 0.736328 0.156250 0.732422 0.150391 0.714844 0.171875 0.677734 0.183594 0.666016 0.199219 0.666016 0.208984 0.679688 0.212891 0.703125 0.183594 0.736328
0 0.996094 0.697266 0.976562 0.701172 0.966797 0.691406 0.958984 0.667969 0.943359 0.660156 0.943359 0.644531 0.964844 0.626953 0.984375 0.623047 0.996094 0.630859
0 0.132812 0.955078 0.101562 0.955078 0.076172 0.929688 0.076172 0.894531 0.089844 0.876953 0.109375 0.865234 0.140625 0.865234 0.158203 0.898438 0.158203 0.929688 0.132812 0.955078
0 0.548828 0.000000 0.552734 0.019531 0.539062 0.041016 0.519531 0.041016 0.507812 0.033203 0.498047 0.023438 0.498047 0.000000
0 0.261719 0.576172 0.222656 0.576172 0.205078 0.558594 0.185547 0.519531 0.185547 0.500000 0.199219 0.486328 0.265625 0.486328 0.287109 0.507812 0.294922 0.519531 0.294922 0.550781 0.273438 0.572266 0.261719 0.576172
0 0.550781 0.193359 0.511719 0.189453 0.482422 0.156250 0.486328 0.117188 0.500000 0.103516 0.535156 0.095703 0.550781 0.103516 0.576172 0.132812 0.576172 0.167969 0.550781 0.193359
0 0.214844 0.310547 0.203125 0.310547 0.183594 0.298828 0.166016 0.269531 0.169922 0.250000 0.199219 0.232422 0.210938 0.232422 0.240234 0.261719 0.236328 0.292969 0.214844 0.310547
0 0.675781 0.158203 0.652344 0.158203 0.611328 0.117188 0.607422 0.085938 0.632812 0.052734 0.671875 0.048828 0.705078 0.085938 0.708984 0.136719 0.675781 0.158203
0 0.996094 0.017578 0.972656 0.013672 0.958984 0.000000
0 0.578125 0.853516 0.542969 0.837891 0.525391 0.812500 0.529297 0.789062 0.554688 0.767578 0.585938 0.771484 0.615234 0.796875 0.611328 0.839844 0.578125 0.853516
0 0.000000 0.775391 0.013672 0.785156 0.025391 0.804688 0.021484 0.832031 0.000000 0.849609
0 0.906250 0.267578 0.875000 0.259766 0.857422 0.242188 0.857422 0.199219 0.867188 0.189453 0.910156 0.193359 0.904297 0.164062 0.925781 0.134766 0.941406 0.146484 0.972656 0.146484 0.978516 0.156250 0.978516 0.183594 0.957031 0.201172 0.927734 0.203125 0.935547 0.210938 0.935547 0.242188 0.906250 0.267578
0 0.062500 0.298828 0.039062 0.298828 0.013672 0.269531 0.013672 0.230469 0.029297 0.207031 0.046875 0.197266 0.066406 0.197266 0.095703 0.210938 0.087891 0.277344 0.062500 0.298828
0 0.089844 0.541016 0.058594 0.537109 0.029297 0.507812 0.033203 0.457031 0.050781 0.439453 0.105469 0.439453 0.119141 0.453125 0.119141 0.503906 0.111328 0.523438 0.089844 0.541016
0 0.996094 0.134766 0.988281 0.146484 0.941406 0.146484 0.931641 0.136719 0.931641 0.101562 0.953125 0.080078 0.988281 0.083984 0.996094 0.091797
0 0.765625 0.228516 0.746094 0.224609 0.720703 0.187500 0.720703 0.156250 0.732422 0.136719 0.750000 0.126953 0.779297 0.136719 0.798828 0.179688 0.787109 0.214844 0.765625 0.228516
0 0.867188 0.138672 0.843750 0.134766 0.810547 0.097656 0.802734 0.058594 0.806641 0.042969 0.820312 0.021484 0.839844 0.013672 0.890625 0.017578 0.904297 0.031250 0.912109 0.050781 0.912109 0.066406 0.892578 0.097656 0.892578 0.125000 0.882812 0.134766 0.867188 0.138672
0 0.761719 0.830078 0.734375 0.826172 0.708984 0.800781 0.708984 0.777344 0.726562 0.755859 0.761719 0.751953 0.783203 0.769531 0.791016 0.785156 0.787109 0.808594 0.761719 0.830078
0 0.613281 0.298828 0.582031 0.294922 0.560547 0.273438 0.560547 0.250000 0.568359 0.234375 0.582031 0.224609 0.621094 0.224609 0.642578 0.253906 0.638672 0.281250 0.613281 0.298828
0 0.453125 0.927734 0.441406 0.923828 0.419922 0.902344 0.423828 0.871094 0.437500 0.857422 0.468750 0.857422 0.486328 0.875000 0.482422 0.914062 0.453125 0.927734
0 0.996094 0.048828 0.988281 0.056641 0.960938 0.056641 0.943359 0.039062 0.943359 0.011719 0.949219 0.005859 0.964844 0.005859 0.972656 0.013672 0.988281 0.013672 0.996094 0.025391
0 0.109375 0.841797 0.074219 0.841797 0.052734 0.812500 0.052734 0.792969 0.066406 0.783203 0.113281 0.783203 0.126953 0.800781 0.126953 0.820312 0.109375 0.841797
0 0.714844 0.986328 0.691406 0.986328 0.654297 0.964844 0.654297 0.941406 0.662109 0.917969 0.675781 0.900391 0.714844 0.900391 0.744141 0.929688 0.744141 0.960938 0.714844 0.986328
