0 0.997222 0.237500 0.984722 0.219444 0.987500 0.186111 0.997222 0.170833
0 0.526389 0.997222 0.504167 0.983333 0.495833 0.958333 0.506944 0.925000 0.540278 0.897222 0.533333 0.887500 0.518056 0.880556 0.512500 0.863889 0.512500 0.827778 0.518056 0.805556 0.551389 0.736111 0.575000 0.715278 0.602778 0.706944 0.616667 0.709722 0.631944 0.722222 0.640278 0.741667 0.637500 0.772222 0.631944 0.800000 0.618056 0.827778 0.584722 0.861111 0.594444 0.862500 0.605556 0.856944 0.633333 0.859722 0.654167 0.877778 0.659722 0.897222 0.645833 0.930556 0.629167 0.950000 0.591667 0.981944 0.569444 0.990278 0.562500 0.997222
0 0.997222 0.881944 0.970833 0.858333 0.962500 0.844444 0.945833 0.794444 0.948611 0.772222 0.959722 0.747222 0.977778 0.731944 0.997222 0.723611
0 0.311111 0.501389 0.294444 0.501389 0.283333 0.495833 0.268056 0.480556 0.248611 0.450000 0.234722 0.380556 0.237500 0.355556 0.245833 0.336111 0.277778 0.301389 0.291667 0.295833 0.316667 0.298611 0.337500 0.313889 0.351389 0.358333 0.354167 0.394444 0.359722 0.411111 0.359722 0.450000 0.354167 0.466667 0.330556 0.493056 0.311111 0.501389
0 0.997222 0.495833 0.981944 0.475000 0.976389 0.458333 0.979167 0.425000 0.997222 0.395833
0 0.433333 0.776389 0.408333 0.776389 0.387500 0.763889 0.365278 0.711111 0.365278 0.686111 0.376389 0.663889 0.400000 0.643056 0.436111 0.629167 0.452778 0.618056 0.477778 0.620833 0.490278 0.630556 0.501389 0.647222 0.504167 0.694444 0.484722 0.736111 0.455556 0.765278 0.433333 0.776389
0 0.566667 0.531944 0.530556 0.529167 0.508333 0.518056 0.490278 0.500000 0.487500 0.477778 0.481944 0.469444 0.487500 0.422222 0.509722 0.380556 0.512500 0.363889 0.522222 0.354167 0.527778 0.356944 0.544444 0.351389 0.577778 0.354167 0.593056 0.372222 0.609722 0.405556 0.612500 0.463889 0.604167 0.480556 0.601389 0.500000 0.577778 0.526389 0.566667 0.531944
0 0.775000 0.829167 0.758333 0.829167 0.722222 0.815278 0.705556 0.804167 0.679167 0.775000 0.673611 0.752778 0.676389 0.727778 0.690278 0.697222 0.711111 0.679167 0.733333 0.670833 0.761111 0.670833 0.825000 0.684722 0.838889 0.676389 0.872222 0.670833 0.891667 0.673611 0.911111 0.684722 0.929167 0.711111 0.931944 0.722222 0.931944 0.747222 0.918056 0.777778 0.897222 0.798611 0.872222 0.812500 0.836111 0.820833 0.805556 0.820833 0.797222 0.826389 0.775000 0.829167
0 0.000000 0.870833 0.022222 0.859722 0.044444 0.859722 0.065278 0.875000 0.070833 0.888889 0.068056 0.905556 0.045833 0.941667 0.025000 0.956944 0.000000 0.987500
0 0.379167 0.000000 0.355556 0.006944 0.305556 0.006944 0.284722 0.000000
0 0.915278 0.000000 0.883333 0.031944 0.863889 0.037500 0.813889 0.087500 0.797222 0.095833 0.769444 0.095833 0.740278 0.072222 0.734722 0.061111 0.734722 0.030556 0.748611 0.000000
0 0.119444 0.823611 0.100000 0.818056 0.087500 0.805556 0.073611 0.775000 0.068056 0.755556 0.068056 0.700000 0.073611 0.686111 0.113889 0.651389 0.127778 0.645833 0.158333 0.645833 0.179167 0.661111 0.195833 0.686111 0.206944 0.730556 0.188889 0.759722 0.180556 0.765278 0.163889 0.765278 0.154167 0.775000 0.131944 0.816667 0.119444 0.823611
0 0.000000 0.987500 0.008333 0.979167 0.019444 0.979167 0.031944 0.997222
0 0.740278 0.997222 0.720833 0.975000 0.684722 0.911111 0.684722 0.888889 0.690278 0.875000 0.700000 0.862500 0.719444 0.854167 0.733333 0.854167 0.758333 0.865278 0.809722 0.908333 0.815278 0.927778 0.820833 0.933333 0.820833 0.966667 0.804167 0.997222
0 0.150000 0.640278 0.130556 0.640278 0.125000 0.634722 0.077778 0.620833 0.059722 0.597222 0.065278 0.566667 0.087500 0.541667 0.101389 0.516667 0.116667 0.501389 0.136111 0.495833 0.166667 0.498611 0.197222 0.512500 0.215278 0.533333 0.220833 0.555556 0.220833 0.586111 0.201389 0.616667 0.172222 0.637500 0.150000 0.640278
0 0.880556 0.545833 0.841667 0.540278 0.808333 0.523611 0.781944 0.488889 0.776389 0.461111 0.781944 0.433333 0.793056 0.413889 0.841667 0.368056 0.861111 0.359722 0.886111 0.368056 0.898611 0.380556 0.918056 0.419444 0.926389 0.472222 0.926389 0.500000 0.918056 0.522222 0.900000 0.540278 0.880556 0.545833
0 0.000000 0.220833 0.019444 0.204167 0.041667 0.193056 0.050000 0.193056 0.061111 0.184722 0.069444 0.184722 0.086111 0.187500 0.094444 0.195833 0.105556 0.195833 0.122222 0.206944 0.136111 0.206944 0.154167 0.225000 0.165278 0.247222 0.159722 0.297222 0.122222 0.356944 0.055556 0.390278 0.019444 0.393056 0.011111 0.398611 0.000000 0.390278
0 0.444444 0.365278 0.433333 0.359722 0.400000 0.362500 0.373611 0.344444 0.365278 0.322222 0.365278 0.300000 0.370833 0.286111 0.400000 0.248611 0.433333 0.226389 0.491667 0.206944 0.527778 0.209722 0.540278 0.219444 0.551389 0.244444 0.548611 0.291667 0.522222 0.323611 0.444444 0.365278
0 0.868056 0.997222 0.868056 0.980556 0.873611 0.969444 0.862500 0.936111 0.868056 0.922222 0.870833 0.866667 0.873611 0.858333 0.897222 0.840278 0.927778 0.845833 0.951389 0.866667 0.954167 0.883333 0.981944 0.927778 0.993056 0.955556 0.993056 0.980556 0.987500 0.997222
