0 0.429688 0.503418 0.425781 0.503418 0.423340 0.500977 0.423340 0.498047 0.426758 0.494629 0.431152 0.496094 0.429688 0.503418
0 0.711914 0.933105 0.705078 0.933105 0.700684 0.928711 0.700684 0.922852 0.703125 0.921387 0.708984 0.921387 0.713379 0.926758 0.713379 0.931641 0.711914 0.933105
0 0.497070 0.379395 0.485352 0.376465 0.481934 0.372070 0.479980 0.360352 0.483398 0.353027 0.489258 0.352051 0.498535 0.357422 0.502441 0.366211 0.503418 0.375000 0.500977 0.378418 0.497070 0.379395
0 0.421875 0.426270 0.414062 0.424316 0.408691 0.418945 0.406738 0.407227 0.409180 0.404785 0.416992 0.404785 0.420898 0.406738 0.429199 0.415039 0.427246 0.423828 0.421875 0.426270
0 0.431641 0.858887 0.416992 0.857910 0.413574 0.853516 0.414551 0.845703 0.416016 0.844238 0.421875 0.844238 0.430664 0.848145 0.435059 0.854492 0.431641 0.858887
0 0.834961 0.165527 0.827637 0.161133 0.826660 0.151367 0.833008 0.144043 0.843750 0.139160 0.848145 0.144531 0.848145 0.153320 0.838867 0.164551 0.834961 0.165527
0 0.418945 0.883301 0.416504 0.882812 0.416504 0.878906 0.418945 0.875488 0.429199 0.876953 0.428711 0.882324 0.420898 0.881348 0.418945 0.883301
0 0.906250 0.518066 0.902344 0.518066 0.898926 0.514648 0.897949 0.503906 0.899414 0.502441 0.906250 0.504395 0.908691 0.507812 0.908691 0.514648 0.906250 0.518066
0 0.756836 0.485840 0.749023 0.485840 0.746582 0.480469 0.748535 0.475586 0.754883 0.471191 0.760742 0.472168 0.763184 0.475586 0.761230 0.483398 0.756836 0.485840
0 0.747070 0.437988 0.741699 0.435547 0.740723 0.425781 0.745117 0.421387 0.754883 0.421387 0.758301 0.430664 0.754883 0.435059 0.747070 0.437988
0 0.014648 0.685059 0.011719 0.685059 0.010254 0.682617 0.009277 0.673828 0.013672 0.666504 0.017578 0.666504 0.020020 0.671875 0.020020 0.679688 0.014648 0.685059
0 0.845703 0.504395 0.840820 0.502441 0.838379 0.499023 0.840820 0.494629 0.849609 0.491699 0.854004 0.495117 0.854004 0.500000 0.845703 0.504395
0 0.877930 0.482910 0.875977 0.482910 0.868652 0.477539 0.867676 0.471680 0.869141 0.468262 0.875000 0.468262 0.880371 0.471680 0.881348 0.480469 0.877930 0.482910
0 0.854492 0.443848 0.845703 0.442871 0.845215 0.436523 0.846680 0.435059 0.854492 0.435059 0.854492 0.443848
0 0.427734 0.368652 0.418945 0.367676 0.410645 0.359375 0.409668 0.353516 0.411621 0.349609 0.417969 0.344238 0.425781 0.344238 0.429688 0.347168 0.435059 0.357422 0.433105 0.364258 0.427734 0.368652
0 0.875000 0.416504 0.866211 0.415527 0.858887 0.409180 0.858887 0.407227 0.863281 0.404785 0.873047 0.404785 0.878418 0.412109 0.878418 0.414062 0.875000 0.416504
0 0.912109 0.504395 0.908203 0.504395 0.900879 0.498047 0.900879 0.491211 0.902344 0.489746 0.908203 0.489746 0.914551 0.496094 0.915527 0.500000 0.912109 0.504395
0 0.444336 0.905762 0.437500 0.905762 0.421875 0.897949 0.416504 0.891602 0.416504 0.884766 0.419922 0.882324 0.422852 0.882324 0.437500 0.889160 0.448730 0.898438 0.448730 0.900391 0.444336 0.905762
0 0.475586 0.932129 0.460938 0.931152 0.457520 0.928711 0.456543 0.917969 0.459961 0.912598 0.477539 0.912598 0.483887 0.917969 0.485840 0.921875 0.485840 0.927734 0.481445 0.931152 0.475586 0.932129
0 0.702148 0.413574 0.697266 0.413574 0.691895 0.411133 0.689941 0.407227 0.694336 0.399902 0.702148 0.399902 0.705078 0.400879 0.707520 0.404297 0.708496 0.409180 0.702148 0.413574
0 0.763672 0.950684 0.757324 0.949219 0.755371 0.944336 0.755859 0.939941 0.763184 0.940430 0.765137 0.943359 0.765137 0.949219 0.763672 0.950684
0 0.457031 0.912598 0.453613 0.912109 0.453613 0.903320 0.457031 0.899902 0.459473 0.901367 0.460449 0.904297 0.460449 0.909180 0.457031 0.912598
0 0.709961 0.954590 0.700195 0.952637 0.695801 0.949219 0.696289 0.935059 0.711914 0.933105 0.717285 0.938477 0.717285 0.948242 0.709961 0.954590
0 0.416992 0.877441 0.411621 0.875977 0.410645 0.870117 0.412109 0.868652 0.416016 0.869629 0.419434 0.873047 0.416992 0.877441
0 0.887695 0.531738 0.879883 0.527832 0.874512 0.522461 0.871582 0.515625 0.875000 0.511230 0.884766 0.511230 0.891113 0.515625 0.893066 0.527344 0.890625 0.530762 0.887695 0.531738
0 0.438477 0.289551 0.431641 0.287598 0.425781 0.283691 0.422363 0.279297 0.423340 0.270508 0.428711 0.266113 0.437500 0.267090 0.445801 0.279297 0.444824 0.284180 0.438477 0.289551
0 0.670898 0.417480 0.666992 0.417480 0.662598 0.415039 0.659668 0.406250 0.663086 0.402832 0.667969 0.402832 0.671387 0.406250 0.672363 0.416016 0.670898 0.417480
0 0.393555 0.492676 0.376953 0.486816 0.374512 0.482422 0.374512 0.477539 0.384766 0.475098 0.394531 0.479980 0.397949 0.483398 0.398926 0.489258 0.397461 0.491699 0.393555 0.492676
0 0.882812 0.459473 0.876953 0.458496 0.870605 0.450195 0.875977 0.446777 0.885742 0.447754 0.888184 0.451172 0.886230 0.456055 0.882812 0.459473
0 0.784180 0.426270 0.780762 0.422852 0.781738 0.415039 0.787109 0.409668 0.793945 0.410645 0.796387 0.415039 0.793457 0.420898 0.788086 0.425293 0.784180 0.426270
0 0.791992 0.380371 0.788086 0.380371 0.786133 0.377441 0.783691 0.376953 0.783691 0.374023 0.787109 0.368652 0.790039 0.368652 0.793457 0.374023 0.793457 0.378906 0.791992 0.380371
0 0.832031 0.318848 0.826172 0.318848 0.824707 0.317383 0.822754 0.307617 0.825195 0.303223 0.828125 0.303223 0.833496 0.308594 0.834473 0.316406 0.832031 0.318848
0 0.434570 0.909668 0.419922 0.908691 0.409180 0.904785 0.400879 0.899414 0.400879 0.895508 0.407227 0.892090 0.414062 0.892090 0.420898 0.895996 0.421875 0.897949 0.435547 0.904785 0.437012 0.907227 0.434570 0.909668
0 0.808594 0.236816 0.804688 0.236816 0.796387 0.231445 0.795410 0.224609 0.799805 0.219238 0.807617 0.220215 0.813965 0.226562 0.812988 0.234375 0.808594 0.236816
0 0.370117 0.310059 0.361328 0.310059 0.355469 0.308105 0.348145 0.301758 0.346191 0.292969 0.347168 0.289062 0.349609 0.286621 0.356445 0.286621 0.360352 0.288574 0.370605 0.298828 0.372559 0.302734 0.372559 0.308594 0.370117 0.310059
0 0.507812 0.324707 0.496094 0.323730 0.490723 0.317383 0.488770 0.313477 0.488770 0.308594 0.495117 0.302246 0.505859 0.303223 0.515137 0.310547 0.515137 0.321289 0.507812 0.324707
0 0.935547 0.520020 0.931641 0.520020 0.927246 0.514648 0.927246 0.507812 0.929688 0.504395 0.933594 0.504395 0.937988 0.508789 0.937988 0.515625 0.935547 0.520020
0 0.797852 0.368652 0.791504 0.367188 0.790527 0.360352 0.794922 0.353027 0.800781 0.351074 0.805176 0.355469 0.805176 0.361328 0.797852 0.368652
0 0.560547 0.434082 0.551758 0.434082 0.540039 0.425293 0.537598 0.418945 0.539551 0.415039 0.541016 0.413574 0.548828 0.413574 0.561523 0.416504 0.564941 0.419922 0.566895 0.426758 0.565918 0.429688 0.560547 0.434082
0 0.725586 0.461426 0.715820 0.461426 0.711426 0.455078 0.713379 0.451172 0.716797 0.449707 0.724609 0.450684 0.728027 0.455078 0.728027 0.458008 0.725586 0.461426
0 0.815430 0.472168 0.806152 0.464844 0.808594 0.457520 0.814453 0.456543 0.821777 0.460938 0.822754 0.467773 0.815430 0.472168
0 0.771484 0.971191 0.767090 0.966797 0.767090 0.961914 0.771484 0.958496 0.776367 0.958496 0.778809 0.960938 0.778809 0.966797 0.775391 0.970215 0.771484 0.971191
0 0.805664 0.251465 0.801758 0.251465 0.799316 0.249023 0.798828 0.242676 0.806152 0.244141 0.805664 0.251465
0 0.232422 0.868652 0.226562 0.867676 0.222168 0.864258 0.220215 0.861328 0.220215 0.855469 0.223145 0.848633 0.228516 0.842285 0.232422 0.840332 0.238281 0.840332 0.244629 0.842773 0.246582 0.846680 0.246582 0.855469 0.244629 0.861328 0.239258 0.866699 0.232422 0.868652
0 0.744141 0.419434 0.738770 0.416016 0.736816 0.404297 0.740234 0.401855 0.746094 0.400879 0.751465 0.405273 0.752441 0.409180 0.749512 0.416992 0.744141 0.419434
0 0.722656 0.519043 0.718262 0.516602 0.717285 0.509766 0.719727 0.506348 0.725586 0.505371 0.728027 0.508789 0.728027 0.514648 0.725586 0.518066 0.722656 0.519043
