0 0.096875 0.822266 0.040625 0.810547 0.029687 0.800781 0.020313 0.781250 0.020313 0.769531 0.034375 0.728516 0.071875 0.736328 0.104688 0.769531 0.104688 0.812500 0.096875 0.822266
0 0.232813 0.996094 0.240625 0.986328 0.278125 0.986328 0.282813 0.996094
0 0.240625 0.751953 0.234375 0.751953 0.223438 0.734375 0.223438 0.714844 0.228125 0.708984 0.240625 0.708984 0.248438 0.718750 0.248438 0.734375 0.240625 0.751953
0 0.278125 0.947266 0.259375 0.935547 0.234375 0.935547 0.210938 0.914062 0.204687 0.863281 0.237500 0.826172 0.250000 0.826172 0.273438 0.855469 0.292187 0.890625 0.292187 0.917969 0.278125 0.947266
0 0.025000 0.455078 0.018750 0.455078 0.004687 0.433594 0.001563 0.414062 0.006250 0.408203 0.015625 0.408203 0.035937 0.429688 0.035937 0.441406 0.025000 0.455078
0 0.406250 0.650391 0.390625 0.650391 0.375000 0.638672 0.365625 0.638672 0.351562 0.621094 0.320312 0.550781 0.331250 0.533203 0.356250 0.541016 0.401562 0.589844 0.407813 0.605469 0.407813 0.628906 0.414062 0.636719 0.406250 0.650391
0 0.150000 0.927734 0.137500 0.927734 0.132812 0.921875 0.129688 0.882812 0.123438 0.867188 0.129688 0.839844 0.120313 0.820312 0.123438 0.796875 0.143750 0.779297 0.167187 0.800781 0.167187 0.832031 0.176563 0.867188 0.170313 0.914062 0.150000 0.927734
0 0.000000 0.673828 0.014063 0.691406 0.017188 0.710938 0.032813 0.730469 0.020313 0.777344 0.009375 0.779297 0.000000 0.791016
0 0.975000 0.775391 0.965625 0.775391 0.950000 0.763672 0.925000 0.732422 0.915625 0.728516 0.859375 0.654297 0.853125 0.654297 0.832812 0.632812 0.810937 0.578125 0.815625 0.564453 0.829688 0.574219 0.853125 0.626953 0.868750 0.626953 0.881250 0.638672 0.979688 0.761719 0.975000 0.775391
0 0.331250 0.927734 0.309375 0.923828 0.296875 0.912109 0.293750 0.916016 0.289062 0.882812 0.248438 0.824219 0.265625 0.759766 0.271875 0.759766 0.285938 0.777344 0.292187 0.796875 0.317188 0.824219 0.332813 0.863281 0.345313 0.910156 0.331250 0.927734
0 0.103125 0.892578 0.084375 0.888672 0.025000 0.845703 0.020313 0.839844 0.020313 0.824219 0.031250 0.810547 0.053125 0.810547 0.093750 0.822266 0.114062 0.851562 0.114062 0.875000 0.103125 0.892578
0 0.431250 0.919922 0.393750 0.900391 0.379688 0.882812 0.373437 0.859375 0.364063 0.847656 0.373437 0.812500 0.400000 0.787109 0.425000 0.794922 0.442188 0.820312 0.448437 0.839844 0.442188 0.902344 0.431250 0.919922
0 0.885938 0.000000 0.948438 0.101562 0.964063 0.148438 0.964063 0.164062 0.959375 0.169922 0.934375 0.130859 0.909375 0.115234 0.889062 0.089844 0.884375 0.076172 0.839063 0.027344 0.826562 0.000000
0 0.348438 0.996094 0.351562 0.984375 0.345313 0.957031 0.353125 0.947266 0.378125 0.951172 0.401562 0.976562 0.410938 0.996094
0 0.221875 0.732422 0.200000 0.732422 0.175000 0.716797 0.151562 0.679688 0.151562 0.667969 0.160938 0.652344 0.164062 0.621094 0.171875 0.607422 0.225000 0.603516 0.239063 0.628906 0.242188 0.644531 0.226562 0.691406 0.229687 0.707031 0.223438 0.714844 0.221875 0.732422
0 0.996875 0.349609 0.992188 0.347656 0.992188 0.308594 0.996875 0.306641
0 0.996875 0.060547 0.984375 0.060547 0.975000 0.052734 0.932813 0.000000
