0 0.977011 0.089423 0.964080 0.087500 0.953305 0.069231 0.953305 0.057692 0.956178 0.048077 0.969828 0.031731 0.979885 0.033654 0.987787 0.044231 0.992098 0.059615 0.989224 0.076923 0.977011 0.089423
0 0.439655 0.499038 0.423851 0.491346 0.410201 0.473077 0.407328 0.465385 0.407328 0.446154 0.416667 0.429808 0.436782 0.431731 0.451868 0.450000 0.451868 0.463462 0.454741 0.467308 0.453305 0.486538 0.439655 0.499038
0 0.451868 0.998077 0.447557 0.988462 0.447557 0.982692 0.454741 0.965385 0.485632 0.933654 0.494253 0.931731 0.500718 0.938462 0.502155 0.955769 0.494971 0.973077 0.476293 0.998077
0 0.110632 0.452885 0.104885 0.452885 0.094109 0.436538 0.094109 0.407692 0.098420 0.394231 0.104885 0.387500 0.117816 0.389423 0.124282 0.398077 0.127155 0.409615 0.127155 0.421154 0.121408 0.440385 0.114943 0.450962 0.110632 0.452885
0 0.574713 0.899038 0.567529 0.899038 0.563218 0.895192 0.549569 0.869231 0.548132 0.853846 0.551006 0.830769 0.558908 0.822115 0.567529 0.822115 0.576149 0.827885 0.584052 0.838462 0.586925 0.848077 0.586925 0.871154 0.581178 0.890385 0.574713 0.899038
0 0.744253 0.887500 0.735632 0.887500 0.732040 0.884615 0.729167 0.876923 0.729167 0.867308 0.724856 0.857692 0.723420 0.834615 0.727730 0.823077 0.734195 0.818269 0.748563 0.818269 0.757902 0.828846 0.760776 0.838462 0.759339 0.867308 0.744253 0.887500
0 0.331897 0.802885 0.313218 0.802885 0.306034 0.793269 0.298851 0.789423 0.290948 0.775000 0.292385 0.761538 0.297414 0.754808 0.304598 0.750962 0.313218 0.750962 0.333333 0.770192 0.336207 0.770192 0.341236 0.776923 0.341236 0.788462 0.339799 0.794231 0.331897 0.802885
0 0.251437 0.722115 0.242816 0.722115 0.234914 0.713462 0.232040 0.701923 0.232040 0.688462 0.236351 0.671154 0.241379 0.664423 0.254310 0.650962 0.262931 0.649038 0.270833 0.655769 0.276580 0.669231 0.276580 0.692308 0.273707 0.701923 0.264368 0.714423 0.251437 0.722115
0 0.665230 0.302885 0.652299 0.300962 0.645833 0.288462 0.645833 0.278846 0.648707 0.271154 0.657328 0.263462 0.657328 0.253846 0.669540 0.239423 0.682471 0.235577 0.698276 0.237500 0.703305 0.246154 0.701868 0.257692 0.665230 0.302885
0 0.998563 0.562500 0.962644 0.602885 0.948276 0.606731 0.943247 0.600000 0.941810 0.584615 0.944684 0.569231 0.958333 0.547115 0.975575 0.535577 0.989943 0.535577 0.998563 0.541346
0 0.136494 0.285577 0.119971 0.275000 0.117098 0.267308 0.118534 0.246154 0.130747 0.225962 0.139368 0.220192 0.162356 0.220192 0.171695 0.234615 0.171695 0.246154 0.165948 0.261538 0.162356 0.266346 0.146552 0.272115 0.136494 0.285577
0 0.734195 0.635577 0.721264 0.633654 0.709052 0.623077 0.694684 0.588462 0.694684 0.580769 0.698276 0.574038 0.706897 0.570192 0.712644 0.572115 0.726293 0.588462 0.740661 0.617308 0.740661 0.628846 0.734195 0.635577
0 0.593391 0.754808 0.581897 0.747115 0.569684 0.723077 0.571121 0.707692 0.579741 0.692308 0.581178 0.682692 0.589080 0.675962 0.597701 0.677885 0.607040 0.694231 0.607040 0.725000 0.599856 0.740385 0.598420 0.750000 0.593391 0.754808
0 0.377874 0.774038 0.372126 0.774038 0.363506 0.768269 0.336925 0.734615 0.334052 0.728846 0.334052 0.717308 0.340517 0.706731 0.357759 0.704808 0.372126 0.716346 0.380029 0.728846 0.385776 0.750000 0.385776 0.759615 0.377874 0.774038
0 0.106322 0.977885 0.089080 0.975962 0.073994 0.957692 0.071121 0.948077 0.071121 0.934615 0.077586 0.924038 0.083333 0.920192 0.106322 0.922115 0.123563 0.931731 0.128592 0.938462 0.130029 0.955769 0.125718 0.963462 0.116379 0.974038 0.106322 0.977885
0 0.198276 0.625962 0.181034 0.624038 0.172414 0.618269 0.168822 0.611538 0.170259 0.596154 0.176724 0.587500 0.204023 0.564423 0.222701 0.562500 0.232040 0.575000 0.233477 0.586538 0.229167 0.601923 0.212644 0.620192 0.198276 0.625962
0 0.037356 0.064423 0.031609 0.064423 0.025862 0.058654 0.018678 0.058654 0.012213 0.051923 0.007902 0.040385 0.010776 0.025000 0.028736 0.006731 0.037356 0.006731 0.049569 0.026923 0.048132 0.051923 0.037356 0.064423
0 0.998563 0.014423 0.992816 0.014423 0.981322 0.006731 0.977730 0.000000
0 0.000000 0.956731 0.012931 0.958654 0.020833 0.967308 0.020833 0.986538 0.013649 0.998077
0 0.635057 0.585577 0.622126 0.585577 0.607759 0.574038 0.602730 0.565385 0.601293 0.534615 0.604167 0.525000 0.610632 0.516346 0.623563 0.514423 0.630029 0.521154 0.634339 0.532692 0.641523 0.555769 0.641523 0.575000 0.640086 0.580769 0.635057 0.585577
0 0.196839 0.456731 0.188218 0.454808 0.170259 0.430769 0.168822 0.419231 0.174569 0.403846 0.182471 0.395192 0.198276 0.395192 0.206178 0.405769 0.211925 0.419231 0.211925 0.428846 0.209052 0.432692 0.206178 0.446154 0.196839 0.456731
0 0.413793 0.381731 0.396552 0.381731 0.385776 0.367308 0.388649 0.363462 0.388649 0.355769 0.393678 0.347115 0.403736 0.341346 0.410201 0.326923 0.419540 0.314423 0.436782 0.300962 0.446121 0.309615 0.451868 0.325000 0.450431 0.342308 0.433908 0.366346 0.426724 0.368269 0.413793 0.381731
0 0.494253 0.562500 0.479885 0.560577 0.469828 0.552885 0.464799 0.544231 0.464799 0.528846 0.472701 0.510577 0.479885 0.512500 0.484195 0.508654 0.510057 0.504808 0.518678 0.510577 0.525144 0.519231 0.525144 0.532692 0.518678 0.543269 0.507184 0.554808 0.494253 0.562500
0 0.882902 0.000000 0.885776 0.011538 0.884339 0.025000 0.870690 0.039423 0.860632 0.039423 0.854885 0.035577 0.845546 0.021154 0.844109 0.007692 0.848420 0.000000
0 0.736351 0.998077 0.742816 0.989423 0.752874 0.991346 0.757902 0.998077
0 0.337644 0.641346 0.327586 0.641346 0.320402 0.637500 0.315374 0.628846 0.315374 0.617308 0.327586 0.602885 0.349138 0.595192 0.362787 0.609615 0.364224 0.628846 0.357759 0.637500 0.337644 0.641346
0 0.872126 0.602885 0.866379 0.602885 0.859914 0.594231 0.858477 0.584615 0.859914 0.576923 0.864943 0.570192 0.877874 0.566346 0.887213 0.575000 0.885776 0.592308 0.882184 0.600962 0.877874 0.599038 0.872126 0.602885
0 0.416667 0.241346 0.410920 0.241346 0.404454 0.234615 0.404454 0.226923 0.408046 0.222115 0.410920 0.222115 0.420259 0.234615 0.416667 0.241346
0 0.998563 0.833654 0.985632 0.824038 0.976293 0.807692 0.976293 0.798077 0.981322 0.789423 0.998563 0.783654
0 0.112069 0.779808 0.106322 0.779808 0.096264 0.774038 0.075431 0.748077 0.068247 0.730769 0.068247 0.711538 0.073276 0.704808 0.081897 0.704808 0.094828 0.712500 0.115661 0.740385 0.119971 0.753846 0.119971 0.771154 0.112069 0.779808
0 0.912356 0.200962 0.905172 0.200962 0.900144 0.194231 0.898707 0.173077 0.900862 0.170192 0.916667 0.170192 0.918822 0.173077 0.920259 0.188462 0.918822 0.194231 0.912356 0.200962
0 0.998563 0.899038 0.985632 0.895192 0.978448 0.889423 0.970546 0.878846 0.966236 0.865385 0.969109 0.851923 0.975575 0.845192 0.984195 0.845192 0.998563 0.852885
0 0.745690 0.783654 0.734195 0.783654 0.727730 0.775000 0.727730 0.767308 0.730603 0.753846 0.742098 0.734615 0.743534 0.725000 0.748563 0.718269 0.754310 0.718269 0.762213 0.728846 0.762213 0.742308 0.759339 0.753846 0.752155 0.763462 0.745690 0.783654
0 0.568247 0.998077 0.569684 0.990385 0.565374 0.976923 0.565374 0.965385 0.570402 0.956731 0.576149 0.952885 0.589080 0.954808 0.596983 0.967308 0.596983 0.978846 0.591236 0.998077
0 0.666667 0.229808 0.659483 0.229808 0.648707 0.219231 0.644397 0.203846 0.645833 0.190385 0.650144 0.178846 0.663793 0.164423 0.670977 0.160577 0.681034 0.160577 0.691810 0.175000 0.690374 0.207692 0.678161 0.225962 0.666667 0.229808
0 0.000000 0.762500 0.012931 0.762500 0.018678 0.758654 0.033046 0.756731 0.045259 0.765385 0.048132 0.778846 0.043822 0.794231 0.028736 0.810577 0.015805 0.816346 0.000000 0.814423
0 0.471264 0.449038 0.465517 0.449038 0.457615 0.440385 0.457615 0.426923 0.460489 0.421154 0.478448 0.399038 0.488506 0.391346 0.497126 0.389423 0.505747 0.393269 0.509339 0.398077 0.509339 0.425000 0.494253 0.441346 0.471264 0.449038
0 0.455460 0.308654 0.445402 0.308654 0.433190 0.298077 0.431753 0.284615 0.439655 0.272115 0.454023 0.270192 0.459770 0.274038 0.464799 0.282692 0.464799 0.296154 0.455460 0.308654
0 0.155172 0.685577 0.139368 0.685577 0.132184 0.679808 0.127874 0.679808 0.114224 0.661538 0.114224 0.648077 0.120690 0.639423 0.136494 0.639423 0.155172 0.647115 0.163793 0.654808 0.168822 0.663462 0.168822 0.675000 0.160920 0.683654 0.155172 0.685577
0 0.422414 0.116346 0.415230 0.116346 0.411638 0.111538 0.414511 0.084615 0.431034 0.062500 0.448276 0.064423 0.456178 0.075000 0.454741 0.090385 0.448276 0.099038 0.422414 0.116346
0 0.418103 0.641346 0.396552 0.639423 0.388649 0.630769 0.387213 0.607692 0.392241 0.599038 0.409483 0.597115 0.424569 0.609615 0.428879 0.621154 0.428879 0.630769 0.418103 0.641346
0 0.163075 0.000000 0.167385 0.009615 0.167385 0.019231 0.164511 0.026923 0.155172 0.041346 0.135057 0.054808 0.122126 0.052885 0.112787 0.044231 0.112787 0.025000 0.125718 0.007692 0.122845 0.000000
0 0.843391 0.800962 0.836207 0.800962 0.830460 0.797115 0.821121 0.782692 0.816810 0.767308 0.816810 0.755769 0.823276 0.745192 0.829023 0.743269 0.837644 0.747115 0.848420 0.765385 0.851293 0.788462 0.843391 0.800962
0 0.000000 0.477885 0.003592 0.480769 0.003592 0.515385 0.000000 0.518269
0 0.899425 0.831731 0.885057 0.829808 0.878592 0.819231 0.878592 0.811538 0.887213 0.788462 0.892241 0.781731 0.905172 0.783654 0.914511 0.794231 0.917385 0.801923 0.914511 0.817308 0.908046 0.825962 0.899425 0.831731
0 0.830460 0.075962 0.824713 0.075962 0.811782 0.068269 0.806753 0.059615 0.806753 0.048077 0.817529 0.029808 0.830460 0.025962 0.841954 0.027885 0.851293 0.038462 0.852730 0.051923 0.849856 0.061538 0.841954 0.072115 0.830460 0.075962
0 0.893678 0.674038 0.879310 0.674038 0.867816 0.668269 0.859914 0.655769 0.861351 0.638462 0.866379 0.631731 0.872126 0.631731 0.893678 0.641346 0.903017 0.655769 0.901580 0.667308 0.893678 0.674038
0 0.610632 0.443269 0.600575 0.439423 0.594109 0.430769 0.592672 0.421154 0.601293 0.407692 0.601293 0.388462 0.612787 0.365385 0.620690 0.354808 0.630747 0.352885 0.637213 0.359615 0.638649 0.365385 0.632902 0.400000 0.628592 0.407692 0.622845 0.428846 0.610632 0.443269
0 0.530172 0.285577 0.518678 0.281731 0.512213 0.273077 0.510776 0.257692 0.522270 0.219231 0.530172 0.208654 0.538793 0.206731 0.548132 0.215385 0.552443 0.226923 0.552443 0.236538 0.549569 0.253846 0.542385 0.271154 0.530172 0.285577
0 0.862069 0.975962 0.852011 0.974038 0.842672 0.955769 0.836925 0.917308 0.843391 0.910577 0.850575 0.910577 0.872845 0.940385 0.872845 0.959615 0.862069 0.975962
0 0.982759 0.783654 0.961207 0.783654 0.952586 0.777885 0.943247 0.761538 0.944684 0.748077 0.955460 0.735577 0.974138 0.735577 0.989943 0.745192 0.994971 0.751923 0.994971 0.769231 0.988506 0.779808 0.982759 0.783654
0 0.795977 0.639423 0.783046 0.637500 0.772270 0.617308 0.772270 0.611538 0.781609 0.599038 0.790230 0.595192 0.803161 0.581731 0.810345 0.581731 0.818247 0.596154 0.816810 0.615385 0.808908 0.627885 0.795977 0.639423
0 0.577586 0.316346 0.570402 0.316346 0.564655 0.312500 0.558190 0.301923 0.558190 0.292308 0.563937 0.284615 0.565374 0.271154 0.571839 0.260577 0.586207 0.258654 0.593391 0.264423 0.599856 0.275000 0.604167 0.286538 0.604167 0.298077 0.597701 0.308654 0.577586 0.316346
0 0.030172 0.143269 0.018678 0.143269 0.013649 0.136538 0.007902 0.117308 0.007902 0.092308 0.015086 0.076923 0.024425 0.068269 0.031609 0.064423 0.044540 0.064423 0.053879 0.076923 0.052443 0.103846 0.042385 0.130769 0.030172 0.143269
0 0.043103 0.383654 0.028736 0.379808 0.023707 0.373077 0.020833 0.361538 0.025144 0.351923 0.029454 0.328846 0.040230 0.316346 0.048851 0.318269 0.055316 0.326923 0.058190 0.357692 0.052443 0.373077 0.043103 0.383654
0 0.432471 0.789423 0.405172 0.787500 0.398707 0.776923 0.397270 0.769231 0.398707 0.751923 0.406609 0.745192 0.415230 0.745192 0.439655 0.760577 0.444684 0.769231 0.444684 0.778846 0.438218 0.787500 0.432471 0.789423
0 0.679598 0.724038 0.666667 0.724038 0.654454 0.711538 0.648707 0.696154 0.649425 0.675962 0.655172 0.672115 0.663793 0.674038 0.678879 0.690385 0.684626 0.701923 0.684626 0.715385 0.679598 0.724038
0 0.222701 0.318269 0.216954 0.318269 0.210489 0.311538 0.207615 0.301923 0.209052 0.286538 0.219828 0.262500 0.231322 0.252885 0.235632 0.252885 0.240661 0.257692 0.242098 0.263462 0.242098 0.288462 0.237787 0.303846 0.222701 0.318269
0 0.777299 0.489423 0.771552 0.489423 0.767960 0.484615 0.766523 0.471154 0.769397 0.457692 0.778736 0.443269 0.793103 0.441346 0.801006 0.451923 0.799569 0.467308 0.791667 0.472115 0.785920 0.485577 0.777299 0.489423
0 0.280172 0.974038 0.265805 0.964423 0.249282 0.938462 0.249282 0.926923 0.254310 0.920192 0.260057 0.916346 0.272989 0.916346 0.283046 0.922115 0.290948 0.932692 0.290948 0.950000 0.285201 0.969231 0.280172 0.974038
0 0.949713 0.375962 0.945402 0.372115 0.935345 0.372115 0.931034 0.375962 0.921695 0.367308 0.918822 0.357692 0.920259 0.348077 0.942529 0.322115 0.946839 0.320192 0.951149 0.320192 0.954741 0.325000 0.961925 0.344231 0.961925 0.350000 0.957615 0.355769 0.959052 0.369231 0.949713 0.375962
0 0.153736 0.112500 0.143678 0.110577 0.134339 0.096154 0.135776 0.082692 0.140086 0.071154 0.146552 0.062500 0.160920 0.054808 0.179598 0.054808 0.183190 0.059615 0.184626 0.067308 0.178879 0.090385 0.165230 0.104808 0.153736 0.112500
0 0.998563 0.466346 0.993534 0.459615 0.993534 0.451923 0.998563 0.445192
0 0.352730 0.998077 0.346983 0.992308 0.335489 0.971154 0.334052 0.950000 0.340517 0.941346 0.352011 0.941346 0.364224 0.963462 0.364224 0.990385 0.357040 0.998077
0 0.458333 0.872115 0.445402 0.870192 0.430316 0.853846 0.428879 0.840385 0.435345 0.829808 0.446839 0.824038 0.455460 0.824038 0.466236 0.834615 0.471983 0.848077 0.471983 0.859615 0.458333 0.872115
0 0.637931 0.700962 0.620690 0.695192 0.609914 0.680769 0.608477 0.659615 0.613506 0.652885 0.629310 0.652885 0.645833 0.671154 0.648707 0.676923 0.648707 0.694231 0.637931 0.700962
0 0.566092 0.647115 0.548851 0.645192 0.528736 0.629808 0.519397 0.615385 0.520833 0.601923 0.528736 0.593269 0.538793 0.587500 0.548851 0.587500 0.554598 0.593269 0.566092 0.593269 0.574713 0.599038 0.585489 0.617308 0.585489 0.628846 0.577586 0.641346 0.566092 0.647115
0 0.790948 0.000000 0.783046 0.010577 0.762931 0.024038 0.752874 0.024038 0.746408 0.017308 0.746408 0.000000
0 0.701149 0.918269 0.691810 0.909615 0.688937 0.900000 0.690374 0.880769 0.683190 0.863462 0.683190 0.857692 0.686782 0.850962 0.699713 0.850962 0.707615 0.861538 0.716236 0.880769 0.717672 0.896154 0.713362 0.909615 0.701149 0.918269
0 0.912356 0.539423 0.903736 0.539423 0.886494 0.529808 0.880029 0.519231 0.880029 0.509615 0.890805 0.495192 0.903736 0.485577 0.919540 0.483654 0.931753 0.496154 0.934626 0.511538 0.925287 0.531731 0.912356 0.539423
0 0.764368 0.606731 0.755747 0.606731 0.746408 0.596154 0.746408 0.582692 0.757184 0.564423 0.762931 0.564423 0.767241 0.568269 0.770833 0.573077 0.773707 0.584615 0.772270 0.596154 0.764368 0.606731
0 0.000000 0.170192 0.007184 0.174038 0.013649 0.186538 0.010776 0.201923 0.010776 0.221154 0.006466 0.226923 0.006466 0.230769 0.000000 0.237500
0 0.636494 0.172115 0.622126 0.172115 0.609195 0.164423 0.602730 0.155769 0.604167 0.140385 0.620690 0.127885 0.627874 0.127885 0.635057 0.133654 0.647989 0.137500 0.655891 0.148077 0.655891 0.157692 0.650862 0.166346 0.636494 0.172115
0 0.817529 0.997115 0.803161 0.993269 0.798132 0.986538 0.792385 0.969231 0.793822 0.944231 0.801724 0.931731 0.806034 0.929808 0.817529 0.931731 0.823994 0.940385 0.828305 0.953846 0.826868 0.982692 0.823994 0.990385 0.817529 0.997115
0 0.323276 0.543269 0.310345 0.541346 0.290948 0.526923 0.289511 0.509615 0.298851 0.495192 0.311782 0.491346 0.323276 0.504808 0.331178 0.507692 0.332615 0.526923 0.323276 0.543269
0 0.060345 0.256731 0.053161 0.256731 0.048851 0.252885 0.043822 0.246154 0.039511 0.228846 0.040948 0.205769 0.043822 0.198077 0.051724 0.189423 0.063218 0.191346 0.069684 0.200000 0.073994 0.217308 0.072557 0.244231 0.067529 0.252885 0.060345 0.256731
0 0.461207 0.274038 0.446839 0.270192 0.434626 0.242308 0.433190 0.219231 0.442529 0.208654 0.462644 0.206731 0.471983 0.215385 0.471983 0.228846 0.474856 0.236538 0.469109 0.246154 0.473420 0.253846 0.473420 0.259615 0.468391 0.270192 0.461207 0.274038
0 0.998563 0.189423 0.988506 0.189423 0.982759 0.185577 0.974856 0.173077 0.973420 0.165385 0.979167 0.136538 0.987069 0.125962 0.998563 0.127885
0 0.479885 0.512500 0.471264 0.510577 0.459770 0.502885 0.453305 0.490385 0.453305 0.469231 0.459770 0.458654 0.465517 0.454808 0.485632 0.454808 0.495690 0.458654 0.505747 0.466346 0.516523 0.482692 0.515086 0.498077 0.510057 0.504808 0.484195 0.508654 0.479885 0.512500
0 0.275862 0.452885 0.264368 0.452885 0.255029 0.444231 0.249282 0.426923 0.249282 0.415385 0.258621 0.393269 0.271552 0.387500 0.281609 0.387500 0.286638 0.396154 0.285201 0.434615 0.282328 0.444231 0.275862 0.452885
0 0.846264 0.133654 0.829023 0.133654 0.823994 0.128846 0.822557 0.109615 0.825431 0.100000 0.840517 0.081731 0.862069 0.066346 0.875000 0.068269 0.881466 0.078846 0.881466 0.092308 0.877155 0.103846 0.870690 0.116346 0.867816 0.116346 0.860632 0.125962 0.846264 0.133654
0 0.761494 0.277885 0.750000 0.275962 0.744971 0.269231 0.743534 0.261538 0.746408 0.250000 0.761494 0.229808 0.780172 0.222115 0.787356 0.224038 0.792385 0.238462 0.788075 0.261538 0.771552 0.274038 0.761494 0.277885
0 0.721264 0.764423 0.714080 0.764423 0.706178 0.753846 0.701868 0.734615 0.721264 0.699038 0.735632 0.699038 0.739224 0.703846 0.736351 0.715385 0.743534 0.728846 0.739224 0.740385 0.732040 0.750000 0.730603 0.757692 0.721264 0.764423
0 0.557471 0.397115 0.545977 0.393269 0.535920 0.383654 0.528017 0.363462 0.520833 0.315385 0.520833 0.305769 0.527299 0.295192 0.543103 0.295192 0.565374 0.325000 0.576868 0.350000 0.568247 0.367308 0.566810 0.388462 0.557471 0.397115
0 0.857759 0.714423 0.850575 0.714423 0.840517 0.708654 0.832615 0.696154 0.829741 0.684615 0.831178 0.676923 0.840517 0.666346 0.850575 0.668269 0.859914 0.682692 0.862787 0.705769 0.857759 0.714423
0 0.711207 0.847115 0.699713 0.845192 0.692529 0.837500 0.681034 0.833654 0.674569 0.823077 0.674569 0.813462 0.678161 0.808654 0.691092 0.808654 0.702586 0.814423 0.704741 0.811538 0.700431 0.803846 0.702586 0.797115 0.709770 0.793269 0.716954 0.797115 0.720546 0.801923 0.720546 0.809615 0.723420 0.815385 0.721983 0.834615 0.718391 0.843269 0.714080 0.843269 0.711207 0.847115
0 0.170259 0.998077 0.164511 0.984615 0.165948 0.967308 0.175287 0.950962 0.185345 0.945192 0.195402 0.945192 0.204023 0.949038 0.212644 0.954808 0.219109 0.963462 0.219109 0.980769 0.212644 0.991346 0.203305 0.998077
0 0.310345 0.347115 0.291667 0.345192 0.272270 0.325000 0.269397 0.301923 0.278736 0.281731 0.290230 0.277885 0.304598 0.287500 0.311782 0.287500 0.320402 0.293269 0.328305 0.303846 0.329741 0.321154 0.326868 0.328846 0.316092 0.343269 0.310345 0.347115
0 0.435345 0.729808 0.420977 0.725962 0.410201 0.711538 0.407328 0.703846 0.407328 0.694231 0.412356 0.685577 0.426724 0.683654 0.441092 0.691346 0.447557 0.700000 0.447557 0.719231 0.442529 0.725962 0.435345 0.729808
0 0.168103 0.812500 0.159483 0.812500 0.153017 0.803846 0.138649 0.771154 0.137213 0.750000 0.145115 0.739423 0.153736 0.741346 0.160920 0.747115 0.176006 0.771154 0.177443 0.800000 0.168103 0.812500
0 0.412356 0.097115 0.409483 0.093269 0.403736 0.093269 0.393678 0.087500 0.387213 0.076923 0.387213 0.063462 0.391523 0.055769 0.397989 0.047115 0.406609 0.043269 0.415230 0.043269 0.422414 0.047115 0.430316 0.061538 0.414511 0.084615 0.414511 0.094231 0.412356 0.097115
0 0.264368 0.212500 0.254310 0.212500 0.250000 0.208654 0.233477 0.173077 0.233477 0.153846 0.241379 0.143269 0.254310 0.143269 0.260776 0.150000 0.263649 0.157692 0.265086 0.167308 0.273707 0.188462 0.273707 0.198077 0.270833 0.205769 0.264368 0.212500
0 0.428161 0.899038 0.422414 0.897115 0.410920 0.885577 0.401580 0.871154 0.403017 0.850000 0.409483 0.843269 0.416667 0.845192 0.429598 0.856731 0.438937 0.876923 0.438937 0.892308 0.428161 0.899038
0 0.533046 0.120192 0.515805 0.118269 0.502874 0.108654 0.496408 0.098077 0.494971 0.078846 0.505747 0.062500 0.511494 0.058654 0.531609 0.052885 0.535920 0.049038 0.543103 0.049038 0.548851 0.050962 0.555316 0.059615 0.558190 0.071154 0.562500 0.076923 0.562500 0.100000 0.558908 0.106731 0.547414 0.116346 0.533046 0.120192
0 0.897989 0.612500 0.886494 0.612500 0.882902 0.607692 0.882902 0.598077 0.897989 0.577885 0.908046 0.577885 0.913075 0.584615 0.911638 0.598077 0.897989 0.612500
0 0.581897 0.402885 0.576149 0.402885 0.568247 0.394231 0.568247 0.367308 0.579741 0.346154 0.586207 0.339423 0.594828 0.335577 0.604885 0.335577 0.611351 0.344231 0.611351 0.355769 0.604167 0.371154 0.581897 0.402885
0 0.089080 0.875962 0.077586 0.875962 0.066810 0.867308 0.061063 0.853846 0.059626 0.842308 0.067529 0.829808 0.080460 0.824038 0.089080 0.824038 0.107759 0.829808 0.115661 0.838462 0.115661 0.855769 0.104885 0.868269 0.089080 0.875962
0 0.998563 0.649038 0.982759 0.672115 0.966954 0.681731 0.951149 0.683654 0.944684 0.676923 0.944684 0.659615 0.977011 0.624038 0.987069 0.622115 0.998563 0.635577
0 0.007902 0.000000 0.006466 0.007692 0.000000 0.014423
0 0.954741 0.000000 0.950431 0.030769 0.941092 0.045192 0.933908 0.045192 0.927443 0.036538 0.926006 0.011538 0.928879 0.000000
0 0.245690 0.497115 0.235632 0.497115 0.221264 0.489423 0.214799 0.476923 0.216236 0.465385 0.228448 0.452885 0.238506 0.449038 0.245690 0.449038 0.251437 0.454808 0.258621 0.454808 0.265086 0.465385 0.265086 0.478846 0.255747 0.493269 0.245690 0.497115
0 0.339080 0.189423 0.331897 0.187500 0.322557 0.175000 0.316810 0.161538 0.318247 0.126923 0.329741 0.105769 0.336207 0.099038 0.343391 0.100962 0.348420 0.107692 0.355603 0.140385 0.355603 0.173077 0.347701 0.185577 0.339080 0.189423
0 0.787356 0.406731 0.777299 0.404808 0.769397 0.396154 0.762213 0.367308 0.763649 0.346154 0.772989 0.335577 0.781609 0.335577 0.787356 0.339423 0.795259 0.350000 0.799569 0.361538 0.801006 0.394231 0.795977 0.402885 0.787356 0.406731
0 0.000000 0.097115 0.007902 0.101923 0.007902 0.117308 0.010776 0.125000 0.006466 0.132692 0.005029 0.148077 0.000000 0.152885
0 0.396552 0.297115 0.389368 0.295192 0.380029 0.280769 0.378592 0.261538 0.383621 0.254808 0.389368 0.252885 0.418103 0.249038 0.424569 0.259615 0.421695 0.269231 0.421695 0.280769 0.412356 0.293269 0.400862 0.293269 0.396552 0.297115
0 0.112069 0.606731 0.096264 0.606731 0.080460 0.599038 0.068966 0.597115 0.059626 0.586538 0.059626 0.575000 0.067529 0.564423 0.077586 0.560577 0.097701 0.564423 0.111351 0.576923 0.117098 0.592308 0.112069 0.606731
0 0.488506 0.741346 0.477011 0.739423 0.467672 0.723077 0.467672 0.705769 0.478448 0.691346 0.492816 0.693269 0.499282 0.701923 0.502155 0.711538 0.502155 0.719231 0.497845 0.730769 0.488506 0.741346
0 0.242816 0.843269 0.238506 0.843269 0.235632 0.839423 0.219828 0.841346 0.206897 0.835577 0.198994 0.823077 0.200431 0.794231 0.209770 0.785577 0.221264 0.785577 0.235632 0.795192 0.246408 0.809615 0.255029 0.826923 0.253592 0.834615 0.248563 0.841346 0.242816 0.843269
0 0.515086 0.000000 0.513649 0.007692 0.508621 0.012500 0.498563 0.012500 0.494971 0.005769 0.494971 0.000000
0 0.748563 0.518269 0.741379 0.518269 0.732040 0.505769 0.727730 0.494231 0.727730 0.471154 0.735632 0.462500 0.742816 0.462500 0.749282 0.471154 0.753592 0.486538 0.753592 0.509615 0.748563 0.518269
0 0.866379 0.433654 0.853448 0.429808 0.841236 0.409615 0.838362 0.396154 0.838362 0.378846 0.842672 0.369231 0.850575 0.360577 0.862069 0.364423 0.882902 0.394231 0.881466 0.419231 0.875000 0.427885 0.866379 0.433654
0 0.580460 0.218269 0.573276 0.216346 0.568247 0.209615 0.558190 0.190385 0.556753 0.182692 0.559626 0.165385 0.570402 0.152885 0.576149 0.152885 0.593391 0.164423 0.604167 0.176923 0.605603 0.182692 0.604167 0.200000 0.596264 0.210577 0.580460 0.218269
0 0.853448 0.285577 0.834770 0.281731 0.826868 0.271154 0.826868 0.251923 0.839080 0.229808 0.854885 0.218269 0.867816 0.216346 0.878592 0.225000 0.878592 0.257692 0.877155 0.263462 0.867816 0.275962 0.853448 0.285577
0 0.291667 0.089423 0.261494 0.089423 0.253592 0.075000 0.255029 0.059615 0.262213 0.042308 0.275862 0.027885 0.295977 0.014423 0.306034 0.014423 0.312500 0.021154 0.315374 0.030769 0.313937 0.048077 0.305316 0.075000 0.291667 0.089423
0 0.998563 0.374038 0.994253 0.372115 0.986351 0.361538 0.986351 0.350000 0.983477 0.346154 0.984914 0.330769 0.992816 0.316346 0.998563 0.314423
0 0.000000 0.054808 0.005747 0.058654 0.010776 0.069231 0.006466 0.080769 0.000000 0.085577
0 0.772989 0.762500 0.768678 0.762500 0.759339 0.753846 0.762213 0.742308 0.760776 0.726923 0.765805 0.720192 0.771552 0.720192 0.776580 0.730769 0.776580 0.757692 0.772989 0.762500
0 0.206897 0.193269 0.201149 0.193269 0.193247 0.186538 0.187500 0.173077 0.187500 0.155769 0.204023 0.133654 0.209770 0.129808 0.219828 0.129808 0.227730 0.138462 0.230603 0.148077 0.229167 0.167308 0.226293 0.175000 0.215517 0.189423 0.206897 0.193269
0 0.948276 0.427885 0.936782 0.427885 0.927443 0.417308 0.927443 0.400000 0.930316 0.392308 0.936782 0.383654 0.961207 0.368269 0.977011 0.370192 0.986351 0.384615 0.984914 0.403846 0.974138 0.418269 0.961207 0.420192 0.948276 0.427885
0 0.123563 0.347115 0.103448 0.339423 0.099856 0.332692 0.099856 0.326923 0.105603 0.315385 0.105603 0.294231 0.117816 0.285577 0.126437 0.287500 0.132902 0.298077 0.131466 0.321154 0.134339 0.336538 0.130747 0.343269 0.123563 0.347115
0 0.162356 0.308654 0.147989 0.306731 0.141523 0.298077 0.140086 0.282692 0.146552 0.272115 0.155172 0.270192 0.166667 0.262500 0.177443 0.271154 0.178879 0.280769 0.171695 0.288462 0.171695 0.300000 0.162356 0.308654
0 0.883621 0.925962 0.873563 0.925962 0.867816 0.922115 0.852730 0.903846 0.846983 0.890385 0.846983 0.882692 0.852011 0.875962 0.856322 0.872115 0.864943 0.872115 0.873563 0.877885 0.884339 0.892308 0.888649 0.905769 0.888649 0.915385 0.883621 0.925962
0 0.195402 0.372115 0.191092 0.372115 0.181753 0.361538 0.178879 0.353846 0.178879 0.338462 0.186782 0.327885 0.205460 0.325962 0.216236 0.338462 0.219109 0.348077 0.219109 0.359615 0.214080 0.368269 0.195402 0.372115
0 0.379310 0.420192 0.367816 0.418269 0.359195 0.412500 0.351293 0.401923 0.351293 0.376923 0.360632 0.356731 0.369253 0.354808 0.379310 0.360577 0.398707 0.382692 0.398707 0.398077 0.394397 0.407692 0.379310 0.420192
0 0.150862 0.477885 0.139368 0.477885 0.134339 0.471154 0.132902 0.461538 0.135776 0.457692 0.137213 0.448077 0.143678 0.445192 0.145833 0.436538 0.150862 0.429808 0.159483 0.427885 0.165948 0.432692 0.168822 0.448077 0.181753 0.463462 0.181753 0.469231 0.178161 0.474038 0.158046 0.472115 0.150862 0.477885
0 0.462644 0.604808 0.445402 0.599038 0.428879 0.582692 0.426006 0.575000 0.426006 0.561538 0.433908 0.547115 0.439655 0.543269 0.448276 0.543269 0.454023 0.547115 0.466236 0.565385 0.473420 0.584615 0.473420 0.594231 0.462644 0.604808
0 0.738506 0.572115 0.729885 0.572115 0.721983 0.561538 0.721983 0.538462 0.731322 0.527885 0.739943 0.531731 0.747845 0.542308 0.749282 0.555769 0.738506 0.572115
0 0.155172 0.566346 0.147989 0.564423 0.141523 0.553846 0.138649 0.528846 0.143678 0.522115 0.158046 0.514423 0.170977 0.514423 0.178161 0.520192 0.186782 0.520192 0.191810 0.526923 0.193247 0.538462 0.186782 0.549038 0.175287 0.558654 0.155172 0.566346
0 0.484195 0.839423 0.475575 0.837500 0.456178 0.811538 0.456178 0.803846 0.464080 0.791346 0.474138 0.781731 0.492816 0.779808 0.497845 0.784615 0.500718 0.800000 0.493534 0.826923 0.484195 0.839423
0 0.951149 0.899038 0.933908 0.895192 0.920259 0.882692 0.918822 0.867308 0.926724 0.854808 0.936782 0.852885 0.943966 0.860577 0.952586 0.862500 0.961925 0.875000 0.960489 0.890385 0.951149 0.899038
0 0.885057 0.235577 0.880747 0.235577 0.878592 0.225000 0.868534 0.217308 0.871408 0.213462 0.872845 0.203846 0.871408 0.188462 0.880747 0.172115 0.892241 0.168269 0.898707 0.173077 0.900144 0.194231 0.903017 0.198077 0.895833 0.207692 0.890086 0.230769 0.885057 0.235577
0 0.693966 0.118269 0.675287 0.114423 0.660920 0.100962 0.650144 0.082692 0.651580 0.069231 0.656609 0.064423 0.668103 0.064423 0.676724 0.070192 0.682471 0.070192 0.701149 0.083654 0.709052 0.096154 0.709052 0.103846 0.705460 0.112500 0.693966 0.118269
0 0.631466 0.998077 0.628592 0.988462 0.628592 0.971154 0.636494 0.962500 0.646552 0.962500 0.652299 0.968269 0.663075 0.984615 0.667385 0.998077
0 0.183908 0.302885 0.173851 0.302885 0.171695 0.300000 0.171695 0.288462 0.178161 0.281731 0.182471 0.281731 0.187500 0.288462 0.187500 0.296154 0.183908 0.302885
0 0.998563 0.283654 0.988506 0.287500 0.981322 0.287500 0.975575 0.283654 0.956897 0.283654 0.946121 0.269231 0.947557 0.255769 0.962644 0.239423 0.985632 0.237500 0.992816 0.241346 0.998563 0.249038
0 0.899425 0.383654 0.895115 0.383654 0.887931 0.375962 0.880747 0.375962 0.867098 0.353846 0.859914 0.332692 0.859914 0.323077 0.866379 0.312500 0.873563 0.312500 0.881466 0.323077 0.885776 0.334615 0.905891 0.359615 0.907328 0.371154 0.904454 0.378846 0.899425 0.383654
0 0.337644 0.506731 0.323276 0.504808 0.311063 0.488462 0.312500 0.469231 0.320402 0.456731 0.327586 0.450962 0.334770 0.450962 0.357040 0.482692 0.357040 0.490385 0.353448 0.497115 0.347701 0.502885 0.337644 0.506731
0 0.112069 0.160577 0.090517 0.156731 0.082615 0.148077 0.084052 0.128846 0.094828 0.114423 0.106322 0.108654 0.120690 0.110577 0.134339 0.128846 0.130029 0.146154 0.125000 0.152885 0.112069 0.160577
0 0.362069 0.879808 0.352011 0.879808 0.334770 0.868269 0.328305 0.859615 0.325431 0.846154 0.334770 0.839423 0.341954 0.839423 0.363506 0.847115 0.371408 0.861538 0.371408 0.871154 0.362069 0.879808
0 0.534483 0.795192 0.525862 0.795192 0.517960 0.782692 0.517960 0.778846 0.525144 0.767308 0.523707 0.738462 0.528736 0.731731 0.545977 0.737500 0.553879 0.750000 0.558190 0.763462 0.555316 0.778846 0.544540 0.791346 0.534483 0.795192
0 0.971264 0.218269 0.956897 0.216346 0.936782 0.202885 0.931753 0.196154 0.930316 0.182692 0.933190 0.173077 0.938218 0.166346 0.946839 0.166346 0.951149 0.172115 0.964080 0.170192 0.979167 0.186538 0.980603 0.201923 0.979167 0.207692 0.971264 0.218269
0 0.998563 0.991346 0.987069 0.991346 0.972701 0.983654 0.958333 0.972115 0.947557 0.953846 0.952586 0.943269 0.959770 0.939423 0.984195 0.941346 0.998563 0.950962
0 0.731322 0.427885 0.704023 0.425962 0.697557 0.419231 0.693247 0.409615 0.693247 0.396154 0.701149 0.383654 0.727011 0.366346 0.731322 0.366346 0.737787 0.373077 0.743534 0.394231 0.742098 0.409615 0.731322 0.427885
0 0.705460 0.514423 0.696839 0.514423 0.688937 0.507692 0.683190 0.494231 0.683190 0.482692 0.691092 0.468269 0.704023 0.458654 0.714080 0.458654 0.721983 0.465385 0.721983 0.480769 0.716236 0.500000 0.705460 0.514423
0 0.803161 0.514423 0.791667 0.514423 0.783764 0.505769 0.785201 0.486538 0.789511 0.475000 0.794540 0.470192 0.803161 0.466346 0.816092 0.466346 0.821121 0.475000 0.821121 0.492308 0.813218 0.504808 0.803161 0.514423
0 0.247126 0.366346 0.232759 0.364423 0.224856 0.355769 0.224856 0.346154 0.230603 0.338462 0.232040 0.328846 0.239943 0.320192 0.251437 0.322115 0.257902 0.330769 0.253592 0.355769 0.247126 0.366346
