0 0.652344 0.201172 0.636719 0.201172 0.626953 0.191406 0.626953 0.156250 0.636719 0.146484 0.648438 0.146484 0.666016 0.164062 0.666016 0.179688 0.652344 0.201172
0 0.968750 0.130859 0.941406 0.130859 0.931641 0.117188 0.941406 0.103516 0.960938 0.099609 0.974609 0.109375 0.968750 0.130859
0 0.429688 0.712891 0.417969 0.712891 0.400391 0.699219 0.400391 0.687500 0.410156 0.673828 0.425781 0.673828 0.439453 0.687500 0.429688 0.712891
0 0.855469 0.259766 0.828125 0.259766 0.816406 0.255859 0.814453 0.246094 0.828125 0.228516 0.851562 0.224609 0.861328 0.238281 0.861328 0.253906 0.855469 0.259766
0 0.472656 0.521484 0.457031 0.521484 0.447266 0.507812 0.447266 0.484375 0.457031 0.478516 0.474609 0.488281 0.478516 0.515625 0.472656 0.521484
0 0.455078 0.996094 0.447266 0.976562 0.453125 0.966797 0.460938 0.966797 0.478516 0.984375 0.474609 0.996094
0 0.441406 0.248047 0.425781 0.248047 0.416016 0.238281 0.416016 0.222656 0.433594 0.208984 0.449219 0.208984 0.458984 0.218750 0.455078 0.238281 0.441406 0.248047
0 0.132812 0.150391 0.117188 0.150391 0.111328 0.144531 0.115234 0.121094 0.128906 0.107422 0.142578 0.113281 0.142578 0.136719 0.132812 0.150391
0 0.000000 0.255859 0.013672 0.269531 0.000000 0.283203
0 0.562500 0.736328 0.541016 0.726562 0.541016 0.703125 0.550781 0.693359 0.566406 0.697266 0.580078 0.714844 0.576172 0.726562 0.562500 0.736328
0 0.351562 0.498047 0.339844 0.498047 0.322266 0.476562 0.322266 0.457031 0.335938 0.447266 0.359375 0.447266 0.373047 0.464844 0.373047 0.472656 0.351562 0.498047
0 0.355469 0.271484 0.328125 0.267578 0.318359 0.246094 0.335938 0.240234 0.351562 0.248047 0.361328 0.257812 0.355469 0.271484
0 0.210938 0.822266 0.187500 0.822266 0.189453 0.804688 0.210938 0.802734 0.220703 0.812500 0.210938 0.822266
0 0.031250 0.798828 0.017578 0.792969 0.023438 0.779297 0.037109 0.785156 0.031250 0.798828
0 0.539062 0.294922 0.519531 0.294922 0.509766 0.285156 0.515625 0.259766 0.535156 0.259766 0.548828 0.273438 0.548828 0.289062 0.539062 0.294922
0 0.230469 0.521484 0.201172 0.515625 0.201172 0.492188 0.214844 0.478516 0.226562 0.478516 0.240234 0.492188 0.240234 0.511719 0.230469 0.521484
0 0.085938 0.267578 0.066406 0.267578 0.064453 0.253906 0.078125 0.240234 0.097656 0.240234 0.099609 0.253906 0.085938 0.267578
0 0.511719 0.111328 0.501953 0.105469 0.498047 0.089844 0.515625 0.064453 0.531250 0.064453 0.533203 0.093750 0.511719 0.111328
0 0.000000 0.400391 0.013672 0.410156 0.013672 0.433594 0.000000 0.447266
0 0.289062 0.689453 0.271484 0.679688 0.271484 0.656250 0.277344 0.650391 0.296875 0.654297 0.302734 0.664062 0.298828 0.683594 0.289062 0.689453
0 0.609375 0.513672 0.595703 0.507812 0.601562 0.494141 0.615234 0.500000 0.609375 0.513672
0 0.367188 0.123047 0.351562 0.123047 0.341797 0.113281 0.341797 0.089844 0.351562 0.080078 0.363281 0.080078 0.373047 0.093750 0.373047 0.117188 0.367188 0.123047
0 0.046875 0.341797 0.037109 0.339844 0.037109 0.324219 0.050781 0.314453 0.060547 0.324219 0.046875 0.341797
0 0.390625 0.041016 0.380859 0.039062 0.380859 0.015625 0.394531 0.001953 0.421875 0.005859 0.423828 0.019531 0.390625 0.041016
0 0.582031 0.291016 0.574219 0.291016 0.564453 0.277344 0.564453 0.265625 0.574219 0.255859 0.593750 0.259766 0.599609 0.269531 0.599609 0.285156 0.582031 0.291016
0 0.558594 0.341797 0.539062 0.341797 0.529297 0.332031 0.529297 0.308594 0.539062 0.298828 0.550781 0.298828 0.568359 0.324219 0.558594 0.341797
0 0.199219 0.990234 0.185547 0.984375 0.185547 0.964844 0.191406 0.958984 0.205078 0.964844 0.205078 0.984375 0.199219 0.990234
0 0.759766 0.000000 0.755859 0.011719 0.742188 0.021484 0.730469 0.017578 0.720703 0.000000
0 0.503906 0.736328 0.482422 0.726562 0.486328 0.699219 0.496094 0.689453 0.503906 0.689453 0.517578 0.707031 0.517578 0.718750 0.503906 0.736328
0 0.144531 0.673828 0.119141 0.667969 0.119141 0.652344 0.136719 0.630859 0.154297 0.636719 0.154297 0.664062 0.144531 0.673828
0 0.593750 0.220703 0.572266 0.214844 0.572266 0.191406 0.582031 0.173828 0.593750 0.177734 0.599609 0.191406 0.599609 0.214844 0.593750 0.220703
0 0.162109 0.996094 0.158203 0.976562 0.171875 0.966797 0.185547 0.968750 0.185547 0.984375 0.197266 0.992188 0.193359 0.996094
0 0.335938 0.810547 0.316406 0.810547 0.310547 0.804688 0.310547 0.781250 0.328125 0.767578 0.339844 0.771484 0.345703 0.781250 0.345703 0.800781 0.335938 0.810547
0 0.613281 0.337891 0.578125 0.333984 0.564453 0.320312 0.564453 0.300781 0.574219 0.291016 0.597656 0.287109 0.603516 0.300781 0.623047 0.312500 0.623047 0.328125 0.613281 0.337891
0 0.968750 0.486328 0.957031 0.486328 0.947266 0.476562 0.953125 0.458984 0.972656 0.458984 0.978516 0.464844 0.982422 0.472656 0.968750 0.486328
0 0.476562 0.978516 0.462891 0.972656 0.468750 0.958984 0.482422 0.964844 0.476562 0.978516
0 0.445312 0.994141 0.431641 0.988281 0.437500 0.974609 0.451172 0.980469 0.445312 0.994141
0 0.363281 0.392578 0.347656 0.392578 0.341797 0.386719 0.341797 0.367188 0.355469 0.353516 0.369141 0.359375 0.369141 0.386719 0.363281 0.392578
0 0.484375 0.345703 0.472656 0.345703 0.462891 0.335938 0.462891 0.300781 0.472656 0.291016 0.490234 0.300781 0.490234 0.308594 0.474609 0.316406 0.476562 0.326172 0.490234 0.332031 0.484375 0.345703
0 0.000000 0.822266 0.023438 0.818359 0.033203 0.828125 0.033203 0.843750 0.027344 0.849609 0.015625 0.861328 0.000000 0.861328
0 0.910156 0.513672 0.890625 0.509766 0.884766 0.496094 0.890625 0.490234 0.906250 0.490234 0.916016 0.500000 0.910156 0.513672
0 0.285156 0.408203 0.265625 0.408203 0.259766 0.402344 0.259766 0.382812 0.269531 0.373047 0.285156 0.373047 0.298828 0.382812 0.285156 0.408203
0 0.107422 0.000000 0.111328 0.011719 0.097656 0.029297 0.070312 0.029297 0.056641 0.015625 0.060547 0.000000
0 0.687500 0.205078 0.664062 0.205078 0.658203 0.199219 0.658203 0.187500 0.666016 0.179688 0.666016 0.156250 0.650391 0.144531 0.646484 0.128906 0.660156 0.115234 0.671875 0.115234 0.689453 0.128906 0.689453 0.144531 0.681641 0.152344 0.697266 0.164062 0.697266 0.195312 0.687500 0.205078
0 0.890625 0.486328 0.880859 0.484375 0.876953 0.472656 0.890625 0.455078 0.898438 0.455078 0.904297 0.472656 0.890625 0.486328
0 0.535156 0.689453 0.523438 0.689453 0.521484 0.679688 0.509766 0.675781 0.505859 0.660156 0.511719 0.654297 0.523438 0.654297 0.533203 0.664062 0.535156 0.689453
0 0.320312 0.068359 0.310547 0.062500 0.310547 0.042969 0.320312 0.029297 0.335938 0.029297 0.341797 0.035156 0.341797 0.054688 0.320312 0.068359
0 0.757812 0.423828 0.742188 0.423828 0.732422 0.414062 0.736328 0.390625 0.753906 0.380859 0.771484 0.394531 0.771484 0.410156 0.757812 0.423828
0 0.312500 0.482422 0.294922 0.476562 0.294922 0.445312 0.308594 0.431641 0.324219 0.431641 0.330078 0.449219 0.322266 0.457031 0.322266 0.476562 0.312500 0.482422
0 0.242188 0.853516 0.218750 0.853516 0.208984 0.843750 0.208984 0.832031 0.234375 0.826172 0.244141 0.839844 0.242188 0.853516
0 0.000000 0.927734 0.025391 0.953125 0.023438 0.962891 0.000000 0.966797
0 0.824219 0.517578 0.806641 0.511719 0.806641 0.492188 0.820312 0.478516 0.832031 0.478516 0.841797 0.488281 0.841797 0.500000 0.824219 0.517578
0 0.957031 0.228516 0.937500 0.228516 0.927734 0.218750 0.923828 0.199219 0.937500 0.181641 0.945312 0.181641 0.962891 0.199219 0.957031 0.228516
0 0.410156 0.087891 0.398438 0.087891 0.392578 0.078125 0.392578 0.062500 0.402344 0.048828 0.417969 0.048828 0.423828 0.054688 0.419922 0.078125 0.410156 0.087891
0 0.457031 0.349609 0.437500 0.349609 0.431641 0.343750 0.431641 0.316406 0.437500 0.310547 0.457031 0.310547 0.462891 0.316406 0.462891 0.343750 0.457031 0.349609
0 0.707031 0.607422 0.671875 0.607422 0.666016 0.601562 0.666016 0.582031 0.671875 0.576172 0.699219 0.576172 0.712891 0.589844 0.707031 0.607422
0 0.199219 0.294922 0.191406 0.294922 0.177734 0.281250 0.177734 0.257812 0.187500 0.248047 0.203125 0.251953 0.212891 0.265625 0.208984 0.289062 0.199219 0.294922
0 0.664062 0.517578 0.632812 0.513672 0.626953 0.503906 0.640625 0.486328 0.656250 0.486328 0.669922 0.500000 0.664062 0.517578
0 0.875000 0.052734 0.865234 0.035156 0.869141 0.023438 0.878906 0.017578 0.902344 0.017578 0.919922 0.031250 0.914062 0.048828 0.882812 0.044922 0.875000 0.052734
0 0.742188 0.091797 0.730469 0.091797 0.712891 0.078125 0.712891 0.062500 0.718750 0.056641 0.746094 0.056641 0.755859 0.066406 0.755859 0.082031 0.742188 0.091797
0 0.296875 0.318359 0.285156 0.314453 0.279297 0.304688 0.279297 0.285156 0.289062 0.275391 0.296875 0.275391 0.310547 0.292969 0.310547 0.308594 0.296875 0.318359
0 0.519531 0.521484 0.501953 0.507812 0.501953 0.492188 0.511719 0.482422 0.531250 0.482422 0.541016 0.492188 0.541016 0.507812 0.523438 0.513672 0.519531 0.521484
0 0.000000 0.623047 0.013672 0.636719 0.009766 0.660156 0.000000 0.662109
0 0.429688 0.908203 0.417969 0.908203 0.412109 0.898438 0.412109 0.886719 0.421875 0.876953 0.435547 0.882812 0.435547 0.902344 0.429688 0.908203
0 0.015625 0.341797 0.005859 0.335938 0.005859 0.312500 0.011719 0.306641 0.021484 0.312500 0.015625 0.341797
0 0.710938 0.498047 0.685547 0.492188 0.685547 0.476562 0.703125 0.462891 0.718750 0.462891 0.732422 0.476562 0.732422 0.484375 0.710938 0.498047
0 0.546875 0.552734 0.519531 0.552734 0.509766 0.542969 0.509766 0.527344 0.527344 0.513672 0.546875 0.517578 0.560547 0.531250 0.560547 0.542969 0.546875 0.552734
0 0.906250 0.490234 0.892578 0.484375 0.906250 0.470703 0.912109 0.476562 0.906250 0.490234
0 0.828125 0.138672 0.804688 0.134766 0.794922 0.125000 0.798828 0.105469 0.820312 0.091797 0.835938 0.091797 0.849609 0.105469 0.849609 0.125000 0.828125 0.138672
0 0.000000 0.728516 0.011719 0.728516 0.021484 0.750000 0.021484 0.769531 0.015625 0.775391 0.000000 0.771484
0 0.906250 0.064453 0.882812 0.064453 0.876953 0.050781 0.882812 0.044922 0.906250 0.044922 0.912109 0.050781 0.906250 0.064453
0 0.179688 0.185547 0.167969 0.185547 0.158203 0.171875 0.162109 0.156250 0.171875 0.146484 0.185547 0.160156 0.179688 0.185547
0 0.601562 0.458984 0.589844 0.458984 0.564453 0.433594 0.570312 0.416016 0.597656 0.412109 0.607422 0.421875 0.615234 0.449219 0.601562 0.458984
0 0.718750 0.833984 0.691406 0.830078 0.681641 0.820312 0.681641 0.804688 0.695312 0.791016 0.718750 0.791016 0.728516 0.800781 0.728516 0.824219 0.718750 0.833984
0 0.488281 0.330078 0.474609 0.324219 0.480469 0.310547 0.494141 0.316406 0.488281 0.330078
0 0.050781 0.154297 0.021484 0.152344 0.021484 0.125000 0.027344 0.115234 0.042969 0.115234 0.048828 0.121094 0.050781 0.154297
0 0.187500 0.419922 0.169922 0.414062 0.169922 0.398438 0.179688 0.388672 0.195312 0.388672 0.208984 0.398438 0.208984 0.410156 0.187500 0.419922
