0 0.354687 0.264648 0.343750 0.264648 0.335938 0.260742 0.330469 0.253906 0.321094 0.214844 0.324219 0.193359 0.354687 0.155273 0.370312 0.153320 0.398438 0.161133 0.403906 0.167969 0.407031 0.177734 0.407031 0.197266 0.402344 0.208984 0.396094 0.218750 0.394531 0.226562 0.378125 0.249023 0.354687 0.264648
0 0.795312 0.209961 0.776563 0.209961 0.768750 0.206055 0.763281 0.199219 0.763281 0.187500 0.771875 0.172852 0.785937 0.172852 0.794531 0.181641 0.799219 0.191406 0.797656 0.207031 0.795312 0.209961
0 0.000000 0.204102 0.006250 0.204102 0.011719 0.216797 0.010156 0.238281 0.006250 0.245117 0.000000 0.249023
0 0.391406 0.998047 0.378906 0.974609 0.375781 0.951172 0.382812 0.936523 0.400000 0.928711 0.412500 0.930664 0.432031 0.951172 0.442969 0.976562 0.441406 0.998047
0 0.867188 0.620117 0.829688 0.616211 0.825781 0.601562 0.830469 0.582031 0.851562 0.553711 0.868750 0.541992 0.890625 0.543945 0.904687 0.549805 0.913281 0.562500 0.911719 0.593750 0.903125 0.604492 0.892188 0.612305 0.867188 0.620117
0 0.998437 0.706055 0.996094 0.716797 0.975000 0.737305 0.962500 0.737305 0.954688 0.733398 0.944531 0.716797 0.946094 0.699219 0.979688 0.670898 0.992188 0.672852 0.997656 0.679688 0.998437 0.686523
0 0.818750 0.143555 0.809375 0.143555 0.798438 0.137695 0.785156 0.125000 0.788281 0.117188 0.786719 0.091797 0.778906 0.074219 0.769531 0.062500 0.771875 0.057617 0.779687 0.057617 0.795312 0.038086 0.809375 0.038086 0.821875 0.043945 0.835156 0.062500 0.839844 0.076172 0.838281 0.115234 0.830469 0.132812 0.818750 0.143555
0 0.589063 0.604492 0.573438 0.604492 0.570312 0.600586 0.559375 0.596680 0.555469 0.591797 0.553906 0.583984 0.543750 0.575195 0.535156 0.562500 0.533594 0.550781 0.536719 0.523438 0.539844 0.509766 0.542969 0.505859 0.542969 0.498047 0.546875 0.491211 0.568750 0.483398 0.585938 0.485352 0.592187 0.489258 0.608594 0.509766 0.621094 0.535156 0.625781 0.552734 0.625781 0.572266 0.622656 0.582031 0.612500 0.590820 0.600000 0.594727 0.589063 0.604492
0 0.881250 0.375977 0.868750 0.375977 0.863281 0.369141 0.863281 0.359375 0.854688 0.352539 0.826562 0.348633 0.821094 0.343750 0.821094 0.322266 0.830469 0.298828 0.842187 0.280273 0.857812 0.284180 0.865625 0.291992 0.875000 0.295898 0.892188 0.297852 0.901563 0.303711 0.910156 0.314453 0.911719 0.335938 0.905469 0.351562 0.892188 0.368164 0.881250 0.375977
0 0.168750 0.475586 0.159375 0.475586 0.154688 0.471680 0.142187 0.469727 0.130469 0.457031 0.128906 0.431641 0.122656 0.421875 0.124219 0.414062 0.129688 0.407227 0.145313 0.397461 0.160938 0.397461 0.170313 0.403320 0.177344 0.412109 0.182031 0.425781 0.182031 0.455078 0.178906 0.466797 0.168750 0.475586
0 0.695312 0.112305 0.687500 0.112305 0.679688 0.100586 0.668750 0.100586 0.666406 0.097656 0.667969 0.085938 0.671875 0.081055 0.684375 0.081055 0.693750 0.086914 0.700781 0.095703 0.700781 0.107422 0.695312 0.112305
0 0.557813 0.997070 0.510938 0.997070 0.499219 0.984375 0.499219 0.970703 0.509375 0.956055 0.520312 0.946289 0.542188 0.936523 0.560937 0.938477 0.569531 0.955078 0.571094 0.974609 0.557813 0.997070
0 0.626563 0.725586 0.609375 0.725586 0.600000 0.717773 0.588281 0.701172 0.575781 0.664062 0.575781 0.646484 0.582812 0.635742 0.593750 0.631836 0.606250 0.622070 0.614062 0.622070 0.618750 0.618164 0.646875 0.627930 0.659375 0.639648 0.671094 0.658203 0.671094 0.671875 0.663281 0.683594 0.657031 0.701172 0.634375 0.721680 0.626563 0.725586
0 0.693750 0.182617 0.681250 0.182617 0.664844 0.166016 0.663281 0.146484 0.671875 0.133789 0.700000 0.129883 0.703906 0.134766 0.705469 0.154297 0.699219 0.173828 0.693750 0.182617
0 0.435937 0.756836 0.414062 0.756836 0.392188 0.741211 0.380469 0.722656 0.377344 0.701172 0.378906 0.695312 0.390625 0.680664 0.414062 0.665039 0.435937 0.661133 0.459375 0.661133 0.467969 0.671875 0.472656 0.685547 0.478906 0.710938 0.478906 0.726562 0.468750 0.743164 0.457813 0.750977 0.435937 0.756836
0 0.454688 0.235352 0.440625 0.233398 0.428906 0.218750 0.428906 0.193359 0.438281 0.166016 0.445312 0.157227 0.456250 0.149414 0.473438 0.149414 0.478125 0.151367 0.483594 0.160156 0.483594 0.177734 0.460156 0.230469 0.454688 0.235352
0 0.000000 0.764648 0.014063 0.772461 0.022656 0.785156 0.022656 0.798828 0.016406 0.810547 0.012500 0.815430 0.000000 0.815430
0 0.592187 0.223633 0.584375 0.223633 0.555469 0.197266 0.560156 0.179688 0.571875 0.165039 0.596875 0.165039 0.604688 0.168945 0.613281 0.183594 0.614844 0.201172 0.607812 0.211914 0.592187 0.223633
0 0.000000 0.942383 0.028125 0.938477 0.046875 0.948242 0.069531 0.974609 0.072656 0.998047
0 0.960938 0.670898 0.935937 0.668945 0.932031 0.664062 0.933594 0.628906 0.942187 0.606445 0.954688 0.596680 0.968750 0.596680 0.985156 0.611328 0.988281 0.619141 0.988281 0.638672 0.983594 0.654297 0.975000 0.665039 0.960938 0.670898
0 0.103906 0.000000 0.103906 0.007812 0.085938 0.022461 0.075000 0.022461 0.067187 0.018555 0.055469 0.005859 0.055469 0.000000
0 0.650000 0.569336 0.640625 0.569336 0.625781 0.556641 0.621094 0.535156 0.608594 0.509766 0.596094 0.494141 0.600000 0.487305 0.609375 0.481445 0.618750 0.469727 0.639062 0.463867 0.664062 0.465820 0.668750 0.467773 0.678906 0.480469 0.680469 0.507812 0.669531 0.550781 0.650000 0.569336
0 0.684375 0.674805 0.673438 0.674805 0.671094 0.671875 0.671094 0.658203 0.666406 0.648438 0.649219 0.630859 0.650781 0.611328 0.654687 0.606445 0.670312 0.604492 0.696094 0.630859 0.697656 0.658203 0.694531 0.667969 0.684375 0.674805
0 0.206250 0.672852 0.190625 0.670898 0.163281 0.634766 0.155469 0.613281 0.158594 0.593750 0.185938 0.575195 0.214062 0.575195 0.218750 0.577148 0.227344 0.589844 0.225781 0.648438 0.217188 0.663086 0.206250 0.672852
0 0.240625 0.967773 0.215625 0.965820 0.210156 0.957031 0.211719 0.937500 0.214062 0.934570 0.220312 0.934570 0.226562 0.938477 0.242969 0.957031 0.242969 0.964844 0.240625 0.967773
0 0.687500 0.916992 0.646875 0.913086 0.635156 0.892578 0.632031 0.867188 0.638281 0.857422 0.641406 0.841797 0.653125 0.827148 0.667188 0.827148 0.685937 0.840820 0.703125 0.842773 0.719531 0.863281 0.716406 0.878906 0.687500 0.916992
0 0.300000 0.288086 0.282813 0.288086 0.264062 0.274414 0.244531 0.236328 0.244531 0.226562 0.255469 0.203125 0.275000 0.184570 0.282813 0.184570 0.285938 0.180664 0.292187 0.182617 0.303906 0.195312 0.319531 0.240234 0.317969 0.273438 0.310937 0.282227 0.300000 0.288086
0 0.881250 0.489258 0.868750 0.489258 0.859375 0.485352 0.855469 0.480469 0.850781 0.447266 0.847656 0.439453 0.847656 0.431641 0.850000 0.428711 0.871875 0.428711 0.878125 0.432617 0.892969 0.451172 0.894531 0.472656 0.881250 0.489258
0 0.440625 0.631836 0.415625 0.631836 0.400000 0.614258 0.389062 0.608398 0.378906 0.589844 0.377344 0.568359 0.382031 0.554688 0.392188 0.541992 0.398438 0.540039 0.406250 0.532227 0.423438 0.532227 0.429688 0.536133 0.442188 0.545898 0.455469 0.564453 0.460156 0.578125 0.463281 0.607422 0.461719 0.613281 0.451562 0.625977 0.440625 0.631836
0 0.767188 0.985352 0.754687 0.985352 0.740625 0.975586 0.711719 0.935547 0.713281 0.896484 0.721875 0.883789 0.743750 0.874023 0.753125 0.874023 0.775000 0.879883 0.794531 0.896484 0.800781 0.914062 0.796094 0.951172 0.785937 0.973633 0.767188 0.985352
0 0.759375 0.147461 0.742188 0.139648 0.722656 0.113281 0.719531 0.091797 0.721094 0.078125 0.731250 0.061523 0.740625 0.053711 0.765625 0.055664 0.778906 0.074219 0.786719 0.091797 0.786719 0.123047 0.773438 0.139648 0.759375 0.147461
