0 0.206250 0.275391 0.171875 0.271484 0.157812 0.242188 0.157812 0.207031 0.167187 0.179688 0.170313 0.128906 0.179688 0.101562 0.193750 0.080078 0.212500 0.068359 0.253125 0.060547 0.257812 0.066406 0.254688 0.109375 0.248438 0.148438 0.235937 0.175781 0.232813 0.203125 0.226562 0.214844 0.226562 0.253906 0.206250 0.275391
0 0.996875 0.740234 0.950000 0.751953 0.906250 0.818359 0.878125 0.837891 0.868750 0.837891 0.854688 0.824219 0.854688 0.812500 0.873437 0.781250 0.873437 0.773438 0.939063 0.683594 0.971875 0.650391 0.996875 0.642578
0 0.720313 0.000000 0.712500 0.017578 0.671875 0.037109 0.640625 0.029297 0.632812 0.000000
0 0.470313 0.000000 0.456250 0.009766 0.396875 0.083984 0.390625 0.083984 0.381250 0.095703 0.325000 0.087891 0.314063 0.074219 0.314063 0.046875 0.321875 0.033203 0.357812 0.000000
0 0.150000 0.595703 0.126562 0.585938 0.123438 0.531250 0.156250 0.478516 0.187500 0.451172 0.192188 0.460938 0.176563 0.523438 0.173437 0.570312 0.150000 0.595703
0 0.860938 0.000000 0.860938 0.062500 0.870313 0.085938 0.870313 0.101562 0.846875 0.115234 0.775000 0.111328 0.770312 0.105469 0.770312 0.085938 0.792188 0.050781 0.801562 0.000000
0 0.996875 0.271484 0.978125 0.287109 0.940625 0.298828 0.920312 0.265625 0.940625 0.224609 0.962500 0.212891 0.978125 0.193359 0.996875 0.181641
0 0.801562 0.000000 0.784375 0.017578 0.771875 0.017578 0.767188 0.007812 0.773438 0.000000
0 0.276562 0.000000 0.270313 0.015625 0.250000 0.033203 0.225000 0.029297 0.214062 0.015625 0.214062 0.000000
0 0.996875 0.513672 0.985938 0.542969 0.982812 0.574219 0.968750 0.603516 0.896875 0.642578 0.884375 0.642578 0.879687 0.636719 0.876563 0.617188 0.892188 0.539062 0.968750 0.470703 0.996875 0.466797
0 0.996875 0.623047 0.968750 0.634766 0.931250 0.673828 0.925000 0.673828 0.873437 0.742188 0.854688 0.773438 0.854688 0.781250 0.828125 0.806641 0.806250 0.806641 0.792188 0.792969 0.792188 0.773438 0.823438 0.738281 0.890625 0.642578 0.962500 0.607422 0.975000 0.595703 0.996875 0.595703
0 0.996875 0.408203 0.943750 0.404297 0.931250 0.396484 0.923438 0.378906 0.950000 0.333984 0.971875 0.322266 0.996875 0.298828
0 0.609375 0.123047 0.565625 0.123047 0.543750 0.115234 0.535937 0.101562 0.535937 0.070312 0.559375 0.044922 0.584375 0.033203 0.600000 0.029297 0.640625 0.033203 0.645312 0.039062 0.642188 0.093750 0.628125 0.111328 0.609375 0.123047
0 0.996875 0.455078 0.940625 0.462891 0.921875 0.474609 0.910937 0.468750 0.910937 0.445312 0.915625 0.439453 0.965625 0.416016 0.971875 0.408203 0.996875 0.408203
0 0.996875 0.138672 0.981250 0.150391 0.946875 0.142578 0.934375 0.130859 0.925000 0.130859 0.901563 0.097656 0.904687 0.070312 0.934375 0.037109 0.996875 0.037109
