0 0.511719 0.466797 0.496094 0.466797 0.476562 0.455078 0.455078 0.410156 0.458984 0.378906 0.496094 0.353516 0.535156 0.361328 0.554688 0.380859 0.572266 0.386719 0.572266 0.398438 0.552734 0.437500 0.531250 0.458984 0.511719 0.466797
0 0.394531 0.154297 0.371094 0.154297 0.355469 0.146484 0.337891 0.125000 0.337891 0.117188 0.357422 0.097656 0.371094 0.072266 0.402344 0.080078 0.419922 0.101562 0.423828 0.121094 0.417969 0.130859 0.400391 0.136719 0.404297 0.148438 0.394531 0.154297
0 0.250000 0.236328 0.234375 0.228516 0.185547 0.226562 0.185547 0.160156 0.201172 0.117188 0.210938 0.111328 0.261719 0.123047 0.283203 0.144531 0.251953 0.199219 0.250000 0.236328
0 0.607422 0.000000 0.607422 0.011719 0.589844 0.025391 0.554688 0.025391 0.521484 0.000000
0 0.314453 0.000000 0.343750 0.009766 0.361328 0.046875 0.357422 0.085938 0.333984 0.105469 0.320312 0.126953 0.253906 0.123047 0.230469 0.111328 0.212891 0.093750 0.212891 0.054688 0.271484 0.000000
0 0.496094 0.193359 0.484375 0.193359 0.457031 0.173828 0.439453 0.152344 0.443359 0.136719 0.464844 0.119141 0.488281 0.119141 0.511719 0.130859 0.525391 0.148438 0.521484 0.179688 0.496094 0.193359
0 0.242188 0.349609 0.214844 0.345703 0.166016 0.304688 0.166016 0.273438 0.203125 0.244141 0.234375 0.251953 0.248047 0.269531 0.255859 0.332031 0.242188 0.349609
0 0.910156 0.431641 0.882812 0.431641 0.853516 0.406250 0.849609 0.371094 0.859375 0.357422 0.886719 0.349609 0.898438 0.353516 0.919922 0.375000 0.927734 0.406250 0.919922 0.425781 0.910156 0.431641
0 0.312500 0.384766 0.273438 0.373047 0.251953 0.359375 0.259766 0.296875 0.281250 0.283203 0.312500 0.283203 0.341797 0.308594 0.341797 0.324219 0.318359 0.359375 0.318359 0.378906 0.312500 0.384766
0 0.406250 0.291016 0.375000 0.291016 0.345703 0.261719 0.345703 0.250000 0.378906 0.216797 0.417969 0.216797 0.437500 0.224609 0.451172 0.238281 0.451172 0.261719 0.443359 0.277344 0.406250 0.291016
0 0.464844 0.224609 0.421875 0.220703 0.410156 0.212891 0.367188 0.212891 0.361328 0.207031 0.361328 0.179688 0.382812 0.154297 0.433594 0.154297 0.482422 0.191406 0.482422 0.214844 0.464844 0.224609
0 0.914062 0.232422 0.886719 0.232422 0.853516 0.199219 0.853516 0.171875 0.878906 0.146484 0.910156 0.146484 0.935547 0.171875 0.935547 0.207031 0.914062 0.232422
0 0.953125 0.298828 0.914062 0.291016 0.908203 0.285156 0.908203 0.257812 0.935547 0.226562 0.939453 0.207031 0.953125 0.193359 0.968750 0.193359 0.982422 0.214844 0.982422 0.246094 0.974609 0.265625 0.955078 0.281250 0.958984 0.292969 0.953125 0.298828
0 0.347656 0.248047 0.345703 0.242188 0.371094 0.212891 0.412109 0.214844 0.378906 0.216797 0.347656 0.248047
0 0.566406 0.349609 0.519531 0.333984 0.484375 0.333984 0.472656 0.341797 0.455078 0.308594 0.455078 0.289062 0.462891 0.273438 0.492188 0.255859 0.542969 0.259766 0.564453 0.281250 0.572266 0.300781 0.566406 0.349609
0 0.140625 0.380859 0.105469 0.380859 0.083984 0.363281 0.076172 0.347656 0.076172 0.324219 0.093750 0.302734 0.148438 0.302734 0.158203 0.312500 0.166016 0.328125 0.166016 0.351562 0.158203 0.367188 0.140625 0.380859
0 0.156250 0.283203 0.085938 0.275391 0.076172 0.253906 0.080078 0.210938 0.105469 0.193359 0.152344 0.193359 0.166016 0.207031 0.166016 0.253906 0.158203 0.261719 0.156250 0.283203
0 0.148438 0.189453 0.078125 0.185547 0.064453 0.171875 0.064453 0.128906 0.078125 0.107422 0.109375 0.095703 0.140625 0.095703 0.160156 0.111328 0.175781 0.115234 0.193359 0.132812 0.193359 0.148438 0.148438 0.189453
0 0.296875 0.251953 0.289062 0.251953 0.267578 0.234375 0.267578 0.187500 0.275391 0.179688 0.275391 0.167969 0.289062 0.154297 0.304688 0.146484 0.328125 0.146484 0.349609 0.164062 0.353516 0.175781 0.349609 0.222656 0.332031 0.244141 0.296875 0.251953
0 0.103516 0.000000 0.132812 0.021484 0.169922 0.031250 0.158203 0.039062 0.158203 0.046875 0.177734 0.062500 0.181641 0.074219 0.160156 0.099609 0.152344 0.103516 0.128906 0.083984 0.113281 0.083984 0.099609 0.093750 0.105469 0.099609 0.058594 0.103516 0.048828 0.093750 0.044922 0.078125 0.021484 0.066406 0.021484 0.019531 0.013672 0.000000
0 0.996094 0.455078 0.976562 0.455078 0.947266 0.425781 0.947266 0.394531 0.980469 0.369141 0.996094 0.373047
0 0.996094 0.345703 0.972656 0.365234 0.960938 0.365234 0.943359 0.347656 0.943359 0.328125 0.955078 0.300781 0.984375 0.275391 0.996094 0.279297
0 0.248047 0.000000 0.207031 0.037109 0.162109 0.000000
