0 0.000000 0.349609 0.015625 0.326172 0.029297 0.332031 0.029297 0.355469 0.000000 0.369141
0 0.949219 0.681641 0.929688 0.677734 0.908203 0.656250 0.908203 0.636719 0.917969 0.626953 0.937500 0.630859 0.951172 0.648438 0.955078 0.675781 0.949219 0.681641
0 0.078125 0.310547 0.054688 0.310547 0.041016 0.296875 0.041016 0.281250 0.050781 0.267578 0.074219 0.263672 0.087891 0.277344 0.087891 0.300781 0.078125 0.310547
0 0.343750 0.267578 0.332031 0.267578 0.314453 0.253906 0.306641 0.222656 0.328125 0.193359 0.359375 0.189453 0.369141 0.207031 0.349609 0.226562 0.349609 0.261719 0.343750 0.267578
0 0.289062 0.076172 0.271484 0.066406 0.271484 0.054688 0.281250 0.044922 0.296875 0.044922 0.302734 0.050781 0.302734 0.066406 0.289062 0.076172
0 0.843750 0.701172 0.832031 0.701172 0.822266 0.687500 0.822266 0.664062 0.828125 0.658203 0.839844 0.658203 0.861328 0.679688 0.861328 0.687500 0.843750 0.701172
0 0.570312 0.080078 0.552734 0.070312 0.562500 0.052734 0.576172 0.058594 0.576172 0.074219 0.570312 0.080078
0 0.589844 0.240234 0.578125 0.240234 0.568359 0.230469 0.568359 0.214844 0.574219 0.208984 0.589844 0.208984 0.595703 0.214844 0.595703 0.234375 0.589844 0.240234
0 0.960938 0.466797 0.949219 0.466797 0.933594 0.451172 0.914062 0.455078 0.908203 0.437500 0.925781 0.419922 0.957031 0.419922 0.970703 0.441406 0.970703 0.453125 0.960938 0.466797
0 0.613281 0.041016 0.597656 0.037109 0.583984 0.019531 0.597656 0.009766 0.609375 0.009766 0.619141 0.019531 0.619141 0.035156 0.613281 0.041016
0 0.595703 0.000000 0.599609 0.007812 0.582031 0.025391 0.554688 0.033203 0.541016 0.027344 0.537109 0.000000
0 0.150391 0.000000 0.154297 0.007812 0.126953 0.035156 0.126953 0.058594 0.117188 0.068359 0.101562 0.068359 0.095703 0.062500 0.091797 0.031250 0.115234 0.000000
0 0.617188 0.244141 0.601562 0.244141 0.595703 0.238281 0.595703 0.218750 0.601562 0.212891 0.617188 0.212891 0.626953 0.222656 0.626953 0.234375 0.617188 0.244141
0 0.597656 0.216797 0.587891 0.203125 0.597656 0.193359 0.609375 0.193359 0.619141 0.210938 0.597656 0.216797
0 0.996094 0.642578 0.984375 0.650391 0.968750 0.650391 0.947266 0.632812 0.947266 0.609375 0.960938 0.591797 0.988281 0.591797 0.996094 0.599609
0 0.890625 0.669922 0.875000 0.669922 0.865234 0.660156 0.865234 0.644531 0.878906 0.630859 0.894531 0.630859 0.908203 0.640625 0.908203 0.656250 0.890625 0.669922
