0 0.714844 0.986328 0.683594 0.986328 0.667969 0.978516 0.650391 0.957031 0.646484 0.906250 0.654297 0.890625 0.675781 0.873047 0.714844 0.873047 0.730469 0.880859 0.751953 0.906250 0.748047 0.949219 0.740234 0.964844 0.714844 0.986328
0 0.507812 0.638672 0.468750 0.626953 0.451172 0.597656 0.462891 0.566406 0.496094 0.541016 0.531250 0.548828 0.556641 0.574219 0.556641 0.605469 0.548828 0.617188 0.539062 0.626953 0.507812 0.638672
0 0.751953 0.996094 0.751953 0.976562 0.759766 0.964844 0.781250 0.951172 0.800781 0.947266 0.835938 0.955078 0.857422 0.976562 0.865234 0.996094
0 0.130859 0.000000 0.142578 0.007812 0.150391 0.031250 0.109375 0.056641 0.101562 0.068359 0.093750 0.060547 0.078125 0.064453 0.072266 0.058594 0.076172 0.019531 0.103516 0.000000
0 0.312500 0.845703 0.285156 0.837891 0.267578 0.812500 0.271484 0.769531 0.281250 0.755859 0.300781 0.748047 0.335938 0.755859 0.357422 0.781250 0.353516 0.820312 0.335938 0.837891 0.312500 0.845703
0 0.875000 0.193359 0.855469 0.189453 0.841797 0.175781 0.830078 0.144531 0.830078 0.121094 0.837891 0.105469 0.855469 0.091797 0.894531 0.083984 0.927734 0.109375 0.935547 0.136719 0.927734 0.156250 0.902344 0.181641 0.875000 0.193359
0 0.644531 0.712891 0.609375 0.705078 0.583984 0.683594 0.576172 0.667969 0.580078 0.621094 0.601562 0.603516 0.632812 0.603516 0.648438 0.611328 0.673828 0.648438 0.673828 0.683594 0.666016 0.699219 0.644531 0.712891
0 0.156250 0.341797 0.128906 0.337891 0.115234 0.320312 0.119141 0.289062 0.136719 0.271484 0.160156 0.275391 0.177734 0.292969 0.177734 0.320312 0.156250 0.341797
0 0.605469 0.349609 0.574219 0.345703 0.552734 0.320312 0.556641 0.285156 0.570312 0.271484 0.589844 0.263672 0.613281 0.271484 0.638672 0.300781 0.634766 0.328125 0.605469 0.349609
0 0.974609 0.000000 0.978516 0.027344 0.970703 0.046875 0.933594 0.076172 0.898438 0.076172 0.876953 0.058594 0.869141 0.042969 0.873047 0.000000
0 0.054688 0.326172 0.035156 0.322266 0.025391 0.308594 0.025391 0.289062 0.039062 0.275391 0.050781 0.275391 0.072266 0.296875 0.068359 0.316406 0.054688 0.326172
0 0.000000 0.658203 0.019531 0.662109 0.044922 0.695312 0.041016 0.738281 0.023438 0.755859 0.000000 0.759766
0 0.164062 0.111328 0.144531 0.111328 0.128906 0.103516 0.115234 0.085938 0.136719 0.064453 0.175781 0.052734 0.185547 0.074219 0.181641 0.089844 0.164062 0.111328
0 0.535156 0.958984 0.519531 0.958984 0.492188 0.947266 0.470703 0.925781 0.470703 0.902344 0.496094 0.869141 0.515625 0.865234 0.539062 0.873047 0.558594 0.884766 0.572266 0.906250 0.564453 0.937500 0.535156 0.958984
0 0.414062 0.943359 0.382812 0.927734 0.367188 0.927734 0.345703 0.914062 0.353516 0.878906 0.378906 0.857422 0.410156 0.857422 0.439453 0.886719 0.439453 0.910156 0.414062 0.943359
0 0.958984 0.996094 0.955078 0.984375 0.962891 0.960938 0.980469 0.939453 0.996094 0.935547
0 0.757812 0.810547 0.722656 0.810547 0.697266 0.792969 0.689453 0.777344 0.689453 0.750000 0.697266 0.734375 0.730469 0.712891 0.765625 0.712891 0.794922 0.742188 0.794922 0.769531 0.783203 0.792969 0.757812 0.810547
0 0.302734 0.996094 0.310547 0.972656 0.347656 0.943359 0.390625 0.955078 0.404297 0.972656 0.408203 0.996094
0 0.074219 0.259766 0.060547 0.253906 0.033203 0.207031 0.033203 0.183594 0.050781 0.162109 0.066406 0.162109 0.089844 0.173828 0.111328 0.195312 0.123047 0.218750 0.123047 0.238281 0.113281 0.251953 0.074219 0.259766
0 0.345703 0.000000 0.332031 0.017578 0.316406 0.025391 0.289062 0.021484 0.259766 0.000000
0 0.996094 0.318359 0.968750 0.337891 0.937500 0.337891 0.916016 0.324219 0.896484 0.296875 0.900391 0.269531 0.910156 0.255859 0.929688 0.244141 0.972656 0.248047 0.996094 0.271484
0 0.835938 0.919922 0.792969 0.919922 0.779297 0.910156 0.771484 0.902344 0.763672 0.875000 0.767578 0.851562 0.800781 0.826172 0.871094 0.822266 0.884766 0.847656 0.880859 0.867188 0.857422 0.906250 0.835938 0.919922
0 0.207031 0.228516 0.183594 0.224609 0.173828 0.214844 0.173828 0.191406 0.207031 0.154297 0.230469 0.150391 0.248047 0.164062 0.248047 0.187500 0.240234 0.207031 0.226562 0.220703 0.207031 0.228516
0 0.480469 0.841797 0.460938 0.837891 0.421875 0.814453 0.408203 0.792969 0.404297 0.769531 0.412109 0.753906 0.433594 0.736328 0.464844 0.736328 0.488281 0.748047 0.513672 0.796875 0.513672 0.816406 0.492188 0.837891 0.480469 0.841797
0 0.648438 0.873047 0.605469 0.869141 0.580078 0.847656 0.572266 0.804688 0.585938 0.775391 0.625000 0.771484 0.662109 0.800781 0.673828 0.824219 0.673828 0.843750 0.669922 0.855469 0.648438 0.873047
0 0.818359 0.000000 0.796875 0.013672 0.765625 0.013672 0.740234 0.000000
0 0.000000 0.013672 0.023438 0.001953 0.050781 0.001953 0.056641 0.007812 0.041016 0.023438 0.041016 0.058594 0.048828 0.066406 0.029297 0.082031 0.023438 0.099609 0.000000 0.107422
0 0.292969 0.345703 0.265625 0.345703 0.240234 0.324219 0.232422 0.285156 0.250000 0.263672 0.292969 0.263672 0.314453 0.285156 0.322266 0.304688 0.318359 0.324219 0.292969 0.345703
