0 0.726562 0.142578 0.683594 0.138672 0.669922 0.125000 0.669922 0.105469 0.675781 0.099609 0.707031 0.099609 0.732422 0.121094 0.732422 0.136719 0.726562 0.142578
0 0.232422 0.996094 0.220703 0.984375 0.212891 0.957031 0.212891 0.921875 0.230469 0.900391 0.246094 0.904297 0.271484 0.937500 0.267578 0.972656 0.255859 0.996094
0 0.812500 0.763672 0.792969 0.763672 0.771484 0.742188 0.771484 0.726562 0.785156 0.712891 0.804688 0.716797 0.818359 0.730469 0.822266 0.750000 0.812500 0.763672
0 0.000000 0.029297 0.035156 0.033203 0.044922 0.058594 0.035156 0.072266 0.015625 0.072266 0.000000 0.056641
0 0.429688 0.138672 0.414062 0.138672 0.396484 0.121094 0.388672 0.101562 0.398438 0.087891 0.414062 0.087891 0.435547 0.105469 0.439453 0.128906 0.429688 0.138672
0 0.601562 0.833984 0.574219 0.830078 0.556641 0.812500 0.556641 0.800781 0.566406 0.791016 0.582031 0.791016 0.593750 0.798828 0.607422 0.812500 0.607422 0.828125 0.601562 0.833984
0 0.601562 0.873047 0.589844 0.873047 0.564453 0.851562 0.560547 0.835938 0.570312 0.826172 0.607422 0.855469 0.601562 0.873047
0 0.117188 0.900391 0.105469 0.900391 0.095703 0.890625 0.095703 0.871094 0.105469 0.849609 0.121094 0.849609 0.126953 0.855469 0.126953 0.890625 0.117188 0.900391
0 0.171875 0.634766 0.156250 0.634766 0.138672 0.613281 0.134766 0.597656 0.148438 0.580078 0.164062 0.583984 0.181641 0.609375 0.181641 0.625000 0.171875 0.634766
0 0.429688 0.193359 0.406250 0.193359 0.394531 0.185547 0.388672 0.179688 0.388672 0.160156 0.394531 0.154297 0.425781 0.158203 0.439453 0.171875 0.439453 0.183594 0.429688 0.193359
0 0.527344 0.626953 0.488281 0.619141 0.474609 0.605469 0.470703 0.585938 0.480469 0.572266 0.511719 0.580078 0.529297 0.597656 0.533203 0.621094 0.527344 0.626953
0 0.773438 0.607422 0.750000 0.603516 0.728516 0.589844 0.728516 0.570312 0.738281 0.560547 0.761719 0.556641 0.787109 0.578125 0.791016 0.593750 0.773438 0.607422
0 0.000000 0.283203 0.011719 0.275391 0.023438 0.279297 0.041016 0.296875 0.044922 0.320312 0.031250 0.330078 0.000000 0.298828
0 0.917969 0.193359 0.894531 0.193359 0.876953 0.183594 0.869141 0.160156 0.878906 0.146484 0.898438 0.142578 0.927734 0.156250 0.931641 0.179688 0.917969 0.193359
0 0.585938 0.794922 0.570312 0.791016 0.544922 0.765625 0.550781 0.748047 0.566406 0.748047 0.591797 0.769531 0.591797 0.789062 0.585938 0.794922
0 0.203125 0.841797 0.185547 0.832031 0.177734 0.812500 0.177734 0.785156 0.191406 0.759766 0.208984 0.769531 0.216797 0.789062 0.216797 0.828125 0.203125 0.841797
0 0.488281 0.912109 0.468750 0.908203 0.451172 0.886719 0.451172 0.859375 0.460938 0.849609 0.480469 0.853516 0.498047 0.878906 0.498047 0.898438 0.488281 0.912109
0 0.328125 0.822266 0.312500 0.818359 0.298828 0.796875 0.294922 0.757812 0.316406 0.740234 0.326172 0.742188 0.341797 0.765625 0.341797 0.808594 0.328125 0.822266
0 0.203125 0.376953 0.187500 0.376953 0.166016 0.355469 0.166016 0.335938 0.179688 0.322266 0.195312 0.326172 0.216797 0.347656 0.216797 0.363281 0.203125 0.376953
0 0.238281 0.123047 0.210938 0.123047 0.197266 0.109375 0.193359 0.089844 0.203125 0.080078 0.230469 0.083984 0.248047 0.105469 0.238281 0.123047
0 0.859375 0.755859 0.847656 0.755859 0.826172 0.738281 0.814453 0.722656 0.820312 0.705078 0.839844 0.708984 0.865234 0.734375 0.865234 0.750000 0.859375 0.755859
0 0.238281 0.251953 0.207031 0.248047 0.197266 0.234375 0.197266 0.218750 0.210938 0.208984 0.238281 0.216797 0.248047 0.226562 0.248047 0.242188 0.238281 0.251953
0 0.460938 0.275391 0.425781 0.271484 0.416016 0.261719 0.416016 0.250000 0.441406 0.232422 0.457031 0.232422 0.474609 0.257812 0.474609 0.265625 0.460938 0.275391
0 0.171875 0.275391 0.156250 0.275391 0.130859 0.261719 0.130859 0.242188 0.140625 0.232422 0.160156 0.232422 0.185547 0.246094 0.185547 0.265625 0.171875 0.275391
0 0.357422 0.996094 0.345703 0.976562 0.345703 0.953125 0.359375 0.939453 0.375000 0.943359 0.384766 0.960938 0.384766 0.976562 0.373047 0.996094
0 0.175781 0.439453 0.142578 0.425781 0.142578 0.410156 0.152344 0.396484 0.167969 0.396484 0.189453 0.417969 0.189453 0.429688 0.175781 0.439453
0 0.484375 0.451172 0.464844 0.451172 0.443359 0.433594 0.439453 0.417969 0.453125 0.400391 0.464844 0.400391 0.490234 0.417969 0.494141 0.441406 0.484375 0.451172
0 0.367188 0.119141 0.343750 0.115234 0.326172 0.097656 0.326172 0.082031 0.335938 0.072266 0.359375 0.072266 0.376953 0.085938 0.376953 0.105469 0.367188 0.119141
0 0.332031 0.298828 0.296875 0.298828 0.283203 0.285156 0.283203 0.269531 0.292969 0.259766 0.328125 0.263672 0.337891 0.273438 0.337891 0.292969 0.332031 0.298828
0 0.664062 0.349609 0.636719 0.345703 0.623047 0.332031 0.619141 0.316406 0.628906 0.306641 0.656250 0.310547 0.669922 0.324219 0.669922 0.343750 0.664062 0.349609
0 0.593750 0.662109 0.574219 0.662109 0.552734 0.636719 0.548828 0.617188 0.554688 0.611328 0.582031 0.611328 0.599609 0.625000 0.603516 0.652344 0.593750 0.662109
0 0.074219 0.802734 0.054688 0.802734 0.044922 0.789062 0.044922 0.769531 0.058594 0.744141 0.080078 0.746094 0.080078 0.796875 0.074219 0.802734
0 0.625000 0.232422 0.601562 0.228516 0.591797 0.218750 0.591797 0.199219 0.597656 0.193359 0.628906 0.189453 0.646484 0.203125 0.646484 0.218750 0.625000 0.232422
0 0.699219 0.416016 0.683594 0.416016 0.666016 0.398438 0.666016 0.375000 0.671875 0.369141 0.691406 0.369141 0.712891 0.386719 0.712891 0.402344 0.699219 0.416016
0 0.738281 0.107422 0.714844 0.107422 0.699219 0.099609 0.689453 0.089844 0.689453 0.078125 0.699219 0.068359 0.730469 0.072266 0.744141 0.085938 0.744141 0.101562 0.738281 0.107422
0 0.375000 0.560547 0.339844 0.552734 0.330078 0.542969 0.326172 0.507812 0.339844 0.490234 0.363281 0.494141 0.392578 0.519531 0.396484 0.539062 0.375000 0.560547
0 0.996094 0.392578 0.982422 0.378906 0.982422 0.363281 0.996094 0.353516
0 0.976562 0.341797 0.941406 0.341797 0.927734 0.328125 0.927734 0.316406 0.949219 0.302734 0.972656 0.302734 0.986328 0.316406 0.986328 0.332031 0.976562 0.341797
0 0.960938 0.919922 0.921875 0.919922 0.908203 0.902344 0.908203 0.886719 0.925781 0.876953 0.945312 0.876953 0.966797 0.898438 0.966797 0.914062 0.960938 0.919922
0 0.363281 0.216797 0.328125 0.212891 0.318359 0.199219 0.318359 0.187500 0.332031 0.177734 0.363281 0.177734 0.373047 0.187500 0.373047 0.207031 0.363281 0.216797
0 0.031250 0.791016 0.015625 0.787109 0.005859 0.773438 0.005859 0.746094 0.011719 0.740234 0.027344 0.740234 0.041016 0.757812 0.044922 0.777344 0.031250 0.791016
