0 0.827586 0.779808 0.813218 0.779808 0.806753 0.771154 0.806753 0.763462 0.811782 0.754808 0.814655 0.754808 0.823276 0.745192 0.837644 0.739423 0.844109 0.748077 0.845546 0.761538 0.837644 0.777885 0.827586 0.779808
0 0.739943 0.125962 0.734195 0.125962 0.727730 0.117308 0.726293 0.092308 0.737069 0.072115 0.748563 0.068269 0.753592 0.080769 0.753592 0.096154 0.747845 0.111538 0.747845 0.117308 0.739943 0.125962
0 0.067529 0.091346 0.063218 0.089423 0.056753 0.078846 0.055316 0.046154 0.066092 0.024038 0.074713 0.022115 0.079741 0.032692 0.082615 0.048077 0.081178 0.075000 0.076149 0.085577 0.067529 0.091346
0 0.438218 0.235577 0.425287 0.231731 0.405891 0.207692 0.403017 0.184615 0.405891 0.176923 0.418103 0.164423 0.438218 0.166346 0.443966 0.170192 0.453305 0.184615 0.453305 0.196154 0.446121 0.215385 0.447557 0.226923 0.438218 0.235577
0 0.225575 0.881731 0.212644 0.875962 0.201868 0.861538 0.200431 0.836538 0.209770 0.824038 0.219828 0.822115 0.231322 0.827885 0.239224 0.836538 0.243534 0.855769 0.242098 0.869231 0.237069 0.875962 0.225575 0.881731
0 0.719828 0.614423 0.704023 0.612500 0.696839 0.608654 0.686063 0.596154 0.684626 0.575000 0.688937 0.565385 0.701149 0.552885 0.714080 0.552885 0.725575 0.556731 0.734914 0.567308 0.737787 0.575000 0.736351 0.598077 0.719828 0.614423
0 0.215517 0.650962 0.204023 0.649038 0.197557 0.634615 0.197557 0.623077 0.209770 0.610577 0.219828 0.610577 0.230603 0.623077 0.230603 0.632692 0.227730 0.640385 0.215517 0.650962
0 0.428161 0.589423 0.413793 0.587500 0.404454 0.573077 0.403017 0.542308 0.409483 0.531731 0.423851 0.533654 0.434626 0.546154 0.438937 0.557692 0.437500 0.580769 0.428161 0.589423
0 0.998563 0.139423 0.978448 0.149038 0.971264 0.147115 0.966236 0.140385 0.966236 0.130769 0.974138 0.116346 0.984195 0.106731 0.998563 0.102885
0 0.354885 0.758654 0.343391 0.758654 0.330460 0.752885 0.322557 0.742308 0.316810 0.728846 0.318247 0.717308 0.320402 0.714423 0.339080 0.714423 0.350575 0.718269 0.361351 0.734615 0.361351 0.748077 0.354885 0.758654
0 0.616379 0.222115 0.607759 0.222115 0.586925 0.186538 0.586925 0.169231 0.594828 0.158654 0.613506 0.162500 0.628592 0.182692 0.628592 0.196154 0.624282 0.213462 0.616379 0.222115
0 0.698276 0.220192 0.686782 0.220192 0.681034 0.216346 0.674569 0.207692 0.667385 0.186538 0.671695 0.163462 0.685345 0.150962 0.699713 0.154808 0.711925 0.165385 0.711925 0.184615 0.707615 0.207692 0.698276 0.220192
0 0.535201 0.000000 0.530172 0.008654 0.520115 0.014423 0.505747 0.014423 0.502874 0.010577 0.491379 0.006731 0.486351 0.000000
0 0.744253 0.912500 0.729885 0.910577 0.716236 0.894231 0.709052 0.880769 0.704741 0.848077 0.709770 0.837500 0.718391 0.833654 0.728448 0.837500 0.738506 0.847115 0.750718 0.865385 0.755029 0.878846 0.755029 0.894231 0.752155 0.903846 0.744253 0.912500
0 0.452586 0.897115 0.441092 0.897115 0.434626 0.888462 0.433190 0.863462 0.441092 0.847115 0.455460 0.839423 0.462644 0.839423 0.473420 0.853846 0.473420 0.875000 0.452586 0.897115
0 0.043103 0.920192 0.035920 0.916346 0.028017 0.901923 0.028017 0.878846 0.030891 0.869231 0.044540 0.850962 0.058908 0.847115 0.064655 0.850962 0.071121 0.861538 0.071121 0.888462 0.066810 0.901923 0.057471 0.916346 0.043103 0.920192
0 0.558908 0.287500 0.544540 0.281731 0.530891 0.263462 0.529454 0.238462 0.531609 0.235577 0.544540 0.235577 0.562500 0.257692 0.566810 0.267308 0.566810 0.278846 0.558908 0.287500
0 0.323276 0.787500 0.317529 0.787500 0.307471 0.777885 0.298851 0.777885 0.295259 0.765385 0.295259 0.753846 0.304598 0.741346 0.311782 0.739423 0.317529 0.733654 0.330460 0.752885 0.336207 0.754808 0.339799 0.761538 0.338362 0.775000 0.331897 0.783654 0.323276 0.787500
0 0.507184 0.520192 0.500000 0.520192 0.494253 0.516346 0.489224 0.507692 0.486351 0.490385 0.487787 0.484615 0.494253 0.477885 0.504310 0.479808 0.513649 0.492308 0.513649 0.513462 0.507184 0.520192
0 0.423851 0.970192 0.408046 0.970192 0.399425 0.964423 0.392960 0.953846 0.394397 0.944231 0.400862 0.935577 0.409483 0.931731 0.426724 0.933654 0.436063 0.944231 0.437500 0.953846 0.429598 0.966346 0.423851 0.970192
0 0.844828 0.497115 0.833333 0.497115 0.826149 0.493269 0.818247 0.478846 0.815374 0.453846 0.821839 0.441346 0.829023 0.437500 0.839080 0.439423 0.844828 0.443269 0.852730 0.455769 0.855603 0.463462 0.857040 0.480769 0.855603 0.486538 0.844828 0.497115
0 0.142241 0.229808 0.127874 0.227885 0.118534 0.217308 0.115661 0.209615 0.115661 0.201923 0.119971 0.190385 0.129310 0.179808 0.136494 0.179808 0.145115 0.185577 0.151580 0.201923 0.151580 0.215385 0.142241 0.229808
0 0.353448 0.722115 0.347701 0.716346 0.323994 0.713462 0.323994 0.686538 0.327586 0.681731 0.339080 0.679808 0.358477 0.694231 0.358477 0.709615 0.353448 0.722115
0 0.577586 0.749038 0.568966 0.749038 0.566810 0.746154 0.559626 0.726923 0.558190 0.713462 0.559626 0.696154 0.563937 0.684615 0.570402 0.677885 0.576149 0.677885 0.584052 0.686538 0.589799 0.713462 0.586925 0.730769 0.577586 0.749038
0 0.064655 0.618269 0.054598 0.616346 0.044540 0.608654 0.029454 0.582692 0.028017 0.569231 0.035920 0.552885 0.053161 0.549038 0.066092 0.556731 0.078305 0.573077 0.084052 0.590385 0.079741 0.607692 0.071839 0.616346 0.064655 0.618269
0 0.977011 0.889423 0.962644 0.887500 0.948276 0.877885 0.944684 0.871154 0.944684 0.859615 0.955460 0.847115 0.968391 0.847115 0.975575 0.850962 0.982040 0.859615 0.986351 0.871154 0.983477 0.884615 0.977011 0.889423
0 0.520115 0.831731 0.511494 0.829808 0.507902 0.825000 0.503592 0.809615 0.505029 0.796154 0.509339 0.784615 0.520115 0.770192 0.533046 0.764423 0.540230 0.766346 0.546695 0.778846 0.546695 0.796154 0.543822 0.807692 0.534483 0.822115 0.520115 0.831731
0 0.557471 0.531731 0.548851 0.531731 0.543822 0.525000 0.540948 0.515385 0.540948 0.503846 0.545259 0.490385 0.554598 0.477885 0.560345 0.475962 0.568247 0.482692 0.571121 0.501923 0.565374 0.523077 0.557471 0.531731
0 0.892241 0.160577 0.877874 0.158654 0.867098 0.146154 0.865661 0.138462 0.869971 0.125000 0.875000 0.118269 0.887931 0.110577 0.899425 0.110577 0.906609 0.114423 0.911638 0.121154 0.914511 0.126923 0.914511 0.140385 0.911638 0.148077 0.903736 0.156731 0.892241 0.160577
0 0.150144 0.998077 0.148707 0.976923 0.153736 0.970192 0.168103 0.970192 0.172414 0.974038 0.176006 0.978846 0.181753 0.998077
0 0.814655 0.595192 0.795977 0.595192 0.786638 0.584615 0.785201 0.569231 0.790230 0.558654 0.800287 0.552885 0.813218 0.552885 0.819684 0.561538 0.825431 0.580769 0.814655 0.595192
0 0.922414 0.599038 0.906609 0.597115 0.900144 0.588462 0.895833 0.575000 0.897270 0.550000 0.912356 0.525962 0.928161 0.527885 0.936063 0.538462 0.940374 0.551923 0.940374 0.565385 0.936063 0.580769 0.922414 0.599038
0 0.316092 0.824038 0.300287 0.822115 0.288075 0.807692 0.289511 0.790385 0.295977 0.779808 0.307471 0.777885 0.321121 0.790385 0.323994 0.798077 0.323994 0.815385 0.316092 0.824038
0 0.216954 0.268269 0.208333 0.268269 0.198994 0.263462 0.194684 0.244231 0.196121 0.232692 0.201868 0.219231 0.212644 0.206731 0.232759 0.202885 0.238506 0.206731 0.242098 0.213462 0.240661 0.240385 0.225575 0.262500 0.216954 0.268269
0 0.000000 0.745192 0.013649 0.763462 0.012213 0.782692 0.007902 0.792308 0.000000 0.800962
0 0.303161 0.945192 0.264368 0.945192 0.259339 0.938462 0.255029 0.919231 0.264368 0.910577 0.274425 0.908654 0.303161 0.910577 0.306034 0.914423 0.313218 0.916346 0.318247 0.923077 0.315374 0.934615 0.308908 0.943269 0.303161 0.945192
0 0.939655 0.997115 0.931034 0.995192 0.926006 0.988462 0.924569 0.976923 0.927443 0.969231 0.945402 0.949038 0.962644 0.949038 0.969109 0.959615 0.967672 0.971154 0.955460 0.989423 0.939655 0.997115
0 0.341954 0.283654 0.301724 0.281731 0.295259 0.271154 0.295259 0.261538 0.316092 0.235577 0.333333 0.227885 0.341954 0.229808 0.355603 0.244231 0.355603 0.257692 0.352730 0.269231 0.341954 0.283654
0 0.199713 0.608654 0.178161 0.608654 0.176006 0.600000 0.168822 0.590385 0.168822 0.584615 0.163075 0.571154 0.163075 0.557692 0.170977 0.539423 0.183908 0.535577 0.194684 0.550000 0.203305 0.580769 0.203305 0.603846 0.199713 0.608654
0 0.593391 0.237500 0.579023 0.237500 0.573276 0.233654 0.567529 0.224038 0.548132 0.205769 0.546695 0.188462 0.553161 0.181731 0.560345 0.179808 0.568966 0.179808 0.574713 0.183654 0.591236 0.203846 0.596983 0.219231 0.596983 0.228846 0.593391 0.237500
0 0.438218 0.377885 0.422414 0.375962 0.415948 0.361538 0.415948 0.348077 0.420259 0.336538 0.431034 0.327885 0.442529 0.327885 0.450431 0.340385 0.453305 0.353846 0.451868 0.365385 0.443966 0.375962 0.438218 0.377885
0 0.808908 0.806731 0.794540 0.806731 0.778017 0.784615 0.778017 0.780769 0.773707 0.775000 0.773707 0.765385 0.776580 0.753846 0.780172 0.749038 0.793103 0.749038 0.813937 0.780769 0.813937 0.798077 0.808908 0.806731
0 0.998563 0.714423 0.994971 0.711538 0.992098 0.701923 0.992098 0.684615 0.998563 0.672115
0 0.500000 0.956731 0.492816 0.956731 0.483477 0.946154 0.483477 0.928846 0.494253 0.910577 0.500000 0.906731 0.507184 0.906731 0.512931 0.910577 0.516523 0.917308 0.516523 0.932692 0.510776 0.944231 0.500000 0.956731
0 0.484195 0.741346 0.475575 0.741346 0.464799 0.732692 0.460489 0.717308 0.461925 0.701923 0.464799 0.694231 0.479885 0.675962 0.498563 0.674038 0.507902 0.688462 0.509339 0.705769 0.502155 0.725000 0.491379 0.737500 0.484195 0.741346
0 0.803161 0.954808 0.791667 0.954808 0.775144 0.936538 0.767960 0.911538 0.767960 0.900000 0.771552 0.893269 0.783046 0.889423 0.793103 0.897115 0.805316 0.915385 0.811063 0.928846 0.811063 0.944231 0.803161 0.954808
0 0.586925 0.998077 0.582615 0.992308 0.582615 0.976923 0.596264 0.960577 0.612069 0.960577 0.617098 0.976923 0.615661 0.988462 0.608477 0.998077
0 0.614943 0.139423 0.603448 0.139423 0.589080 0.131731 0.579741 0.117308 0.579741 0.101923 0.583333 0.097115 0.596264 0.097115 0.610632 0.108654 0.621408 0.126923 0.614943 0.139423
0 0.783046 0.199038 0.772989 0.199038 0.769397 0.192308 0.770833 0.182692 0.775144 0.171154 0.791667 0.147115 0.800287 0.145192 0.802443 0.148077 0.802443 0.161538 0.799569 0.173077 0.793822 0.186538 0.783046 0.199038
0 0.515805 0.402885 0.508621 0.402885 0.494971 0.380769 0.496408 0.369231 0.502874 0.362500 0.521552 0.364423 0.529454 0.376923 0.528017 0.390385 0.515805 0.402885
0 0.855603 0.000000 0.850575 0.006731 0.831897 0.012500 0.818966 0.010577 0.813937 0.000000
0 0.313218 0.656731 0.300287 0.656731 0.294540 0.652885 0.283764 0.636538 0.285201 0.626923 0.293103 0.620192 0.300287 0.620192 0.318966 0.629808 0.322557 0.634615 0.323994 0.646154 0.313218 0.656731
0 0.245690 0.672115 0.231322 0.670192 0.223420 0.651923 0.223420 0.644231 0.227730 0.640385 0.237069 0.622115 0.252874 0.622115 0.262213 0.630769 0.262213 0.651923 0.251437 0.670192 0.245690 0.672115
0 0.423851 0.087500 0.416667 0.087500 0.410920 0.083654 0.394397 0.051923 0.391523 0.026923 0.392960 0.021154 0.400862 0.012500 0.412356 0.012500 0.420977 0.018269 0.430316 0.032692 0.434626 0.053846 0.434626 0.067308 0.431753 0.078846 0.423851 0.087500
0 0.428161 0.474038 0.418103 0.474038 0.410201 0.465385 0.410201 0.457692 0.414511 0.444231 0.426724 0.433654 0.436782 0.435577 0.441092 0.439423 0.444684 0.451923 0.443247 0.461538 0.438218 0.468269 0.428161 0.474038
0 0.068247 0.998077 0.068247 0.988462 0.072557 0.973077 0.077586 0.964423 0.084770 0.958654 0.093391 0.958654 0.101293 0.969231 0.104167 0.984615 0.102730 0.998077
0 0.298851 0.904808 0.287356 0.900962 0.282328 0.890385 0.282328 0.884615 0.288075 0.869231 0.300287 0.860577 0.320402 0.862500 0.325431 0.869231 0.323994 0.880769 0.313218 0.895192 0.298851 0.904808
0 0.126437 0.116346 0.116379 0.116346 0.108477 0.107692 0.107040 0.101923 0.109914 0.082692 0.117098 0.065385 0.122126 0.060577 0.132184 0.062500 0.140086 0.076923 0.138649 0.098077 0.135776 0.105769 0.126437 0.116346
0 0.241379 0.504808 0.228448 0.504808 0.222701 0.500962 0.206178 0.476923 0.203305 0.463462 0.204741 0.448077 0.214080 0.437500 0.229885 0.439423 0.247845 0.463462 0.250718 0.488462 0.241379 0.504808
0 0.956897 0.247115 0.942529 0.245192 0.931753 0.236538 0.930316 0.219231 0.931753 0.213462 0.939655 0.202885 0.959770 0.199038 0.969828 0.200962 0.977730 0.207692 0.979167 0.223077 0.974856 0.232692 0.964080 0.245192 0.956897 0.247115
0 0.045977 0.149038 0.040230 0.149038 0.033764 0.140385 0.029454 0.119231 0.033764 0.100000 0.038075 0.092308 0.043103 0.087500 0.051724 0.087500 0.058190 0.096154 0.059626 0.126923 0.056753 0.136538 0.045977 0.149038
0 0.352011 0.124038 0.337644 0.120192 0.323994 0.105769 0.319684 0.094231 0.319684 0.082692 0.321121 0.075000 0.327586 0.066346 0.334770 0.062500 0.346264 0.064423 0.360632 0.072115 0.369971 0.084615 0.369971 0.107692 0.364943 0.116346 0.352011 0.124038
0 0.406609 0.314423 0.385057 0.312500 0.377155 0.298077 0.385057 0.285577 0.399425 0.277885 0.413793 0.277885 0.420977 0.281731 0.424569 0.288462 0.424569 0.300000 0.415230 0.310577 0.406609 0.314423
0 0.998563 0.279808 0.992098 0.273077 0.992098 0.255769 0.998563 0.243269
0 0.625000 0.743269 0.617816 0.743269 0.609914 0.732692 0.602730 0.713462 0.604167 0.694231 0.610632 0.683654 0.626437 0.683654 0.632902 0.690385 0.637213 0.701923 0.637213 0.717308 0.634339 0.730769 0.625000 0.743269
0 0.350575 0.433654 0.339080 0.431731 0.329741 0.421154 0.329741 0.401923 0.334052 0.392308 0.346264 0.377885 0.367816 0.377885 0.373563 0.381731 0.378592 0.390385 0.377155 0.409615 0.367816 0.424038 0.350575 0.433654
0 0.770115 0.475962 0.755747 0.475962 0.747126 0.472115 0.740661 0.463462 0.740661 0.451923 0.745690 0.445192 0.757184 0.439423 0.774425 0.439423 0.781609 0.443269 0.788075 0.451923 0.788075 0.461538 0.783046 0.470192 0.770115 0.475962
0 0.139368 0.299038 0.122126 0.299038 0.109195 0.295192 0.094109 0.278846 0.094109 0.259615 0.103448 0.250962 0.117816 0.250962 0.129310 0.256731 0.140086 0.269231 0.142960 0.278846 0.142960 0.288462 0.139368 0.299038
0 0.251437 0.181731 0.244253 0.181731 0.242098 0.178846 0.247126 0.164423 0.253592 0.167308 0.253592 0.178846 0.251437 0.181731
0 0.780172 0.560577 0.770115 0.560577 0.758621 0.554808 0.742098 0.530769 0.743534 0.519231 0.745690 0.516346 0.757184 0.516346 0.771552 0.531731 0.774425 0.531731 0.783764 0.546154 0.783764 0.553846 0.780172 0.560577
0 0.913793 0.391346 0.909483 0.391346 0.892241 0.379808 0.882902 0.367308 0.882902 0.357692 0.886494 0.350962 0.892241 0.347115 0.902299 0.347115 0.916667 0.354808 0.926006 0.365385 0.924569 0.380769 0.913793 0.391346
0 0.998563 0.360577 0.988506 0.366346 0.974138 0.364423 0.967672 0.357692 0.966236 0.344231 0.971264 0.335577 0.979885 0.333654 0.998563 0.349038
0 0.662356 0.412500 0.653736 0.412500 0.645833 0.400000 0.647270 0.380769 0.651580 0.371154 0.658046 0.364423 0.666667 0.366346 0.674569 0.380769 0.673132 0.401923 0.662356 0.412500
0 0.277299 0.202885 0.265805 0.200962 0.257902 0.190385 0.256466 0.178846 0.259339 0.173077 0.259339 0.165385 0.265086 0.151923 0.272989 0.141346 0.278736 0.137500 0.291667 0.137500 0.301006 0.148077 0.303879 0.155769 0.302443 0.173077 0.293103 0.189423 0.277299 0.202885
0 0.140805 0.568269 0.122126 0.566346 0.111351 0.550000 0.111351 0.523077 0.123563 0.500962 0.135057 0.508654 0.142960 0.519231 0.147270 0.542308 0.151580 0.548077 0.148707 0.561538 0.140805 0.568269
0 0.612069 0.870192 0.603448 0.870192 0.591954 0.864423 0.582615 0.848077 0.584052 0.830769 0.591954 0.818269 0.597701 0.814423 0.617816 0.816346 0.626437 0.824038 0.631466 0.834615 0.631466 0.848077 0.628592 0.855769 0.620690 0.866346 0.612069 0.870192
0 0.271552 0.350962 0.255747 0.349038 0.248563 0.343269 0.227011 0.335577 0.221983 0.323077 0.223420 0.315385 0.228448 0.308654 0.235632 0.308654 0.255747 0.318269 0.267241 0.327885 0.274425 0.325962 0.278017 0.332692 0.278017 0.346154 0.271552 0.350962
0 0.962644 0.335577 0.945402 0.335577 0.933190 0.317308 0.933190 0.305769 0.939655 0.299038 0.958333 0.297115 0.962644 0.299038 0.969828 0.308654 0.975575 0.310577 0.977730 0.313462 0.977730 0.325000 0.972701 0.331731 0.962644 0.335577
0 0.722701 0.120192 0.708333 0.120192 0.693247 0.101923 0.683190 0.084615 0.684626 0.067308 0.686782 0.064423 0.701149 0.062500 0.710489 0.071154 0.714799 0.084615 0.727730 0.103846 0.727730 0.115385 0.722701 0.120192
0 0.217672 0.998077 0.219109 0.984615 0.235632 0.972115 0.241379 0.979808 0.258621 0.989423 0.263649 0.998077
0 0.915230 0.470192 0.906609 0.470192 0.896552 0.464423 0.881466 0.442308 0.884339 0.423077 0.895115 0.410577 0.905172 0.406731 0.908046 0.402885 0.919540 0.410577 0.927443 0.421154 0.933190 0.434615 0.933190 0.451923 0.930316 0.457692 0.923851 0.466346 0.915230 0.470192
0 0.257902 0.000000 0.256466 0.034615 0.250000 0.043269 0.241379 0.043269 0.232759 0.039423 0.229167 0.034615 0.226293 0.026923 0.227730 0.000000
0 0.086207 0.258654 0.080460 0.258654 0.071839 0.250962 0.059626 0.232692 0.056753 0.217308 0.056753 0.207692 0.058908 0.204808 0.077586 0.202885 0.086207 0.206731 0.092672 0.215385 0.098420 0.232692 0.099856 0.250000 0.094828 0.256731 0.086207 0.258654
0 0.147989 0.510577 0.136494 0.510577 0.129310 0.506731 0.124282 0.500000 0.119971 0.478846 0.119971 0.461538 0.123563 0.452885 0.137931 0.450962 0.145115 0.454808 0.153017 0.465385 0.158764 0.480769 0.158764 0.501923 0.147989 0.510577
0 0.998563 0.968269 0.992816 0.977885 0.984195 0.981731 0.976293 0.973077 0.971983 0.961538 0.971983 0.955769 0.982040 0.930769 0.989943 0.922115 0.998563 0.922115
0 0.795977 0.350962 0.788793 0.349038 0.780891 0.340385 0.778017 0.332692 0.779454 0.315385 0.787356 0.302885 0.791667 0.302885 0.797414 0.297115 0.813218 0.297115 0.821121 0.307692 0.818247 0.328846 0.807471 0.349038 0.795977 0.350962
0 0.222701 0.387500 0.193966 0.383654 0.182471 0.377885 0.176006 0.365385 0.177443 0.353846 0.179598 0.350962 0.188218 0.350962 0.215517 0.358654 0.222701 0.364423 0.233477 0.380769 0.231322 0.385577 0.222701 0.387500
0 0.000000 0.627885 0.008621 0.627885 0.020833 0.640385 0.025144 0.650000 0.030891 0.678846 0.029454 0.698077 0.022989 0.706731 0.014368 0.714423 0.000000 0.712500
0 0.745690 0.804808 0.735632 0.804808 0.727011 0.800962 0.711925 0.775000 0.711925 0.759615 0.714799 0.750000 0.719828 0.743269 0.734195 0.743269 0.750718 0.763462 0.755029 0.776923 0.755029 0.792308 0.753592 0.798077 0.745690 0.804808
0 0.170977 0.635577 0.158046 0.635577 0.150862 0.631731 0.138649 0.613462 0.138649 0.596154 0.144397 0.580769 0.149425 0.574038 0.158046 0.575962 0.176006 0.600000 0.177443 0.628846 0.170977 0.635577
0 0.793103 0.677885 0.780172 0.675962 0.765086 0.659615 0.763649 0.644231 0.767960 0.628846 0.780172 0.616346 0.795977 0.616346 0.803879 0.625000 0.809626 0.640385 0.811063 0.651923 0.806753 0.667308 0.801724 0.674038 0.793103 0.677885
0 0.179598 0.831731 0.159483 0.827885 0.153017 0.819231 0.150144 0.809615 0.151580 0.792308 0.163793 0.772115 0.172414 0.772115 0.181753 0.784615 0.187500 0.801923 0.187500 0.813462 0.179598 0.831731
0 0.650862 0.952885 0.642241 0.952885 0.635057 0.949038 0.619971 0.932692 0.615661 0.921154 0.615661 0.913462 0.620690 0.904808 0.633621 0.900962 0.646552 0.902885 0.658764 0.917308 0.664511 0.930769 0.664511 0.942308 0.659483 0.949038 0.650862 0.952885
0 0.931034 0.725962 0.916667 0.725962 0.910920 0.722115 0.900144 0.707692 0.895833 0.696154 0.894397 0.680769 0.902299 0.666346 0.909483 0.662500 0.923851 0.664423 0.938937 0.680769 0.943247 0.701923 0.938937 0.717308 0.931034 0.725962
0 0.051724 0.443269 0.041667 0.443269 0.033764 0.432692 0.025144 0.411538 0.022270 0.388462 0.023707 0.365385 0.028017 0.355769 0.034483 0.349038 0.048851 0.350962 0.058190 0.365385 0.059626 0.378846 0.062500 0.384615 0.065374 0.419231 0.061063 0.430769 0.051724 0.443269
0 0.135057 0.929808 0.126437 0.929808 0.122126 0.925962 0.112787 0.903846 0.112787 0.890385 0.122126 0.877885 0.129310 0.875962 0.141523 0.886538 0.144397 0.909615 0.141523 0.921154 0.135057 0.929808
0 0.013649 0.000000 0.005747 0.008654 0.000000 0.010577
0 0.231322 0.787500 0.225575 0.787500 0.215517 0.781731 0.209052 0.773077 0.203305 0.757692 0.201868 0.746154 0.206178 0.734615 0.214080 0.724038 0.218391 0.722115 0.229885 0.722115 0.235632 0.725962 0.243534 0.734615 0.249282 0.750000 0.247845 0.769231 0.244971 0.776923 0.237069 0.785577 0.231322 0.787500
0 0.583333 0.066346 0.563218 0.062500 0.555316 0.050000 0.556753 0.040385 0.570402 0.020192 0.580460 0.012500 0.594828 0.008654 0.609195 0.012500 0.617098 0.025000 0.615661 0.042308 0.603448 0.056731 0.583333 0.066346
0 0.349138 0.822115 0.339080 0.822115 0.332615 0.805769 0.332615 0.796154 0.341954 0.785577 0.349138 0.785577 0.361351 0.798077 0.361351 0.811538 0.356322 0.818269 0.349138 0.822115
0 0.379310 0.629808 0.367816 0.629808 0.349856 0.615385 0.344109 0.600000 0.344109 0.580769 0.349138 0.570192 0.357759 0.564423 0.376437 0.568269 0.391523 0.584615 0.394397 0.594231 0.394397 0.611538 0.385057 0.625962 0.379310 0.629808
0 0.897989 0.812500 0.879310 0.810577 0.869253 0.802885 0.862787 0.792308 0.859914 0.778846 0.861351 0.767308 0.873563 0.752885 0.882184 0.749038 0.896552 0.749038 0.912356 0.758654 0.918822 0.769231 0.920259 0.775000 0.917385 0.790385 0.909483 0.802885 0.897989 0.812500
0 0.784483 0.427885 0.768678 0.422115 0.762213 0.413462 0.760776 0.405769 0.762213 0.388462 0.778736 0.377885 0.788793 0.377885 0.795977 0.381731 0.802443 0.394231 0.802443 0.417308 0.793103 0.425962 0.784483 0.427885
0 0.214799 0.000000 0.217672 0.009615 0.217672 0.026923 0.213362 0.032692 0.211925 0.044231 0.205460 0.052885 0.196839 0.052885 0.194684 0.055769 0.194684 0.073077 0.192529 0.075962 0.181034 0.077885 0.175287 0.074038 0.165948 0.059615 0.161638 0.048077 0.161638 0.032692 0.163793 0.029808 0.176724 0.029808 0.188218 0.037500 0.190374 0.034615 0.190374 0.013462 0.197557 0.000000
0 0.119253 0.812500 0.102011 0.808654 0.096983 0.801923 0.094109 0.792308 0.094109 0.776923 0.098420 0.761538 0.112069 0.741346 0.117816 0.739423 0.127874 0.743269 0.132902 0.750000 0.137213 0.759615 0.138649 0.776923 0.132902 0.800000 0.119253 0.812500
0 0.637213 0.998077 0.630029 0.990385 0.627155 0.978846 0.628592 0.969231 0.635057 0.962500 0.649425 0.962500 0.657328 0.971154 0.660201 0.980769 0.654454 0.998077
