0 0.458008 0.240723 0.451172 0.240723 0.446777 0.236328 0.445801 0.226562 0.446777 0.220703 0.453125 0.215332 0.462891 0.217285 0.468262 0.223633 0.468262 0.234375 0.465820 0.237793 0.458008 0.240723
0 0.363281 0.460449 0.353516 0.459473 0.349609 0.457520 0.347168 0.453125 0.347168 0.446289 0.349121 0.442383 0.354492 0.437988 0.368164 0.438965 0.372559 0.442383 0.374512 0.446289 0.374512 0.452148 0.372559 0.455078 0.367188 0.459473 0.363281 0.460449
0 0.458984 0.962402 0.457031 0.962402 0.452148 0.957520 0.439941 0.958984 0.439453 0.940918 0.445312 0.940918 0.451172 0.937012 0.456543 0.938477 0.458496 0.944336 0.454102 0.949707 0.452637 0.949219 0.458496 0.956055 0.458984 0.962402
0 0.071289 0.377441 0.066406 0.377441 0.064941 0.375977 0.065430 0.369629 0.072754 0.371094 0.072754 0.375977 0.071289 0.377441
0 0.250000 0.761230 0.247070 0.761230 0.243164 0.756348 0.239746 0.755859 0.243652 0.752930 0.243652 0.750000 0.248047 0.745605 0.252930 0.745605 0.257324 0.750977 0.257324 0.754883 0.254883 0.759277 0.250000 0.761230
0 0.695312 0.062988 0.687500 0.062012 0.687012 0.056641 0.688477 0.055176 0.694336 0.055176 0.695801 0.056641 0.695312 0.062988
0 0.310547 0.494629 0.307617 0.491699 0.301758 0.491699 0.296387 0.484375 0.297363 0.469727 0.300781 0.467285 0.306641 0.467285 0.313965 0.471680 0.313965 0.486328 0.312988 0.489258 0.310059 0.491211 0.310547 0.494629
0 0.482910 0.000000 0.482910 0.004883 0.481445 0.006348 0.467773 0.005371 0.464355 0.000000
0 0.469727 0.344238 0.464844 0.343262 0.459473 0.335938 0.459473 0.324219 0.469727 0.320801 0.474609 0.322754 0.479004 0.328125 0.479004 0.338867 0.469727 0.344238
0 0.617188 0.860840 0.610352 0.859863 0.609863 0.855469 0.611328 0.854004 0.615234 0.854004 0.616211 0.855957 0.617188 0.854004 0.619141 0.854004 0.619629 0.858398 0.617188 0.860840
0 0.014648 0.178223 0.010254 0.176758 0.008301 0.172852 0.008301 0.166016 0.011719 0.161621 0.015625 0.159668 0.020996 0.163086 0.020996 0.171875 0.019043 0.175781 0.014648 0.178223
0 0.543945 0.227051 0.530762 0.226562 0.530762 0.219727 0.534180 0.214355 0.538086 0.212402 0.544922 0.212402 0.547363 0.213867 0.549316 0.224609 0.543945 0.227051
0 0.886719 0.294434 0.878906 0.294434 0.877441 0.292969 0.878418 0.288086 0.879883 0.286621 0.885742 0.286621 0.887207 0.288086 0.886719 0.294434
0 0.936523 0.168457 0.931641 0.168457 0.925293 0.163086 0.925293 0.151367 0.928223 0.143555 0.930664 0.141113 0.935547 0.139160 0.943359 0.139160 0.946777 0.141602 0.948730 0.145508 0.948730 0.154297 0.946777 0.160156 0.936523 0.168457
0 0.775391 0.289551 0.766602 0.287598 0.764160 0.284180 0.763184 0.280273 0.765137 0.278320 0.766113 0.273438 0.770508 0.269043 0.780273 0.267090 0.784180 0.264160 0.790039 0.264160 0.790527 0.271484 0.788574 0.277344 0.785156 0.282715 0.775391 0.289551
0 0.606445 0.292480 0.601074 0.289062 0.598145 0.282227 0.600098 0.277344 0.603516 0.273926 0.609375 0.272949 0.615723 0.279297 0.615723 0.286133 0.613281 0.289551 0.606445 0.292480
0 0.610352 0.194824 0.604980 0.194336 0.603027 0.189453 0.603027 0.181641 0.609375 0.173340 0.615234 0.173340 0.623047 0.178223 0.625488 0.181641 0.625488 0.189453 0.623047 0.191895 0.614258 0.192871 0.610352 0.194824
0 0.464844 0.759277 0.458984 0.759277 0.449219 0.756348 0.446777 0.753906 0.446777 0.745117 0.456055 0.731934 0.460938 0.729980 0.469727 0.729980 0.472168 0.734375 0.472168 0.746094 0.468262 0.755859 0.464844 0.759277
0 0.880859 0.280762 0.877441 0.280273 0.876465 0.269531 0.879883 0.267090 0.885742 0.267090 0.890137 0.273438 0.890137 0.279297 0.880859 0.280762
0 0.626953 0.212402 0.618652 0.211914 0.614746 0.203125 0.616211 0.194824 0.621094 0.193848 0.629395 0.200195 0.630371 0.207031 0.626953 0.212402
0 0.253906 0.056152 0.244141 0.055176 0.242676 0.051758 0.242676 0.047852 0.250000 0.040527 0.254883 0.040527 0.258301 0.043945 0.258301 0.050781 0.253906 0.056152
0 0.139648 0.208496 0.132324 0.206055 0.132324 0.202148 0.133789 0.200684 0.138672 0.199707 0.140137 0.201172 0.139648 0.208496
0 0.197266 0.498535 0.189453 0.498535 0.182129 0.491211 0.182129 0.482422 0.185059 0.476562 0.191895 0.470703 0.191406 0.466309 0.193359 0.469238 0.203125 0.469238 0.208496 0.474609 0.209473 0.485352 0.205566 0.492188 0.197266 0.498535
0 0.146484 0.216309 0.143555 0.216309 0.141113 0.213867 0.141113 0.206055 0.142578 0.203613 0.145508 0.203613 0.147949 0.206055 0.147949 0.213867 0.146484 0.216309
0 0.017578 0.970215 0.012207 0.967773 0.012207 0.960938 0.013184 0.958008 0.015625 0.956543 0.019531 0.956543 0.020996 0.960938 0.020020 0.967773 0.017578 0.970215
0 0.963867 0.115723 0.957031 0.115723 0.953613 0.113281 0.953613 0.108398 0.959961 0.099121 0.964844 0.099121 0.968262 0.103516 0.967285 0.111328 0.963867 0.115723
0 0.190430 0.881348 0.182617 0.881348 0.175781 0.874512 0.172363 0.874023 0.171387 0.865234 0.172363 0.860352 0.175781 0.856934 0.180664 0.857910 0.186035 0.862305 0.189941 0.871094 0.190430 0.881348
0 0.141602 0.222168 0.135742 0.222168 0.134277 0.220703 0.135742 0.213379 0.139648 0.213379 0.141113 0.214844 0.141602 0.222168
0 0.507812 0.533691 0.502930 0.532715 0.499512 0.529297 0.499512 0.523438 0.504883 0.518066 0.508789 0.518066 0.512207 0.522461 0.512207 0.528320 0.507812 0.533691
0 0.375000 0.271973 0.370605 0.268555 0.368652 0.264648 0.368652 0.260742 0.372070 0.257324 0.377930 0.257324 0.383301 0.264648 0.379883 0.270996 0.375000 0.271973
0 0.630859 0.350098 0.624023 0.350098 0.621582 0.347656 0.621582 0.342773 0.624023 0.339355 0.628906 0.338379 0.632324 0.340820 0.633301 0.348633 0.630859 0.350098
0 0.582031 0.459473 0.573242 0.457520 0.568359 0.458496 0.560059 0.450195 0.558105 0.439453 0.561523 0.435059 0.568359 0.436035 0.573730 0.440430 0.579590 0.449219 0.579590 0.454102 0.582520 0.458008 0.582031 0.459473
0 0.884766 0.285645 0.880371 0.284180 0.881836 0.279785 0.888184 0.280273 0.888184 0.282227 0.884766 0.285645
0 0.066406 0.364746 0.061523 0.364746 0.061035 0.361328 0.065430 0.356934 0.068359 0.356934 0.069824 0.363281 0.066406 0.364746
0 0.555664 0.228027 0.552734 0.228027 0.548340 0.221680 0.548828 0.215332 0.551758 0.215332 0.556152 0.218750 0.555664 0.228027
0 0.859375 0.549316 0.855469 0.549316 0.850098 0.544922 0.850098 0.541992 0.853516 0.536621 0.859375 0.536621 0.863770 0.541992 0.863770 0.545898 0.859375 0.549316
0 0.135742 0.183105 0.127930 0.182129 0.125488 0.178711 0.125488 0.173828 0.129883 0.169434 0.134766 0.169434 0.138184 0.172852 0.139160 0.178711 0.135742 0.183105
0 0.700195 0.059082 0.695801 0.058594 0.693848 0.054688 0.695312 0.051270 0.699219 0.051270 0.700684 0.052734 0.700195 0.059082
0 0.876953 0.289551 0.869629 0.289062 0.869629 0.284180 0.872070 0.280762 0.876953 0.280762 0.878418 0.282227 0.878418 0.288086 0.876953 0.289551
0 0.601562 0.194824 0.593750 0.194824 0.584961 0.190918 0.580566 0.186523 0.581543 0.177734 0.590820 0.170410 0.599609 0.170410 0.604980 0.172852 0.601562 0.194824
0 0.545898 0.234863 0.533203 0.233887 0.531738 0.229492 0.534180 0.227051 0.547852 0.226074 0.548340 0.232422 0.545898 0.234863
0 0.374512 0.000000 0.374512 0.007812 0.368164 0.009277 0.362305 0.007324 0.359863 0.004883 0.359863 0.001953 0.361816 0.000000
0 0.564453 0.367676 0.556641 0.365723 0.552246 0.362305 0.552246 0.353516 0.556641 0.349121 0.564453 0.348145 0.569824 0.353516 0.568848 0.362305 0.564453 0.367676
0 0.562500 0.212402 0.548828 0.212402 0.544434 0.208984 0.543457 0.205078 0.554688 0.193848 0.559570 0.193848 0.564941 0.205078 0.564941 0.208984 0.562500 0.212402
0 0.157227 0.107910 0.148926 0.103516 0.148926 0.096680 0.150391 0.095215 0.162109 0.096191 0.164551 0.098633 0.161621 0.105469 0.157227 0.107910
0 0.571289 0.075684 0.566895 0.070312 0.566895 0.060547 0.569336 0.058105 0.572266 0.058105 0.577637 0.063477 0.578613 0.066406 0.576660 0.073242 0.571289 0.075684
0 0.073242 0.370605 0.064453 0.369629 0.063965 0.367188 0.066406 0.364746 0.073242 0.364746 0.074707 0.366211 0.073242 0.370605
0 0.850586 0.284668 0.845703 0.284668 0.836914 0.281738 0.831543 0.277344 0.830566 0.271484 0.834961 0.264160 0.844727 0.263184 0.852539 0.267090 0.859375 0.265137 0.862793 0.266602 0.862793 0.272461 0.850586 0.284668
0 0.423828 0.184082 0.417969 0.184082 0.415527 0.181641 0.419434 0.165039 0.423828 0.160645 0.433594 0.159668 0.437012 0.164062 0.437012 0.170898 0.435059 0.171875 0.431152 0.180664 0.423828 0.184082
0 0.025391 0.979004 0.020508 0.979004 0.019043 0.977539 0.018066 0.969727 0.020508 0.965332 0.026367 0.965332 0.028809 0.968750 0.028809 0.973633 0.025391 0.979004
0 0.182617 0.281738 0.175781 0.280762 0.171387 0.275391 0.171387 0.268555 0.172852 0.266113 0.177734 0.266113 0.183594 0.269043 0.187988 0.273438 0.187988 0.279297 0.182617 0.281738
0 0.936523 0.294434 0.921875 0.293457 0.919434 0.291016 0.920410 0.282227 0.928711 0.275879 0.942383 0.276855 0.943848 0.279297 0.943848 0.286133 0.941895 0.291016 0.936523 0.294434
0 0.112305 0.047363 0.110352 0.045410 0.100586 0.044434 0.096191 0.039062 0.093262 0.033203 0.093262 0.029297 0.096680 0.023926 0.111328 0.022949 0.112793 0.024414 0.117676 0.033203 0.117676 0.039062 0.115723 0.044922 0.112305 0.047363
0 0.198242 0.120605 0.190430 0.120605 0.184082 0.114258 0.183105 0.109375 0.185547 0.106934 0.196289 0.107910 0.200684 0.113281 0.200684 0.118164 0.198242 0.120605
0 0.347656 0.194824 0.336914 0.192871 0.333496 0.187500 0.333496 0.181641 0.336426 0.173828 0.342773 0.167480 0.350098 0.173828 0.353027 0.180664 0.353027 0.188477 0.347656 0.194824
