0 0.650000 0.439453 0.631250 0.439453 0.626563 0.429688 0.620313 0.398438 0.620313 0.375000 0.625000 0.369141 0.646875 0.369141 0.651563 0.375000 0.654687 0.433594 0.650000 0.439453
0 0.550000 0.267578 0.540625 0.267578 0.526563 0.250000 0.526563 0.234375 0.540625 0.216797 0.556250 0.216797 0.564063 0.226562 0.560937 0.257812 0.550000 0.267578
0 0.290625 0.205078 0.275000 0.201172 0.257812 0.183594 0.257812 0.167969 0.262500 0.162109 0.271875 0.162109 0.292187 0.187500 0.295312 0.199219 0.290625 0.205078
0 0.459375 0.533203 0.415625 0.517578 0.404687 0.496094 0.404687 0.476562 0.421875 0.458984 0.434375 0.458984 0.456250 0.474609 0.468750 0.474609 0.485938 0.500000 0.489063 0.519531 0.484375 0.525391 0.465625 0.525391 0.459375 0.533203
0 0.803125 0.763672 0.790625 0.763672 0.776563 0.746094 0.776563 0.718750 0.784375 0.708984 0.793750 0.708984 0.804688 0.726562 0.807813 0.757812 0.803125 0.763672
0 0.593750 0.861328 0.582812 0.855469 0.582812 0.843750 0.576562 0.835938 0.579688 0.812500 0.590625 0.798828 0.615625 0.794922 0.631250 0.783203 0.653125 0.783203 0.657813 0.789062 0.660937 0.835938 0.656250 0.841797 0.593750 0.861328
0 0.531250 0.396484 0.509375 0.396484 0.492188 0.375000 0.489063 0.347656 0.493750 0.341797 0.515625 0.341797 0.520312 0.347656 0.535937 0.375000 0.535937 0.390625 0.531250 0.396484
0 0.478125 0.083984 0.464062 0.082031 0.464062 0.039062 0.468750 0.033203 0.482812 0.046875 0.482812 0.078125 0.478125 0.083984
0 0.387500 0.185547 0.353125 0.185547 0.342187 0.167969 0.342187 0.156250 0.346875 0.150391 0.359375 0.150391 0.384375 0.158203 0.392188 0.167969 0.387500 0.185547
0 0.678125 0.193359 0.668750 0.193359 0.660937 0.183594 0.657813 0.140625 0.667188 0.109375 0.684375 0.095703 0.692187 0.105469 0.692187 0.160156 0.685937 0.183594 0.678125 0.193359
0 0.146875 0.091797 0.121875 0.091797 0.110937 0.078125 0.107813 0.062500 0.089063 0.039062 0.089063 0.015625 0.096875 0.005859 0.115625 0.001953 0.142187 0.031250 0.154688 0.066406 0.154688 0.078125 0.146875 0.091797
0 0.403125 0.330078 0.396875 0.330078 0.373437 0.304688 0.370312 0.285156 0.375000 0.279297 0.387500 0.279297 0.404687 0.292969 0.407813 0.324219 0.403125 0.330078
0 0.790625 0.904297 0.778125 0.904297 0.764062 0.878906 0.760938 0.832031 0.765625 0.826172 0.781250 0.833984 0.795312 0.855469 0.795312 0.898438 0.790625 0.904297
0 0.296875 0.177734 0.290625 0.177734 0.270313 0.148438 0.264062 0.132812 0.264062 0.117188 0.268750 0.111328 0.281250 0.115234 0.289062 0.125000 0.301563 0.164062 0.296875 0.177734
0 0.828125 0.693359 0.809375 0.693359 0.782813 0.652344 0.779687 0.593750 0.787500 0.583984 0.818750 0.591797 0.842187 0.636719 0.842187 0.675781 0.828125 0.693359
0 0.725000 0.525391 0.718750 0.525391 0.710938 0.511719 0.707812 0.488281 0.712500 0.482422 0.721875 0.486328 0.729688 0.500000 0.729688 0.519531 0.725000 0.525391
0 0.428125 0.173828 0.415625 0.173828 0.401562 0.160156 0.401562 0.136719 0.409375 0.126953 0.425000 0.126953 0.435937 0.140625 0.435937 0.164062 0.428125 0.173828
0 0.265625 0.267578 0.237500 0.267578 0.203125 0.248047 0.193750 0.248047 0.179688 0.230469 0.176563 0.210938 0.184375 0.201172 0.206250 0.201172 0.250000 0.220703 0.267188 0.250000 0.265625 0.267578
0 0.606250 0.783203 0.571875 0.779297 0.557813 0.761719 0.560937 0.703125 0.590625 0.681641 0.618750 0.681641 0.629687 0.695312 0.635938 0.718750 0.632812 0.769531 0.625000 0.779297 0.606250 0.783203
0 0.531250 0.611328 0.500000 0.611328 0.470313 0.585938 0.464062 0.554688 0.467187 0.539062 0.478125 0.525391 0.512500 0.525391 0.545312 0.558594 0.548438 0.597656 0.531250 0.611328
0 0.996875 0.095703 0.985938 0.062500 0.985938 0.046875 0.996875 0.041016
0 0.184375 0.169922 0.153125 0.166016 0.137500 0.154297 0.132812 0.148438 0.132812 0.121094 0.137500 0.115234 0.165625 0.119141 0.185938 0.140625 0.189062 0.164062 0.184375 0.169922
0 0.515625 0.458984 0.487500 0.451172 0.470313 0.429688 0.467187 0.371094 0.475000 0.361328 0.487500 0.361328 0.510938 0.398438 0.520312 0.441406 0.515625 0.458984
0 0.940625 0.912109 0.921875 0.912109 0.914062 0.902344 0.914062 0.851562 0.921875 0.841797 0.940625 0.841797 0.948438 0.851562 0.948438 0.890625 0.940625 0.912109
0 0.640625 0.150391 0.612500 0.146484 0.598437 0.121094 0.598437 0.074219 0.604688 0.050781 0.612500 0.041016 0.628125 0.041016 0.635938 0.050781 0.639062 0.097656 0.645312 0.109375 0.645312 0.144531 0.640625 0.150391
0 0.293750 0.080078 0.279687 0.074219 0.279687 0.062500 0.264062 0.031250 0.264062 0.019531 0.275000 0.001953 0.306250 0.005859 0.320312 0.035156 0.317188 0.054688 0.293750 0.080078
0 0.628125 0.462891 0.603125 0.462891 0.585938 0.441406 0.573438 0.398438 0.573438 0.378906 0.581250 0.369141 0.603125 0.369141 0.620313 0.386719 0.626563 0.429688 0.632812 0.441406 0.632812 0.457031 0.628125 0.462891
0 0.693750 0.642578 0.681250 0.638672 0.660937 0.613281 0.654687 0.593750 0.659375 0.580078 0.675000 0.583984 0.695312 0.609375 0.698438 0.636719 0.693750 0.642578
0 0.781250 0.568359 0.771875 0.568359 0.757812 0.542969 0.754687 0.503906 0.762500 0.490234 0.773438 0.496094 0.779687 0.527344 0.789062 0.542969 0.789062 0.558594 0.781250 0.568359
0 0.568750 0.490234 0.556250 0.490234 0.532813 0.464844 0.532813 0.457031 0.517188 0.437500 0.521875 0.419922 0.546875 0.431641 0.570312 0.457031 0.573438 0.484375 0.568750 0.490234
0 0.403125 0.134766 0.375000 0.130859 0.354687 0.101562 0.354687 0.062500 0.359375 0.056641 0.368750 0.056641 0.379688 0.066406 0.385937 0.089844 0.404687 0.113281 0.403125 0.134766
0 0.481250 0.193359 0.456250 0.193359 0.445312 0.183594 0.435937 0.160156 0.435937 0.121094 0.443750 0.111328 0.462500 0.115234 0.485938 0.140625 0.492188 0.156250 0.492188 0.179688 0.481250 0.193359
0 0.746875 0.474609 0.734375 0.474609 0.723437 0.464844 0.720313 0.421875 0.725000 0.416016 0.737500 0.416016 0.751563 0.445312 0.751563 0.468750 0.746875 0.474609
0 0.689063 0.996094 0.676562 0.980469 0.673438 0.953125 0.703125 0.947266 0.728125 0.951172 0.742188 0.968750 0.745313 0.996094
0 0.801562 0.996094 0.792188 0.972656 0.792188 0.941406 0.796875 0.935547 0.821875 0.935547 0.832812 0.949219 0.839063 0.984375 0.826562 0.996094
0 0.690625 0.705078 0.679688 0.699219 0.654687 0.652344 0.659375 0.642578 0.668750 0.646484 0.692187 0.675781 0.695312 0.699219 0.690625 0.705078
0 0.865625 0.990234 0.848437 0.968750 0.835938 0.933594 0.823438 0.917969 0.820312 0.898438 0.825000 0.892578 0.837500 0.892578 0.848437 0.906250 0.854688 0.921875 0.851562 0.941406 0.870313 0.976562 0.865625 0.990234
0 0.656250 0.927734 0.621875 0.927734 0.600000 0.919922 0.585938 0.898438 0.589063 0.863281 0.631250 0.845703 0.650000 0.845703 0.670312 0.878906 0.670312 0.902344 0.664062 0.921875 0.656250 0.927734
0 0.643750 0.509766 0.615625 0.509766 0.610938 0.503906 0.610938 0.476562 0.618750 0.462891 0.640625 0.462891 0.654687 0.472656 0.657813 0.496094 0.643750 0.509766
0 0.253125 0.095703 0.237500 0.091797 0.193750 0.056641 0.170313 0.027344 0.170313 0.011719 0.178125 0.001953 0.190625 0.001953 0.212500 0.029297 0.228125 0.037109 0.248438 0.062500 0.257812 0.085938 0.253125 0.095703
0 0.768750 0.732422 0.753125 0.732422 0.748437 0.726562 0.748437 0.714844 0.732812 0.675781 0.737500 0.662109 0.753125 0.669922 0.776563 0.710938 0.776563 0.726562 0.768750 0.732422
0 0.409375 0.244141 0.368750 0.236328 0.348438 0.207031 0.345313 0.191406 0.350000 0.185547 0.396875 0.189453 0.417187 0.222656 0.417187 0.234375 0.409375 0.244141
0 0.415625 0.439453 0.400000 0.439453 0.387500 0.427734 0.367188 0.398438 0.367188 0.386719 0.371875 0.380859 0.390625 0.384766 0.417187 0.417969 0.420312 0.433594 0.415625 0.439453
0 0.456250 0.095703 0.418750 0.091797 0.382812 0.042969 0.379688 0.015625 0.390625 0.005859 0.418750 0.005859 0.450000 0.021484 0.464062 0.039062 0.464062 0.085938 0.456250 0.095703
0 0.978125 0.970703 0.959375 0.970703 0.948438 0.960938 0.945312 0.921875 0.950000 0.916016 0.962500 0.916016 0.982812 0.933594 0.982812 0.964844 0.978125 0.970703
0 0.137500 0.490234 0.114062 0.480469 0.107813 0.457031 0.112500 0.443359 0.128125 0.435547 0.142187 0.441406 0.142187 0.484375 0.137500 0.490234
0 0.639062 0.000000 0.628125 0.017578 0.618750 0.017578 0.607812 0.000000
0 0.340625 0.130859 0.325000 0.130859 0.317188 0.121094 0.310937 0.101562 0.310937 0.085938 0.315625 0.080078 0.337500 0.076172 0.354687 0.093750 0.354687 0.121094 0.340625 0.130859
0 0.884375 0.896484 0.865625 0.892578 0.845313 0.871094 0.839063 0.851562 0.839063 0.832031 0.843750 0.826172 0.856250 0.830078 0.879687 0.859375 0.889062 0.886719 0.884375 0.896484
0 0.562500 0.701172 0.531250 0.701172 0.526563 0.695312 0.526563 0.671875 0.562500 0.638672 0.593750 0.638672 0.601562 0.652344 0.601562 0.671875 0.562500 0.701172
0 0.690625 0.365234 0.668750 0.361328 0.657813 0.339844 0.648438 0.277344 0.656250 0.251953 0.673438 0.257812 0.676562 0.273438 0.689063 0.292969 0.698438 0.339844 0.698438 0.351562 0.690625 0.365234
0 0.575000 0.365234 0.568750 0.365234 0.551562 0.347656 0.551562 0.320312 0.559375 0.310547 0.575000 0.314453 0.589063 0.332031 0.589063 0.347656 0.575000 0.365234
0 0.996875 0.982422 0.985938 0.960938 0.985938 0.929688 0.996875 0.919922
0 0.840625 0.880859 0.828125 0.876953 0.810937 0.855469 0.807813 0.828125 0.812500 0.822266 0.839063 0.835938 0.839063 0.851562 0.845313 0.863281 0.840625 0.880859
0 0.284375 0.291016 0.253125 0.291016 0.248438 0.273438 0.253125 0.267578 0.293750 0.267578 0.298438 0.281250 0.284375 0.291016
0 0.365625 0.388672 0.346875 0.376953 0.310937 0.332031 0.301563 0.316406 0.306250 0.306641 0.325000 0.306641 0.350000 0.322266 0.379688 0.359375 0.379688 0.378906 0.365625 0.388672
0 0.740625 0.951172 0.721875 0.947266 0.675000 0.951172 0.664062 0.933594 0.670312 0.882812 0.684375 0.873047 0.737500 0.873047 0.754687 0.902344 0.751563 0.933594 0.740625 0.951172
0 0.575000 0.119141 0.568750 0.119141 0.548438 0.085938 0.548438 0.054688 0.556250 0.044922 0.568750 0.044922 0.576562 0.054688 0.582812 0.078125 0.579688 0.113281 0.575000 0.119141
0 0.970313 0.000000 0.962500 0.013672 0.932813 0.000000
0 0.481250 0.353516 0.439063 0.300781 0.443750 0.291016 0.481250 0.298828 0.510938 0.332031 0.509375 0.341797 0.493750 0.341797 0.481250 0.353516
0 0.734375 0.619141 0.725000 0.619141 0.704688 0.593750 0.698438 0.578125 0.698438 0.562500 0.703125 0.556641 0.718750 0.556641 0.739062 0.582031 0.742188 0.597656 0.734375 0.619141
0 0.900000 0.994141 0.887500 0.994141 0.870313 0.964844 0.878125 0.947266 0.890625 0.947266 0.904687 0.964844 0.904687 0.988281 0.900000 0.994141
0 0.590625 0.259766 0.568750 0.259766 0.564063 0.253906 0.564063 0.242188 0.578125 0.224609 0.593750 0.224609 0.598437 0.230469 0.590625 0.259766
0 0.887500 0.791016 0.856250 0.791016 0.826562 0.761719 0.826562 0.718750 0.834375 0.705078 0.868750 0.705078 0.885938 0.722656 0.895312 0.742188 0.895312 0.781250 0.887500 0.791016
0 0.518750 0.669922 0.481250 0.666016 0.470313 0.648438 0.470313 0.621094 0.478125 0.611328 0.509375 0.611328 0.521875 0.623047 0.529687 0.632812 0.529687 0.656250 0.518750 0.669922
