0 0.287500 0.314453 0.265625 0.314453 0.257812 0.300781 0.278125 0.283203 0.306250 0.244141 0.356250 0.208984 0.390625 0.208984 0.395313 0.214844 0.390625 0.232422 0.371875 0.240234 0.303125 0.310547 0.287500 0.314453
0 0.540625 0.833984 0.521875 0.833984 0.514062 0.824219 0.514062 0.769531 0.537500 0.740234 0.550000 0.740234 0.564063 0.761719 0.564063 0.800781 0.560937 0.812500 0.540625 0.833984
0 0.309375 0.767578 0.293750 0.767578 0.289062 0.761719 0.292187 0.730469 0.326562 0.652344 0.350000 0.623047 0.365625 0.623047 0.370312 0.636719 0.360938 0.652344 0.351562 0.703125 0.335938 0.734375 0.309375 0.767578
0 0.000000 0.537109 0.037500 0.509766 0.065625 0.509766 0.070312 0.515625 0.065625 0.533203 0.043750 0.544922 0.031250 0.560547 0.006250 0.576172 0.000000 0.568359
0 0.815625 0.759766 0.803125 0.759766 0.798438 0.753906 0.798438 0.691406 0.787500 0.681641 0.775000 0.681641 0.770312 0.664062 0.792188 0.648438 0.804688 0.617188 0.821875 0.595703 0.837500 0.595703 0.845313 0.613281 0.842187 0.664062 0.835938 0.675781 0.835938 0.691406 0.826562 0.707031 0.823438 0.746094 0.815625 0.759766
0 0.262500 0.419922 0.250000 0.416016 0.248438 0.402344 0.275000 0.369141 0.293750 0.357422 0.315625 0.353516 0.356250 0.326172 0.381250 0.322266 0.400000 0.310547 0.412500 0.310547 0.417187 0.316406 0.414062 0.332031 0.390625 0.357422 0.375000 0.361328 0.334375 0.388672 0.290625 0.400391 0.262500 0.419922
0 0.996875 0.505859 0.982812 0.492188 0.985938 0.472656 0.996875 0.462891
0 0.656250 0.533203 0.646875 0.533203 0.632812 0.511719 0.635938 0.488281 0.646875 0.474609 0.678125 0.455078 0.703125 0.451172 0.707812 0.457031 0.707812 0.472656 0.656250 0.533203
0 0.593750 0.583984 0.575000 0.583984 0.570312 0.578125 0.570312 0.546875 0.612500 0.501953 0.628125 0.498047 0.645312 0.539062 0.593750 0.583984
0 0.267188 0.000000 0.264062 0.023438 0.253125 0.041016 0.237500 0.037109 0.226562 0.023438 0.223438 0.000000
0 0.159375 0.744141 0.140625 0.744141 0.132812 0.726562 0.184375 0.669922 0.200000 0.666016 0.204687 0.671875 0.204687 0.699219 0.195312 0.722656 0.178125 0.740234 0.159375 0.744141
0 0.659375 0.892578 0.645312 0.886719 0.642188 0.851562 0.657813 0.808594 0.665625 0.798828 0.675000 0.798828 0.682813 0.808594 0.682813 0.832031 0.670312 0.878906 0.659375 0.892578
0 0.643750 0.826172 0.631250 0.826172 0.626563 0.816406 0.626563 0.789062 0.637500 0.759766 0.650000 0.759766 0.654687 0.765625 0.651563 0.800781 0.643750 0.826172
0 0.510938 0.996094 0.526563 0.964844 0.532813 0.929688 0.537500 0.923828 0.550000 0.923828 0.560937 0.933594 0.560937 0.945312 0.535937 0.996094
0 0.882812 0.000000 0.856250 0.013672 0.828125 0.013672 0.823438 0.000000
0 0.996875 0.298828 0.975000 0.298828 0.937500 0.287109 0.914062 0.261719 0.914062 0.246094 0.931250 0.228516 0.953125 0.220703 0.981250 0.220703 0.996875 0.228516
0 0.000000 0.837891 0.028125 0.798828 0.087500 0.740234 0.098437 0.746094 0.092188 0.773438 0.053125 0.826172 0.000000 0.865234
