0 0.598437 0.872070 0.585938 0.862305 0.583594 0.857422 0.585156 0.843750 0.589063 0.838867 0.598437 0.834961 0.614062 0.842773 0.622656 0.857422 0.622656 0.861328 0.617188 0.866211 0.598437 0.872070
0 0.476562 0.706055 0.468750 0.706055 0.466406 0.703125 0.466406 0.673828 0.456250 0.657227 0.445312 0.649414 0.416406 0.650391 0.419531 0.634766 0.418750 0.610352 0.431250 0.610352 0.451562 0.604492 0.470313 0.614258 0.483594 0.628906 0.492969 0.658203 0.492969 0.681641 0.488281 0.693359 0.476562 0.706055
0 0.450000 0.725586 0.437500 0.725586 0.429688 0.719727 0.412500 0.713867 0.403906 0.705078 0.400781 0.697266 0.400781 0.681641 0.408594 0.666016 0.408594 0.660156 0.417187 0.651367 0.445312 0.649414 0.463281 0.666016 0.466406 0.673828 0.464844 0.710938 0.457813 0.721680 0.450000 0.725586
0 0.770312 0.116211 0.759375 0.114258 0.750781 0.105469 0.747656 0.080078 0.753125 0.073242 0.770312 0.073242 0.779687 0.079102 0.783594 0.085938 0.780469 0.101562 0.782031 0.113281 0.770312 0.116211
0 0.646875 0.262695 0.642188 0.256836 0.626563 0.249023 0.616406 0.238281 0.613281 0.226562 0.623437 0.211914 0.629687 0.209961 0.653906 0.226562 0.658594 0.238281 0.658594 0.248047 0.655469 0.255859 0.646875 0.262695
0 0.967187 0.727539 0.957812 0.727539 0.943750 0.717773 0.941406 0.712891 0.939844 0.695312 0.942969 0.687500 0.951562 0.678711 0.967187 0.680664 0.970313 0.676758 0.976562 0.676758 0.983594 0.685547 0.983594 0.703125 0.975781 0.718750 0.967187 0.727539
0 0.938281 0.000000 0.938281 0.009766 0.933594 0.025391 0.925000 0.040039 0.914062 0.045898 0.909375 0.043945 0.882812 0.063477 0.871875 0.063477 0.853906 0.037109 0.849219 0.023438 0.849219 0.005859 0.852344 0.003906 0.852344 0.000000
0 0.696094 0.998047 0.700000 0.987305 0.729688 0.979492 0.740625 0.971680 0.760938 0.963867 0.776563 0.967773 0.777344 0.972656 0.786719 0.984375 0.788281 0.998047
0 0.331250 0.680664 0.304688 0.678711 0.297656 0.671875 0.292969 0.658203 0.294531 0.632812 0.299219 0.617188 0.310937 0.602539 0.318750 0.598633 0.332813 0.598633 0.346094 0.605469 0.342969 0.613281 0.344531 0.642578 0.352344 0.656250 0.353906 0.666016 0.348438 0.672852 0.331250 0.680664
0 0.342187 0.825195 0.329688 0.825195 0.321875 0.819336 0.303906 0.792969 0.302344 0.769531 0.303906 0.761719 0.309375 0.754883 0.320312 0.749023 0.337500 0.749023 0.348438 0.752930 0.360156 0.767578 0.364844 0.783203 0.363281 0.798828 0.355469 0.816406 0.342187 0.825195
0 0.520312 0.432617 0.500000 0.432617 0.494531 0.423828 0.494531 0.417969 0.503125 0.401367 0.512500 0.395508 0.523438 0.393555 0.530469 0.404297 0.530469 0.421875 0.526563 0.428711 0.520312 0.432617
0 0.064062 0.534180 0.045312 0.528320 0.032813 0.516602 0.021094 0.500000 0.024219 0.472656 0.034375 0.458008 0.051562 0.450195 0.064062 0.450195 0.070312 0.456055 0.071875 0.454102 0.080469 0.466797 0.086719 0.486328 0.083594 0.503906 0.074219 0.519531 0.075781 0.523438 0.069531 0.529297 0.070312 0.532227 0.067187 0.530273 0.064062 0.534180
0 0.372656 0.998047 0.363281 0.990234 0.355469 0.974609 0.352344 0.957031 0.358594 0.935547 0.365625 0.926758 0.375000 0.920898 0.390625 0.922852 0.414844 0.947266 0.411719 0.953125 0.414844 0.957031 0.411719 0.974609 0.407031 0.986328 0.394531 0.998047
0 0.242188 0.196289 0.225000 0.194336 0.219531 0.185547 0.219531 0.173828 0.230469 0.160156 0.235156 0.152344 0.235156 0.146484 0.240625 0.139648 0.251563 0.139648 0.258594 0.154297 0.258594 0.173828 0.253906 0.185547 0.242188 0.196289
0 0.957812 0.446289 0.950000 0.446289 0.935156 0.435547 0.933594 0.419922 0.935937 0.411133 0.950000 0.411133 0.953125 0.407227 0.954688 0.411133 0.971875 0.409180 0.974219 0.412109 0.971094 0.431641 0.964063 0.442383 0.957812 0.446289
0 0.818750 0.352539 0.809375 0.352539 0.796094 0.339844 0.789844 0.326172 0.789844 0.312500 0.791406 0.306641 0.801562 0.295898 0.826562 0.291992 0.841406 0.304688 0.841406 0.322266 0.833594 0.337891 0.818750 0.352539
0 0.203125 0.219727 0.187500 0.219727 0.182812 0.215820 0.164062 0.213867 0.154688 0.209961 0.134375 0.194336 0.119531 0.171875 0.119531 0.150391 0.124219 0.136719 0.128125 0.131836 0.137500 0.127930 0.160938 0.125977 0.171875 0.141602 0.179688 0.145508 0.210938 0.145508 0.224219 0.162109 0.224219 0.167969 0.219531 0.173828 0.219531 0.185547 0.227344 0.197266 0.215625 0.211914 0.203125 0.219727
0 0.887500 0.458008 0.878125 0.458008 0.871875 0.454102 0.846094 0.421875 0.846094 0.408203 0.860938 0.383789 0.871875 0.381836 0.881250 0.391602 0.890625 0.391602 0.904687 0.397461 0.911719 0.412109 0.911719 0.423828 0.907031 0.445312 0.887500 0.458008
0 0.000000 0.778320 0.007812 0.776367 0.014063 0.782227 0.024219 0.794922 0.033594 0.818359 0.030469 0.863281 0.018750 0.879883 0.014063 0.877930 0.015625 0.881836 0.000000 0.881836
0 0.079687 0.383789 0.071875 0.383789 0.056250 0.375977 0.038281 0.357422 0.030469 0.343750 0.030469 0.328125 0.038281 0.308594 0.036719 0.304688 0.041406 0.302734 0.046875 0.288086 0.071875 0.286133 0.081250 0.295898 0.089063 0.297852 0.097656 0.308594 0.100781 0.322266 0.099219 0.361328 0.089063 0.375977 0.079687 0.383789
0 0.382812 0.694336 0.370312 0.694336 0.363281 0.685547 0.361719 0.671875 0.350781 0.652344 0.346094 0.648438 0.342969 0.628906 0.342969 0.615234 0.350781 0.597656 0.360938 0.586914 0.371875 0.581055 0.390625 0.581055 0.401562 0.586914 0.410156 0.595703 0.419531 0.613281 0.419531 0.634766 0.416406 0.652344 0.408594 0.660156 0.407031 0.669922 0.382812 0.694336
0 0.804688 0.454102 0.795312 0.454102 0.788281 0.447266 0.785156 0.439453 0.785156 0.427734 0.793750 0.415039 0.800000 0.415039 0.813281 0.435547 0.810156 0.449219 0.804688 0.454102
0 0.209375 0.147461 0.187500 0.147461 0.171875 0.141602 0.155469 0.115234 0.157031 0.101562 0.170313 0.088867 0.195312 0.092773 0.207813 0.100586 0.213281 0.111328 0.214844 0.134766 0.213281 0.142578 0.209375 0.147461
0 0.415625 0.946289 0.412500 0.946289 0.390625 0.922852 0.383594 0.919922 0.383594 0.910156 0.386719 0.908203 0.385156 0.896484 0.392188 0.879883 0.403125 0.879883 0.412500 0.883789 0.422656 0.894531 0.425781 0.902344 0.425781 0.931641 0.415625 0.946289
