0 0.595703 0.764160 0.588867 0.764160 0.584961 0.762207 0.579590 0.751953 0.580566 0.745117 0.586914 0.738770 0.591797 0.738770 0.595215 0.742188 0.599121 0.750000 0.599121 0.754883 0.596191 0.759766 0.595703 0.764160
0 0.547852 0.242676 0.543457 0.241211 0.544922 0.236816 0.550293 0.239258 0.550293 0.241211 0.547852 0.242676
0 0.654297 0.215332 0.645996 0.213867 0.645996 0.209961 0.651367 0.204590 0.655273 0.204590 0.656738 0.207031 0.656738 0.211914 0.654297 0.215332
0 0.165039 0.586426 0.154297 0.585449 0.149902 0.580078 0.148926 0.568359 0.150879 0.564453 0.155273 0.561035 0.164062 0.561035 0.167969 0.562988 0.170410 0.566406 0.172363 0.580078 0.168945 0.584473 0.165039 0.586426
0 0.564453 0.221191 0.562012 0.220703 0.562012 0.215820 0.563477 0.214355 0.565918 0.214844 0.565918 0.219727 0.564453 0.221191
0 0.995117 0.780762 0.987305 0.780762 0.980957 0.776367 0.977051 0.769531 0.977051 0.762695 0.980469 0.756348 0.990234 0.755371 0.996582 0.760742 0.998535 0.766602 0.998535 0.776367 0.995117 0.780762
0 0.357422 0.968262 0.352539 0.967285 0.350098 0.961914 0.356445 0.960449 0.358887 0.963867 0.357422 0.968262
0 0.903320 0.729004 0.898438 0.729004 0.895020 0.725586 0.895020 0.722656 0.900391 0.722168 0.903320 0.725098 0.905273 0.725098 0.905762 0.727539 0.903320 0.729004
0 0.432617 0.223145 0.425781 0.223145 0.422363 0.220703 0.424805 0.213379 0.427734 0.213379 0.434082 0.218750 0.432617 0.223145
0 0.704102 0.665527 0.698242 0.663574 0.689453 0.663574 0.685547 0.661621 0.680176 0.655273 0.683105 0.648438 0.688477 0.644043 0.693359 0.644043 0.699219 0.647949 0.706543 0.659180 0.706543 0.663086 0.704102 0.665527
0 0.717773 0.222168 0.713867 0.222168 0.711426 0.219727 0.711426 0.216797 0.713867 0.213379 0.718750 0.213379 0.720215 0.214844 0.720215 0.219727 0.717773 0.222168
0 0.789062 0.693848 0.785156 0.693848 0.782227 0.691895 0.780762 0.686523 0.783203 0.686035 0.786133 0.687988 0.789551 0.691406 0.789062 0.693848
0 0.583984 0.598145 0.580078 0.598145 0.576660 0.595703 0.578125 0.590332 0.582031 0.590332 0.588379 0.593750 0.583984 0.598145
0 0.538086 0.747559 0.534180 0.747559 0.532715 0.744141 0.536133 0.741699 0.540039 0.741699 0.541504 0.746094 0.538086 0.747559
0 0.639648 0.221191 0.627930 0.220215 0.625488 0.217773 0.628418 0.206055 0.633789 0.200684 0.639648 0.202637 0.643066 0.207031 0.643066 0.217773 0.639648 0.221191
0 0.667969 0.222168 0.664062 0.222168 0.662598 0.220703 0.665039 0.213379 0.669434 0.214844 0.669434 0.220703 0.667969 0.222168
0 0.754883 0.699707 0.750488 0.698242 0.752930 0.693848 0.760254 0.695312 0.759766 0.697754 0.754883 0.699707
0 0.344727 0.988770 0.341797 0.988770 0.339355 0.986328 0.339355 0.981445 0.341797 0.979004 0.343750 0.979004 0.348145 0.983398 0.348145 0.986328 0.344727 0.988770
0 0.275391 0.199707 0.269531 0.199707 0.266113 0.193359 0.262207 0.190430 0.265137 0.186523 0.264160 0.178711 0.267578 0.176270 0.275391 0.180176 0.276855 0.182617 0.275391 0.199707
0 0.857422 0.574707 0.854492 0.574707 0.851074 0.572266 0.854980 0.560547 0.865234 0.560059 0.866211 0.562012 0.868164 0.562012 0.868652 0.563477 0.865723 0.568359 0.857422 0.574707
0 0.192871 0.999023 0.193848 0.989258 0.206055 0.982910 0.212891 0.982910 0.218262 0.987305 0.218262 0.996094 0.216309 0.999023
0 0.662109 0.219238 0.660156 0.219238 0.658691 0.215820 0.661133 0.212402 0.664062 0.212402 0.664551 0.215820 0.662109 0.219238
0 0.358887 0.999023 0.359863 0.993164 0.363770 0.988281 0.363770 0.985352 0.367188 0.984863 0.370605 0.986328 0.370605 0.991211 0.364746 0.999023
0 0.342773 0.328613 0.334961 0.328613 0.327148 0.323730 0.323730 0.311523 0.329102 0.309082 0.339844 0.309082 0.345703 0.312988 0.349121 0.317383 0.349121 0.321289 0.342773 0.328613
0 0.592773 0.029785 0.589844 0.029785 0.587402 0.025391 0.591797 0.023926 0.593262 0.025391 0.592773 0.029785
0 0.839844 0.586426 0.832031 0.585449 0.825684 0.581055 0.825684 0.573242 0.827637 0.567383 0.834961 0.562988 0.844727 0.563965 0.849121 0.567383 0.850098 0.570312 0.851074 0.580078 0.846680 0.584473 0.839844 0.586426
0 0.352539 0.981934 0.347656 0.981934 0.346191 0.977539 0.347656 0.976074 0.353516 0.976074 0.354004 0.980469 0.352539 0.981934
0 0.309570 0.209473 0.305176 0.208984 0.305176 0.204102 0.306641 0.202637 0.311035 0.203125 0.311035 0.208008 0.309570 0.209473
0 0.399414 0.333496 0.390625 0.331543 0.385254 0.324219 0.390137 0.313477 0.394531 0.310059 0.405273 0.311035 0.407715 0.315430 0.407715 0.328125 0.399414 0.333496
0 0.929688 0.489746 0.926270 0.489258 0.926270 0.481445 0.922852 0.478027 0.914551 0.476562 0.914551 0.471680 0.916504 0.467773 0.921875 0.463379 0.931641 0.464355 0.934082 0.469727 0.934082 0.477539 0.932129 0.486328 0.929688 0.489746
0 0.172852 0.131348 0.168945 0.131348 0.160645 0.125977 0.162598 0.125000 0.160645 0.115234 0.165039 0.114746 0.168945 0.108887 0.176270 0.112305 0.175293 0.125000 0.177246 0.129883 0.172852 0.131348
0 0.538086 0.911621 0.530273 0.911621 0.526367 0.909668 0.520996 0.901367 0.520996 0.895508 0.526367 0.889160 0.536133 0.889160 0.542480 0.894531 0.543457 0.904297 0.538086 0.911621
0 0.914062 0.929199 0.911621 0.928711 0.910645 0.921875 0.917969 0.921387 0.919434 0.925781 0.914062 0.929199
0 0.514648 0.756348 0.505859 0.756348 0.505371 0.753906 0.506836 0.751465 0.512695 0.749512 0.517090 0.752930 0.517090 0.754883 0.514648 0.756348
0 0.611328 0.514160 0.605957 0.512695 0.602051 0.506836 0.602051 0.501953 0.603027 0.499023 0.609375 0.494629 0.615234 0.494629 0.624512 0.501953 0.624512 0.505859 0.621094 0.510254 0.611328 0.514160
0 0.762695 0.694824 0.756348 0.693359 0.756348 0.688477 0.758789 0.686035 0.763672 0.686035 0.765137 0.687500 0.762695 0.694824
0 0.780273 0.652832 0.778320 0.652832 0.774902 0.648438 0.774902 0.643555 0.776367 0.642090 0.779297 0.642090 0.781738 0.645508 0.781738 0.651367 0.780273 0.652832
0 0.526367 0.774902 0.518555 0.774902 0.514160 0.771484 0.513184 0.758789 0.514648 0.756348 0.519531 0.756348 0.522461 0.759277 0.529297 0.758301 0.536621 0.760742 0.537598 0.766602 0.532227 0.771973 0.526367 0.774902
0 0.592773 0.560059 0.583008 0.560059 0.579590 0.557617 0.578613 0.554688 0.579590 0.548828 0.589844 0.542480 0.592773 0.542480 0.599121 0.547852 0.599121 0.554688 0.592773 0.560059
0 0.362305 0.977051 0.358398 0.977051 0.357910 0.972656 0.360352 0.968262 0.366211 0.968262 0.366699 0.972656 0.362305 0.977051
0 0.975586 0.221191 0.964844 0.221191 0.960449 0.217773 0.958496 0.212891 0.958496 0.204102 0.960449 0.199219 0.964844 0.195801 0.973633 0.196777 0.979004 0.203125 0.982910 0.210938 0.982910 0.214844 0.975586 0.221191
0 0.354492 0.975098 0.349609 0.975098 0.348145 0.973633 0.350098 0.968750 0.352539 0.967285 0.355957 0.968750 0.355957 0.973633 0.354492 0.975098
0 0.421875 0.234863 0.418457 0.233398 0.417969 0.229004 0.421875 0.229004 0.423340 0.230469 0.421875 0.234863
0 0.793945 0.646973 0.782227 0.645996 0.777832 0.640625 0.777832 0.633789 0.779785 0.629883 0.784180 0.626465 0.793945 0.625488 0.801270 0.629883 0.802246 0.637695 0.800293 0.641602 0.793945 0.646973
0 0.208008 0.650879 0.201172 0.650879 0.193848 0.647461 0.191895 0.642578 0.191895 0.634766 0.194336 0.632324 0.201172 0.629395 0.208008 0.629395 0.215332 0.633789 0.217285 0.640625 0.215332 0.644531 0.208008 0.650879
0 0.451172 0.234863 0.442871 0.232422 0.444824 0.226562 0.441895 0.224609 0.442383 0.219238 0.447754 0.219727 0.446777 0.225586 0.452637 0.229492 0.451172 0.234863
0 0.807617 0.525879 0.799805 0.522949 0.796387 0.518555 0.796387 0.508789 0.801758 0.500488 0.806641 0.497559 0.811523 0.497559 0.817871 0.501953 0.819824 0.506836 0.819824 0.513672 0.815918 0.518555 0.816895 0.521484 0.813477 0.521973 0.807617 0.525879
0 0.586914 0.264160 0.584961 0.264160 0.581543 0.259766 0.581543 0.256836 0.585938 0.253418 0.591309 0.256836 0.591309 0.259766 0.586914 0.264160
0 0.562500 0.263184 0.557617 0.261230 0.552246 0.252930 0.553223 0.246094 0.556641 0.241699 0.560547 0.239746 0.565430 0.240723 0.568848 0.247070 0.572754 0.250000 0.572754 0.258789 0.569336 0.262207 0.562500 0.263184
0 0.367188 0.342285 0.359375 0.342285 0.357910 0.340820 0.354980 0.334961 0.354004 0.327148 0.355957 0.321289 0.359375 0.316895 0.365234 0.313965 0.370117 0.313965 0.374512 0.317383 0.376465 0.321289 0.376465 0.333008 0.378418 0.333984 0.372070 0.340332 0.367188 0.342285
0 0.671875 0.225098 0.668457 0.223633 0.669922 0.216309 0.674316 0.216797 0.674316 0.220703 0.671875 0.225098
0 0.918945 0.921387 0.914062 0.921387 0.912598 0.919922 0.912598 0.916016 0.917969 0.912598 0.920410 0.913086 0.920410 0.918945 0.918945 0.921387
0 0.680664 0.234863 0.677246 0.234375 0.677246 0.231445 0.679688 0.229004 0.683105 0.230469 0.680664 0.234863
0 0.396484 0.765137 0.387695 0.759277 0.383301 0.753906 0.383301 0.750000 0.386230 0.746094 0.395508 0.740723 0.397949 0.741211 0.407715 0.752930 0.406738 0.759766 0.396484 0.765137
0 0.726562 0.155762 0.722168 0.154297 0.722168 0.152344 0.725586 0.149902 0.729004 0.151367 0.726562 0.155762
0 0.658203 0.216309 0.655762 0.215820 0.656738 0.206055 0.661133 0.205566 0.662598 0.210938 0.658203 0.216309
0 0.625977 0.189941 0.620117 0.188965 0.618652 0.187500 0.618652 0.182617 0.629883 0.179199 0.631348 0.180664 0.631348 0.185547 0.625977 0.189941
0 0.526367 0.759277 0.522461 0.759277 0.520020 0.756836 0.521484 0.751465 0.525391 0.751465 0.528809 0.754883 0.526367 0.759277
0 0.770508 0.973145 0.764648 0.972168 0.758301 0.967773 0.756348 0.944336 0.758789 0.940918 0.763672 0.941895 0.779785 0.957031 0.780762 0.961914 0.778809 0.967773 0.775391 0.971191 0.770508 0.973145
0 0.218750 0.057129 0.214844 0.057129 0.213867 0.055176 0.207031 0.053223 0.200684 0.041992 0.200684 0.036133 0.205566 0.034180 0.206055 0.028809 0.213867 0.030762 0.220215 0.037109 0.223145 0.044922 0.223145 0.050781 0.219238 0.054688 0.218750 0.057129
0 0.920898 0.938965 0.917480 0.938477 0.918945 0.928223 0.920898 0.928223 0.923340 0.931641 0.923340 0.936523 0.920898 0.938965
0 0.372070 0.982910 0.365234 0.981934 0.364746 0.978516 0.369141 0.975098 0.374023 0.975098 0.375488 0.979492 0.372070 0.982910
0 0.363281 0.982910 0.356445 0.981934 0.355957 0.979492 0.362305 0.979004 0.363770 0.980469 0.363281 0.982910
0 0.194336 0.022949 0.191406 0.022949 0.188965 0.020508 0.187500 0.015137 0.194336 0.014160 0.197754 0.017578 0.198730 0.020508 0.194336 0.022949
0 0.626953 0.422363 0.620605 0.420898 0.631348 0.400391 0.635742 0.395996 0.638672 0.395996 0.648926 0.405273 0.650879 0.409180 0.647461 0.409668 0.645996 0.413086 0.642090 0.415039 0.639648 0.420410 0.628906 0.419434 0.626953 0.422363
0 0.442383 0.230957 0.436035 0.229492 0.437500 0.224121 0.441406 0.224121 0.443848 0.226562 0.442383 0.230957
0 0.342773 0.970215 0.339355 0.969727 0.338379 0.962891 0.339844 0.960449 0.345703 0.959473 0.347168 0.960938 0.347168 0.964844 0.342773 0.970215
0 0.943359 0.863770 0.934570 0.863770 0.928223 0.856445 0.928223 0.852539 0.936523 0.846191 0.949219 0.847168 0.953613 0.851562 0.952637 0.861328 0.943359 0.863770
0 0.299805 0.474121 0.292969 0.471191 0.290527 0.468750 0.290527 0.465820 0.299805 0.456543 0.312500 0.457520 0.312988 0.460938 0.311035 0.466797 0.303711 0.473145 0.299805 0.474121
0 0.435547 0.229980 0.430176 0.229492 0.430176 0.225586 0.432617 0.223145 0.437012 0.225586 0.435547 0.229980
0 0.552734 0.631348 0.547363 0.628906 0.547363 0.624023 0.551270 0.613281 0.555664 0.612793 0.559082 0.614258 0.559082 0.618164 0.555176 0.629883 0.552734 0.631348
0 0.785156 0.707520 0.782227 0.707520 0.779785 0.704102 0.776855 0.698242 0.777344 0.693848 0.784180 0.692871 0.787598 0.695312 0.785156 0.707520
0 0.686523 0.719238 0.678223 0.718750 0.675293 0.712891 0.675293 0.706055 0.680176 0.694336 0.690430 0.690918 0.695801 0.695312 0.697754 0.700195 0.697754 0.706055 0.691895 0.715820 0.686523 0.719238
0 0.178711 0.412598 0.174316 0.409180 0.172363 0.400391 0.176758 0.390137 0.186523 0.389160 0.192871 0.395508 0.192871 0.398438 0.189941 0.400391 0.187012 0.406250 0.181641 0.411621 0.178711 0.412598
0 0.575195 0.021973 0.571777 0.020508 0.573242 0.015137 0.576660 0.015625 0.575195 0.021973
0 0.452148 0.242676 0.446289 0.242676 0.445801 0.238281 0.441895 0.237305 0.440918 0.233398 0.444336 0.232910 0.452148 0.236816 0.453613 0.239258 0.452148 0.242676
0 0.818359 0.668457 0.813477 0.668457 0.804688 0.664551 0.800293 0.659180 0.801270 0.653320 0.811523 0.648926 0.833008 0.648926 0.835449 0.651367 0.833496 0.657227 0.826172 0.664551 0.823242 0.664551 0.818359 0.668457
0 0.706055 0.210449 0.700684 0.209961 0.700684 0.206055 0.702148 0.204590 0.706055 0.204590 0.707520 0.206055 0.706055 0.210449
0 0.106445 0.811035 0.097656 0.811035 0.088379 0.802734 0.088379 0.796875 0.097656 0.790527 0.101562 0.791504 0.103516 0.789551 0.106445 0.789551 0.112793 0.796875 0.113770 0.800781 0.112793 0.805664 0.106445 0.811035
0 0.749023 0.695801 0.743164 0.695801 0.737793 0.692383 0.737793 0.689453 0.740723 0.687500 0.740234 0.684082 0.745117 0.683105 0.747559 0.685547 0.747559 0.688477 0.749512 0.690430 0.749023 0.695801
0 0.935547 0.889160 0.925781 0.889160 0.920410 0.884766 0.919434 0.879883 0.924805 0.872559 0.937500 0.865723 0.944336 0.865723 0.948730 0.872070 0.948730 0.876953 0.942383 0.885254 0.935547 0.889160
0 0.878906 0.452637 0.871094 0.451660 0.869629 0.449219 0.871582 0.444336 0.875000 0.441895 0.877930 0.442871 0.879395 0.445312 0.878906 0.452637
0 0.774414 0.649902 0.770020 0.648438 0.768066 0.643555 0.768066 0.639648 0.769531 0.638184 0.772461 0.638184 0.775879 0.640625 0.774414 0.649902
0 0.345703 0.977051 0.342285 0.976562 0.341797 0.970215 0.346191 0.972656 0.345703 0.977051
0 0.438477 0.215332 0.434082 0.214844 0.433105 0.208984 0.434570 0.207520 0.439941 0.208008 0.438477 0.215332
0 0.197266 0.037598 0.193359 0.034668 0.190430 0.034668 0.188965 0.031250 0.190430 0.028809 0.200195 0.028809 0.201660 0.027344 0.200684 0.025391 0.203125 0.022949 0.204590 0.024414 0.203613 0.033203 0.197266 0.037598
0 0.916016 0.501465 0.912109 0.501465 0.907715 0.499023 0.906738 0.485352 0.912109 0.478027 0.918945 0.477051 0.922852 0.478027 0.926270 0.481445 0.926270 0.489258 0.916016 0.501465
0 0.579102 0.405762 0.573242 0.405762 0.563965 0.396484 0.562012 0.391602 0.564453 0.387207 0.571289 0.386230 0.580566 0.393555 0.581543 0.402344 0.579102 0.405762
0 0.439453 0.224121 0.435547 0.224121 0.434082 0.222656 0.434082 0.216797 0.435547 0.215332 0.441895 0.217773 0.441895 0.221680 0.439453 0.224121
0 0.271484 0.529785 0.262695 0.529785 0.256836 0.526855 0.252441 0.521484 0.250488 0.509766 0.253906 0.505371 0.268555 0.506348 0.275879 0.511719 0.278809 0.519531 0.278809 0.525391 0.271484 0.529785
0 0.507812 0.664551 0.502441 0.662109 0.502441 0.658203 0.505859 0.655762 0.510254 0.658203 0.510254 0.663086 0.507812 0.664551
0 0.708008 0.205566 0.701172 0.204590 0.700684 0.201172 0.703125 0.199707 0.709961 0.199707 0.711426 0.204102 0.708008 0.205566
0 0.787109 0.007324 0.785156 0.007324 0.783691 0.004883 0.784180 0.000488 0.789551 0.000977 0.789551 0.003906 0.787109 0.007324
0 0.647461 0.198730 0.636719 0.198730 0.630371 0.194336 0.631348 0.179688 0.633789 0.176270 0.645508 0.174316 0.650879 0.177734 0.652832 0.183594 0.652832 0.192383 0.651855 0.195312 0.647461 0.198730
0 0.179688 0.826660 0.166016 0.820801 0.159668 0.814453 0.159668 0.811523 0.164062 0.810059 0.165039 0.808105 0.168945 0.808105 0.171875 0.809082 0.174805 0.812988 0.180664 0.814941 0.185059 0.819336 0.185059 0.824219 0.179688 0.826660
0 0.311523 0.219238 0.308105 0.216797 0.307129 0.210938 0.305176 0.209961 0.311035 0.208008 0.311035 0.198242 0.314453 0.197754 0.319336 0.193848 0.321777 0.196289 0.321777 0.199219 0.315918 0.207031 0.314941 0.216797 0.311523 0.219238
0 0.693359 0.227051 0.689941 0.226562 0.689941 0.221680 0.691406 0.220215 0.695801 0.221680 0.693359 0.227051
0 0.500977 0.672363 0.495605 0.669922 0.495605 0.666016 0.497070 0.664551 0.501953 0.664551 0.503418 0.666992 0.503418 0.669922 0.500977 0.672363
0 0.978516 0.802246 0.974121 0.800781 0.974121 0.796875 0.976562 0.793457 0.980957 0.794922 0.980957 0.799805 0.978516 0.802246
0 0.750000 0.529785 0.744141 0.528809 0.741699 0.523438 0.741699 0.518555 0.745117 0.516113 0.748047 0.516113 0.753418 0.522461 0.753418 0.527344 0.750000 0.529785
0 0.884766 0.456543 0.879395 0.454102 0.879883 0.445801 0.882812 0.445801 0.886230 0.451172 0.884766 0.456543
0 0.604492 0.681152 0.601562 0.681152 0.597168 0.676758 0.599609 0.673340 0.606445 0.673340 0.607910 0.674805 0.606934 0.679688 0.604492 0.681152
0 0.433594 0.240723 0.427734 0.240723 0.425293 0.238281 0.425293 0.234375 0.429688 0.232910 0.434570 0.234863 0.435059 0.238281 0.433594 0.240723
0 0.685547 0.230957 0.681152 0.228516 0.681641 0.223145 0.686035 0.224609 0.685547 0.230957
0 0.673828 0.194824 0.670898 0.194824 0.664551 0.186523 0.667480 0.176758 0.667480 0.170898 0.669922 0.167480 0.673340 0.168945 0.676270 0.179688 0.676270 0.190430 0.673828 0.194824
0 0.519531 0.687988 0.511230 0.682617 0.511230 0.669922 0.514160 0.665039 0.517578 0.662598 0.527344 0.661621 0.531738 0.665039 0.533691 0.668945 0.533691 0.673828 0.527832 0.684570 0.519531 0.687988
0 0.433594 0.216309 0.426270 0.212891 0.427734 0.208496 0.430664 0.208496 0.434082 0.211914 0.433594 0.216309
0 0.149414 0.909668 0.146484 0.909668 0.143066 0.905273 0.144043 0.896484 0.151367 0.891113 0.158203 0.891113 0.161621 0.894531 0.160645 0.902344 0.156250 0.907715 0.149414 0.909668
0 0.434570 0.234863 0.430176 0.233398 0.431641 0.229004 0.435059 0.229492 0.434570 0.234863
0 0.314453 0.197754 0.309082 0.197266 0.312500 0.188965 0.317383 0.189941 0.318848 0.192383 0.318848 0.194336 0.314453 0.197754
0 0.714844 0.135254 0.708008 0.135254 0.705566 0.132812 0.705566 0.128906 0.707031 0.127441 0.712891 0.128418 0.715332 0.131836 0.714844 0.135254
0 0.439453 0.236816 0.435059 0.235352 0.435547 0.229980 0.440918 0.231445 0.439453 0.236816
0 0.429688 0.232910 0.424805 0.232910 0.423340 0.231445 0.424316 0.227539 0.426758 0.225098 0.430176 0.226562 0.429688 0.232910
0 0.436523 0.258301 0.433105 0.257812 0.431152 0.254883 0.431152 0.250977 0.435547 0.244629 0.439453 0.243652 0.441895 0.245117 0.441895 0.251953 0.436523 0.258301
0 0.371094 0.975098 0.366699 0.974609 0.366699 0.969727 0.370117 0.965332 0.373047 0.965332 0.374512 0.966797 0.374512 0.971680 0.371094 0.975098
0 0.607422 0.621582 0.603027 0.621094 0.603027 0.615234 0.605469 0.612793 0.608887 0.615234 0.608887 0.620117 0.607422 0.621582
0 0.786133 0.654785 0.784180 0.654785 0.783691 0.651367 0.781738 0.650391 0.782227 0.645996 0.785156 0.645996 0.787598 0.648438 0.786133 0.654785
0 0.875000 0.525879 0.865234 0.522949 0.862793 0.517578 0.863770 0.505859 0.873047 0.498535 0.878418 0.500000 0.880371 0.508789 0.880371 0.514648 0.877441 0.517578 0.876465 0.524414 0.875000 0.525879
0 0.423828 0.229004 0.419922 0.229004 0.415527 0.224609 0.416992 0.220215 0.420898 0.220215 0.428223 0.224609 0.423828 0.229004
0 0.449707 0.000000 0.447266 0.003418 0.440430 0.006348 0.435547 0.006348 0.427246 0.000000
0 0.636719 0.677246 0.628906 0.677246 0.626465 0.672852 0.626465 0.666992 0.629395 0.658203 0.633789 0.653809 0.640625 0.651855 0.644043 0.658203 0.644043 0.667969 0.640137 0.674805 0.636719 0.677246
0 0.673828 0.250488 0.671875 0.250488 0.668457 0.246094 0.668457 0.242188 0.671875 0.238770 0.675781 0.238770 0.679199 0.242188 0.679199 0.247070 0.675781 0.247559 0.673828 0.250488
0 0.530273 0.751465 0.526855 0.750977 0.526855 0.745117 0.528320 0.743652 0.532715 0.746094 0.530273 0.751465
0 0.358398 0.995605 0.348633 0.995605 0.347168 0.994141 0.347168 0.989258 0.356445 0.989746 0.360352 0.987793 0.360840 0.992188 0.358398 0.995605
0 0.050781 0.779785 0.044922 0.779785 0.043945 0.777832 0.040039 0.776855 0.037598 0.773438 0.037598 0.768555 0.041016 0.764160 0.043945 0.764160 0.048828 0.761230 0.058594 0.760254 0.062012 0.763672 0.062012 0.766602 0.057129 0.775391 0.050781 0.779785
0 0.085938 0.817871 0.079102 0.815918 0.076660 0.811523 0.084961 0.804199 0.086914 0.804199 0.087402 0.806641 0.091309 0.810547 0.090332 0.815430 0.085938 0.817871
0 0.557617 0.630371 0.555176 0.629883 0.555176 0.626953 0.559082 0.618164 0.559082 0.614258 0.555664 0.612793 0.551270 0.613281 0.546875 0.627441 0.543945 0.627441 0.541504 0.625000 0.539551 0.621094 0.539551 0.612305 0.543945 0.607910 0.547852 0.605957 0.560547 0.605957 0.566895 0.612305 0.566895 0.621094 0.564941 0.625000 0.557617 0.630371
0 0.407227 0.230957 0.397461 0.229004 0.393066 0.222656 0.394043 0.217773 0.403320 0.212402 0.408203 0.212402 0.409668 0.213867 0.409668 0.228516 0.407227 0.230957
0 0.356445 0.989746 0.352539 0.989746 0.348145 0.987305 0.349609 0.981934 0.353516 0.981934 0.357910 0.985352 0.356445 0.989746
0 0.447266 0.804199 0.433594 0.800293 0.433105 0.792969 0.435547 0.788574 0.445312 0.783691 0.451172 0.783691 0.458496 0.788086 0.458496 0.797852 0.447266 0.804199
0 0.604492 0.190918 0.599121 0.190430 0.599121 0.175781 0.601562 0.173340 0.611328 0.172363 0.613770 0.173828 0.614746 0.185547 0.612305 0.187988 0.609375 0.187988 0.604492 0.190918
0 0.587891 0.593262 0.583984 0.592285 0.581543 0.589844 0.583008 0.586426 0.586914 0.585449 0.588379 0.586914 0.589355 0.590820 0.587891 0.593262
