0 0.796875 0.587891 0.777344 0.587891 0.751953 0.558594 0.759766 0.535156 0.769531 0.525391 0.808594 0.521484 0.830078 0.539062 0.830078 0.562500 0.796875 0.587891
0 0.187500 0.427734 0.156250 0.427734 0.138672 0.410156 0.134766 0.375000 0.164062 0.345703 0.183594 0.345703 0.208984 0.367188 0.212891 0.410156 0.187500 0.427734
0 0.322266 0.996094 0.314453 0.984375 0.326172 0.972656 0.330078 0.957031 0.347656 0.943359 0.371094 0.951172 0.380859 0.960938 0.388672 0.972656 0.388672 0.996094
0 0.425781 0.787109 0.382812 0.787109 0.365234 0.773438 0.373047 0.726562 0.386719 0.712891 0.406250 0.712891 0.421875 0.701172 0.427734 0.703125 0.431641 0.722656 0.451172 0.738281 0.455078 0.750000 0.425781 0.787109
0 0.125000 0.537109 0.089844 0.521484 0.076172 0.507812 0.076172 0.468750 0.113281 0.439453 0.132812 0.447266 0.150391 0.464844 0.146484 0.519531 0.125000 0.537109
0 0.261719 0.626953 0.230469 0.623047 0.212891 0.601562 0.208984 0.585938 0.212891 0.562500 0.226562 0.548828 0.250000 0.541016 0.273438 0.544922 0.298828 0.574219 0.298828 0.609375 0.281250 0.623047 0.261719 0.626953
0 0.464844 0.494141 0.445312 0.490234 0.414062 0.494141 0.408203 0.488281 0.400391 0.437500 0.425781 0.408203 0.449219 0.408203 0.472656 0.423828 0.484375 0.423828 0.498047 0.445312 0.494141 0.476562 0.464844 0.494141
0 0.552734 0.996094 0.548828 0.976562 0.574219 0.951172 0.601562 0.943359 0.642578 0.957031 0.642578 0.964844 0.626953 0.976562 0.626953 0.996094
0 0.234375 0.216797 0.214844 0.216797 0.208984 0.210938 0.208984 0.199219 0.193359 0.187500 0.169922 0.148438 0.169922 0.117188 0.210938 0.087891 0.253906 0.087891 0.275391 0.109375 0.287109 0.140625 0.283203 0.179688 0.275391 0.195312 0.261719 0.208984 0.234375 0.216797
0 0.324219 0.783203 0.300781 0.779297 0.287109 0.757812 0.291016 0.734375 0.308594 0.708984 0.335938 0.712891 0.349609 0.726562 0.353516 0.753906 0.339844 0.775391 0.324219 0.783203
0 0.013672 0.000000 0.044922 0.027344 0.052734 0.042969 0.056641 0.082031 0.048828 0.101562 0.015625 0.134766 0.000000 0.126953
0 0.671875 0.677734 0.652344 0.677734 0.626953 0.656250 0.630859 0.621094 0.652344 0.603516 0.679688 0.607422 0.697266 0.617188 0.693359 0.664062 0.671875 0.677734
0 0.378906 0.646484 0.371094 0.646484 0.349609 0.628906 0.349609 0.589844 0.357422 0.574219 0.375000 0.564453 0.390625 0.568359 0.423828 0.609375 0.419922 0.625000 0.406250 0.638672 0.378906 0.646484
0 0.751953 0.996094 0.773438 0.974609 0.785156 0.970703 0.808594 0.978516 0.822266 0.996094
0 0.257812 0.431641 0.222656 0.427734 0.208984 0.417969 0.212891 0.402344 0.205078 0.363281 0.230469 0.337891 0.246094 0.337891 0.287109 0.375000 0.283203 0.410156 0.257812 0.431641
0 0.531250 0.240234 0.507812 0.236328 0.482422 0.210938 0.486328 0.183594 0.503906 0.158203 0.554688 0.162109 0.564453 0.171875 0.564453 0.207031 0.556641 0.226562 0.546875 0.236328 0.531250 0.240234
0 0.000000 0.767578 0.021484 0.785156 0.021484 0.808594 0.000000 0.830078
0 0.492188 0.646484 0.484375 0.646484 0.462891 0.628906 0.462891 0.605469 0.484375 0.583984 0.515625 0.591797 0.529297 0.613281 0.529297 0.625000 0.515625 0.638672 0.492188 0.646484
0 0.656250 0.146484 0.625000 0.146484 0.607422 0.128906 0.603516 0.089844 0.625000 0.068359 0.652344 0.068359 0.673828 0.093750 0.677734 0.128906 0.656250 0.146484
0 0.435547 0.996094 0.441406 0.978516 0.468750 0.982422 0.482422 0.996094
0 0.746094 0.869141 0.703125 0.865234 0.689453 0.851562 0.685547 0.820312 0.693359 0.796875 0.710938 0.775391 0.726562 0.783203 0.753906 0.783203 0.775391 0.808594 0.775391 0.835938 0.746094 0.869141
0 0.425781 0.935547 0.410156 0.935547 0.388672 0.917969 0.388672 0.886719 0.402344 0.869141 0.445312 0.865234 0.458984 0.882812 0.458984 0.906250 0.441406 0.931641 0.425781 0.935547
0 0.378906 0.189453 0.351562 0.177734 0.326172 0.152344 0.326172 0.121094 0.337891 0.101562 0.367188 0.076172 0.390625 0.064453 0.406250 0.064453 0.431641 0.078125 0.447266 0.121094 0.447266 0.136719 0.414062 0.181641 0.378906 0.189453
0 0.132812 0.376953 0.125000 0.376953 0.095703 0.347656 0.087891 0.332031 0.083984 0.300781 0.093750 0.279297 0.148438 0.291016 0.169922 0.312500 0.169922 0.343750 0.132812 0.376953
0 0.089844 0.583984 0.046875 0.576172 0.033203 0.558594 0.029297 0.515625 0.042969 0.501953 0.070312 0.501953 0.089844 0.521484 0.113281 0.529297 0.123047 0.539062 0.123047 0.562500 0.089844 0.583984
0 0.355469 0.880859 0.335938 0.880859 0.306641 0.847656 0.314453 0.824219 0.332031 0.810547 0.363281 0.810547 0.384766 0.839844 0.380859 0.859375 0.355469 0.880859
0 0.480469 0.751953 0.457031 0.751953 0.451172 0.738281 0.431641 0.722656 0.427734 0.695312 0.437500 0.685547 0.480469 0.685547 0.494141 0.695312 0.501953 0.718750 0.480469 0.751953
0 0.886719 0.841797 0.859375 0.830078 0.837891 0.804688 0.837891 0.781250 0.849609 0.746094 0.867188 0.736328 0.882812 0.736328 0.910156 0.748047 0.921875 0.763672 0.939453 0.773438 0.958984 0.800781 0.958984 0.820312 0.949219 0.833984 0.898438 0.830078 0.886719 0.841797
0 0.951172 0.996094 0.951172 0.964844 0.958984 0.945312 0.980469 0.927734 0.996094 0.927734
0 0.171875 0.748047 0.148438 0.740234 0.123047 0.718750 0.126953 0.707031 0.152344 0.681641 0.171875 0.681641 0.197266 0.722656 0.171875 0.748047
0 0.218750 0.869141 0.193359 0.855469 0.189453 0.808594 0.207031 0.783203 0.242188 0.775391 0.259766 0.789062 0.267578 0.804688 0.267578 0.824219 0.246094 0.861328 0.218750 0.869141
0 0.652344 0.263672 0.625000 0.263672 0.603516 0.250000 0.603516 0.207031 0.625000 0.181641 0.656250 0.185547 0.685547 0.207031 0.681641 0.242188 0.652344 0.263672
0 0.554688 0.970703 0.531250 0.970703 0.505859 0.949219 0.513672 0.925781 0.542969 0.916016 0.562500 0.892578 0.601562 0.904297 0.607422 0.921875 0.601562 0.927734 0.582031 0.923828 0.572266 0.937500 0.572266 0.953125 0.554688 0.970703
0 0.597656 0.150391 0.585938 0.146484 0.564453 0.121094 0.560547 0.066406 0.566406 0.060547 0.589844 0.060547 0.615234 0.074219 0.603516 0.089844 0.611328 0.136719 0.597656 0.150391
