0 0.352778 0.379167 0.302778 0.370833 0.275000 0.356944 0.254167 0.338889 0.248611 0.325000 0.248611 0.308333 0.256944 0.291667 0.269444 0.279167 0.308333 0.268056 0.377778 0.265278 0.402778 0.270833 0.431944 0.291667 0.437500 0.311111 0.434722 0.325000 0.409722 0.352778 0.375000 0.376389 0.352778 0.379167
0 0.209722 0.997222 0.177778 0.979167 0.156944 0.952778 0.154167 0.925000 0.170833 0.894444 0.197222 0.873611 0.213889 0.868056 0.272222 0.859722 0.302778 0.859722 0.327778 0.873611 0.354167 0.908333 0.362500 0.927778 0.362500 0.961111 0.347222 0.981944 0.301389 0.997222
0 0.000000 0.818056 0.027778 0.790278 0.041667 0.781944 0.058333 0.776389 0.086111 0.776389 0.100000 0.781944 0.120833 0.802778 0.137500 0.836111 0.137500 0.888889 0.118056 0.947222 0.075000 0.990278 0.052778 0.993056 0.048611 0.997222
0 0.112500 0.000000 0.118056 0.025000 0.115278 0.091667 0.104167 0.116667 0.097222 0.123611 0.083333 0.126389 0.063889 0.126389 0.037500 0.105556 0.026389 0.077778 0.009722 0.055556 0.009722 0.000000
0 0.141667 0.476389 0.088889 0.476389 0.047222 0.462500 0.026389 0.444444 0.018056 0.430556 0.018056 0.408333 0.044444 0.376389 0.061111 0.365278 0.091667 0.354167 0.177778 0.348611 0.205556 0.359722 0.229167 0.380556 0.234722 0.394444 0.234722 0.419444 0.229167 0.433333 0.183333 0.459722 0.141667 0.476389
0 0.563889 0.887500 0.513889 0.887500 0.491667 0.879167 0.479167 0.866667 0.473611 0.838889 0.484722 0.797222 0.506944 0.766667 0.533333 0.740278 0.552778 0.729167 0.577778 0.718056 0.627778 0.709722 0.647222 0.712500 0.670833 0.733333 0.679167 0.752778 0.679167 0.775000 0.645833 0.825000 0.645833 0.830556 0.605556 0.870833 0.597222 0.870833 0.563889 0.887500
0 0.659722 0.000000 0.619444 0.031944 0.591667 0.040278 0.558333 0.037500 0.540278 0.016667 0.540278 0.000000
0 0.890278 0.997222 0.906944 0.958333 0.933333 0.934722 0.963889 0.926389 0.997222 0.926389
0 0.997222 0.765278 0.988889 0.770833 0.947222 0.770833 0.919444 0.762500 0.901389 0.747222 0.890278 0.725000 0.898611 0.697222 0.911111 0.684722 0.986111 0.656944 0.997222 0.656944
0 0.697222 0.262500 0.675000 0.262500 0.631944 0.233333 0.623611 0.202778 0.623611 0.186111 0.637500 0.150000 0.645833 0.141667 0.654167 0.122222 0.683333 0.087500 0.722222 0.062500 0.752778 0.059722 0.773611 0.075000 0.781944 0.094444 0.784722 0.125000 0.779167 0.158333 0.759722 0.202778 0.759722 0.211111 0.740278 0.241667 0.719444 0.256944 0.697222 0.262500
0 0.548611 0.997222 0.558333 0.987500 0.586111 0.981944 0.633333 0.981944 0.658333 0.990278 0.662500 0.997222
0 0.375000 0.812500 0.350000 0.812500 0.311111 0.798611 0.287500 0.772222 0.279167 0.744444 0.287500 0.705556 0.318056 0.655556 0.338889 0.637500 0.369444 0.626389 0.394444 0.629167 0.430556 0.645833 0.456944 0.675000 0.468056 0.702778 0.468056 0.722222 0.459722 0.744444 0.443056 0.769444 0.416667 0.795833 0.400000 0.798611 0.375000 0.812500
0 0.997222 0.548611 0.972222 0.559722 0.933333 0.556944 0.886111 0.526389 0.870833 0.508333 0.865278 0.488889 0.868056 0.466667 0.876389 0.450000 0.905556 0.423611 0.947222 0.409722 0.997222 0.409722
0 0.997222 0.356944 0.995833 0.366667 0.980556 0.381944 0.938889 0.404167 0.913889 0.406944 0.897222 0.398611 0.879167 0.377778 0.879167 0.369444 0.865278 0.355556 0.865278 0.255556 0.869444 0.245833 0.891667 0.229167 0.933333 0.223611 0.986111 0.248611 0.997222 0.265278
0 0.973611 0.000000 0.997222 0.000000 0.997222 0.037500 0.973611 0.037500
0 0.705556 0.618056 0.661111 0.612500 0.638889 0.601389 0.623611 0.583333 0.618056 0.569444 0.576389 0.536111 0.570833 0.522222 0.570833 0.500000 0.591667 0.473611 0.625000 0.462500 0.686111 0.459722 0.730556 0.468056 0.766667 0.484722 0.779167 0.497222 0.784722 0.508333 0.784722 0.530556 0.770833 0.555556 0.765278 0.586111 0.744444 0.604167 0.705556 0.618056
