0 0.317529 0.143269 0.303161 0.141346 0.293822 0.128846 0.292385 0.103846 0.301006 0.069231 0.324713 0.035577 0.336207 0.025962 0.346264 0.020192 0.363506 0.022115 0.371408 0.034615 0.372845 0.057692 0.362787 0.092308 0.354167 0.109615 0.339080 0.129808 0.317529 0.143269
0 0.998563 0.879808 0.989943 0.879808 0.984195 0.875962 0.977730 0.863462 0.976293 0.851923 0.979167 0.836538 0.998563 0.810577
0 0.872126 0.939423 0.843391 0.935577 0.829023 0.927885 0.822557 0.919231 0.819684 0.907692 0.822557 0.888462 0.847701 0.862500 0.856322 0.858654 0.876437 0.860577 0.887931 0.868269 0.904454 0.894231 0.904454 0.909615 0.892241 0.925962 0.872126 0.939423
0 0.119253 0.664423 0.091954 0.664423 0.053161 0.641346 0.043822 0.628846 0.040948 0.619231 0.043822 0.598077 0.057471 0.583654 0.076149 0.577885 0.093391 0.577885 0.123563 0.585577 0.138649 0.601923 0.142960 0.611538 0.144397 0.623077 0.141523 0.638462 0.135776 0.650000 0.130747 0.656731 0.119253 0.664423
0 0.613506 0.906731 0.600575 0.904808 0.587644 0.897115 0.578305 0.884615 0.575431 0.871154 0.576868 0.851923 0.579741 0.846154 0.584052 0.819231 0.596264 0.804808 0.609195 0.799038 0.616379 0.799038 0.632902 0.809615 0.648707 0.846154 0.651580 0.859615 0.650144 0.875000 0.640805 0.891346 0.623563 0.904808 0.613506 0.906731
0 0.364943 0.731731 0.344828 0.729808 0.336207 0.724038 0.330460 0.724038 0.317529 0.714423 0.306753 0.696154 0.306753 0.686538 0.309626 0.678846 0.314655 0.672115 0.326149 0.664423 0.346264 0.658654 0.363506 0.662500 0.385057 0.677885 0.394397 0.690385 0.394397 0.711538 0.387931 0.724038 0.364943 0.731731
0 0.983477 0.000000 0.972701 0.014423 0.959052 0.000000
0 0.119253 0.816346 0.111351 0.815385 0.109914 0.807692 0.113506 0.800962 0.117816 0.800962 0.121408 0.805769 0.121408 0.813462 0.119253 0.816346
0 0.844828 0.814423 0.838362 0.811538 0.840517 0.804808 0.846264 0.804808 0.848420 0.807692 0.848420 0.811538 0.844828 0.814423
0 0.173851 0.258654 0.168822 0.251923 0.170977 0.247115 0.175287 0.247115 0.177443 0.251923 0.177443 0.255769 0.173851 0.258654
0 0.870690 0.710577 0.856322 0.710577 0.845546 0.698077 0.842672 0.690385 0.842672 0.675000 0.845546 0.667308 0.857759 0.650962 0.885057 0.629808 0.902299 0.624038 0.915230 0.629808 0.921695 0.644231 0.921695 0.653846 0.917385 0.667308 0.899425 0.687500 0.880747 0.704808 0.870690 0.710577
0 0.349138 0.370192 0.336207 0.366346 0.329741 0.355769 0.329741 0.325000 0.332615 0.311538 0.363506 0.270192 0.383621 0.262500 0.392241 0.266346 0.398707 0.276923 0.400144 0.284615 0.394397 0.307692 0.384339 0.323077 0.391523 0.328846 0.391523 0.334615 0.383621 0.341346 0.372126 0.345192 0.357759 0.364423 0.349138 0.370192
0 0.160920 0.089423 0.153736 0.089423 0.150144 0.084615 0.150144 0.076923 0.152299 0.074038 0.161638 0.076923 0.160920 0.089423
0 0.142241 0.241346 0.126437 0.241346 0.117816 0.233654 0.104885 0.229808 0.091954 0.218269 0.084052 0.207692 0.079741 0.194231 0.081178 0.161538 0.084770 0.162500 0.094828 0.154808 0.117816 0.154808 0.140805 0.168269 0.147989 0.175962 0.160201 0.198077 0.161638 0.215385 0.160201 0.225000 0.150862 0.237500 0.142241 0.241346
0 0.000000 0.649038 0.007184 0.639423 0.035920 0.639423 0.043103 0.647115 0.056034 0.650962 0.067529 0.658654 0.075431 0.676923 0.072557 0.690385 0.065374 0.701923 0.058908 0.708654 0.047414 0.714423 0.022989 0.714423 0.000000 0.704808
0 0.617098 0.998077 0.624282 0.969231 0.630747 0.958654 0.637931 0.954808 0.650862 0.958654 0.659483 0.966346 0.668822 0.984615 0.670259 0.998077
0 0.435345 0.131731 0.420977 0.129808 0.411638 0.121154 0.405891 0.103846 0.408764 0.080769 0.421695 0.053846 0.442529 0.027885 0.455460 0.018269 0.468391 0.018269 0.479167 0.030769 0.483477 0.042308 0.483477 0.063462 0.479167 0.082692 0.470546 0.100000 0.459770 0.114423 0.445402 0.127885 0.435345 0.131731
0 0.464080 0.524038 0.439655 0.516346 0.433908 0.510577 0.421695 0.490385 0.421695 0.471154 0.430316 0.448077 0.433190 0.432692 0.443966 0.418269 0.459770 0.408654 0.471264 0.406731 0.484195 0.412500 0.499282 0.436538 0.503592 0.450000 0.503592 0.469231 0.489224 0.500000 0.479885 0.512500 0.464080 0.524038
0 0.558908 0.864423 0.545977 0.864423 0.537356 0.860577 0.526580 0.846154 0.516523 0.825000 0.516523 0.817308 0.510776 0.796154 0.509339 0.771154 0.516523 0.746154 0.528736 0.729808 0.540230 0.729808 0.547414 0.735577 0.566810 0.767308 0.573994 0.786538 0.575431 0.840385 0.569684 0.853846 0.558908 0.864423
0 0.272989 0.316346 0.258621 0.316346 0.250718 0.309615 0.249282 0.288462 0.252155 0.282692 0.262931 0.270192 0.280172 0.262500 0.284483 0.256731 0.294540 0.250962 0.303161 0.249038 0.313218 0.252885 0.319684 0.263462 0.319684 0.276923 0.316810 0.284615 0.300287 0.302885 0.272989 0.316346
0 0.191092 0.135577 0.182471 0.135577 0.164511 0.117308 0.161638 0.078846 0.178161 0.050962 0.189655 0.045192 0.209770 0.045192 0.229885 0.056731 0.236351 0.067308 0.236351 0.086538 0.233477 0.094231 0.209770 0.125962 0.191092 0.135577
0 0.080460 0.170192 0.073994 0.169231 0.074713 0.160577 0.081178 0.161538 0.080460 0.170192
0 0.943247 0.000000 0.943247 0.017308 0.937500 0.025000 0.936063 0.034615 0.926724 0.045192 0.918103 0.045192 0.908046 0.037500 0.897270 0.023077 0.890086 0.000000
0 0.931034 0.545192 0.912356 0.539423 0.900144 0.523077 0.900144 0.500000 0.903017 0.490385 0.920977 0.462500 0.932471 0.454808 0.943966 0.441346 0.958333 0.433654 0.978448 0.435577 0.987787 0.446154 0.992098 0.457692 0.990661 0.488462 0.986351 0.500000 0.965517 0.527885 0.942529 0.543269 0.931034 0.545192
0 0.090517 0.312500 0.079023 0.312500 0.064655 0.300962 0.045259 0.271154 0.040948 0.257692 0.028017 0.232692 0.022270 0.211538 0.022270 0.194231 0.033046 0.175962 0.048851 0.177885 0.069684 0.205769 0.071121 0.215385 0.084052 0.250000 0.088362 0.255769 0.098420 0.288462 0.096983 0.305769 0.090517 0.312500
0 0.748563 0.231731 0.737069 0.231731 0.728448 0.227885 0.717672 0.215385 0.714799 0.188462 0.723420 0.167308 0.741379 0.150962 0.764368 0.143269 0.783046 0.143269 0.798851 0.150962 0.808190 0.163462 0.809626 0.169231 0.809626 0.182692 0.806753 0.190385 0.797414 0.202885 0.777299 0.220192 0.748563 0.231731
0 0.722701 0.881731 0.714080 0.881731 0.701149 0.875962 0.681753 0.851923 0.671695 0.817308 0.671695 0.805769 0.679598 0.791346 0.686782 0.787500 0.704023 0.787500 0.715517 0.795192 0.724856 0.807692 0.729167 0.825000 0.739224 0.848077 0.739224 0.867308 0.732759 0.877885 0.722701 0.881731
0 0.000000 0.302885 0.010057 0.308654 0.028736 0.325962 0.038075 0.338462 0.046695 0.363462 0.045259 0.380769 0.035920 0.393269 0.031609 0.395192 0.012931 0.393269 0.000000 0.383654
0 0.625718 0.000000 0.637213 0.015385 0.640086 0.023077 0.641523 0.084615 0.637213 0.101923 0.629310 0.112500 0.616379 0.120192 0.609195 0.120192 0.596264 0.114423 0.584052 0.100000 0.572557 0.075000 0.572557 0.048077 0.578305 0.030769 0.591954 0.008654 0.602730 0.000000
0 0.073276 0.845192 0.050287 0.843269 0.034483 0.833654 0.026580 0.823077 0.025144 0.801923 0.033046 0.787500 0.058908 0.772115 0.084770 0.770192 0.100575 0.777885 0.108477 0.788462 0.112787 0.801923 0.109914 0.807692 0.111351 0.813462 0.104167 0.826923 0.089080 0.839423 0.073276 0.845192
0 0.517241 0.264423 0.501437 0.262500 0.489943 0.256731 0.482040 0.244231 0.476293 0.221154 0.479167 0.200000 0.484914 0.188462 0.501437 0.174038 0.514368 0.170192 0.525862 0.172115 0.535201 0.184615 0.540948 0.230769 0.538075 0.246154 0.531609 0.254808 0.517241 0.264423
0 0.366379 0.891346 0.350575 0.891346 0.334052 0.876923 0.329741 0.861538 0.334052 0.844231 0.344828 0.829808 0.367816 0.812500 0.402299 0.810577 0.412356 0.816346 0.418822 0.825000 0.421695 0.834615 0.421695 0.850000 0.417385 0.857692 0.395115 0.879808 0.366379 0.891346
0 0.916667 0.741346 0.902299 0.741346 0.900144 0.738462 0.892960 0.717308 0.892960 0.700000 0.895833 0.694231 0.918103 0.666346 0.925287 0.664423 0.933908 0.654808 0.951149 0.643269 0.969828 0.645192 0.976293 0.659615 0.976293 0.671154 0.967672 0.692308 0.945402 0.722115 0.929598 0.733654 0.928161 0.737500 0.916667 0.741346
0 0.721264 0.566346 0.712644 0.566346 0.703305 0.555769 0.703305 0.509615 0.719828 0.487500 0.728448 0.483654 0.741379 0.472115 0.752874 0.466346 0.770115 0.466346 0.778017 0.480769 0.775144 0.496154 0.748563 0.525962 0.734914 0.550000 0.721264 0.566346
0 0.913793 0.116346 0.880747 0.108654 0.859195 0.093269 0.852730 0.084615 0.846983 0.069231 0.846983 0.055769 0.851293 0.040385 0.856322 0.033654 0.866379 0.027885 0.885057 0.027885 0.893678 0.031731 0.905172 0.047115 0.923851 0.062500 0.934626 0.076923 0.937500 0.096154 0.928161 0.110577 0.913793 0.116346
0 0.560345 0.499038 0.547414 0.497115 0.538075 0.484615 0.538075 0.465385 0.555316 0.425000 0.576149 0.400962 0.593391 0.387500 0.612069 0.379808 0.629310 0.381731 0.637213 0.394231 0.637213 0.403846 0.632902 0.413462 0.608477 0.444231 0.604167 0.457692 0.586207 0.483654 0.560345 0.499038
