0 0.718750 0.908203 0.683594 0.900391 0.681641 0.875000 0.693359 0.851562 0.714844 0.830078 0.738281 0.826172 0.750000 0.830078 0.763672 0.847656 0.763672 0.886719 0.753906 0.900391 0.730469 0.900391 0.718750 0.908203
0 0.925781 0.943359 0.875000 0.939453 0.865234 0.929688 0.869141 0.910156 0.857422 0.902344 0.861328 0.890625 0.853516 0.886719 0.878906 0.853516 0.906250 0.853516 0.947266 0.886719 0.947266 0.921875 0.925781 0.943359
0 0.746094 0.744141 0.722656 0.716797 0.697266 0.714844 0.705078 0.691406 0.718750 0.677734 0.757812 0.677734 0.767578 0.687500 0.767578 0.714844 0.755859 0.738281 0.746094 0.744141
0 0.160156 0.767578 0.136719 0.763672 0.119141 0.746094 0.119141 0.722656 0.144531 0.705078 0.171875 0.705078 0.197266 0.722656 0.197266 0.750000 0.160156 0.767578
0 0.269531 0.626953 0.246094 0.626953 0.216797 0.605469 0.212891 0.570312 0.226562 0.556641 0.265625 0.552734 0.283203 0.570312 0.291016 0.585938 0.291016 0.605469 0.269531 0.626953
0 0.843750 0.716797 0.816406 0.716797 0.798828 0.699219 0.794922 0.656250 0.804688 0.638672 0.828125 0.642578 0.865234 0.671875 0.865234 0.695312 0.843750 0.716797
0 0.791016 0.000000 0.794922 0.019531 0.789062 0.025391 0.753906 0.025391 0.734375 0.041016 0.718750 0.041016 0.712891 0.035156 0.712891 0.007812 0.720703 0.000000
0 0.148438 0.994141 0.117188 0.986328 0.095703 0.953125 0.099609 0.929688 0.125000 0.908203 0.167969 0.912109 0.189453 0.933594 0.181641 0.972656 0.167969 0.986328 0.148438 0.994141
0 0.660156 0.462891 0.640625 0.462891 0.623047 0.449219 0.619141 0.429688 0.625000 0.416016 0.652344 0.416016 0.669922 0.429688 0.673828 0.445312 0.669922 0.457031 0.660156 0.462891
0 0.632812 0.900391 0.609375 0.888672 0.591797 0.863281 0.595703 0.832031 0.621094 0.810547 0.640625 0.818359 0.662109 0.839844 0.666016 0.859375 0.662109 0.875000 0.632812 0.900391
0 0.375000 0.611328 0.343750 0.607422 0.322266 0.589844 0.318359 0.578125 0.326172 0.546875 0.351562 0.529297 0.382812 0.533203 0.404297 0.558594 0.404297 0.582031 0.375000 0.611328
0 0.691406 0.572266 0.613281 0.552734 0.603516 0.539062 0.603516 0.527344 0.615234 0.511719 0.615234 0.500000 0.632812 0.494141 0.671875 0.494141 0.691406 0.505859 0.708984 0.546875 0.701172 0.566406 0.691406 0.572266
0 0.958984 0.996094 0.964844 0.982422 0.996094 0.974609
0 0.611328 0.996094 0.595703 0.976562 0.595703 0.957031 0.599609 0.945312 0.617188 0.931641 0.636719 0.931641 0.666016 0.957031 0.669922 0.976562 0.654297 0.996094
0 0.910156 0.455078 0.878906 0.451172 0.865234 0.437500 0.861328 0.390625 0.871094 0.380859 0.914062 0.380859 0.923828 0.390625 0.931641 0.406250 0.931641 0.437500 0.910156 0.455078
0 0.501953 0.996094 0.515625 0.982422 0.535156 0.982422 0.548828 0.996094
0 0.765625 0.791016 0.738281 0.791016 0.732422 0.781250 0.740234 0.773438 0.740234 0.753906 0.755859 0.738281 0.759766 0.722656 0.765625 0.716797 0.781250 0.716797 0.802734 0.730469 0.806641 0.757812 0.765625 0.791016
0 0.617188 0.759766 0.605469 0.755859 0.583984 0.734375 0.583984 0.699219 0.591797 0.679688 0.609375 0.666016 0.640625 0.666016 0.666016 0.703125 0.658203 0.710938 0.662109 0.726562 0.652344 0.751953 0.617188 0.759766
0 0.566406 0.908203 0.519531 0.908203 0.509766 0.898438 0.509766 0.890625 0.498047 0.878906 0.498047 0.859375 0.515625 0.837891 0.550781 0.837891 0.587891 0.863281 0.587891 0.886719 0.566406 0.908203
0 0.957031 0.533203 0.919922 0.515625 0.923828 0.492188 0.945312 0.462891 0.968750 0.466797 0.990234 0.496094 0.982422 0.519531 0.957031 0.533203
0 0.816406 0.978516 0.792969 0.970703 0.771484 0.949219 0.771484 0.941406 0.783203 0.917969 0.783203 0.902344 0.796875 0.888672 0.835938 0.884766 0.857422 0.921875 0.849609 0.941406 0.841797 0.945312 0.837891 0.964844 0.816406 0.978516
0 0.705078 0.996094 0.712891 0.964844 0.726562 0.955078 0.761719 0.966797 0.771484 0.988281 0.783203 0.996094
0 0.937500 0.669922 0.910156 0.669922 0.892578 0.656250 0.878906 0.634766 0.851562 0.634766 0.841797 0.625000 0.845703 0.601562 0.851562 0.595703 0.953125 0.587891 0.970703 0.609375 0.970703 0.625000 0.958984 0.648438 0.937500 0.669922
0 0.441406 0.818359 0.421875 0.814453 0.412109 0.804688 0.408203 0.781250 0.417969 0.763672 0.453125 0.755859 0.474609 0.777344 0.474609 0.792969 0.441406 0.818359
0 0.828125 0.837891 0.785156 0.837891 0.779297 0.832031 0.775391 0.781250 0.785156 0.771484 0.808594 0.763672 0.843750 0.763672 0.849609 0.769531 0.857422 0.785156 0.857422 0.816406 0.828125 0.837891
0 0.546875 0.615234 0.523438 0.615234 0.494141 0.597656 0.498047 0.574219 0.515625 0.537109 0.546875 0.537109 0.572266 0.558594 0.572266 0.597656 0.546875 0.615234
0 0.673828 0.000000 0.677734 0.035156 0.644531 0.068359 0.625000 0.068359 0.603516 0.046875 0.603516 0.007812 0.611328 0.000000
0 0.714844 0.802734 0.687500 0.802734 0.666016 0.761719 0.666016 0.738281 0.679688 0.708984 0.695312 0.708984 0.699219 0.716797 0.722656 0.716797 0.744141 0.746094 0.740234 0.773438 0.714844 0.802734
0 0.707031 0.423828 0.683594 0.419922 0.662109 0.382812 0.666016 0.355469 0.673828 0.343750 0.695312 0.333984 0.714844 0.337891 0.740234 0.375000 0.736328 0.410156 0.707031 0.423828
0 0.773438 0.583984 0.746094 0.580078 0.728516 0.558594 0.732422 0.539062 0.746094 0.521484 0.765625 0.521484 0.783203 0.539062 0.783203 0.570312 0.773438 0.583984
0 0.546875 0.693359 0.539062 0.693359 0.509766 0.664062 0.509766 0.648438 0.519531 0.634766 0.542969 0.638672 0.560547 0.652344 0.560547 0.679688 0.546875 0.693359
0 0.464844 0.607422 0.449219 0.603516 0.423828 0.578125 0.423828 0.546875 0.445312 0.521484 0.492188 0.517578 0.505859 0.535156 0.505859 0.550781 0.486328 0.597656 0.464844 0.607422
0 0.589844 0.517578 0.578125 0.513672 0.552734 0.488281 0.556641 0.457031 0.578125 0.443359 0.601562 0.447266 0.611328 0.464844 0.611328 0.496094 0.601562 0.498047 0.589844 0.517578
0 0.996094 0.974609 0.957031 0.986328 0.939453 0.972656 0.939453 0.953125 0.957031 0.935547 0.976562 0.927734 0.996094 0.939453
0 0.492188 0.943359 0.453125 0.939453 0.435547 0.921875 0.435547 0.906250 0.423828 0.882812 0.453125 0.845703 0.468750 0.845703 0.492188 0.857422 0.498047 0.863281 0.498047 0.878906 0.517578 0.906250 0.492188 0.943359
0 0.546875 0.806641 0.511719 0.806641 0.501953 0.796875 0.498047 0.761719 0.476562 0.751953 0.458984 0.734375 0.458984 0.714844 0.472656 0.701172 0.500000 0.701172 0.513672 0.714844 0.513672 0.738281 0.544922 0.753906 0.552734 0.765625 0.552734 0.800781 0.546875 0.806641
0 0.894531 0.572266 0.839844 0.572266 0.833984 0.566406 0.830078 0.519531 0.839844 0.505859 0.859375 0.494141 0.882812 0.494141 0.908203 0.515625 0.912109 0.554688 0.894531 0.572266
0 0.246094 0.908203 0.214844 0.908203 0.193359 0.890625 0.189453 0.875000 0.193359 0.847656 0.226562 0.822266 0.253906 0.826172 0.275391 0.855469 0.271484 0.886719 0.246094 0.908203
0 0.765625 0.091797 0.742188 0.091797 0.736328 0.085938 0.728516 0.066406 0.728516 0.042969 0.753906 0.025391 0.792969 0.021484 0.806641 0.039062 0.806641 0.062500 0.785156 0.083984 0.765625 0.091797
0 0.371094 0.736328 0.347656 0.732422 0.322266 0.703125 0.326172 0.675781 0.351562 0.654297 0.378906 0.654297 0.404297 0.691406 0.400391 0.714844 0.371094 0.736328
0 0.800781 0.474609 0.773438 0.474609 0.755859 0.457031 0.751953 0.441406 0.755859 0.421875 0.777344 0.400391 0.820312 0.419922 0.826172 0.433594 0.822266 0.460938 0.800781 0.474609
0 0.968750 0.775391 0.902344 0.767578 0.876953 0.742188 0.876953 0.710938 0.898438 0.689453 0.937500 0.685547 0.957031 0.689453 0.990234 0.726562 0.990234 0.753906 0.968750 0.775391
0 0.144531 0.576172 0.117188 0.572266 0.103516 0.558594 0.095703 0.539062 0.107422 0.503906 0.125000 0.490234 0.148438 0.490234 0.167969 0.501953 0.185547 0.527344 0.173828 0.562500 0.144531 0.576172
0 0.726562 0.666016 0.679688 0.666016 0.662109 0.648438 0.660156 0.619141 0.648438 0.626953 0.605469 0.626953 0.587891 0.613281 0.583984 0.589844 0.593750 0.580078 0.625000 0.568359 0.658203 0.593750 0.664062 0.611328 0.679688 0.595703 0.734375 0.599609 0.751953 0.613281 0.751953 0.644531 0.726562 0.666016
0 0.890625 0.845703 0.878906 0.845703 0.869141 0.835938 0.861328 0.816406 0.869141 0.796875 0.902344 0.779297 0.925781 0.779297 0.947266 0.796875 0.947266 0.828125 0.925781 0.841797 0.890625 0.845703
0 0.996094 0.236328 0.982422 0.230469 0.982422 0.203125 0.996094 0.197266
0 0.373047 0.996094 0.361328 0.988281 0.353516 0.964844 0.357422 0.929688 0.371094 0.916016 0.410156 0.919922 0.435547 0.941406 0.431641 0.980469 0.419922 0.996094
0 0.996094 0.490234 0.990234 0.488281 0.990234 0.460938 0.972656 0.458984 0.955078 0.441406 0.951172 0.414062 0.953125 0.376953 0.972656 0.365234 0.996094 0.369141
0 0.265625 0.779297 0.230469 0.775391 0.216797 0.757812 0.220703 0.726562 0.250000 0.705078 0.273438 0.716797 0.287109 0.734375 0.287109 0.765625 0.265625 0.779297
