0 0.784483 0.635577 0.775862 0.635577 0.770115 0.629808 0.764368 0.629808 0.746408 0.611538 0.744971 0.603846 0.740661 0.598077 0.736351 0.578846 0.737787 0.555769 0.744253 0.547115 0.772989 0.547115 0.790230 0.560577 0.799569 0.575000 0.803879 0.594231 0.803879 0.617308 0.793103 0.633654 0.784483 0.635577
0 0.948276 0.460577 0.935345 0.456731 0.920977 0.443269 0.918103 0.443269 0.895833 0.401923 0.894397 0.380769 0.897270 0.369231 0.905172 0.356731 0.915230 0.349038 0.928161 0.347115 0.938218 0.350962 0.944684 0.355769 0.957615 0.376923 0.959052 0.401923 0.966236 0.428846 0.966236 0.442308 0.959770 0.454808 0.948276 0.460577
0 0.488506 0.716346 0.479885 0.716346 0.474856 0.709615 0.474856 0.696154 0.497126 0.675962 0.504310 0.674038 0.511494 0.677885 0.515086 0.684615 0.515086 0.694231 0.504310 0.706731 0.488506 0.716346
0 0.609195 0.866346 0.597701 0.864423 0.588362 0.855769 0.585489 0.815385 0.591236 0.807692 0.591236 0.798077 0.597701 0.789423 0.632184 0.793269 0.638649 0.800000 0.642960 0.811538 0.642960 0.823077 0.627874 0.856731 0.609195 0.866346
0 0.125000 0.125962 0.113506 0.124038 0.106322 0.116346 0.099138 0.114423 0.088362 0.100000 0.082615 0.078846 0.081178 0.046154 0.084052 0.034615 0.091954 0.022115 0.106322 0.012500 0.119253 0.012500 0.133621 0.024038 0.147270 0.042308 0.153017 0.063462 0.153017 0.088462 0.148707 0.100000 0.133621 0.120192 0.125000 0.125962
0 0.403017 0.000000 0.403017 0.005769 0.400144 0.009615 0.389368 0.018269 0.364943 0.018269 0.356322 0.012500 0.349856 0.003846 0.349856 0.000000
0 0.209770 0.641346 0.204741 0.638462 0.204741 0.630769 0.206897 0.627885 0.213362 0.630769 0.213362 0.636538 0.209770 0.641346
0 0.908046 0.595192 0.900144 0.588462 0.903736 0.579808 0.910201 0.584615 0.910201 0.592308 0.908046 0.595192
0 0.998563 0.681731 0.992098 0.676923 0.992098 0.671154 0.998563 0.666346
0 0.865661 0.998077 0.861351 0.992308 0.855603 0.971154 0.855603 0.948077 0.861351 0.923077 0.876437 0.900962 0.886494 0.891346 0.916667 0.889423 0.933908 0.899038 0.940374 0.907692 0.941810 0.928846 0.934626 0.951923 0.924569 0.965385 0.913075 0.998077
0 0.760776 0.000000 0.780172 0.018269 0.792385 0.034615 0.792385 0.046154 0.784483 0.058654 0.761494 0.058654 0.752874 0.052885 0.735632 0.050962 0.706897 0.037500 0.693247 0.017308 0.693247 0.007692 0.697557 0.000000
0 0.544540 0.774038 0.537356 0.774038 0.526580 0.761538 0.528017 0.734615 0.536638 0.715385 0.553161 0.693269 0.557471 0.691346 0.580460 0.685577 0.599138 0.693269 0.604167 0.700000 0.608477 0.715385 0.608477 0.728846 0.601293 0.742308 0.583333 0.762500 0.568966 0.766346 0.564655 0.770192 0.544540 0.774038
0 0.998563 0.737500 0.991379 0.739423 0.976293 0.713462 0.970546 0.707692 0.969109 0.701923 0.960489 0.692308 0.954741 0.680769 0.951868 0.663462 0.955460 0.658654 0.985632 0.664423 0.989224 0.669231 0.989224 0.678846 0.998563 0.691346
0 0.755747 0.387500 0.742816 0.387500 0.732040 0.376923 0.727730 0.357692 0.727730 0.332692 0.730603 0.313462 0.736351 0.298077 0.742816 0.289423 0.754310 0.279808 0.767241 0.279808 0.771552 0.283654 0.781609 0.285577 0.798851 0.302885 0.803879 0.313462 0.805316 0.328846 0.802443 0.340385 0.794540 0.352885 0.774425 0.366346 0.761494 0.383654 0.755747 0.387500
0 0.353448 0.397115 0.330460 0.395192 0.324713 0.391346 0.313937 0.375000 0.313937 0.355769 0.319684 0.340385 0.319684 0.334615 0.326868 0.315385 0.343391 0.295192 0.366379 0.297115 0.382184 0.302885 0.392960 0.315385 0.394397 0.321154 0.394397 0.353846 0.388649 0.367308 0.370690 0.389423 0.353448 0.397115
0 0.465517 0.664423 0.459770 0.664423 0.454741 0.657692 0.454741 0.646154 0.459770 0.639423 0.478448 0.625962 0.489943 0.625962 0.496408 0.632692 0.496408 0.646154 0.492816 0.650962 0.465517 0.664423
0 0.162356 0.395192 0.151580 0.390385 0.147270 0.382692 0.145833 0.373077 0.147270 0.348077 0.151580 0.330769 0.157328 0.323077 0.157328 0.317308 0.186782 0.277885 0.202586 0.268269 0.219828 0.270192 0.226293 0.282692 0.226293 0.301923 0.213362 0.342308 0.186063 0.380769 0.183908 0.387500 0.162356 0.395192
0 0.998563 0.147115 0.987069 0.164423 0.972701 0.162500 0.966954 0.154808 0.962644 0.154808 0.954023 0.162500 0.943966 0.162500 0.934626 0.148077 0.928879 0.126923 0.927443 0.090385 0.930316 0.078846 0.938218 0.068269 0.951149 0.058654 0.968391 0.060577 0.974138 0.064423 0.992098 0.088462 0.992098 0.098077 0.998563 0.122115
0 0.688218 0.893269 0.678161 0.893269 0.662356 0.887500 0.654454 0.876923 0.650144 0.861538 0.645833 0.828846 0.657328 0.798077 0.665230 0.789423 0.676724 0.791346 0.681753 0.801923 0.684626 0.823077 0.692529 0.833654 0.699713 0.833654 0.705460 0.837500 0.711925 0.848077 0.711925 0.857692 0.707615 0.875000 0.696839 0.891346 0.688218 0.893269
0 0.727011 0.731731 0.719828 0.731731 0.706897 0.724038 0.676006 0.682692 0.668822 0.657692 0.668822 0.650000 0.670259 0.642308 0.679598 0.627885 0.695402 0.627885 0.704023 0.633654 0.721264 0.650962 0.733477 0.669231 0.740661 0.688462 0.742098 0.711538 0.737787 0.723077 0.727011 0.731731
0 0.196839 0.035577 0.189655 0.035577 0.187500 0.030769 0.191092 0.025962 0.196839 0.025962 0.198994 0.028846 0.196839 0.035577
0 0.951149 0.622115 0.939655 0.622115 0.931753 0.611538 0.927443 0.586538 0.928879 0.557692 0.940374 0.523077 0.954023 0.502885 0.964080 0.495192 0.981322 0.493269 0.990661 0.501923 0.994971 0.523077 0.996408 0.540385 0.993534 0.555769 0.984914 0.575000 0.984914 0.580769 0.971983 0.600000 0.970546 0.605769 0.959770 0.618269 0.951149 0.622115
0 0.218391 0.764423 0.204023 0.764423 0.186063 0.746154 0.183190 0.732692 0.183190 0.713462 0.186063 0.707692 0.186063 0.700000 0.198276 0.681731 0.209770 0.670192 0.224138 0.664423 0.234195 0.670192 0.243534 0.688462 0.244971 0.728846 0.240661 0.744231 0.235632 0.752885 0.231322 0.758654 0.218391 0.764423
0 0.000000 0.360577 0.008621 0.360577 0.020115 0.368269 0.033046 0.379808 0.044540 0.385577 0.052443 0.396154 0.051006 0.415385 0.035920 0.435577 0.018678 0.447115 0.008621 0.447115 0.000000 0.443269
0 0.188218 0.141346 0.163793 0.141346 0.155172 0.135577 0.148707 0.126923 0.145833 0.119231 0.145833 0.103846 0.153017 0.088462 0.153017 0.078846 0.182471 0.047115 0.189655 0.047115 0.198276 0.041346 0.208333 0.039423 0.221264 0.041346 0.231322 0.049038 0.246408 0.075000 0.247845 0.084615 0.244971 0.100000 0.227011 0.131731 0.206897 0.139423 0.188218 0.141346
0 0.000000 0.306731 0.028736 0.306731 0.034483 0.312500 0.057471 0.322115 0.071121 0.340385 0.071121 0.351923 0.061782 0.383654 0.041667 0.385577 0.010057 0.362500 0.000000 0.349038
0 0.341954 0.720192 0.329023 0.720192 0.320402 0.714423 0.309626 0.696154 0.305316 0.675000 0.308190 0.626923 0.319684 0.601923 0.331897 0.589423 0.350575 0.589423 0.359195 0.595192 0.368534 0.611538 0.371408 0.628846 0.371408 0.655769 0.362787 0.686538 0.355603 0.703846 0.341954 0.720192
0 0.000000 0.597115 0.006466 0.601923 0.010776 0.611538 0.009339 0.632692 0.004310 0.641346 0.000000 0.643269
0 0.872126 0.562500 0.856322 0.560577 0.852730 0.555769 0.834052 0.501923 0.834052 0.480769 0.841236 0.455769 0.850575 0.441346 0.859195 0.435577 0.866379 0.435577 0.869253 0.439423 0.876437 0.441346 0.890086 0.459615 0.895833 0.476923 0.895833 0.515385 0.890086 0.532692 0.872126 0.562500
0 0.618534 0.998077 0.618534 0.980769 0.621408 0.965385 0.631466 0.940385 0.652299 0.914423 0.662356 0.908654 0.668103 0.908654 0.682471 0.912500 0.686063 0.917308 0.691810 0.936538 0.687500 0.965385 0.673132 0.998077
0 0.577586 0.966346 0.566092 0.966346 0.556753 0.957692 0.555316 0.944231 0.561063 0.930769 0.561063 0.921154 0.553161 0.910577 0.548851 0.910577 0.543822 0.905769 0.543822 0.888462 0.556034 0.874038 0.590517 0.866346 0.597701 0.870192 0.615661 0.888462 0.619971 0.900000 0.618534 0.921154 0.610632 0.939423 0.577586 0.966346
0 0.344828 0.927885 0.313218 0.927885 0.304598 0.924038 0.288793 0.908654 0.279454 0.894231 0.279454 0.871154 0.288793 0.858654 0.301724 0.852885 0.346264 0.854808 0.366379 0.868269 0.374282 0.878846 0.377155 0.890385 0.375718 0.903846 0.369253 0.914423 0.356322 0.924038 0.344828 0.927885
0 0.416667 0.495192 0.400862 0.493269 0.391523 0.482692 0.391523 0.465385 0.395833 0.455769 0.395833 0.450000 0.408046 0.433654 0.422414 0.422115 0.441092 0.422115 0.452586 0.425962 0.459052 0.436538 0.460489 0.450000 0.451868 0.475000 0.445402 0.481731 0.423851 0.489423 0.416667 0.495192
0 0.247845 0.998077 0.224856 0.967308 0.219109 0.951923 0.223420 0.926923 0.237069 0.916346 0.272989 0.918269 0.285920 0.924038 0.297414 0.935577 0.300287 0.935577 0.316810 0.965385 0.316810 0.976923 0.312500 0.988462 0.303879 0.998077
0 0.818966 0.254808 0.785920 0.252885 0.750000 0.229808 0.743534 0.221154 0.737787 0.205769 0.736351 0.175000 0.739224 0.165385 0.752874 0.152885 0.767241 0.150962 0.790230 0.160577 0.830460 0.191346 0.838362 0.201923 0.844109 0.215385 0.844109 0.228846 0.841236 0.238462 0.833333 0.249038 0.818966 0.254808
0 0.487069 0.370192 0.478448 0.370192 0.465517 0.362500 0.444684 0.336538 0.423132 0.300000 0.415948 0.276923 0.415948 0.242308 0.423851 0.229808 0.431034 0.225962 0.442529 0.225962 0.454023 0.233654 0.477730 0.265385 0.477730 0.269231 0.496408 0.296154 0.502155 0.326923 0.505029 0.332692 0.505029 0.348077 0.503592 0.353846 0.494253 0.366346 0.487069 0.370192
0 0.478448 0.262500 0.475575 0.262500 0.450431 0.230769 0.450431 0.221154 0.447557 0.213462 0.447557 0.182692 0.451868 0.159615 0.460489 0.140385 0.468391 0.133654 0.484195 0.133654 0.497126 0.145192 0.510776 0.169231 0.513649 0.188462 0.509339 0.228846 0.505029 0.240385 0.491379 0.256731 0.478448 0.262500
0 0.785201 0.998077 0.791667 0.993269 0.803161 0.993269 0.811063 0.998077
0 0.998563 0.122115 0.992098 0.098077 0.992098 0.084615 0.998563 0.064423
0 0.366379 0.558654 0.357759 0.558654 0.346264 0.550962 0.336925 0.538462 0.329741 0.513462 0.331178 0.498077 0.347701 0.475962 0.362069 0.475962 0.383621 0.485577 0.389368 0.489423 0.397270 0.501923 0.397270 0.517308 0.392960 0.530769 0.380747 0.550962 0.366379 0.558654
0 0.682471 0.424038 0.672414 0.424038 0.660201 0.413462 0.660201 0.407692 0.653017 0.388462 0.650144 0.367308 0.651580 0.323077 0.658764 0.300000 0.668103 0.289423 0.675287 0.289423 0.684626 0.298077 0.694684 0.321154 0.703305 0.355769 0.703305 0.375000 0.700431 0.392308 0.691810 0.413462 0.682471 0.424038
0 0.122845 0.998077 0.124282 0.992308 0.132184 0.983654 0.147989 0.985577 0.165948 0.998077
0 0.178161 0.624038 0.163793 0.622115 0.148707 0.598077 0.147270 0.586538 0.147270 0.563462 0.154454 0.542308 0.154454 0.536538 0.160201 0.523077 0.170977 0.512500 0.181034 0.512500 0.189655 0.518269 0.197557 0.530769 0.194684 0.571154 0.196121 0.586538 0.193247 0.590385 0.191810 0.605769 0.178161 0.624038
