0 0.354885 0.583654 0.352011 0.583654 0.349856 0.578846 0.356322 0.570192 0.358477 0.576923 0.354885 0.583654
0 0.433908 0.645192 0.405172 0.645192 0.389368 0.635577 0.372845 0.613462 0.368534 0.596154 0.362787 0.584615 0.362787 0.576923 0.366379 0.572115 0.389368 0.564423 0.425287 0.564423 0.441092 0.570192 0.453305 0.590385 0.454741 0.625000 0.443966 0.641346 0.433908 0.645192
0 0.045977 0.960577 0.039511 0.955769 0.041667 0.947115 0.048132 0.951923 0.045977 0.960577
0 0.877874 0.537500 0.872126 0.537500 0.868534 0.532692 0.867098 0.521154 0.869253 0.518269 0.875000 0.516346 0.882902 0.523077 0.882902 0.530769 0.877874 0.537500
0 0.856322 0.499038 0.849138 0.493269 0.843391 0.493269 0.830460 0.481731 0.818247 0.465385 0.813937 0.453846 0.811063 0.423077 0.816810 0.407692 0.827586 0.397115 0.850575 0.393269 0.857759 0.399038 0.868534 0.413462 0.878592 0.440385 0.878592 0.469231 0.863506 0.485577 0.856322 0.499038
0 0.626437 0.335577 0.614943 0.329808 0.607040 0.317308 0.607040 0.284615 0.611351 0.273077 0.626437 0.252885 0.647989 0.239423 0.670977 0.235577 0.681034 0.241346 0.687500 0.253846 0.687500 0.267308 0.676006 0.294231 0.666667 0.308654 0.647989 0.324038 0.643678 0.331731 0.633621 0.331731 0.626437 0.335577
0 0.257184 0.497115 0.231322 0.493269 0.219828 0.481731 0.216954 0.481731 0.206178 0.467308 0.206178 0.461538 0.200431 0.446154 0.200431 0.436538 0.204741 0.405769 0.206897 0.402885 0.224138 0.391346 0.231322 0.395192 0.237069 0.393269 0.242098 0.398077 0.247845 0.413462 0.257902 0.423077 0.266523 0.440385 0.269397 0.467308 0.266523 0.484615 0.257184 0.497115
0 0.242816 0.304808 0.232759 0.304808 0.214080 0.297115 0.200431 0.275000 0.200431 0.251923 0.215517 0.227885 0.228448 0.224038 0.250000 0.224038 0.260057 0.227885 0.269397 0.242308 0.269397 0.248077 0.278017 0.269231 0.272270 0.290385 0.264368 0.300962 0.242816 0.304808
0 0.830460 0.754808 0.813218 0.754808 0.807471 0.745192 0.800287 0.739423 0.790948 0.723077 0.788075 0.698077 0.793822 0.680769 0.811782 0.652885 0.836207 0.645192 0.845546 0.657692 0.846983 0.676923 0.857040 0.703846 0.857040 0.723077 0.851293 0.738462 0.844828 0.747115 0.830460 0.754808
0 0.909483 0.470192 0.897989 0.466346 0.887213 0.451923 0.880029 0.428846 0.874282 0.419231 0.872845 0.409615 0.868534 0.403846 0.869971 0.380769 0.879310 0.366346 0.886494 0.362500 0.890805 0.362500 0.904454 0.378846 0.904454 0.384615 0.913075 0.403846 0.918822 0.426923 0.924569 0.436538 0.923132 0.457692 0.915230 0.468269 0.909483 0.470192
0 0.849138 0.927885 0.836207 0.927885 0.833333 0.924038 0.829023 0.924038 0.815374 0.909615 0.812500 0.890385 0.812500 0.863462 0.818247 0.844231 0.829023 0.825962 0.833333 0.825962 0.850575 0.808654 0.864943 0.808654 0.873563 0.816346 0.878592 0.825000 0.881466 0.851923 0.880029 0.861538 0.868534 0.880769 0.864224 0.903846 0.858477 0.911538 0.857040 0.921154 0.849138 0.927885
0 0.748563 0.152885 0.737069 0.149038 0.729885 0.137500 0.721983 0.130769 0.717672 0.121154 0.719109 0.100000 0.730603 0.075000 0.739943 0.062500 0.750000 0.054808 0.762931 0.054808 0.772989 0.060577 0.781609 0.072115 0.795977 0.074038 0.802443 0.086538 0.798132 0.107692 0.770115 0.139423 0.755747 0.150962 0.748563 0.152885
0 0.640805 0.349038 0.629310 0.347115 0.625718 0.342308 0.625718 0.336538 0.627874 0.333654 0.645115 0.329808 0.648707 0.340385 0.640805 0.349038
0 0.959770 0.818269 0.948276 0.812500 0.938937 0.800000 0.926006 0.769231 0.926006 0.726923 0.928879 0.723077 0.927443 0.709615 0.930316 0.698077 0.939655 0.689423 0.951149 0.683654 0.958333 0.685577 0.966954 0.693269 0.971264 0.693269 0.979167 0.703846 0.979167 0.721154 0.966236 0.755769 0.973420 0.788462 0.973420 0.803846 0.959770 0.818269
0 0.945402 0.181731 0.933908 0.174038 0.923132 0.155769 0.923132 0.150000 0.918822 0.144231 0.915948 0.123077 0.915948 0.080769 0.918822 0.065385 0.929598 0.047115 0.939655 0.045192 0.942529 0.041346 0.946839 0.041346 0.958333 0.049038 0.964799 0.057692 0.969109 0.067308 0.973420 0.090385 0.969828 0.095192 0.965517 0.095192 0.952586 0.083654 0.943966 0.089423 0.938937 0.100000 0.941810 0.121154 0.951149 0.131731 0.977730 0.136538 0.971983 0.144231 0.967672 0.161538 0.960489 0.169231 0.960489 0.173077 0.945402 0.181731
0 0.311782 0.764423 0.294540 0.764423 0.277299 0.756731 0.269397 0.742308 0.269397 0.726923 0.272270 0.717308 0.283046 0.702885 0.311782 0.685577 0.324713 0.687500 0.347701 0.699038 0.355603 0.709615 0.358477 0.721154 0.358477 0.728846 0.354167 0.742308 0.333333 0.758654 0.317529 0.760577 0.311782 0.764423
0 0.106322 0.718269 0.097701 0.718269 0.089799 0.703846 0.082615 0.655769 0.081178 0.634615 0.084052 0.626923 0.093391 0.616346 0.110632 0.618269 0.121408 0.632692 0.119971 0.638462 0.125718 0.648077 0.127155 0.657692 0.128592 0.675000 0.125718 0.688462 0.106322 0.718269
0 0.709052 0.000000 0.707615 0.023077 0.700431 0.055769 0.695402 0.066346 0.688218 0.068269 0.685345 0.068269 0.678161 0.058654 0.666667 0.058654 0.658764 0.051923 0.657328 0.021154 0.663075 0.000000
0 0.511494 0.943269 0.501437 0.943269 0.474138 0.931731 0.454023 0.927885 0.443966 0.916346 0.438218 0.914423 0.426006 0.896154 0.423132 0.886538 0.424569 0.875000 0.431034 0.866346 0.441092 0.862500 0.446839 0.868269 0.456897 0.866346 0.475575 0.877885 0.484195 0.877885 0.492816 0.885577 0.515805 0.887500 0.520115 0.893269 0.525862 0.893269 0.534483 0.899038 0.539511 0.911538 0.539511 0.917308 0.535201 0.926923 0.525862 0.939423 0.511494 0.943269
0 0.357040 0.000000 0.358477 0.011538 0.357040 0.019231 0.351293 0.026923 0.351293 0.038462 0.334770 0.070192 0.311782 0.091346 0.295977 0.089423 0.285920 0.081731 0.275144 0.065385 0.269397 0.050000 0.270833 0.038462 0.267960 0.032692 0.267960 0.023077 0.278017 0.000000
0 0.965517 0.506731 0.954023 0.504808 0.931753 0.475000 0.931753 0.459615 0.923132 0.444231 0.924569 0.436538 0.918822 0.426923 0.925287 0.404808 0.943966 0.404808 0.952586 0.410577 0.970546 0.434615 0.977730 0.455769 0.976293 0.463462 0.979167 0.476923 0.976293 0.496154 0.965517 0.506731
0 0.000000 0.949038 0.027299 0.949038 0.033046 0.952885 0.040948 0.963462 0.045259 0.975000 0.049569 0.998077
0 0.202586 0.595192 0.192529 0.595192 0.189655 0.591346 0.183908 0.591346 0.161638 0.563462 0.153017 0.548077 0.147270 0.525000 0.147270 0.511538 0.151580 0.494231 0.159483 0.485577 0.181034 0.483654 0.196839 0.493269 0.213362 0.513462 0.220546 0.536538 0.226293 0.542308 0.226293 0.546154 0.221983 0.551923 0.221983 0.569231 0.219109 0.576923 0.209770 0.591346 0.202586 0.595192
0 0.501437 0.454808 0.474138 0.454808 0.457615 0.434615 0.453305 0.415385 0.453305 0.384615 0.456178 0.367308 0.469109 0.334615 0.487069 0.322115 0.494253 0.322115 0.502874 0.327885 0.517960 0.350000 0.525144 0.398077 0.526580 0.415385 0.522270 0.428846 0.501437 0.454808
0 0.998563 0.672115 0.996408 0.669231 0.997845 0.661538 0.994971 0.657692 0.994971 0.644231 0.990661 0.632692 0.990661 0.613462 0.998563 0.583654
0 0.060345 0.199038 0.050287 0.199038 0.043822 0.188462 0.043822 0.171154 0.058908 0.147115 0.068966 0.137500 0.094828 0.127885 0.113506 0.127885 0.119971 0.134615 0.117098 0.153846 0.110632 0.166346 0.103448 0.170192 0.090517 0.185577 0.060345 0.199038
0 0.281609 0.433654 0.270115 0.433654 0.260057 0.422115 0.252874 0.420192 0.244971 0.407692 0.242098 0.398077 0.229167 0.380769 0.232040 0.340385 0.234914 0.336538 0.234914 0.330769 0.244253 0.322115 0.257184 0.322115 0.271552 0.329808 0.292385 0.361538 0.295259 0.380769 0.295259 0.407692 0.293822 0.415385 0.281609 0.433654
0 0.000000 0.704808 0.011494 0.704808 0.025144 0.721154 0.030891 0.751923 0.028017 0.778846 0.023707 0.790385 0.012931 0.800962 0.000000 0.804808
0 0.998563 0.072115 0.994253 0.068269 0.984195 0.068269 0.978448 0.062500 0.968391 0.058654 0.960489 0.048077 0.960489 0.036538 0.965517 0.027885 0.977011 0.027885 0.991379 0.033654 0.998563 0.043269
0 0.064655 0.731731 0.053161 0.729808 0.043822 0.721154 0.040948 0.690385 0.045977 0.679808 0.053161 0.679808 0.060345 0.668269 0.076149 0.666346 0.085489 0.682692 0.082615 0.698077 0.088362 0.705769 0.088362 0.709615 0.079023 0.725962 0.070402 0.725962 0.064655 0.731731
0 0.852011 0.531731 0.846983 0.526923 0.849138 0.520192 0.854167 0.523077 0.852011 0.531731
0 0.397989 0.449038 0.382184 0.443269 0.371408 0.430769 0.364224 0.398077 0.364224 0.375000 0.369971 0.346154 0.378592 0.328846 0.392241 0.316346 0.406609 0.318269 0.418103 0.325962 0.426006 0.338462 0.428879 0.353846 0.428879 0.388462 0.417385 0.428846 0.408046 0.443269 0.397989 0.449038
0 0.981322 0.135577 0.956897 0.133654 0.946839 0.127885 0.941810 0.121154 0.938937 0.107692 0.941810 0.092308 0.952586 0.083654 0.961207 0.093269 0.971264 0.093269 0.990661 0.117308 0.989224 0.128846 0.981322 0.135577
0 0.699713 0.385577 0.682471 0.385577 0.676006 0.380769 0.667385 0.367308 0.667385 0.355769 0.670259 0.346154 0.681034 0.329808 0.683908 0.329808 0.706897 0.308654 0.727011 0.300962 0.739943 0.302885 0.744971 0.309615 0.747845 0.323077 0.742098 0.348077 0.734195 0.360577 0.721264 0.374038 0.699713 0.385577
0 0.772989 0.670192 0.757184 0.670192 0.746408 0.651923 0.744971 0.632692 0.749282 0.611538 0.756466 0.592308 0.774425 0.568269 0.785920 0.562500 0.803161 0.564423 0.806753 0.573077 0.813937 0.580769 0.815374 0.588462 0.808190 0.625000 0.799569 0.644231 0.787356 0.660577 0.772989 0.670192
0 0.441810 0.000000 0.436063 0.013462 0.423851 0.027885 0.416667 0.033654 0.408046 0.033654 0.389368 0.043269 0.370690 0.043269 0.364224 0.034615 0.362787 0.021154 0.365661 0.007692 0.369971 0.000000
0 0.515805 0.887500 0.507184 0.887500 0.501437 0.879808 0.488506 0.879808 0.477011 0.872115 0.469828 0.872115 0.466954 0.868269 0.458333 0.868269 0.454741 0.865385 0.448994 0.855769 0.447557 0.838462 0.454741 0.817308 0.462644 0.804808 0.475575 0.797115 0.482759 0.804808 0.491379 0.802885 0.505747 0.806731 0.508621 0.810577 0.518678 0.814423 0.523707 0.821154 0.535201 0.840385 0.536638 0.855769 0.530891 0.871154 0.532328 0.878846 0.524425 0.885577 0.515805 0.887500
0 0.000000 0.318269 0.003592 0.303846 0.010057 0.291346 0.021552 0.283654 0.033046 0.285577 0.043822 0.301923 0.049569 0.330769 0.057471 0.343269 0.070402 0.352885 0.076868 0.361538 0.084052 0.384615 0.082615 0.400000 0.076149 0.414423 0.064655 0.424038 0.045977 0.424038 0.026580 0.403846 0.006466 0.357692 0.000000 0.354808
0 0.665230 0.520192 0.647989 0.514423 0.644397 0.509615 0.634339 0.480769 0.634339 0.465385 0.635776 0.455769 0.638649 0.451923 0.638649 0.444231 0.647270 0.428846 0.647270 0.423077 0.653736 0.414423 0.670977 0.404808 0.679598 0.404808 0.685345 0.408654 0.694684 0.419231 0.698994 0.442308 0.697557 0.450000 0.699713 0.452885 0.704741 0.448077 0.714799 0.425000 0.732759 0.408654 0.742816 0.406731 0.754310 0.410577 0.765086 0.425000 0.766523 0.450000 0.756466 0.475000 0.744253 0.491346 0.729885 0.500962 0.716954 0.502885 0.698994 0.486538 0.701868 0.475000 0.698276 0.472115 0.691810 0.480769 0.681753 0.507692 0.675287 0.516346 0.665230 0.520192
0 0.629310 0.364423 0.625718 0.361538 0.625718 0.355769 0.630747 0.350962 0.632902 0.357692 0.629310 0.364423
0 0.633621 0.389423 0.630029 0.386538 0.632184 0.377885 0.637213 0.380769 0.633621 0.389423
0 0.512931 0.806731 0.492816 0.804808 0.478448 0.795192 0.474138 0.799038 0.469109 0.798077 0.461925 0.775000 0.463362 0.757692 0.469109 0.742308 0.478448 0.729808 0.489943 0.724038 0.514368 0.725962 0.540230 0.743269 0.546695 0.753846 0.549569 0.776923 0.548132 0.786538 0.540230 0.795192 0.517241 0.802885 0.512931 0.806731
0 0.791667 0.941346 0.774425 0.937500 0.749282 0.903846 0.746408 0.886538 0.747845 0.871154 0.752155 0.861538 0.765805 0.847115 0.777299 0.845192 0.787356 0.849038 0.798851 0.858654 0.808190 0.875000 0.809626 0.925000 0.804598 0.937500 0.791667 0.941346
0 0.070402 0.258654 0.056034 0.258654 0.045259 0.242308 0.042385 0.223077 0.058908 0.206731 0.084770 0.191346 0.097701 0.177885 0.109195 0.179808 0.115661 0.192308 0.118534 0.217308 0.099138 0.243269 0.090517 0.247115 0.083333 0.254808 0.074713 0.254808 0.070402 0.258654
0 0.554598 0.275962 0.540230 0.272115 0.532328 0.257692 0.529454 0.242308 0.529454 0.217308 0.532328 0.200000 0.540230 0.187500 0.548851 0.183654 0.560345 0.187500 0.566092 0.193269 0.575431 0.211538 0.575431 0.236538 0.572557 0.248077 0.563937 0.267308 0.554598 0.275962
0 0.647270 0.000000 0.648707 0.005769 0.645833 0.025000 0.625718 0.075000 0.617816 0.085577 0.604885 0.095192 0.590517 0.095192 0.584770 0.091346 0.579741 0.082692 0.579741 0.048077 0.582615 0.040385 0.594828 0.024038 0.599138 0.022115 0.618534 0.000000
0 0.867098 0.998077 0.869971 0.990385 0.871408 0.955769 0.877155 0.948077 0.878592 0.940385 0.896552 0.918269 0.903736 0.914423 0.912356 0.914423 0.923851 0.924038 0.928879 0.932692 0.928879 0.951923 0.926006 0.961538 0.914511 0.978846 0.907328 0.998077
0 0.723420 0.998077 0.726293 0.984615 0.739943 0.974038 0.752874 0.974038 0.764368 0.977885 0.772989 0.983654 0.783764 0.998077
