0 0.013649 0.000000 0.011494 0.004808 0.000000 0.004808
0 0.987069 0.947115 0.982759 0.947115 0.968391 0.937500 0.960489 0.917308 0.961925 0.901923 0.967672 0.884615 0.972701 0.877885 0.981322 0.874038 0.987787 0.878846 0.989224 0.894231 0.992098 0.898077 0.990661 0.911538 0.993534 0.921154 0.993534 0.936538 0.987069 0.947115
0 0.403736 0.729808 0.399425 0.729808 0.395115 0.722115 0.389368 0.720192 0.385776 0.711538 0.385776 0.692308 0.390086 0.676923 0.395115 0.668269 0.400862 0.664423 0.410920 0.668269 0.414511 0.673077 0.415948 0.684615 0.415948 0.690385 0.410201 0.705769 0.408764 0.726923 0.403736 0.729808
0 0.818966 0.195192 0.810345 0.195192 0.806034 0.191346 0.796695 0.169231 0.796695 0.148077 0.808908 0.133654 0.827586 0.137500 0.835489 0.151923 0.835489 0.169231 0.831178 0.184615 0.818966 0.195192
0 0.699713 0.072115 0.689655 0.072115 0.681034 0.066346 0.677443 0.059615 0.677443 0.048077 0.686782 0.033654 0.701149 0.022115 0.716954 0.016346 0.727011 0.016346 0.734914 0.030769 0.730603 0.048077 0.716954 0.064423 0.699713 0.072115
0 0.000000 0.239423 0.007902 0.244231 0.015086 0.253846 0.017960 0.263462 0.017960 0.278846 0.012213 0.300000 0.005747 0.308654 0.000000 0.310577
0 0.461207 0.950962 0.451149 0.949038 0.439655 0.941346 0.426006 0.923077 0.423132 0.915385 0.423132 0.903846 0.426724 0.897115 0.441092 0.895192 0.449713 0.899038 0.462644 0.906731 0.471983 0.919231 0.474856 0.926923 0.473420 0.940385 0.466954 0.949038 0.461207 0.950962
0 0.613506 0.304808 0.600575 0.304808 0.593391 0.300962 0.585489 0.288462 0.584052 0.280769 0.585489 0.248077 0.600575 0.227885 0.616379 0.233654 0.622845 0.240385 0.624282 0.246154 0.624282 0.280769 0.621408 0.292308 0.613506 0.304808
0 0.390805 0.541346 0.372126 0.539423 0.358477 0.517308 0.361351 0.511538 0.361351 0.503846 0.372126 0.497115 0.377155 0.490385 0.377874 0.479808 0.392241 0.481731 0.400144 0.488462 0.407328 0.501923 0.407328 0.509615 0.401580 0.528846 0.390805 0.541346
0 0.193966 0.650962 0.182471 0.650962 0.156609 0.627885 0.151580 0.619231 0.153017 0.603846 0.162356 0.593269 0.168103 0.593269 0.176724 0.585577 0.183908 0.587500 0.191810 0.598077 0.191810 0.611538 0.200431 0.632692 0.200431 0.642308 0.193966 0.650962
0 0.420977 0.331731 0.407328 0.325000 0.401580 0.309615 0.401580 0.301923 0.422414 0.268269 0.428161 0.268269 0.434626 0.278846 0.433190 0.309615 0.427443 0.325000 0.420977 0.331731
0 0.047414 0.091346 0.034483 0.087500 0.020833 0.065385 0.016523 0.053846 0.016523 0.036538 0.025862 0.025962 0.045977 0.027885 0.053879 0.036538 0.059626 0.048077 0.061063 0.067308 0.056753 0.080769 0.047414 0.091346
0 0.420977 0.750962 0.413793 0.749038 0.408764 0.740385 0.408764 0.717308 0.411638 0.698077 0.415948 0.688462 0.422414 0.683654 0.428161 0.683654 0.436782 0.689423 0.443247 0.698077 0.444684 0.715385 0.440374 0.726923 0.420977 0.750962
0 0.527299 0.499038 0.517241 0.495192 0.510776 0.486538 0.500718 0.459615 0.499282 0.446154 0.500718 0.417308 0.505029 0.405769 0.510057 0.400962 0.520115 0.400962 0.532328 0.415385 0.540948 0.448077 0.539511 0.484615 0.533046 0.495192 0.527299 0.499038
0 0.145833 0.000000 0.145833 0.013462 0.139368 0.022115 0.132184 0.024038 0.119253 0.033654 0.104885 0.033654 0.095546 0.023077 0.094109 0.009615 0.098420 0.000000
0 0.416667 0.827885 0.409483 0.827885 0.397989 0.820192 0.385776 0.803846 0.380029 0.786538 0.380029 0.771154 0.386494 0.760577 0.410920 0.762500 0.431753 0.784615 0.433190 0.801923 0.416667 0.827885
0 0.096264 0.252885 0.084770 0.252885 0.071121 0.238462 0.069684 0.200000 0.079023 0.187500 0.104885 0.187500 0.114224 0.198077 0.118534 0.211538 0.118534 0.221154 0.109914 0.240385 0.096264 0.252885
0 0.948276 0.264423 0.943966 0.264423 0.933190 0.244231 0.930316 0.236538 0.930316 0.225000 0.936063 0.207692 0.945402 0.193269 0.956897 0.185577 0.965517 0.185577 0.971983 0.192308 0.976293 0.201923 0.973420 0.228846 0.964080 0.245192 0.951868 0.255769 0.948276 0.264423
0 0.218391 0.066346 0.204023 0.066346 0.191810 0.053846 0.190374 0.044231 0.186063 0.038462 0.184626 0.026923 0.192529 0.014423 0.215517 0.014423 0.226293 0.025000 0.229167 0.040385 0.227730 0.053846 0.218391 0.066346
0 0.383621 0.214423 0.370690 0.212500 0.364224 0.201923 0.362787 0.188462 0.367816 0.183654 0.373563 0.183654 0.387931 0.166346 0.399425 0.166346 0.407328 0.178846 0.407328 0.192308 0.399425 0.208654 0.386494 0.210577 0.383621 0.214423
0 0.041667 0.614423 0.035920 0.614423 0.026580 0.605769 0.022270 0.596154 0.019397 0.580769 0.020833 0.555769 0.025144 0.544231 0.033046 0.537500 0.037356 0.537500 0.045259 0.544231 0.052443 0.569231 0.052443 0.598077 0.051006 0.603846 0.041667 0.614423
0 0.877874 0.233654 0.867816 0.233654 0.862787 0.228846 0.861351 0.201923 0.865661 0.188462 0.875000 0.174038 0.880747 0.170192 0.890805 0.170192 0.898707 0.182692 0.898707 0.201923 0.895833 0.207692 0.897270 0.223077 0.893678 0.227885 0.887931 0.225962 0.877874 0.233654
0 0.563218 0.081731 0.541667 0.074038 0.528017 0.057692 0.525144 0.050000 0.525144 0.040385 0.533046 0.029808 0.570402 0.025962 0.583333 0.027885 0.592672 0.038462 0.594109 0.055769 0.589799 0.065385 0.581897 0.074038 0.563218 0.081731
0 0.000000 0.116346 0.011494 0.114423 0.015805 0.116346 0.020833 0.125000 0.020833 0.130769 0.017960 0.134615 0.020833 0.144231 0.019397 0.150000 0.011494 0.160577 0.000000 0.158654
0 0.274425 0.427885 0.261494 0.427885 0.253592 0.415385 0.246408 0.392308 0.247845 0.373077 0.254310 0.364423 0.261494 0.360577 0.271552 0.360577 0.278017 0.369231 0.289511 0.396154 0.288075 0.411538 0.278736 0.425962 0.274425 0.427885
0 0.574713 0.447115 0.564655 0.445192 0.556753 0.434615 0.553879 0.425000 0.553879 0.388462 0.558908 0.379808 0.567529 0.375962 0.573276 0.377885 0.579741 0.386538 0.585489 0.403846 0.582615 0.432692 0.574713 0.447115
0 0.744253 0.414423 0.738506 0.414423 0.733477 0.409615 0.726293 0.388462 0.716236 0.375000 0.717672 0.357692 0.725575 0.347115 0.732759 0.343269 0.748563 0.345192 0.759339 0.359615 0.762213 0.369231 0.762213 0.384615 0.759339 0.396154 0.751437 0.410577 0.744253 0.414423
0 0.535920 0.641346 0.522989 0.639423 0.512213 0.628846 0.507902 0.609615 0.507902 0.598077 0.512931 0.591346 0.525862 0.593269 0.537356 0.600962 0.545259 0.611538 0.546695 0.632692 0.535920 0.641346
0 0.093391 0.520192 0.079023 0.516346 0.068247 0.500000 0.066810 0.475000 0.077586 0.456731 0.096264 0.456731 0.109914 0.475000 0.108477 0.507692 0.093391 0.520192
0 0.998563 0.043269 0.992816 0.041346 0.982040 0.028846 0.982040 0.013462 0.989224 0.000000
0 0.306034 0.237500 0.298851 0.233654 0.292385 0.221154 0.289511 0.209615 0.290948 0.192308 0.297414 0.181731 0.306034 0.174038 0.313218 0.170192 0.324713 0.170192 0.331178 0.180769 0.332615 0.200000 0.321121 0.225000 0.314655 0.233654 0.306034 0.237500
0 0.675287 0.783654 0.662356 0.781731 0.650144 0.765385 0.644397 0.746154 0.644397 0.730769 0.647989 0.724038 0.655172 0.720192 0.672414 0.722115 0.678161 0.725962 0.683190 0.734615 0.686063 0.746154 0.686063 0.763462 0.683190 0.775000 0.675287 0.783654
0 0.166667 0.443269 0.146552 0.437500 0.137213 0.426923 0.131466 0.403846 0.139368 0.389423 0.146552 0.385577 0.170977 0.385577 0.181753 0.396154 0.186063 0.415385 0.184626 0.430769 0.175287 0.441346 0.166667 0.443269
0 0.589080 0.225962 0.580460 0.225962 0.573994 0.217308 0.572557 0.194231 0.578305 0.180769 0.589080 0.166346 0.602011 0.162500 0.607759 0.166346 0.612787 0.176923 0.612787 0.194231 0.608477 0.207692 0.599138 0.220192 0.589080 0.225962
0 0.735632 0.958654 0.715517 0.956731 0.699713 0.945192 0.694684 0.936538 0.694684 0.923077 0.697557 0.915385 0.709770 0.906731 0.722701 0.906731 0.744253 0.922115 0.749282 0.928846 0.752155 0.940385 0.744253 0.954808 0.735632 0.958654
0 0.271552 0.533654 0.265805 0.533654 0.259339 0.526923 0.255029 0.519231 0.252155 0.501923 0.247845 0.496154 0.247845 0.492308 0.252155 0.476923 0.260057 0.466346 0.265805 0.462500 0.281609 0.460577 0.291667 0.466346 0.296695 0.473077 0.298132 0.490385 0.288075 0.515385 0.277299 0.529808 0.271552 0.533654
0 0.390805 0.435577 0.375000 0.431731 0.350575 0.414423 0.345546 0.405769 0.344109 0.396154 0.346983 0.386538 0.360632 0.375962 0.375000 0.375962 0.389368 0.389423 0.395833 0.398077 0.401580 0.413462 0.400144 0.426923 0.390805 0.435577
0 0.927443 0.998077 0.927443 0.990385 0.931753 0.978846 0.945402 0.962500 0.955460 0.962500 0.961925 0.971154 0.963362 0.984615 0.959052 0.998077
0 0.693966 0.604808 0.685345 0.602885 0.678161 0.593269 0.671695 0.582692 0.668822 0.571154 0.670259 0.557692 0.676006 0.546154 0.686782 0.539423 0.701149 0.543269 0.709052 0.561538 0.707615 0.586538 0.693966 0.604808
0 0.515805 0.341346 0.500000 0.337500 0.492098 0.326923 0.483477 0.303846 0.483477 0.294231 0.489943 0.283654 0.495690 0.279808 0.507184 0.283654 0.522270 0.305769 0.526580 0.319231 0.526580 0.330769 0.515805 0.341346
0 0.998563 0.543269 0.993534 0.553846 0.984195 0.566346 0.979885 0.568269 0.972701 0.568269 0.967672 0.561538 0.964799 0.551923 0.967672 0.517308 0.973420 0.501923 0.979885 0.493269 0.988506 0.491346 0.994971 0.498077 0.998563 0.506731
0 0.310345 0.625962 0.295977 0.624038 0.280891 0.607692 0.276580 0.594231 0.276580 0.586538 0.284483 0.574038 0.290230 0.570192 0.316092 0.566346 0.328305 0.582692 0.332615 0.592308 0.331178 0.601923 0.318966 0.620192 0.310345 0.625962
0 0.600575 0.812500 0.589080 0.808654 0.582615 0.800000 0.582615 0.788462 0.586925 0.776923 0.594109 0.767308 0.596983 0.753846 0.604885 0.745192 0.613506 0.745192 0.622845 0.753846 0.627155 0.767308 0.622845 0.778846 0.622845 0.794231 0.613506 0.806731 0.600575 0.812500
0 0.136494 0.739423 0.125000 0.739423 0.119253 0.735577 0.107040 0.719231 0.104167 0.703846 0.107040 0.694231 0.107040 0.682692 0.112069 0.674038 0.125000 0.675962 0.138649 0.698077 0.144397 0.713462 0.144397 0.726923 0.136494 0.739423
0 0.889368 0.104808 0.876437 0.104808 0.869253 0.100962 0.862787 0.092308 0.858477 0.080769 0.858477 0.059615 0.862787 0.046154 0.877874 0.029808 0.896552 0.029808 0.905891 0.040385 0.905891 0.061538 0.900144 0.078846 0.898707 0.092308 0.889368 0.104808
0 0.344828 0.302885 0.330460 0.300962 0.318247 0.282692 0.318247 0.267308 0.328305 0.238462 0.341954 0.225962 0.350575 0.227885 0.359914 0.240385 0.364224 0.253846 0.359914 0.286538 0.352011 0.299038 0.344828 0.302885
0 0.455460 0.591346 0.439655 0.591346 0.433908 0.587500 0.426006 0.573077 0.424569 0.540385 0.428879 0.525000 0.436782 0.512500 0.452586 0.514423 0.463362 0.528846 0.466236 0.536538 0.469109 0.575000 0.462644 0.587500 0.455460 0.591346
0 0.000000 0.931731 0.003592 0.934615 0.006466 0.944231 0.003592 0.971154 0.000000 0.974038
0 0.637213 0.998077 0.645115 0.989423 0.662356 0.989423 0.669540 0.993269 0.671695 0.998077
0 0.176724 0.100962 0.160920 0.100962 0.154454 0.092308 0.154454 0.073077 0.157328 0.059615 0.161638 0.048077 0.172414 0.037500 0.186782 0.039423 0.191810 0.048077 0.188937 0.082692 0.176724 0.100962
0 0.695402 0.479808 0.663793 0.479808 0.651580 0.465385 0.650144 0.446154 0.659483 0.437500 0.678161 0.437500 0.682471 0.441346 0.692529 0.441346 0.698276 0.445192 0.704741 0.453846 0.704741 0.465385 0.703305 0.473077 0.695402 0.479808
0 0.338362 0.998077 0.326149 0.981731 0.311782 0.975962 0.305316 0.969231 0.303879 0.955769 0.310345 0.945192 0.333333 0.945192 0.350575 0.954808 0.364224 0.973077 0.369971 0.986538 0.369971 0.994231 0.367098 0.998077
0 0.863506 0.606731 0.849138 0.606731 0.845546 0.603846 0.842672 0.580769 0.845546 0.575000 0.845546 0.565385 0.849856 0.550000 0.862069 0.535577 0.872126 0.535577 0.890805 0.541346 0.895833 0.553846 0.897270 0.578846 0.882184 0.599038 0.863506 0.606731
0 0.607759 0.412500 0.599856 0.407692 0.591236 0.375000 0.596983 0.351923 0.603448 0.345192 0.613506 0.347115 0.622845 0.357692 0.625718 0.365385 0.625718 0.376923 0.621408 0.390385 0.615661 0.403846 0.607759 0.412500
0 0.841954 0.879808 0.830460 0.875962 0.823994 0.867308 0.822557 0.855769 0.826868 0.842308 0.839080 0.824038 0.854885 0.806731 0.867816 0.799038 0.877874 0.799038 0.883621 0.802885 0.890086 0.817308 0.888649 0.832692 0.884339 0.844231 0.860632 0.870192 0.841954 0.879808
0 0.366379 0.100962 0.356322 0.099038 0.346983 0.092308 0.339799 0.078846 0.336925 0.061538 0.338362 0.046154 0.342672 0.036538 0.347701 0.029808 0.357759 0.024038 0.370690 0.025962 0.376437 0.029808 0.381466 0.038462 0.385776 0.055769 0.385776 0.073077 0.380029 0.090385 0.366379 0.100962
0 0.125000 0.883654 0.112069 0.879808 0.098420 0.857692 0.096983 0.805769 0.099138 0.802885 0.104885 0.804808 0.132902 0.842308 0.135776 0.853846 0.135776 0.871154 0.129310 0.881731 0.125000 0.883654
0 0.076149 0.595192 0.067529 0.593269 0.061063 0.586538 0.056753 0.573077 0.058190 0.553846 0.070402 0.541346 0.083333 0.541346 0.100575 0.547115 0.107040 0.555769 0.105603 0.567308 0.076149 0.595192
0 0.788793 0.356731 0.781609 0.356731 0.767241 0.349038 0.757902 0.334615 0.757902 0.323077 0.766523 0.300000 0.774425 0.287500 0.788793 0.289423 0.798132 0.313462 0.799569 0.340385 0.788793 0.356731
0 0.632184 0.906731 0.616379 0.900962 0.607040 0.882692 0.605603 0.865385 0.607040 0.857692 0.613506 0.847115 0.622126 0.845192 0.629310 0.849038 0.645833 0.875000 0.644397 0.896154 0.639368 0.902885 0.632184 0.906731
0 0.000000 0.389423 0.012931 0.387500 0.017241 0.389423 0.025144 0.400000 0.023707 0.423077 0.015805 0.433654 0.007184 0.439423 0.000000 0.439423
0 0.360632 0.585577 0.346264 0.583654 0.326868 0.551923 0.326868 0.536538 0.332615 0.519231 0.340517 0.508654 0.352011 0.510577 0.367098 0.528846 0.371408 0.538462 0.374282 0.559615 0.360632 0.585577
0 0.239943 0.922115 0.229885 0.922115 0.222701 0.916346 0.207615 0.878846 0.209052 0.861538 0.218391 0.845192 0.228448 0.845192 0.238506 0.852885 0.252155 0.876923 0.252155 0.903846 0.247845 0.913462 0.239943 0.922115
0 0.807471 0.743269 0.797414 0.743269 0.792385 0.736538 0.792385 0.723077 0.802443 0.692308 0.808190 0.682692 0.817529 0.670192 0.827586 0.668269 0.832615 0.673077 0.835489 0.682692 0.832615 0.707692 0.823994 0.726923 0.807471 0.743269
0 0.246408 0.998077 0.243534 0.990385 0.243534 0.980769 0.249282 0.969231 0.249282 0.963462 0.258621 0.954808 0.264368 0.956731 0.267960 0.961538 0.272270 0.976923 0.270833 0.992308 0.266523 0.998077
0 0.505747 0.762500 0.492816 0.760577 0.483477 0.746154 0.483477 0.728846 0.489224 0.719231 0.490661 0.709615 0.495690 0.702885 0.501437 0.702885 0.510057 0.708654 0.517960 0.726923 0.519397 0.744231 0.516523 0.751923 0.505747 0.762500
0 0.251437 0.320192 0.245690 0.320192 0.229167 0.300000 0.230603 0.286538 0.238506 0.277885 0.252874 0.277885 0.258621 0.281731 0.266523 0.298077 0.263649 0.313462 0.260057 0.318269 0.251437 0.320192
0 0.873563 0.741346 0.867816 0.741346 0.861351 0.730769 0.865661 0.703846 0.877155 0.678846 0.885057 0.668269 0.892241 0.662500 0.897989 0.662500 0.905891 0.673077 0.903017 0.694231 0.885776 0.728846 0.873563 0.741346
0 0.278736 0.131731 0.270115 0.129808 0.262213 0.119231 0.260776 0.096154 0.281609 0.066346 0.288793 0.060577 0.297414 0.060577 0.306753 0.071154 0.306753 0.090385 0.296695 0.117308 0.288793 0.127885 0.278736 0.131731
0 0.504310 0.847115 0.494253 0.843269 0.487787 0.832692 0.489224 0.805769 0.492098 0.792308 0.501437 0.777885 0.508621 0.772115 0.515805 0.772115 0.525144 0.780769 0.525144 0.792308 0.513649 0.813462 0.515086 0.832692 0.512213 0.840385 0.504310 0.847115
0 0.816092 0.347115 0.808908 0.347115 0.799569 0.336538 0.796695 0.311538 0.799569 0.305769 0.796695 0.296154 0.796695 0.284615 0.810345 0.264423 0.824713 0.268269 0.834052 0.286538 0.829741 0.326923 0.825431 0.336538 0.816092 0.347115
0 0.653736 0.227885 0.645115 0.225962 0.637213 0.217308 0.632902 0.205769 0.632902 0.194231 0.641523 0.165385 0.652299 0.152885 0.662356 0.152885 0.670259 0.161538 0.673132 0.180769 0.665948 0.213462 0.658046 0.225962 0.653736 0.227885
0 0.229885 0.650962 0.224138 0.650962 0.206897 0.639423 0.197557 0.628846 0.194684 0.621154 0.191810 0.611538 0.191810 0.580769 0.201149 0.568269 0.212644 0.568269 0.218391 0.574038 0.239224 0.615385 0.239224 0.638462 0.229885 0.650962
0 0.998563 0.800962 0.974138 0.800962 0.967672 0.794231 0.967672 0.784615 0.971983 0.775000 0.989943 0.752885 0.998563 0.749038
0 0.176724 0.550962 0.160920 0.549038 0.150144 0.538462 0.150144 0.494231 0.155172 0.485577 0.159483 0.485577 0.170977 0.493269 0.186063 0.515385 0.190374 0.530769 0.188937 0.538462 0.185345 0.545192 0.176724 0.550962
0 0.567529 0.910577 0.551724 0.910577 0.543822 0.896154 0.543822 0.890385 0.548132 0.884615 0.548132 0.876923 0.558908 0.864423 0.567529 0.864423 0.574713 0.870192 0.582615 0.882692 0.581178 0.898077 0.567529 0.910577
0 0.302443 0.000000 0.300287 0.004808 0.283046 0.014423 0.272989 0.012500 0.267960 0.005769 0.267960 0.000000
0 0.375000 0.699038 0.367098 0.692308 0.367098 0.684615 0.370690 0.679808 0.377874 0.681731 0.381466 0.688462 0.381466 0.694231 0.375000 0.699038
0 0.545977 0.168269 0.540230 0.168269 0.532328 0.159615 0.522270 0.136538 0.520833 0.125000 0.530172 0.112500 0.543103 0.112500 0.551724 0.118269 0.562500 0.134615 0.562500 0.146154 0.559626 0.155769 0.545977 0.168269
0 0.068966 0.885577 0.058908 0.883654 0.051724 0.870192 0.040948 0.861538 0.038075 0.848077 0.045977 0.833654 0.056034 0.829808 0.063218 0.835577 0.068966 0.835577 0.076868 0.848077 0.081178 0.859615 0.081178 0.867308 0.078305 0.876923 0.068966 0.885577
0 0.410201 0.998077 0.412356 0.993269 0.418103 0.991346 0.442529 0.993269 0.444684 0.998077
0 0.577586 0.293269 0.570402 0.293269 0.556034 0.283654 0.539511 0.263462 0.538075 0.251923 0.550287 0.231731 0.564655 0.229808 0.570402 0.233654 0.584052 0.255769 0.585489 0.286538 0.577586 0.293269
0 0.925287 0.458654 0.918103 0.458654 0.905891 0.442308 0.907328 0.403846 0.915230 0.393269 0.927443 0.405769 0.936063 0.428846 0.934626 0.446154 0.925287 0.458654
0 0.225575 0.272115 0.209770 0.266346 0.206178 0.253846 0.207615 0.228846 0.221264 0.218269 0.227011 0.220192 0.233477 0.228846 0.236351 0.246154 0.236351 0.259615 0.231322 0.268269 0.225575 0.272115
0 0.931034 0.414423 0.926006 0.403846 0.915948 0.394231 0.920259 0.375000 0.936782 0.356731 0.949713 0.356731 0.955460 0.360577 0.960489 0.367308 0.963362 0.378846 0.960489 0.396154 0.954023 0.402885 0.935345 0.408654 0.931034 0.414423
0 0.208333 0.131731 0.204023 0.129808 0.197557 0.119231 0.194684 0.103846 0.196121 0.092308 0.204023 0.079808 0.212644 0.074038 0.231322 0.072115 0.236351 0.078846 0.236351 0.086538 0.230603 0.107692 0.216954 0.127885 0.208333 0.131731
0 0.359195 0.945192 0.353448 0.945192 0.340517 0.937500 0.323994 0.919231 0.325431 0.876923 0.334770 0.868269 0.354885 0.870192 0.367098 0.882692 0.368534 0.905769 0.371408 0.915385 0.371408 0.932692 0.366379 0.941346 0.359195 0.945192
0 0.000000 0.158654 0.021552 0.160577 0.029454 0.167308 0.029454 0.182692 0.019397 0.209615 0.015805 0.214423 0.004310 0.214423 0.000000 0.208654
0 0.185345 0.868269 0.173851 0.866346 0.167385 0.853846 0.164511 0.828846 0.160201 0.813462 0.160201 0.803846 0.166667 0.793269 0.178161 0.793269 0.185345 0.799038 0.190374 0.807692 0.190374 0.817308 0.194684 0.825000 0.194684 0.846154 0.191810 0.861538 0.185345 0.868269
0 0.307471 0.712500 0.284483 0.712500 0.275862 0.708654 0.266523 0.696154 0.267960 0.682692 0.278736 0.672115 0.287356 0.670192 0.308908 0.672115 0.318966 0.675962 0.325431 0.684615 0.326868 0.698077 0.321839 0.706731 0.307471 0.712500
0 0.000000 0.033654 0.012213 0.040385 0.020833 0.065385 0.030891 0.080769 0.029454 0.094231 0.022989 0.102885 0.011494 0.106731 0.000000 0.099038
0 0.360632 0.504808 0.334770 0.499038 0.328305 0.484615 0.329741 0.467308 0.339080 0.452885 0.343391 0.452885 0.347701 0.447115 0.356322 0.447115 0.363506 0.452885 0.377155 0.478846 0.377155 0.490385 0.372126 0.497115 0.360632 0.504808
0 0.672414 0.322115 0.659483 0.320192 0.648707 0.307692 0.647270 0.301923 0.647270 0.284615 0.653017 0.265385 0.666667 0.250962 0.678161 0.252885 0.688937 0.276923 0.688937 0.301923 0.682471 0.314423 0.672414 0.322115
0 0.000000 0.727885 0.017241 0.727885 0.025144 0.736538 0.029454 0.746154 0.028017 0.769231 0.023707 0.782692 0.017241 0.789423 0.004310 0.789423 0.000000 0.785577
0 0.619253 0.624038 0.596264 0.622115 0.588362 0.613462 0.588362 0.586538 0.591236 0.576923 0.597701 0.568269 0.607759 0.568269 0.614224 0.576923 0.618534 0.590385 0.622845 0.596154 0.625718 0.613462 0.619253 0.624038
0 0.806034 0.087500 0.798851 0.085577 0.789511 0.069231 0.789511 0.046154 0.808908 0.020192 0.826149 0.014423 0.834052 0.030769 0.829741 0.059615 0.821839 0.072115 0.806034 0.087500
0 0.152299 0.150962 0.146552 0.150962 0.139368 0.145192 0.125718 0.125000 0.127155 0.098077 0.137931 0.083654 0.146552 0.083654 0.152299 0.089423 0.161638 0.101923 0.168822 0.119231 0.165948 0.136538 0.152299 0.150962
0 0.146552 0.358654 0.127874 0.356731 0.122845 0.348077 0.121408 0.330769 0.132184 0.314423 0.152299 0.297115 0.165230 0.297115 0.178879 0.311538 0.183190 0.323077 0.183190 0.332692 0.169540 0.350962 0.146552 0.358654
0 0.288075 0.998077 0.295977 0.981731 0.307471 0.977885 0.310345 0.974038 0.330460 0.985577 0.332615 0.988462 0.331178 0.998077
0 0.086207 0.954808 0.073276 0.952885 0.066810 0.942308 0.065374 0.934615 0.081897 0.910577 0.096264 0.904808 0.105603 0.913462 0.107040 0.923077 0.099856 0.940385 0.090517 0.952885 0.086207 0.954808
0 0.515805 0.237500 0.504310 0.237500 0.493534 0.223077 0.492098 0.207692 0.484914 0.190385 0.484914 0.178846 0.488506 0.172115 0.495690 0.172115 0.512931 0.183654 0.517241 0.191346 0.522989 0.193269 0.526580 0.198077 0.528017 0.203846 0.523707 0.211538 0.522270 0.226923 0.515805 0.237500
0 0.396552 0.277885 0.389368 0.275962 0.381466 0.267308 0.377155 0.261538 0.377155 0.251923 0.395115 0.227885 0.403736 0.224038 0.408046 0.225962 0.413075 0.234615 0.414511 0.255769 0.403736 0.274038 0.396552 0.277885
0 0.732759 0.493269 0.724138 0.493269 0.716236 0.482692 0.713362 0.471154 0.713362 0.453846 0.719828 0.445192 0.727011 0.441346 0.737069 0.441346 0.742098 0.448077 0.747845 0.463462 0.747845 0.469231 0.752155 0.473077 0.747126 0.487500 0.742816 0.485577 0.732759 0.493269
0 0.191092 0.727885 0.178161 0.725962 0.171695 0.719231 0.168822 0.711538 0.168822 0.692308 0.175287 0.681731 0.182471 0.677885 0.199713 0.677885 0.212644 0.683654 0.221983 0.692308 0.224856 0.698077 0.224856 0.711538 0.219828 0.722115 0.212644 0.725962 0.196839 0.724038 0.191092 0.727885
0 0.816092 0.658654 0.804598 0.658654 0.796695 0.650000 0.796695 0.613462 0.802443 0.594231 0.806753 0.588462 0.815374 0.565385 0.824713 0.552885 0.833333 0.547115 0.840517 0.547115 0.846983 0.557692 0.845546 0.575000 0.842672 0.580769 0.845546 0.607692 0.838362 0.628846 0.826868 0.648077 0.816092 0.658654
0 0.998563 0.672115 0.980603 0.703846 0.964080 0.722115 0.958333 0.725962 0.948276 0.725962 0.938937 0.715385 0.940374 0.692308 0.961207 0.662500 0.984195 0.645192 0.991379 0.645192 0.998563 0.652885
0 0.078305 0.998077 0.079741 0.988462 0.090517 0.977885 0.099138 0.979808 0.110632 0.987500 0.119971 0.998077
0 0.695402 0.443269 0.682471 0.441346 0.673851 0.437500 0.671695 0.432692 0.671695 0.419231 0.674569 0.413462 0.673132 0.386538 0.678161 0.379808 0.693966 0.379808 0.701868 0.390385 0.703305 0.403846 0.697557 0.411538 0.697557 0.419231 0.701868 0.432692 0.695402 0.443269
0 0.645115 0.541346 0.640805 0.541346 0.633621 0.535577 0.619253 0.537500 0.614224 0.530769 0.612787 0.515385 0.617098 0.496154 0.622126 0.487500 0.630747 0.485577 0.639368 0.489423 0.654454 0.509615 0.654454 0.528846 0.645115 0.541346
0 0.287356 0.854808 0.274425 0.852885 0.270115 0.847115 0.267241 0.847115 0.265086 0.844231 0.265086 0.826923 0.273707 0.815385 0.278736 0.799038 0.285920 0.791346 0.297414 0.791346 0.301724 0.793269 0.312500 0.809615 0.315374 0.834615 0.307471 0.847115 0.287356 0.854808
0 0.199713 0.497115 0.188218 0.497115 0.183190 0.490385 0.180316 0.482692 0.180316 0.467308 0.171695 0.455769 0.173851 0.441346 0.181034 0.433654 0.188218 0.431731 0.196839 0.424038 0.199713 0.424038 0.210489 0.442308 0.207615 0.457692 0.207615 0.482692 0.199713 0.497115
0 0.767241 0.514423 0.750000 0.512500 0.744971 0.505769 0.744971 0.490385 0.752155 0.476923 0.759339 0.448077 0.764368 0.441346 0.777299 0.433654 0.788793 0.433654 0.798132 0.448077 0.798132 0.482692 0.787356 0.500962 0.767241 0.514423
0 0.446121 0.000000 0.446121 0.015385 0.438218 0.022115 0.428161 0.022115 0.423132 0.013462 0.421695 0.000000
0 0.386494 0.839423 0.370690 0.837500 0.338362 0.800000 0.339799 0.790385 0.349138 0.777885 0.356322 0.774038 0.370690 0.779808 0.385776 0.801923 0.385776 0.809615 0.391523 0.825000 0.390086 0.834615 0.386494 0.839423
0 0.754310 0.641346 0.748563 0.641346 0.744253 0.637500 0.734195 0.622115 0.726293 0.615385 0.724856 0.598077 0.731322 0.585577 0.738506 0.581731 0.750000 0.581731 0.763649 0.596154 0.763649 0.628846 0.754310 0.641346
0 0.752874 0.306731 0.745690 0.306731 0.740661 0.300000 0.740661 0.282692 0.755029 0.250000 0.761494 0.241346 0.770115 0.241346 0.773707 0.246154 0.773707 0.276923 0.766523 0.290385 0.752874 0.306731
0 0.714080 0.254808 0.706897 0.254808 0.700431 0.246154 0.694684 0.217308 0.697557 0.186538 0.708333 0.168269 0.716954 0.168269 0.721983 0.175000 0.729167 0.209615 0.727730 0.232692 0.720546 0.250000 0.714080 0.254808
0 0.474138 0.112500 0.466954 0.112500 0.463362 0.107692 0.461925 0.090385 0.453305 0.071154 0.453305 0.061538 0.459770 0.052885 0.477011 0.052885 0.487069 0.062500 0.492098 0.073077 0.492098 0.086538 0.489224 0.096154 0.474138 0.112500
0 0.908046 0.581731 0.900862 0.581731 0.895833 0.575000 0.895833 0.553846 0.891523 0.544231 0.891523 0.534615 0.894397 0.530769 0.895833 0.521154 0.902299 0.512500 0.910920 0.506731 0.918103 0.506731 0.927443 0.519231 0.928879 0.532692 0.917385 0.571154 0.908046 0.581731
0 0.479885 0.458654 0.472701 0.458654 0.463362 0.448077 0.456178 0.426923 0.457615 0.376923 0.460489 0.367308 0.468391 0.358654 0.477011 0.362500 0.484914 0.375000 0.487787 0.386538 0.487787 0.400000 0.490661 0.407692 0.489224 0.444231 0.486351 0.451923 0.479885 0.458654
0 0.936782 0.122115 0.926724 0.122115 0.920977 0.118269 0.910201 0.101923 0.910201 0.088462 0.914511 0.082692 0.915948 0.065385 0.923851 0.058654 0.935345 0.060577 0.943966 0.068269 0.951868 0.082692 0.950431 0.098077 0.936782 0.122115
0 0.859195 0.458654 0.849138 0.458654 0.844109 0.446154 0.844109 0.434615 0.851293 0.409615 0.869253 0.375962 0.880747 0.368269 0.887931 0.370192 0.892960 0.378846 0.890086 0.407692 0.875718 0.442308 0.859195 0.458654
0 0.182471 0.204808 0.172414 0.204808 0.165230 0.199038 0.154454 0.180769 0.153017 0.169231 0.159483 0.158654 0.165230 0.154808 0.170977 0.154808 0.179598 0.160577 0.186782 0.152885 0.199713 0.152885 0.207615 0.161538 0.209052 0.175000 0.199713 0.191346 0.182471 0.204808
