0 0.997222 0.190278 0.981944 0.177778 0.973611 0.161111 0.979167 0.116667 0.984722 0.105556 0.997222 0.095833
0 0.666667 0.787500 0.627778 0.787500 0.594444 0.773611 0.584722 0.763889 0.562500 0.694444 0.534722 0.658333 0.534722 0.625000 0.547222 0.606944 0.586111 0.598611 0.622222 0.609722 0.651389 0.644444 0.668056 0.655556 0.679167 0.672222 0.690278 0.697222 0.701389 0.708333 0.701389 0.744444 0.693056 0.766667 0.666667 0.787500
0 0.997222 0.351389 0.990278 0.347222 0.981944 0.330556 0.979167 0.313889 0.981944 0.288889 0.987500 0.277778 0.997222 0.270833
0 0.420833 0.997222 0.438889 0.973611 0.458333 0.962500 0.486111 0.962500 0.502778 0.970833 0.520833 0.986111 0.526389 0.997222
0 0.997222 0.965278 0.988889 0.965278 0.968056 0.944444 0.956944 0.919444 0.956944 0.905556 0.962500 0.894444 0.980556 0.876389 0.997222 0.868056
0 0.231944 0.997222 0.247222 0.984722 0.316667 0.990278 0.341667 0.979167 0.363889 0.981944 0.376389 0.997222
0 0.000000 0.545833 0.025000 0.551389 0.061111 0.568056 0.091667 0.587500 0.112500 0.616667 0.106944 0.625000 0.104167 0.652778 0.090278 0.672222 0.066667 0.693056 0.030556 0.704167 0.008333 0.701389 0.000000 0.693056
0 0.730556 0.212500 0.708333 0.209722 0.693056 0.194444 0.693056 0.177778 0.702778 0.165278 0.719444 0.162500 0.743056 0.177778 0.740278 0.202778 0.730556 0.212500
0 0.676389 0.997222 0.676389 0.972222 0.697222 0.954167 0.719444 0.954167 0.736111 0.962500 0.756944 0.986111 0.759722 0.997222
0 0.777778 0.762500 0.763889 0.759722 0.747222 0.745833 0.727778 0.748611 0.709722 0.733333 0.709722 0.722222 0.695833 0.688889 0.676389 0.661111 0.656944 0.644444 0.659722 0.627778 0.666667 0.620833 0.725000 0.612500 0.736111 0.604167 0.766667 0.601389 0.813889 0.629167 0.840278 0.655556 0.845833 0.669444 0.845833 0.686111 0.856944 0.705556 0.833333 0.729167 0.827778 0.729167 0.777778 0.762500
0 0.098611 0.000000 0.072222 0.009722 0.044444 0.009722 0.030556 0.001389 0.012500 0.000000
0 0.916667 0.448611 0.902778 0.448611 0.886111 0.437500 0.869444 0.418056 0.858333 0.415278 0.829167 0.380556 0.820833 0.361111 0.812500 0.338889 0.820833 0.283333 0.844444 0.265278 0.858333 0.265278 0.886111 0.284722 0.891667 0.284722 0.908333 0.304167 0.922222 0.309722 0.931944 0.319444 0.951389 0.352778 0.951389 0.427778 0.936111 0.443056 0.916667 0.448611
0 0.466667 0.223611 0.430556 0.218056 0.401389 0.191667 0.381944 0.152778 0.387500 0.122222 0.430556 0.087500 0.444444 0.081944 0.469444 0.079167 0.522222 0.087500 0.561111 0.115278 0.579167 0.138889 0.584722 0.155556 0.579167 0.188889 0.563889 0.206944 0.538889 0.218056 0.466667 0.223611
0 0.205556 0.895833 0.175000 0.895833 0.152778 0.881944 0.134722 0.863889 0.109722 0.822222 0.106944 0.802778 0.118056 0.775000 0.123611 0.744444 0.144444 0.729167 0.177778 0.734722 0.204167 0.755556 0.212500 0.772222 0.218056 0.800000 0.229167 0.816667 0.231944 0.866667 0.223611 0.880556 0.205556 0.895833
0 0.833333 0.993056 0.808333 0.993056 0.791667 0.981944 0.720833 0.891667 0.718056 0.833333 0.726389 0.819444 0.744444 0.806944 0.786111 0.804167 0.791667 0.809722 0.822222 0.815278 0.843056 0.833333 0.856944 0.855556 0.856944 0.866667 0.884722 0.919444 0.879167 0.936111 0.870833 0.944444 0.868056 0.961111 0.854167 0.983333 0.833333 0.993056
0 0.238889 0.406944 0.216667 0.406944 0.202778 0.401389 0.152778 0.368056 0.126389 0.341667 0.120833 0.305556 0.126389 0.288889 0.141667 0.273611 0.158333 0.270833 0.177778 0.276389 0.216667 0.276389 0.262500 0.311111 0.265278 0.336111 0.243056 0.363889 0.245833 0.400000 0.238889 0.406944
0 0.831944 0.000000 0.845833 0.011111 0.854167 0.038889 0.862500 0.050000 0.865278 0.072222 0.856944 0.091667 0.827778 0.115278 0.794444 0.112500 0.758333 0.095833 0.725000 0.070833 0.683333 0.068056 0.655556 0.056944 0.640278 0.033333 0.640278 0.019444 0.648611 0.000000
0 0.358333 0.912500 0.344444 0.912500 0.322222 0.901389 0.290278 0.863889 0.279167 0.836111 0.273611 0.802778 0.273611 0.766667 0.284722 0.733333 0.311111 0.709722 0.341667 0.709722 0.361111 0.720833 0.387500 0.750000 0.404167 0.788889 0.406944 0.822222 0.395833 0.880556 0.377778 0.901389 0.358333 0.912500
0 0.872222 0.556944 0.841667 0.554167 0.822222 0.543056 0.801389 0.519444 0.790278 0.494444 0.762500 0.463889 0.754167 0.441667 0.754167 0.427778 0.762500 0.402778 0.775000 0.390278 0.808333 0.387500 0.825000 0.393056 0.870833 0.430556 0.887500 0.472222 0.901389 0.491667 0.904167 0.508333 0.901389 0.536111 0.886111 0.551389 0.872222 0.556944
0 0.997222 0.784722 0.970833 0.769444 0.934722 0.727778 0.929167 0.713889 0.929167 0.686111 0.941667 0.668056 0.963889 0.662500 0.997222 0.670833
0 0.750000 0.373611 0.702778 0.365278 0.665278 0.333333 0.631944 0.288889 0.629167 0.266667 0.634722 0.250000 0.641667 0.243056 0.661111 0.234722 0.694444 0.243056 0.719444 0.256944 0.754167 0.291667 0.770833 0.319444 0.773611 0.347222 0.765278 0.363889 0.750000 0.373611
0 0.000000 0.426389 0.011111 0.426389 0.027778 0.415278 0.031944 0.405556 0.052778 0.384722 0.088889 0.376389 0.133333 0.381944 0.148611 0.397222 0.159722 0.416667 0.156944 0.455556 0.131944 0.477778 0.126389 0.541667 0.116667 0.554167 0.094444 0.562500 0.050000 0.559722 0.019444 0.534722 0.000000 0.534722
0 0.161111 0.184722 0.122222 0.179167 0.097222 0.168056 0.077778 0.154167 0.056944 0.130556 0.045833 0.108333 0.043056 0.086111 0.054167 0.058333 0.061111 0.051389 0.077778 0.043056 0.130556 0.043056 0.147222 0.048611 0.158333 0.045833 0.213889 0.073611 0.229167 0.088889 0.240278 0.108333 0.240278 0.127778 0.237500 0.144444 0.226389 0.163889 0.205556 0.179167 0.161111 0.184722
0 0.436111 0.351389 0.416667 0.351389 0.402778 0.345833 0.341667 0.348611 0.336111 0.343056 0.327778 0.343056 0.295833 0.311111 0.293056 0.291667 0.298611 0.286111 0.301389 0.269444 0.322222 0.248611 0.330556 0.245833 0.369444 0.245833 0.380556 0.254167 0.411111 0.259722 0.448611 0.297222 0.456944 0.316667 0.454167 0.336111 0.436111 0.351389
