0 0.085938 0.623047 0.070312 0.619141 0.052734 0.601562 0.052734 0.589844 0.066406 0.576172 0.089844 0.576172 0.107422 0.597656 0.103516 0.613281 0.085938 0.623047
0 0.132812 0.876953 0.125000 0.876953 0.111328 0.855469 0.111328 0.835938 0.128906 0.814453 0.136719 0.814453 0.150391 0.832031 0.150391 0.859375 0.132812 0.876953
0 0.343750 0.466797 0.316406 0.462891 0.298828 0.445312 0.298828 0.425781 0.332031 0.423828 0.343750 0.431641 0.353516 0.441406 0.353516 0.457031 0.343750 0.466797
0 0.511719 0.642578 0.496094 0.642578 0.490234 0.636719 0.490234 0.617188 0.511719 0.595703 0.535156 0.595703 0.541016 0.601562 0.541016 0.625000 0.511719 0.642578
0 0.558594 0.962891 0.542969 0.962891 0.525391 0.949219 0.525391 0.921875 0.546875 0.892578 0.566406 0.888672 0.583984 0.910156 0.583984 0.945312 0.558594 0.962891
0 0.605469 0.904297 0.587891 0.898438 0.580078 0.875000 0.580078 0.851562 0.597656 0.830078 0.623047 0.839844 0.630859 0.867188 0.626953 0.894531 0.605469 0.904297
0 0.269531 0.306641 0.242188 0.306641 0.232422 0.296875 0.232422 0.277344 0.253906 0.259766 0.285156 0.259766 0.294922 0.273438 0.294922 0.289062 0.269531 0.306641
0 0.625000 0.748047 0.601562 0.744141 0.595703 0.738281 0.595703 0.718750 0.621094 0.697266 0.644531 0.697266 0.654297 0.710938 0.654297 0.726562 0.648438 0.736328 0.625000 0.748047
0 0.113281 0.169922 0.101562 0.169922 0.087891 0.160156 0.087891 0.144531 0.109375 0.126953 0.132812 0.123047 0.146484 0.136719 0.146484 0.148438 0.113281 0.169922
0 0.148438 0.193359 0.125000 0.193359 0.119141 0.187500 0.119141 0.167969 0.140625 0.154297 0.167969 0.154297 0.173828 0.175781 0.148438 0.193359
0 0.996094 0.794922 0.984375 0.794922 0.974609 0.781250 0.974609 0.765625 0.996094 0.748047
0 0.097656 0.439453 0.054688 0.431641 0.041016 0.417969 0.044922 0.394531 0.074219 0.388672 0.093750 0.396484 0.107422 0.425781 0.097656 0.439453
0 0.230469 0.505859 0.195312 0.501953 0.181641 0.488281 0.181641 0.476562 0.203125 0.462891 0.234375 0.470703 0.244141 0.484375 0.244141 0.496094 0.230469 0.505859
0 0.679688 0.927734 0.664062 0.923828 0.658203 0.914062 0.669922 0.894531 0.695312 0.876953 0.708984 0.886719 0.708984 0.906250 0.703125 0.916016 0.679688 0.927734
0 0.839844 0.677734 0.816406 0.677734 0.806641 0.667969 0.806641 0.652344 0.824219 0.634766 0.855469 0.630859 0.869141 0.644531 0.869141 0.652344 0.859375 0.666016 0.839844 0.677734
0 0.207031 0.216797 0.167969 0.212891 0.158203 0.191406 0.175781 0.177734 0.207031 0.177734 0.216797 0.191406 0.216797 0.207031 0.207031 0.216797
0 0.582031 0.419922 0.550781 0.412109 0.537109 0.394531 0.541016 0.382812 0.550781 0.376953 0.585938 0.380859 0.599609 0.402344 0.582031 0.419922
0 0.937500 0.271484 0.898438 0.263672 0.884766 0.253906 0.884766 0.238281 0.917969 0.232422 0.937500 0.240234 0.947266 0.253906 0.937500 0.271484
0 0.123047 0.996094 0.115234 0.984375 0.123047 0.949219 0.132812 0.939453 0.144531 0.939453 0.154297 0.953125 0.154297 0.972656 0.142578 0.996094
0 0.093750 0.091797 0.078125 0.091797 0.068359 0.082031 0.068359 0.070312 0.082031 0.052734 0.105469 0.048828 0.119141 0.062500 0.119141 0.070312 0.093750 0.091797
0 0.542969 0.896484 0.537109 0.894531 0.537109 0.875000 0.558594 0.853516 0.578125 0.849609 0.580078 0.871094 0.566406 0.888672 0.542969 0.896484
0 0.710938 0.220703 0.687500 0.220703 0.666016 0.203125 0.671875 0.177734 0.687500 0.169922 0.707031 0.169922 0.728516 0.183594 0.732422 0.203125 0.710938 0.220703
0 0.503906 0.287109 0.464844 0.287109 0.458984 0.281250 0.458984 0.261719 0.468750 0.251953 0.500000 0.255859 0.509766 0.265625 0.509766 0.281250 0.503906 0.287109
0 0.875000 0.142578 0.859375 0.142578 0.832031 0.130859 0.822266 0.117188 0.826172 0.101562 0.863281 0.103516 0.880859 0.121094 0.880859 0.136719 0.875000 0.142578
0 0.921875 0.947266 0.902344 0.947266 0.896484 0.941406 0.896484 0.925781 0.917969 0.908203 0.945312 0.908203 0.955078 0.917969 0.955078 0.929688 0.921875 0.947266
0 0.597656 0.935547 0.583984 0.933594 0.583984 0.910156 0.572266 0.894531 0.582031 0.884766 0.593750 0.904297 0.623047 0.902344 0.619141 0.917969 0.597656 0.935547
0 0.660156 0.044922 0.628906 0.041016 0.619141 0.031250 0.623047 0.015625 0.628906 0.009766 0.656250 0.013672 0.669922 0.027344 0.660156 0.044922
0 0.718750 0.560547 0.687500 0.560547 0.677734 0.550781 0.677734 0.535156 0.687500 0.521484 0.718750 0.517578 0.736328 0.531250 0.736328 0.542969 0.718750 0.560547
0 0.179688 0.595703 0.150391 0.589844 0.150391 0.566406 0.156250 0.560547 0.187500 0.556641 0.201172 0.562500 0.201172 0.582031 0.179688 0.595703
0 0.722656 0.291016 0.699219 0.291016 0.683594 0.283203 0.681641 0.257812 0.707031 0.248047 0.726562 0.251953 0.740234 0.265625 0.740234 0.273438 0.722656 0.291016
0 0.863281 0.947266 0.835938 0.947266 0.826172 0.937500 0.826172 0.925781 0.859375 0.904297 0.894531 0.900391 0.904297 0.910156 0.896484 0.929688 0.863281 0.947266
0 0.308594 0.884766 0.296875 0.884766 0.283203 0.875000 0.279297 0.843750 0.296875 0.810547 0.324219 0.806641 0.333984 0.820312 0.333984 0.855469 0.326172 0.871094 0.308594 0.884766
0 0.183594 0.705078 0.152344 0.701172 0.146484 0.695312 0.146484 0.679688 0.160156 0.669922 0.187500 0.669922 0.193359 0.675781 0.193359 0.691406 0.183594 0.705078
0 0.726562 0.384766 0.699219 0.384766 0.685547 0.371094 0.681641 0.347656 0.691406 0.337891 0.726562 0.337891 0.748047 0.355469 0.748047 0.371094 0.726562 0.384766
0 0.234375 0.990234 0.212891 0.976562 0.212891 0.937500 0.230469 0.912109 0.253906 0.912109 0.263672 0.925781 0.263672 0.960938 0.234375 0.990234
0 0.996094 0.478516 0.982422 0.464844 0.982422 0.457031 0.996094 0.443359
0 0.460938 0.654297 0.433594 0.654297 0.423828 0.648438 0.423828 0.621094 0.437500 0.599609 0.468750 0.599609 0.478516 0.613281 0.478516 0.632812 0.460938 0.654297
0 0.726562 0.666016 0.710938 0.666016 0.701172 0.656250 0.701172 0.636719 0.718750 0.623047 0.750000 0.619141 0.759766 0.628906 0.759766 0.644531 0.746094 0.658203 0.726562 0.666016
0 0.066406 0.892578 0.050781 0.892578 0.037109 0.875000 0.037109 0.855469 0.046875 0.841797 0.062500 0.841797 0.068359 0.847656 0.072266 0.886719 0.066406 0.892578
0 0.632812 0.283203 0.601562 0.283203 0.580078 0.269531 0.572266 0.257812 0.572266 0.242188 0.589844 0.220703 0.621094 0.224609 0.646484 0.246094 0.646484 0.269531 0.632812 0.283203
0 0.281250 0.123047 0.255859 0.105469 0.255859 0.093750 0.277344 0.076172 0.292969 0.076172 0.306641 0.089844 0.306641 0.097656 0.281250 0.123047
0 0.351562 0.349609 0.308594 0.341797 0.292969 0.330078 0.287109 0.300781 0.296875 0.291016 0.320312 0.291016 0.359375 0.302734 0.369141 0.312500 0.369141 0.335938 0.351562 0.349609
0 0.000000 0.259766 0.019531 0.255859 0.033203 0.269531 0.019531 0.291016 0.000000 0.298828
0 0.394531 0.189453 0.367188 0.189453 0.353516 0.175781 0.353516 0.164062 0.363281 0.150391 0.394531 0.146484 0.404297 0.156250 0.404297 0.175781 0.394531 0.189453
0 0.843750 0.478516 0.820312 0.478516 0.802734 0.464844 0.798828 0.453125 0.808594 0.435547 0.835938 0.431641 0.853516 0.445312 0.857422 0.460938 0.843750 0.478516
0 0.886719 0.330078 0.865234 0.320312 0.865234 0.304688 0.890625 0.283203 0.914062 0.283203 0.923828 0.292969 0.923828 0.308594 0.910156 0.322266 0.886719 0.330078
