0 0.078125 0.111328 0.054688 0.111328 0.033203 0.089844 0.029297 0.066406 0.037109 0.050781 0.054688 0.041016 0.082031 0.041016 0.103516 0.058594 0.103516 0.085938 0.078125 0.111328
0 0.312500 0.501953 0.269531 0.501953 0.259766 0.492188 0.255859 0.468750 0.273438 0.447266 0.332031 0.443359 0.373047 0.472656 0.373047 0.492188 0.367188 0.498047 0.312500 0.501953
0 0.298828 0.996094 0.271484 0.980469 0.263672 0.957031 0.271484 0.929688 0.289062 0.912109 0.320312 0.912109 0.349609 0.941406 0.349609 0.976562 0.326172 0.996094
0 0.355469 0.291016 0.332031 0.291016 0.314453 0.277344 0.306641 0.230469 0.371094 0.197266 0.388672 0.207031 0.384766 0.269531 0.371094 0.287109 0.355469 0.291016
0 0.250000 0.384766 0.234375 0.384766 0.228516 0.378906 0.228516 0.347656 0.250000 0.326172 0.289062 0.318359 0.298828 0.332031 0.294922 0.359375 0.277344 0.376953 0.261719 0.376953 0.250000 0.384766
0 0.523438 0.423828 0.500000 0.423828 0.486328 0.410156 0.494141 0.355469 0.511719 0.333984 0.546875 0.333984 0.560547 0.351562 0.560547 0.390625 0.539062 0.404297 0.533203 0.417969 0.523438 0.423828
0 0.371094 0.111328 0.335938 0.111328 0.292969 0.083984 0.279297 0.070312 0.283203 0.035156 0.324219 0.009766 0.339844 0.009766 0.367188 0.021484 0.384766 0.039062 0.396484 0.062500 0.392578 0.093750 0.371094 0.111328
0 0.238281 0.619141 0.203125 0.611328 0.185547 0.589844 0.185547 0.554688 0.195312 0.541016 0.214844 0.529297 0.242188 0.529297 0.275391 0.570312 0.267578 0.597656 0.238281 0.619141
0 0.246094 0.099609 0.214844 0.095703 0.197266 0.074219 0.197266 0.050781 0.218750 0.029297 0.238281 0.025391 0.250000 0.029297 0.255859 0.039062 0.259766 0.089844 0.246094 0.099609
0 0.546875 0.541016 0.472656 0.541016 0.458984 0.531250 0.462891 0.484375 0.484375 0.451172 0.500000 0.443359 0.527344 0.443359 0.560547 0.472656 0.568359 0.488281 0.568359 0.519531 0.546875 0.541016
0 0.320312 0.583984 0.296875 0.583984 0.267578 0.562500 0.267578 0.519531 0.289062 0.501953 0.328125 0.501953 0.349609 0.519531 0.349609 0.558594 0.320312 0.583984
0 0.398438 0.447266 0.359375 0.439453 0.328125 0.423828 0.296875 0.423828 0.279297 0.394531 0.312500 0.361328 0.343750 0.353516 0.371094 0.314453 0.390625 0.314453 0.455078 0.394531 0.433594 0.431641 0.398438 0.447266
0 0.000000 0.818359 0.005859 0.824219 0.005859 0.878906 0.000000 0.884766
0 0.589844 0.431641 0.572266 0.425781 0.564453 0.386719 0.564453 0.320312 0.578125 0.310547 0.601562 0.310547 0.642578 0.359375 0.634766 0.375000 0.638672 0.398438 0.630859 0.410156 0.589844 0.431641
0 0.679688 0.373047 0.664062 0.357422 0.636719 0.345703 0.615234 0.324219 0.599609 0.300781 0.609375 0.291016 0.636719 0.279297 0.664062 0.279297 0.689453 0.300781 0.697266 0.316406 0.697266 0.351562 0.679688 0.373047
0 0.316406 0.212891 0.261719 0.212891 0.251953 0.199219 0.251953 0.164062 0.277344 0.142578 0.324219 0.138672 0.345703 0.167969 0.345703 0.191406 0.335938 0.205078 0.316406 0.212891
0 0.468750 0.376953 0.460938 0.376953 0.441406 0.349609 0.419922 0.339844 0.400391 0.308594 0.396484 0.238281 0.400391 0.210938 0.406250 0.205078 0.425781 0.208984 0.472656 0.271484 0.484375 0.279297 0.500000 0.275391 0.513672 0.292969 0.513672 0.308594 0.490234 0.343750 0.490234 0.355469 0.468750 0.376953
0 0.472656 0.166016 0.441406 0.166016 0.419922 0.132812 0.423828 0.105469 0.453125 0.083984 0.492188 0.091797 0.509766 0.117188 0.505859 0.156250 0.500000 0.162109 0.472656 0.166016
0 0.000000 0.947266 0.039062 0.951172 0.052734 0.964844 0.056641 0.996094
0 0.136719 0.755859 0.089844 0.751953 0.068359 0.730469 0.064453 0.675781 0.093750 0.638672 0.121094 0.634766 0.148438 0.642578 0.173828 0.671875 0.173828 0.714844 0.166016 0.730469 0.136719 0.755859
0 0.123047 0.996094 0.119141 0.976562 0.126953 0.949219 0.136719 0.935547 0.152344 0.927734 0.175781 0.927734 0.195312 0.935547 0.220703 0.964844 0.220703 0.996094
0 0.503906 0.267578 0.484375 0.267578 0.458984 0.242188 0.443359 0.210938 0.445312 0.201172 0.476562 0.181641 0.503906 0.189453 0.529297 0.214844 0.533203 0.226562 0.529297 0.257812 0.503906 0.267578
0 0.302734 0.000000 0.261719 0.021484 0.253906 0.021484 0.236328 0.000000
0 0.226562 0.884766 0.179688 0.884766 0.166016 0.871094 0.162109 0.839844 0.179688 0.806641 0.199219 0.806641 0.248047 0.832031 0.248047 0.871094 0.226562 0.884766
0 0.621094 0.529297 0.597656 0.525391 0.576172 0.511719 0.572266 0.453125 0.593750 0.435547 0.632812 0.439453 0.646484 0.449219 0.662109 0.476562 0.662109 0.503906 0.644531 0.521484 0.621094 0.529297
0 0.144531 0.568359 0.113281 0.560547 0.095703 0.535156 0.099609 0.511719 0.128906 0.490234 0.152344 0.494141 0.173828 0.519531 0.169922 0.550781 0.144531 0.568359
0 0.601562 0.177734 0.566406 0.173828 0.544922 0.144531 0.552734 0.113281 0.578125 0.091797 0.605469 0.095703 0.630859 0.125000 0.630859 0.152344 0.621094 0.166016 0.601562 0.177734
0 0.335938 0.349609 0.304688 0.349609 0.298828 0.343750 0.294922 0.324219 0.283203 0.316406 0.283203 0.300781 0.289062 0.294922 0.335938 0.291016 0.357422 0.308594 0.357422 0.324219 0.335938 0.349609
0 0.289062 0.837891 0.250000 0.833984 0.193359 0.781250 0.189453 0.761719 0.207031 0.736328 0.230469 0.724609 0.261719 0.724609 0.292969 0.740234 0.314453 0.761719 0.318359 0.816406 0.289062 0.837891
0 0.000000 0.412109 0.021484 0.425781 0.037109 0.453125 0.033203 0.480469 0.015625 0.501953 0.000000 0.509766
0 0.085938 0.927734 0.050781 0.923828 0.021484 0.890625 0.029297 0.839844 0.058594 0.822266 0.093750 0.826172 0.119141 0.851562 0.130859 0.875000 0.123047 0.902344 0.105469 0.919922 0.085938 0.927734
