0 0.824219 0.322266 0.808594 0.322266 0.791016 0.304688 0.791016 0.292969 0.800781 0.283203 0.830078 0.304688 0.824219 0.322266
0 0.855469 0.400391 0.845703 0.394531 0.845703 0.382812 0.863281 0.369141 0.875000 0.369141 0.880859 0.386719 0.855469 0.400391
0 0.300781 0.267578 0.269531 0.263672 0.263672 0.257812 0.263672 0.250000 0.292969 0.224609 0.308594 0.224609 0.314453 0.230469 0.314453 0.253906 0.300781 0.267578
0 0.851562 0.341797 0.835938 0.341797 0.830078 0.335938 0.830078 0.316406 0.843750 0.306641 0.861328 0.316406 0.861328 0.332031 0.851562 0.341797
0 0.355469 0.212891 0.335938 0.208984 0.326172 0.199219 0.326172 0.183594 0.343750 0.169922 0.359375 0.169922 0.369141 0.179688 0.369141 0.203125 0.355469 0.212891
0 0.765625 0.361328 0.746094 0.361328 0.740234 0.355469 0.740234 0.332031 0.746094 0.326172 0.765625 0.326172 0.771484 0.332031 0.771484 0.355469 0.765625 0.361328
0 0.800781 0.400391 0.785156 0.388672 0.771484 0.386719 0.777344 0.369141 0.792969 0.373047 0.802734 0.382812 0.806641 0.394531 0.800781 0.400391
0 0.843750 0.294922 0.812500 0.291016 0.806641 0.273438 0.820312 0.263672 0.843750 0.267578 0.853516 0.277344 0.843750 0.294922
0 0.781250 0.423828 0.765625 0.423828 0.755859 0.414062 0.755859 0.402344 0.769531 0.388672 0.785156 0.388672 0.794922 0.398438 0.781250 0.423828
0 0.878906 0.416016 0.859375 0.416016 0.853516 0.402344 0.867188 0.392578 0.878906 0.392578 0.884766 0.398438 0.878906 0.416016
