0 0.233333 0.840278 0.208333 0.840278 0.180556 0.826389 0.155556 0.798611 0.129167 0.777778 0.109722 0.744444 0.109722 0.711111 0.125000 0.693056 0.136111 0.687500 0.172222 0.687500 0.186111 0.693056 0.227778 0.720833 0.270833 0.769444 0.273611 0.800000 0.268056 0.811111 0.250000 0.831944 0.233333 0.840278
0 0.672222 0.762500 0.652778 0.759722 0.601389 0.716667 0.601389 0.683333 0.611111 0.668056 0.633333 0.662500 0.640278 0.655556 0.643056 0.644444 0.672222 0.618056 0.722222 0.618056 0.731944 0.625000 0.737500 0.636111 0.740278 0.672222 0.725000 0.690278 0.693056 0.708333 0.690278 0.747222 0.680556 0.759722 0.672222 0.762500
0 0.822222 0.604167 0.802778 0.601389 0.777778 0.590278 0.759722 0.572222 0.751389 0.555556 0.748611 0.536111 0.737500 0.519444 0.731944 0.491667 0.734722 0.469444 0.755556 0.445833 0.772222 0.437500 0.800000 0.440278 0.825000 0.456944 0.870833 0.516667 0.870833 0.555556 0.856944 0.577778 0.822222 0.604167
0 0.597222 0.415278 0.561111 0.412500 0.501389 0.352778 0.498611 0.313889 0.511111 0.298611 0.550000 0.281944 0.556944 0.266667 0.572222 0.251389 0.594444 0.243056 0.619444 0.243056 0.644444 0.254167 0.662500 0.275000 0.665278 0.297222 0.670833 0.305556 0.670833 0.361111 0.652778 0.381944 0.627778 0.401389 0.597222 0.415278
0 0.997222 0.954167 0.986111 0.951389 0.973611 0.938889 0.965278 0.922222 0.968056 0.883333 0.987500 0.847222 0.997222 0.840278
0 0.416667 0.745833 0.383333 0.743056 0.365278 0.727778 0.354167 0.702778 0.356944 0.677778 0.379167 0.650000 0.433333 0.601389 0.450000 0.593056 0.483333 0.595833 0.493056 0.613889 0.487500 0.672222 0.473611 0.694444 0.416667 0.745833
0 0.894444 0.709722 0.875000 0.706944 0.852778 0.695833 0.843056 0.686111 0.834722 0.661111 0.840278 0.611111 0.866667 0.581944 0.880556 0.576389 0.894444 0.576389 0.911111 0.584722 0.926389 0.600000 0.931944 0.619444 0.943056 0.633333 0.956944 0.663889 0.956944 0.686111 0.947222 0.698611 0.933333 0.704167 0.919444 0.701389 0.894444 0.709722
0 0.863889 0.443056 0.833333 0.443056 0.798611 0.411111 0.790278 0.388889 0.790278 0.372222 0.795833 0.363889 0.801389 0.333333 0.825000 0.306944 0.838889 0.304167 0.844444 0.298611 0.863889 0.298611 0.880556 0.306944 0.898611 0.322222 0.904167 0.333333 0.904167 0.355556 0.893056 0.419444 0.877778 0.437500 0.863889 0.443056
0 0.140278 0.997222 0.152778 0.993056 0.172222 0.993056 0.179167 0.997222
0 0.297222 0.612500 0.283333 0.612500 0.279167 0.608333 0.284722 0.586111 0.305556 0.565278 0.322222 0.565278 0.329167 0.572222 0.331944 0.588889 0.305556 0.601389 0.297222 0.612500
0 0.597222 0.851389 0.572222 0.845833 0.536111 0.845833 0.518056 0.830556 0.518056 0.813889 0.523611 0.800000 0.554167 0.769444 0.573611 0.736111 0.586111 0.729167 0.608333 0.731944 0.627778 0.745833 0.643056 0.761111 0.654167 0.780556 0.631944 0.827778 0.608333 0.848611 0.597222 0.851389
0 0.252778 0.256944 0.233333 0.256944 0.213889 0.248611 0.190278 0.227778 0.168056 0.205556 0.168056 0.172222 0.191667 0.145833 0.236111 0.134722 0.302778 0.131944 0.333333 0.145833 0.343056 0.155556 0.348611 0.169444 0.345833 0.208333 0.308333 0.243056 0.252778 0.256944
0 0.202778 0.487500 0.183333 0.487500 0.172222 0.481944 0.143056 0.450000 0.134722 0.430556 0.126389 0.388889 0.126389 0.336111 0.129167 0.327778 0.150000 0.309722 0.177778 0.309722 0.200000 0.323611 0.223611 0.361111 0.231944 0.383333 0.231944 0.458333 0.223611 0.472222 0.202778 0.487500
0 0.055556 0.520833 0.038889 0.520833 0.020833 0.508333 0.009722 0.488889 0.006944 0.450000 0.031944 0.397222 0.043056 0.388889 0.052778 0.373611 0.072222 0.373611 0.095833 0.397222 0.098611 0.438889 0.118056 0.466667 0.118056 0.502778 0.102778 0.518056 0.055556 0.520833
0 0.502778 0.454167 0.430556 0.451389 0.422222 0.445833 0.394444 0.440278 0.386111 0.431944 0.380556 0.431944 0.368056 0.416667 0.370833 0.391667 0.397222 0.362500 0.419444 0.351389 0.475000 0.351389 0.516667 0.365278 0.534722 0.386111 0.534722 0.391667 0.543056 0.400000 0.543056 0.408333 0.534722 0.419444 0.531944 0.436111 0.502778 0.454167
0 0.704167 0.997222 0.718056 0.955556 0.733333 0.943056 0.752778 0.943056 0.777778 0.956944 0.793056 0.975000 0.801389 0.997222
0 0.304167 0.997222 0.306944 0.988889 0.327778 0.968056 0.363889 0.956944 0.411111 0.959722 0.444444 0.979167 0.456944 0.997222
0 0.997222 0.245833 0.991667 0.245833 0.965278 0.216667 0.948611 0.180556 0.954167 0.147222 0.977778 0.126389 0.997222 0.126389
0 0.609722 0.000000 0.620833 0.075000 0.620833 0.091667 0.612500 0.111111 0.569444 0.140278 0.555556 0.140278 0.544444 0.145833 0.516667 0.145833 0.488889 0.131944 0.479167 0.119444 0.473611 0.105556 0.476389 0.080556 0.491667 0.070833 0.502778 0.056944 0.534722 0.038889 0.531944 0.027778 0.551389 0.008333 0.554167 0.000000
0 0.730556 0.395833 0.705556 0.390278 0.690278 0.377778 0.676389 0.336111 0.679167 0.308333 0.700000 0.290278 0.736111 0.284722 0.772222 0.265278 0.791667 0.262500 0.805556 0.268056 0.815278 0.283333 0.815278 0.311111 0.801389 0.325000 0.801389 0.336111 0.793056 0.344444 0.793056 0.361111 0.787500 0.372222 0.769444 0.387500 0.730556 0.395833
0 0.595833 0.997222 0.598611 0.975000 0.606944 0.958333 0.622222 0.937500 0.650000 0.915278 0.672222 0.915278 0.679167 0.922222 0.687500 0.961111 0.687500 0.997222
0 0.997222 0.468056 0.955556 0.501389 0.925000 0.501389 0.898611 0.480556 0.890278 0.463889 0.890278 0.433333 0.895833 0.427778 0.904167 0.400000 0.913889 0.387500 0.969444 0.376389 0.980556 0.376389 0.997222 0.384722
0 0.937500 0.000000 0.945833 0.022222 0.937500 0.044444 0.934722 0.077778 0.905556 0.101389 0.872222 0.104167 0.847222 0.115278 0.811111 0.106944 0.790278 0.094444 0.779167 0.072222 0.779167 0.055556 0.773611 0.047222 0.773611 0.008333 0.779167 0.000000
0 0.000000 0.298611 0.013889 0.298611 0.025000 0.281944 0.047222 0.273611 0.061111 0.273611 0.073611 0.288889 0.076389 0.305556 0.073611 0.358333 0.063889 0.368056 0.058333 0.368056 0.031944 0.397222 0.018056 0.430556 0.011111 0.437500 0.000000 0.437500
0 0.000000 0.701389 0.023611 0.725000 0.023611 0.733333 0.031944 0.747222 0.031944 0.761111 0.023611 0.777778 0.016667 0.784722 0.000000 0.787500
0 0.256944 0.000000 0.259722 0.030556 0.248611 0.061111 0.222222 0.090278 0.205556 0.095833 0.158333 0.093056 0.134722 0.072222 0.126389 0.055556 0.120833 0.027778 0.115278 0.022222 0.112500 0.000000
0 0.997222 0.631944 0.986111 0.629167 0.954167 0.597222 0.940278 0.575000 0.943056 0.544444 0.958333 0.523611 0.972222 0.518056 0.997222 0.520833
0 0.079167 0.000000 0.087500 0.013889 0.087500 0.027778 0.079167 0.044444 0.069444 0.054167 0.030556 0.076389 0.016667 0.095833 0.000000 0.104167
0 0.000000 0.804167 0.027778 0.820833 0.040278 0.838889 0.040278 0.861111 0.023611 0.877778 0.023611 0.883333 0.000000 0.904167
