0 0.906250 0.564453 0.859375 0.552734 0.857422 0.542969 0.841797 0.531250 0.841797 0.500000 0.867188 0.474609 0.894531 0.474609 0.927734 0.496094 0.927734 0.539062 0.919922 0.554688 0.906250 0.564453
0 0.800781 0.197266 0.785156 0.193359 0.748047 0.167969 0.751953 0.140625 0.781250 0.119141 0.800781 0.123047 0.818359 0.148438 0.814453 0.179688 0.800781 0.197266
0 0.246094 0.123047 0.214844 0.115234 0.201172 0.089844 0.216797 0.046875 0.238281 0.033203 0.269531 0.041016 0.287109 0.062500 0.283203 0.093750 0.257812 0.119141 0.246094 0.123047
0 0.351562 0.115234 0.337891 0.109375 0.333984 0.078125 0.339844 0.072266 0.357422 0.078125 0.357422 0.109375 0.351562 0.115234
0 0.017578 0.000000 0.013672 0.023438 0.000000 0.037109
0 0.957031 0.802734 0.910156 0.787109 0.900391 0.773438 0.896484 0.734375 0.900391 0.722656 0.917969 0.708984 0.945312 0.708984 0.968750 0.716797 0.982422 0.734375 0.986328 0.785156 0.957031 0.802734
0 0.695312 0.337891 0.652344 0.330078 0.630859 0.312500 0.630859 0.253906 0.656250 0.236328 0.714844 0.240234 0.755859 0.269531 0.740234 0.296875 0.736328 0.320312 0.718750 0.322266 0.710938 0.333984 0.695312 0.337891
0 0.890625 0.154297 0.867188 0.154297 0.855469 0.142578 0.847656 0.142578 0.822266 0.105469 0.822266 0.046875 0.839844 0.029297 0.867188 0.033203 0.886719 0.044922 0.923828 0.082031 0.931641 0.097656 0.923828 0.140625 0.890625 0.154297
0 0.996094 0.650391 0.964844 0.673828 0.933594 0.673828 0.916016 0.640625 0.923828 0.593750 0.933594 0.583984 0.968750 0.576172 0.996094 0.603516
0 0.996094 0.287109 0.992188 0.298828 0.968750 0.298828 0.951172 0.285156 0.943359 0.261719 0.943359 0.246094 0.953125 0.228516 0.984375 0.212891 0.996094 0.212891
0 0.996094 0.099609 0.972656 0.076172 0.949219 0.068359 0.931641 0.050781 0.912109 0.027344 0.908203 0.007812 0.900391 0.000000
0 0.996094 0.568359 0.990234 0.550781 0.978516 0.539062 0.982422 0.503906 0.996094 0.494141
0 0.052734 0.996094 0.052734 0.972656 0.060547 0.957031 0.078125 0.939453 0.113281 0.927734 0.136719 0.931641 0.162109 0.953125 0.173828 0.976562 0.169922 0.996094
0 0.726562 0.115234 0.718750 0.115234 0.708984 0.101562 0.708984 0.078125 0.720703 0.046875 0.742188 0.033203 0.769531 0.033203 0.783203 0.050781 0.787109 0.074219 0.761719 0.099609 0.726562 0.115234
0 0.750000 0.498047 0.722656 0.498047 0.699219 0.490234 0.673828 0.468750 0.662109 0.449219 0.662109 0.417969 0.669922 0.402344 0.687500 0.384766 0.714844 0.373047 0.765625 0.373047 0.785156 0.380859 0.810547 0.421875 0.806641 0.457031 0.798828 0.472656 0.785156 0.486328 0.750000 0.498047
0 0.781250 0.318359 0.763672 0.312500 0.763672 0.292969 0.769531 0.287109 0.787109 0.296875 0.787109 0.312500 0.781250 0.318359
