0 0.940625 0.783203 0.915625 0.779297 0.895312 0.753906 0.895312 0.746094 0.909375 0.732422 0.931250 0.732422 0.943750 0.740234 0.954688 0.757812 0.954688 0.773438 0.940625 0.783203
0 0.037500 0.087891 0.029687 0.082031 0.029687 0.070312 0.017188 0.054688 0.021875 0.044922 0.059375 0.041016 0.076563 0.050781 0.079687 0.062500 0.071875 0.072266 0.050000 0.068359 0.037500 0.087891
0 0.671875 0.310547 0.634375 0.310547 0.623437 0.300781 0.623437 0.285156 0.637500 0.279297 0.671875 0.291016 0.676562 0.296875 0.671875 0.310547
0 0.634375 0.505859 0.596875 0.505859 0.584375 0.498047 0.576562 0.480469 0.579688 0.464844 0.584375 0.458984 0.650000 0.458984 0.657813 0.468750 0.657813 0.480469 0.646875 0.498047 0.634375 0.505859
0 0.628125 0.388672 0.604688 0.375000 0.601562 0.359375 0.609375 0.349609 0.637500 0.349609 0.642188 0.355469 0.642188 0.375000 0.628125 0.388672
0 0.103125 0.271484 0.095312 0.265625 0.095312 0.257812 0.106250 0.248047 0.115625 0.248047 0.120313 0.257812 0.103125 0.271484
0 0.021875 0.728516 0.012500 0.728516 0.001563 0.714844 0.001563 0.652344 0.009375 0.638672 0.015625 0.638672 0.029687 0.656250 0.035937 0.675781 0.035937 0.710938 0.021875 0.728516
0 0.878125 0.966797 0.865625 0.962891 0.860938 0.945312 0.870313 0.914062 0.878125 0.904297 0.887500 0.904297 0.895312 0.917969 0.898438 0.949219 0.878125 0.966797
0 0.925000 0.923828 0.909375 0.923828 0.904687 0.917969 0.901563 0.882812 0.906250 0.876953 0.926562 0.890625 0.929688 0.917969 0.925000 0.923828
0 0.143750 0.638672 0.112500 0.638672 0.107813 0.632812 0.107813 0.613281 0.125000 0.591797 0.143750 0.580078 0.156250 0.580078 0.167187 0.589844 0.170313 0.605469 0.143750 0.638672
0 0.081250 0.423828 0.031250 0.419922 0.007812 0.390625 0.025000 0.373047 0.056250 0.373047 0.098437 0.406250 0.090625 0.419922 0.081250 0.423828
0 0.890625 0.130859 0.868750 0.126953 0.860938 0.117188 0.867188 0.089844 0.890625 0.064453 0.906250 0.056641 0.934375 0.060547 0.942187 0.078125 0.890625 0.130859
0 0.321875 0.884766 0.309375 0.884766 0.298438 0.871094 0.298438 0.843750 0.304688 0.828125 0.337500 0.794922 0.365625 0.787109 0.373437 0.796875 0.373437 0.820312 0.356250 0.849609 0.321875 0.884766
0 0.915625 0.830078 0.900000 0.830078 0.892188 0.820312 0.892188 0.789062 0.903125 0.779297 0.921875 0.779297 0.932813 0.796875 0.929688 0.812500 0.915625 0.830078
0 0.090625 0.341797 0.071875 0.341797 0.050000 0.318359 0.037500 0.318359 0.032813 0.300781 0.046875 0.294922 0.075000 0.310547 0.087500 0.310547 0.093750 0.302734 0.106250 0.306641 0.110937 0.320312 0.090625 0.341797
0 0.246875 0.521484 0.209375 0.521484 0.204687 0.515625 0.210938 0.480469 0.218750 0.466797 0.256250 0.466797 0.260937 0.472656 0.260937 0.503906 0.246875 0.521484
0 0.118750 0.541016 0.096875 0.541016 0.089063 0.523438 0.089063 0.507812 0.106250 0.486328 0.115625 0.486328 0.132812 0.507812 0.132812 0.527344 0.118750 0.541016
0 0.353125 0.595703 0.335938 0.578125 0.339062 0.539062 0.356250 0.525391 0.368750 0.525391 0.392188 0.550781 0.392188 0.566406 0.368750 0.591797 0.353125 0.595703
0 0.184375 0.326172 0.162500 0.326172 0.135937 0.300781 0.135937 0.292969 0.143750 0.283203 0.159375 0.283203 0.190625 0.298828 0.198437 0.312500 0.184375 0.326172
0 0.378125 0.939453 0.365625 0.939453 0.360938 0.933594 0.360938 0.906250 0.415625 0.861328 0.428125 0.861328 0.439063 0.878906 0.435937 0.910156 0.412500 0.935547 0.378125 0.939453
0 0.753125 0.060547 0.721875 0.060547 0.707812 0.042969 0.707812 0.035156 0.725000 0.017578 0.775000 0.017578 0.779687 0.031250 0.753125 0.060547
0 0.787500 0.455078 0.756250 0.451172 0.751563 0.445312 0.754687 0.425781 0.771875 0.404297 0.781250 0.404297 0.787500 0.396484 0.818750 0.396484 0.829688 0.410156 0.829688 0.433594 0.809375 0.451172 0.787500 0.455078
0 0.996875 0.384766 0.978125 0.396484 0.946875 0.396484 0.932813 0.378906 0.935937 0.363281 0.959375 0.330078 0.996875 0.333984
0 0.221875 0.634766 0.210938 0.628906 0.210938 0.593750 0.218750 0.583984 0.237500 0.583984 0.245312 0.605469 0.232813 0.628906 0.221875 0.634766
0 0.665625 0.716797 0.651563 0.707031 0.651563 0.695312 0.659375 0.685547 0.690625 0.681641 0.701562 0.695312 0.696875 0.712891 0.665625 0.716797
0 0.846875 0.583984 0.831250 0.583984 0.823438 0.574219 0.823438 0.554688 0.828125 0.548828 0.856250 0.548828 0.864062 0.558594 0.860938 0.574219 0.846875 0.583984
0 0.656250 0.990234 0.639062 0.980469 0.639062 0.960938 0.646875 0.943359 0.660937 0.953125 0.660937 0.984375 0.656250 0.990234
0 0.753125 0.787109 0.721875 0.787109 0.714063 0.769531 0.725000 0.759766 0.759375 0.755859 0.764062 0.773438 0.753125 0.787109
0 0.996875 0.994141 0.978125 0.994141 0.973437 0.988281 0.981250 0.970703 0.996875 0.974609
0 0.343750 0.728516 0.329688 0.718750 0.332813 0.679688 0.353125 0.654297 0.375000 0.646484 0.385937 0.660156 0.385937 0.667969 0.370312 0.703125 0.343750 0.728516
0 0.534375 0.384766 0.503125 0.380859 0.495312 0.371094 0.492188 0.351562 0.500000 0.341797 0.543750 0.341797 0.557813 0.355469 0.557813 0.363281 0.534375 0.384766
0 0.609375 0.724609 0.581250 0.724609 0.576562 0.718750 0.576562 0.695312 0.584375 0.681641 0.618750 0.677734 0.629687 0.687500 0.626563 0.710938 0.609375 0.724609
0 0.081250 0.748047 0.071875 0.748047 0.064062 0.738281 0.064062 0.726562 0.075000 0.708984 0.093750 0.705078 0.104688 0.714844 0.104688 0.722656 0.081250 0.748047
0 0.265625 0.326172 0.245312 0.312500 0.235937 0.289062 0.235937 0.269531 0.240625 0.263672 0.270313 0.289062 0.273438 0.316406 0.265625 0.326172
0 0.996875 0.787109 0.982812 0.777344 0.982812 0.753906 0.996875 0.744141
0 0.621875 0.044922 0.590625 0.041016 0.579688 0.023438 0.625000 0.001953 0.635938 0.015625 0.635938 0.031250 0.621875 0.044922
0 0.093750 0.861328 0.082812 0.855469 0.090625 0.841797 0.118750 0.826172 0.129688 0.832031 0.121875 0.845703 0.093750 0.861328
0 0.318750 0.275391 0.296875 0.275391 0.281250 0.267578 0.270313 0.253906 0.267188 0.234375 0.271875 0.228516 0.287500 0.228516 0.306250 0.240234 0.325000 0.240234 0.332813 0.257812 0.318750 0.275391
0 0.187500 0.865234 0.150000 0.865234 0.142187 0.855469 0.142187 0.828125 0.165625 0.810547 0.184375 0.783203 0.218750 0.779297 0.226562 0.796875 0.210938 0.824219 0.204687 0.847656 0.187500 0.865234
0 0.275000 0.724609 0.260937 0.718750 0.267188 0.691406 0.285938 0.644531 0.293750 0.634766 0.309375 0.634766 0.317188 0.644531 0.317188 0.679688 0.296875 0.708984 0.275000 0.724609
0 0.215625 0.720703 0.196875 0.720703 0.192188 0.714844 0.195312 0.683594 0.218750 0.650391 0.246875 0.646484 0.251563 0.652344 0.251563 0.683594 0.231250 0.712891 0.221875 0.712891 0.215625 0.720703
0 0.678125 0.177734 0.646875 0.177734 0.640625 0.169922 0.631250 0.169922 0.623437 0.160156 0.623437 0.144531 0.631250 0.134766 0.684375 0.142578 0.695312 0.152344 0.695312 0.160156 0.678125 0.177734
0 0.084375 0.138672 0.046875 0.138672 0.035937 0.125000 0.035937 0.113281 0.046875 0.099609 0.065625 0.103516 0.087500 0.087891 0.098437 0.105469 0.098437 0.128906 0.084375 0.138672
0 0.289062 0.996094 0.289062 0.976562 0.306250 0.958984 0.329688 0.972656 0.326562 0.996094
0 0.871875 0.626953 0.843750 0.626953 0.839063 0.621094 0.839063 0.605469 0.862500 0.587891 0.871875 0.587891 0.879687 0.597656 0.879687 0.617188 0.871875 0.626953
0 0.784375 0.966797 0.750000 0.966797 0.748437 0.949219 0.781250 0.908203 0.790625 0.908203 0.795312 0.914062 0.795312 0.953125 0.784375 0.966797
0 0.418750 0.314453 0.390625 0.314453 0.368750 0.306641 0.360938 0.296875 0.364063 0.265625 0.368750 0.259766 0.393750 0.259766 0.415625 0.267578 0.435937 0.292969 0.418750 0.314453
0 0.637500 0.943359 0.610938 0.925781 0.615625 0.908203 0.621875 0.908203 0.642188 0.929688 0.637500 0.943359
0 0.946875 0.908203 0.935937 0.902344 0.926562 0.878906 0.926562 0.855469 0.931250 0.849609 0.946875 0.857422 0.957812 0.878906 0.957812 0.898438 0.946875 0.908203
0 0.846875 0.845703 0.834375 0.841797 0.826562 0.832031 0.826562 0.812500 0.843750 0.798828 0.860938 0.808594 0.860938 0.832031 0.846875 0.845703
0 0.053125 0.978516 0.043750 0.978516 0.029687 0.964844 0.040625 0.947266 0.053125 0.939453 0.084375 0.939453 0.098437 0.949219 0.093750 0.962891 0.053125 0.978516
0 0.265625 0.107422 0.225000 0.107422 0.209375 0.095703 0.192188 0.070312 0.185938 0.046875 0.190625 0.041016 0.203125 0.041016 0.262500 0.064453 0.273438 0.078125 0.273438 0.097656 0.265625 0.107422
0 0.996875 0.896484 0.981250 0.912109 0.973437 0.902344 0.967187 0.878906 0.967187 0.867188 0.978125 0.853516 0.996875 0.857422
0 0.975000 0.654297 0.943750 0.654297 0.939063 0.644531 0.950000 0.634766 0.975000 0.630859 0.982812 0.640625 0.975000 0.654297
0 0.712500 0.423828 0.656250 0.419922 0.645312 0.402344 0.668750 0.388672 0.706250 0.392578 0.717187 0.410156 0.712500 0.423828
0 0.215625 0.220703 0.181250 0.216797 0.157812 0.183594 0.157812 0.167969 0.165625 0.158203 0.184375 0.158203 0.203125 0.169922 0.220312 0.195312 0.220312 0.214844 0.215625 0.220703
0 0.612500 0.970703 0.575000 0.958984 0.567187 0.949219 0.567187 0.933594 0.571875 0.927734 0.590625 0.931641 0.617188 0.957031 0.612500 0.970703
0 0.800000 0.833984 0.771875 0.822266 0.757812 0.804688 0.757812 0.796875 0.762500 0.791016 0.775000 0.791016 0.796875 0.802734 0.804688 0.812500 0.804688 0.828125 0.800000 0.833984
0 0.703125 0.955078 0.687500 0.955078 0.667188 0.933594 0.667188 0.914062 0.671875 0.908203 0.690625 0.912109 0.704688 0.929688 0.707812 0.949219 0.703125 0.955078
0 0.103125 0.908203 0.090625 0.908203 0.085938 0.894531 0.118750 0.880859 0.129688 0.886719 0.121875 0.900391 0.103125 0.908203
0 0.209375 0.490234 0.168750 0.490234 0.154688 0.476562 0.148438 0.460938 0.153125 0.455078 0.181250 0.455078 0.203125 0.462891 0.214062 0.472656 0.209375 0.490234
0 0.000000 0.517578 0.009375 0.498047 0.021875 0.494141 0.034375 0.478516 0.042188 0.484375 0.042188 0.535156 0.018750 0.552734 0.000000 0.544922
0 0.090625 0.814453 0.043750 0.814453 0.035937 0.804688 0.039062 0.785156 0.053125 0.775391 0.112500 0.767578 0.117188 0.777344 0.090625 0.814453
0 0.525000 0.599609 0.500000 0.599609 0.473438 0.574219 0.473438 0.562500 0.490625 0.544922 0.503125 0.544922 0.509375 0.537109 0.528125 0.541016 0.542188 0.554688 0.545312 0.578125 0.534375 0.595703 0.525000 0.599609
0 0.068750 0.244141 0.056250 0.244141 0.040625 0.232422 0.029687 0.218750 0.029687 0.203125 0.034375 0.197266 0.050000 0.197266 0.068750 0.212891 0.078125 0.212891 0.085938 0.230469 0.068750 0.244141
0 0.662500 0.638672 0.634375 0.638672 0.626563 0.621094 0.643750 0.599609 0.681250 0.599609 0.692187 0.609375 0.687500 0.626953 0.662500 0.638672
0 0.612500 0.814453 0.604688 0.808594 0.604688 0.789062 0.625000 0.763672 0.635938 0.777344 0.639062 0.792969 0.628125 0.810547 0.612500 0.814453
0 0.937500 0.560547 0.915625 0.552734 0.907813 0.542969 0.907813 0.531250 0.928125 0.517578 0.981250 0.517578 0.992188 0.527344 0.992188 0.535156 0.981250 0.544922 0.937500 0.560547
0 0.712500 0.111328 0.656250 0.107422 0.648438 0.093750 0.648438 0.078125 0.656250 0.068359 0.678125 0.068359 0.706250 0.080078 0.717187 0.093750 0.712500 0.111328
0 0.815625 0.349609 0.784375 0.349609 0.770312 0.328125 0.770312 0.320312 0.781250 0.310547 0.834375 0.298828 0.842187 0.308594 0.845313 0.324219 0.834375 0.341797 0.815625 0.349609
0 0.987500 0.849609 0.975000 0.849609 0.970313 0.843750 0.975000 0.826172 0.984375 0.826172 0.992188 0.835938 0.987500 0.849609
0 0.284375 0.173828 0.253125 0.169922 0.235937 0.144531 0.229687 0.109375 0.237500 0.103516 0.259375 0.103516 0.289062 0.140625 0.289062 0.167969 0.284375 0.173828
0 0.815625 0.986328 0.798438 0.976562 0.806250 0.962891 0.820312 0.976562 0.815625 0.986328
0 0.871875 0.876953 0.862500 0.876953 0.854688 0.867188 0.854688 0.847656 0.862500 0.837891 0.868750 0.837891 0.879687 0.851562 0.879687 0.863281 0.871875 0.876953
0 0.996875 0.255859 0.962500 0.267578 0.954688 0.253906 0.965625 0.228516 0.996875 0.220703
0 0.065625 0.103516 0.050000 0.103516 0.042188 0.093750 0.042188 0.078125 0.050000 0.068359 0.071875 0.072266 0.079687 0.082031 0.079687 0.089844 0.065625 0.103516
0 0.481250 0.908203 0.470313 0.902344 0.467187 0.878906 0.484375 0.853516 0.500000 0.845703 0.504687 0.851562 0.501563 0.875000 0.492188 0.898438 0.481250 0.908203
0 0.134375 0.693359 0.100000 0.693359 0.092188 0.683594 0.092188 0.667969 0.096875 0.662109 0.150000 0.658203 0.154688 0.675781 0.134375 0.693359
0 0.209375 0.560547 0.168750 0.560547 0.159375 0.556641 0.148438 0.539062 0.159375 0.521484 0.203125 0.513672 0.220312 0.535156 0.220312 0.546875 0.209375 0.560547
0 0.015625 0.201172 0.004687 0.195312 0.001563 0.171875 0.006250 0.166016 0.020313 0.171875 0.020313 0.195312 0.015625 0.201172
0 0.462500 0.474609 0.437500 0.474609 0.431250 0.466797 0.421875 0.466797 0.404687 0.441406 0.404687 0.425781 0.409375 0.419922 0.434375 0.419922 0.462500 0.439453 0.470313 0.449219 0.470313 0.464844 0.462500 0.474609
0 0.765625 0.248047 0.734375 0.248047 0.726562 0.234375 0.731250 0.228516 0.759375 0.228516 0.770312 0.238281 0.765625 0.248047
0 0.868750 0.740234 0.850000 0.740234 0.839063 0.730469 0.835938 0.710938 0.846875 0.697266 0.875000 0.693359 0.882812 0.703125 0.882812 0.722656 0.868750 0.740234
0 0.612500 0.251953 0.559375 0.248047 0.542188 0.230469 0.542188 0.214844 0.546875 0.208984 0.584375 0.205078 0.621875 0.216797 0.629687 0.226562 0.629687 0.238281 0.612500 0.251953
0 0.200000 0.439453 0.165625 0.439453 0.154688 0.429688 0.154688 0.417969 0.181250 0.392578 0.212500 0.392578 0.223438 0.402344 0.223438 0.414062 0.212500 0.435547 0.200000 0.439453
0 0.478125 0.787109 0.440625 0.783203 0.432812 0.761719 0.450000 0.740234 0.484375 0.732422 0.492188 0.753906 0.489063 0.773438 0.478125 0.787109
0 0.412500 0.166016 0.384375 0.162109 0.348438 0.132812 0.345313 0.082031 0.350000 0.076172 0.362500 0.076172 0.403125 0.107422 0.417187 0.125000 0.423438 0.148438 0.412500 0.166016
0 0.596875 0.994141 0.584375 0.994141 0.579688 0.980469 0.593750 0.974609 0.601562 0.984375 0.596875 0.994141
0 0.706250 0.560547 0.671875 0.560547 0.660937 0.546875 0.657813 0.527344 0.681250 0.509766 0.715625 0.505859 0.735938 0.527344 0.735938 0.535156 0.721875 0.552734 0.706250 0.560547
0 0.753125 0.662109 0.725000 0.662109 0.717187 0.644531 0.725000 0.630859 0.746875 0.619141 0.781250 0.619141 0.789062 0.640625 0.775000 0.654297 0.753125 0.662109
0 0.590625 0.857422 0.568750 0.853516 0.557813 0.835938 0.557813 0.808594 0.568750 0.791016 0.575000 0.791016 0.592187 0.808594 0.595313 0.851562 0.590625 0.857422
0 0.187500 0.134766 0.171875 0.134766 0.159375 0.123047 0.143750 0.123047 0.135937 0.113281 0.132812 0.074219 0.140625 0.064453 0.171875 0.080078 0.182812 0.093750 0.185938 0.109375 0.195312 0.121094 0.187500 0.134766
0 0.850000 0.931641 0.842187 0.925781 0.842187 0.906250 0.832812 0.894531 0.837500 0.880859 0.854688 0.898438 0.854688 0.925781 0.850000 0.931641
0 0.746875 0.755859 0.712500 0.755859 0.704688 0.738281 0.709375 0.732422 0.740625 0.736328 0.751563 0.746094 0.746875 0.755859
0 0.175000 0.724609 0.156250 0.724609 0.151562 0.718750 0.151562 0.703125 0.159375 0.693359 0.171875 0.693359 0.190625 0.681641 0.195312 0.687500 0.192188 0.710938 0.175000 0.724609
0 0.443750 0.595703 0.431250 0.595703 0.420312 0.585938 0.410938 0.558594 0.415625 0.544922 0.446875 0.552734 0.457813 0.566406 0.454688 0.582031 0.443750 0.595703
0 0.293750 0.408203 0.271875 0.408203 0.248438 0.394531 0.248438 0.382812 0.256250 0.373047 0.265625 0.373047 0.275000 0.349609 0.296875 0.357422 0.304688 0.367188 0.304688 0.398438 0.293750 0.408203
0 0.103125 0.212891 0.090625 0.212891 0.067187 0.187500 0.067187 0.175781 0.093750 0.154297 0.109375 0.158203 0.129688 0.183594 0.129688 0.195312 0.121875 0.205078 0.103125 0.212891
0 0.803125 0.541016 0.762500 0.537109 0.754687 0.527344 0.754687 0.515625 0.778125 0.490234 0.812500 0.490234 0.826562 0.503906 0.826562 0.523438 0.803125 0.541016
0 0.790625 0.720703 0.753125 0.716797 0.742188 0.695312 0.742188 0.679688 0.746875 0.673828 0.778125 0.677734 0.798438 0.707031 0.790625 0.720703
0 0.000000 0.064453 0.020313 0.082031 0.020313 0.097656 0.009375 0.103516 0.000000 0.087891
0 0.553125 0.779297 0.534375 0.779297 0.529687 0.773438 0.529687 0.757812 0.546875 0.732422 0.568750 0.732422 0.579688 0.746094 0.579688 0.757812 0.568750 0.771484 0.553125 0.779297
0 0.996875 0.693359 0.965625 0.693359 0.960938 0.687500 0.965625 0.677734 0.996875 0.673828
0 0.726562 0.996094 0.723437 0.984375 0.743750 0.966797 0.759375 0.966797 0.770312 0.984375 0.767188 0.996094
0 0.518750 0.947266 0.496875 0.947266 0.482812 0.917969 0.509375 0.904297 0.521875 0.904297 0.529687 0.917969 0.529687 0.933594 0.518750 0.947266
0 0.171875 0.388672 0.137500 0.388672 0.118750 0.380859 0.110937 0.371094 0.134375 0.357422 0.178125 0.353516 0.189062 0.371094 0.171875 0.388672
0 0.265625 0.591797 0.254688 0.585938 0.254688 0.570312 0.271875 0.544922 0.300000 0.544922 0.307812 0.554688 0.303125 0.568359 0.265625 0.591797
0 0.181250 0.771484 0.170313 0.765625 0.178125 0.736328 0.196875 0.736328 0.207813 0.746094 0.200000 0.759766 0.181250 0.771484
0 0.475000 0.134766 0.459375 0.134766 0.443750 0.123047 0.420312 0.097656 0.420312 0.089844 0.425000 0.083984 0.465625 0.080078 0.490625 0.083984 0.504687 0.105469 0.487500 0.130859 0.475000 0.134766
0 0.671875 0.798828 0.656250 0.798828 0.651563 0.789062 0.675000 0.763672 0.687500 0.759766 0.692187 0.777344 0.681250 0.794922 0.671875 0.798828
0 0.209375 0.939453 0.193750 0.939453 0.185938 0.921875 0.218750 0.888672 0.243750 0.888672 0.251563 0.910156 0.240625 0.923828 0.209375 0.939453
