0 0.834375 0.794922 0.825000 0.794922 0.814063 0.785156 0.820312 0.722656 0.837500 0.708984 0.853125 0.708984 0.859375 0.701172 0.890625 0.705078 0.895312 0.714844 0.882812 0.738281 0.882812 0.753906 0.859375 0.783203 0.834375 0.794922
0 0.996875 0.853516 0.940625 0.841797 0.917188 0.816406 0.907813 0.792969 0.907813 0.777344 0.925000 0.763672 0.943750 0.763672 0.956250 0.755859 0.996875 0.748047
0 0.506250 0.791016 0.484375 0.787109 0.426563 0.753906 0.417187 0.679688 0.395313 0.640625 0.389062 0.597656 0.392188 0.578125 0.414062 0.554688 0.431250 0.521484 0.487500 0.529297 0.534375 0.552734 0.554688 0.578125 0.567187 0.605469 0.576562 0.628906 0.579688 0.667969 0.592187 0.683594 0.589063 0.714844 0.576562 0.753906 0.556250 0.779297 0.506250 0.791016
0 0.000000 0.357422 0.043750 0.388672 0.060937 0.421875 0.060937 0.464844 0.045312 0.492188 0.025000 0.505859 0.000000 0.509766
0 0.578125 0.517578 0.546875 0.505859 0.521875 0.482422 0.487500 0.470703 0.479687 0.453125 0.479687 0.421875 0.496875 0.400391 0.590625 0.404297 0.625000 0.423828 0.648438 0.449219 0.625000 0.478516 0.590625 0.498047 0.578125 0.517578
0 0.832812 0.000000 0.823438 0.019531 0.796875 0.044922 0.762500 0.056641 0.687500 0.044922 0.675000 0.037109 0.654687 0.011719 0.651563 0.000000
0 0.732812 0.996094 0.729688 0.957031 0.735938 0.925781 0.756250 0.900391 0.796875 0.873047 0.834375 0.873047 0.893750 0.892578 0.915625 0.912109 0.946875 0.919922 0.978125 0.939453 0.996875 0.958984
0 0.715625 0.970703 0.703125 0.970703 0.684375 0.958984 0.660937 0.933594 0.660937 0.902344 0.668750 0.892578 0.693750 0.880859 0.712500 0.888672 0.735938 0.917969 0.729688 0.964844 0.715625 0.970703
0 0.517188 0.000000 0.570312 0.074219 0.543750 0.087891 0.450000 0.115234 0.425000 0.146484 0.410938 0.128906 0.392188 0.066406 0.392188 0.027344 0.401562 0.000000
0 0.728125 0.439453 0.659375 0.439453 0.628125 0.419922 0.607812 0.398438 0.604688 0.386719 0.607812 0.335938 0.631250 0.310547 0.643750 0.310547 0.656250 0.298828 0.696875 0.279297 0.709375 0.279297 0.715625 0.271484 0.790625 0.267578 0.812500 0.275391 0.823438 0.289062 0.832812 0.324219 0.826562 0.371094 0.812500 0.392578 0.790625 0.408203 0.740625 0.427734 0.728125 0.439453
0 0.000000 0.931641 0.012500 0.923828 0.040625 0.935547 0.085938 0.996094
0 0.345313 0.000000 0.345313 0.015625 0.340625 0.021484 0.309375 0.021484 0.251563 0.000000
0 0.421875 0.447266 0.400000 0.439453 0.371875 0.447266 0.334375 0.431641 0.321875 0.435547 0.290625 0.416016 0.267188 0.390625 0.239063 0.328125 0.239063 0.312500 0.243750 0.306641 0.259375 0.306641 0.270313 0.281250 0.262500 0.271484 0.221875 0.275391 0.217188 0.257812 0.234375 0.244141 0.284375 0.248047 0.306250 0.267578 0.328125 0.271484 0.378125 0.294922 0.457813 0.390625 0.457813 0.425781 0.443750 0.443359 0.421875 0.447266
0 0.118750 0.240234 0.068750 0.216797 0.032813 0.175781 0.035937 0.117188 0.053125 0.095703 0.096875 0.068359 0.109375 0.068359 0.125000 0.056641 0.143750 0.056641 0.165625 0.076172 0.187500 0.080078 0.223438 0.121094 0.239063 0.164062 0.239063 0.207031 0.225000 0.228516 0.200000 0.236328 0.162500 0.232422 0.118750 0.240234
0 0.196875 0.435547 0.168750 0.431641 0.148438 0.406250 0.151562 0.367188 0.181250 0.326172 0.203125 0.330078 0.214062 0.351562 0.239063 0.378906 0.239063 0.414062 0.228125 0.427734 0.196875 0.435547
0 0.000000 0.583984 0.062500 0.533203 0.071875 0.533203 0.090625 0.513672 0.118750 0.513672 0.150000 0.533203 0.170313 0.558594 0.182812 0.578125 0.201563 0.628906 0.201563 0.656250 0.165625 0.662109 0.145313 0.707031 0.145313 0.761719 0.167187 0.792969 0.167187 0.812500 0.159375 0.822266 0.125000 0.826172 0.059375 0.794922 0.000000 0.712891
0 0.715625 0.708984 0.659375 0.701172 0.648438 0.687500 0.639062 0.664062 0.610938 0.625000 0.601562 0.597656 0.582812 0.535156 0.593750 0.509766 0.618750 0.490234 0.718750 0.494141 0.768750 0.517578 0.801562 0.546875 0.807813 0.562500 0.807813 0.589844 0.795312 0.613281 0.795312 0.625000 0.773438 0.664062 0.743750 0.701172 0.715625 0.708984
0 0.737500 0.271484 0.684375 0.271484 0.679688 0.265625 0.679688 0.218750 0.695312 0.167969 0.717187 0.125000 0.743750 0.099609 0.806250 0.103516 0.829688 0.136719 0.835938 0.160156 0.835938 0.207031 0.826562 0.230469 0.796875 0.255859 0.771875 0.255859 0.759375 0.267578 0.737500 0.271484
0 0.571875 0.330078 0.543750 0.330078 0.500000 0.310547 0.454688 0.253906 0.448437 0.230469 0.451562 0.187500 0.473438 0.152344 0.481250 0.150391 0.493750 0.134766 0.512500 0.134766 0.543750 0.115234 0.593750 0.123047 0.603125 0.134766 0.621875 0.138672 0.646875 0.158203 0.660937 0.183594 0.664062 0.238281 0.657813 0.273438 0.621875 0.310547 0.571875 0.330078
0 0.321875 0.958984 0.278125 0.955078 0.262500 0.939453 0.167187 0.800781 0.167187 0.785156 0.151562 0.742188 0.148438 0.710938 0.151562 0.695312 0.171875 0.666016 0.184375 0.658203 0.215625 0.658203 0.240625 0.666016 0.270313 0.699219 0.270313 0.707031 0.345313 0.824219 0.354687 0.890625 0.354687 0.929688 0.340625 0.951172 0.321875 0.958984
