0 0.304688 0.654297 0.281250 0.654297 0.257812 0.638672 0.248047 0.628906 0.244141 0.613281 0.253906 0.603516 0.277344 0.603516 0.296875 0.615234 0.310547 0.628906 0.310547 0.648438 0.304688 0.654297
0 0.066406 0.126953 0.035156 0.115234 0.025391 0.105469 0.025391 0.089844 0.031250 0.083984 0.054688 0.080078 0.080078 0.097656 0.083984 0.117188 0.066406 0.126953
0 0.296875 0.783203 0.273438 0.775391 0.263672 0.765625 0.265625 0.744141 0.296875 0.740234 0.310547 0.750000 0.314453 0.769531 0.308594 0.779297 0.296875 0.783203
0 0.933594 0.783203 0.896484 0.773438 0.888672 0.742188 0.898438 0.732422 0.921875 0.732422 0.947266 0.753906 0.947266 0.769531 0.933594 0.783203
0 0.000000 0.529297 0.015625 0.533203 0.033203 0.550781 0.033203 0.570312 0.011719 0.572266 0.000000 0.564453
0 0.925781 0.388672 0.906250 0.388672 0.890625 0.380859 0.884766 0.375000 0.884766 0.359375 0.894531 0.349609 0.925781 0.353516 0.935547 0.363281 0.935547 0.378906 0.925781 0.388672
0 0.820312 0.771484 0.791016 0.765625 0.787109 0.738281 0.792969 0.732422 0.808594 0.732422 0.830078 0.753906 0.820312 0.771484
0 0.617188 0.240234 0.597656 0.236328 0.580078 0.218750 0.580078 0.203125 0.593750 0.189453 0.617188 0.193359 0.634766 0.214844 0.630859 0.230469 0.617188 0.240234
0 0.816406 0.228516 0.796875 0.228516 0.783203 0.214844 0.775391 0.183594 0.785156 0.173828 0.800781 0.173828 0.810547 0.183594 0.822266 0.214844 0.816406 0.228516
0 0.324219 0.326172 0.296875 0.326172 0.277344 0.318359 0.267578 0.308594 0.271484 0.292969 0.308594 0.294922 0.330078 0.312500 0.324219 0.326172
0 0.960938 0.548828 0.941406 0.541016 0.923828 0.523438 0.923828 0.511719 0.933594 0.501953 0.949219 0.501953 0.978516 0.523438 0.978516 0.539062 0.960938 0.548828
0 0.339844 0.857422 0.300781 0.849609 0.283203 0.828125 0.283203 0.808594 0.296875 0.798828 0.320312 0.798828 0.335938 0.806641 0.349609 0.824219 0.349609 0.843750 0.339844 0.857422
0 0.601562 0.294922 0.556641 0.277344 0.556641 0.261719 0.566406 0.248047 0.593750 0.248047 0.623047 0.265625 0.623047 0.281250 0.601562 0.294922
0 0.566406 0.791016 0.531250 0.787109 0.517578 0.773438 0.517578 0.757812 0.527344 0.748047 0.554688 0.751953 0.572266 0.769531 0.572266 0.785156 0.566406 0.791016
0 0.402344 0.228516 0.363281 0.224609 0.349609 0.214844 0.345703 0.195312 0.355469 0.185547 0.394531 0.189453 0.408203 0.210938 0.402344 0.228516
0 0.917969 0.134766 0.898438 0.130859 0.884766 0.113281 0.884766 0.093750 0.894531 0.083984 0.906250 0.083984 0.923828 0.105469 0.923828 0.128906 0.917969 0.134766
0 0.681641 0.996094 0.667969 0.990234 0.654297 0.972656 0.664062 0.955078 0.683594 0.955078 0.708984 0.972656 0.708984 0.988281 0.701172 0.996094
0 0.478516 0.000000 0.486328 0.007812 0.480469 0.025391 0.464844 0.021484 0.443359 0.000000
0 0.761719 0.685547 0.750000 0.685547 0.724609 0.667969 0.720703 0.644531 0.730469 0.634766 0.753906 0.638672 0.775391 0.664062 0.775391 0.671875 0.761719 0.685547
0 0.794922 0.000000 0.810547 0.011719 0.808594 0.033203 0.773438 0.029297 0.767578 0.000000
0 0.355469 0.314453 0.328125 0.310547 0.304688 0.294922 0.294922 0.285156 0.298828 0.269531 0.308594 0.263672 0.343750 0.263672 0.359375 0.271484 0.373047 0.289062 0.373047 0.300781 0.355469 0.314453
0 0.000000 0.173828 0.017578 0.187500 0.017578 0.207031 0.000000 0.220703
0 0.449219 0.095703 0.429688 0.095703 0.416016 0.085938 0.404297 0.066406 0.414062 0.048828 0.429688 0.048828 0.447266 0.062500 0.455078 0.074219 0.449219 0.095703
0 0.402344 0.513672 0.363281 0.509766 0.349609 0.496094 0.349609 0.476562 0.363281 0.462891 0.386719 0.462891 0.406250 0.470703 0.416016 0.480469 0.416016 0.500000 0.402344 0.513672
0 0.521484 0.000000 0.537109 0.015625 0.537109 0.035156 0.531250 0.041016 0.511719 0.041016 0.494141 0.023438 0.498047 0.000000
0 0.187500 0.373047 0.160156 0.369141 0.146484 0.355469 0.142578 0.332031 0.148438 0.326172 0.167969 0.322266 0.201172 0.347656 0.201172 0.363281 0.187500 0.373047
0 0.197266 0.000000 0.193359 0.011719 0.183594 0.017578 0.152344 0.013672 0.134766 0.000000
0 0.353516 0.996094 0.341797 0.976562 0.341797 0.960938 0.351562 0.955078 0.371094 0.962891 0.396484 0.988281 0.396484 0.996094
0 0.673828 0.000000 0.693359 0.019531 0.693359 0.039062 0.683594 0.048828 0.664062 0.048828 0.642578 0.031250 0.638672 0.007812 0.646484 0.000000
0 0.523438 0.744141 0.500000 0.744141 0.470703 0.722656 0.470703 0.703125 0.484375 0.685547 0.507812 0.681641 0.525391 0.695312 0.533203 0.710938 0.533203 0.734375 0.523438 0.744141
0 0.742188 0.373047 0.708984 0.347656 0.708984 0.332031 0.722656 0.322266 0.746094 0.326172 0.763672 0.343750 0.763672 0.363281 0.742188 0.373047
0 0.312500 0.486328 0.281250 0.482422 0.263672 0.460938 0.263672 0.445312 0.277344 0.435547 0.320312 0.439453 0.330078 0.468750 0.312500 0.486328
0 0.000000 0.232422 0.011719 0.236328 0.017578 0.250000 0.017578 0.265625 0.000000 0.271484
0 0.890625 0.318359 0.871094 0.318359 0.845703 0.296875 0.845703 0.281250 0.855469 0.271484 0.875000 0.271484 0.888672 0.281250 0.896484 0.296875 0.896484 0.312500 0.890625 0.318359
0 0.375000 0.095703 0.347656 0.091797 0.333984 0.078125 0.333984 0.058594 0.343750 0.052734 0.371094 0.056641 0.384766 0.070312 0.384766 0.085938 0.375000 0.095703
0 0.667969 0.740234 0.640625 0.736328 0.626953 0.722656 0.626953 0.703125 0.636719 0.693359 0.660156 0.697266 0.677734 0.714844 0.677734 0.734375 0.667969 0.740234
0 0.812500 0.958984 0.789062 0.955078 0.775391 0.941406 0.775391 0.925781 0.781250 0.919922 0.800781 0.919922 0.826172 0.937500 0.826172 0.949219 0.812500 0.958984
0 0.816406 0.076172 0.792969 0.076172 0.775391 0.058594 0.771484 0.046875 0.777344 0.033203 0.808594 0.033203 0.826172 0.050781 0.826172 0.066406 0.816406 0.076172
0 0.167969 0.083984 0.140625 0.083984 0.125000 0.076172 0.107422 0.058594 0.107422 0.046875 0.113281 0.041016 0.148438 0.041016 0.164062 0.048828 0.177734 0.062500 0.177734 0.074219 0.167969 0.083984
0 0.996094 0.396484 0.988281 0.396484 0.974609 0.375000 0.974609 0.363281 0.984375 0.353516 0.996094 0.357422
0 0.867188 0.822266 0.832031 0.822266 0.810547 0.800781 0.810547 0.785156 0.816406 0.779297 0.859375 0.783203 0.876953 0.804688 0.867188 0.822266
0 0.621094 0.677734 0.589844 0.677734 0.554688 0.666016 0.529297 0.640625 0.529297 0.621094 0.539062 0.611328 0.562500 0.611328 0.617188 0.630859 0.634766 0.652344 0.634766 0.667969 0.621094 0.677734
0 0.119141 0.996094 0.144531 0.970703 0.183594 0.982422 0.193359 0.996094
0 0.523438 0.814453 0.492188 0.814453 0.472656 0.802734 0.466797 0.796875 0.466797 0.773438 0.480469 0.763672 0.507812 0.767578 0.529297 0.792969 0.529297 0.808594 0.523438 0.814453
0 0.316406 0.615234 0.285156 0.611328 0.263672 0.589844 0.263672 0.574219 0.289062 0.568359 0.312500 0.580078 0.322266 0.589844 0.322266 0.609375 0.316406 0.615234
0 0.996094 0.763672 0.978516 0.753906 0.978516 0.738281 0.996094 0.728516
