0 0.070312 0.586914 0.037500 0.583008 0.031250 0.579102 0.017969 0.558594 0.017969 0.544922 0.022656 0.533203 0.050000 0.500977 0.062500 0.500977 0.085938 0.506836 0.102344 0.531250 0.100781 0.546875 0.091406 0.568359 0.079687 0.584961 0.070312 0.586914
0 0.954688 0.241211 0.935156 0.240234 0.917969 0.205078 0.920312 0.190430 0.939063 0.190430 0.966406 0.199219 0.972656 0.230469 0.968750 0.237305 0.954688 0.241211
0 0.514062 0.124023 0.509375 0.124023 0.500781 0.109375 0.491406 0.099609 0.489844 0.093750 0.478125 0.079102 0.466406 0.070312 0.469531 0.042969 0.484375 0.026367 0.500000 0.022461 0.517188 0.028320 0.530469 0.044922 0.535156 0.076172 0.514062 0.124023
0 0.639062 0.499023 0.621875 0.499023 0.609375 0.495117 0.591406 0.468750 0.589844 0.447266 0.596094 0.431641 0.604688 0.420898 0.609375 0.420898 0.620313 0.413086 0.656250 0.411133 0.672656 0.431641 0.677344 0.443359 0.678906 0.466797 0.673438 0.475586 0.664062 0.483398 0.639062 0.499023
0 0.781250 0.428711 0.768750 0.420898 0.758594 0.408203 0.760156 0.406250 0.753906 0.392578 0.753906 0.380859 0.764062 0.362305 0.767188 0.364258 0.776563 0.360352 0.795312 0.364258 0.803125 0.374023 0.805469 0.373047 0.805469 0.378906 0.811719 0.388672 0.808594 0.400391 0.810156 0.404297 0.803906 0.412109 0.807031 0.414062 0.798438 0.418945 0.793750 0.426758 0.782813 0.424805 0.781250 0.428711
0 0.196875 0.497070 0.182812 0.495117 0.169531 0.474609 0.169531 0.455078 0.179688 0.438477 0.203125 0.440430 0.216406 0.462891 0.217969 0.478516 0.206250 0.495117 0.196875 0.497070
0 0.264062 0.670898 0.242188 0.668945 0.235156 0.660156 0.233594 0.644531 0.240625 0.633789 0.248438 0.627930 0.253125 0.627930 0.267188 0.618164 0.275000 0.618164 0.291406 0.636719 0.294531 0.644531 0.294531 0.654297 0.287500 0.661133 0.264062 0.670898
0 0.193750 0.432617 0.154688 0.432617 0.150000 0.428711 0.138281 0.410156 0.138281 0.404297 0.130469 0.386719 0.128906 0.371094 0.128906 0.351562 0.132031 0.345703 0.145313 0.331055 0.150000 0.331055 0.167187 0.313477 0.181250 0.305664 0.198437 0.305664 0.209375 0.311523 0.225781 0.328125 0.238281 0.351562 0.238281 0.380859 0.235156 0.396484 0.228125 0.403320 0.214062 0.409180 0.201563 0.428711 0.193750 0.432617
0 0.600000 0.284180 0.593750 0.282227 0.582812 0.268555 0.579688 0.268555 0.574219 0.261719 0.567969 0.246094 0.569531 0.226562 0.575781 0.199219 0.582812 0.192383 0.603125 0.190430 0.616406 0.216797 0.614844 0.255859 0.608594 0.271484 0.600000 0.284180
0 0.207813 0.690430 0.196875 0.684570 0.189844 0.675781 0.186719 0.664062 0.186719 0.642578 0.198437 0.631836 0.212500 0.631836 0.219531 0.642578 0.219531 0.673828 0.207813 0.690430
0 0.489063 0.290039 0.473438 0.288086 0.458594 0.271484 0.457031 0.244141 0.462500 0.231445 0.481250 0.225586 0.493750 0.233398 0.500781 0.242188 0.502344 0.259766 0.489063 0.290039
0 0.559375 0.350586 0.535937 0.348633 0.519531 0.326172 0.516406 0.314453 0.516406 0.292969 0.519531 0.273438 0.529687 0.256836 0.535937 0.256836 0.539062 0.252930 0.562500 0.252930 0.570312 0.258789 0.594531 0.283203 0.594531 0.291016 0.607031 0.308594 0.605469 0.326172 0.596875 0.338867 0.590625 0.340820 0.585938 0.346680 0.559375 0.350586
0 0.235937 0.479492 0.223438 0.471680 0.211719 0.457031 0.211719 0.449219 0.208594 0.443359 0.210156 0.427734 0.229687 0.401367 0.245312 0.397461 0.250000 0.393555 0.260937 0.393555 0.270313 0.399414 0.283594 0.419922 0.282031 0.455078 0.273438 0.463867 0.253125 0.475586 0.243750 0.475586 0.235937 0.479492
0 0.000000 0.844727 0.004687 0.852539 0.008594 0.851562 0.011719 0.871094 0.014063 0.864258 0.016406 0.875000 0.011719 0.884766 0.013281 0.892578 0.008594 0.894531 0.008594 0.902344 0.002344 0.908203 0.007031 0.912109 0.000000 0.920898
0 0.000000 0.397461 0.003906 0.386719 0.021875 0.366211 0.057813 0.370117 0.086719 0.400391 0.096094 0.429688 0.096094 0.439453 0.089844 0.451172 0.079687 0.463867 0.053125 0.483398 0.018750 0.481445 0.009375 0.471680 0.006250 0.471680 0.000000 0.458008
0 0.820312 0.610352 0.785937 0.608398 0.780469 0.595703 0.769531 0.583984 0.769531 0.558594 0.772656 0.546875 0.784375 0.534180 0.793750 0.534180 0.800000 0.530273 0.823438 0.530273 0.834375 0.532227 0.835938 0.536133 0.847656 0.537109 0.852344 0.548828 0.850781 0.564453 0.841406 0.589844 0.841406 0.595703 0.829688 0.608398 0.820312 0.610352
0 0.709375 0.143555 0.670312 0.143555 0.657813 0.139648 0.653125 0.133789 0.645312 0.133789 0.625000 0.114258 0.617969 0.101562 0.616406 0.091797 0.616406 0.066406 0.622656 0.048828 0.632812 0.038086 0.646875 0.030273 0.653125 0.022461 0.667188 0.018555 0.692187 0.018555 0.706250 0.022461 0.720313 0.034180 0.725781 0.041016 0.725781 0.046875 0.733594 0.066406 0.732031 0.111328 0.721094 0.134766 0.709375 0.143555
0 0.428125 0.106445 0.417187 0.104492 0.403906 0.091797 0.402344 0.080078 0.403906 0.070312 0.407813 0.065430 0.420312 0.065430 0.428906 0.072266 0.432031 0.082031 0.432031 0.101562 0.428125 0.106445
