0 0.156250 0.404297 0.125000 0.400391 0.107422 0.386719 0.107422 0.359375 0.144531 0.333984 0.167969 0.337891 0.181641 0.359375 0.177734 0.386719 0.156250 0.404297
0 0.304688 0.345703 0.296875 0.345703 0.287109 0.332031 0.308594 0.310547 0.316406 0.306641 0.341797 0.320312 0.345703 0.328125 0.339844 0.333984 0.304688 0.345703
0 0.843750 0.275391 0.820312 0.271484 0.810547 0.257812 0.810547 0.222656 0.828125 0.201172 0.855469 0.201172 0.869141 0.222656 0.869141 0.253906 0.843750 0.275391
0 0.173828 0.996094 0.162109 0.972656 0.162109 0.949219 0.173828 0.925781 0.162109 0.921875 0.183594 0.916016 0.191406 0.896484 0.201172 0.914062 0.197266 0.929688 0.210938 0.935547 0.214844 0.919922 0.228516 0.933594 0.236328 0.953125 0.232422 0.980469 0.220703 0.996094
0 0.792969 0.236328 0.779297 0.230469 0.771484 0.195312 0.783203 0.167969 0.792969 0.158203 0.808594 0.158203 0.818359 0.167969 0.818359 0.199219 0.806641 0.226562 0.792969 0.236328
0 0.681641 0.000000 0.685547 0.011719 0.664062 0.029297 0.648438 0.029297 0.630859 0.011719 0.630859 0.000000
0 0.781250 0.310547 0.750000 0.306641 0.728516 0.285156 0.720703 0.265625 0.726562 0.255859 0.748047 0.246094 0.742188 0.240234 0.714844 0.240234 0.708984 0.234375 0.708984 0.210938 0.746094 0.185547 0.761719 0.189453 0.767578 0.199219 0.767578 0.222656 0.755859 0.238281 0.769531 0.240234 0.802734 0.277344 0.802734 0.292969 0.781250 0.310547
0 0.777344 0.583984 0.759766 0.574219 0.765625 0.556641 0.777344 0.556641 0.787109 0.574219 0.777344 0.583984
0 0.339844 0.103516 0.326172 0.097656 0.332031 0.083984 0.345703 0.089844 0.339844 0.103516
0 0.199219 0.283203 0.175781 0.279297 0.162109 0.265625 0.154297 0.246094 0.162109 0.222656 0.183594 0.212891 0.203125 0.216797 0.216797 0.238281 0.216797 0.269531 0.199219 0.283203
0 0.679688 0.521484 0.660156 0.521484 0.650391 0.511719 0.646484 0.472656 0.652344 0.466797 0.679688 0.466797 0.685547 0.472656 0.689453 0.511719 0.679688 0.521484
0 0.324219 0.060547 0.310547 0.054688 0.316406 0.041016 0.330078 0.046875 0.324219 0.060547
0 0.535156 0.380859 0.503906 0.376953 0.490234 0.355469 0.494141 0.312500 0.503906 0.306641 0.531250 0.306641 0.560547 0.328125 0.552734 0.367188 0.535156 0.380859
0 0.421875 0.314453 0.394531 0.314453 0.384766 0.296875 0.398438 0.287109 0.414062 0.287109 0.423828 0.296875 0.421875 0.314453
0 0.726562 0.533203 0.707031 0.533203 0.693359 0.523438 0.691406 0.482422 0.714844 0.478516 0.722656 0.486328 0.746094 0.486328 0.751953 0.492188 0.751953 0.503906 0.732422 0.519531 0.726562 0.533203
0 0.371094 0.095703 0.357422 0.089844 0.363281 0.076172 0.376953 0.082031 0.371094 0.095703
0 0.687500 0.904297 0.640625 0.900391 0.623047 0.875000 0.630859 0.855469 0.664062 0.841797 0.662109 0.847656 0.671875 0.849609 0.689453 0.867188 0.687500 0.904297
0 0.167969 0.943359 0.156250 0.931641 0.146484 0.933594 0.146484 0.914062 0.138672 0.902344 0.142578 0.882812 0.160156 0.865234 0.175781 0.865234 0.185547 0.875000 0.201172 0.890625 0.201172 0.906250 0.212891 0.917969 0.210938 0.935547 0.197266 0.929688 0.201172 0.914062 0.191406 0.896484 0.183594 0.916016 0.162109 0.921875 0.173828 0.925781 0.167969 0.943359
0 0.937500 0.314453 0.904297 0.300781 0.900391 0.285156 0.917969 0.263672 0.937500 0.267578 0.947266 0.281250 0.947266 0.304688 0.937500 0.314453
0 0.761719 0.115234 0.744141 0.105469 0.744141 0.085938 0.753906 0.076172 0.765625 0.076172 0.775391 0.085938 0.775391 0.097656 0.761719 0.115234
0 0.691406 0.896484 0.689453 0.867188 0.671875 0.849609 0.664062 0.849609 0.664062 0.841797 0.636719 0.849609 0.630859 0.863281 0.623047 0.863281 0.632812 0.845703 0.646484 0.843750 0.642578 0.816406 0.654297 0.800781 0.687500 0.783203 0.720703 0.808594 0.728516 0.828125 0.716797 0.863281 0.693359 0.882812 0.691406 0.896484
0 0.296875 0.248047 0.275391 0.238281 0.275391 0.222656 0.289062 0.212891 0.304688 0.216797 0.310547 0.226562 0.306641 0.242188 0.296875 0.248047
0 0.316406 0.029297 0.302734 0.023438 0.308594 0.005859 0.326172 0.011719 0.316406 0.029297
0 0.332031 0.041016 0.318359 0.035156 0.324219 0.021484 0.337891 0.027344 0.332031 0.041016
0 0.617188 0.802734 0.603516 0.796875 0.609375 0.783203 0.623047 0.789062 0.617188 0.802734
