0 0.198242 0.907715 0.192871 0.907227 0.192871 0.900391 0.196289 0.897949 0.203125 0.897949 0.204590 0.904297 0.198242 0.907715
0 0.000000 0.071777 0.002930 0.070801 0.004395 0.073242 0.004395 0.077148 0.002930 0.078613 0.000000 0.077637
0 0.320312 0.111816 0.316895 0.111328 0.317871 0.104492 0.320312 0.101074 0.330078 0.099121 0.333496 0.101562 0.333496 0.105469 0.332031 0.106934 0.326172 0.107910 0.320312 0.111816
0 0.750977 0.517090 0.744141 0.517090 0.742188 0.512207 0.740234 0.512207 0.736328 0.508301 0.731445 0.508301 0.730957 0.505859 0.733398 0.504395 0.740234 0.504395 0.747070 0.512207 0.751465 0.513672 0.750977 0.517090
0 0.128906 0.261230 0.121094 0.261230 0.118652 0.258789 0.118652 0.253906 0.121094 0.249512 0.124023 0.249512 0.128418 0.253906 0.128906 0.261230
0 0.094727 0.922363 0.090820 0.922363 0.084961 0.919434 0.082520 0.913086 0.089844 0.902832 0.099609 0.901855 0.104004 0.906250 0.104004 0.912109 0.103027 0.916016 0.094727 0.922363
0 0.795898 0.554199 0.784180 0.553223 0.782715 0.551758 0.782715 0.547852 0.784668 0.543945 0.791992 0.540527 0.808594 0.539551 0.809082 0.544922 0.812500 0.546387 0.812988 0.548828 0.808594 0.552246 0.796875 0.552246 0.795898 0.554199
0 0.781250 0.601074 0.775879 0.598633 0.774902 0.589844 0.778320 0.587402 0.785156 0.587402 0.789551 0.590820 0.789551 0.596680 0.787109 0.599121 0.781250 0.601074
0 0.587891 0.154785 0.581055 0.153809 0.579102 0.150879 0.575684 0.149414 0.573242 0.144043 0.567871 0.141602 0.567871 0.137695 0.569824 0.136719 0.569824 0.132812 0.572266 0.129395 0.580078 0.128418 0.583496 0.130859 0.586426 0.138672 0.590332 0.143555 0.590332 0.152344 0.587891 0.154785
0 0.513672 0.677246 0.510254 0.672852 0.510254 0.666016 0.507324 0.660156 0.507324 0.652344 0.510742 0.648926 0.515625 0.648926 0.517090 0.650391 0.520020 0.660156 0.520020 0.670898 0.513672 0.677246
0 0.575195 0.729004 0.568359 0.727051 0.562988 0.721680 0.561035 0.715820 0.562012 0.708008 0.567383 0.697754 0.574219 0.697754 0.580566 0.708984 0.580566 0.721680 0.575195 0.729004
0 0.921875 0.030762 0.916504 0.029297 0.917480 0.022461 0.919922 0.017090 0.925781 0.017090 0.928223 0.020508 0.928223 0.025391 0.925781 0.028809 0.921875 0.030762
0 0.489258 0.766113 0.485352 0.766113 0.481934 0.762695 0.479980 0.753906 0.482910 0.745117 0.487793 0.741211 0.490234 0.736816 0.492188 0.736816 0.496582 0.744141 0.496582 0.757812 0.494629 0.762695 0.489258 0.766113
0 0.960938 0.374512 0.958984 0.374512 0.958496 0.372070 0.955566 0.371094 0.953613 0.364258 0.958984 0.359863 0.963867 0.359863 0.967285 0.363281 0.968262 0.368164 0.963867 0.373535 0.960938 0.374512
0 0.936523 0.483887 0.929688 0.483887 0.923340 0.479492 0.923340 0.476562 0.926270 0.475586 0.924316 0.465820 0.927734 0.463379 0.935547 0.464355 0.942871 0.468750 0.943848 0.474609 0.940918 0.480469 0.936523 0.483887
0 0.747070 0.462402 0.735352 0.461426 0.733887 0.459961 0.732910 0.448242 0.736328 0.443848 0.746094 0.443848 0.755371 0.452148 0.755371 0.459961 0.753906 0.461426 0.747070 0.462402
0 0.493164 0.591309 0.488281 0.591309 0.486816 0.589844 0.486816 0.581055 0.493164 0.571777 0.501953 0.570801 0.504395 0.575195 0.504395 0.579102 0.500488 0.581055 0.493164 0.591309
0 0.133789 0.257324 0.128418 0.255859 0.126465 0.250000 0.124512 0.249023 0.125000 0.246582 0.129883 0.246582 0.134277 0.249023 0.135254 0.254883 0.133789 0.257324
0 0.654297 0.416504 0.648438 0.416504 0.646484 0.414551 0.641602 0.413574 0.641113 0.411133 0.648438 0.405762 0.653320 0.405762 0.654785 0.407227 0.654297 0.416504
0 0.261719 0.246582 0.253418 0.243164 0.251465 0.234375 0.254883 0.230957 0.258789 0.230957 0.265137 0.236328 0.265137 0.243164 0.261719 0.246582
0 0.705078 0.847168 0.688477 0.847168 0.685059 0.843750 0.685059 0.841797 0.687012 0.840820 0.687988 0.835938 0.690918 0.833008 0.692383 0.826660 0.700195 0.821777 0.708008 0.820801 0.712402 0.824219 0.713379 0.834961 0.705078 0.847168
0 0.855469 0.062988 0.845703 0.062988 0.842773 0.061035 0.837891 0.062012 0.833496 0.056641 0.837891 0.051270 0.840820 0.050293 0.856445 0.049316 0.861816 0.051758 0.859863 0.052734 0.861816 0.054688 0.861816 0.057617 0.858398 0.062012 0.855469 0.062988
0 0.757812 0.696777 0.752930 0.696777 0.751465 0.695312 0.752930 0.687988 0.758301 0.688477 0.759277 0.695312 0.757812 0.696777
0 0.982422 0.570801 0.972656 0.570801 0.968262 0.568359 0.966309 0.563477 0.966309 0.557617 0.972656 0.550293 0.989258 0.549316 0.993652 0.552734 0.994629 0.559570 0.992676 0.564453 0.982422 0.570801
0 0.918945 0.696777 0.914062 0.696777 0.909668 0.694336 0.910156 0.686035 0.916992 0.686035 0.921387 0.688477 0.922363 0.694336 0.918945 0.696777
0 0.804688 0.397949 0.791992 0.397949 0.784180 0.393066 0.782715 0.391602 0.782715 0.376953 0.786133 0.374512 0.792969 0.374512 0.804199 0.387695 0.803223 0.388672 0.806152 0.392578 0.804688 0.397949
0 0.462891 0.728027 0.455078 0.725098 0.454590 0.721680 0.456543 0.720703 0.456543 0.711914 0.459473 0.700195 0.460938 0.698730 0.465820 0.698730 0.471191 0.704102 0.473145 0.709961 0.473145 0.717773 0.470215 0.723633 0.462891 0.728027
0 0.290039 0.447754 0.282715 0.444336 0.281738 0.438477 0.287598 0.428711 0.291992 0.424316 0.294922 0.424316 0.298828 0.421387 0.302734 0.421387 0.312500 0.424316 0.314941 0.426758 0.315918 0.431641 0.312500 0.438965 0.310547 0.438965 0.305664 0.443848 0.290039 0.447754
0 0.291992 0.660645 0.287109 0.658691 0.285645 0.656250 0.287598 0.645508 0.298828 0.637207 0.303711 0.638184 0.308105 0.642578 0.308105 0.649414 0.300781 0.658691 0.291992 0.660645
0 0.913086 0.705566 0.908691 0.705078 0.908203 0.697754 0.914551 0.698242 0.913086 0.705566
0 0.273438 0.117676 0.270996 0.115234 0.270996 0.108398 0.272461 0.104980 0.276367 0.104980 0.278809 0.108398 0.278809 0.115234 0.273438 0.117676
0 0.831543 0.000000 0.832520 0.004883 0.831055 0.006348 0.824219 0.006348 0.822754 0.001953 0.824707 0.000000
0 0.270508 0.121582 0.261230 0.121094 0.261230 0.117188 0.263184 0.116211 0.264648 0.111816 0.270020 0.112305 0.271973 0.116211 0.270508 0.121582
0 0.200195 0.923340 0.195312 0.923340 0.190918 0.920898 0.190918 0.916992 0.193848 0.913086 0.193848 0.910156 0.198242 0.907715 0.202637 0.908203 0.200195 0.923340
0 0.741211 0.520996 0.733398 0.520996 0.729980 0.517578 0.731445 0.510254 0.737305 0.510254 0.743652 0.513672 0.743652 0.517578 0.741211 0.520996
0 0.919922 0.229004 0.911133 0.226074 0.908691 0.223633 0.907715 0.219727 0.910645 0.214844 0.916992 0.209473 0.922852 0.206543 0.928711 0.206543 0.932129 0.210938 0.933105 0.217773 0.928711 0.224121 0.919922 0.229004
0 0.494141 0.555176 0.490234 0.554199 0.487305 0.550293 0.484375 0.551270 0.481934 0.549805 0.479980 0.535156 0.485352 0.530762 0.495117 0.531738 0.500488 0.541016 0.499512 0.548828 0.494141 0.555176
0 0.802734 0.796387 0.796387 0.795898 0.796387 0.791016 0.799805 0.787598 0.805664 0.787598 0.808105 0.790039 0.808105 0.793945 0.802734 0.796387
0 0.922852 0.705566 0.918945 0.705566 0.916504 0.703125 0.916992 0.696777 0.924805 0.695801 0.926270 0.697266 0.926270 0.703125 0.922852 0.705566
0 0.803711 0.787598 0.792480 0.787109 0.791504 0.775391 0.793945 0.772949 0.801270 0.773438 0.804199 0.779297 0.803711 0.787598
0 0.020508 0.229004 0.014160 0.227539 0.014160 0.218750 0.022461 0.208496 0.028320 0.205566 0.031738 0.208984 0.032715 0.216797 0.026855 0.225586 0.020508 0.229004
0 0.198242 0.084473 0.191406 0.084473 0.187012 0.081055 0.187012 0.073242 0.190430 0.069824 0.195312 0.069824 0.198730 0.072266 0.200684 0.079102 0.198242 0.084473
0 0.046875 0.686035 0.027344 0.686035 0.026855 0.679688 0.033203 0.674316 0.041992 0.674316 0.047363 0.678711 0.046875 0.686035
0 0.472656 0.808105 0.468750 0.808105 0.456543 0.795898 0.455566 0.788086 0.458008 0.784668 0.463867 0.785645 0.476074 0.795898 0.475098 0.804688 0.472656 0.808105
0 0.199219 0.715332 0.195312 0.715332 0.190918 0.710938 0.190918 0.708984 0.196289 0.699707 0.202148 0.698730 0.205566 0.704102 0.205566 0.710938 0.199219 0.715332
0 0.916992 0.025879 0.914062 0.025879 0.909668 0.022461 0.910156 0.016113 0.917480 0.017578 0.916992 0.025879
0 0.537109 0.250488 0.527344 0.249512 0.524902 0.247070 0.522949 0.243164 0.523926 0.232422 0.525391 0.230957 0.527344 0.231934 0.528809 0.230469 0.527832 0.229492 0.532227 0.226074 0.544922 0.223145 0.548340 0.225586 0.549316 0.230469 0.547363 0.241211 0.551270 0.243164 0.545898 0.243652 0.537109 0.250488
0 0.647461 0.143066 0.639648 0.143066 0.631348 0.135742 0.629395 0.127930 0.632812 0.123535 0.636719 0.121582 0.639160 0.122070 0.637695 0.123535 0.647461 0.121582 0.650391 0.122559 0.656738 0.128906 0.656738 0.133789 0.654785 0.137695 0.647461 0.143066
0 0.765625 0.695801 0.760742 0.695801 0.759277 0.694336 0.758301 0.690430 0.760742 0.687012 0.767090 0.687500 0.767090 0.693359 0.765625 0.695801
0 0.375000 0.216309 0.366699 0.211914 0.365723 0.197266 0.368164 0.190918 0.374023 0.191895 0.377441 0.197266 0.375000 0.216309
0 0.628906 0.417480 0.623047 0.417480 0.618652 0.415039 0.617676 0.406250 0.623047 0.399902 0.630859 0.399902 0.634277 0.403320 0.634277 0.413086 0.628906 0.417480
0 0.644531 0.423340 0.640625 0.423340 0.639160 0.421875 0.639648 0.416504 0.646484 0.415527 0.647949 0.416992 0.647949 0.421875 0.644531 0.423340
0 0.799805 0.738770 0.795898 0.738770 0.795410 0.736328 0.800781 0.733887 0.801270 0.737305 0.799805 0.738770
0 0.614258 0.725098 0.609863 0.724609 0.611328 0.720215 0.613770 0.720703 0.614258 0.725098
0 0.600586 0.628418 0.596191 0.626953 0.594238 0.621094 0.596191 0.618164 0.596191 0.614258 0.599609 0.610840 0.604492 0.609863 0.606445 0.607910 0.615234 0.607910 0.617676 0.610352 0.617676 0.614258 0.615723 0.617188 0.600586 0.628418
0 0.619141 0.522949 0.613281 0.520996 0.610840 0.516602 0.604004 0.510742 0.603027 0.507812 0.604004 0.499023 0.611328 0.493652 0.618164 0.494629 0.619629 0.496094 0.622559 0.500977 0.624512 0.508789 0.626465 0.509766 0.626465 0.515625 0.624512 0.520508 0.619141 0.522949
0 0.488281 0.928223 0.485352 0.927246 0.481934 0.922852 0.481934 0.916992 0.485352 0.912598 0.490234 0.912598 0.494629 0.916992 0.493652 0.923828 0.488281 0.928223
0 0.542969 0.661621 0.536621 0.656250 0.534668 0.652344 0.536621 0.637695 0.541016 0.631348 0.544922 0.631348 0.547852 0.633301 0.551270 0.641602 0.550293 0.653320 0.548340 0.657227 0.542969 0.661621
0 0.467773 0.104004 0.458984 0.104004 0.454102 0.102051 0.451660 0.096680 0.451660 0.092773 0.458008 0.086426 0.461914 0.085449 0.465820 0.080566 0.475586 0.080566 0.477051 0.082031 0.477051 0.096680 0.475586 0.099121 0.467773 0.104004
0 0.331055 0.115723 0.326172 0.115723 0.325684 0.110352 0.331055 0.106934 0.334961 0.106934 0.335449 0.112305 0.331055 0.115723
0 0.158203 0.117676 0.147461 0.116699 0.145020 0.113281 0.145020 0.110352 0.154297 0.102051 0.163086 0.101074 0.166504 0.104492 0.166504 0.109375 0.163574 0.112305 0.163574 0.114258 0.158203 0.117676
0 0.020508 0.028809 0.009766 0.025879 0.008301 0.022461 0.010254 0.017578 0.014160 0.014648 0.016602 0.010254 0.018555 0.010254 0.020508 0.007324 0.024414 0.007324 0.028809 0.012695 0.029785 0.022461 0.025391 0.026855 0.020508 0.028809
0 0.175781 0.459473 0.170410 0.458984 0.168457 0.447266 0.176758 0.438965 0.183594 0.438965 0.186035 0.442383 0.186035 0.452148 0.183594 0.455566 0.180664 0.457520 0.176758 0.457520 0.175781 0.459473
