0 0.428125 0.513672 0.418750 0.513672 0.400000 0.486328 0.389062 0.480469 0.385937 0.468750 0.395313 0.414062 0.412500 0.396484 0.440625 0.400391 0.448437 0.410156 0.445312 0.445312 0.473438 0.457031 0.448437 0.500000 0.428125 0.513672
0 0.384375 0.740234 0.364063 0.718750 0.354687 0.699219 0.354687 0.683594 0.378125 0.646484 0.409375 0.646484 0.420312 0.660156 0.420312 0.691406 0.407813 0.714844 0.393750 0.724609 0.384375 0.740234
0 0.162500 0.263672 0.150000 0.263672 0.145313 0.257812 0.157812 0.156250 0.190625 0.119141 0.206250 0.115234 0.217188 0.128906 0.223438 0.160156 0.232813 0.171875 0.232813 0.203125 0.221875 0.224609 0.212500 0.224609 0.206250 0.232422 0.184375 0.232422 0.162500 0.263672
0 0.159375 0.876953 0.146875 0.876953 0.139063 0.867188 0.135937 0.851562 0.153125 0.822266 0.171875 0.818359 0.182812 0.828125 0.182812 0.847656 0.179688 0.859375 0.159375 0.876953
0 0.056250 0.228516 0.037500 0.220703 0.023438 0.203125 0.020313 0.179688 0.029687 0.148438 0.043750 0.130859 0.078125 0.126953 0.098437 0.148438 0.101562 0.175781 0.092188 0.195312 0.092188 0.207031 0.084375 0.216797 0.056250 0.228516
0 0.007812 0.996094 0.026562 0.964844 0.040625 0.955078 0.046875 0.955078 0.057813 0.968750 0.051562 0.996094
0 0.612500 0.880859 0.584375 0.876953 0.545312 0.824219 0.554688 0.812500 0.564063 0.777344 0.581250 0.759766 0.587500 0.759766 0.601562 0.777344 0.610938 0.796875 0.607812 0.824219 0.626563 0.847656 0.623437 0.867188 0.612500 0.880859
0 0.403125 0.810547 0.389062 0.804688 0.389062 0.785156 0.409375 0.755859 0.415625 0.755859 0.420312 0.761719 0.420312 0.789062 0.403125 0.810547
0 0.468750 0.705078 0.456250 0.705078 0.442188 0.687500 0.439063 0.644531 0.450000 0.626953 0.484375 0.623047 0.498437 0.644531 0.501563 0.660156 0.495312 0.679688 0.478125 0.701172 0.468750 0.705078
0 0.190625 0.970703 0.162500 0.962891 0.151562 0.949219 0.151562 0.921875 0.156250 0.916016 0.184375 0.904297 0.203125 0.904297 0.207813 0.910156 0.210938 0.960938 0.190625 0.970703
0 0.137500 0.775391 0.112500 0.775391 0.104688 0.765625 0.101562 0.746094 0.082812 0.730469 0.085938 0.714844 0.106250 0.685547 0.146875 0.693359 0.173437 0.718750 0.173437 0.738281 0.167187 0.753906 0.137500 0.775391
0 0.301563 0.996094 0.295312 0.984375 0.295312 0.968750 0.309375 0.951172 0.328125 0.939453 0.340625 0.939453 0.345313 0.945312 0.345313 0.996094
0 0.000000 0.341797 0.025000 0.333984 0.046875 0.337891 0.060937 0.355469 0.064062 0.375000 0.060937 0.402344 0.037500 0.435547 0.015625 0.447266 0.000000 0.443359
0 0.231250 0.439453 0.203125 0.439453 0.189062 0.425781 0.189062 0.398438 0.218750 0.369141 0.240625 0.369141 0.253125 0.388672 0.264062 0.394531 0.264062 0.406250 0.231250 0.439453
0 0.232813 0.996094 0.246875 0.974609 0.275000 0.974609 0.285938 0.996094
0 0.465625 0.208984 0.445312 0.191406 0.439063 0.167969 0.439063 0.136719 0.450000 0.119141 0.456250 0.119141 0.465625 0.107422 0.475000 0.107422 0.492188 0.128906 0.492188 0.156250 0.465625 0.208984
0 0.712500 0.384766 0.671875 0.369141 0.656250 0.369141 0.642188 0.351562 0.642188 0.292969 0.646875 0.287109 0.693750 0.287109 0.707812 0.304688 0.714063 0.324219 0.714063 0.347656 0.723437 0.359375 0.723437 0.375000 0.712500 0.384766
0 0.775000 0.525391 0.746875 0.521484 0.726562 0.480469 0.729688 0.429688 0.756250 0.392578 0.778125 0.400391 0.789062 0.414062 0.801562 0.464844 0.798438 0.488281 0.775000 0.525391
0 0.428125 0.982422 0.412500 0.982422 0.398438 0.968750 0.395313 0.921875 0.382812 0.910156 0.382812 0.898438 0.376563 0.890625 0.376563 0.878906 0.395313 0.859375 0.392188 0.843750 0.400000 0.833984 0.410938 0.835938 0.414062 0.804688 0.418750 0.798828 0.432812 0.808594 0.434375 0.837891 0.446875 0.833984 0.476562 0.859375 0.470313 0.875000 0.473438 0.898438 0.448437 0.921875 0.445312 0.960938 0.428125 0.982422
0 0.765625 0.087891 0.759375 0.087891 0.740625 0.064453 0.728125 0.064453 0.723437 0.058594 0.723437 0.027344 0.728125 0.013672 0.759375 0.005859 0.776563 0.027344 0.779687 0.058594 0.765625 0.087891
0 0.623437 0.996094 0.626563 0.964844 0.631250 0.958984 0.642188 0.964844 0.639062 0.996094
0 0.145313 0.996094 0.162500 0.962891 0.185938 0.972656 0.179688 0.980469 0.182812 0.996094
0 0.325000 0.404297 0.253125 0.388672 0.240625 0.369141 0.225000 0.369141 0.223438 0.359375 0.210938 0.343750 0.210938 0.312500 0.217188 0.300781 0.231250 0.283203 0.243750 0.283203 0.268750 0.294922 0.278125 0.306641 0.312500 0.310547 0.325000 0.330078 0.337500 0.333984 0.348438 0.351562 0.348438 0.375000 0.325000 0.404297
0 0.975000 0.599609 0.946875 0.599609 0.918750 0.580078 0.906250 0.580078 0.901563 0.562500 0.931250 0.525391 0.962500 0.525391 0.985938 0.546875 0.982812 0.574219 0.992188 0.589844 0.975000 0.599609
0 0.725000 0.271484 0.710938 0.250000 0.728125 0.224609 0.743750 0.220703 0.751563 0.238281 0.725000 0.271484
0 0.359375 0.326172 0.350000 0.326172 0.337500 0.302734 0.325000 0.298828 0.317188 0.289062 0.314063 0.253906 0.314063 0.242188 0.321875 0.232422 0.350000 0.216797 0.375000 0.228516 0.382812 0.238281 0.389062 0.261719 0.385937 0.292969 0.376563 0.304688 0.376563 0.312500 0.359375 0.326172
0 0.321875 0.935547 0.271875 0.931641 0.242188 0.906250 0.242188 0.882812 0.262500 0.849609 0.290625 0.837891 0.318750 0.837891 0.332813 0.855469 0.335938 0.917969 0.321875 0.935547
0 0.000000 0.685547 0.004687 0.695312 0.004687 0.726562 0.000000 0.736328
0 0.546875 0.822266 0.525000 0.822266 0.518750 0.814453 0.509375 0.814453 0.501563 0.796875 0.501563 0.781250 0.521875 0.759766 0.543750 0.755859 0.560937 0.785156 0.554688 0.812500 0.546875 0.822266
0 0.054688 0.000000 0.070312 0.050781 0.067187 0.082031 0.050000 0.099609 0.021875 0.103516 0.004687 0.085938 0.000000 0.068359
0 0.831250 0.583984 0.812500 0.580078 0.785937 0.542969 0.785937 0.531250 0.793750 0.521484 0.806250 0.521484 0.825000 0.537109 0.850000 0.537109 0.867188 0.558594 0.862500 0.576172 0.831250 0.583984
0 0.346875 0.658203 0.325000 0.658203 0.310937 0.628906 0.298438 0.617188 0.301563 0.589844 0.325000 0.564453 0.340625 0.564453 0.350000 0.576172 0.375000 0.572266 0.382812 0.582031 0.379688 0.617188 0.373437 0.632812 0.356250 0.654297 0.346875 0.658203
0 0.203125 0.654297 0.151562 0.613281 0.156250 0.595703 0.179688 0.578125 0.179688 0.558594 0.184375 0.552734 0.200000 0.552734 0.226562 0.574219 0.229687 0.625000 0.203125 0.654297
0 0.760938 0.000000 0.756250 0.009766 0.743750 0.013672 0.721875 0.013672 0.714063 0.000000
0 0.578125 0.455078 0.565625 0.455078 0.542188 0.429688 0.539062 0.394531 0.550000 0.380859 0.590625 0.373047 0.595313 0.378906 0.592187 0.414062 0.598437 0.429688 0.578125 0.455078
0 0.068750 0.853516 0.054688 0.843750 0.060937 0.828125 0.060937 0.808594 0.068750 0.794922 0.087500 0.794922 0.095312 0.804688 0.095312 0.824219 0.081250 0.849609 0.068750 0.853516
0 0.334375 0.158203 0.290625 0.154297 0.257812 0.117188 0.251563 0.078125 0.262500 0.056641 0.278125 0.048828 0.309375 0.048828 0.339062 0.082031 0.339062 0.097656 0.348438 0.109375 0.348438 0.140625 0.334375 0.158203
0 0.467187 0.000000 0.473438 0.019531 0.470313 0.042969 0.450000 0.064453 0.431250 0.064453 0.417187 0.050781 0.407813 0.023438 0.410938 0.000000
0 0.771875 0.212891 0.740625 0.201172 0.732812 0.183594 0.739062 0.121094 0.750000 0.107422 0.765625 0.099609 0.790625 0.107422 0.798438 0.117188 0.798438 0.156250 0.771875 0.212891
0 0.918750 0.619141 0.875000 0.607422 0.864062 0.589844 0.868750 0.583984 0.903125 0.587891 0.923438 0.605469 0.918750 0.619141
0 0.200000 0.736328 0.189062 0.730469 0.182812 0.695312 0.182812 0.683594 0.193750 0.669922 0.206250 0.669922 0.210938 0.675781 0.207813 0.691406 0.214062 0.699219 0.214062 0.718750 0.200000 0.736328
0 0.621875 0.310547 0.614062 0.304688 0.579688 0.218750 0.585938 0.156250 0.582812 0.144531 0.587500 0.138672 0.601562 0.144531 0.601562 0.164062 0.617188 0.191406 0.614062 0.222656 0.629687 0.246094 0.629687 0.285156 0.623437 0.292969 0.626563 0.304688 0.621875 0.310547
0 0.450000 0.611328 0.437500 0.611328 0.429688 0.601562 0.429688 0.589844 0.437500 0.580078 0.451562 0.589844 0.454688 0.605469 0.450000 0.611328
0 0.715625 0.181641 0.706250 0.181641 0.692187 0.167969 0.689063 0.140625 0.712500 0.111328 0.725000 0.111328 0.739062 0.125000 0.739062 0.148438 0.732812 0.167969 0.715625 0.181641
0 0.268750 0.814453 0.251563 0.804688 0.251563 0.789062 0.275000 0.759766 0.293750 0.755859 0.304688 0.773438 0.301563 0.800781 0.296875 0.806641 0.275000 0.806641 0.268750 0.814453
