0 0.560547 0.996094 0.574219 0.974609 0.593750 0.966797 0.625000 0.974609 0.642578 0.996094
0 0.398438 0.408203 0.367188 0.404297 0.333984 0.375000 0.337891 0.339844 0.347656 0.326172 0.367188 0.314453 0.410156 0.314453 0.425781 0.322266 0.443359 0.347656 0.439453 0.378906 0.417969 0.400391 0.398438 0.408203
0 0.144531 0.302734 0.117188 0.302734 0.095703 0.281250 0.095703 0.265625 0.087891 0.257812 0.087891 0.222656 0.105469 0.201172 0.148438 0.201172 0.162109 0.214844 0.162109 0.238281 0.154297 0.246094 0.154297 0.265625 0.146484 0.273438 0.154297 0.292969 0.144531 0.302734
0 0.921875 0.861328 0.906250 0.861328 0.886719 0.849609 0.867188 0.849609 0.853516 0.832031 0.853516 0.812500 0.875000 0.787109 0.937500 0.779297 0.953125 0.783203 0.966797 0.796875 0.966797 0.832031 0.921875 0.861328
0 0.126953 0.000000 0.126953 0.019531 0.119141 0.035156 0.085938 0.072266 0.042969 0.080078 0.019531 0.107422 0.000000 0.107422
0 0.148438 0.154297 0.117188 0.150391 0.099609 0.128906 0.103516 0.097656 0.132812 0.076172 0.156250 0.080078 0.173828 0.101562 0.173828 0.132812 0.148438 0.154297
0 0.996094 0.958984 0.964844 0.958984 0.953125 0.951172 0.931641 0.914062 0.939453 0.882812 0.957031 0.865234 0.996094 0.861328
0 0.951172 0.000000 0.947266 0.019531 0.925781 0.037109 0.890625 0.033203 0.873047 0.015625 0.869141 0.000000
0 0.250000 0.435547 0.222656 0.435547 0.203125 0.427734 0.201172 0.417969 0.181641 0.406250 0.177734 0.390625 0.162109 0.378906 0.203125 0.333984 0.253906 0.333984 0.271484 0.347656 0.279297 0.363281 0.279297 0.402344 0.271484 0.417969 0.250000 0.435547
0 0.335938 0.681641 0.312500 0.677734 0.279297 0.644531 0.279297 0.613281 0.304688 0.587891 0.335938 0.587891 0.351562 0.595703 0.373047 0.625000 0.365234 0.664062 0.335938 0.681641
0 0.000000 0.369141 0.019531 0.353516 0.054688 0.349609 0.074219 0.361328 0.087891 0.382812 0.085938 0.439453 0.042969 0.458984 0.023438 0.455078 0.000000 0.439453
0 0.156250 0.498047 0.136719 0.498047 0.095703 0.468750 0.095703 0.433594 0.103516 0.425781 0.111328 0.375000 0.121094 0.365234 0.132812 0.365234 0.150391 0.382812 0.158203 0.414062 0.181641 0.441406 0.177734 0.476562 0.156250 0.498047
0 0.519531 0.794922 0.488281 0.783203 0.474609 0.765625 0.470703 0.746094 0.511719 0.724609 0.542969 0.724609 0.548828 0.734375 0.548828 0.769531 0.531250 0.791016 0.519531 0.794922
0 0.000000 0.126953 0.035156 0.126953 0.050781 0.134766 0.068359 0.156250 0.068359 0.187500 0.060547 0.207031 0.046875 0.212891 0.041016 0.226562 0.031250 0.232422 0.000000 0.228516
0 0.781250 0.759766 0.730469 0.755859 0.701172 0.730469 0.697266 0.691406 0.710938 0.669922 0.722656 0.662109 0.750000 0.662109 0.777344 0.673828 0.802734 0.695312 0.810547 0.714844 0.810547 0.738281 0.781250 0.759766
0 0.199219 0.294922 0.154297 0.292969 0.154297 0.277344 0.169922 0.250000 0.169922 0.226562 0.183594 0.205078 0.210938 0.212891 0.232422 0.238281 0.232422 0.261719 0.224609 0.277344 0.199219 0.294922
0 0.718750 0.900391 0.707031 0.900391 0.689453 0.886719 0.681641 0.871094 0.681641 0.843750 0.703125 0.810547 0.742188 0.806641 0.775391 0.832031 0.783203 0.851562 0.765625 0.869141 0.730469 0.884766 0.718750 0.900391
0 0.251953 0.000000 0.259766 0.019531 0.230469 0.041016 0.179688 0.037109 0.158203 0.019531 0.150391 0.000000
0 0.765625 0.630859 0.726562 0.619141 0.712891 0.605469 0.705078 0.585938 0.712891 0.554688 0.726562 0.541016 0.746094 0.533203 0.789062 0.541016 0.810547 0.570312 0.806641 0.609375 0.796875 0.619141 0.765625 0.630859
0 0.570312 0.189453 0.539062 0.181641 0.513672 0.152344 0.517578 0.113281 0.550781 0.083984 0.574219 0.083984 0.591797 0.101562 0.603516 0.132812 0.599609 0.167969 0.570312 0.189453
0 0.906250 0.779297 0.828125 0.775391 0.814453 0.761719 0.814453 0.730469 0.832031 0.708984 0.875000 0.708984 0.882812 0.701172 0.910156 0.712891 0.917969 0.708984 0.931641 0.722656 0.931641 0.742188 0.906250 0.779297
0 0.570312 0.716797 0.546875 0.708984 0.521484 0.675781 0.521484 0.644531 0.539062 0.619141 0.574219 0.626953 0.591797 0.644531 0.591797 0.687500 0.570312 0.716797
0 0.271484 0.996094 0.267578 0.957031 0.296875 0.927734 0.335938 0.927734 0.357422 0.945312 0.361328 0.996094
0 0.054688 0.337891 0.027344 0.333984 0.005859 0.312500 0.001953 0.300781 0.001953 0.285156 0.013672 0.265625 0.035156 0.251953 0.074219 0.251953 0.095703 0.289062 0.087891 0.312500 0.066406 0.333984 0.054688 0.337891
0 0.464844 0.724609 0.447266 0.710938 0.439453 0.687500 0.439453 0.656250 0.460938 0.630859 0.503906 0.626953 0.513672 0.636719 0.513672 0.695312 0.507812 0.705078 0.464844 0.724609
0 0.162109 0.996094 0.169922 0.976562 0.191406 0.962891 0.226562 0.966797 0.246094 0.978516 0.259766 0.996094
0 0.373047 0.000000 0.365234 0.027344 0.335938 0.048828 0.308594 0.048828 0.292969 0.041016 0.279297 0.019531 0.275391 0.000000
0 0.273438 0.181641 0.234375 0.166016 0.220703 0.148438 0.212891 0.125000 0.220703 0.089844 0.234375 0.076172 0.253906 0.068359 0.289062 0.068359 0.304688 0.076172 0.326172 0.105469 0.326172 0.132812 0.314453 0.156250 0.273438 0.181641
0 0.820312 0.958984 0.789062 0.958984 0.773438 0.951172 0.748047 0.906250 0.781250 0.884766 0.800781 0.861328 0.832031 0.865234 0.849609 0.882812 0.857422 0.902344 0.849609 0.937500 0.820312 0.958984
0 0.632812 0.466797 0.601562 0.462891 0.572266 0.429688 0.572266 0.394531 0.593750 0.373047 0.621094 0.373047 0.658203 0.414062 0.658203 0.445312 0.632812 0.466797
