0 0.480556 0.323611 0.466667 0.323611 0.416667 0.301389 0.401389 0.277778 0.404167 0.244444 0.451389 0.180556 0.472222 0.159722 0.483333 0.159722 0.513889 0.129167 0.530556 0.129167 0.537500 0.136111 0.537500 0.147222 0.548611 0.161111 0.551389 0.172222 0.558333 0.176389 0.548611 0.127778 0.551389 0.111111 0.569444 0.087500 0.591667 0.079167 0.619444 0.084722 0.655556 0.115278 0.691667 0.123611 0.715278 0.144444 0.726389 0.172222 0.726389 0.191667 0.718056 0.202778 0.715278 0.219444 0.704167 0.238889 0.680556 0.262500 0.661111 0.268056 0.636111 0.268056 0.611111 0.259722 0.584722 0.236111 0.584722 0.227778 0.566667 0.206944 0.565278 0.219444 0.573611 0.244444 0.565278 0.261111 0.555556 0.268056 0.527778 0.270833 0.509722 0.297222 0.480556 0.323611
0 0.997222 0.404167 0.966667 0.431944 0.936111 0.437500 0.931944 0.433333 0.931944 0.416667 0.906944 0.394444 0.898611 0.380556 0.895833 0.361111 0.884722 0.338889 0.868056 0.319444 0.868056 0.302778 0.886111 0.284722 0.927778 0.281944 0.941667 0.290278 0.997222 0.343056
0 0.413889 0.479167 0.380556 0.479167 0.361111 0.468056 0.294444 0.465278 0.281944 0.452778 0.276389 0.427778 0.276389 0.369444 0.297222 0.351389 0.322222 0.343056 0.338889 0.343056 0.355556 0.351389 0.372222 0.343056 0.383333 0.343056 0.405556 0.359722 0.438889 0.365278 0.456944 0.388889 0.456944 0.438889 0.451389 0.452778 0.433333 0.470833 0.413889 0.479167
0 0.997222 0.209722 0.986111 0.209722 0.981944 0.205556 0.981944 0.200000 0.970833 0.188889 0.968056 0.169444 0.962500 0.161111 0.968056 0.122222 0.965278 0.111111 0.979167 0.088889 0.984722 0.061111 0.997222 0.054167
0 0.694444 0.640278 0.652778 0.640278 0.644444 0.634722 0.600000 0.637500 0.580556 0.626389 0.569444 0.626389 0.555556 0.615278 0.547222 0.615278 0.523611 0.594444 0.529167 0.558333 0.552778 0.537500 0.561111 0.537500 0.575000 0.529167 0.616667 0.531944 0.641667 0.548611 0.652778 0.548611 0.672222 0.559722 0.679167 0.572222 0.712500 0.605556 0.709722 0.633333 0.694444 0.640278
0 0.602778 0.445833 0.588889 0.445833 0.570833 0.416667 0.570833 0.405556 0.565278 0.400000 0.562500 0.386111 0.565278 0.333333 0.584722 0.300000 0.597222 0.287500 0.608333 0.281944 0.625000 0.281944 0.650000 0.290278 0.681944 0.316667 0.681944 0.322222 0.693056 0.330556 0.693056 0.355556 0.687500 0.369444 0.670833 0.388889 0.630556 0.426389 0.602778 0.445833
0 0.293056 0.997222 0.295833 0.975000 0.306944 0.958333 0.319444 0.945833 0.350000 0.931944 0.416667 0.937500 0.430556 0.954167 0.444444 0.959722 0.462500 0.975000 0.470833 0.986111 0.470833 0.997222
0 0.000000 0.281944 0.004167 0.258333 0.012500 0.244444 0.033333 0.226389 0.052778 0.226389 0.063889 0.231944 0.076389 0.247222 0.098611 0.288889 0.104167 0.308333 0.101389 0.388889 0.084722 0.416667 0.063889 0.437500 0.052778 0.443056 0.022222 0.440278 0.000000 0.420833
0 0.422222 0.573611 0.405556 0.573611 0.384722 0.555556 0.390278 0.516667 0.436111 0.484722 0.448611 0.466667 0.488889 0.429167 0.508333 0.420833 0.527778 0.420833 0.551389 0.444444 0.548611 0.475000 0.534722 0.505556 0.488889 0.559722 0.430556 0.568056 0.422222 0.573611
0 0.997222 0.531944 0.987500 0.527778 0.981944 0.511111 0.981944 0.497222 0.987500 0.486111 0.997222 0.481944
0 0.161111 0.687500 0.133333 0.687500 0.122222 0.681944 0.106944 0.661111 0.079167 0.636111 0.081944 0.625000 0.070833 0.611111 0.068056 0.586111 0.094444 0.556944 0.138889 0.554167 0.175000 0.581944 0.191667 0.581944 0.205556 0.587500 0.222222 0.595833 0.234722 0.608333 0.237500 0.641667 0.226389 0.658333 0.219444 0.665278 0.180556 0.673611 0.161111 0.687500
0 0.377778 0.201389 0.333333 0.198611 0.295833 0.163889 0.281944 0.138889 0.279167 0.116667 0.273611 0.108333 0.294444 0.079167 0.316667 0.070833 0.333333 0.070833 0.366667 0.081944 0.384722 0.100000 0.398611 0.127778 0.401389 0.172222 0.395833 0.186111 0.377778 0.201389
0 0.441667 0.909722 0.427778 0.909722 0.388889 0.890278 0.365278 0.833333 0.370833 0.788889 0.379167 0.769444 0.397222 0.751389 0.422222 0.740278 0.450000 0.740278 0.500000 0.759722 0.529167 0.788889 0.543056 0.825000 0.537500 0.855556 0.522222 0.876389 0.494444 0.890278 0.475000 0.906944 0.450000 0.904167 0.441667 0.909722
0 0.177778 0.329167 0.158333 0.329167 0.137500 0.311111 0.134722 0.297222 0.123611 0.288889 0.115278 0.272222 0.109722 0.238889 0.123611 0.208333 0.145833 0.180556 0.145833 0.175000 0.172222 0.156944 0.186111 0.156944 0.200000 0.162500 0.209722 0.172222 0.223611 0.216667 0.223611 0.263889 0.209722 0.311111 0.197222 0.323611 0.177778 0.329167
0 0.605556 0.662500 0.591667 0.662500 0.587500 0.652778 0.594444 0.645833 0.605556 0.645833 0.609722 0.650000 0.605556 0.662500
0 0.280556 0.912500 0.250000 0.909722 0.220833 0.883333 0.215278 0.869444 0.215278 0.844444 0.223611 0.830556 0.222222 0.820833 0.177778 0.843056 0.170833 0.858333 0.147222 0.881944 0.125000 0.884722 0.116667 0.881944 0.095833 0.861111 0.073611 0.811111 0.087500 0.800000 0.111111 0.768056 0.138889 0.751389 0.191667 0.751389 0.236111 0.756944 0.248611 0.775000 0.245833 0.791667 0.250000 0.795833 0.272222 0.790278 0.276389 0.777778 0.286111 0.770833 0.313889 0.770833 0.345833 0.800000 0.351389 0.833333 0.343056 0.863889 0.326389 0.888889 0.308333 0.904167 0.280556 0.912500
0 0.794444 0.954167 0.772222 0.954167 0.744444 0.943056 0.733333 0.945833 0.675000 0.926389 0.645833 0.900000 0.629167 0.877778 0.629167 0.852778 0.637500 0.833333 0.647222 0.823611 0.672222 0.818056 0.705556 0.820833 0.716667 0.826389 0.747222 0.856944 0.761111 0.856944 0.808333 0.876389 0.823611 0.894444 0.823611 0.916667 0.809722 0.944444 0.794444 0.954167
0 0.770833 0.000000 0.765278 0.013889 0.750000 0.029167 0.741667 0.031944 0.697222 0.029167 0.654167 0.000000
0 0.376389 0.000000 0.370833 0.027778 0.366667 0.031944 0.344444 0.034722 0.297222 0.023611 0.288889 0.015278 0.269444 0.009722 0.263889 0.004167 0.243056 0.000000
0 0.000000 0.620833 0.077778 0.620833 0.081944 0.625000 0.079167 0.636111 0.098611 0.655556 0.101389 0.663889 0.101389 0.694444 0.075000 0.720833 0.052778 0.718056 0.030556 0.726389 0.000000 0.729167
0 0.841667 0.673611 0.819444 0.659722 0.808333 0.659722 0.776389 0.627778 0.773611 0.611111 0.768056 0.605556 0.773611 0.588889 0.762500 0.561111 0.751389 0.497222 0.756944 0.477778 0.786111 0.454167 0.813889 0.456944 0.843056 0.480556 0.862500 0.505556 0.893056 0.563889 0.901389 0.600000 0.898611 0.641667 0.883333 0.662500 0.872222 0.668056 0.850000 0.668056 0.841667 0.673611
