0 0.378906 0.498047 0.373047 0.496094 0.373047 0.484375 0.386719 0.470703 0.402344 0.470703 0.404297 0.476562 0.392578 0.492188 0.378906 0.498047
0 0.507812 0.103516 0.492188 0.103516 0.486328 0.097656 0.486328 0.089844 0.507812 0.068359 0.517578 0.078125 0.517578 0.093750 0.507812 0.103516
0 0.277344 0.537109 0.267578 0.527344 0.267578 0.503906 0.289062 0.486328 0.304688 0.486328 0.310547 0.496094 0.287109 0.511719 0.287109 0.531250 0.277344 0.537109
0 0.644531 0.634766 0.613281 0.630859 0.591797 0.609375 0.587891 0.585938 0.601562 0.564453 0.644531 0.560547 0.654297 0.566406 0.646484 0.597656 0.654297 0.628906 0.644531 0.634766
0 0.906250 0.962891 0.878906 0.962891 0.857422 0.945312 0.861328 0.917969 0.875000 0.912109 0.884766 0.894531 0.898438 0.884766 0.914062 0.888672 0.923828 0.902344 0.912109 0.925781 0.912109 0.957031 0.906250 0.962891
0 0.488281 0.087891 0.478516 0.085938 0.470703 0.054688 0.488281 0.037109 0.500000 0.037109 0.509766 0.050781 0.509766 0.066406 0.488281 0.087891
0 0.546875 0.529297 0.529297 0.515625 0.529297 0.500000 0.542969 0.486328 0.564453 0.500000 0.560547 0.515625 0.546875 0.529297
0 0.394531 0.369141 0.378906 0.369141 0.373047 0.363281 0.371094 0.330078 0.386719 0.326172 0.404297 0.339844 0.396484 0.343750 0.394531 0.369141
0 0.406250 0.470703 0.388672 0.468750 0.388672 0.453125 0.394531 0.447266 0.412109 0.449219 0.412109 0.464844 0.406250 0.470703
0 0.675781 0.478516 0.648438 0.478516 0.642578 0.472656 0.642578 0.453125 0.656250 0.435547 0.675781 0.427734 0.699219 0.427734 0.701172 0.453125 0.693359 0.468750 0.675781 0.478516
0 0.722656 0.482422 0.673828 0.480469 0.693359 0.468750 0.703125 0.431641 0.724609 0.449219 0.728516 0.460938 0.722656 0.482422
0 0.132812 0.576172 0.101562 0.576172 0.091797 0.566406 0.091797 0.546875 0.117188 0.525391 0.142578 0.539062 0.142578 0.562500 0.132812 0.576172
0 0.433594 0.376953 0.414062 0.376953 0.404297 0.363281 0.404297 0.351562 0.414062 0.337891 0.445312 0.330078 0.451172 0.359375 0.433594 0.376953
0 0.324219 0.404297 0.308594 0.404297 0.298828 0.394531 0.298828 0.375000 0.308594 0.365234 0.328125 0.365234 0.341797 0.382812 0.324219 0.404297
0 0.417969 0.337891 0.398438 0.337891 0.384766 0.324219 0.384766 0.316406 0.398438 0.310547 0.406250 0.294922 0.425781 0.294922 0.439453 0.304688 0.439453 0.328125 0.417969 0.337891
0 0.718750 0.412109 0.675781 0.412109 0.669922 0.406250 0.673828 0.378906 0.695312 0.373047 0.714844 0.357422 0.738281 0.357422 0.748047 0.367188 0.744141 0.398438 0.718750 0.412109
0 0.070312 0.080078 0.058594 0.080078 0.048828 0.058594 0.031250 0.044922 0.007812 0.048828 0.001953 0.042969 0.015625 0.017578 0.046875 0.017578 0.064453 0.031250 0.076172 0.054688 0.076172 0.074219 0.070312 0.080078
0 0.058594 0.232422 0.035156 0.232422 0.013672 0.214844 0.013672 0.195312 0.023438 0.181641 0.066406 0.177734 0.076172 0.187500 0.076172 0.210938 0.058594 0.232422
0 0.687500 0.626953 0.650391 0.621094 0.646484 0.597656 0.656250 0.564453 0.687500 0.564453 0.701172 0.582031 0.708984 0.601562 0.687500 0.626953
0 0.300781 0.943359 0.281250 0.939453 0.271484 0.914062 0.289062 0.880859 0.316406 0.873047 0.333984 0.890625 0.337891 0.914062 0.328125 0.931641 0.312500 0.931641 0.300781 0.943359
0 0.000000 0.615234 0.019531 0.603516 0.054688 0.615234 0.064453 0.628906 0.060547 0.664062 0.046875 0.677734 0.011719 0.681641 0.000000 0.673828
0 0.035156 0.091797 0.023438 0.091797 0.009766 0.074219 0.009766 0.062500 0.019531 0.052734 0.039062 0.052734 0.048828 0.066406 0.048828 0.082031 0.035156 0.091797
0 0.371094 0.482422 0.353516 0.476562 0.359375 0.462891 0.376953 0.468750 0.371094 0.482422
0 0.757812 0.462891 0.746094 0.462891 0.736328 0.453125 0.728516 0.429688 0.728516 0.410156 0.746094 0.392578 0.755859 0.410156 0.755859 0.433594 0.763672 0.453125 0.757812 0.462891
0 0.613281 0.529297 0.591797 0.519531 0.591797 0.507812 0.601562 0.498047 0.617188 0.498047 0.626953 0.507812 0.626953 0.519531 0.613281 0.529297
0 0.378906 0.462891 0.367188 0.462891 0.357422 0.453125 0.363281 0.435547 0.378906 0.435547 0.384766 0.441406 0.384766 0.457031 0.378906 0.462891
0 0.148438 0.576172 0.138672 0.574219 0.142578 0.539062 0.148438 0.533203 0.164062 0.533203 0.173828 0.542969 0.173828 0.562500 0.148438 0.576172
0 0.757812 0.490234 0.734375 0.482422 0.728516 0.468750 0.734375 0.462891 0.757812 0.466797 0.763672 0.476562 0.757812 0.490234
0 0.857422 0.996094 0.859375 0.990234 0.882812 0.986328 0.912109 0.957031 0.914062 0.939453 0.945312 0.931641 0.962891 0.964844 0.957031 0.974609 0.945312 0.974609 0.931641 0.996094
0 0.000000 0.146484 0.011719 0.146484 0.017578 0.156250 0.013672 0.175781 0.000000 0.185547
0 0.496094 0.416016 0.470703 0.406250 0.474609 0.390625 0.484375 0.380859 0.501953 0.386719 0.505859 0.402344 0.496094 0.416016
0 0.746094 0.505859 0.726562 0.505859 0.712891 0.492188 0.730469 0.478516 0.751953 0.492188 0.746094 0.505859
0 0.871094 0.662109 0.843750 0.662109 0.830078 0.648438 0.826172 0.617188 0.839844 0.599609 0.867188 0.595703 0.884766 0.609375 0.888672 0.644531 0.871094 0.662109
0 0.382812 0.322266 0.373047 0.316406 0.373047 0.308594 0.380859 0.292969 0.398438 0.283203 0.404297 0.289062 0.400391 0.308594 0.390625 0.310547 0.382812 0.322266
0 0.152344 0.255859 0.136719 0.255859 0.126953 0.246094 0.126953 0.226562 0.136719 0.216797 0.148438 0.216797 0.162109 0.230469 0.162109 0.246094 0.152344 0.255859
0 0.265625 0.986328 0.240234 0.968750 0.232422 0.953125 0.236328 0.929688 0.253906 0.916016 0.265625 0.916016 0.294922 0.953125 0.294922 0.964844 0.265625 0.986328
0 0.343750 0.298828 0.332031 0.298828 0.322266 0.289062 0.322266 0.269531 0.335938 0.255859 0.355469 0.255859 0.361328 0.273438 0.343750 0.298828
0 0.324219 0.544922 0.279297 0.542969 0.292969 0.505859 0.316406 0.501953 0.330078 0.515625 0.333984 0.535156 0.324219 0.544922
