0 0.695402 0.093269 0.683908 0.093269 0.673851 0.087500 0.667385 0.078846 0.667385 0.065385 0.670977 0.060577 0.675287 0.060577 0.678161 0.064423 0.702586 0.060577 0.707615 0.067308 0.706178 0.084615 0.695402 0.093269
0 0.232040 0.000000 0.228448 0.006731 0.221264 0.010577 0.211207 0.008654 0.204741 0.000000
0 0.867816 0.531731 0.844828 0.531731 0.841954 0.527885 0.831897 0.525962 0.822557 0.507692 0.825431 0.492308 0.833333 0.487500 0.844828 0.487500 0.853448 0.489423 0.860632 0.497115 0.867816 0.499038 0.874282 0.515385 0.874282 0.525000 0.867816 0.531731
0 0.221264 0.277885 0.212644 0.277885 0.205460 0.274038 0.200431 0.263462 0.201868 0.242308 0.214080 0.231731 0.219828 0.231731 0.229167 0.244231 0.229167 0.261538 0.221264 0.277885
0 0.890805 0.902885 0.870690 0.902885 0.863506 0.899038 0.857040 0.884615 0.859914 0.867308 0.873563 0.856731 0.885057 0.856731 0.895115 0.862500 0.904454 0.876923 0.904454 0.890385 0.896552 0.900962 0.890805 0.902885
0 0.790948 0.000000 0.790948 0.003846 0.777299 0.018269 0.768678 0.016346 0.760776 0.005769 0.759339 0.000000
0 0.084770 0.562500 0.070402 0.562500 0.066092 0.558654 0.060345 0.558654 0.053879 0.548077 0.053879 0.532692 0.060345 0.525962 0.080460 0.525962 0.086207 0.529808 0.091236 0.538462 0.091236 0.555769 0.084770 0.562500
0 0.324713 0.939423 0.314655 0.939423 0.310345 0.935577 0.306753 0.930769 0.303879 0.911538 0.311063 0.880769 0.320402 0.870192 0.330460 0.868269 0.339799 0.876923 0.344109 0.888462 0.344109 0.909615 0.338362 0.925000 0.324713 0.939423
0 0.966954 0.627885 0.959770 0.627885 0.951868 0.619231 0.948994 0.596154 0.954741 0.571154 0.960489 0.559615 0.966954 0.550962 0.979885 0.549038 0.989224 0.561538 0.990661 0.584615 0.984914 0.605769 0.979167 0.617308 0.972701 0.625962 0.966954 0.627885
0 0.770115 0.410577 0.754310 0.408654 0.745690 0.402885 0.733477 0.386538 0.730603 0.376923 0.732040 0.365385 0.744253 0.349038 0.754310 0.343269 0.768678 0.343269 0.778736 0.350962 0.786638 0.361538 0.789511 0.369231 0.790948 0.388462 0.780172 0.406731 0.770115 0.410577
0 0.222701 0.500962 0.206897 0.499038 0.198276 0.491346 0.187500 0.476923 0.188937 0.469231 0.192529 0.464423 0.208333 0.464423 0.224138 0.474038 0.230603 0.482692 0.232040 0.494231 0.228448 0.499038 0.222701 0.500962
0 0.473420 0.000000 0.471264 0.004808 0.464080 0.008654 0.445402 0.012500 0.435345 0.010577 0.430316 0.003846 0.430316 0.000000
0 0.484914 0.998077 0.484914 0.982692 0.491379 0.974038 0.500000 0.970192 0.525862 0.972115 0.536638 0.984615 0.536638 0.998077
0 0.706897 0.837500 0.696839 0.833654 0.691810 0.826923 0.690374 0.819231 0.694684 0.805769 0.701149 0.797115 0.714080 0.787500 0.734195 0.789423 0.740661 0.803846 0.734914 0.823077 0.716954 0.835577 0.706897 0.837500
0 0.376437 0.272115 0.367816 0.268269 0.362787 0.261538 0.364224 0.232692 0.376437 0.210577 0.383621 0.204808 0.392241 0.204808 0.401580 0.217308 0.400144 0.236538 0.388649 0.261538 0.383621 0.268269 0.376437 0.272115
0 0.584770 0.760577 0.577586 0.760577 0.566092 0.750962 0.551006 0.728846 0.548132 0.709615 0.553161 0.702885 0.560345 0.702885 0.585489 0.728846 0.589799 0.740385 0.589799 0.751923 0.584770 0.760577
0 0.000000 0.399038 0.005747 0.399038 0.009339 0.403846 0.009339 0.417308 0.000000 0.422115
0 0.955460 0.399038 0.945402 0.399038 0.938937 0.392308 0.938937 0.363462 0.941810 0.353846 0.949713 0.345192 0.956178 0.348077 0.964799 0.365385 0.963362 0.390385 0.955460 0.399038
0 0.591954 0.902885 0.580460 0.902885 0.567529 0.893269 0.559626 0.882692 0.551006 0.865385 0.551006 0.850000 0.554598 0.845192 0.558908 0.841346 0.571839 0.839423 0.583333 0.845192 0.594109 0.857692 0.601293 0.876923 0.601293 0.890385 0.591954 0.902885
0 0.558908 0.249038 0.544540 0.247115 0.537356 0.241346 0.530891 0.230769 0.530891 0.211538 0.543103 0.195192 0.563218 0.197115 0.572557 0.207692 0.576868 0.217308 0.575431 0.234615 0.567529 0.245192 0.558908 0.249038
0 0.051724 0.691346 0.037356 0.687500 0.032328 0.680769 0.026580 0.663462 0.025144 0.650000 0.029454 0.638462 0.041667 0.627885 0.063218 0.633654 0.075431 0.653846 0.076868 0.665385 0.073994 0.676923 0.063218 0.689423 0.051724 0.691346
0 0.000000 0.925962 0.010057 0.925962 0.021552 0.931731 0.028017 0.938462 0.028017 0.942308 0.032328 0.948077 0.030891 0.975000 0.026580 0.984615 0.015086 0.998077
0 0.043103 0.349038 0.025862 0.345192 0.012213 0.325000 0.010776 0.290385 0.014368 0.285577 0.025862 0.287500 0.039511 0.305769 0.045259 0.336538 0.045259 0.346154 0.043103 0.349038
0 0.026580 0.000000 0.026580 0.013462 0.022989 0.020192 0.012931 0.027885 0.000000 0.031731
0 0.507184 0.170192 0.498563 0.170192 0.496408 0.163462 0.500000 0.158654 0.505747 0.156731 0.509339 0.161538 0.507184 0.170192
0 0.303161 0.731731 0.295977 0.731731 0.292385 0.726923 0.285201 0.701923 0.275144 0.688462 0.275144 0.667308 0.283046 0.656731 0.295977 0.658654 0.305316 0.675000 0.305316 0.701923 0.308190 0.719231 0.303161 0.731731
0 0.280172 0.908654 0.258621 0.908654 0.249282 0.896154 0.244971 0.871154 0.254310 0.854808 0.262931 0.850962 0.266523 0.861538 0.277299 0.875962 0.280891 0.876923 0.280891 0.880769 0.285201 0.886538 0.286638 0.901923 0.280172 0.908654
0 0.170977 0.404808 0.163793 0.404808 0.153736 0.399038 0.145833 0.382692 0.144397 0.363462 0.153736 0.350962 0.169540 0.354808 0.181753 0.369231 0.184626 0.380769 0.183190 0.394231 0.178161 0.400962 0.170977 0.404808
0 0.979885 0.477885 0.974138 0.477885 0.967672 0.471154 0.967672 0.453846 0.971983 0.440385 0.981322 0.427885 0.989943 0.424038 0.997845 0.432692 0.997845 0.448077 0.990661 0.467308 0.979885 0.477885
0 0.764368 0.629808 0.757184 0.627885 0.752155 0.619231 0.755029 0.601923 0.770115 0.585577 0.784483 0.583654 0.790230 0.587500 0.793822 0.592308 0.792385 0.607692 0.785920 0.616346 0.764368 0.629808
0 0.068966 0.064423 0.054598 0.064423 0.046695 0.057692 0.042385 0.044231 0.046695 0.028846 0.053161 0.020192 0.066092 0.012500 0.081897 0.012500 0.089080 0.016346 0.095546 0.025000 0.095546 0.034615 0.091236 0.046154 0.079023 0.060577 0.068966 0.064423
0 0.412356 0.731731 0.397989 0.729808 0.384339 0.715385 0.378592 0.700000 0.378592 0.694231 0.381466 0.682692 0.389368 0.670192 0.405172 0.668269 0.415948 0.676923 0.427443 0.698077 0.428879 0.711538 0.426006 0.719231 0.412356 0.731731
0 0.998563 0.031731 0.994971 0.007692 0.990661 0.000000
0 0.359195 0.156731 0.344828 0.152885 0.338362 0.146154 0.335489 0.138462 0.335489 0.126923 0.341236 0.109615 0.356322 0.089423 0.364943 0.083654 0.373563 0.081731 0.387931 0.087500 0.395833 0.096154 0.398707 0.103846 0.398707 0.117308 0.390086 0.140385 0.367816 0.154808 0.359195 0.156731
0 0.649425 0.587500 0.636494 0.587500 0.627874 0.583654 0.617816 0.574038 0.609914 0.561538 0.608477 0.548077 0.611351 0.542308 0.614943 0.537500 0.625000 0.537500 0.645115 0.554808 0.654454 0.569231 0.654454 0.580769 0.649425 0.587500
0 0.340517 0.499038 0.321839 0.497115 0.309626 0.480769 0.308190 0.465385 0.314655 0.454808 0.331897 0.449038 0.343391 0.454808 0.352730 0.467308 0.352730 0.486538 0.344828 0.497115 0.340517 0.499038
0 0.000000 0.695192 0.011494 0.689423 0.025862 0.695192 0.035201 0.709615 0.035201 0.719231 0.039511 0.726923 0.040948 0.736538 0.038075 0.757692 0.030172 0.770192 0.020115 0.775962 0.000000 0.774038
0 0.801724 0.952885 0.795977 0.949038 0.778736 0.949038 0.768678 0.945192 0.765086 0.940385 0.762213 0.921154 0.772989 0.914423 0.794540 0.914423 0.801006 0.921154 0.808190 0.940385 0.802443 0.948077 0.801724 0.952885
0 0.926006 0.000000 0.926006 0.019231 0.916667 0.029808 0.908046 0.033654 0.899425 0.033654 0.885057 0.025962 0.875718 0.011538 0.875718 0.000000
0 0.426724 0.854808 0.412356 0.850962 0.401580 0.838462 0.398707 0.823077 0.406609 0.808654 0.419540 0.802885 0.438218 0.804808 0.446839 0.810577 0.454741 0.821154 0.456178 0.836538 0.446839 0.849038 0.426724 0.854808
0 0.109195 0.924038 0.099138 0.924038 0.092672 0.913462 0.091236 0.905769 0.091236 0.871154 0.100575 0.858654 0.110632 0.860577 0.115661 0.871154 0.114224 0.894231 0.117098 0.903846 0.117098 0.919231 0.109195 0.924038
0 0.908046 0.739423 0.895115 0.735577 0.888649 0.726923 0.885776 0.715385 0.887213 0.694231 0.891523 0.682692 0.900862 0.672115 0.913793 0.674038 0.918822 0.680769 0.924569 0.700000 0.924569 0.711538 0.920259 0.728846 0.908046 0.739423
0 0.715517 0.910577 0.698276 0.908654 0.692529 0.902885 0.688218 0.902885 0.684626 0.896154 0.690374 0.888462 0.691810 0.880769 0.701149 0.870192 0.712644 0.864423 0.729885 0.866346 0.737787 0.875000 0.737787 0.890385 0.727011 0.904808 0.715517 0.910577
0 0.000000 0.289423 0.005029 0.294231 0.005029 0.303846 0.000000 0.306731
0 0.277299 0.239423 0.261494 0.233654 0.250718 0.217308 0.246408 0.198077 0.247845 0.186538 0.260057 0.174038 0.272989 0.175962 0.278736 0.179808 0.292385 0.203846 0.292385 0.221154 0.289511 0.228846 0.283046 0.237500 0.277299 0.239423
0 0.250000 0.400962 0.239943 0.399038 0.226293 0.382692 0.223420 0.375000 0.223420 0.357692 0.231322 0.345192 0.244253 0.343269 0.250000 0.347115 0.262213 0.367308 0.263649 0.388462 0.258621 0.397115 0.250000 0.400962
0 0.748563 0.212500 0.719828 0.210577 0.714799 0.196154 0.714799 0.176923 0.722701 0.170192 0.731322 0.170192 0.754310 0.189423 0.759339 0.198077 0.759339 0.205769 0.748563 0.212500
0 0.237069 0.112500 0.219828 0.112500 0.208333 0.106731 0.201868 0.096154 0.200431 0.080769 0.209770 0.070192 0.224138 0.072115 0.239224 0.096154 0.239224 0.109615 0.237069 0.112500
0 0.512931 0.777885 0.501437 0.775962 0.486351 0.761538 0.479167 0.746154 0.480603 0.723077 0.482759 0.720192 0.504310 0.718269 0.511494 0.722115 0.520833 0.734615 0.526580 0.751923 0.526580 0.759615 0.525144 0.767308 0.518678 0.775962 0.512931 0.777885
0 0.879310 0.350962 0.864943 0.349038 0.858477 0.340385 0.852730 0.325000 0.852730 0.300000 0.857759 0.291346 0.863506 0.287500 0.873563 0.289423 0.881466 0.298077 0.884339 0.305769 0.884339 0.326923 0.881466 0.334615 0.881466 0.348077 0.879310 0.350962
0 0.626437 0.762500 0.623563 0.762500 0.618534 0.755769 0.611351 0.736538 0.619253 0.722115 0.626437 0.720192 0.639368 0.725962 0.654454 0.738462 0.655891 0.748077 0.650862 0.754808 0.640805 0.760577 0.626437 0.762500
0 0.199713 0.089423 0.182471 0.087500 0.171695 0.075000 0.170259 0.053846 0.173851 0.049038 0.196839 0.049038 0.204023 0.052885 0.209052 0.059615 0.209052 0.073077 0.200431 0.080769 0.199713 0.089423
0 0.823276 0.535577 0.810345 0.535577 0.792385 0.511538 0.790948 0.490385 0.795977 0.481731 0.804598 0.481731 0.811782 0.485577 0.822557 0.500000 0.822557 0.507692 0.831178 0.525000 0.823276 0.535577
0 0.227730 0.998077 0.237069 0.977885 0.248563 0.977885 0.256466 0.988462 0.257902 0.998077
0 0.293103 0.879808 0.284483 0.879808 0.277299 0.875962 0.266523 0.861538 0.263649 0.851923 0.263649 0.828846 0.265805 0.825962 0.275862 0.824038 0.285920 0.831731 0.303161 0.831731 0.308190 0.838462 0.309626 0.859615 0.301724 0.875962 0.293103 0.879808
0 0.000000 0.468269 0.005029 0.473077 0.009339 0.482692 0.007902 0.500000 0.002874 0.508654 0.000000 0.508654
0 0.403736 0.437500 0.393678 0.435577 0.385776 0.423077 0.385776 0.413462 0.392241 0.404808 0.400862 0.400962 0.409483 0.391346 0.418103 0.391346 0.426006 0.400000 0.427443 0.411538 0.418103 0.429808 0.403736 0.437500
0 0.461207 0.658654 0.445402 0.658654 0.431034 0.650962 0.415948 0.630769 0.414511 0.617308 0.422414 0.606731 0.435345 0.602885 0.442529 0.602885 0.458333 0.610577 0.470546 0.623077 0.474856 0.634615 0.474856 0.642308 0.471983 0.648077 0.461207 0.658654
0 0.495690 0.279808 0.484195 0.279808 0.477011 0.275962 0.471983 0.265385 0.473420 0.255769 0.487069 0.235577 0.497126 0.229808 0.510057 0.229808 0.517960 0.238462 0.517960 0.257692 0.510057 0.270192 0.495690 0.279808
0 0.626437 0.689423 0.609195 0.685577 0.599856 0.675000 0.591236 0.659615 0.591236 0.651923 0.597701 0.641346 0.606322 0.635577 0.622126 0.635577 0.636494 0.643269 0.648707 0.655769 0.651580 0.669231 0.637931 0.685577 0.626437 0.689423
0 0.149425 0.568269 0.139368 0.568269 0.130747 0.564423 0.122845 0.553846 0.118534 0.534615 0.127874 0.518269 0.142241 0.514423 0.159483 0.520192 0.170259 0.534615 0.170259 0.551923 0.162356 0.562500 0.149425 0.568269
0 0.159483 0.487500 0.149425 0.487500 0.130747 0.479808 0.117098 0.465385 0.114224 0.453846 0.120690 0.443269 0.130747 0.441346 0.149425 0.445192 0.158046 0.450962 0.167385 0.459615 0.171695 0.469231 0.170259 0.478846 0.159483 0.487500
0 0.902299 0.154808 0.890805 0.154808 0.878592 0.142308 0.877155 0.123077 0.882184 0.116346 0.890805 0.112500 0.905172 0.112500 0.914511 0.121154 0.915948 0.136538 0.902299 0.154808
0 0.626437 0.531731 0.609195 0.522115 0.596983 0.507692 0.595546 0.488462 0.599138 0.483654 0.620690 0.481731 0.636494 0.491346 0.642960 0.500000 0.645833 0.511538 0.644397 0.519231 0.637931 0.527885 0.626437 0.531731
0 0.534483 0.104808 0.510057 0.102885 0.499282 0.088462 0.500718 0.067308 0.507184 0.056731 0.517241 0.050962 0.531609 0.050962 0.538793 0.052885 0.549569 0.065385 0.552443 0.073077 0.549569 0.088462 0.534483 0.104808
0 0.390805 0.406731 0.380747 0.406731 0.372845 0.400000 0.368534 0.394231 0.368534 0.376923 0.386494 0.356731 0.396552 0.352885 0.409483 0.352885 0.415948 0.367308 0.415948 0.378846 0.406609 0.395192 0.390805 0.406731
0 0.715517 0.054808 0.698276 0.054808 0.695402 0.050962 0.681034 0.047115 0.671695 0.036538 0.667385 0.026923 0.668822 0.013462 0.673851 0.008654 0.686782 0.008654 0.689655 0.012500 0.706897 0.020192 0.717672 0.036538 0.719109 0.050000 0.715517 0.054808
0 0.742816 0.704808 0.721264 0.700962 0.706178 0.686538 0.704741 0.678846 0.715517 0.656731 0.729885 0.649038 0.739943 0.649038 0.748563 0.650962 0.756466 0.659615 0.759339 0.671154 0.757902 0.688462 0.752874 0.697115 0.742816 0.704808
0 0.969828 0.952885 0.962644 0.952885 0.951868 0.942308 0.947557 0.930769 0.947557 0.917308 0.956178 0.890385 0.968391 0.879808 0.972701 0.879808 0.978448 0.883654 0.983477 0.892308 0.987787 0.917308 0.980603 0.942308 0.969828 0.952885
0 0.481322 0.950962 0.456897 0.950962 0.446839 0.943269 0.440374 0.930769 0.441810 0.915385 0.448276 0.906731 0.461207 0.899038 0.474138 0.897115 0.491379 0.900962 0.500718 0.911538 0.503592 0.919231 0.503592 0.932692 0.492816 0.945192 0.481322 0.950962
0 0.692529 0.756731 0.679598 0.756731 0.662356 0.747115 0.654454 0.726923 0.654454 0.721154 0.662356 0.712500 0.670977 0.712500 0.686782 0.718269 0.699713 0.727885 0.704741 0.736538 0.704741 0.742308 0.699713 0.752885 0.692529 0.756731
0 0.313218 0.641346 0.308908 0.641346 0.299569 0.630769 0.295259 0.613462 0.298132 0.600000 0.303879 0.594231 0.306753 0.584615 0.311782 0.577885 0.320402 0.574038 0.328305 0.586538 0.332615 0.615385 0.327586 0.631731 0.323276 0.637500 0.313218 0.641346
0 0.716954 0.212500 0.701149 0.212500 0.696839 0.206731 0.689655 0.204808 0.680316 0.190385 0.681753 0.173077 0.685345 0.168269 0.704023 0.168269 0.714080 0.175962 0.714799 0.196154 0.719109 0.209615 0.716954 0.212500
0 0.998563 0.733654 0.994971 0.721154 0.994971 0.713462 0.998563 0.702885
0 0.812500 0.998077 0.811063 0.980769 0.816810 0.973077 0.817529 0.968269 0.827586 0.966346 0.841954 0.966346 0.852011 0.970192 0.857040 0.978846 0.857040 0.998077
0 0.639368 0.143269 0.629310 0.141346 0.622845 0.130769 0.621408 0.123077 0.622845 0.107692 0.627155 0.101923 0.628592 0.094231 0.636494 0.083654 0.641523 0.086538 0.650144 0.105769 0.650144 0.123077 0.647270 0.128846 0.647270 0.136538 0.639368 0.143269
0 0.195402 0.841346 0.183908 0.839423 0.176006 0.830769 0.176006 0.809615 0.192529 0.783654 0.201149 0.777885 0.215517 0.779808 0.223420 0.790385 0.223420 0.807692 0.205460 0.835577 0.195402 0.841346
0 0.182471 0.218269 0.179598 0.218269 0.173132 0.207692 0.173132 0.194231 0.186782 0.174038 0.193966 0.170192 0.201868 0.178846 0.201868 0.192308 0.197557 0.200000 0.197557 0.205769 0.188218 0.216346 0.182471 0.218269
0 0.837644 0.774038 0.831897 0.774038 0.822557 0.765385 0.819684 0.750000 0.821121 0.734615 0.826868 0.715385 0.834770 0.704808 0.840517 0.700962 0.852011 0.700962 0.859914 0.713462 0.861351 0.736538 0.848420 0.765385 0.837644 0.774038
0 0.066092 0.508654 0.056034 0.506731 0.051006 0.498077 0.053879 0.469231 0.058908 0.462500 0.067529 0.462500 0.076868 0.478846 0.075431 0.500000 0.066092 0.508654
0 0.635057 0.345192 0.617816 0.343269 0.604167 0.326923 0.601293 0.319231 0.601293 0.301923 0.610632 0.287500 0.630747 0.287500 0.637931 0.291346 0.648707 0.307692 0.650144 0.326923 0.640805 0.341346 0.635057 0.345192
0 0.000000 0.316346 0.010057 0.316346 0.012213 0.325000 0.016523 0.330769 0.011494 0.345192 0.002874 0.347115 0.000000 0.343269
0 0.147989 0.687500 0.136494 0.687500 0.130747 0.683654 0.122845 0.665385 0.125718 0.642308 0.140805 0.624038 0.152299 0.625962 0.163075 0.640385 0.163075 0.665385 0.160201 0.673077 0.147989 0.687500
0 0.875000 0.208654 0.860632 0.208654 0.853448 0.204808 0.846983 0.196154 0.846983 0.186538 0.852011 0.179808 0.860632 0.175962 0.885057 0.177885 0.890086 0.192308 0.883621 0.202885 0.875000 0.208654
0 0.479885 0.477885 0.469828 0.477885 0.461925 0.471154 0.459052 0.461538 0.460489 0.446154 0.463362 0.436538 0.474138 0.425962 0.488506 0.425962 0.494971 0.436538 0.494971 0.450000 0.489224 0.467308 0.479885 0.477885
0 0.711207 0.550962 0.705460 0.550962 0.696121 0.538462 0.694684 0.519231 0.698994 0.501923 0.702586 0.497115 0.712644 0.493269 0.723420 0.507692 0.724856 0.528846 0.721983 0.540385 0.711207 0.550962
0 0.228448 0.991346 0.215517 0.991346 0.201868 0.969231 0.201868 0.940385 0.208333 0.931731 0.221264 0.931731 0.227730 0.942308 0.233477 0.959615 0.233477 0.975000 0.230603 0.978846 0.230603 0.988462 0.228448 0.991346
0 0.718391 0.306731 0.699713 0.302885 0.693966 0.299038 0.680316 0.280769 0.681753 0.263462 0.688218 0.252885 0.708333 0.250962 0.728448 0.262500 0.736351 0.273077 0.739224 0.282692 0.737787 0.292308 0.731322 0.300962 0.718391 0.306731
0 0.826149 0.968269 0.811782 0.968269 0.803879 0.959615 0.802443 0.948077 0.814655 0.937500 0.837644 0.939423 0.845546 0.950000 0.845546 0.959615 0.839080 0.966346 0.826149 0.968269
0 0.169540 0.327885 0.162356 0.327885 0.155172 0.322115 0.148707 0.313462 0.144397 0.298077 0.147270 0.284615 0.159483 0.272115 0.176724 0.274038 0.185345 0.279808 0.190374 0.290385 0.186063 0.311538 0.169540 0.327885
0 0.964080 0.245192 0.955460 0.245192 0.948994 0.236538 0.948994 0.205769 0.951868 0.196154 0.962644 0.181731 0.968391 0.177885 0.975575 0.177885 0.980603 0.182692 0.983477 0.198077 0.976293 0.228846 0.964080 0.245192
0 0.140805 0.947115 0.132184 0.947115 0.122845 0.936538 0.119971 0.915385 0.117098 0.911538 0.114224 0.894231 0.115661 0.875000 0.126437 0.866346 0.137931 0.868269 0.147270 0.884615 0.150144 0.926923 0.148707 0.938462 0.140805 0.947115
