0 0.296875 0.447266 0.265625 0.435547 0.251953 0.421875 0.251953 0.402344 0.269531 0.384766 0.281250 0.384766 0.289062 0.376953 0.312500 0.376953 0.330078 0.394531 0.333984 0.410156 0.330078 0.425781 0.312500 0.443359 0.296875 0.447266
0 0.382812 0.361328 0.369141 0.355469 0.369141 0.339844 0.375000 0.333984 0.382812 0.333984 0.392578 0.347656 0.382812 0.361328
0 0.501953 0.000000 0.509766 0.007812 0.509766 0.039062 0.492188 0.052734 0.472656 0.052734 0.447266 0.031250 0.443359 0.007812 0.451172 0.000000
0 0.730469 0.087891 0.683594 0.087891 0.669922 0.078125 0.669922 0.039062 0.691406 0.013672 0.722656 0.021484 0.744141 0.042969 0.744141 0.078125 0.730469 0.087891
0 0.468750 0.431641 0.433594 0.427734 0.419922 0.414062 0.419922 0.382812 0.441406 0.365234 0.460938 0.369141 0.474609 0.382812 0.470703 0.394531 0.482422 0.417969 0.468750 0.431641
0 0.769531 0.404297 0.750000 0.396484 0.728516 0.375000 0.732422 0.347656 0.750000 0.330078 0.787109 0.351562 0.787109 0.382812 0.769531 0.404297
0 0.343750 0.833984 0.308594 0.830078 0.287109 0.804688 0.287109 0.781250 0.294922 0.765625 0.312500 0.751953 0.343750 0.755859 0.369141 0.785156 0.369141 0.812500 0.343750 0.833984
0 0.773438 0.533203 0.753906 0.533203 0.740234 0.519531 0.740234 0.480469 0.746094 0.474609 0.769531 0.470703 0.785156 0.478516 0.798828 0.500000 0.798828 0.507812 0.773438 0.533203
0 0.642578 0.000000 0.621094 0.021484 0.589844 0.021484 0.568359 0.000000
0 0.289062 0.720703 0.265625 0.716797 0.248047 0.699219 0.240234 0.675781 0.248047 0.667969 0.248047 0.656250 0.265625 0.638672 0.296875 0.634766 0.310547 0.652344 0.318359 0.687500 0.314453 0.699219 0.289062 0.720703
0 0.566406 0.115234 0.542969 0.115234 0.533203 0.105469 0.521484 0.085938 0.521484 0.066406 0.542969 0.048828 0.582031 0.044922 0.599609 0.066406 0.599609 0.085938 0.578125 0.111328 0.566406 0.115234
0 0.240234 0.996094 0.236328 0.984375 0.246094 0.974609 0.273438 0.974609 0.291016 0.996094
0 0.521484 0.996094 0.521484 0.980469 0.531250 0.970703 0.578125 0.943359 0.605469 0.943359 0.623047 0.957031 0.623047 0.976562 0.607422 0.996094
0 0.996094 0.134766 0.984375 0.134766 0.974609 0.125000 0.974609 0.105469 0.996094 0.072266
0 0.187500 0.591797 0.167969 0.591797 0.142578 0.574219 0.138672 0.554688 0.126953 0.539062 0.136719 0.521484 0.183594 0.513672 0.197266 0.527344 0.201172 0.570312 0.187500 0.591797
0 0.367188 0.521484 0.347656 0.513672 0.333984 0.500000 0.333984 0.492188 0.367188 0.455078 0.375000 0.455078 0.404297 0.480469 0.404297 0.488281 0.386719 0.513672 0.367188 0.521484
0 0.875000 0.369141 0.853516 0.359375 0.845703 0.328125 0.863281 0.306641 0.886719 0.302734 0.912109 0.316406 0.916016 0.347656 0.898438 0.361328 0.875000 0.369141
0 0.156250 0.951172 0.136719 0.947266 0.123047 0.933594 0.123047 0.917969 0.132812 0.908203 0.152344 0.904297 0.177734 0.921875 0.177734 0.933594 0.156250 0.951172
0 0.000000 0.919922 0.019531 0.904297 0.035156 0.904297 0.064453 0.937500 0.060547 0.957031 0.042969 0.978516 0.027344 0.978516 0.000000 0.962891
0 0.142578 0.996094 0.156250 0.978516 0.175781 0.982422 0.185547 0.996094
0 0.210938 0.310547 0.195312 0.310547 0.181641 0.300781 0.177734 0.277344 0.187500 0.263672 0.214844 0.263672 0.228516 0.277344 0.228516 0.296875 0.210938 0.310547
0 0.171875 0.283203 0.144531 0.279297 0.134766 0.269531 0.130859 0.242188 0.144531 0.224609 0.175781 0.220703 0.185547 0.230469 0.189453 0.253906 0.171875 0.283203
0 0.898438 0.107422 0.878906 0.107422 0.869141 0.097656 0.869141 0.074219 0.861328 0.066406 0.865234 0.046875 0.882812 0.033203 0.898438 0.033203 0.910156 0.041016 0.927734 0.070312 0.923828 0.085938 0.898438 0.107422
0 0.554688 0.759766 0.535156 0.759766 0.517578 0.746094 0.513672 0.714844 0.527344 0.693359 0.546875 0.697266 0.564453 0.722656 0.564453 0.750000 0.554688 0.759766
0 0.441406 0.623047 0.416016 0.605469 0.404297 0.578125 0.419922 0.566406 0.429688 0.548828 0.460938 0.544922 0.486328 0.566406 0.490234 0.585938 0.464844 0.619141 0.441406 0.623047
0 0.445312 0.736328 0.414062 0.736328 0.400391 0.722656 0.396484 0.707031 0.410156 0.689453 0.437500 0.681641 0.470703 0.703125 0.474609 0.718750 0.445312 0.736328
0 0.644531 0.478516 0.626953 0.468750 0.623047 0.433594 0.644531 0.412109 0.675781 0.404297 0.689453 0.414062 0.693359 0.457031 0.671875 0.474609 0.644531 0.478516
0 0.875000 0.205078 0.863281 0.205078 0.845703 0.179688 0.845703 0.156250 0.863281 0.138672 0.890625 0.146484 0.908203 0.164062 0.904297 0.195312 0.875000 0.205078
0 0.917969 0.513672 0.890625 0.513672 0.875000 0.505859 0.853516 0.472656 0.853516 0.460938 0.875000 0.443359 0.886719 0.443359 0.906250 0.431641 0.929688 0.439453 0.939453 0.449219 0.943359 0.472656 0.931641 0.500000 0.917969 0.513672
0 0.339844 0.345703 0.304688 0.337891 0.279297 0.312500 0.275391 0.292969 0.289062 0.275391 0.343750 0.279297 0.365234 0.300781 0.361328 0.332031 0.339844 0.345703
0 0.203125 0.876953 0.171875 0.873047 0.142578 0.847656 0.142578 0.828125 0.179688 0.794922 0.203125 0.798828 0.224609 0.820312 0.228516 0.832031 0.224609 0.863281 0.203125 0.876953
0 0.437500 0.126953 0.410156 0.123047 0.392578 0.101562 0.392578 0.085938 0.425781 0.064453 0.449219 0.064453 0.462891 0.078125 0.458984 0.113281 0.437500 0.126953
0 0.857422 0.996094 0.857422 0.972656 0.886719 0.947266 0.919922 0.968750 0.923828 0.996094
0 0.164062 0.080078 0.128906 0.076172 0.111328 0.058594 0.111328 0.050781 0.128906 0.037109 0.167969 0.048828 0.173828 0.054688 0.173828 0.070312 0.164062 0.080078
0 0.484375 0.927734 0.453125 0.927734 0.437500 0.919922 0.423828 0.902344 0.431641 0.847656 0.445312 0.833984 0.464844 0.826172 0.494141 0.839844 0.498047 0.863281 0.509766 0.878906 0.509766 0.902344 0.484375 0.927734
0 0.722656 0.646484 0.710938 0.646484 0.681641 0.621094 0.681641 0.589844 0.703125 0.572266 0.734375 0.576172 0.748047 0.589844 0.755859 0.609375 0.751953 0.628906 0.722656 0.646484
0 0.226562 0.251953 0.210938 0.251953 0.193359 0.230469 0.193359 0.207031 0.207031 0.197266 0.226562 0.201172 0.240234 0.214844 0.244141 0.238281 0.226562 0.251953
0 0.804688 0.291016 0.781250 0.291016 0.759766 0.269531 0.759766 0.230469 0.765625 0.224609 0.800781 0.220703 0.830078 0.238281 0.833984 0.269531 0.804688 0.291016
0 0.074219 0.787109 0.039062 0.787109 0.025391 0.773438 0.021484 0.753906 0.050781 0.720703 0.074219 0.720703 0.099609 0.742188 0.099609 0.765625 0.074219 0.787109
0 0.781250 0.181641 0.742188 0.181641 0.736328 0.175781 0.732422 0.148438 0.757812 0.111328 0.777344 0.111328 0.792969 0.119141 0.810547 0.148438 0.806641 0.164062 0.781250 0.181641
0 0.000000 0.146484 0.015625 0.134766 0.027344 0.134766 0.044922 0.148438 0.048828 0.160156 0.048828 0.175781 0.031250 0.193359 0.000000 0.189453
0 0.996094 0.626953 0.980469 0.630859 0.958984 0.609375 0.962891 0.589844 0.972656 0.580078 0.996094 0.580078
0 0.128906 0.470703 0.105469 0.470703 0.087891 0.453125 0.087891 0.429688 0.093750 0.423828 0.128906 0.419922 0.146484 0.437500 0.142578 0.457031 0.128906 0.470703
0 0.957031 0.962891 0.945312 0.962891 0.933594 0.951172 0.917969 0.955078 0.900391 0.937500 0.896484 0.917969 0.910156 0.900391 0.925781 0.892578 0.945312 0.896484 0.962891 0.914062 0.970703 0.945312 0.957031 0.962891
0 0.609375 0.673828 0.593750 0.673828 0.564453 0.652344 0.560547 0.632812 0.574219 0.615234 0.597656 0.611328 0.626953 0.628906 0.630859 0.656250 0.609375 0.673828
0 0.000000 0.482422 0.019531 0.482422 0.033203 0.507812 0.033203 0.527344 0.011719 0.548828 0.000000 0.544922
0 0.335938 0.271484 0.324219 0.267578 0.302734 0.242188 0.306641 0.218750 0.324219 0.205078 0.347656 0.208984 0.361328 0.222656 0.357422 0.253906 0.335938 0.271484
0 0.996094 0.259766 0.976562 0.271484 0.964844 0.263672 0.945312 0.263672 0.931641 0.250000 0.931641 0.238281 0.945312 0.220703 0.988281 0.208984 0.996094 0.212891
0 0.644531 0.349609 0.625000 0.349609 0.603516 0.324219 0.603516 0.308594 0.632812 0.287109 0.644531 0.287109 0.662109 0.304688 0.662109 0.328125 0.644531 0.349609
0 0.335938 0.986328 0.312500 0.986328 0.287109 0.949219 0.291016 0.921875 0.308594 0.904297 0.351562 0.912109 0.373047 0.937500 0.373047 0.953125 0.361328 0.968750 0.335938 0.986328
0 0.570312 0.224609 0.535156 0.220703 0.517578 0.203125 0.517578 0.187500 0.539062 0.173828 0.574219 0.177734 0.583984 0.199219 0.580078 0.214844 0.570312 0.224609
