0 0.107031 0.000000 0.103906 0.029297 0.087500 0.041992 0.073438 0.038086 0.063281 0.025391 0.063281 0.000000
0 0.095312 0.174805 0.076563 0.174805 0.060937 0.165039 0.050781 0.150391 0.052344 0.130859 0.064062 0.122070 0.076563 0.120117 0.095312 0.125977 0.100781 0.132812 0.102344 0.146484 0.105469 0.152344 0.103906 0.167969 0.095312 0.174805
0 0.129688 0.604492 0.106250 0.604492 0.097656 0.593750 0.094531 0.576172 0.094531 0.556641 0.101562 0.547852 0.125000 0.545898 0.135156 0.558594 0.139844 0.576172 0.138281 0.591797 0.129688 0.604492
0 0.667188 0.612305 0.656250 0.606445 0.642969 0.589844 0.635156 0.560547 0.635156 0.544922 0.642969 0.529297 0.642969 0.521484 0.651563 0.514648 0.654687 0.506836 0.660937 0.510742 0.682813 0.512695 0.697656 0.529297 0.697656 0.533203 0.707031 0.544922 0.710156 0.554688 0.708594 0.582031 0.703906 0.587891 0.700781 0.599609 0.696875 0.604492 0.690625 0.604492 0.684375 0.610352 0.667188 0.612305
0 0.682813 0.512695 0.660937 0.510742 0.656250 0.506836 0.635938 0.506836 0.633594 0.503906 0.632031 0.449219 0.639062 0.436523 0.642188 0.436523 0.654687 0.424805 0.675000 0.420898 0.691406 0.441406 0.691406 0.494141 0.682813 0.512695
0 0.198437 0.592773 0.190625 0.592773 0.184375 0.588867 0.174219 0.572266 0.174219 0.542969 0.179688 0.532227 0.185938 0.538086 0.193750 0.538086 0.200000 0.541992 0.216406 0.560547 0.219531 0.572266 0.219531 0.585938 0.215625 0.590820 0.198437 0.592773
0 0.600000 0.747070 0.582812 0.739258 0.567969 0.712891 0.567969 0.691406 0.572656 0.681641 0.582812 0.672852 0.590625 0.672852 0.601562 0.680664 0.612500 0.682617 0.625781 0.701172 0.625781 0.714844 0.619531 0.732422 0.607812 0.745117 0.600000 0.747070
0 0.078125 0.385742 0.057813 0.385742 0.053125 0.381836 0.039844 0.361328 0.032031 0.341797 0.032031 0.304688 0.043750 0.286133 0.054688 0.284180 0.078906 0.312500 0.083594 0.326172 0.088281 0.332031 0.089844 0.375000 0.078125 0.385742
0 0.134375 0.541992 0.125000 0.541992 0.118750 0.534180 0.112500 0.534180 0.110156 0.527344 0.102344 0.521484 0.102344 0.511719 0.097656 0.505859 0.102344 0.488281 0.115625 0.471680 0.128125 0.465820 0.140625 0.467773 0.154688 0.479492 0.166406 0.500000 0.164844 0.529297 0.156250 0.538086 0.134375 0.541992
0 0.137500 0.174805 0.129688 0.174805 0.126562 0.170898 0.114062 0.166992 0.110156 0.162109 0.108594 0.150391 0.100781 0.138672 0.102344 0.103516 0.112500 0.086914 0.123438 0.084961 0.129688 0.088867 0.141406 0.099609 0.152344 0.119141 0.150781 0.150391 0.146094 0.164062 0.137500 0.174805
0 0.254688 0.319336 0.243750 0.319336 0.228125 0.307617 0.213281 0.289062 0.213281 0.277344 0.210156 0.271484 0.221875 0.250977 0.231250 0.247070 0.245312 0.247070 0.266406 0.263672 0.272656 0.304688 0.262500 0.317383 0.254688 0.319336
0 0.442188 0.758789 0.414062 0.756836 0.407031 0.748047 0.399219 0.728516 0.400781 0.695312 0.417187 0.678711 0.440625 0.680664 0.457031 0.697266 0.457031 0.703125 0.460156 0.707031 0.461719 0.730469 0.455469 0.746094 0.446875 0.756836 0.442188 0.758789
0 0.471875 0.875977 0.448437 0.870117 0.438281 0.849609 0.441406 0.810547 0.453125 0.793945 0.459375 0.790039 0.479687 0.790039 0.490625 0.793945 0.497656 0.802734 0.497656 0.810547 0.505469 0.828125 0.502344 0.855469 0.492188 0.868164 0.471875 0.875977
0 0.998437 0.938477 0.996094 0.941406 0.997656 0.953125 0.995313 0.956055 0.973437 0.959961 0.965625 0.956055 0.960156 0.949219 0.955469 0.931641 0.961719 0.908203 0.973437 0.897461 0.987500 0.899414 0.997656 0.914062 0.998437 0.920898
0 0.954688 0.752930 0.942187 0.743164 0.932813 0.741211 0.925781 0.722656 0.927344 0.707031 0.940625 0.692383 0.959375 0.694336 0.974219 0.710938 0.977344 0.722656 0.977344 0.734375 0.962500 0.750977 0.954688 0.752930
0 0.842187 0.346680 0.837500 0.346680 0.810156 0.312500 0.810156 0.289062 0.817969 0.269531 0.831250 0.254883 0.841406 0.261719 0.850781 0.302734 0.850781 0.328125 0.842187 0.346680
0 0.900000 0.235352 0.882812 0.233398 0.874219 0.220703 0.880469 0.208984 0.875781 0.203125 0.877344 0.177734 0.872656 0.173828 0.869531 0.154297 0.879687 0.145508 0.887500 0.145508 0.892188 0.151367 0.895312 0.151367 0.908594 0.167969 0.910156 0.173828 0.907031 0.220703 0.900000 0.235352
0 0.859375 0.245117 0.840625 0.245117 0.832031 0.236328 0.825781 0.220703 0.825781 0.193359 0.828906 0.185547 0.835938 0.176758 0.850000 0.168945 0.864062 0.168945 0.877344 0.177734 0.877344 0.207031 0.871094 0.214844 0.864844 0.236328 0.859375 0.245117
0 0.223438 0.670898 0.198437 0.670898 0.185938 0.663086 0.177344 0.652344 0.175781 0.623047 0.183594 0.601562 0.190625 0.592773 0.214062 0.590820 0.217188 0.594727 0.223438 0.594727 0.244531 0.617188 0.244531 0.648438 0.231250 0.668945 0.223438 0.670898
0 0.889062 0.885742 0.882812 0.885742 0.866406 0.867188 0.866406 0.837891 0.870313 0.831055 0.885938 0.831055 0.893750 0.836914 0.900781 0.849609 0.903906 0.867188 0.889062 0.885742
0 0.643750 0.985352 0.621875 0.983398 0.610938 0.971680 0.604688 0.969727 0.594531 0.953125 0.589844 0.937500 0.588281 0.908203 0.598437 0.893555 0.615625 0.889648 0.628125 0.893555 0.642188 0.903320 0.675000 0.905273 0.687500 0.909180 0.691406 0.914062 0.691406 0.955078 0.685156 0.970703 0.670312 0.983398 0.643750 0.985352
0 0.121875 0.676758 0.114062 0.674805 0.108594 0.667969 0.108594 0.638672 0.115625 0.627930 0.128125 0.625977 0.138281 0.638672 0.138281 0.669922 0.134375 0.674805 0.121875 0.676758
0 0.721875 0.166992 0.714063 0.166992 0.690625 0.137695 0.682813 0.131836 0.670312 0.127930 0.652344 0.107422 0.653906 0.091797 0.663281 0.076172 0.663281 0.070312 0.676562 0.055664 0.698438 0.071289 0.707812 0.073242 0.725781 0.089844 0.730469 0.107422 0.736719 0.119141 0.738281 0.158203 0.721875 0.166992
0 0.410938 0.276367 0.404687 0.276367 0.396094 0.269531 0.396094 0.261719 0.400781 0.250000 0.410156 0.240234 0.411719 0.232422 0.408594 0.228516 0.410156 0.222656 0.407031 0.218750 0.402344 0.195312 0.397656 0.189453 0.397656 0.177734 0.394531 0.171875 0.396875 0.168945 0.403125 0.170898 0.407813 0.161133 0.411719 0.164062 0.414062 0.170898 0.417187 0.170898 0.421875 0.163086 0.429688 0.159180 0.433594 0.167969 0.443750 0.174805 0.457031 0.193359 0.464844 0.232422 0.440625 0.264648 0.428125 0.274414 0.410938 0.276367
0 0.634375 0.661133 0.621875 0.661133 0.604688 0.651367 0.598437 0.651367 0.585156 0.636719 0.580469 0.621094 0.580469 0.607422 0.583594 0.593750 0.592187 0.579102 0.615625 0.571289 0.621875 0.575195 0.641406 0.601562 0.644531 0.611328 0.644531 0.636719 0.641406 0.644531 0.641406 0.656250 0.634375 0.661133
0 0.000000 0.682617 0.007812 0.680664 0.009375 0.684570 0.014063 0.678711 0.023438 0.678711 0.029687 0.682617 0.032813 0.688477 0.035937 0.686523 0.036719 0.691406 0.042969 0.697266 0.044531 0.714844 0.048438 0.711914 0.053125 0.721680 0.054688 0.713867 0.055469 0.722656 0.064844 0.728516 0.064844 0.732422 0.057031 0.740234 0.066406 0.757812 0.066406 0.765625 0.060937 0.770508 0.059375 0.768555 0.058594 0.773438 0.052344 0.777344 0.052344 0.781250 0.055469 0.783203 0.047656 0.794922 0.032813 0.803711 0.020313 0.801758 0.018750 0.797852 0.014063 0.797852 0.010937 0.793945 0.007812 0.795898 0.000000 0.782227
0 0.766406 0.000000 0.771875 0.002930 0.777344 0.011719 0.765625 0.026367 0.753125 0.028320 0.745313 0.034180 0.725000 0.032227 0.701562 0.008789 0.699219 0.000000
0 0.810937 0.864258 0.790625 0.860352 0.783594 0.851562 0.785156 0.833984 0.793750 0.827148 0.798438 0.827148 0.803125 0.817383 0.810937 0.823242 0.815625 0.823242 0.824219 0.841797 0.819531 0.849609 0.817969 0.859375 0.810937 0.864258
0 0.887500 0.956055 0.865625 0.956055 0.858594 0.945312 0.858594 0.927734 0.861719 0.917969 0.876563 0.903320 0.892188 0.905273 0.903906 0.923828 0.903906 0.943359 0.887500 0.956055
0 0.845313 0.780273 0.814063 0.780273 0.800000 0.772461 0.785937 0.756836 0.782813 0.756836 0.775781 0.742188 0.775781 0.720703 0.782031 0.712891 0.782031 0.707031 0.793750 0.694336 0.815625 0.692383 0.832812 0.680664 0.856250 0.684570 0.861719 0.691406 0.864844 0.707031 0.869531 0.714844 0.869531 0.736328 0.866406 0.757812 0.851562 0.778320 0.845313 0.780273
0 0.220312 0.434570 0.206250 0.434570 0.195312 0.428711 0.182812 0.411133 0.175781 0.406250 0.169531 0.390625 0.169531 0.367188 0.178125 0.354492 0.185938 0.348633 0.209375 0.352539 0.218750 0.358398 0.239844 0.388672 0.238281 0.406250 0.233594 0.417969 0.220312 0.434570
0 0.725000 0.659180 0.699219 0.628906 0.703906 0.609375 0.707812 0.604492 0.714063 0.602539 0.718750 0.596680 0.732812 0.594727 0.739062 0.596680 0.744531 0.605469 0.747656 0.634766 0.742188 0.651367 0.737500 0.651367 0.725000 0.659180
0 0.456250 0.454102 0.451562 0.450195 0.435937 0.446289 0.424219 0.433594 0.425781 0.406250 0.435937 0.389648 0.443750 0.393555 0.453125 0.393555 0.469531 0.410156 0.472656 0.439453 0.467187 0.448242 0.459375 0.450195 0.456250 0.454102
0 0.496875 0.786133 0.473438 0.784180 0.461719 0.769531 0.463281 0.753906 0.468750 0.749023 0.482812 0.747070 0.485938 0.750977 0.496875 0.754883 0.502344 0.763672 0.502344 0.777344 0.496875 0.786133
0 0.612500 0.885742 0.595313 0.885742 0.587500 0.881836 0.578906 0.867188 0.575781 0.857422 0.575781 0.845703 0.578906 0.835938 0.590625 0.819336 0.625000 0.817383 0.635156 0.830078 0.639844 0.847656 0.638281 0.865234 0.629687 0.877930 0.621875 0.883789 0.612500 0.885742
0 0.033594 0.000000 0.041406 0.011719 0.039844 0.033203 0.032813 0.041992 0.021875 0.047852 0.014063 0.045898 0.002344 0.031250 0.002344 0.000000
0 0.767188 0.151367 0.740625 0.151367 0.738281 0.148438 0.736719 0.101562 0.732031 0.095703 0.732031 0.091797 0.737500 0.084961 0.759375 0.084961 0.775781 0.105469 0.778906 0.123047 0.775781 0.126953 0.774219 0.142578 0.767188 0.151367
0 0.173437 0.409180 0.157812 0.409180 0.146875 0.403320 0.135156 0.388672 0.125781 0.361328 0.125781 0.337891 0.132812 0.327148 0.157812 0.329102 0.174219 0.349609 0.169531 0.359375 0.169531 0.390625 0.175781 0.404297 0.173437 0.409180
0 0.943750 0.616211 0.914062 0.616211 0.897656 0.591797 0.897656 0.560547 0.920312 0.528320 0.940625 0.526367 0.953906 0.546875 0.953906 0.552734 0.960156 0.566406 0.963281 0.587891 0.960156 0.605469 0.943750 0.616211
0 0.912500 0.204102 0.910156 0.201172 0.908594 0.162109 0.903906 0.152344 0.905469 0.130859 0.910937 0.122070 0.917188 0.118164 0.937500 0.122070 0.948438 0.131836 0.958594 0.148438 0.960156 0.169922 0.957031 0.173828 0.957031 0.181641 0.945312 0.190430 0.925000 0.194336 0.912500 0.204102
0 0.471094 0.998047 0.471094 0.958984 0.481250 0.942383 0.487500 0.942383 0.493750 0.936523 0.512500 0.942383 0.522656 0.955078 0.533594 0.988281 0.533594 0.998047
0 0.940625 0.254883 0.923438 0.254883 0.912500 0.247070 0.910156 0.244141 0.910156 0.216797 0.911719 0.205078 0.915625 0.200195 0.925000 0.194336 0.946875 0.190430 0.954688 0.194336 0.963281 0.210938 0.964844 0.236328 0.956250 0.250977 0.940625 0.254883
0 0.893750 0.540039 0.876563 0.540039 0.870313 0.536133 0.856250 0.534180 0.841406 0.521484 0.841406 0.509766 0.846094 0.498047 0.844531 0.466797 0.851562 0.454102 0.859375 0.454102 0.878125 0.444336 0.885938 0.444336 0.902344 0.455078 0.917969 0.500000 0.917969 0.509766 0.916406 0.517578 0.903125 0.534180 0.893750 0.540039
0 0.877344 0.000000 0.892969 0.013672 0.903906 0.029297 0.907031 0.042969 0.911719 0.048828 0.910156 0.066406 0.893750 0.081055 0.878125 0.081055 0.856250 0.073242 0.839844 0.052734 0.836719 0.039062 0.836719 0.023438 0.841406 0.013672 0.841406 0.007812 0.852344 0.000000
