0 0.839844 0.505859 0.822266 0.500000 0.832031 0.482422 0.849609 0.488281 0.839844 0.505859
0 0.917969 0.490234 0.906250 0.490234 0.892578 0.480469 0.892578 0.464844 0.906250 0.451172 0.917969 0.451172 0.927734 0.460938 0.927734 0.480469 0.917969 0.490234
0 0.898438 0.400391 0.867188 0.396484 0.861328 0.386719 0.871094 0.373047 0.886719 0.373047 0.904297 0.390625 0.898438 0.400391
0 0.476562 0.947266 0.460938 0.947266 0.451172 0.937500 0.451172 0.917969 0.460938 0.908203 0.474609 0.914062 0.474609 0.925781 0.482422 0.933594 0.476562 0.947266
0 0.777344 0.990234 0.765625 0.990234 0.755859 0.980469 0.765625 0.958984 0.783203 0.964844 0.783203 0.984375 0.777344 0.990234
0 0.902344 0.455078 0.876953 0.437500 0.890625 0.416016 0.916016 0.429688 0.916016 0.449219 0.902344 0.455078
0 0.000000 0.552734 0.015625 0.544922 0.025391 0.558594 0.017578 0.578125 0.007812 0.587891 0.000000 0.583984
0 0.904297 0.996094 0.910156 0.982422 0.941406 0.982422 0.947266 0.996094
0 0.136719 0.951172 0.117188 0.951172 0.111328 0.945312 0.111328 0.929688 0.125000 0.916016 0.144531 0.912109 0.150391 0.917969 0.150391 0.937500 0.136719 0.951172
0 0.105469 0.794922 0.089844 0.794922 0.076172 0.781250 0.085938 0.763672 0.097656 0.763672 0.111328 0.773438 0.115234 0.785156 0.105469 0.794922
0 0.996094 0.654297 0.974609 0.640625 0.982422 0.609375 0.996094 0.603516
0 0.828125 0.451172 0.814453 0.441406 0.814453 0.433594 0.843750 0.423828 0.849609 0.441406 0.828125 0.451172
0 0.500000 0.943359 0.484375 0.943359 0.474609 0.925781 0.474609 0.914062 0.484375 0.904297 0.500000 0.904297 0.509766 0.914062 0.509766 0.933594 0.500000 0.943359
0 0.964844 0.443359 0.941406 0.439453 0.935547 0.425781 0.941406 0.419922 0.960938 0.419922 0.970703 0.429688 0.964844 0.443359
