0 0.656250 0.544922 0.644531 0.544922 0.634766 0.531250 0.638672 0.511719 0.652344 0.498047 0.677734 0.507812 0.673828 0.527344 0.656250 0.544922
0 0.792969 0.271484 0.769531 0.271484 0.744141 0.238281 0.744141 0.210938 0.765625 0.189453 0.789062 0.197266 0.802734 0.218750 0.806641 0.250000 0.792969 0.271484
0 0.632812 0.099609 0.617188 0.099609 0.607422 0.089844 0.599609 0.066406 0.609375 0.056641 0.625000 0.056641 0.638672 0.070312 0.638672 0.093750 0.632812 0.099609
0 0.726562 0.271484 0.718750 0.271484 0.705078 0.253906 0.705078 0.226562 0.710938 0.220703 0.730469 0.224609 0.744141 0.238281 0.744141 0.253906 0.726562 0.271484
0 0.542969 0.353516 0.527344 0.353516 0.509766 0.332031 0.509766 0.316406 0.523438 0.298828 0.539062 0.302734 0.552734 0.324219 0.552734 0.343750 0.542969 0.353516
0 0.277344 0.689453 0.257812 0.689453 0.236328 0.656250 0.236328 0.640625 0.250000 0.626953 0.265625 0.630859 0.287109 0.660156 0.287109 0.675781 0.277344 0.689453
0 0.000000 0.154297 0.017578 0.175781 0.017578 0.207031 0.000000 0.224609
0 0.312500 0.173828 0.285156 0.166016 0.259766 0.132812 0.255859 0.105469 0.263672 0.085938 0.277344 0.076172 0.292969 0.080078 0.326172 0.121094 0.330078 0.152344 0.312500 0.173828
0 0.050781 0.873047 0.031250 0.869141 0.021484 0.855469 0.021484 0.824219 0.042969 0.798828 0.054688 0.798828 0.076172 0.824219 0.072266 0.851562 0.050781 0.873047
0 0.281250 0.982422 0.246094 0.982422 0.236328 0.972656 0.236328 0.953125 0.250000 0.931641 0.287109 0.960938 0.287109 0.976562 0.281250 0.982422
