0 0.996875 0.240234 0.968750 0.236328 0.945312 0.203125 0.939063 0.183594 0.939063 0.152344 0.956250 0.126953 0.968750 0.115234 0.984375 0.111328 0.996875 0.119141
0 0.890625 0.619141 0.859375 0.615234 0.845313 0.593750 0.845313 0.566406 0.870313 0.511719 0.884375 0.494141 0.896875 0.486328 0.915625 0.486328 0.948438 0.519531 0.951562 0.546875 0.939063 0.582031 0.928125 0.595703 0.890625 0.619141
0 0.081250 0.634766 0.059375 0.630859 0.037500 0.615234 0.026562 0.593750 0.026562 0.574219 0.035937 0.558594 0.039062 0.535156 0.048438 0.511719 0.062500 0.494141 0.093750 0.494141 0.098437 0.500000 0.110937 0.527344 0.110937 0.550781 0.117188 0.566406 0.117188 0.601562 0.110937 0.617188 0.081250 0.634766
0 0.662500 0.455078 0.643750 0.455078 0.632812 0.441406 0.632812 0.421875 0.650000 0.396484 0.668750 0.380859 0.689063 0.410156 0.689063 0.429688 0.662500 0.455078
0 0.721875 0.248047 0.712500 0.248047 0.700000 0.228516 0.684375 0.228516 0.673438 0.210938 0.700000 0.173828 0.734375 0.158203 0.753125 0.181641 0.771875 0.185547 0.779687 0.199219 0.750000 0.236328 0.737500 0.236328 0.721875 0.248047
0 0.704688 0.996094 0.709375 0.982422 0.737500 0.962891 0.759375 0.962891 0.767188 0.972656 0.764062 0.996094
0 0.715625 0.529297 0.693750 0.529297 0.689063 0.523438 0.676562 0.507812 0.676562 0.480469 0.703125 0.439453 0.725000 0.431641 0.746875 0.435547 0.760938 0.457031 0.760938 0.472656 0.742188 0.503906 0.715625 0.529297
0 0.462500 0.923828 0.443750 0.912109 0.429688 0.886719 0.432812 0.812500 0.445312 0.777344 0.468750 0.744141 0.478125 0.744141 0.481250 0.736328 0.518750 0.736328 0.545312 0.765625 0.551562 0.785156 0.557813 0.789062 0.554688 0.820312 0.515625 0.888672 0.490625 0.912109 0.478125 0.912109 0.462500 0.923828
0 0.000000 0.869141 0.015625 0.861328 0.031250 0.865234 0.035937 0.878906 0.064062 0.910156 0.057813 0.917969 0.070312 0.953125 0.070312 0.976562 0.057813 0.996094
0 0.959375 0.830078 0.937500 0.826172 0.904687 0.789062 0.901563 0.757812 0.907813 0.742188 0.934375 0.720703 0.975000 0.720703 0.989062 0.746094 0.992188 0.777344 0.982812 0.812500 0.971875 0.826172 0.959375 0.830078
0 0.275000 0.974609 0.240625 0.974609 0.220312 0.953125 0.217188 0.941406 0.217188 0.898438 0.250000 0.853516 0.271875 0.853516 0.284375 0.861328 0.298438 0.890625 0.298438 0.914062 0.289062 0.953125 0.275000 0.974609
0 0.946875 0.310547 0.935937 0.304688 0.939063 0.246094 0.959375 0.232422 0.978125 0.240234 0.987500 0.236328 0.992188 0.242188 0.989062 0.296875 0.984375 0.302734 0.953125 0.302734 0.946875 0.310547
0 0.878125 0.224609 0.854688 0.214844 0.860938 0.179688 0.871875 0.173828 0.903125 0.177734 0.907813 0.183594 0.907813 0.199219 0.893750 0.216797 0.878125 0.224609
0 0.784375 0.439453 0.762500 0.439453 0.751563 0.421875 0.748437 0.394531 0.756250 0.384766 0.781250 0.380859 0.798438 0.398438 0.801562 0.417969 0.784375 0.439453
0 0.562500 0.576172 0.525000 0.572266 0.514062 0.554688 0.514062 0.519531 0.529687 0.480469 0.526563 0.468750 0.546875 0.447266 0.571875 0.443359 0.595313 0.468750 0.598437 0.527344 0.592187 0.546875 0.587500 0.552734 0.584375 0.548828 0.562500 0.576172
0 0.565625 0.392578 0.556250 0.384766 0.543750 0.384766 0.526563 0.359375 0.520312 0.316406 0.546875 0.283203 0.568750 0.275391 0.592187 0.285156 0.585938 0.308594 0.592187 0.355469 0.565625 0.392578
0 0.084375 0.908203 0.059375 0.908203 0.026562 0.859375 0.029687 0.847656 0.023438 0.843750 0.020313 0.789062 0.053125 0.759766 0.062500 0.759766 0.089063 0.789062 0.098437 0.828125 0.101562 0.882812 0.098437 0.894531 0.084375 0.908203
0 0.759375 0.919922 0.721875 0.916016 0.707812 0.886719 0.714063 0.847656 0.740625 0.826172 0.768750 0.841797 0.776563 0.855469 0.770312 0.902344 0.759375 0.919922
0 0.856250 0.361328 0.831250 0.349609 0.823438 0.339844 0.814063 0.296875 0.823438 0.273438 0.850000 0.251953 0.890625 0.255859 0.904687 0.273438 0.907813 0.308594 0.895312 0.339844 0.881250 0.357422 0.856250 0.361328
0 0.906250 0.158203 0.887500 0.158203 0.864062 0.132812 0.864062 0.089844 0.887500 0.064453 0.918750 0.068359 0.931250 0.076172 0.942187 0.097656 0.942187 0.113281 0.932813 0.136719 0.906250 0.158203
0 0.000000 0.439453 0.034375 0.431641 0.060937 0.464844 0.060937 0.496094 0.048438 0.511719 0.035937 0.554688 0.018750 0.572266 0.000000 0.572266
0 0.637500 0.369141 0.603125 0.365234 0.595313 0.355469 0.585938 0.332031 0.585938 0.308594 0.595313 0.292969 0.595313 0.281250 0.606250 0.263672 0.659375 0.228516 0.690625 0.228516 0.698438 0.238281 0.692187 0.281250 0.695312 0.304688 0.676562 0.324219 0.656250 0.357422 0.637500 0.369141
0 0.690625 0.767578 0.667188 0.757812 0.667188 0.730469 0.687500 0.708984 0.700000 0.708984 0.707812 0.718750 0.710938 0.734375 0.707812 0.746094 0.690625 0.767578
0 0.637500 0.794922 0.612500 0.794922 0.598437 0.781250 0.595313 0.769531 0.601562 0.734375 0.625000 0.689453 0.653125 0.693359 0.664062 0.710938 0.660937 0.761719 0.637500 0.794922
0 0.609375 0.482422 0.600000 0.482422 0.595313 0.468750 0.571875 0.443359 0.537500 0.447266 0.532813 0.429688 0.556250 0.400391 0.568750 0.396484 0.578125 0.384766 0.593750 0.384766 0.603125 0.392578 0.606250 0.388672 0.629687 0.425781 0.629687 0.445312 0.609375 0.482422
0 0.878125 0.978516 0.853125 0.970703 0.835938 0.953125 0.846875 0.923828 0.865625 0.919922 0.884375 0.927734 0.892188 0.937500 0.895312 0.960938 0.878125 0.978516
0 0.534375 0.673828 0.503125 0.666016 0.485938 0.644531 0.492188 0.597656 0.518750 0.572266 0.551562 0.597656 0.542188 0.613281 0.550000 0.619141 0.553125 0.615234 0.560937 0.632812 0.554688 0.652344 0.534375 0.673828
0 0.501563 0.996094 0.495312 0.984375 0.498437 0.933594 0.548438 0.835938 0.575000 0.806641 0.600000 0.806641 0.612500 0.814453 0.629687 0.835938 0.639062 0.871094 0.635938 0.917969 0.601562 0.996094
0 0.784375 0.185547 0.771875 0.185547 0.745313 0.160156 0.742188 0.113281 0.756250 0.076172 0.793750 0.048828 0.815625 0.048828 0.839063 0.078125 0.835938 0.128906 0.812500 0.169922 0.784375 0.185547
0 0.675000 0.701172 0.659375 0.701172 0.653125 0.693359 0.634375 0.689453 0.632812 0.652344 0.637500 0.654297 0.650000 0.634766 0.662500 0.630859 0.662500 0.623047 0.690625 0.623047 0.704688 0.636719 0.704688 0.660156 0.698438 0.675781 0.675000 0.701172
0 0.650000 0.205078 0.621875 0.205078 0.609375 0.197266 0.595313 0.175781 0.595313 0.140625 0.614062 0.101562 0.637500 0.076172 0.650000 0.076172 0.671875 0.060547 0.731250 0.060547 0.739062 0.070312 0.739062 0.093750 0.720313 0.136719 0.700000 0.150391 0.662500 0.201172 0.650000 0.205078
0 0.818750 0.396484 0.796875 0.396484 0.776563 0.371094 0.776563 0.347656 0.796875 0.314453 0.815625 0.318359 0.825000 0.341797 0.848437 0.359375 0.848437 0.367188 0.818750 0.396484
0 0.740625 0.392578 0.703125 0.392578 0.690625 0.384766 0.682813 0.371094 0.682813 0.343750 0.700000 0.318359 0.718750 0.302734 0.756250 0.298828 0.776563 0.316406 0.776563 0.339844 0.754687 0.382812 0.740625 0.392578
0 0.076563 0.996094 0.081250 0.978516 0.093750 0.978516 0.100000 0.970703 0.137500 0.978516 0.145313 0.992188 0.142187 0.996094
0 0.928125 0.912109 0.878125 0.912109 0.862500 0.900391 0.851562 0.871094 0.851562 0.828125 0.865625 0.814453 0.912500 0.814453 0.918750 0.822266 0.928125 0.822266 0.948438 0.859375 0.948438 0.890625 0.940625 0.904297 0.928125 0.912109
0 0.771875 0.771484 0.743750 0.759766 0.732812 0.742188 0.732812 0.691406 0.762500 0.662109 0.765625 0.666016 0.787500 0.650391 0.809375 0.650391 0.825000 0.658203 0.832812 0.671875 0.829688 0.730469 0.812500 0.759766 0.778125 0.763672 0.771875 0.771484
0 0.825000 0.517578 0.806250 0.509766 0.795312 0.492188 0.801562 0.445312 0.834375 0.396484 0.868750 0.384766 0.882812 0.398438 0.882812 0.406250 0.892188 0.417969 0.889062 0.453125 0.875000 0.482422 0.843750 0.509766 0.825000 0.517578
0 0.659375 0.884766 0.643750 0.884766 0.639062 0.878906 0.629687 0.832031 0.665625 0.771484 0.693750 0.775391 0.710938 0.796875 0.710938 0.816406 0.698438 0.847656 0.678125 0.873047 0.659375 0.884766
0 0.681250 0.990234 0.643750 0.982422 0.626563 0.960938 0.626563 0.945312 0.632812 0.937500 0.632812 0.925781 0.665625 0.884766 0.700000 0.884766 0.720313 0.929688 0.720313 0.953125 0.703125 0.974609 0.681250 0.990234
0 0.315625 0.951172 0.300000 0.951172 0.292187 0.933594 0.301563 0.886719 0.295312 0.878906 0.295312 0.847656 0.318750 0.814453 0.337500 0.814453 0.354687 0.839844 0.354687 0.890625 0.335938 0.933594 0.315625 0.951172
0 0.262500 0.849609 0.243750 0.845703 0.232813 0.828125 0.232813 0.804688 0.239063 0.792969 0.239063 0.742188 0.265625 0.708984 0.284375 0.705078 0.307812 0.726562 0.314063 0.742188 0.317188 0.781250 0.304688 0.820312 0.287500 0.841797 0.262500 0.849609
0 0.546875 0.275391 0.525000 0.275391 0.507812 0.250000 0.510938 0.218750 0.526563 0.183594 0.546875 0.166016 0.564063 0.179688 0.564063 0.195312 0.570312 0.203125 0.570312 0.238281 0.564063 0.261719 0.546875 0.275391
0 0.771875 0.302734 0.746875 0.298828 0.732812 0.285156 0.726562 0.277344 0.726562 0.246094 0.750000 0.236328 0.771875 0.212891 0.803125 0.212891 0.817187 0.230469 0.817187 0.238281 0.795312 0.277344 0.771875 0.302734
0 0.740625 0.626953 0.712500 0.626953 0.695312 0.609375 0.682813 0.578125 0.685937 0.550781 0.728125 0.521484 0.734375 0.509766 0.771875 0.509766 0.792188 0.527344 0.792188 0.566406 0.768750 0.607422 0.740625 0.626953
0 0.285938 0.996094 0.296875 0.978516 0.318750 0.962891 0.342187 0.988281 0.339062 0.996094
0 0.621875 0.591797 0.609375 0.591797 0.598437 0.582031 0.589063 0.570312 0.589063 0.550781 0.598437 0.527344 0.598437 0.511719 0.625000 0.482422 0.640625 0.482422 0.651563 0.492188 0.660937 0.511719 0.657813 0.550781 0.637500 0.587891 0.621875 0.591797
0 0.268750 0.662109 0.253125 0.662109 0.239063 0.644531 0.242188 0.601562 0.257812 0.562500 0.278125 0.533203 0.300000 0.513672 0.328125 0.505859 0.335938 0.515625 0.342187 0.542969 0.342187 0.578125 0.312500 0.634766 0.268750 0.662109
0 0.831250 0.779297 0.821875 0.779297 0.807813 0.761719 0.817187 0.753906 0.832812 0.722656 0.832812 0.675781 0.846875 0.662109 0.862500 0.662109 0.873437 0.675781 0.873437 0.722656 0.860938 0.753906 0.843750 0.775391 0.831250 0.779297
0 0.387500 0.705078 0.368750 0.705078 0.364063 0.699219 0.364063 0.683594 0.371875 0.673828 0.384375 0.669922 0.392188 0.679688 0.395313 0.695312 0.387500 0.705078
0 0.500000 0.548828 0.468750 0.544922 0.464062 0.527344 0.445312 0.500000 0.445312 0.480469 0.451562 0.472656 0.451562 0.437500 0.457813 0.417969 0.481250 0.388672 0.509375 0.400391 0.523438 0.425781 0.526563 0.445312 0.526563 0.488281 0.514062 0.527344 0.500000 0.548828
0 0.800000 0.896484 0.781250 0.892578 0.773438 0.882812 0.776563 0.855469 0.768750 0.841797 0.751563 0.832031 0.748437 0.820312 0.765625 0.802734 0.825000 0.787109 0.845313 0.808594 0.845313 0.824219 0.832812 0.859375 0.800000 0.896484
0 0.415625 0.525391 0.384375 0.525391 0.365625 0.517578 0.339062 0.488281 0.329688 0.437500 0.332813 0.414062 0.339062 0.406250 0.342187 0.386719 0.359375 0.365234 0.378125 0.353516 0.406250 0.365234 0.425000 0.380859 0.439063 0.406250 0.448437 0.441406 0.445312 0.492188 0.431250 0.513672 0.415625 0.525391
0 0.181250 0.849609 0.170313 0.843750 0.170313 0.828125 0.164062 0.820312 0.160938 0.792969 0.164062 0.765625 0.178125 0.744141 0.196875 0.732422 0.206250 0.732422 0.212500 0.724609 0.234375 0.724609 0.239063 0.730469 0.239063 0.785156 0.218750 0.822266 0.181250 0.849609
0 0.590625 0.693359 0.565625 0.689453 0.551562 0.671875 0.551562 0.656250 0.560937 0.632812 0.575000 0.619141 0.609375 0.615234 0.623437 0.632812 0.626563 0.656250 0.606250 0.685547 0.590625 0.693359
0 0.000000 0.603516 0.014063 0.613281 0.029687 0.648438 0.026562 0.703125 0.015625 0.716797 0.000000 0.720703
0 0.928125 0.724609 0.918750 0.724609 0.898438 0.707031 0.882812 0.679688 0.882812 0.660156 0.895312 0.644531 0.895312 0.628906 0.906250 0.611328 0.962500 0.591797 0.976562 0.613281 0.979688 0.632812 0.985938 0.640625 0.985938 0.671875 0.956250 0.708984 0.928125 0.724609
0 0.415625 0.623047 0.365625 0.623047 0.339062 0.601562 0.342187 0.558594 0.368750 0.525391 0.418750 0.525391 0.439063 0.539062 0.445312 0.558594 0.439063 0.601562 0.415625 0.623047
0 0.996875 0.365234 0.956250 0.416016 0.928125 0.439453 0.906250 0.439453 0.882812 0.406250 0.882812 0.386719 0.892188 0.363281 0.907813 0.335938 0.928125 0.314453 0.946875 0.310547 0.953125 0.302734 0.984375 0.302734 0.996875 0.310547
