0 0.068966 0.570192 0.061782 0.568269 0.056753 0.559615 0.056753 0.551923 0.060345 0.547115 0.067529 0.547115 0.073994 0.553846 0.075431 0.565385 0.068966 0.570192
0 0.931034 0.581731 0.908764 0.571154 0.904454 0.559615 0.904454 0.548077 0.910920 0.537500 0.935345 0.537500 0.943966 0.541346 0.950431 0.548077 0.953305 0.557692 0.948994 0.571154 0.939655 0.579808 0.931034 0.581731
0 0.222701 0.310577 0.208333 0.308654 0.200431 0.298077 0.197557 0.290385 0.197557 0.269231 0.201149 0.262500 0.206897 0.258654 0.221264 0.260577 0.239224 0.280769 0.239224 0.300000 0.232759 0.308654 0.222701 0.310577
0 0.670977 0.741346 0.658046 0.739423 0.647270 0.726923 0.644397 0.717308 0.647270 0.701923 0.660920 0.685577 0.686782 0.683654 0.699713 0.691346 0.704741 0.701923 0.701868 0.719231 0.692529 0.731731 0.670977 0.741346
0 0.012931 0.766346 0.006466 0.763462 0.003592 0.757692 0.003592 0.750000 0.008621 0.743269 0.017241 0.739423 0.022270 0.748077 0.022270 0.753846 0.012931 0.766346
0 0.570402 0.091346 0.563218 0.091346 0.559626 0.082692 0.567529 0.072115 0.574713 0.070192 0.575431 0.082692 0.570402 0.091346
0 0.544540 0.599038 0.540230 0.599038 0.531609 0.585577 0.526580 0.582692 0.526580 0.573077 0.533046 0.562500 0.540230 0.562500 0.544540 0.556731 0.551724 0.554808 0.559626 0.563462 0.561063 0.578846 0.558190 0.588462 0.553161 0.595192 0.544540 0.599038
0 0.185345 0.535577 0.181034 0.535577 0.173132 0.525000 0.170259 0.513462 0.172414 0.506731 0.182471 0.506731 0.188937 0.511538 0.190374 0.526923 0.185345 0.535577
0 0.183908 0.474038 0.176724 0.472115 0.167385 0.457692 0.165948 0.446154 0.169540 0.441346 0.181034 0.443269 0.188937 0.453846 0.190374 0.467308 0.183908 0.474038
0 0.057471 0.375962 0.048851 0.374038 0.039511 0.365385 0.038075 0.353846 0.047414 0.341346 0.057471 0.343269 0.066810 0.355769 0.066810 0.367308 0.057471 0.375962
0 0.518678 0.097115 0.512931 0.095192 0.509339 0.088462 0.509339 0.080769 0.497845 0.071154 0.500718 0.057692 0.507184 0.049038 0.517241 0.052885 0.525144 0.069231 0.526580 0.084615 0.523707 0.092308 0.518678 0.097115
0 0.521552 0.924038 0.505747 0.922115 0.502155 0.915385 0.503592 0.905769 0.510057 0.899038 0.522989 0.897115 0.535920 0.889423 0.543103 0.891346 0.548132 0.898077 0.549569 0.909615 0.544540 0.916346 0.521552 0.924038
0 0.133621 0.193269 0.123563 0.191346 0.121408 0.188462 0.121408 0.180769 0.133621 0.164423 0.136494 0.164423 0.141523 0.173077 0.141523 0.184615 0.133621 0.193269
0 0.196839 0.968269 0.188218 0.968269 0.177443 0.957692 0.176006 0.940385 0.185345 0.927885 0.204023 0.918269 0.224138 0.918269 0.233477 0.926923 0.234914 0.942308 0.225575 0.956731 0.212644 0.964423 0.196839 0.968269
0 0.540230 0.060577 0.533046 0.056731 0.528017 0.050000 0.525144 0.042308 0.525144 0.030769 0.530172 0.024038 0.541667 0.025962 0.550287 0.016346 0.560345 0.018269 0.565374 0.028846 0.563937 0.036538 0.556034 0.049038 0.540230 0.060577
0 0.745690 0.354808 0.739943 0.352885 0.736351 0.346154 0.736351 0.338462 0.741379 0.331731 0.747126 0.331731 0.750718 0.336538 0.750718 0.351923 0.745690 0.354808
0 0.439655 0.327885 0.428161 0.327885 0.426006 0.325000 0.428879 0.317308 0.427443 0.309615 0.435345 0.304808 0.442529 0.293269 0.459770 0.287500 0.461925 0.296154 0.456178 0.307692 0.451149 0.314423 0.446839 0.314423 0.439655 0.327885
0 0.159483 0.431731 0.152299 0.431731 0.147270 0.425000 0.147270 0.405769 0.155172 0.395192 0.159483 0.393269 0.176724 0.393269 0.180316 0.398077 0.178879 0.415385 0.172414 0.424038 0.159483 0.431731
0 0.754310 0.131731 0.741379 0.129808 0.737787 0.125000 0.736351 0.111538 0.740661 0.100000 0.748563 0.089423 0.754310 0.085577 0.761494 0.085577 0.770833 0.094231 0.772270 0.105769 0.766523 0.121154 0.754310 0.131731
0 0.139368 0.558654 0.129310 0.554808 0.122845 0.546154 0.119971 0.536538 0.119971 0.519231 0.127874 0.504808 0.143678 0.497115 0.150862 0.497115 0.157328 0.503846 0.160201 0.511538 0.158764 0.528846 0.157328 0.536538 0.139368 0.558654
0 0.168103 0.156731 0.162356 0.156731 0.154454 0.150000 0.145833 0.126923 0.144397 0.098077 0.153736 0.079808 0.160920 0.079808 0.170977 0.087500 0.177443 0.098077 0.181753 0.117308 0.180316 0.142308 0.172414 0.154808 0.168103 0.156731
0 0.617816 0.620192 0.613506 0.620192 0.607040 0.613462 0.607040 0.605769 0.613506 0.595192 0.617816 0.595192 0.624282 0.605769 0.624282 0.613462 0.617816 0.620192
0 0.057471 0.579808 0.047414 0.579808 0.042385 0.573077 0.042385 0.567308 0.048851 0.562500 0.058908 0.564423 0.063937 0.571154 0.057471 0.579808
0 0.548851 0.785577 0.543103 0.783654 0.530172 0.770192 0.517960 0.751923 0.515086 0.744231 0.515086 0.734615 0.520115 0.724038 0.543103 0.724038 0.558190 0.740385 0.561063 0.748077 0.561063 0.759615 0.555316 0.776923 0.548851 0.785577
0 0.130747 0.343269 0.122126 0.343269 0.117098 0.334615 0.115661 0.323077 0.115661 0.298077 0.121408 0.278846 0.121408 0.271154 0.125000 0.264423 0.129310 0.264423 0.140086 0.282692 0.145833 0.301923 0.145833 0.317308 0.141523 0.328846 0.130747 0.343269
0 0.853448 0.093269 0.849138 0.093269 0.842672 0.086538 0.839799 0.078846 0.841236 0.063462 0.852011 0.045192 0.863506 0.035577 0.867816 0.035577 0.875718 0.042308 0.877155 0.057692 0.865661 0.080769 0.853448 0.093269
0 0.829023 0.439423 0.823276 0.439423 0.815374 0.428846 0.809626 0.413462 0.808190 0.386538 0.811063 0.376923 0.816092 0.372115 0.823276 0.372115 0.829023 0.375962 0.836925 0.390385 0.836925 0.426923 0.834052 0.434615 0.829023 0.439423
0 0.636494 0.418269 0.629310 0.414423 0.625718 0.407692 0.625718 0.398077 0.630029 0.382692 0.642241 0.368269 0.658046 0.368269 0.663075 0.376923 0.661638 0.396154 0.645115 0.414423 0.636494 0.418269
0 0.068966 0.518269 0.061782 0.518269 0.058190 0.513462 0.058190 0.507692 0.072557 0.486538 0.072557 0.482692 0.081897 0.466346 0.094828 0.456731 0.102011 0.454808 0.109914 0.465385 0.102730 0.486538 0.091954 0.500962 0.068966 0.518269
0 0.798851 0.566346 0.781609 0.566346 0.779454 0.559615 0.786638 0.528846 0.794540 0.518269 0.804598 0.518269 0.811063 0.526923 0.815374 0.544231 0.811063 0.555769 0.798851 0.566346
0 0.586207 0.679808 0.581897 0.679808 0.576868 0.675000 0.573994 0.663462 0.578305 0.655769 0.575431 0.646154 0.577586 0.643269 0.584770 0.643269 0.593391 0.629808 0.607759 0.629808 0.612787 0.636538 0.612787 0.642308 0.607040 0.673077 0.603448 0.677885 0.586207 0.679808
0 0.554598 0.224038 0.548851 0.224038 0.540230 0.218269 0.519397 0.190385 0.517960 0.184615 0.508621 0.172115 0.503592 0.169231 0.505029 0.161538 0.500718 0.153846 0.504310 0.145192 0.508621 0.143269 0.511494 0.147115 0.522989 0.147115 0.538075 0.167308 0.541667 0.177885 0.547414 0.177885 0.561063 0.192308 0.563937 0.200000 0.563937 0.211538 0.554598 0.224038
0 0.679598 0.547115 0.673851 0.547115 0.665948 0.536538 0.664511 0.517308 0.673132 0.494231 0.681034 0.485577 0.686782 0.485577 0.697557 0.496154 0.701868 0.515385 0.693247 0.536538 0.679598 0.547115
0 0.581897 0.522115 0.567529 0.520192 0.556753 0.505769 0.555316 0.467308 0.561782 0.460577 0.573276 0.462500 0.582615 0.476923 0.588362 0.509615 0.581897 0.522115
0 0.600575 0.374038 0.594828 0.374038 0.591236 0.369231 0.591236 0.357692 0.594109 0.351923 0.592672 0.340385 0.594828 0.337500 0.601293 0.340385 0.602730 0.353846 0.607040 0.363462 0.605603 0.369231 0.600575 0.374038
0 0.410920 0.233654 0.399425 0.233654 0.392960 0.225000 0.392960 0.211538 0.397270 0.200000 0.406609 0.189423 0.420977 0.181731 0.435345 0.183654 0.441810 0.192308 0.440374 0.207692 0.429598 0.224038 0.410920 0.233654
0 0.298851 0.702885 0.293103 0.700962 0.289511 0.696154 0.288075 0.682692 0.294540 0.675962 0.306034 0.675962 0.315374 0.686538 0.315374 0.692308 0.313218 0.695192 0.307471 0.695192 0.298851 0.702885
0 0.471264 0.370192 0.449713 0.368269 0.444684 0.359615 0.444684 0.350000 0.455460 0.329808 0.468391 0.322115 0.484195 0.322115 0.492098 0.332692 0.492098 0.344231 0.481322 0.362500 0.471264 0.370192
0 0.021552 0.666346 0.012213 0.665385 0.010776 0.644231 0.012931 0.641346 0.020115 0.643269 0.025144 0.650000 0.025144 0.659615 0.021552 0.666346
0 0.497845 0.998077 0.502155 0.982692 0.508621 0.974038 0.514368 0.972115 0.525862 0.977885 0.529454 0.982692 0.532328 0.998077
0 0.567529 0.429808 0.545977 0.429808 0.540230 0.425962 0.536638 0.419231 0.538075 0.405769 0.545977 0.397115 0.556034 0.391346 0.574713 0.391346 0.580460 0.395192 0.585489 0.401923 0.585489 0.413462 0.580460 0.422115 0.567529 0.429808
0 0.547414 0.104808 0.540230 0.104808 0.533764 0.096154 0.533764 0.082692 0.538075 0.063462 0.541667 0.058654 0.554598 0.058654 0.556753 0.055769 0.556753 0.048077 0.563218 0.037500 0.576149 0.041346 0.579741 0.046154 0.579741 0.063462 0.574713 0.070192 0.567529 0.072115 0.547414 0.104808
0 0.308908 0.783654 0.301724 0.783654 0.296695 0.776923 0.295259 0.765385 0.298851 0.760577 0.306034 0.762500 0.309626 0.767308 0.312500 0.778846 0.308908 0.783654
0 0.035920 0.537500 0.027299 0.537500 0.019397 0.526923 0.028736 0.522115 0.038793 0.524038 0.040948 0.532692 0.035920 0.537500
0 0.765805 0.366346 0.757184 0.366346 0.752155 0.359615 0.750718 0.336538 0.758621 0.322115 0.771552 0.320192 0.778017 0.328846 0.778017 0.346154 0.765805 0.366346
0 0.267241 0.247115 0.258621 0.245192 0.250718 0.234615 0.240661 0.203846 0.244971 0.186538 0.258621 0.175962 0.268678 0.179808 0.278017 0.200000 0.278017 0.232692 0.275144 0.240385 0.267241 0.247115
0 0.416667 0.777885 0.412356 0.777885 0.408764 0.773077 0.408764 0.767308 0.413793 0.762500 0.420259 0.769231 0.416667 0.777885
0 0.617816 0.595192 0.606322 0.595192 0.604167 0.592308 0.605603 0.576923 0.613506 0.568269 0.620690 0.568269 0.625718 0.575000 0.625718 0.584615 0.617816 0.595192
0 0.461925 0.998077 0.463362 0.982692 0.469828 0.977885 0.484195 0.979808 0.489224 0.988462 0.490661 0.998077
0 0.560345 0.174038 0.556034 0.174038 0.552443 0.169231 0.552443 0.161538 0.554598 0.158654 0.557471 0.158654 0.562500 0.165385 0.560345 0.174038
0 0.060345 0.443269 0.045977 0.441346 0.033764 0.428846 0.030891 0.423077 0.030891 0.413462 0.038793 0.402885 0.047414 0.399038 0.063218 0.399038 0.074713 0.404808 0.079741 0.411538 0.079741 0.426923 0.068966 0.439423 0.060345 0.443269
0 0.477011 0.604808 0.471264 0.602885 0.466236 0.594231 0.467672 0.584615 0.475575 0.575962 0.481322 0.577885 0.487787 0.588462 0.487787 0.596154 0.477011 0.604808
0 0.459770 0.704808 0.449713 0.704808 0.441810 0.692308 0.443247 0.671154 0.448994 0.657692 0.458333 0.645192 0.466954 0.639423 0.489943 0.639423 0.493534 0.648077 0.493534 0.657692 0.487787 0.673077 0.479885 0.685577 0.459770 0.704808
0 0.084770 0.610577 0.073276 0.610577 0.066092 0.606731 0.059626 0.598077 0.058190 0.588462 0.074713 0.570192 0.086207 0.564423 0.109195 0.566346 0.112787 0.573077 0.112787 0.580769 0.108477 0.590385 0.097701 0.602885 0.084770 0.610577
0 0.711207 0.631731 0.679598 0.627885 0.676006 0.621154 0.676006 0.609615 0.692529 0.591346 0.709770 0.589423 0.719109 0.601923 0.717672 0.625000 0.711207 0.631731
0 0.245690 0.389423 0.234195 0.389423 0.214080 0.377885 0.203305 0.357692 0.206178 0.344231 0.214080 0.337500 0.227011 0.337500 0.237069 0.343269 0.246408 0.355769 0.250718 0.367308 0.252155 0.380769 0.245690 0.389423
0 0.067529 0.297115 0.057471 0.291346 0.049569 0.280769 0.045259 0.267308 0.043822 0.242308 0.046695 0.219231 0.057471 0.208654 0.064655 0.210577 0.071121 0.217308 0.076868 0.232692 0.081178 0.261538 0.079741 0.288462 0.076149 0.293269 0.067529 0.297115
0 0.349138 0.670192 0.340517 0.668269 0.334052 0.659615 0.334052 0.650000 0.341954 0.639423 0.354885 0.633654 0.370690 0.633654 0.377155 0.640385 0.377155 0.650000 0.370690 0.660577 0.360632 0.668269 0.349138 0.670192
0 0.484195 0.304808 0.469828 0.302885 0.466236 0.298077 0.464799 0.284615 0.466954 0.277885 0.471264 0.279808 0.473420 0.276923 0.474856 0.265385 0.479885 0.252885 0.484195 0.252885 0.488506 0.260577 0.497126 0.258654 0.505029 0.273077 0.505029 0.284615 0.492816 0.300962 0.487069 0.300962 0.484195 0.304808
0 0.000000 0.633654 0.004310 0.627885 0.008621 0.627885 0.013649 0.634615 0.013649 0.640385 0.010776 0.644231 0.011494 0.675962 0.014368 0.677885 0.022989 0.672115 0.028736 0.672115 0.030891 0.675000 0.028017 0.700000 0.019397 0.715385 0.019397 0.728846 0.016523 0.738462 0.007184 0.745192 0.003592 0.740385 0.003592 0.734615 0.000000 0.731731
0 0.000000 0.181731 0.007184 0.179808 0.015805 0.185577 0.020833 0.192308 0.025144 0.207692 0.025144 0.230769 0.019397 0.246154 0.012931 0.252885 0.000000 0.250962
0 0.906609 0.577885 0.902299 0.577885 0.897270 0.571154 0.897270 0.563462 0.900862 0.558654 0.903736 0.558654 0.908764 0.567308 0.908764 0.575000 0.906609 0.577885
0 0.403736 0.254808 0.400144 0.250000 0.409483 0.239423 0.415948 0.244231 0.413793 0.249038 0.408046 0.249038 0.403736 0.254808
0 0.048851 0.750962 0.040230 0.749038 0.033764 0.738462 0.033764 0.719231 0.045977 0.693269 0.050287 0.689423 0.057471 0.689423 0.062500 0.694231 0.065374 0.701923 0.063937 0.719231 0.058190 0.740385 0.048851 0.750962
0 0.742816 0.879808 0.724138 0.877885 0.716236 0.869231 0.711925 0.859615 0.711925 0.838462 0.714799 0.830769 0.724138 0.818269 0.731322 0.814423 0.741379 0.818269 0.753592 0.838462 0.750718 0.869231 0.742816 0.879808
0 0.619253 0.985577 0.597701 0.981731 0.589799 0.967308 0.592672 0.957692 0.599138 0.952885 0.616379 0.952885 0.623563 0.956731 0.630029 0.967308 0.630029 0.975000 0.626437 0.981731 0.619253 0.985577
0 0.099138 0.195192 0.090517 0.193269 0.084052 0.182692 0.079741 0.167308 0.078305 0.148077 0.082615 0.126923 0.091954 0.114423 0.104885 0.110577 0.110632 0.114423 0.115661 0.123077 0.117098 0.155769 0.109914 0.173077 0.108477 0.182692 0.099138 0.195192
0 0.768678 0.045192 0.757184 0.045192 0.749282 0.036538 0.750718 0.019231 0.761494 0.008654 0.778736 0.006731 0.786638 0.017308 0.785201 0.028846 0.778736 0.039423 0.768678 0.045192
0 0.000000 0.935577 0.034483 0.941346 0.041667 0.945192 0.046695 0.951923 0.045259 0.959615 0.037356 0.966346 0.020115 0.970192 0.000000 0.968269
0 0.403736 0.133654 0.382184 0.133654 0.370690 0.129808 0.365661 0.125000 0.364224 0.115385 0.369253 0.106731 0.399425 0.089423 0.409483 0.089423 0.413075 0.094231 0.411638 0.100000 0.413793 0.102885 0.422414 0.102885 0.431753 0.109615 0.433190 0.117308 0.429598 0.124038 0.419540 0.129808 0.403736 0.133654
0 0.727011 0.556731 0.714080 0.554808 0.710489 0.550000 0.710489 0.542308 0.712644 0.539423 0.718391 0.539423 0.724138 0.543269 0.729167 0.551923 0.727011 0.556731
