0 0.945312 0.923828 0.912109 0.894531 0.912109 0.851562 0.921875 0.841797 0.937500 0.841797 0.962891 0.878906 0.962891 0.910156 0.957031 0.919922 0.945312 0.923828
0 0.882812 0.228516 0.875000 0.228516 0.869141 0.214844 0.886719 0.205078 0.892578 0.218750 0.882812 0.228516
0 0.976562 0.724609 0.941406 0.720703 0.939453 0.707031 0.957031 0.697266 0.984375 0.693359 0.986328 0.718750 0.976562 0.724609
0 0.027344 0.349609 0.005859 0.347656 0.015625 0.326172 0.029297 0.332031 0.027344 0.349609
0 0.097656 0.380859 0.082031 0.380859 0.060547 0.359375 0.052734 0.347656 0.054688 0.333984 0.062500 0.333984 0.078125 0.349609 0.103516 0.355469 0.103516 0.375000 0.097656 0.380859
0 0.871094 0.197266 0.851562 0.197266 0.826172 0.179688 0.826172 0.167969 0.839844 0.150391 0.855469 0.146484 0.880859 0.167969 0.880859 0.191406 0.871094 0.197266
0 0.875000 0.212891 0.859375 0.212891 0.857422 0.203125 0.878906 0.193359 0.882812 0.185547 0.898438 0.185547 0.900391 0.207031 0.882812 0.205078 0.875000 0.212891
0 0.953125 0.505859 0.937500 0.505859 0.912109 0.488281 0.908203 0.468750 0.917969 0.458984 0.941406 0.455078 0.958984 0.468750 0.966797 0.492188 0.953125 0.505859
0 0.480469 0.748047 0.457031 0.748047 0.447266 0.742188 0.447266 0.710938 0.460938 0.693359 0.480469 0.697266 0.490234 0.714844 0.490234 0.738281 0.480469 0.748047
0 0.121094 0.052734 0.078125 0.048828 0.064453 0.035156 0.064453 0.019531 0.074219 0.009766 0.117188 0.013672 0.130859 0.031250 0.121094 0.052734
0 0.718750 0.958984 0.703125 0.955078 0.689453 0.937500 0.689453 0.914062 0.703125 0.896484 0.714844 0.896484 0.728516 0.917969 0.732422 0.949219 0.718750 0.958984
0 0.277344 0.634766 0.257812 0.630859 0.248047 0.621094 0.248047 0.605469 0.257812 0.591797 0.281250 0.583984 0.298828 0.593750 0.298828 0.613281 0.277344 0.634766
0 0.363281 0.423828 0.339844 0.423828 0.322266 0.406250 0.314453 0.386719 0.318359 0.367188 0.332031 0.349609 0.359375 0.349609 0.376953 0.363281 0.384766 0.378906 0.384766 0.406250 0.363281 0.423828
0 0.378906 0.162109 0.335938 0.158203 0.318359 0.140625 0.326172 0.117188 0.347656 0.103516 0.390625 0.107422 0.404297 0.121094 0.404297 0.144531 0.378906 0.162109
0 0.140625 0.861328 0.125000 0.861328 0.107422 0.851562 0.107422 0.828125 0.115234 0.812500 0.136719 0.794922 0.160156 0.791016 0.177734 0.804688 0.181641 0.824219 0.156250 0.853516 0.140625 0.861328
0 0.820312 0.509766 0.804688 0.505859 0.794922 0.492188 0.794922 0.464844 0.802734 0.445312 0.816406 0.431641 0.830078 0.437500 0.841797 0.457031 0.833984 0.503906 0.820312 0.509766
