0 0.093750 0.775391 0.074219 0.775391 0.056641 0.761719 0.052734 0.730469 0.062500 0.720703 0.105469 0.728516 0.115234 0.738281 0.111328 0.761719 0.093750 0.775391
0 0.585938 0.880859 0.562500 0.876953 0.525391 0.855469 0.521484 0.835938 0.535156 0.818359 0.554688 0.814453 0.585938 0.830078 0.603516 0.847656 0.603516 0.867188 0.585938 0.880859
0 0.000000 0.451172 0.011719 0.451172 0.033203 0.476562 0.029297 0.511719 0.015625 0.521484 0.000000 0.521484
0 0.582031 0.826172 0.570312 0.826172 0.537109 0.804688 0.541016 0.777344 0.570312 0.751953 0.582031 0.755859 0.603516 0.781250 0.603516 0.800781 0.582031 0.826172
0 0.269531 0.958984 0.246094 0.958984 0.212891 0.925781 0.212891 0.914062 0.222656 0.900391 0.242188 0.896484 0.279297 0.921875 0.279297 0.953125 0.269531 0.958984
0 0.218750 0.498047 0.199219 0.498047 0.173828 0.464844 0.173828 0.421875 0.191406 0.404297 0.222656 0.408203 0.240234 0.433594 0.240234 0.472656 0.218750 0.498047
0 0.000000 0.748047 0.011719 0.748047 0.021484 0.757812 0.021484 0.769531 0.000000 0.787109
0 0.648438 0.521484 0.613281 0.521484 0.585938 0.509766 0.580078 0.503906 0.583984 0.476562 0.597656 0.466797 0.644531 0.466797 0.656250 0.474609 0.666016 0.484375 0.666016 0.507812 0.648438 0.521484
0 0.667969 0.177734 0.640625 0.177734 0.626953 0.167969 0.626953 0.140625 0.652344 0.115234 0.683594 0.119141 0.705078 0.136719 0.705078 0.156250 0.683594 0.173828 0.667969 0.177734
0 0.625000 0.369141 0.605469 0.369141 0.587891 0.351562 0.591797 0.332031 0.605469 0.318359 0.644531 0.318359 0.658203 0.332031 0.654297 0.355469 0.625000 0.369141
