0 0.544444 0.893056 0.530556 0.893056 0.526389 0.883333 0.547222 0.876389 0.544444 0.893056
0 0.000000 0.343056 0.009722 0.361111 0.009722 0.391667 0.000000 0.415278
0 0.472222 0.498611 0.452778 0.495833 0.440278 0.483333 0.440278 0.472222 0.458333 0.473611 0.472222 0.468056 0.491667 0.470833 0.493056 0.483333 0.472222 0.498611
0 0.997222 0.987500 0.988889 0.990278 0.976389 0.969444 0.976389 0.927778 0.983333 0.920833 0.997222 0.920833
0 0.441667 0.470833 0.436111 0.470833 0.431944 0.458333 0.412500 0.444444 0.406944 0.433333 0.406944 0.416667 0.393056 0.408333 0.394444 0.401389 0.408333 0.401389 0.413889 0.406944 0.420833 0.400000 0.419444 0.379167 0.426389 0.380556 0.441667 0.401389 0.455556 0.401389 0.459722 0.405556 0.456944 0.419444 0.450000 0.426389 0.434722 0.430556 0.440278 0.458333 0.445833 0.461111 0.441667 0.470833
0 0.776389 0.000000 0.808333 0.012500 0.836111 0.034722 0.873611 0.072222 0.893056 0.108333 0.901389 0.169444 0.898611 0.200000 0.884722 0.230556 0.855556 0.251389 0.833333 0.256944 0.808333 0.256944 0.777778 0.243056 0.761111 0.226389 0.736111 0.212500 0.730556 0.201389 0.684722 0.161111 0.665278 0.133333 0.648611 0.100000 0.648611 0.066667 0.665278 0.025000 0.690278 0.000000
0 0.437500 0.997222 0.445833 0.966667 0.483333 0.920833 0.508333 0.906944 0.541667 0.898611 0.566667 0.901389 0.587500 0.919444 0.595833 0.936111 0.595833 0.986111 0.590278 0.997222
0 0.997222 0.540278 0.990278 0.552778 0.963889 0.573611 0.927778 0.579167 0.915278 0.572222 0.898611 0.538889 0.898611 0.505556 0.909722 0.488889 0.912500 0.441667 0.922222 0.429167 0.950000 0.426389 0.963889 0.418056 0.983333 0.418056 0.997222 0.445833
0 0.227778 0.876389 0.183333 0.873611 0.165278 0.861111 0.161111 0.848611 0.144444 0.848611 0.129167 0.825000 0.129167 0.797222 0.134722 0.783333 0.150000 0.765278 0.166667 0.754167 0.188889 0.748611 0.197222 0.740278 0.208333 0.740278 0.216667 0.734722 0.222222 0.734722 0.225000 0.740278 0.269444 0.737500 0.281944 0.750000 0.287500 0.763889 0.287500 0.794444 0.265278 0.850000 0.241667 0.870833 0.227778 0.876389
0 0.511111 0.476389 0.498611 0.472222 0.500000 0.462500 0.512500 0.466667 0.511111 0.476389
0 0.527778 0.465278 0.516667 0.462500 0.515278 0.452778 0.525000 0.445833 0.533333 0.445833 0.540278 0.450000 0.540278 0.455556 0.536111 0.462500 0.527778 0.465278
0 0.144444 0.362500 0.119444 0.362500 0.073611 0.302778 0.070833 0.266667 0.079167 0.244444 0.094444 0.231944 0.152778 0.234722 0.179167 0.258333 0.184722 0.277778 0.184722 0.313889 0.165278 0.347222 0.144444 0.362500
0 0.747222 0.979167 0.702778 0.979167 0.680556 0.970833 0.668056 0.955556 0.662500 0.941667 0.662500 0.913889 0.683333 0.876389 0.700000 0.876389 0.727778 0.862500 0.777778 0.862500 0.802778 0.873611 0.823611 0.897222 0.823611 0.933333 0.812500 0.952778 0.808333 0.956944 0.800000 0.954167 0.775000 0.970833 0.747222 0.979167
0 0.797222 0.801389 0.722222 0.798611 0.683333 0.779167 0.659722 0.744444 0.662500 0.705556 0.680556 0.695833 0.711111 0.693056 0.800000 0.731944 0.820833 0.752778 0.823611 0.769444 0.809722 0.791667 0.797222 0.801389
0 0.672222 0.440278 0.661111 0.440278 0.645833 0.427778 0.644444 0.420833 0.611111 0.418056 0.598611 0.400000 0.598611 0.375000 0.605556 0.365278 0.615278 0.361111 0.618056 0.333333 0.637500 0.319444 0.643056 0.305556 0.658333 0.287500 0.672222 0.281944 0.697222 0.281944 0.695833 0.313889 0.676389 0.341667 0.681944 0.383333 0.690278 0.394444 0.690278 0.422222 0.687500 0.430556 0.672222 0.440278
0 0.486111 0.468056 0.469444 0.468056 0.462500 0.461111 0.462500 0.450000 0.483333 0.445833 0.490278 0.452778 0.486111 0.468056
0 0.802778 0.820833 0.786111 0.820833 0.784722 0.805556 0.802778 0.804167 0.802778 0.820833
0 0.486111 0.537500 0.473611 0.536111 0.475000 0.515278 0.486111 0.515278 0.493056 0.522222 0.493056 0.533333 0.486111 0.537500
0 0.000000 0.745833 0.011111 0.734722 0.033333 0.726389 0.041667 0.718056 0.061111 0.718056 0.105556 0.731944 0.123611 0.752778 0.123611 0.802778 0.105556 0.826389 0.055556 0.851389 0.008333 0.851389 0.000000 0.845833
0 0.366667 0.390278 0.355556 0.390278 0.347222 0.381944 0.305556 0.381944 0.294444 0.376389 0.270833 0.350000 0.268056 0.325000 0.279167 0.322222 0.286111 0.293056 0.336111 0.293056 0.359722 0.302778 0.384722 0.341667 0.384722 0.363889 0.373611 0.386111 0.366667 0.390278
0 0.997222 0.748611 0.983333 0.743056 0.962500 0.722222 0.954167 0.700000 0.954167 0.675000 0.959722 0.663889 0.980556 0.645833 0.997222 0.645833
0 0.625000 0.290278 0.600000 0.290278 0.569444 0.276389 0.551389 0.261111 0.534722 0.238889 0.529167 0.225000 0.531944 0.222222 0.523611 0.208333 0.526389 0.177778 0.531944 0.163889 0.550000 0.143056 0.580556 0.140278 0.602778 0.148611 0.650000 0.184722 0.665278 0.205556 0.668056 0.255556 0.650000 0.276389 0.625000 0.290278
0 0.363889 0.704167 0.316667 0.704167 0.308333 0.698611 0.263889 0.687500 0.227778 0.668056 0.209722 0.641667 0.212500 0.611111 0.220833 0.597222 0.230556 0.587500 0.233333 0.590278 0.252778 0.579167 0.333333 0.579167 0.372222 0.595833 0.404167 0.630556 0.415278 0.658333 0.415278 0.675000 0.391667 0.698611 0.363889 0.704167
0 0.397222 0.465278 0.361111 0.462500 0.351389 0.452778 0.351389 0.430556 0.358333 0.423611 0.380556 0.423611 0.394444 0.429167 0.415278 0.447222 0.413889 0.454167 0.397222 0.465278
0 0.429167 0.000000 0.412500 0.055556 0.391667 0.068056 0.380556 0.068056 0.368056 0.055556 0.359722 0.038889 0.362500 0.033333 0.356944 0.000000
0 0.702778 0.387500 0.681944 0.383333 0.676389 0.341667 0.695833 0.313889 0.698611 0.280556 0.711111 0.279167 0.720833 0.286111 0.737500 0.311111 0.737500 0.355556 0.729167 0.372222 0.716667 0.384722 0.702778 0.387500
0 0.438889 0.518056 0.420833 0.516667 0.422222 0.498611 0.436111 0.495833 0.443056 0.502778 0.438889 0.518056
0 0.516667 0.426389 0.500000 0.426389 0.495833 0.422222 0.497222 0.404167 0.513889 0.404167 0.518056 0.408333 0.516667 0.426389
0 0.136111 0.984722 0.111111 0.984722 0.080556 0.970833 0.075000 0.973611 0.072222 0.968056 0.061111 0.965278 0.038889 0.948611 0.023611 0.925000 0.023611 0.911111 0.029167 0.905556 0.023611 0.902778 0.023611 0.894444 0.047222 0.876389 0.077778 0.870833 0.094444 0.862500 0.125000 0.865278 0.180556 0.893056 0.198611 0.916667 0.198611 0.938889 0.169444 0.970833 0.161111 0.970833 0.158333 0.976389 0.136111 0.984722
0 0.000000 0.056944 0.025000 0.054167 0.038889 0.062500 0.045833 0.072222 0.056944 0.102778 0.051389 0.119444 0.065278 0.175000 0.065278 0.197222 0.058333 0.212500 0.030556 0.234722 0.000000 0.240278
