0 0.773438 0.923828 0.759766 0.917969 0.765625 0.904297 0.779297 0.910156 0.773438 0.923828
0 0.996094 0.939453 0.980469 0.935547 0.970703 0.917969 0.974609 0.878906 0.996094 0.861328
0 0.117188 0.068359 0.087891 0.058594 0.087891 0.042969 0.097656 0.033203 0.113281 0.033203 0.119141 0.039062 0.123047 0.062500 0.117188 0.068359
0 0.160156 0.107422 0.150391 0.105469 0.146484 0.093750 0.123047 0.070312 0.123047 0.050781 0.132812 0.037109 0.144531 0.037109 0.169922 0.058594 0.169922 0.085938 0.160156 0.107422
0 0.996094 0.279297 0.982422 0.261719 0.986328 0.222656 0.996094 0.208984
0 0.250000 0.177734 0.214844 0.166016 0.201172 0.152344 0.197266 0.117188 0.218750 0.087891 0.253906 0.087891 0.275391 0.113281 0.279297 0.144531 0.271484 0.160156 0.250000 0.177734
0 0.644531 0.443359 0.628906 0.443359 0.623047 0.429688 0.628906 0.423828 0.644531 0.423828 0.650391 0.429688 0.644531 0.443359
0 0.957031 0.455078 0.943359 0.449219 0.949219 0.435547 0.962891 0.441406 0.957031 0.455078
0 0.000000 0.974609 0.019531 0.958984 0.046875 0.958984 0.056641 0.968750 0.060547 0.996094
0 0.785156 0.353516 0.746094 0.353516 0.728516 0.335938 0.728516 0.292969 0.742188 0.275391 0.761719 0.271484 0.794922 0.289062 0.798828 0.335938 0.785156 0.353516
0 0.246094 0.197266 0.232422 0.191406 0.238281 0.177734 0.251953 0.183594 0.246094 0.197266
0 0.707031 0.431641 0.664062 0.431641 0.630859 0.414062 0.634766 0.355469 0.638672 0.339844 0.648438 0.330078 0.695312 0.333984 0.724609 0.371094 0.728516 0.398438 0.720703 0.417969 0.707031 0.431641
0 0.996094 0.814453 0.957031 0.810547 0.939453 0.792969 0.931641 0.773438 0.935547 0.746094 0.949219 0.728516 0.972656 0.716797 0.996094 0.716797
0 0.601562 0.287109 0.587891 0.281250 0.593750 0.267578 0.607422 0.273438 0.601562 0.287109
0 0.832031 0.931641 0.800781 0.923828 0.779297 0.898438 0.779297 0.882812 0.800781 0.841797 0.843750 0.833984 0.873047 0.847656 0.884766 0.882812 0.873047 0.898438 0.873047 0.914062 0.863281 0.923828 0.839844 0.923828 0.832031 0.931641
0 0.800781 0.208984 0.781250 0.208984 0.755859 0.179688 0.763672 0.136719 0.781250 0.119141 0.804688 0.119141 0.818359 0.132812 0.822266 0.156250 0.830078 0.164062 0.826172 0.187500 0.800781 0.208984
0 0.486328 0.996094 0.486328 0.953125 0.494141 0.937500 0.515625 0.919922 0.546875 0.919922 0.576172 0.941406 0.583984 0.960938 0.576172 0.996094
0 0.128906 0.119141 0.101562 0.115234 0.080078 0.093750 0.080078 0.066406 0.085938 0.060547 0.109375 0.064453 0.134766 0.089844 0.134766 0.113281 0.128906 0.119141
0 0.894531 0.255859 0.859375 0.251953 0.833984 0.230469 0.830078 0.214844 0.851562 0.181641 0.898438 0.177734 0.919922 0.191406 0.927734 0.210938 0.927734 0.242188 0.894531 0.255859
0 0.224609 0.000000 0.228516 0.031250 0.207031 0.056641 0.167969 0.056641 0.156250 0.048828 0.134766 0.023438 0.134766 0.007812 0.142578 0.000000
0 0.964844 0.931641 0.951172 0.925781 0.957031 0.912109 0.970703 0.917969 0.964844 0.931641
0 0.914062 0.435547 0.878906 0.431641 0.869141 0.421875 0.869141 0.363281 0.853516 0.351562 0.863281 0.333984 0.890625 0.330078 0.919922 0.343750 0.923828 0.367188 0.916016 0.375000 0.916016 0.386719 0.935547 0.398438 0.935547 0.421875 0.914062 0.435547
0 0.917969 0.568359 0.867188 0.568359 0.851562 0.560547 0.837891 0.546875 0.833984 0.507812 0.875000 0.486328 0.898438 0.486328 0.925781 0.505859 0.939453 0.527344 0.939453 0.539062 0.917969 0.568359
0 0.732422 0.996094 0.732422 0.976562 0.757812 0.951172 0.789062 0.951172 0.814453 0.980469 0.810547 0.996094
0 0.652344 0.287109 0.625000 0.287109 0.607422 0.273438 0.603516 0.238281 0.617188 0.224609 0.648438 0.224609 0.677734 0.253906 0.669922 0.273438 0.652344 0.287109
0 0.087891 0.996094 0.076172 0.976562 0.076172 0.964844 0.097656 0.943359 0.136719 0.947266 0.154297 0.964844 0.162109 0.996094
0 0.726562 0.244141 0.710938 0.244141 0.689453 0.230469 0.689453 0.207031 0.707031 0.189453 0.734375 0.193359 0.744141 0.207031 0.744141 0.226562 0.726562 0.244141
0 0.914062 0.681641 0.875000 0.681641 0.865234 0.671875 0.865234 0.660156 0.876953 0.652344 0.876953 0.644531 0.859375 0.638672 0.849609 0.621094 0.871094 0.599609 0.914062 0.599609 0.935547 0.617188 0.935547 0.667969 0.914062 0.681641
0 0.000000 0.017578 0.007812 0.009766 0.031250 0.009766 0.056641 0.027344 0.068359 0.054688 0.068359 0.082031 0.054688 0.099609 0.027344 0.103516 0.000000 0.091797
0 0.628906 0.224609 0.615234 0.218750 0.621094 0.205078 0.634766 0.210938 0.628906 0.224609
0 0.722656 0.986328 0.708984 0.980469 0.714844 0.966797 0.728516 0.972656 0.722656 0.986328
