0 0.997222 0.348611 0.984722 0.338889 0.970833 0.308333 0.959722 0.297222 0.943056 0.252778 0.943056 0.213889 0.950000 0.204167 0.969444 0.195833 0.983333 0.195833 0.997222 0.204167
0 0.602778 0.623611 0.569444 0.618056 0.526389 0.583333 0.523611 0.536111 0.544444 0.509722 0.561111 0.501389 0.605556 0.498611 0.641667 0.484722 0.677778 0.481944 0.705556 0.493056 0.726389 0.511111 0.734722 0.533333 0.734722 0.552778 0.719444 0.579167 0.711111 0.579167 0.691667 0.595833 0.663889 0.606944 0.602778 0.623611
0 0.997222 0.531944 0.970833 0.500000 0.968056 0.488889 0.968056 0.472222 0.973611 0.458333 0.997222 0.437500
0 0.619444 0.743056 0.588889 0.737500 0.565278 0.713889 0.559722 0.694444 0.559722 0.672222 0.568056 0.652778 0.611111 0.620833 0.680556 0.601389 0.711111 0.581944 0.730556 0.581944 0.755556 0.590278 0.770833 0.613889 0.770833 0.633333 0.762500 0.650000 0.750000 0.662500 0.722222 0.676389 0.700000 0.681944 0.697222 0.687500 0.683333 0.693056 0.644444 0.734722 0.619444 0.743056
0 0.754167 0.997222 0.775000 0.981944 0.797222 0.976389 0.838889 0.979167 0.876389 0.997222
0 0.234722 0.997222 0.234722 0.988889 0.243056 0.975000 0.255556 0.962500 0.269444 0.956944 0.313889 0.956944 0.333333 0.962500 0.359722 0.983333 0.365278 0.997222
0 0.825000 0.920833 0.772222 0.915278 0.741667 0.898611 0.740278 0.847222 0.734722 0.844444 0.734722 0.836111 0.743056 0.833333 0.745833 0.816667 0.758333 0.804167 0.800000 0.776389 0.850000 0.768056 0.897222 0.781944 0.912500 0.791667 0.926389 0.811111 0.926389 0.822222 0.931944 0.825000 0.931944 0.841667 0.926389 0.855556 0.918056 0.869444 0.877778 0.904167 0.852778 0.915278 0.825000 0.920833
0 0.819444 0.576389 0.780556 0.562500 0.768056 0.550000 0.762500 0.533333 0.768056 0.494444 0.791667 0.468056 0.838889 0.443056 0.891667 0.440278 0.902778 0.445833 0.918056 0.463889 0.918056 0.483333 0.912500 0.497222 0.858333 0.562500 0.819444 0.576389
0 0.000000 0.368056 0.008333 0.365278 0.020833 0.375000 0.045833 0.408333 0.045833 0.430556 0.059722 0.444444 0.059722 0.463889 0.043056 0.491667 0.027778 0.504167 0.000000 0.509722
0 0.261111 0.268056 0.213889 0.262500 0.186111 0.248611 0.170833 0.225000 0.173611 0.183333 0.200000 0.165278 0.261111 0.168056 0.288889 0.162500 0.311111 0.176389 0.329167 0.200000 0.326389 0.236111 0.311111 0.254167 0.286111 0.265278 0.261111 0.268056
0 0.151389 0.000000 0.168056 0.011111 0.187500 0.052778 0.187500 0.119444 0.172222 0.143056 0.147222 0.156944 0.116667 0.156944 0.086111 0.148611 0.065278 0.130556 0.054167 0.108333 0.051389 0.066667 0.056944 0.038889 0.077778 0.009722 0.104167 0.000000
0 0.447222 0.837500 0.416667 0.837500 0.386111 0.826389 0.365278 0.808333 0.354167 0.788889 0.354167 0.680556 0.359722 0.669444 0.383333 0.645833 0.416667 0.634722 0.447222 0.634722 0.477778 0.645833 0.509722 0.680556 0.520833 0.713889 0.520833 0.755556 0.509722 0.780556 0.466667 0.826389 0.447222 0.837500
0 0.163889 0.531944 0.138889 0.531944 0.122222 0.526389 0.068056 0.472222 0.056944 0.441667 0.059722 0.427778 0.068056 0.411111 0.091667 0.390278 0.125000 0.390278 0.186111 0.445833 0.194444 0.448611 0.218056 0.475000 0.218056 0.502778 0.194444 0.520833 0.163889 0.531944
0 0.997222 0.076389 0.993056 0.066667 0.993056 0.033333 0.997222 0.023611
0 0.736111 0.165278 0.708333 0.165278 0.691667 0.159722 0.644444 0.118056 0.622222 0.115278 0.618056 0.111111 0.609722 0.100000 0.609722 0.069444 0.630556 0.043056 0.650000 0.034722 0.702778 0.034722 0.738889 0.051389 0.756944 0.066667 0.762500 0.083333 0.762500 0.141667 0.750000 0.159722 0.736111 0.165278
0 0.730556 0.726389 0.713889 0.726389 0.704167 0.719444 0.701389 0.691667 0.705556 0.681944 0.725000 0.679167 0.740278 0.688889 0.740278 0.711111 0.730556 0.726389
0 0.041667 0.645833 0.022222 0.643056 0.006944 0.630556 0.004167 0.613889 0.012500 0.591667 0.009722 0.588889 0.018056 0.577778 0.018056 0.566667 0.036111 0.545833 0.072222 0.529167 0.105556 0.531944 0.119444 0.537500 0.148611 0.575000 0.145833 0.583333 0.151389 0.586111 0.154167 0.597222 0.151389 0.608333 0.136111 0.626389 0.080556 0.629167 0.041667 0.645833
0 0.498611 0.997222 0.495833 0.975000 0.504167 0.972222 0.509722 0.958333 0.527778 0.940278 0.569444 0.929167 0.613889 0.931944 0.636111 0.940278 0.675000 0.970833 0.695833 0.997222
0 0.605556 0.904167 0.544444 0.895833 0.509722 0.869444 0.501389 0.852778 0.501389 0.827778 0.506944 0.811111 0.519444 0.798611 0.525000 0.798611 0.536111 0.787500 0.550000 0.784722 0.602778 0.781944 0.627778 0.787500 0.659722 0.808333 0.662500 0.844444 0.656944 0.861111 0.630556 0.893056 0.605556 0.904167
0 0.000000 0.929167 0.001389 0.929167 0.001389 0.997222 0.000000 0.997222
0 0.000000 0.165278 0.025000 0.140278 0.055556 0.137500 0.066667 0.140278 0.083333 0.154167 0.086111 0.151389 0.095833 0.161111 0.101389 0.180556 0.098611 0.247222 0.090278 0.280556 0.081944 0.294444 0.066667 0.306944 0.036111 0.306944 0.020833 0.294444 0.000000 0.237500
0 0.997222 0.651389 0.987500 0.669444 0.972222 0.681944 0.941667 0.681944 0.913889 0.676389 0.911111 0.679167 0.888889 0.670833 0.868056 0.641667 0.868056 0.597222 0.886111 0.570833 0.916667 0.559722 0.933333 0.559722 0.944444 0.562500 0.977778 0.587500 0.990278 0.600000 0.997222 0.618056
0 0.951389 0.000000 0.954167 0.038889 0.945833 0.055556 0.933333 0.065278 0.894444 0.056944 0.880556 0.045833 0.863889 0.040278 0.847222 0.040278 0.833333 0.045833 0.805556 0.043056 0.784722 0.022222 0.787500 0.000000
0 0.263889 0.448611 0.238889 0.448611 0.225000 0.443056 0.215278 0.433333 0.206944 0.419444 0.206944 0.377778 0.215278 0.352778 0.220833 0.305556 0.244444 0.279167 0.269444 0.270833 0.286111 0.270833 0.311111 0.281944 0.326389 0.294444 0.334722 0.313889 0.334722 0.327778 0.323611 0.361111 0.323611 0.402778 0.315278 0.425000 0.291667 0.440278 0.280556 0.440278 0.263889 0.448611
0 0.031944 0.997222 0.019444 0.990278 0.004167 0.972222 0.004167 0.911111 0.009722 0.888889 0.050000 0.848611 0.066667 0.840278 0.091667 0.837500 0.122222 0.848611 0.134722 0.858333 0.145833 0.888889 0.145833 0.913889 0.104167 0.972222 0.086111 0.990278 0.070833 0.997222
