0 0.193966 0.695192 0.189655 0.695192 0.183190 0.682692 0.186063 0.655769 0.189655 0.650962 0.195402 0.649038 0.208333 0.650962 0.211925 0.663462 0.211925 0.675000 0.204023 0.687500 0.193966 0.695192
0 0.937500 0.000000 0.946121 0.011538 0.957615 0.046154 0.957615 0.051923 0.954023 0.056731 0.939655 0.056731 0.924569 0.040385 0.921695 0.032692 0.921695 0.019231 0.923132 0.005769 0.926006 0.000000
0 0.827586 0.254808 0.824713 0.254808 0.816810 0.244231 0.809626 0.221154 0.811063 0.196154 0.821839 0.183654 0.827586 0.185577 0.831178 0.192308 0.836925 0.226923 0.836925 0.246154 0.827586 0.254808
0 0.463362 0.998077 0.467672 0.990385 0.467672 0.984615 0.472701 0.979808 0.484195 0.981731 0.487787 0.986538 0.487787 0.998077
0 0.385057 0.627885 0.360632 0.625962 0.353448 0.618269 0.341954 0.612500 0.329741 0.596154 0.328305 0.578846 0.341954 0.568269 0.354885 0.568269 0.373563 0.579808 0.377874 0.579808 0.386494 0.591346 0.393678 0.591346 0.398707 0.601923 0.397270 0.613462 0.390805 0.624038 0.385057 0.627885
0 0.906609 0.268269 0.893678 0.268269 0.867816 0.249038 0.858477 0.236538 0.854167 0.217308 0.855603 0.207692 0.863506 0.197115 0.876437 0.197115 0.886494 0.204808 0.910201 0.240385 0.914511 0.257692 0.906609 0.268269
0 0.290230 0.891346 0.278736 0.887500 0.270833 0.875000 0.270833 0.863462 0.275144 0.853846 0.285920 0.845192 0.294540 0.847115 0.302443 0.857692 0.308190 0.871154 0.308190 0.876923 0.303161 0.883654 0.290230 0.891346
0 0.610632 0.139423 0.596264 0.139423 0.585489 0.128846 0.582615 0.121154 0.582615 0.111538 0.591954 0.097115 0.603448 0.091346 0.625000 0.091346 0.635057 0.095192 0.642960 0.103846 0.642960 0.113462 0.629310 0.131731 0.623563 0.129808 0.610632 0.139423
0 0.027299 0.775962 0.012931 0.774038 0.007902 0.769231 0.005029 0.753846 0.012931 0.741346 0.018678 0.737500 0.031609 0.735577 0.043103 0.737500 0.061063 0.751923 0.062500 0.763462 0.056034 0.772115 0.027299 0.775962
0 0.840517 0.472115 0.829023 0.470192 0.816810 0.457692 0.811063 0.446154 0.811063 0.430769 0.816092 0.424038 0.862069 0.424038 0.869253 0.427885 0.874282 0.436538 0.872845 0.451923 0.856322 0.468269 0.840517 0.472115
0 0.646552 0.156731 0.635057 0.156731 0.628592 0.146154 0.628592 0.132692 0.637931 0.118269 0.658046 0.116346 0.674569 0.128846 0.676006 0.138462 0.668103 0.149038 0.660920 0.152885 0.650862 0.152885 0.646552 0.156731
0 0.767241 0.689423 0.757184 0.687500 0.750718 0.678846 0.749282 0.669231 0.752155 0.659615 0.759339 0.644231 0.772989 0.625962 0.783046 0.620192 0.793103 0.622115 0.802443 0.632692 0.808190 0.648077 0.806753 0.663462 0.793103 0.677885 0.767241 0.689423
0 0.998563 0.014423 0.989943 0.014423 0.977730 0.000000
0 0.461207 0.587500 0.452586 0.585577 0.438218 0.574038 0.428879 0.563462 0.423132 0.551923 0.421695 0.517308 0.428161 0.508654 0.433908 0.506731 0.443966 0.512500 0.454741 0.526923 0.459052 0.540385 0.463362 0.546154 0.469109 0.575000 0.461207 0.587500
0 0.411638 0.998077 0.415948 0.982692 0.420977 0.975962 0.431034 0.974038 0.435345 0.970192 0.443966 0.970192 0.448994 0.976923 0.444684 0.998077
0 0.826149 0.377885 0.801724 0.377885 0.793103 0.372115 0.788075 0.363462 0.789511 0.350000 0.814655 0.325962 0.823276 0.327885 0.842672 0.357692 0.842672 0.367308 0.837644 0.374038 0.826149 0.377885
0 0.051724 0.491346 0.048851 0.491346 0.042385 0.482692 0.039511 0.473077 0.040948 0.440385 0.043822 0.430769 0.053161 0.418269 0.063218 0.416346 0.073994 0.426923 0.075431 0.444231 0.061063 0.484615 0.051724 0.491346
0 0.929598 0.187500 0.899425 0.183654 0.888649 0.171154 0.890086 0.157692 0.897989 0.147115 0.909483 0.141346 0.926724 0.141346 0.932471 0.145192 0.938937 0.153846 0.938937 0.167308 0.936063 0.171154 0.936063 0.180769 0.929598 0.187500
0 0.619253 0.341346 0.600575 0.337500 0.582615 0.313462 0.579741 0.296154 0.583333 0.289423 0.599138 0.283654 0.607759 0.289423 0.613506 0.299038 0.619253 0.299038 0.628592 0.307692 0.631466 0.313462 0.632902 0.326923 0.625000 0.339423 0.619253 0.341346
0 0.765805 0.956731 0.760057 0.956731 0.752155 0.946154 0.747845 0.932692 0.746408 0.915385 0.750718 0.900000 0.755747 0.893269 0.765805 0.885577 0.778736 0.885577 0.785201 0.894231 0.785201 0.907692 0.772270 0.950000 0.765805 0.956731
0 0.474138 0.287500 0.458333 0.285577 0.450431 0.276923 0.446121 0.263462 0.446121 0.246154 0.452586 0.235577 0.462644 0.229808 0.474138 0.235577 0.477730 0.244231 0.476293 0.255769 0.482040 0.267308 0.482040 0.278846 0.474138 0.287500
0 0.227011 0.691346 0.209770 0.691346 0.206178 0.686538 0.211925 0.675000 0.209052 0.648077 0.212644 0.643269 0.232759 0.643269 0.245690 0.649038 0.250718 0.655769 0.249282 0.665385 0.242816 0.670192 0.232759 0.687500 0.227011 0.691346
0 0.653736 0.775962 0.639368 0.775962 0.635057 0.772115 0.619253 0.774038 0.615661 0.769231 0.614224 0.757692 0.621408 0.744231 0.629310 0.735577 0.637931 0.735577 0.643678 0.729808 0.658046 0.731731 0.667385 0.742308 0.670259 0.751923 0.667385 0.761538 0.653736 0.775962
0 0.000000 0.833654 0.022989 0.820192 0.027299 0.820192 0.030891 0.825000 0.030891 0.832692 0.025144 0.846154 0.011494 0.864423 0.000000 0.872115
0 0.340517 0.875962 0.327586 0.875962 0.316092 0.862500 0.307471 0.856731 0.302443 0.850000 0.302443 0.836538 0.306034 0.831731 0.313218 0.829808 0.330460 0.833654 0.346983 0.857692 0.346983 0.865385 0.340517 0.875962
0 0.449713 0.762500 0.441092 0.762500 0.436782 0.758654 0.423132 0.736538 0.421695 0.713462 0.428161 0.702885 0.439655 0.700962 0.448994 0.711538 0.456178 0.725000 0.457615 0.750000 0.449713 0.762500
0 0.000000 0.910577 0.005747 0.910577 0.012213 0.919231 0.012213 0.930769 0.002874 0.945192 0.000000 0.945192
0 0.146552 0.749038 0.136494 0.745192 0.124282 0.721154 0.122845 0.692308 0.127874 0.683654 0.139368 0.683654 0.145115 0.687500 0.158764 0.705769 0.161638 0.713462 0.161638 0.734615 0.155172 0.743269 0.146552 0.749038
0 0.379310 0.960577 0.370690 0.960577 0.362787 0.953846 0.359914 0.946154 0.361351 0.919231 0.372126 0.906731 0.383621 0.904808 0.389368 0.908654 0.395833 0.921154 0.395833 0.938462 0.392960 0.946154 0.379310 0.960577
0 0.367816 0.349038 0.356322 0.349038 0.349138 0.343269 0.341236 0.326923 0.339799 0.317308 0.341236 0.303846 0.348420 0.278846 0.360632 0.262500 0.370690 0.262500 0.378592 0.271154 0.387213 0.309615 0.385776 0.323077 0.381466 0.334615 0.376437 0.343269 0.367816 0.349038
0 0.625000 0.545192 0.616379 0.541346 0.609914 0.532692 0.607040 0.521154 0.608477 0.501923 0.612787 0.486538 0.621408 0.467308 0.633621 0.452885 0.640805 0.449038 0.655172 0.449038 0.663075 0.457692 0.665948 0.469231 0.665948 0.484615 0.663075 0.498077 0.657328 0.511538 0.640805 0.535577 0.632184 0.543269 0.625000 0.545192
0 0.303879 0.998077 0.303879 0.955769 0.307471 0.949038 0.316092 0.949038 0.321839 0.952885 0.332615 0.967308 0.339799 0.984615 0.339799 0.992308 0.336925 0.998077
0 0.211207 0.614423 0.191092 0.612500 0.170977 0.600962 0.160201 0.582692 0.160201 0.571154 0.169540 0.562500 0.185345 0.562500 0.195402 0.570192 0.202586 0.570192 0.221264 0.581731 0.230603 0.594231 0.230603 0.601923 0.224138 0.610577 0.211207 0.614423
0 0.691092 0.391346 0.682471 0.389423 0.677443 0.382692 0.677443 0.375000 0.680316 0.359615 0.692529 0.343269 0.699713 0.341346 0.712644 0.345192 0.728448 0.345192 0.732040 0.350000 0.733477 0.363462 0.727011 0.374038 0.716954 0.379808 0.706897 0.379808 0.701149 0.387500 0.691092 0.391346
0 0.906609 0.100962 0.890805 0.097115 0.873563 0.083654 0.867098 0.071154 0.867098 0.059615 0.875000 0.049038 0.885057 0.043269 0.893678 0.045192 0.900862 0.050962 0.917385 0.076923 0.915948 0.090385 0.906609 0.100962
0 0.579741 0.998077 0.579741 0.994231 0.590517 0.981731 0.600575 0.983654 0.606322 0.995192 0.616379 0.993269 0.619971 0.998077
0 0.184626 0.998077 0.184626 0.994231 0.192529 0.979808 0.201149 0.979808 0.207615 0.992308 0.207615 0.998077
0 0.500000 0.514423 0.479885 0.510577 0.467672 0.494231 0.469109 0.473077 0.478448 0.460577 0.488506 0.454808 0.505747 0.456731 0.511494 0.460577 0.519397 0.475000 0.517960 0.494231 0.500000 0.514423
0 0.778736 0.841346 0.762931 0.839423 0.756466 0.828846 0.760776 0.815385 0.771552 0.802885 0.797414 0.791346 0.811782 0.791346 0.822557 0.801923 0.823994 0.815385 0.818966 0.824038 0.794540 0.837500 0.778736 0.841346
0 0.457615 0.000000 0.463362 0.007692 0.463362 0.019231 0.454741 0.044231 0.438218 0.066346 0.428161 0.068269 0.423132 0.063462 0.420259 0.055769 0.421695 0.042308 0.433190 0.013462 0.443247 0.000000
0 0.631466 0.000000 0.644397 0.021154 0.642960 0.032692 0.635057 0.039423 0.617816 0.035577 0.604885 0.025962 0.594109 0.013462 0.586925 0.000000
0 0.709770 0.637500 0.704023 0.637500 0.697557 0.630769 0.696121 0.609615 0.698994 0.598077 0.707615 0.576923 0.719828 0.560577 0.729885 0.554808 0.738506 0.554808 0.746408 0.565385 0.746408 0.590385 0.742098 0.601923 0.721264 0.631731 0.709770 0.637500
0 0.118534 0.000000 0.114943 0.008654 0.100575 0.018269 0.084770 0.018269 0.072557 0.003846 0.072557 0.000000
0 0.998563 0.562500 0.981322 0.583654 0.972701 0.581731 0.964799 0.565385 0.967672 0.532692 0.971983 0.513462 0.979885 0.504808 0.985632 0.504808 0.998563 0.518269
0 0.787356 0.495192 0.777299 0.495192 0.757184 0.481731 0.736351 0.457692 0.733477 0.442308 0.738506 0.435577 0.752874 0.437500 0.771552 0.452885 0.783046 0.464423 0.789511 0.475000 0.790948 0.490385 0.787356 0.495192
0 0.879310 0.627885 0.863506 0.625962 0.855603 0.613462 0.855603 0.600000 0.866379 0.583654 0.890805 0.575962 0.905172 0.579808 0.915948 0.590385 0.917385 0.603846 0.909483 0.616346 0.879310 0.627885
0 0.683908 0.845192 0.668103 0.843269 0.661638 0.832692 0.663075 0.819231 0.681034 0.797115 0.689655 0.791346 0.706897 0.789423 0.712644 0.793269 0.720546 0.805769 0.717672 0.819231 0.699713 0.837500 0.683908 0.845192
0 0.087644 0.900962 0.079023 0.899038 0.075431 0.892308 0.075431 0.886538 0.083333 0.872115 0.112069 0.849038 0.129310 0.847115 0.134339 0.853846 0.132902 0.865385 0.120690 0.883654 0.103448 0.895192 0.087644 0.900962
0 0.998563 0.416346 0.981322 0.418269 0.975575 0.416346 0.964799 0.405769 0.964799 0.392308 0.974138 0.377885 0.988506 0.366346 0.998563 0.364423
0 0.159483 0.966346 0.150862 0.966346 0.147270 0.961538 0.145833 0.950000 0.148707 0.938462 0.156609 0.922115 0.163793 0.918269 0.173851 0.920192 0.180316 0.934615 0.178879 0.948077 0.170977 0.960577 0.159483 0.966346
0 0.839080 0.739423 0.823276 0.739423 0.813218 0.735577 0.801006 0.721154 0.799569 0.707692 0.806034 0.700962 0.847701 0.700962 0.860632 0.706731 0.862787 0.709615 0.862787 0.719231 0.859914 0.726923 0.849138 0.735577 0.839080 0.739423
0 0.915230 0.924038 0.905172 0.924038 0.900144 0.917308 0.900144 0.886538 0.913075 0.853846 0.928161 0.839423 0.935345 0.839423 0.943247 0.850000 0.944684 0.871154 0.937500 0.896154 0.922414 0.918269 0.915230 0.924038
0 0.731322 0.268269 0.721264 0.268269 0.715517 0.260577 0.695402 0.256731 0.693247 0.246154 0.694684 0.230769 0.701149 0.222115 0.709770 0.220192 0.734195 0.231731 0.739224 0.240385 0.740661 0.251923 0.739224 0.257692 0.731322 0.268269
0 0.409483 0.866346 0.380747 0.866346 0.374282 0.853846 0.375718 0.846154 0.383621 0.835577 0.396552 0.829808 0.416667 0.829808 0.428879 0.842308 0.428879 0.851923 0.423851 0.858654 0.409483 0.866346
0 0.867816 0.697115 0.844828 0.693269 0.835489 0.682692 0.835489 0.667308 0.844828 0.652885 0.864943 0.645192 0.876437 0.645192 0.885776 0.651923 0.891523 0.667308 0.890086 0.682692 0.880747 0.693269 0.867816 0.697115
0 0.714080 0.952885 0.673851 0.949038 0.665948 0.940385 0.665948 0.930769 0.678161 0.912500 0.683908 0.908654 0.695402 0.908654 0.704023 0.912500 0.711925 0.919231 0.720546 0.934615 0.720546 0.942308 0.714080 0.952885
0 0.500000 0.125962 0.484195 0.125962 0.478448 0.122115 0.467672 0.109615 0.463362 0.098077 0.464799 0.076923 0.478448 0.058654 0.495690 0.058654 0.505029 0.071154 0.509339 0.082692 0.512213 0.094231 0.512213 0.109615 0.500000 0.125962
0 0.969109 0.000000 0.983477 0.019231 0.987787 0.034615 0.984914 0.051923 0.975575 0.060577 0.964080 0.058654 0.957615 0.051923 0.954741 0.036538 0.946121 0.013462 0.946121 0.007692 0.950431 0.000000
0 0.686782 0.295192 0.681034 0.293269 0.677443 0.288462 0.676006 0.280769 0.680316 0.271154 0.692529 0.256731 0.711207 0.258654 0.721264 0.268269 0.725575 0.266346 0.730603 0.269231 0.730603 0.280769 0.721264 0.289423 0.702586 0.289423 0.686782 0.295192
0 0.435345 0.943269 0.420977 0.943269 0.407328 0.928846 0.405891 0.917308 0.416667 0.900962 0.438218 0.899038 0.447557 0.907692 0.448994 0.925000 0.443247 0.936538 0.435345 0.943269
0 0.525862 0.302885 0.515805 0.302885 0.510776 0.296154 0.506466 0.288462 0.494971 0.250000 0.493534 0.226923 0.501437 0.218269 0.512931 0.220192 0.525144 0.234615 0.529454 0.244231 0.533764 0.282692 0.530891 0.296154 0.525862 0.302885
0 0.339080 0.106731 0.321839 0.106731 0.311782 0.100962 0.298132 0.082692 0.298132 0.067308 0.307471 0.060577 0.323276 0.056731 0.333333 0.058654 0.343391 0.066346 0.348420 0.073077 0.351293 0.086538 0.349856 0.094231 0.339080 0.106731
0 0.423851 0.229808 0.410920 0.227885 0.404454 0.213462 0.407328 0.200000 0.419540 0.181731 0.432471 0.179808 0.438218 0.183654 0.443247 0.194231 0.441810 0.209615 0.423851 0.229808
0 0.948276 0.554808 0.931034 0.554808 0.910920 0.545192 0.905891 0.536538 0.907328 0.523077 0.919540 0.512500 0.941092 0.512500 0.954023 0.522115 0.957615 0.526923 0.957615 0.540385 0.956178 0.548077 0.948276 0.554808
0 0.770115 0.172115 0.761494 0.170192 0.755029 0.159615 0.753592 0.130769 0.763649 0.100000 0.772989 0.089423 0.780172 0.087500 0.785920 0.091346 0.792385 0.103846 0.792385 0.123077 0.786638 0.150000 0.780891 0.161538 0.770115 0.172115
0 0.962644 0.237500 0.945402 0.233654 0.926006 0.213462 0.924569 0.194231 0.928161 0.187500 0.936782 0.179808 0.961207 0.175962 0.975575 0.181731 0.987787 0.198077 0.987787 0.219231 0.979885 0.229808 0.962644 0.237500
0 0.465517 0.370192 0.454023 0.370192 0.443966 0.364423 0.434626 0.353846 0.424569 0.326923 0.424569 0.317308 0.432471 0.304808 0.445402 0.304808 0.452586 0.310577 0.464080 0.314423 0.477730 0.332692 0.480603 0.340385 0.480603 0.355769 0.472701 0.366346 0.465517 0.370192
0 0.074713 0.391346 0.063218 0.389423 0.056753 0.378846 0.056753 0.355769 0.062500 0.336538 0.070402 0.324038 0.079023 0.324038 0.085489 0.332692 0.088362 0.344231 0.085489 0.376923 0.082615 0.384615 0.074713 0.391346
0 0.933190 0.998077 0.928879 0.988462 0.928879 0.975000 0.931753 0.967308 0.948276 0.937500 0.958333 0.933654 0.966236 0.944231 0.966236 0.963462 0.960489 0.982692 0.951868 0.998077
0 0.258621 0.847115 0.241379 0.847115 0.232040 0.834615 0.233477 0.817308 0.244253 0.802885 0.267241 0.793269 0.283046 0.793269 0.295259 0.801923 0.298132 0.815385 0.291667 0.827885 0.275862 0.839423 0.258621 0.847115
0 0.081897 0.693269 0.074713 0.691346 0.068966 0.685577 0.049569 0.657692 0.045259 0.646154 0.045259 0.636538 0.051724 0.627885 0.060345 0.625962 0.067529 0.629808 0.084052 0.655769 0.089799 0.680769 0.088362 0.686538 0.081897 0.693269
0 0.055316 0.998077 0.051006 0.992308 0.051006 0.982692 0.052443 0.976923 0.061782 0.964423 0.068966 0.958654 0.096264 0.958654 0.102730 0.965385 0.104167 0.980769 0.101293 0.988462 0.092672 0.998077
0 0.733477 0.000000 0.731322 0.004808 0.722701 0.010577 0.712644 0.010577 0.706178 0.000000
0 0.617816 0.718269 0.606322 0.714423 0.602730 0.709615 0.599856 0.701923 0.602730 0.682692 0.596983 0.667308 0.596983 0.657692 0.606322 0.647115 0.612069 0.645192 0.620690 0.647115 0.630029 0.659615 0.635776 0.675000 0.635776 0.692308 0.625718 0.703846 0.624282 0.711538 0.617816 0.718269
0 0.771552 0.766346 0.761494 0.766346 0.744253 0.756731 0.737787 0.746154 0.737787 0.738462 0.742816 0.731731 0.778736 0.731731 0.783764 0.740385 0.783764 0.753846 0.778736 0.762500 0.771552 0.766346
0 0.903736 0.372115 0.893678 0.372115 0.885057 0.368269 0.872845 0.353846 0.867098 0.326923 0.873563 0.314423 0.890805 0.316346 0.908764 0.336538 0.913075 0.348077 0.913075 0.359615 0.903736 0.372115
0 0.207615 0.000000 0.201149 0.010577 0.193966 0.016346 0.186782 0.016346 0.180316 0.007692 0.178879 0.000000
0 0.539511 0.000000 0.549569 0.023077 0.552443 0.046154 0.549569 0.061538 0.540230 0.072115 0.530172 0.070192 0.519397 0.050000 0.515086 0.026923 0.516523 0.000000
0 0.841236 0.000000 0.844109 0.009615 0.859914 0.025000 0.859914 0.036538 0.850575 0.050962 0.840517 0.060577 0.831897 0.064423 0.818966 0.064423 0.811063 0.057692 0.806753 0.036538 0.809626 0.015385 0.821121 0.000000
0 0.136494 0.100962 0.126437 0.100962 0.120690 0.097115 0.103448 0.099038 0.096983 0.090385 0.095546 0.076923 0.104885 0.062500 0.110632 0.058654 0.133621 0.056731 0.144397 0.069231 0.147270 0.082692 0.147270 0.088462 0.136494 0.100962
0 0.157328 0.998077 0.175287 0.968269 0.178161 0.968269 0.183190 0.976923 0.184626 0.998077
0 0.945402 0.516346 0.941092 0.512500 0.895115 0.508654 0.891523 0.498077 0.895115 0.491346 0.900862 0.487500 0.922414 0.481731 0.942529 0.470192 0.949713 0.470192 0.954023 0.472115 0.961925 0.482692 0.961925 0.486538 0.959052 0.503846 0.952586 0.510577 0.948276 0.510577 0.945402 0.516346
0 0.267241 0.981731 0.255747 0.979808 0.247845 0.969231 0.237787 0.944231 0.236351 0.932692 0.247126 0.920192 0.254310 0.920192 0.262931 0.927885 0.272270 0.946154 0.272270 0.951923 0.275144 0.955769 0.275144 0.973077 0.271552 0.979808 0.267241 0.981731
0 0.676724 0.249038 0.670977 0.247115 0.665948 0.238462 0.663075 0.190385 0.667385 0.178846 0.675287 0.168269 0.681034 0.164423 0.688218 0.164423 0.696121 0.178846 0.694684 0.211538 0.687500 0.238462 0.676724 0.249038
0 0.998563 0.137500 0.971264 0.135577 0.961207 0.129808 0.953305 0.117308 0.954741 0.103846 0.966954 0.093269 0.985632 0.093269 0.998563 0.097115
0 0.116379 0.537500 0.107759 0.537500 0.098420 0.526923 0.095546 0.505769 0.107759 0.483654 0.122126 0.481731 0.131466 0.500000 0.131466 0.523077 0.123563 0.533654 0.116379 0.537500
0 0.573276 0.808654 0.558908 0.802885 0.551006 0.788462 0.545259 0.740385 0.548132 0.726923 0.554598 0.720192 0.560345 0.720192 0.572557 0.730769 0.585489 0.765385 0.585489 0.798077 0.580460 0.804808 0.573276 0.808654
0 0.535920 0.920192 0.515805 0.918269 0.501437 0.906731 0.493534 0.892308 0.493534 0.873077 0.501437 0.864423 0.514368 0.862500 0.521552 0.864423 0.544540 0.879808 0.551006 0.890385 0.552443 0.901923 0.544540 0.916346 0.535920 0.920192
0 0.609195 0.289423 0.604885 0.289423 0.597701 0.283654 0.589799 0.269231 0.589799 0.255769 0.594109 0.244231 0.595546 0.223077 0.600575 0.214423 0.604885 0.212500 0.610632 0.212500 0.622845 0.226923 0.627155 0.251923 0.627155 0.269231 0.622845 0.280769 0.617816 0.287500 0.609195 0.289423
0 0.080460 0.520192 0.073994 0.517308 0.075431 0.509615 0.072557 0.501923 0.073994 0.488462 0.079741 0.469231 0.091954 0.447115 0.097701 0.441346 0.106322 0.441346 0.111351 0.451923 0.109914 0.478846 0.095546 0.505769 0.096983 0.517308 0.089080 0.514423 0.080460 0.520192
