0 0.937500 0.994141 0.917969 0.994141 0.904297 0.984375 0.900391 0.968750 0.910156 0.955078 0.953125 0.951172 0.962891 0.960938 0.962891 0.976562 0.937500 0.994141
0 0.074219 0.291016 0.042969 0.287109 0.021484 0.269531 0.017578 0.253906 0.035156 0.240234 0.062500 0.248047 0.080078 0.273438 0.074219 0.291016
0 0.652344 0.505859 0.630859 0.500000 0.630859 0.480469 0.660156 0.458984 0.679688 0.458984 0.685547 0.464844 0.685547 0.484375 0.652344 0.505859
0 0.394531 0.314453 0.375000 0.314453 0.349609 0.289062 0.349609 0.269531 0.359375 0.259766 0.378906 0.259766 0.396484 0.277344 0.400391 0.308594 0.394531 0.314453
0 0.386719 0.654297 0.355469 0.654297 0.345703 0.648438 0.341797 0.636719 0.355469 0.623047 0.394531 0.623047 0.404297 0.636719 0.386719 0.654297
0 0.289062 0.353516 0.257812 0.345703 0.248047 0.335938 0.244141 0.320312 0.253906 0.310547 0.296875 0.314453 0.306641 0.324219 0.306641 0.335938 0.289062 0.353516
0 0.550781 0.896484 0.531250 0.896484 0.521484 0.886719 0.517578 0.867188 0.527344 0.853516 0.558594 0.853516 0.572266 0.863281 0.568359 0.886719 0.550781 0.896484
0 0.578125 0.302734 0.562500 0.298828 0.548828 0.285156 0.548828 0.269531 0.554688 0.263672 0.601562 0.259766 0.619141 0.273438 0.619141 0.285156 0.609375 0.294922 0.578125 0.302734
0 0.648438 0.048828 0.621094 0.048828 0.611328 0.039062 0.611328 0.023438 0.632812 0.009766 0.652344 0.017578 0.658203 0.023438 0.658203 0.042969 0.648438 0.048828
0 0.492188 0.439453 0.460938 0.435547 0.451172 0.425781 0.451172 0.410156 0.457031 0.404297 0.492188 0.408203 0.501953 0.417969 0.501953 0.429688 0.492188 0.439453
0 0.230469 0.306641 0.210938 0.306641 0.189453 0.285156 0.185547 0.269531 0.191406 0.259766 0.210938 0.259766 0.240234 0.281250 0.240234 0.296875 0.230469 0.306641
0 0.132812 0.263672 0.113281 0.259766 0.091797 0.242188 0.080078 0.222656 0.089844 0.212891 0.128906 0.220703 0.146484 0.242188 0.146484 0.250000 0.132812 0.263672
0 0.464844 0.498047 0.443359 0.492188 0.443359 0.468750 0.468750 0.439453 0.488281 0.439453 0.490234 0.464844 0.474609 0.492188 0.464844 0.498047
0 0.716797 0.996094 0.716797 0.980469 0.722656 0.974609 0.750000 0.974609 0.779297 0.996094
0 0.230469 0.935547 0.187500 0.931641 0.181641 0.925781 0.181641 0.910156 0.203125 0.892578 0.246094 0.888672 0.255859 0.910156 0.230469 0.935547
0 0.324219 0.470703 0.300781 0.458984 0.294922 0.449219 0.304688 0.408203 0.322266 0.410156 0.337891 0.441406 0.333984 0.464844 0.324219 0.470703
0 0.292969 0.744141 0.265625 0.744141 0.259766 0.738281 0.259766 0.722656 0.273438 0.708984 0.300781 0.708984 0.310547 0.718750 0.310547 0.730469 0.292969 0.744141
0 0.824219 0.548828 0.800781 0.548828 0.791016 0.539062 0.787109 0.503906 0.804688 0.486328 0.832031 0.474609 0.859375 0.478516 0.869141 0.496094 0.869141 0.523438 0.859375 0.541016 0.824219 0.548828
0 0.484375 0.986328 0.437500 0.982422 0.427734 0.964844 0.437500 0.955078 0.453125 0.951172 0.488281 0.955078 0.498047 0.964844 0.498047 0.980469 0.484375 0.986328
0 0.390625 0.173828 0.347656 0.173828 0.326172 0.156250 0.326172 0.144531 0.339844 0.130859 0.382812 0.134766 0.404297 0.152344 0.404297 0.160156 0.390625 0.173828
0 0.230469 0.048828 0.195312 0.044922 0.189453 0.039062 0.189453 0.023438 0.210938 0.009766 0.238281 0.013672 0.248047 0.023438 0.248047 0.039062 0.230469 0.048828
0 0.773438 0.373047 0.751953 0.359375 0.751953 0.343750 0.769531 0.322266 0.804688 0.306641 0.818359 0.316406 0.818359 0.332031 0.792969 0.361328 0.773438 0.373047
0 0.222656 0.787109 0.191406 0.787109 0.181641 0.777344 0.181641 0.765625 0.199219 0.751953 0.234375 0.748047 0.240234 0.753906 0.240234 0.773438 0.222656 0.787109
0 0.355469 0.060547 0.324219 0.056641 0.306641 0.039062 0.306641 0.023438 0.312500 0.017578 0.328125 0.017578 0.359375 0.029297 0.365234 0.046875 0.355469 0.060547
0 0.914062 0.955078 0.890625 0.955078 0.880859 0.941406 0.884766 0.929688 0.906250 0.919922 0.929688 0.923828 0.939453 0.937500 0.914062 0.955078
0 0.203125 0.490234 0.179688 0.490234 0.158203 0.468750 0.158203 0.441406 0.187500 0.404297 0.210938 0.404297 0.228516 0.421875 0.224609 0.457031 0.203125 0.490234
0 0.357422 0.000000 0.351562 0.009766 0.312500 0.009766 0.302734 0.000000
0 0.320312 0.087891 0.269531 0.083984 0.259766 0.074219 0.263672 0.050781 0.273438 0.041016 0.312500 0.044922 0.337891 0.062500 0.337891 0.074219 0.320312 0.087891
0 0.894531 0.048828 0.878906 0.048828 0.865234 0.035156 0.865234 0.027344 0.882812 0.009766 0.910156 0.005859 0.923828 0.015625 0.923828 0.027344 0.914062 0.041016 0.894531 0.048828
0 0.085938 0.947266 0.050781 0.943359 0.044922 0.929688 0.074219 0.908203 0.109375 0.908203 0.119141 0.917969 0.119141 0.929688 0.085938 0.947266
0 0.996094 0.291016 0.982422 0.277344 0.982422 0.261719 0.996094 0.251953
0 0.843750 0.587891 0.812500 0.587891 0.802734 0.578125 0.806641 0.558594 0.828125 0.544922 0.843750 0.544922 0.857422 0.558594 0.857422 0.574219 0.843750 0.587891
0 0.121094 0.615234 0.101562 0.615234 0.072266 0.593750 0.072266 0.570312 0.082031 0.556641 0.097656 0.556641 0.126953 0.578125 0.130859 0.605469 0.121094 0.615234
0 0.996094 0.197266 0.964844 0.205078 0.955078 0.195312 0.958984 0.175781 0.984375 0.150391 0.996094 0.150391
0 0.617188 0.193359 0.578125 0.189453 0.568359 0.164062 0.585938 0.150391 0.621094 0.154297 0.630859 0.164062 0.630859 0.179688 0.617188 0.193359
0 0.441406 0.896484 0.414062 0.896484 0.394531 0.888672 0.388672 0.882812 0.392578 0.855469 0.410156 0.845703 0.460938 0.849609 0.470703 0.859375 0.470703 0.878906 0.457031 0.892578 0.441406 0.896484
0 0.773438 0.064453 0.742188 0.064453 0.728516 0.054688 0.732422 0.031250 0.765625 0.009766 0.781250 0.009766 0.798828 0.019531 0.798828 0.039062 0.773438 0.064453
0 0.808594 0.716797 0.785156 0.716797 0.775391 0.703125 0.775391 0.695312 0.796875 0.677734 0.816406 0.677734 0.826172 0.687500 0.822266 0.707031 0.808594 0.716797
0 0.144531 0.857422 0.128906 0.857422 0.115234 0.847656 0.111328 0.839844 0.121094 0.826172 0.160156 0.822266 0.166016 0.828125 0.166016 0.843750 0.144531 0.857422
0 0.898438 0.876953 0.871094 0.876953 0.857422 0.863281 0.863281 0.837891 0.902344 0.833984 0.916016 0.843750 0.912109 0.867188 0.898438 0.876953
0 0.125000 0.154297 0.089844 0.150391 0.080078 0.140625 0.083984 0.125000 0.097656 0.115234 0.144531 0.119141 0.150391 0.125000 0.150391 0.140625 0.125000 0.154297
0 0.714844 0.177734 0.695312 0.173828 0.681641 0.160156 0.681641 0.152344 0.695312 0.134766 0.718750 0.126953 0.744141 0.136719 0.748047 0.164062 0.714844 0.177734
0 0.652344 0.712891 0.636719 0.712891 0.623047 0.699219 0.626953 0.687500 0.664062 0.666016 0.683594 0.666016 0.693359 0.675781 0.693359 0.691406 0.652344 0.712891
