0 0.887931 0.739423 0.880747 0.739423 0.872845 0.730769 0.871408 0.713462 0.882184 0.689423 0.890805 0.681731 0.897989 0.681731 0.903736 0.685577 0.910201 0.696154 0.910201 0.715385 0.907328 0.725000 0.900862 0.733654 0.887931 0.739423
0 0.915230 0.595192 0.905172 0.593269 0.898707 0.584615 0.898707 0.569231 0.903017 0.542308 0.910920 0.531731 0.916667 0.531731 0.921695 0.540385 0.914511 0.559615 0.916667 0.562500 0.923851 0.562500 0.930316 0.569231 0.928879 0.584615 0.915230 0.595192
0 0.725575 0.241346 0.711207 0.237500 0.702586 0.231731 0.694684 0.221154 0.694684 0.203846 0.702586 0.191346 0.714080 0.189423 0.731322 0.195192 0.734914 0.200000 0.739224 0.213462 0.739224 0.226923 0.734195 0.237500 0.725575 0.241346
0 0.998563 0.750962 0.989943 0.752885 0.985632 0.750962 0.982040 0.744231 0.982040 0.736538 0.986351 0.730769 0.986351 0.726923 0.998563 0.712500
0 0.091954 0.500962 0.084770 0.500962 0.071839 0.495192 0.058190 0.478846 0.056753 0.461538 0.063218 0.452885 0.076149 0.447115 0.086207 0.447115 0.099138 0.454808 0.107040 0.465385 0.107040 0.488462 0.097701 0.499038 0.091954 0.500962
0 0.998563 0.929808 0.984914 0.915385 0.979167 0.901923 0.979167 0.894231 0.984195 0.885577 0.998563 0.887500
0 0.156609 0.591346 0.136494 0.589423 0.125718 0.575000 0.125718 0.565385 0.128592 0.557692 0.139368 0.543269 0.146552 0.539423 0.160920 0.541346 0.171695 0.553846 0.174569 0.563462 0.168822 0.580769 0.156609 0.591346
0 0.642241 0.835577 0.636494 0.833654 0.631466 0.826923 0.622845 0.803846 0.622845 0.765385 0.625718 0.753846 0.633621 0.743269 0.642241 0.749038 0.648707 0.757692 0.653017 0.769231 0.651580 0.819231 0.648707 0.828846 0.642241 0.835577
0 0.548851 0.725962 0.535920 0.725962 0.532328 0.721154 0.528017 0.707692 0.528017 0.694231 0.542385 0.663462 0.550287 0.654808 0.558908 0.652885 0.568247 0.665385 0.568247 0.701923 0.560345 0.714423 0.548851 0.725962
0 0.162356 0.352885 0.158046 0.352885 0.153017 0.336538 0.134339 0.317308 0.130029 0.298077 0.136494 0.287500 0.150862 0.287500 0.156609 0.291346 0.178879 0.325000 0.178879 0.340385 0.175287 0.345192 0.168103 0.345192 0.162356 0.352885
0 0.843391 0.247115 0.833333 0.247115 0.826868 0.238462 0.823994 0.228846 0.823994 0.211538 0.834770 0.195192 0.849138 0.191346 0.857759 0.193269 0.867098 0.203846 0.867098 0.215385 0.862787 0.225000 0.843391 0.247115
0 0.446839 0.768269 0.439655 0.766346 0.436063 0.761538 0.436063 0.750000 0.443247 0.738462 0.443247 0.734615 0.455460 0.718269 0.462644 0.716346 0.469828 0.720192 0.477730 0.734615 0.474856 0.750000 0.466954 0.758654 0.456897 0.758654 0.446839 0.768269
0 0.159483 0.102885 0.153736 0.102885 0.142241 0.095192 0.121408 0.071154 0.112787 0.044231 0.112787 0.032692 0.119253 0.024038 0.126437 0.024038 0.136494 0.029808 0.163075 0.067308 0.167385 0.078846 0.167385 0.094231 0.159483 0.102885
0 0.616379 0.083654 0.609195 0.081731 0.602730 0.071154 0.602730 0.061538 0.609914 0.046154 0.609914 0.013462 0.616379 0.000962 0.629310 0.000962 0.638649 0.011538 0.641523 0.019231 0.642960 0.044231 0.638649 0.059615 0.626437 0.075962 0.616379 0.083654
0 0.053161 0.224038 0.037356 0.222115 0.022270 0.205769 0.022270 0.201923 0.015086 0.192308 0.010776 0.180769 0.010776 0.169231 0.017241 0.160577 0.040230 0.160577 0.061063 0.180769 0.063937 0.190385 0.063937 0.205769 0.053161 0.224038
0 0.258621 0.791346 0.241379 0.789423 0.221264 0.779808 0.214799 0.771154 0.216236 0.757692 0.224138 0.750962 0.234195 0.750962 0.257184 0.758654 0.266523 0.767308 0.269397 0.775000 0.269397 0.780769 0.258621 0.791346
0 0.722701 0.724038 0.711207 0.720192 0.697557 0.703846 0.697557 0.688462 0.704023 0.679808 0.716954 0.674038 0.728448 0.674038 0.737787 0.682692 0.742098 0.705769 0.734195 0.718269 0.722701 0.724038
0 0.738506 0.629808 0.725575 0.629808 0.719109 0.623077 0.716236 0.613462 0.717672 0.600000 0.723420 0.586538 0.734195 0.574038 0.739943 0.570192 0.751437 0.570192 0.757902 0.578846 0.759339 0.601923 0.752155 0.617308 0.738506 0.629808
0 0.954023 0.724038 0.948276 0.724038 0.940374 0.709615 0.945402 0.695192 0.952586 0.697115 0.957615 0.703846 0.959052 0.717308 0.954023 0.724038
0 0.267241 0.499038 0.257184 0.497115 0.249282 0.482692 0.250718 0.450000 0.261494 0.429808 0.268678 0.427885 0.274425 0.420192 0.285920 0.418269 0.289511 0.423077 0.289511 0.440385 0.292385 0.453846 0.279454 0.488462 0.267241 0.499038
0 0.604885 0.933654 0.596264 0.929808 0.578305 0.898077 0.578305 0.882692 0.584770 0.874038 0.593391 0.874038 0.599138 0.877885 0.609195 0.887500 0.618534 0.903846 0.618534 0.919231 0.604885 0.933654
0 0.234914 0.000000 0.233477 0.019231 0.219828 0.037500 0.212644 0.035577 0.207615 0.028846 0.203305 0.000000
0 0.406609 0.724038 0.379310 0.716346 0.368534 0.698077 0.368534 0.682692 0.382184 0.668269 0.397989 0.666346 0.405172 0.668269 0.425287 0.683654 0.431753 0.696154 0.428879 0.711538 0.420977 0.718269 0.406609 0.724038
0 0.405891 0.000000 0.403736 0.006731 0.392241 0.012500 0.383621 0.010577 0.378592 0.003846 0.378592 0.000000
0 0.649425 0.374038 0.642241 0.374038 0.637213 0.367308 0.632902 0.334615 0.622845 0.328846 0.622845 0.315385 0.639368 0.300962 0.647989 0.300962 0.654454 0.309615 0.660201 0.334615 0.658764 0.357692 0.649425 0.374038
0 0.866379 0.147115 0.860632 0.147115 0.855603 0.142308 0.852730 0.134615 0.854167 0.117308 0.867816 0.091346 0.882184 0.081731 0.889368 0.081731 0.895833 0.094231 0.895833 0.107692 0.891523 0.121154 0.876437 0.143269 0.866379 0.147115
0 0.579023 0.708654 0.573276 0.708654 0.568247 0.700000 0.566810 0.601923 0.571839 0.593269 0.577586 0.593269 0.584052 0.601923 0.592672 0.623077 0.596983 0.644231 0.594109 0.673077 0.589799 0.682692 0.589799 0.690385 0.579023 0.708654
0 0.780172 0.529808 0.768678 0.527885 0.757184 0.520192 0.749282 0.511538 0.743534 0.498077 0.743534 0.484615 0.747845 0.473077 0.752155 0.463462 0.761494 0.454808 0.772989 0.454808 0.779454 0.461538 0.783764 0.471154 0.788075 0.503846 0.788075 0.521154 0.784483 0.527885 0.780172 0.529808
0 0.867816 0.522115 0.850575 0.522115 0.839799 0.509615 0.831178 0.482692 0.831178 0.473077 0.837644 0.460577 0.849138 0.458654 0.857759 0.462500 0.864943 0.470192 0.879310 0.475962 0.887213 0.486538 0.885776 0.505769 0.877874 0.516346 0.867816 0.522115
0 0.057471 0.270192 0.054598 0.270192 0.039511 0.255769 0.039511 0.242308 0.045977 0.233654 0.068966 0.237500 0.075431 0.244231 0.078305 0.251923 0.078305 0.257692 0.074713 0.264423 0.057471 0.270192
0 0.724856 0.000000 0.723420 0.017308 0.709770 0.035577 0.701149 0.035577 0.694684 0.026923 0.688937 0.000000
0 0.998563 0.879808 0.995690 0.879808 0.984914 0.865385 0.976293 0.844231 0.974856 0.811538 0.978448 0.804808 0.985632 0.802885 0.998563 0.812500
0 0.998563 0.702885 0.979885 0.727885 0.972701 0.727885 0.966236 0.717308 0.967672 0.705769 0.974856 0.694231 0.979885 0.679808 0.991379 0.672115 0.998563 0.675962
0 0.948276 0.579808 0.942529 0.579808 0.936063 0.571154 0.934626 0.553846 0.927443 0.546154 0.923132 0.534615 0.921695 0.523077 0.928161 0.510577 0.935345 0.510577 0.938937 0.515385 0.941810 0.523077 0.941810 0.536538 0.948276 0.543269 0.955460 0.545192 0.961925 0.557692 0.961925 0.563462 0.957615 0.573077 0.948276 0.579808
0 0.265805 0.108654 0.257184 0.108654 0.249282 0.098077 0.246408 0.076923 0.259339 0.038462 0.270115 0.024038 0.274425 0.022115 0.281609 0.027885 0.286638 0.038462 0.289511 0.071154 0.288075 0.078846 0.280172 0.089423 0.275862 0.091346 0.265805 0.108654
0 0.204023 0.347115 0.193966 0.347115 0.186063 0.336538 0.183190 0.325000 0.163075 0.292308 0.163075 0.278846 0.168103 0.268269 0.179598 0.268269 0.188218 0.274038 0.201868 0.290385 0.211925 0.321154 0.210489 0.336538 0.204023 0.347115
0 0.102011 0.835577 0.093391 0.835577 0.086925 0.828846 0.079741 0.803846 0.082615 0.794231 0.090517 0.783654 0.097701 0.779808 0.110632 0.779808 0.124282 0.794231 0.128592 0.811538 0.120690 0.827885 0.113506 0.833654 0.102011 0.835577
0 0.137931 0.275962 0.117816 0.268269 0.108477 0.251923 0.108477 0.236538 0.114224 0.225000 0.112787 0.209615 0.117816 0.204808 0.127874 0.206731 0.142960 0.226923 0.145833 0.257692 0.148707 0.265385 0.145115 0.272115 0.137931 0.275962
0 0.669540 0.975962 0.659483 0.975962 0.657328 0.973077 0.657328 0.948077 0.660201 0.940385 0.660201 0.930769 0.671695 0.905769 0.678161 0.897115 0.685345 0.891346 0.691092 0.891346 0.696121 0.900000 0.696121 0.926923 0.691810 0.944231 0.677443 0.969231 0.669540 0.975962
0 0.490661 0.000000 0.490661 0.007692 0.482759 0.016346 0.477011 0.016346 0.466236 0.000000
0 0.517241 0.354808 0.507184 0.354808 0.495690 0.343269 0.490661 0.332692 0.490661 0.321154 0.486351 0.300000 0.489224 0.290385 0.497126 0.279808 0.502874 0.281731 0.520833 0.303846 0.525144 0.330769 0.517241 0.354808
0 0.479885 0.804808 0.472701 0.804808 0.466236 0.798077 0.466236 0.790385 0.471983 0.776923 0.471983 0.771154 0.489943 0.754808 0.498563 0.754808 0.505029 0.763462 0.505029 0.782692 0.488506 0.800962 0.479885 0.804808
0 0.451149 0.145192 0.445402 0.145192 0.436063 0.136538 0.434626 0.107692 0.440374 0.088462 0.449713 0.075962 0.456897 0.074038 0.462644 0.077885 0.469109 0.088462 0.471983 0.098077 0.471983 0.109615 0.464799 0.134615 0.451149 0.145192
0 0.530172 0.185577 0.520115 0.179808 0.512213 0.169231 0.510776 0.138462 0.515086 0.119231 0.523707 0.101923 0.530172 0.097115 0.538793 0.097115 0.543822 0.103846 0.546695 0.117308 0.545259 0.161538 0.540948 0.176923 0.530172 0.185577
0 0.754310 0.839423 0.745690 0.839423 0.739224 0.832692 0.737787 0.819231 0.740661 0.801923 0.755747 0.777885 0.761494 0.774038 0.772989 0.775962 0.778017 0.784615 0.778017 0.811538 0.765805 0.829808 0.754310 0.839423
0 0.744253 0.395192 0.722701 0.395192 0.716954 0.391346 0.710489 0.380769 0.710489 0.369231 0.719828 0.350962 0.734195 0.341346 0.751437 0.337500 0.761494 0.339423 0.770833 0.350000 0.772270 0.359615 0.765086 0.376923 0.755747 0.389423 0.744253 0.395192
0 0.949713 0.241346 0.938218 0.239423 0.931753 0.230769 0.931753 0.215385 0.937500 0.198077 0.949713 0.181731 0.961207 0.175962 0.974138 0.175962 0.982759 0.179808 0.987787 0.186538 0.990661 0.196154 0.986351 0.219231 0.974138 0.233654 0.961207 0.235577 0.949713 0.241346
0 0.676724 0.337500 0.669540 0.337500 0.660201 0.326923 0.658764 0.309615 0.667385 0.300000 0.667385 0.292308 0.673851 0.283654 0.681034 0.283654 0.683908 0.287500 0.688218 0.285577 0.698276 0.299038 0.702586 0.299038 0.709052 0.307692 0.709052 0.313462 0.707615 0.323077 0.702586 0.331731 0.688218 0.331731 0.676724 0.337500
0 0.998563 0.077885 0.994253 0.077885 0.987787 0.069231 0.980603 0.046154 0.982040 0.023077 0.986351 0.017308 0.987787 0.000000
0 0.929598 0.716346 0.922414 0.716346 0.917385 0.709615 0.918822 0.682692 0.929598 0.666346 0.941092 0.664423 0.946121 0.673077 0.946121 0.694231 0.940374 0.707692 0.929598 0.716346
0 0.000000 0.697115 0.011494 0.697115 0.027299 0.716346 0.045977 0.716346 0.051006 0.723077 0.051006 0.736538 0.047414 0.743269 0.034483 0.749038 0.000000 0.735577
0 0.998563 0.539423 0.994253 0.539423 0.981322 0.529808 0.971983 0.511538 0.971983 0.500000 0.978448 0.489423 0.998563 0.489423
0 0.489943 0.674038 0.479885 0.674038 0.474856 0.667308 0.474856 0.632692 0.477730 0.625000 0.489943 0.608654 0.495690 0.604808 0.507184 0.604808 0.513649 0.613462 0.513649 0.634615 0.503592 0.659615 0.489943 0.674038
0 0.053161 0.316346 0.038793 0.312500 0.032328 0.301923 0.032328 0.280769 0.035201 0.276923 0.032328 0.261538 0.038793 0.254808 0.053879 0.269231 0.052443 0.282692 0.063937 0.300000 0.063937 0.307692 0.053161 0.316346
0 0.714080 0.775962 0.708333 0.775962 0.697557 0.767308 0.696121 0.751923 0.703305 0.736538 0.719828 0.727885 0.738506 0.729808 0.743534 0.738462 0.743534 0.748077 0.740661 0.753846 0.729885 0.766346 0.714080 0.775962
0 0.221264 0.693269 0.204023 0.693269 0.195402 0.679808 0.185345 0.679808 0.179598 0.675962 0.168822 0.659615 0.164511 0.648077 0.167385 0.632692 0.172414 0.627885 0.188218 0.629808 0.195402 0.635577 0.205460 0.650962 0.227011 0.660577 0.230603 0.665385 0.233477 0.676923 0.228448 0.687500 0.221264 0.693269
0 0.178161 0.502885 0.169540 0.502885 0.163793 0.493269 0.141523 0.471154 0.137213 0.457692 0.132902 0.451923 0.132902 0.446154 0.142241 0.433654 0.149425 0.429808 0.163793 0.433654 0.177443 0.450000 0.184626 0.476923 0.184626 0.490385 0.178161 0.502885
0 0.508621 0.433654 0.489943 0.433654 0.474138 0.424038 0.466236 0.413462 0.467672 0.394231 0.477011 0.385577 0.484195 0.383654 0.491379 0.383654 0.504310 0.391346 0.516523 0.411538 0.516523 0.425000 0.508621 0.433654
0 0.899425 0.360577 0.885057 0.356731 0.862787 0.332692 0.861351 0.325000 0.864224 0.319231 0.862787 0.309615 0.864943 0.306731 0.876437 0.300962 0.895115 0.300962 0.905172 0.306731 0.911638 0.315385 0.917385 0.332692 0.915948 0.344231 0.910920 0.352885 0.899425 0.360577
0 0.379310 0.470192 0.372126 0.470192 0.364224 0.461538 0.362787 0.448077 0.365661 0.436538 0.379310 0.410577 0.390805 0.399038 0.397989 0.399038 0.403017 0.405769 0.405891 0.417308 0.404454 0.440385 0.390805 0.462500 0.379310 0.470192
0 0.804598 0.249038 0.787356 0.245192 0.775862 0.247115 0.767241 0.241346 0.760776 0.228846 0.760776 0.213462 0.763649 0.207692 0.772989 0.197115 0.793103 0.197115 0.811782 0.204808 0.821121 0.219231 0.821121 0.234615 0.814655 0.245192 0.804598 0.249038
0 0.048851 0.972115 0.035920 0.970192 0.024425 0.958654 0.019397 0.948077 0.016523 0.936538 0.016523 0.913462 0.017960 0.907692 0.028736 0.895192 0.041667 0.897115 0.051006 0.911538 0.055316 0.925000 0.058190 0.953846 0.055316 0.965385 0.048851 0.972115
0 0.403736 0.754808 0.397989 0.752885 0.391523 0.744231 0.392960 0.736538 0.396552 0.731731 0.399425 0.731731 0.408046 0.722115 0.413793 0.722115 0.426724 0.712500 0.436782 0.712500 0.440374 0.717308 0.443247 0.738462 0.435345 0.750962 0.403736 0.754808
0 0.076149 0.656731 0.057471 0.652885 0.040230 0.641346 0.022270 0.617308 0.017960 0.607692 0.017960 0.601923 0.022989 0.595192 0.033046 0.593269 0.047414 0.599038 0.063218 0.612500 0.082615 0.640385 0.082615 0.650000 0.076149 0.656731
0 0.423851 0.820192 0.408046 0.820192 0.396552 0.814423 0.385776 0.800000 0.385776 0.786538 0.395115 0.777885 0.408046 0.775962 0.433908 0.793269 0.437500 0.800000 0.437500 0.805769 0.431034 0.816346 0.423851 0.820192
0 0.656609 0.589423 0.647989 0.589423 0.640086 0.580769 0.640086 0.565385 0.652299 0.541346 0.666667 0.531731 0.673851 0.533654 0.680316 0.546154 0.678879 0.557692 0.674569 0.569231 0.660920 0.587500 0.656609 0.589423
0 0.045977 0.352885 0.033046 0.352885 0.025862 0.349038 0.012213 0.334615 0.012213 0.328846 0.017241 0.322115 0.027299 0.316346 0.033046 0.316346 0.037356 0.310577 0.043103 0.314423 0.050287 0.314423 0.056034 0.322115 0.061782 0.322115 0.066810 0.328846 0.066810 0.336538 0.058908 0.347115 0.045977 0.352885
0 0.000000 0.249038 0.005747 0.249038 0.007902 0.251923 0.000000 0.260577
0 0.590517 0.345192 0.581897 0.345192 0.579741 0.342308 0.579741 0.330769 0.572557 0.321154 0.572557 0.313462 0.581897 0.297115 0.597701 0.287500 0.602011 0.289423 0.607040 0.298077 0.607040 0.313462 0.598420 0.336538 0.590517 0.345192
0 0.155172 0.412500 0.146552 0.410577 0.140086 0.401923 0.140086 0.392308 0.134339 0.382692 0.134339 0.367308 0.140805 0.360577 0.155172 0.360577 0.170259 0.376923 0.170259 0.401923 0.155172 0.412500
0 0.446839 0.591346 0.435345 0.589423 0.431034 0.585577 0.406609 0.589423 0.397270 0.580769 0.397270 0.571154 0.400862 0.564423 0.412356 0.556731 0.433908 0.556731 0.448276 0.560577 0.456897 0.566346 0.463362 0.578846 0.458333 0.587500 0.446839 0.591346
0 0.298851 0.245192 0.285920 0.243269 0.278017 0.230769 0.279454 0.203846 0.282328 0.194231 0.291667 0.181731 0.298851 0.177885 0.304598 0.170192 0.311782 0.170192 0.317529 0.174038 0.321121 0.182692 0.321121 0.209615 0.316810 0.225000 0.298851 0.245192
0 0.752874 0.064423 0.747126 0.062500 0.742098 0.055769 0.742098 0.042308 0.747845 0.015385 0.752874 0.008654 0.760057 0.006731 0.770833 0.015385 0.772270 0.030769 0.766523 0.051923 0.760057 0.060577 0.752874 0.064423
0 0.610632 0.458654 0.596264 0.454808 0.581178 0.436538 0.578305 0.428846 0.578305 0.415385 0.583333 0.406731 0.589080 0.402885 0.597701 0.402885 0.607759 0.408654 0.615661 0.417308 0.619971 0.426923 0.619971 0.446154 0.618534 0.451923 0.610632 0.458654
0 0.998563 0.331731 0.991379 0.333654 0.971983 0.307692 0.967672 0.294231 0.969109 0.278846 0.978448 0.262500 0.988506 0.262500 0.998563 0.268269
0 0.446839 0.295192 0.438218 0.295192 0.426724 0.285577 0.420259 0.275000 0.417385 0.263462 0.417385 0.238462 0.420259 0.228846 0.428161 0.220192 0.443966 0.222115 0.456178 0.242308 0.456178 0.282692 0.446839 0.295192
0 0.675287 0.679808 0.660920 0.679808 0.643678 0.670192 0.635776 0.657692 0.635776 0.640385 0.643678 0.631731 0.655172 0.631731 0.663793 0.645192 0.678161 0.649038 0.684626 0.661538 0.680316 0.675000 0.675287 0.679808
0 0.076149 0.406731 0.051724 0.406731 0.041667 0.400962 0.030891 0.386538 0.029454 0.373077 0.037356 0.362500 0.047414 0.356731 0.064655 0.354808 0.071839 0.358654 0.085489 0.376923 0.088362 0.386538 0.085489 0.398077 0.076149 0.406731
0 0.310345 0.345192 0.301724 0.345192 0.295977 0.339423 0.290948 0.330769 0.289511 0.317308 0.296695 0.290385 0.307471 0.275962 0.316092 0.275962 0.321121 0.280769 0.323994 0.288462 0.323994 0.317308 0.321121 0.330769 0.310345 0.345192
0 0.540230 0.954808 0.528736 0.954808 0.520115 0.949038 0.509339 0.934615 0.505029 0.923077 0.505029 0.911538 0.508621 0.904808 0.524425 0.904808 0.535920 0.912500 0.545259 0.923077 0.553879 0.942308 0.553879 0.948077 0.540230 0.954808
0 0.826149 0.831731 0.813218 0.831731 0.807471 0.827885 0.803879 0.821154 0.803879 0.811538 0.806753 0.803846 0.823276 0.785577 0.841954 0.785577 0.848420 0.794231 0.848420 0.805769 0.836207 0.824038 0.826149 0.831731
0 0.214080 0.506731 0.204023 0.506731 0.195402 0.502885 0.188937 0.488462 0.188937 0.475000 0.193247 0.469231 0.199713 0.450962 0.211207 0.439423 0.218391 0.439423 0.226293 0.451923 0.227730 0.471154 0.221983 0.494231 0.214080 0.506731
0 0.812500 0.000000 0.822557 0.011538 0.822557 0.023077 0.806753 0.057692 0.803161 0.062500 0.797414 0.064423 0.788075 0.055769 0.786638 0.046154 0.788075 0.019231 0.798132 0.000000
0 0.049569 0.000000 0.061063 0.025000 0.059626 0.038462 0.051724 0.049038 0.043103 0.049038 0.032328 0.038462 0.025144 0.019231 0.023707 0.000000
0 0.719828 0.293269 0.706897 0.293269 0.683908 0.277885 0.680316 0.273077 0.678879 0.259615 0.689655 0.245192 0.693966 0.243269 0.709770 0.243269 0.729885 0.250962 0.734914 0.257692 0.737787 0.271154 0.736351 0.276923 0.727011 0.289423 0.719828 0.293269
0 0.308908 0.743269 0.294540 0.743269 0.280172 0.735577 0.276580 0.728846 0.276580 0.717308 0.288793 0.706731 0.298851 0.704808 0.323276 0.704808 0.329023 0.708654 0.332615 0.715385 0.332615 0.725000 0.323276 0.737500 0.308908 0.743269
0 0.165948 0.998077 0.163075 0.990385 0.164511 0.978846 0.170977 0.972115 0.179598 0.968269 0.192529 0.968269 0.198276 0.972115 0.207615 0.982692 0.213362 0.998077
0 0.801724 0.150962 0.791667 0.150962 0.783046 0.143269 0.778017 0.136538 0.779454 0.121154 0.788793 0.108654 0.801724 0.099038 0.813218 0.093269 0.824713 0.093269 0.829741 0.100000 0.826868 0.115385 0.819684 0.126923 0.815374 0.140385 0.801724 0.150962
0 0.519397 0.000000 0.517241 0.004808 0.510057 0.004808 0.507902 0.000000
0 0.126437 0.939423 0.112069 0.939423 0.106322 0.935577 0.101293 0.926923 0.102730 0.907692 0.119253 0.879808 0.129310 0.874038 0.142241 0.875962 0.150144 0.884615 0.150144 0.900000 0.138649 0.926923 0.126437 0.939423
0 0.081897 0.604808 0.071839 0.604808 0.058908 0.599038 0.042385 0.582692 0.038075 0.573077 0.035201 0.557692 0.039511 0.546154 0.045977 0.537500 0.057471 0.535577 0.063218 0.539423 0.067529 0.547115 0.071839 0.549038 0.088362 0.569231 0.091236 0.575000 0.091236 0.588462 0.081897 0.604808
0 0.195402 0.214423 0.182471 0.214423 0.173851 0.208654 0.164511 0.196154 0.150144 0.163462 0.150144 0.150000 0.153736 0.143269 0.160920 0.143269 0.179598 0.158654 0.198994 0.186538 0.198994 0.207692 0.195402 0.214423
0 0.349138 0.175962 0.343391 0.174038 0.335489 0.163462 0.326868 0.140385 0.326868 0.109615 0.334770 0.099038 0.343391 0.099038 0.348420 0.103846 0.357040 0.130769 0.357040 0.169231 0.349138 0.175962
0 0.357759 0.397115 0.344828 0.393269 0.339799 0.384615 0.336925 0.371154 0.338362 0.338462 0.346264 0.324038 0.354885 0.324038 0.360632 0.329808 0.367098 0.342308 0.369971 0.355769 0.367098 0.380769 0.364224 0.390385 0.357759 0.397115
0 0.320402 0.662500 0.303161 0.660577 0.288793 0.652885 0.286638 0.650000 0.286638 0.640385 0.289511 0.632692 0.297414 0.625962 0.313218 0.624038 0.318966 0.620192 0.340517 0.620192 0.354167 0.632692 0.354167 0.644231 0.346264 0.654808 0.320402 0.662500
0 0.091954 0.150962 0.080460 0.149038 0.066810 0.128846 0.065374 0.121154 0.052443 0.107692 0.053879 0.094231 0.058908 0.087500 0.077586 0.091346 0.092672 0.105769 0.096983 0.115385 0.098420 0.126923 0.096983 0.146154 0.091954 0.150962
0 0.972701 0.124038 0.964080 0.120192 0.954741 0.103846 0.945402 0.097115 0.938937 0.086538 0.938937 0.069231 0.941810 0.061538 0.946839 0.056731 0.951149 0.056731 0.958333 0.047115 0.965517 0.047115 0.976293 0.059615 0.983477 0.082692 0.982040 0.111538 0.972701 0.124038
0 0.905891 0.000000 0.915948 0.007692 0.920259 0.021154 0.918822 0.030769 0.910920 0.047115 0.902299 0.047115 0.899425 0.043269 0.895115 0.043269 0.888649 0.030769 0.888649 0.009615 0.895833 0.000000
0 0.856322 0.433654 0.847701 0.433654 0.840517 0.427885 0.832615 0.417308 0.832615 0.405769 0.848420 0.367308 0.857759 0.356731 0.864943 0.354808 0.875718 0.365385 0.877155 0.375000 0.869971 0.403846 0.869971 0.421154 0.856322 0.433654
0 0.685345 0.189423 0.670977 0.189423 0.663075 0.182692 0.660201 0.169231 0.664511 0.153846 0.670977 0.143269 0.691092 0.125962 0.706897 0.124038 0.714080 0.127885 0.719109 0.138462 0.719109 0.151923 0.716236 0.161538 0.704023 0.175962 0.685345 0.189423
0 0.931034 0.895192 0.913793 0.893269 0.895115 0.881731 0.884339 0.869231 0.882902 0.853846 0.892241 0.843269 0.906609 0.843269 0.919540 0.850962 0.934626 0.871154 0.936063 0.888462 0.931034 0.895192
0 0.821839 0.704808 0.807471 0.704808 0.798132 0.688462 0.796695 0.675000 0.806034 0.652885 0.808908 0.652885 0.830460 0.633654 0.839080 0.633654 0.849856 0.648077 0.848420 0.657692 0.851293 0.661538 0.851293 0.667308 0.821839 0.704808
0 0.017241 0.316346 0.007184 0.314423 0.000718 0.305769 0.000718 0.301923 0.007902 0.269231 0.020115 0.260577 0.026580 0.267308 0.032328 0.280769 0.032328 0.300000 0.024425 0.300962 0.017241 0.316346
0 0.406609 0.108654 0.385057 0.104808 0.374282 0.094231 0.374282 0.075000 0.377155 0.067308 0.389368 0.054808 0.405172 0.052885 0.414511 0.065385 0.415948 0.088462 0.411638 0.101923 0.406609 0.108654
0 0.912356 0.429808 0.896552 0.427885 0.878592 0.403846 0.878592 0.382692 0.885057 0.370192 0.899425 0.368269 0.911638 0.380769 0.921695 0.409615 0.920259 0.421154 0.912356 0.429808
0 0.472701 0.529808 0.465517 0.529808 0.441092 0.516346 0.434626 0.507692 0.436063 0.494231 0.441092 0.489423 0.449713 0.487500 0.474138 0.491346 0.486351 0.505769 0.487787 0.517308 0.484195 0.524038 0.472701 0.529808
