0 0.132812 0.880859 0.113281 0.880859 0.091797 0.863281 0.091797 0.828125 0.113281 0.794922 0.144531 0.791016 0.169922 0.816406 0.173828 0.843750 0.152344 0.876953 0.132812 0.880859
0 0.812500 0.470703 0.804688 0.470703 0.783203 0.445312 0.789062 0.435547 0.800781 0.435547 0.818359 0.453125 0.812500 0.470703
0 0.914062 0.974609 0.902344 0.974609 0.892578 0.964844 0.892578 0.941406 0.902344 0.923828 0.925781 0.923828 0.931641 0.933594 0.931641 0.949219 0.914062 0.974609
0 0.781250 0.763672 0.765625 0.763672 0.751953 0.753906 0.751953 0.726562 0.765625 0.712891 0.787109 0.730469 0.791016 0.742188 0.791016 0.753906 0.781250 0.763672
0 0.238281 0.103516 0.208984 0.089844 0.208984 0.058594 0.226562 0.041016 0.242188 0.041016 0.259766 0.058594 0.259766 0.074219 0.238281 0.103516
0 0.625000 0.380859 0.603516 0.375000 0.603516 0.351562 0.613281 0.341797 0.621094 0.341797 0.634766 0.355469 0.625000 0.380859
0 0.804688 0.494141 0.777344 0.490234 0.771484 0.484375 0.771484 0.468750 0.792969 0.458984 0.808594 0.470703 0.810547 0.488281 0.804688 0.494141
0 0.265625 0.064453 0.244141 0.042969 0.250000 0.033203 0.265625 0.037109 0.271484 0.046875 0.265625 0.064453
0 0.312500 0.419922 0.265625 0.419922 0.244141 0.402344 0.244141 0.375000 0.273438 0.361328 0.263672 0.375000 0.263672 0.402344 0.277344 0.412109 0.316406 0.404297 0.322266 0.394531 0.322266 0.367188 0.310547 0.359375 0.316406 0.353516 0.333984 0.378906 0.333984 0.398438 0.312500 0.419922
0 0.820312 0.755859 0.792969 0.751953 0.787109 0.738281 0.787109 0.691406 0.791016 0.679688 0.808594 0.666016 0.832031 0.669922 0.845703 0.691406 0.845703 0.722656 0.833984 0.746094 0.820312 0.755859
0 0.437500 0.443359 0.402344 0.439453 0.384766 0.421875 0.394531 0.392578 0.425781 0.388672 0.443359 0.406250 0.447266 0.429688 0.437500 0.443359
0 0.644531 0.611328 0.621094 0.603516 0.603516 0.589844 0.607422 0.554688 0.628906 0.537109 0.660156 0.537109 0.673828 0.546875 0.685547 0.570312 0.685547 0.589844 0.675781 0.599609 0.644531 0.611328
0 0.867188 0.884766 0.861328 0.859375 0.871094 0.849609 0.898438 0.853516 0.904297 0.859375 0.904297 0.875000 0.898438 0.880859 0.867188 0.884766
0 0.996094 0.619141 0.992188 0.630859 0.970703 0.621094 0.980469 0.599609 0.996094 0.599609
0 0.621094 0.779297 0.609375 0.779297 0.591797 0.765625 0.591797 0.742188 0.613281 0.720703 0.630859 0.726562 0.626953 0.773438 0.621094 0.779297
0 0.890625 0.810547 0.863281 0.802734 0.853516 0.785156 0.857422 0.757812 0.871094 0.748047 0.898438 0.748047 0.904297 0.761719 0.923828 0.777344 0.919922 0.789062 0.890625 0.810547
0 0.812500 0.287109 0.789062 0.287109 0.775391 0.273438 0.775391 0.261719 0.789062 0.251953 0.808594 0.255859 0.818359 0.273438 0.812500 0.287109
0 0.875000 0.388672 0.855469 0.388672 0.841797 0.375000 0.837891 0.359375 0.843750 0.357422 0.859375 0.373047 0.867188 0.373047 0.871094 0.357422 0.880859 0.371094 0.875000 0.388672
0 0.300781 0.138672 0.292969 0.138672 0.283203 0.125000 0.279297 0.101562 0.285156 0.091797 0.302734 0.097656 0.306641 0.132812 0.300781 0.138672
0 0.234375 0.134766 0.208984 0.128906 0.207031 0.091797 0.230469 0.099609 0.240234 0.109375 0.244141 0.128906 0.234375 0.134766
0 0.429688 0.173828 0.417969 0.173828 0.396484 0.152344 0.396484 0.128906 0.404297 0.113281 0.421875 0.103516 0.437500 0.103516 0.451172 0.121094 0.447266 0.160156 0.429688 0.173828
0 0.000000 0.345703 0.021484 0.371094 0.009766 0.394531 0.000000 0.400391
0 0.851562 0.978516 0.837891 0.972656 0.833984 0.945312 0.855469 0.916016 0.875000 0.912109 0.892578 0.925781 0.892578 0.941406 0.867188 0.974609 0.851562 0.978516
0 0.281250 0.798828 0.253906 0.794922 0.236328 0.765625 0.236328 0.742188 0.246094 0.728516 0.269531 0.732422 0.294922 0.753906 0.298828 0.773438 0.291016 0.792969 0.281250 0.798828
0 0.066406 0.478516 0.050781 0.478516 0.041016 0.468750 0.044922 0.449219 0.058594 0.435547 0.085938 0.431641 0.107422 0.441406 0.101562 0.466797 0.085938 0.466797 0.066406 0.478516
0 0.679688 0.423828 0.664062 0.423828 0.654297 0.410156 0.654297 0.386719 0.671875 0.373047 0.687500 0.373047 0.708984 0.386719 0.701172 0.414062 0.679688 0.423828
0 0.996094 0.755859 0.982422 0.742188 0.986328 0.718750 0.996094 0.712891
0 0.785156 0.466797 0.769531 0.466797 0.763672 0.460938 0.769531 0.443359 0.781250 0.443359 0.791016 0.453125 0.785156 0.466797
0 0.046875 0.869141 0.013672 0.859375 0.009766 0.820312 0.019531 0.806641 0.039062 0.806641 0.060547 0.832031 0.060547 0.855469 0.046875 0.869141
0 0.445312 0.607422 0.423828 0.597656 0.412109 0.574219 0.412109 0.550781 0.421875 0.525391 0.468750 0.521484 0.486328 0.539062 0.490234 0.574219 0.476562 0.595703 0.445312 0.607422
0 0.585938 0.900391 0.566406 0.900391 0.552734 0.886719 0.544922 0.871094 0.550781 0.849609 0.570312 0.845703 0.576172 0.851562 0.576172 0.867188 0.599609 0.875000 0.585938 0.900391
0 0.789062 0.310547 0.765625 0.310547 0.759766 0.304688 0.759766 0.281250 0.765625 0.275391 0.777344 0.275391 0.789062 0.287109 0.806641 0.292969 0.806641 0.300781 0.789062 0.310547
0 0.832031 0.876953 0.814453 0.875000 0.820312 0.849609 0.837891 0.855469 0.837891 0.871094 0.832031 0.876953
0 0.179688 0.306641 0.140625 0.306641 0.121094 0.294922 0.111328 0.277344 0.119141 0.230469 0.144531 0.212891 0.167969 0.212891 0.197266 0.242188 0.193359 0.285156 0.179688 0.306641
0 0.671875 0.279297 0.642578 0.273438 0.642578 0.238281 0.648438 0.232422 0.679688 0.232422 0.689453 0.242188 0.689453 0.265625 0.671875 0.279297
0 0.085938 0.134766 0.054688 0.130859 0.041016 0.113281 0.041016 0.097656 0.066406 0.072266 0.089844 0.072266 0.107422 0.097656 0.103516 0.121094 0.085938 0.134766
0 0.554688 0.986328 0.535156 0.986328 0.525391 0.976562 0.521484 0.960938 0.535156 0.951172 0.566406 0.955078 0.576172 0.972656 0.554688 0.986328
0 0.410156 0.455078 0.386719 0.447266 0.384766 0.441406 0.390625 0.435547 0.410156 0.439453 0.410156 0.455078
0 0.302734 0.000000 0.296875 0.009766 0.265625 0.017578 0.259766 0.003906 0.267578 0.000000
0 0.867188 0.373047 0.859375 0.373047 0.843750 0.357422 0.833984 0.359375 0.830078 0.335938 0.847656 0.318359 0.863281 0.322266 0.876953 0.343750 0.867188 0.373047
0 0.628906 0.923828 0.601562 0.923828 0.591797 0.910156 0.591797 0.898438 0.617188 0.873047 0.640625 0.873047 0.650391 0.882812 0.650391 0.906250 0.628906 0.923828
0 0.332031 0.134766 0.328125 0.126953 0.312500 0.134766 0.302734 0.117188 0.302734 0.097656 0.316406 0.083984 0.324219 0.083984 0.333984 0.101562 0.332031 0.134766
0 0.660156 0.791016 0.632812 0.787109 0.626953 0.777344 0.626953 0.730469 0.644531 0.720703 0.673828 0.742188 0.673828 0.773438 0.660156 0.791016
0 0.417969 0.533203 0.412109 0.531250 0.417969 0.513672 0.439453 0.519531 0.421875 0.525391 0.417969 0.533203
0 0.699219 0.716797 0.683594 0.716797 0.669922 0.707031 0.669922 0.691406 0.687500 0.677734 0.712891 0.691406 0.699219 0.716797
0 0.285156 0.478516 0.257812 0.478516 0.236328 0.457031 0.236328 0.425781 0.242188 0.419922 0.316406 0.419922 0.322266 0.425781 0.318359 0.453125 0.296875 0.474609 0.285156 0.478516
0 0.250000 0.111328 0.236328 0.105469 0.255859 0.082031 0.261719 0.064453 0.267578 0.085938 0.250000 0.111328
0 0.996094 0.587891 0.978516 0.578125 0.984375 0.564453 0.996094 0.564453
0 0.769531 0.986328 0.753906 0.986328 0.740234 0.972656 0.740234 0.953125 0.750000 0.939453 0.783203 0.953125 0.779297 0.980469 0.769531 0.986328
0 0.289062 0.412109 0.277344 0.412109 0.263672 0.402344 0.263672 0.375000 0.285156 0.353516 0.308594 0.353516 0.322266 0.367188 0.322266 0.394531 0.316406 0.404297 0.300781 0.404297 0.289062 0.412109
0 0.074219 0.060547 0.054688 0.060547 0.033203 0.046875 0.037109 0.027344 0.050781 0.013672 0.070312 0.009766 0.087891 0.023438 0.087891 0.042969 0.074219 0.060547
0 0.082031 0.365234 0.050781 0.357422 0.037109 0.339844 0.037109 0.328125 0.054688 0.314453 0.074219 0.314453 0.091797 0.332031 0.091797 0.347656 0.082031 0.365234
0 0.902344 0.720703 0.894531 0.720703 0.873047 0.691406 0.876953 0.671875 0.886719 0.666016 0.898438 0.669922 0.908203 0.683594 0.908203 0.714844 0.902344 0.720703
0 0.699219 0.431641 0.687500 0.431641 0.685547 0.421875 0.707031 0.408203 0.708984 0.421875 0.699219 0.431641
0 0.546875 0.318359 0.519531 0.318359 0.505859 0.300781 0.501953 0.281250 0.519531 0.251953 0.542969 0.240234 0.562500 0.240234 0.583984 0.265625 0.583984 0.292969 0.546875 0.318359
0 0.714844 0.990234 0.695312 0.990234 0.689453 0.984375 0.689453 0.964844 0.699219 0.951172 0.710938 0.951172 0.724609 0.968750 0.724609 0.984375 0.714844 0.990234
