0 0.258621 0.462500 0.231322 0.460577 0.224856 0.450000 0.224856 0.442308 0.232759 0.429808 0.244253 0.425962 0.250000 0.427885 0.255747 0.431731 0.263649 0.444231 0.263649 0.457692 0.258621 0.462500
0 0.202586 0.229808 0.191092 0.224038 0.184626 0.213462 0.180316 0.200000 0.181753 0.180769 0.191092 0.166346 0.205460 0.172115 0.209052 0.178846 0.206178 0.186538 0.207615 0.200000 0.211925 0.201923 0.211925 0.221154 0.202586 0.229808
0 0.024425 0.243269 0.014368 0.243269 0.008621 0.239423 0.002155 0.228846 0.002155 0.219231 0.006466 0.209615 0.014368 0.202885 0.018678 0.195192 0.031609 0.195192 0.035201 0.201923 0.036638 0.221154 0.033764 0.232692 0.024425 0.243269
0 0.958333 0.816346 0.951149 0.816346 0.945402 0.810577 0.940374 0.796154 0.946839 0.791346 0.954023 0.779808 0.957615 0.778846 0.954741 0.776923 0.955460 0.774038 0.975575 0.768269 0.979885 0.770192 0.986351 0.780769 0.984914 0.794231 0.972701 0.810577 0.958333 0.816346
0 0.527299 0.279808 0.512931 0.279808 0.505747 0.274038 0.500718 0.263462 0.500718 0.251923 0.506466 0.236538 0.510057 0.235577 0.512931 0.229808 0.527299 0.229808 0.532328 0.236538 0.532328 0.255769 0.529454 0.257692 0.530891 0.271154 0.527299 0.279808
0 0.000000 0.164423 0.021552 0.162500 0.028017 0.167308 0.029454 0.173077 0.029454 0.180769 0.024425 0.187500 0.008621 0.200962 0.000000 0.202885
0 0.091954 0.977885 0.089799 0.965385 0.082615 0.955769 0.082615 0.940385 0.089799 0.923077 0.096264 0.914423 0.104885 0.912500 0.111351 0.923077 0.112787 0.938462 0.115661 0.942308 0.106322 0.945192 0.099138 0.956731 0.094109 0.955769 0.091954 0.977885
0 0.308908 0.062500 0.303161 0.062500 0.293103 0.052885 0.288075 0.038462 0.285201 0.019231 0.291667 0.006731 0.300287 0.006731 0.311063 0.021154 0.309626 0.028846 0.314655 0.029808 0.316810 0.034615 0.315374 0.042308 0.312500 0.044231 0.312500 0.055769 0.308908 0.062500
0 0.428161 0.199038 0.418103 0.197115 0.408764 0.182692 0.404454 0.169231 0.405891 0.146154 0.413793 0.139423 0.419540 0.139423 0.428879 0.146154 0.428879 0.150000 0.426006 0.151923 0.428879 0.153846 0.424569 0.157692 0.424569 0.167308 0.428161 0.172115 0.436782 0.172115 0.438937 0.175000 0.437500 0.194231 0.428161 0.199038
0 0.481322 0.374038 0.478448 0.374038 0.474138 0.364423 0.462644 0.360577 0.456178 0.351923 0.456178 0.344231 0.459770 0.337500 0.468391 0.331731 0.488506 0.329808 0.492816 0.331731 0.503592 0.346154 0.507902 0.357692 0.505747 0.368269 0.488506 0.368269 0.482759 0.370192 0.481322 0.374038
0 0.806034 0.529808 0.800287 0.527885 0.795259 0.519231 0.795259 0.501923 0.807471 0.477885 0.818966 0.472115 0.823276 0.474038 0.826868 0.484615 0.823994 0.488462 0.825431 0.498077 0.821121 0.505769 0.825431 0.505769 0.825431 0.513462 0.806034 0.529808
0 0.508621 0.716346 0.489943 0.716346 0.485632 0.714423 0.481322 0.706731 0.478448 0.706731 0.467672 0.688462 0.467672 0.671154 0.477011 0.662500 0.485632 0.662500 0.497126 0.668269 0.501437 0.677885 0.505029 0.678846 0.510776 0.692308 0.510776 0.709615 0.508621 0.716346
0 0.936782 0.416346 0.928161 0.416346 0.919540 0.410577 0.915948 0.401923 0.915948 0.394231 0.920259 0.378846 0.926724 0.370192 0.932471 0.366346 0.943966 0.366346 0.951868 0.375000 0.951868 0.386538 0.947557 0.403846 0.942529 0.412500 0.936782 0.416346
0 0.693966 0.297115 0.673851 0.297115 0.663793 0.289423 0.659483 0.289423 0.658764 0.273077 0.654454 0.265385 0.660920 0.258654 0.676724 0.258654 0.695402 0.266346 0.701868 0.278846 0.701868 0.290385 0.693966 0.297115
0 0.682471 0.983654 0.675287 0.981731 0.670259 0.973077 0.671695 0.955769 0.676006 0.944231 0.688218 0.929808 0.701149 0.924038 0.704741 0.928846 0.706178 0.936538 0.700431 0.957692 0.691810 0.973077 0.682471 0.983654
0 0.721264 0.725962 0.712644 0.725962 0.703305 0.711538 0.703305 0.707692 0.706178 0.705769 0.706178 0.688462 0.711925 0.676923 0.711925 0.671154 0.716954 0.664423 0.728448 0.654808 0.735632 0.654808 0.740661 0.659615 0.743534 0.669231 0.732040 0.696154 0.729167 0.713462 0.721264 0.725962
0 0.188218 0.075962 0.182471 0.075962 0.181753 0.071154 0.173132 0.063462 0.165948 0.038462 0.167385 0.026923 0.170259 0.023077 0.168822 0.021154 0.176724 0.012500 0.186782 0.016346 0.191810 0.025000 0.188937 0.028846 0.193247 0.038462 0.191810 0.040385 0.196121 0.061538 0.188218 0.075962
0 0.377874 0.916346 0.359195 0.910577 0.352730 0.900000 0.359195 0.883654 0.367816 0.879808 0.377874 0.870192 0.386494 0.870192 0.394397 0.882692 0.395833 0.892308 0.392960 0.894231 0.395833 0.896154 0.395833 0.900000 0.392960 0.901923 0.387931 0.914423 0.377874 0.916346
0 0.100575 0.322115 0.092672 0.313462 0.094109 0.309615 0.090517 0.300962 0.088362 0.301923 0.089080 0.308654 0.078305 0.309615 0.082615 0.305769 0.084052 0.290385 0.097701 0.281731 0.116379 0.283654 0.124282 0.292308 0.125718 0.305769 0.116379 0.318269 0.103448 0.318269 0.100575 0.322115
0 0.628592 0.998077 0.628592 0.986538 0.632902 0.980769 0.637213 0.967308 0.642241 0.966346 0.650862 0.958654 0.659483 0.962500 0.663075 0.969231 0.664511 0.990385 0.661638 0.998077
0 0.642241 0.743269 0.633621 0.741346 0.618534 0.725000 0.617098 0.715385 0.623563 0.704808 0.643678 0.702885 0.649425 0.706731 0.655891 0.715385 0.655891 0.719231 0.658046 0.718269 0.663075 0.726923 0.658046 0.739423 0.642241 0.743269
0 0.104885 0.987500 0.094828 0.987500 0.091236 0.982692 0.094109 0.955769 0.099138 0.956731 0.109195 0.943269 0.122126 0.943269 0.127155 0.948077 0.127155 0.961538 0.119253 0.966346 0.113506 0.977885 0.109195 0.977885 0.104885 0.987500
0 0.820402 0.877885 0.810345 0.877885 0.806753 0.873077 0.806753 0.855769 0.809626 0.853846 0.809626 0.848077 0.817529 0.839423 0.831897 0.837500 0.836925 0.842308 0.836925 0.857692 0.834052 0.859615 0.831897 0.868269 0.820402 0.877885
0 0.446839 0.125962 0.432471 0.125962 0.426006 0.119231 0.426006 0.111538 0.428879 0.103846 0.436782 0.095192 0.443966 0.089423 0.455460 0.087500 0.461925 0.096154 0.461925 0.113462 0.455460 0.122115 0.446839 0.125962
0 0.856322 0.502885 0.847701 0.502885 0.845546 0.500000 0.844109 0.473077 0.845546 0.463462 0.853448 0.450962 0.863506 0.449038 0.867098 0.455769 0.865661 0.490385 0.856322 0.502885
0 0.557471 0.679808 0.545977 0.677885 0.533764 0.663462 0.532328 0.648077 0.535920 0.641346 0.548851 0.637500 0.560345 0.647115 0.564655 0.647115 0.572557 0.655769 0.572557 0.669231 0.566092 0.675962 0.557471 0.679808
0 0.339080 0.141346 0.331178 0.138462 0.329741 0.130769 0.331897 0.125962 0.337644 0.124038 0.339080 0.120192 0.349138 0.120192 0.354885 0.116346 0.359195 0.116346 0.362787 0.121154 0.362787 0.128846 0.359195 0.133654 0.339080 0.141346
0 0.271552 0.985577 0.262931 0.985577 0.255747 0.981731 0.240661 0.961538 0.237787 0.950000 0.239224 0.938462 0.242816 0.931731 0.250000 0.929808 0.260776 0.942308 0.262213 0.950000 0.270833 0.961538 0.273707 0.971154 0.273707 0.982692 0.271552 0.985577
0 0.988506 0.083654 0.979885 0.083654 0.966236 0.069231 0.961925 0.055769 0.961925 0.040385 0.966954 0.031731 0.977011 0.029808 0.993534 0.042308 0.996408 0.065385 0.993534 0.076923 0.988506 0.083654
0 0.887931 0.747115 0.880029 0.744231 0.864943 0.708654 0.862069 0.714423 0.859914 0.711538 0.869253 0.695192 0.889368 0.695192 0.896552 0.704808 0.903736 0.708654 0.908764 0.719231 0.908764 0.728846 0.901580 0.738462 0.901580 0.742308 0.887931 0.747115
0 0.680316 0.998077 0.686782 0.993269 0.693966 0.993269 0.697557 0.998077
0 0.387931 0.302885 0.379310 0.299038 0.374282 0.288462 0.375718 0.286538 0.371408 0.284615 0.371408 0.280769 0.375718 0.278846 0.372845 0.261538 0.374282 0.255769 0.380747 0.250962 0.386494 0.250962 0.392241 0.256731 0.397270 0.263462 0.401580 0.278846 0.398707 0.290385 0.387931 0.302885
0 0.653736 0.275962 0.637931 0.274038 0.629310 0.270192 0.624282 0.263462 0.621408 0.248077 0.624282 0.238462 0.630747 0.229808 0.637931 0.225962 0.649425 0.229808 0.661638 0.242308 0.665948 0.257692 0.663793 0.260577 0.660920 0.258654 0.654454 0.265385 0.658764 0.273077 0.653736 0.275962
0 0.900862 0.150962 0.885057 0.147115 0.872845 0.132692 0.867098 0.117308 0.867098 0.107692 0.869971 0.100000 0.880747 0.089423 0.890805 0.089423 0.903736 0.095192 0.908046 0.095192 0.909483 0.091346 0.913075 0.111538 0.921695 0.119231 0.918822 0.123077 0.915948 0.138462 0.909483 0.147115 0.900862 0.150962
0 0.998563 0.616346 0.987787 0.603846 0.980603 0.584615 0.979167 0.555769 0.985632 0.549038 0.994253 0.549038 0.998563 0.556731
0 0.033046 0.758654 0.018678 0.758654 0.008621 0.750962 0.003592 0.744231 0.002155 0.734615 0.003592 0.726923 0.007184 0.724038 0.010057 0.725962 0.012931 0.733654 0.018678 0.724038 0.027299 0.729808 0.029454 0.728846 0.028736 0.724038 0.031609 0.725962 0.040948 0.740385 0.040948 0.750000 0.037356 0.756731 0.033046 0.758654
0 0.090517 0.435577 0.084770 0.435577 0.072557 0.413462 0.075431 0.390385 0.079023 0.387500 0.096264 0.387500 0.101293 0.394231 0.101293 0.423077 0.090517 0.435577
0 0.057471 0.258654 0.050287 0.258654 0.048132 0.250000 0.067529 0.229808 0.069684 0.223077 0.073276 0.222115 0.074713 0.218269 0.081897 0.222115 0.086925 0.232692 0.081178 0.246154 0.057471 0.258654
0 0.408046 0.674038 0.405172 0.674038 0.400862 0.666346 0.394397 0.661538 0.392960 0.644231 0.395833 0.640385 0.395115 0.631731 0.397989 0.633654 0.399425 0.629808 0.402299 0.629808 0.412356 0.633654 0.423851 0.641346 0.427443 0.648077 0.424569 0.665385 0.408046 0.674038
0 0.035920 0.850962 0.021552 0.845192 0.017960 0.838462 0.017960 0.826923 0.027299 0.810577 0.038793 0.804808 0.045259 0.807692 0.045259 0.832692 0.042385 0.842308 0.035920 0.850962
0 0.679598 0.231731 0.662356 0.227885 0.653017 0.219231 0.653017 0.201923 0.655891 0.192308 0.660920 0.185577 0.669540 0.185577 0.675287 0.189423 0.686063 0.203846 0.688937 0.211538 0.688937 0.223077 0.679598 0.231731
0 0.461207 0.922115 0.446839 0.922115 0.442529 0.916346 0.436782 0.914423 0.433190 0.909615 0.431753 0.901923 0.436063 0.896154 0.433190 0.894231 0.433190 0.886538 0.436782 0.883654 0.468391 0.885577 0.476293 0.898077 0.476293 0.909615 0.471264 0.916346 0.461207 0.922115
0 0.695402 0.395192 0.691092 0.395192 0.684626 0.388462 0.684626 0.369231 0.687500 0.367308 0.695402 0.347115 0.708333 0.345192 0.714799 0.355769 0.713362 0.371154 0.706897 0.381731 0.699713 0.385577 0.695402 0.395192
0 0.139368 0.204808 0.126437 0.200962 0.122845 0.196154 0.121408 0.178846 0.126437 0.170192 0.137931 0.168269 0.147270 0.176923 0.147270 0.194231 0.139368 0.204808
0 0.000000 0.412500 0.015805 0.406731 0.034483 0.406731 0.038075 0.411538 0.040948 0.426923 0.037356 0.427885 0.035920 0.424038 0.027299 0.431731 0.022989 0.431731 0.018678 0.437500 0.007184 0.437500 0.000000 0.433654
0 0.790230 0.874038 0.782328 0.873077 0.780891 0.853846 0.801724 0.822115 0.806034 0.818269 0.814655 0.818269 0.816810 0.821154 0.816810 0.834615 0.813937 0.842308 0.790230 0.874038
0 0.518678 0.600962 0.510057 0.599038 0.503592 0.592308 0.502155 0.569231 0.505747 0.564423 0.520115 0.564423 0.528017 0.575000 0.528017 0.588462 0.518678 0.600962
0 0.117816 0.641346 0.107759 0.641346 0.101293 0.626923 0.102730 0.598077 0.107759 0.591346 0.113506 0.589423 0.120690 0.589423 0.125718 0.603846 0.125718 0.628846 0.117816 0.641346
0 0.433908 0.172115 0.426724 0.170192 0.424569 0.165385 0.428161 0.154808 0.441092 0.143269 0.452586 0.141346 0.457615 0.148077 0.457615 0.151923 0.451149 0.160577 0.433908 0.172115
0 0.119253 0.585577 0.110632 0.585577 0.107040 0.582692 0.105603 0.559615 0.110632 0.549038 0.117816 0.545192 0.127874 0.545192 0.131466 0.550000 0.132902 0.563462 0.127155 0.580769 0.119253 0.585577
0 0.764368 0.356731 0.757184 0.354808 0.744971 0.344231 0.742098 0.332692 0.747126 0.324038 0.781609 0.322115 0.792385 0.328846 0.793822 0.342308 0.787356 0.350962 0.764368 0.356731
0 0.317529 0.033654 0.309626 0.028846 0.311063 0.021154 0.301006 0.009615 0.300287 0.004808 0.307471 0.004808 0.313218 0.008654 0.322557 0.021154 0.322557 0.028846 0.317529 0.033654
0 0.714080 0.560577 0.706897 0.560577 0.701149 0.556731 0.693247 0.548077 0.690374 0.540385 0.691810 0.517308 0.699713 0.508654 0.709770 0.508654 0.714080 0.512500 0.732040 0.542308 0.732040 0.551923 0.729885 0.554808 0.714080 0.560577
0 0.390805 0.966346 0.380747 0.964423 0.364224 0.946154 0.362787 0.923077 0.364943 0.920192 0.389368 0.918269 0.395115 0.927885 0.398707 0.928846 0.404454 0.944231 0.404454 0.953846 0.397989 0.964423 0.390805 0.966346
0 0.998563 0.374038 0.991379 0.374038 0.987787 0.365385 0.987787 0.348077 0.998563 0.327885
0 0.146552 0.468269 0.142241 0.468269 0.132902 0.461538 0.128592 0.453846 0.128592 0.436538 0.142241 0.424038 0.166667 0.424038 0.170259 0.432692 0.167385 0.444231 0.146552 0.468269
0 0.527299 0.043269 0.504310 0.041346 0.500718 0.034615 0.500718 0.025000 0.507184 0.022115 0.528736 0.024038 0.533764 0.036538 0.527299 0.043269
0 0.201149 0.960577 0.195402 0.960577 0.190374 0.953846 0.188937 0.932692 0.201149 0.906731 0.206897 0.900962 0.214080 0.900962 0.217672 0.905769 0.220546 0.932692 0.216236 0.946154 0.208333 0.956731 0.201149 0.960577
0 0.397989 0.212500 0.386494 0.212500 0.372845 0.201923 0.369971 0.194231 0.369971 0.171154 0.375000 0.164423 0.393678 0.164423 0.408764 0.184615 0.408764 0.200000 0.405891 0.207692 0.397989 0.212500
0 0.554598 0.162500 0.548851 0.162500 0.536638 0.153846 0.535201 0.136538 0.544540 0.124038 0.566092 0.125962 0.571839 0.129808 0.579741 0.142308 0.579023 0.149038 0.577586 0.145192 0.576149 0.150962 0.564655 0.156731 0.557471 0.156731 0.554598 0.162500
0 0.278736 0.931731 0.267241 0.931731 0.260776 0.923077 0.259339 0.911538 0.252155 0.896154 0.252155 0.875000 0.258621 0.868269 0.264368 0.870192 0.272270 0.878846 0.275144 0.894231 0.288075 0.915385 0.278736 0.931731
0 0.793103 0.606731 0.784483 0.606731 0.772270 0.598077 0.770833 0.580769 0.777299 0.570192 0.784483 0.568269 0.794540 0.572115 0.799569 0.582692 0.808190 0.592308 0.804598 0.593269 0.798851 0.604808 0.793103 0.606731
0 0.587644 0.295192 0.578305 0.294231 0.581897 0.279808 0.588362 0.284615 0.587644 0.295192
0 0.297414 0.110577 0.288793 0.110577 0.282328 0.105769 0.278017 0.096154 0.278017 0.078846 0.280172 0.074038 0.287356 0.074038 0.292385 0.086538 0.295259 0.088462 0.299569 0.100000 0.299569 0.107692 0.297414 0.110577
0 0.576149 0.481731 0.550287 0.479808 0.540948 0.473077 0.539511 0.463462 0.548851 0.450962 0.563218 0.454808 0.578305 0.471154 0.578305 0.478846 0.576149 0.481731
0 0.295977 0.293269 0.288793 0.291346 0.280891 0.280769 0.272270 0.255769 0.272270 0.236538 0.280172 0.225962 0.290230 0.227885 0.303879 0.253846 0.305316 0.280769 0.295977 0.293269
0 0.998563 0.199038 0.996408 0.190385 0.998563 0.170192
0 0.909483 0.327885 0.906609 0.322115 0.897989 0.320192 0.894397 0.315385 0.892960 0.303846 0.905172 0.283654 0.916667 0.281731 0.921695 0.286538 0.931034 0.304808 0.936063 0.305769 0.922414 0.308654 0.908046 0.318269 0.910201 0.321154 0.909483 0.327885
0 0.492816 0.770192 0.479885 0.770192 0.461207 0.758654 0.457615 0.751923 0.457615 0.740385 0.466954 0.729808 0.489943 0.729808 0.496408 0.736538 0.500718 0.748077 0.492816 0.770192
0 0.505747 0.087500 0.502155 0.084615 0.503592 0.075000 0.511494 0.068269 0.517241 0.068269 0.509339 0.075000 0.505747 0.087500
0 0.629310 0.614423 0.627874 0.610577 0.607759 0.608654 0.599856 0.598077 0.598420 0.590385 0.609195 0.572115 0.626437 0.579808 0.634339 0.590385 0.635776 0.596154 0.629310 0.614423
0 0.487069 0.645192 0.485632 0.641346 0.469828 0.639423 0.451149 0.627885 0.445402 0.624038 0.438218 0.612500 0.425287 0.643269 0.408046 0.631731 0.395115 0.631731 0.392960 0.628846 0.392960 0.613462 0.397270 0.600000 0.406609 0.591346 0.412356 0.591346 0.418103 0.597115 0.423851 0.593269 0.431034 0.599038 0.438218 0.610577 0.441092 0.604808 0.451149 0.604808 0.462644 0.610577 0.466954 0.618269 0.474138 0.618269 0.487787 0.634615 0.487069 0.645192
0 0.045977 0.593269 0.040230 0.593269 0.036638 0.588462 0.036638 0.575000 0.030891 0.571154 0.034483 0.566346 0.037356 0.568269 0.045259 0.557692 0.043103 0.554808 0.048851 0.554808 0.053161 0.549038 0.081897 0.549038 0.085489 0.553846 0.085489 0.573077 0.083333 0.575962 0.058908 0.591346 0.045977 0.593269
0 0.297414 0.608654 0.284483 0.606731 0.277299 0.600962 0.272270 0.592308 0.273707 0.584615 0.278736 0.577885 0.288793 0.574038 0.307471 0.581731 0.312500 0.600000 0.304598 0.606731 0.297414 0.608654
0 0.147989 0.233654 0.137931 0.233654 0.130029 0.223077 0.130029 0.213462 0.142960 0.201923 0.144397 0.196154 0.147270 0.194231 0.145833 0.188462 0.150862 0.177885 0.160920 0.175962 0.164511 0.180769 0.164511 0.190385 0.161638 0.198077 0.160201 0.225000 0.156609 0.229808 0.147989 0.233654
0 0.281609 0.558654 0.270115 0.558654 0.259339 0.551923 0.259339 0.534615 0.267241 0.524038 0.289511 0.526923 0.290948 0.536538 0.286638 0.542308 0.286638 0.553846 0.281609 0.558654
0 0.209770 0.077885 0.200431 0.075000 0.194684 0.057692 0.193247 0.038462 0.188937 0.026923 0.196839 0.016346 0.204023 0.016346 0.217672 0.042308 0.220546 0.065385 0.215517 0.074038 0.209770 0.077885
0 0.646552 0.429808 0.632184 0.427885 0.629310 0.422115 0.625718 0.421154 0.625718 0.415385 0.617098 0.405769 0.617098 0.386538 0.622126 0.377885 0.635057 0.381731 0.642241 0.387500 0.653017 0.405769 0.654454 0.421154 0.646552 0.429808
0 0.127874 0.447115 0.126437 0.441346 0.117816 0.441346 0.107040 0.432692 0.108477 0.407692 0.113506 0.397115 0.126437 0.395192 0.132902 0.403846 0.132902 0.423077 0.130029 0.428846 0.132902 0.430769 0.128592 0.436538 0.127874 0.447115
0 0.506466 0.998077 0.510776 0.984615 0.515805 0.981731 0.520115 0.972115 0.528736 0.972115 0.532328 0.975000 0.538075 0.998077
0 0.610632 0.327885 0.600575 0.327885 0.584770 0.320192 0.581897 0.322115 0.575431 0.315385 0.575431 0.305769 0.577586 0.302885 0.600575 0.302885 0.614943 0.310577 0.619971 0.315385 0.619971 0.319231 0.610632 0.327885
0 0.511494 0.133654 0.502155 0.132692 0.494971 0.115385 0.495690 0.104808 0.505747 0.102885 0.513649 0.115385 0.512213 0.121154 0.515086 0.123077 0.516523 0.130769 0.511494 0.133654
0 0.998563 0.475962 0.992098 0.469231 0.992098 0.463462 0.996408 0.455769 0.992098 0.451923 0.992098 0.448077 0.993534 0.442308 0.998563 0.439423
0 0.324713 0.452885 0.310345 0.450962 0.303879 0.436538 0.306753 0.407692 0.316092 0.397115 0.327586 0.402885 0.332615 0.413462 0.332615 0.444231 0.324713 0.452885
0 0.168103 0.289423 0.160201 0.282692 0.155891 0.271154 0.157328 0.242308 0.159483 0.239423 0.175287 0.237500 0.174569 0.248077 0.177443 0.255769 0.176006 0.271154 0.168103 0.289423
0 0.218391 0.354808 0.204023 0.354808 0.197557 0.344231 0.200431 0.317308 0.198276 0.318269 0.196121 0.313462 0.198276 0.314423 0.200431 0.307692 0.209770 0.297115 0.216236 0.300000 0.219109 0.311538 0.221983 0.313462 0.224856 0.328846 0.224856 0.344231 0.218391 0.354808
0 0.962644 0.189423 0.954023 0.187500 0.947557 0.173077 0.946121 0.159615 0.947557 0.151923 0.952586 0.145192 0.959770 0.145192 0.964080 0.149038 0.971983 0.165385 0.970546 0.180769 0.962644 0.189423
0 0.224138 0.762500 0.216954 0.760577 0.211925 0.753846 0.210489 0.734615 0.213362 0.725000 0.224138 0.710577 0.234195 0.710577 0.242098 0.717308 0.243534 0.738462 0.235632 0.754808 0.224138 0.762500
0 0.683908 0.897115 0.673132 0.890385 0.670259 0.882692 0.671695 0.875000 0.691092 0.854808 0.705460 0.852885 0.709770 0.856731 0.713362 0.863462 0.713362 0.875000 0.707615 0.886538 0.696839 0.895192 0.683908 0.897115
0 0.560345 0.924038 0.556034 0.920192 0.544540 0.920192 0.535201 0.913462 0.532328 0.900000 0.538793 0.889423 0.579023 0.875962 0.594828 0.877885 0.597701 0.872115 0.606322 0.870192 0.613506 0.864423 0.627874 0.872115 0.634339 0.882692 0.634339 0.898077 0.623563 0.908654 0.610632 0.908654 0.602011 0.904808 0.591954 0.893269 0.589080 0.893269 0.580460 0.900962 0.570402 0.918269 0.560345 0.924038
0 0.261494 0.370192 0.260776 0.367308 0.265086 0.365385 0.266523 0.355769 0.266523 0.332692 0.259339 0.311538 0.270115 0.302885 0.277299 0.302885 0.285201 0.311538 0.288075 0.319231 0.289511 0.359615 0.277299 0.368269 0.268678 0.366346 0.261494 0.370192
0 0.787356 0.306731 0.781609 0.306731 0.772270 0.300000 0.770833 0.282692 0.781609 0.266346 0.793103 0.264423 0.803879 0.275000 0.808190 0.284615 0.808190 0.294231 0.803161 0.302885 0.787356 0.306731
0 0.103448 0.547115 0.087644 0.547115 0.077586 0.543269 0.071121 0.536538 0.071121 0.528846 0.081897 0.516346 0.107759 0.520192 0.114224 0.525000 0.114224 0.534615 0.110632 0.541346 0.103448 0.547115
0 0.583333 0.204808 0.577586 0.204808 0.574713 0.200962 0.573276 0.202885 0.571839 0.199038 0.557471 0.197115 0.552443 0.188462 0.555316 0.159615 0.576149 0.150962 0.577586 0.145192 0.580460 0.152885 0.599138 0.160577 0.607040 0.180769 0.607040 0.188462 0.599138 0.199038 0.590517 0.199038 0.583333 0.204808
0 0.603448 0.466346 0.590517 0.464423 0.583333 0.458654 0.571839 0.458654 0.570402 0.454808 0.559626 0.448077 0.558190 0.432692 0.563218 0.424038 0.570402 0.420192 0.589080 0.422115 0.607040 0.446154 0.607040 0.450000 0.611351 0.451923 0.611351 0.455769 0.603448 0.466346
0 0.696839 0.714423 0.685345 0.714423 0.679598 0.710577 0.674569 0.701923 0.674569 0.680769 0.678879 0.673077 0.680316 0.657692 0.689655 0.649038 0.698276 0.650962 0.704741 0.661538 0.706178 0.705769 0.701149 0.706731 0.696839 0.714423
0 0.083333 0.275962 0.073276 0.270192 0.068247 0.263462 0.065374 0.253846 0.080460 0.247115 0.086207 0.233654 0.090517 0.235577 0.091954 0.231731 0.102011 0.231731 0.105603 0.238462 0.105603 0.250000 0.102730 0.257692 0.090517 0.272115 0.083333 0.275962
0 0.329023 0.131731 0.322557 0.126923 0.316810 0.109615 0.316810 0.096154 0.323276 0.087500 0.333333 0.089423 0.346264 0.104808 0.352730 0.107692 0.352730 0.115385 0.349138 0.120192 0.339080 0.120192 0.329023 0.131731
0 0.489943 0.314423 0.471264 0.312500 0.464799 0.303846 0.467672 0.290385 0.477011 0.277885 0.479885 0.283654 0.494253 0.289423 0.494971 0.294231 0.497126 0.293269 0.500718 0.298077 0.499282 0.305769 0.489943 0.314423
0 0.798851 0.777885 0.794540 0.777885 0.785920 0.770192 0.771552 0.772115 0.767241 0.770192 0.766523 0.765385 0.784483 0.754808 0.794540 0.754808 0.799569 0.763462 0.798851 0.777885
0 0.859195 0.562500 0.849138 0.560577 0.842672 0.550000 0.842672 0.532692 0.845546 0.523077 0.853448 0.516346 0.864943 0.520192 0.871408 0.528846 0.874282 0.538462 0.872845 0.548077 0.859195 0.562500
0 0.183908 0.785577 0.179598 0.785577 0.171695 0.771154 0.170259 0.744231 0.175287 0.731731 0.181034 0.727885 0.191092 0.727885 0.200431 0.746154 0.200431 0.763462 0.198994 0.771154 0.192529 0.781731 0.183908 0.785577
0 0.244253 0.666346 0.229885 0.666346 0.222701 0.656731 0.217672 0.655769 0.223420 0.632692 0.231322 0.622115 0.238506 0.618269 0.255747 0.620192 0.260776 0.626923 0.263649 0.636538 0.262213 0.646154 0.255029 0.659615 0.244253 0.666346
0 0.492816 0.287500 0.482759 0.285577 0.479167 0.280769 0.478448 0.262500 0.494253 0.260577 0.496408 0.263462 0.497845 0.280769 0.492816 0.287500
0 0.525862 0.845192 0.522989 0.845192 0.521552 0.841346 0.512931 0.841346 0.505747 0.837500 0.499282 0.830769 0.498563 0.825962 0.495690 0.825962 0.490661 0.819231 0.487787 0.801923 0.492816 0.793269 0.515805 0.791346 0.528017 0.801923 0.528017 0.805769 0.536638 0.817308 0.536638 0.825000 0.535201 0.836538 0.525862 0.845192
0 0.419540 0.760577 0.402299 0.758654 0.397270 0.750000 0.398707 0.736538 0.407328 0.726923 0.409483 0.718269 0.432471 0.716346 0.436782 0.708654 0.440374 0.725000 0.440374 0.738462 0.437500 0.740385 0.433908 0.750962 0.419540 0.760577
0 0.476293 0.998077 0.473420 0.996154 0.473420 0.990385 0.478448 0.983654 0.489943 0.974038 0.501437 0.970192 0.500000 0.966346 0.508621 0.966346 0.510776 0.971154 0.510776 0.982692 0.500718 0.998077
0 0.538075 0.998077 0.536638 0.990385 0.538793 0.985577 0.550287 0.987500 0.552443 0.990385 0.552443 0.998077
0 0.867098 0.998077 0.864224 0.976923 0.867816 0.970192 0.872126 0.968269 0.881466 0.975000 0.890086 0.998077
0 0.074713 0.393269 0.067529 0.381731 0.059626 0.375000 0.059626 0.369231 0.064655 0.366346 0.067529 0.360577 0.071839 0.360577 0.074713 0.354808 0.090517 0.352885 0.095546 0.361538 0.095546 0.380769 0.091954 0.387500 0.079023 0.387500 0.074713 0.393269
0 0.849138 0.247115 0.827586 0.241346 0.822557 0.232692 0.822557 0.225000 0.836207 0.212500 0.854885 0.212500 0.862069 0.216346 0.867098 0.225000 0.865661 0.238462 0.860632 0.243269 0.849138 0.247115
0 0.336207 0.956731 0.327586 0.956731 0.320402 0.952885 0.311063 0.932692 0.309626 0.925000 0.313937 0.909615 0.317529 0.904808 0.329023 0.906731 0.341236 0.928846 0.344109 0.942308 0.341236 0.951923 0.336207 0.956731
0 0.462644 0.808654 0.448276 0.804808 0.446121 0.798077 0.441810 0.796154 0.444684 0.790385 0.442529 0.787500 0.436782 0.797115 0.430316 0.792308 0.434626 0.790385 0.434626 0.784615 0.439655 0.775962 0.456897 0.775962 0.459770 0.779808 0.465517 0.779808 0.480603 0.788462 0.479167 0.796154 0.475575 0.800962 0.462644 0.808654
0 0.314655 0.679808 0.307471 0.674038 0.293822 0.653846 0.289511 0.642308 0.289511 0.628846 0.293822 0.619231 0.300287 0.612500 0.309626 0.611538 0.301006 0.607692 0.312500 0.600000 0.308190 0.582692 0.311782 0.581731 0.318966 0.570192 0.327586 0.570192 0.332615 0.575000 0.334052 0.580769 0.334052 0.600000 0.328305 0.617308 0.320402 0.624038 0.309626 0.615385 0.315374 0.626923 0.315374 0.644231 0.323994 0.667308 0.323994 0.673077 0.314655 0.679808
0 0.753592 0.998077 0.765805 0.979808 0.772989 0.975962 0.783046 0.977885 0.789511 0.990385 0.789511 0.998077
0 0.798851 0.208654 0.780172 0.200962 0.775144 0.194231 0.772270 0.180769 0.778736 0.164423 0.795977 0.162500 0.798851 0.166346 0.806034 0.166346 0.822557 0.184615 0.823994 0.194231 0.820402 0.200962 0.814655 0.200962 0.798851 0.208654
0 0.000000 0.541346 0.014368 0.522115 0.017241 0.527885 0.025862 0.525962 0.039511 0.544231 0.030172 0.556731 0.017241 0.556731 0.020115 0.562500 0.004310 0.562500 0.000000 0.552885
0 0.489943 0.245192 0.479885 0.245192 0.474138 0.241346 0.469109 0.230769 0.469109 0.219231 0.478448 0.204808 0.488506 0.199038 0.505747 0.199038 0.513649 0.207692 0.513649 0.221154 0.507184 0.233654 0.489943 0.245192
0 0.237069 0.606731 0.218391 0.599038 0.207615 0.586538 0.206178 0.575000 0.209770 0.568269 0.221264 0.560577 0.232759 0.560577 0.247845 0.576923 0.250718 0.582692 0.250718 0.596154 0.247126 0.602885 0.237069 0.606731
0 0.622126 0.316346 0.602011 0.304808 0.598420 0.300000 0.598420 0.290385 0.616379 0.291346 0.620690 0.295192 0.626437 0.295192 0.627155 0.298077 0.624282 0.298077 0.625718 0.311538 0.622126 0.316346
0 0.043103 0.137500 0.022989 0.137500 0.016523 0.130769 0.015086 0.111538 0.020115 0.099038 0.037356 0.093269 0.045259 0.100000 0.049569 0.111538 0.049569 0.119231 0.043822 0.130769 0.043103 0.137500
0 0.327586 0.375962 0.318966 0.370192 0.308190 0.355769 0.309626 0.346154 0.322557 0.332692 0.324713 0.324038 0.333333 0.327885 0.335489 0.334615 0.341954 0.337500 0.346983 0.346154 0.341236 0.355769 0.341236 0.361538 0.333333 0.368269 0.331897 0.366346 0.327586 0.375962
0 0.979885 0.731731 0.965517 0.731731 0.960489 0.726923 0.956178 0.717308 0.956178 0.705769 0.959052 0.698077 0.966954 0.689423 0.979885 0.689423 0.994971 0.705769 0.994971 0.719231 0.979885 0.731731
0 0.751437 0.037500 0.745690 0.037500 0.742816 0.033654 0.731322 0.029808 0.730603 0.025000 0.738506 0.010577 0.745690 0.006731 0.762931 0.004808 0.768678 0.008654 0.773707 0.017308 0.772270 0.028846 0.765805 0.035577 0.751437 0.037500
0 0.298851 0.966346 0.290230 0.964423 0.280891 0.951923 0.280891 0.930769 0.285201 0.917308 0.288793 0.914423 0.295977 0.914423 0.302443 0.923077 0.305316 0.932692 0.305316 0.950000 0.308190 0.953846 0.305316 0.961538 0.298851 0.966346
0 0.027299 0.093269 0.018678 0.093269 0.009339 0.076923 0.012213 0.061538 0.021552 0.050962 0.027299 0.052885 0.033046 0.064423 0.038793 0.066346 0.040948 0.075000 0.040948 0.082692 0.033046 0.091346 0.027299 0.093269
0 0.391523 0.000000 0.391523 0.017308 0.379310 0.029808 0.373563 0.027885 0.365661 0.019231 0.365661 0.000000
0 0.704023 0.839423 0.695402 0.839423 0.688218 0.835577 0.681753 0.821154 0.684626 0.813462 0.689655 0.806731 0.701149 0.800962 0.722701 0.800962 0.726293 0.807692 0.726293 0.815385 0.721983 0.825000 0.704023 0.839423
0 0.527299 0.120192 0.520115 0.120192 0.511494 0.114423 0.506466 0.105769 0.506466 0.096154 0.502155 0.094231 0.502155 0.090385 0.507902 0.084615 0.509339 0.075000 0.517960 0.069231 0.510057 0.066346 0.491379 0.068269 0.484914 0.061538 0.486351 0.044231 0.491379 0.037500 0.501437 0.035577 0.504310 0.041346 0.508621 0.043269 0.532328 0.042308 0.533764 0.055769 0.528736 0.064423 0.523707 0.065385 0.524425 0.068269 0.531609 0.068269 0.536638 0.080769 0.528017 0.101923 0.530891 0.115385 0.527299 0.120192
0 0.943247 0.000000 0.943247 0.023077 0.935345 0.029808 0.925287 0.027885 0.913075 0.011538 0.910201 0.000000
0 0.303161 0.185577 0.285920 0.179808 0.285201 0.175000 0.279454 0.167308 0.276580 0.140385 0.280172 0.135577 0.294540 0.133654 0.301006 0.140385 0.301006 0.146154 0.308190 0.151923 0.312500 0.173077 0.311063 0.178846 0.303161 0.185577
0 0.109914 0.998077 0.105603 0.992308 0.108477 0.978846 0.113506 0.977885 0.119253 0.966346 0.127874 0.960577 0.138649 0.975000 0.140086 0.988462 0.137213 0.998077
0 0.900862 0.514423 0.895115 0.514423 0.877155 0.496154 0.877155 0.475000 0.882184 0.464423 0.889368 0.462500 0.896552 0.466346 0.908764 0.484615 0.910201 0.500000 0.907328 0.507692 0.900862 0.514423
0 0.818966 0.597115 0.810345 0.595192 0.799569 0.582692 0.795259 0.573077 0.795259 0.563462 0.798851 0.558654 0.821839 0.550962 0.830460 0.554808 0.836925 0.565385 0.835489 0.588462 0.830460 0.593269 0.818966 0.597115
0 0.658046 0.391346 0.647989 0.389423 0.642960 0.382692 0.640805 0.366346 0.620690 0.362500 0.614224 0.353846 0.612787 0.346154 0.620690 0.331731 0.625000 0.327885 0.645115 0.331731 0.645833 0.336538 0.642960 0.340385 0.642960 0.350000 0.645833 0.351923 0.644397 0.363462 0.646552 0.364423 0.649425 0.358654 0.660920 0.364423 0.667385 0.363462 0.667385 0.371154 0.664511 0.373077 0.664511 0.386538 0.658046 0.391346
0 0.040230 0.456731 0.030172 0.456731 0.028017 0.453846 0.026580 0.436538 0.020833 0.434615 0.033046 0.425962 0.045977 0.431731 0.047414 0.427885 0.056034 0.431731 0.058190 0.434615 0.058190 0.442308 0.053161 0.449038 0.040230 0.456731
0 0.548851 0.618269 0.527299 0.616346 0.517960 0.601923 0.528017 0.588462 0.527299 0.570192 0.530172 0.570192 0.541667 0.581731 0.556753 0.601923 0.556753 0.611538 0.548851 0.618269
0 0.262931 0.222115 0.252874 0.218269 0.247845 0.211538 0.247845 0.205769 0.243534 0.196154 0.243534 0.176923 0.251437 0.164423 0.261494 0.166346 0.273707 0.186538 0.272270 0.188462 0.275144 0.198077 0.272270 0.213462 0.262931 0.222115
0 0.178161 0.295192 0.170977 0.295192 0.168822 0.292308 0.168822 0.286538 0.176006 0.271154 0.177443 0.255769 0.174569 0.248077 0.175287 0.241346 0.178161 0.249038 0.182471 0.249038 0.186782 0.243269 0.193966 0.247115 0.197557 0.251923 0.198994 0.259615 0.198994 0.275000 0.194684 0.284615 0.189655 0.291346 0.182471 0.291346 0.178161 0.295192
0 0.283046 0.733654 0.272989 0.733654 0.265086 0.723077 0.260776 0.711538 0.259339 0.696154 0.260776 0.690385 0.267241 0.683654 0.283046 0.689423 0.290948 0.698077 0.295259 0.707692 0.295259 0.725000 0.291667 0.729808 0.283046 0.733654
0 0.290948 0.998077 0.289511 0.986538 0.295977 0.975962 0.301724 0.975962 0.308908 0.981731 0.316810 0.994231 0.316810 0.998077
0 0.890086 0.000000 0.890086 0.003846 0.885057 0.010577 0.876437 0.014423 0.867816 0.010577 0.857040 0.000000
0 0.530172 0.108654 0.528017 0.101923 0.532328 0.090385 0.535201 0.090385 0.533764 0.086538 0.536638 0.080769 0.533764 0.076923 0.533764 0.071154 0.531609 0.068269 0.524425 0.068269 0.524425 0.064423 0.533046 0.064423 0.545259 0.076923 0.545259 0.094231 0.538793 0.102885 0.530172 0.108654
0 0.708333 0.441346 0.702586 0.441346 0.697557 0.434615 0.694684 0.413462 0.696121 0.398077 0.691810 0.394231 0.695402 0.395192 0.697557 0.388462 0.704023 0.381731 0.712644 0.379808 0.720546 0.386538 0.723420 0.409615 0.719109 0.415385 0.713362 0.434615 0.708333 0.441346
0 0.892241 0.637500 0.879310 0.637500 0.872126 0.633654 0.867098 0.621154 0.869971 0.607692 0.882184 0.597115 0.893678 0.593269 0.910920 0.595192 0.910201 0.609615 0.897270 0.617308 0.898707 0.630769 0.892241 0.637500
0 0.049569 0.998077 0.048132 0.980769 0.056034 0.974038 0.070402 0.974038 0.071839 0.977885 0.076149 0.977885 0.079741 0.982692 0.082615 0.998077
0 0.754310 0.922115 0.748563 0.922115 0.742098 0.913462 0.739224 0.900000 0.742098 0.890385 0.752874 0.872115 0.761494 0.864423 0.767241 0.864423 0.772270 0.873077 0.772270 0.894231 0.760776 0.915385 0.754310 0.922115
0 0.915230 0.643269 0.906609 0.643269 0.900144 0.638462 0.897989 0.616346 0.912356 0.608654 0.920977 0.610577 0.926006 0.615385 0.927443 0.630769 0.923851 0.637500 0.915230 0.643269
0 0.935345 0.120192 0.922414 0.120192 0.913075 0.111538 0.910201 0.101923 0.908764 0.080769 0.905891 0.078846 0.912356 0.066346 0.926724 0.064423 0.934626 0.071154 0.938937 0.100000 0.938937 0.115385 0.935345 0.120192
0 0.929598 0.804808 0.920977 0.804808 0.913075 0.796154 0.913075 0.784615 0.915948 0.776923 0.922414 0.768269 0.933908 0.760577 0.954023 0.762500 0.954741 0.776923 0.957615 0.778846 0.954023 0.779808 0.938218 0.800962 0.929598 0.804808
0 0.925287 0.683654 0.902299 0.681731 0.892960 0.671154 0.891523 0.651923 0.892960 0.644231 0.896552 0.639423 0.902299 0.639423 0.906609 0.643269 0.915230 0.643269 0.922414 0.637500 0.931753 0.640385 0.931753 0.648077 0.923132 0.661538 0.923132 0.671154 0.926006 0.673077 0.925287 0.683654
0 0.408046 0.720192 0.400862 0.716346 0.394397 0.707692 0.390086 0.692308 0.392960 0.680769 0.399425 0.677885 0.400862 0.674038 0.418103 0.672115 0.434626 0.700000 0.434626 0.711538 0.429598 0.716346 0.408046 0.720192
0 0.653736 0.637500 0.643678 0.637500 0.631466 0.625000 0.631466 0.605769 0.645115 0.593269 0.658046 0.595192 0.659483 0.591346 0.668103 0.591346 0.672414 0.593269 0.677443 0.603846 0.676006 0.621154 0.669540 0.629808 0.653736 0.637500
0 0.057471 0.883654 0.045977 0.883654 0.036638 0.869231 0.036638 0.850000 0.042385 0.842308 0.045259 0.832692 0.045977 0.808654 0.053161 0.808654 0.056034 0.814423 0.059626 0.815385 0.059626 0.825000 0.063937 0.834615 0.063937 0.840385 0.072557 0.857692 0.072557 0.867308 0.068247 0.876923 0.057471 0.883654
0 0.729885 0.231731 0.718391 0.231731 0.709770 0.227885 0.701868 0.219231 0.700431 0.207692 0.712644 0.195192 0.739943 0.195192 0.744971 0.201923 0.744971 0.215385 0.737069 0.227885 0.729885 0.231731
0 0.778736 0.810577 0.771552 0.810577 0.758621 0.804808 0.752155 0.798077 0.752155 0.790385 0.760057 0.772115 0.762931 0.777885 0.768678 0.770192 0.785920 0.770192 0.793822 0.776923 0.793822 0.792308 0.778736 0.810577
0 0.300287 0.564423 0.283764 0.557692 0.286638 0.553846 0.286638 0.542308 0.290948 0.536538 0.290230 0.525962 0.301724 0.533654 0.306753 0.542308 0.306753 0.559615 0.300287 0.564423
0 0.357759 0.689423 0.352011 0.689423 0.336925 0.667308 0.331178 0.648077 0.331178 0.630769 0.333333 0.624038 0.343391 0.625962 0.365661 0.665385 0.367098 0.673077 0.362787 0.684615 0.357759 0.689423
0 0.803161 0.399038 0.797414 0.399038 0.788075 0.392308 0.789511 0.371154 0.793103 0.366346 0.797414 0.368269 0.798851 0.364423 0.807471 0.360577 0.811782 0.362500 0.820402 0.358654 0.822557 0.367308 0.821121 0.388462 0.814655 0.395192 0.803161 0.399038
0 0.543103 0.724038 0.533046 0.724038 0.525862 0.716346 0.517241 0.702885 0.510776 0.698077 0.510776 0.692308 0.506466 0.682692 0.508621 0.683654 0.515805 0.675962 0.531609 0.677885 0.537356 0.681731 0.549569 0.701923 0.549569 0.713462 0.543103 0.724038
0 0.343391 0.854808 0.333333 0.854808 0.324713 0.850962 0.308908 0.839423 0.306753 0.834615 0.311063 0.825000 0.321839 0.814423 0.336207 0.818269 0.340517 0.822115 0.359195 0.822115 0.365661 0.830769 0.365661 0.840385 0.357759 0.849038 0.343391 0.854808
0 0.554598 0.799038 0.547414 0.799038 0.544540 0.795192 0.531609 0.791346 0.525144 0.780769 0.525144 0.767308 0.535920 0.756731 0.558908 0.756731 0.566092 0.762500 0.571121 0.771154 0.571121 0.778846 0.561782 0.793269 0.554598 0.799038
0 0.727011 0.064423 0.706897 0.060577 0.703305 0.055769 0.703305 0.042308 0.709770 0.033654 0.724138 0.029808 0.734195 0.029808 0.755029 0.040385 0.752874 0.056731 0.727011 0.064423
0 0.362069 0.525962 0.353448 0.525962 0.349138 0.522115 0.348420 0.513462 0.355603 0.494231 0.360632 0.487500 0.370690 0.487500 0.375718 0.494231 0.372845 0.511538 0.362069 0.525962
0 0.701868 0.000000 0.692529 0.010577 0.676724 0.018269 0.663793 0.014423 0.660201 0.007692 0.661638 0.000000
0 0.140805 0.295192 0.132184 0.295192 0.132184 0.291346 0.126437 0.291346 0.124282 0.284615 0.124282 0.261538 0.130747 0.245192 0.147989 0.247115 0.151580 0.250000 0.153017 0.255769 0.151580 0.280769 0.140805 0.295192
0 0.998563 0.143269 0.978448 0.143269 0.970546 0.134615 0.966236 0.123077 0.966236 0.111538 0.971264 0.099038 0.981322 0.099038 0.998563 0.114423
0 0.340517 0.739423 0.334770 0.739423 0.329741 0.732692 0.326868 0.713462 0.328305 0.707692 0.339080 0.693269 0.349138 0.689423 0.359914 0.711538 0.361351 0.725000 0.354885 0.737500 0.340517 0.739423
0 0.446839 0.450962 0.433908 0.449038 0.420259 0.436538 0.414511 0.423077 0.414511 0.413462 0.419540 0.402885 0.426724 0.397115 0.436782 0.399038 0.453305 0.417308 0.457615 0.428846 0.456178 0.440385 0.446839 0.450962
0 0.844828 0.845192 0.837644 0.845192 0.834770 0.839423 0.829741 0.836538 0.829741 0.819231 0.841954 0.802885 0.852011 0.795192 0.857759 0.795192 0.861351 0.800000 0.861351 0.809615 0.855603 0.821154 0.855603 0.834615 0.846264 0.841346 0.844828 0.845192
0 0.517241 0.668269 0.508621 0.664423 0.495690 0.652885 0.491379 0.652885 0.486351 0.632692 0.495690 0.633654 0.500000 0.629808 0.508621 0.629808 0.515805 0.633654 0.526580 0.651923 0.526580 0.661538 0.522989 0.666346 0.517241 0.668269
0 0.000000 0.910577 0.015805 0.916346 0.020833 0.926923 0.020833 0.940385 0.015086 0.951923 0.007184 0.958654 0.000000 0.958654
0 0.501437 0.550962 0.487069 0.550962 0.479885 0.547115 0.465517 0.531731 0.458333 0.529808 0.460489 0.523077 0.458333 0.520192 0.456897 0.522115 0.454741 0.517308 0.456897 0.518269 0.460489 0.507692 0.465517 0.502885 0.477011 0.502885 0.476293 0.500000 0.478448 0.499038 0.480603 0.501923 0.479885 0.506731 0.485632 0.504808 0.489943 0.510577 0.501437 0.516346 0.506466 0.523077 0.507902 0.536538 0.506466 0.544231 0.501437 0.550962
0 0.797414 0.368269 0.788793 0.368269 0.786638 0.365385 0.785920 0.350962 0.797414 0.339423 0.808908 0.337500 0.811782 0.331731 0.826149 0.331731 0.828305 0.334615 0.826149 0.356731 0.811782 0.362500 0.807471 0.360577 0.798851 0.364423 0.797414 0.368269
0 0.239943 0.404808 0.231322 0.402885 0.232040 0.400000 0.224856 0.390385 0.226293 0.369231 0.234195 0.360577 0.237069 0.364423 0.239943 0.362500 0.244253 0.366346 0.252155 0.380769 0.252155 0.388462 0.247845 0.398077 0.239943 0.404808
0 0.653736 0.493269 0.643678 0.493269 0.638649 0.484615 0.638649 0.473077 0.642960 0.459615 0.652299 0.449038 0.663793 0.443269 0.676724 0.445192 0.681753 0.451923 0.680316 0.469231 0.653736 0.493269
0 0.390805 0.483654 0.379310 0.481731 0.369971 0.467308 0.368534 0.444231 0.375000 0.433654 0.382184 0.433654 0.394397 0.457692 0.395833 0.476923 0.390805 0.483654
0 0.100575 0.341346 0.093391 0.341346 0.081897 0.327885 0.076149 0.327885 0.072557 0.321154 0.072557 0.315385 0.076149 0.310577 0.089080 0.308654 0.088362 0.301923 0.090517 0.300962 0.094109 0.309615 0.092672 0.313462 0.104167 0.328846 0.104167 0.336538 0.100575 0.341346
0 0.359914 0.000000 0.362787 0.009615 0.361351 0.019231 0.357759 0.022115 0.348420 0.021154 0.355603 0.036538 0.355603 0.057692 0.350575 0.062500 0.343391 0.062500 0.337644 0.058654 0.334052 0.053846 0.331178 0.036538 0.323994 0.030769 0.325431 0.013462 0.331897 0.006731 0.340517 0.006731 0.338362 0.000000
0 0.841954 0.525962 0.831897 0.524038 0.825431 0.515385 0.825431 0.505769 0.821121 0.505769 0.825431 0.498077 0.825431 0.478846 0.827586 0.479808 0.834770 0.470192 0.840517 0.470192 0.844109 0.475000 0.845546 0.501923 0.844109 0.523077 0.841954 0.525962
0 0.169540 0.239423 0.160920 0.239423 0.157328 0.228846 0.160201 0.225000 0.161638 0.198077 0.165230 0.189423 0.170977 0.189423 0.176006 0.203846 0.174569 0.232692 0.169540 0.239423
0 0.932471 0.345192 0.919540 0.345192 0.910201 0.332692 0.910201 0.319231 0.931034 0.306731 0.942529 0.304808 0.948994 0.311538 0.948994 0.317308 0.943247 0.338462 0.932471 0.345192
0 0.084770 0.860577 0.073276 0.860577 0.063937 0.840385 0.063937 0.834615 0.059626 0.825000 0.059626 0.809615 0.061782 0.806731 0.079023 0.804808 0.091236 0.817308 0.095546 0.828846 0.095546 0.846154 0.092672 0.853846 0.084770 0.860577
0 0.068966 0.202885 0.058908 0.200962 0.057471 0.197115 0.050287 0.195192 0.051006 0.178846 0.058908 0.174038 0.060345 0.170192 0.071839 0.164423 0.089080 0.172115 0.091236 0.184615 0.080460 0.197115 0.068966 0.202885
0 0.612069 0.568269 0.594828 0.568269 0.588362 0.561538 0.588362 0.542308 0.593391 0.535577 0.610632 0.533654 0.619971 0.544231 0.621408 0.553846 0.618534 0.561538 0.612069 0.568269
0 0.511494 0.956731 0.494253 0.954808 0.484914 0.942308 0.483477 0.923077 0.488506 0.916346 0.498563 0.910577 0.508621 0.910577 0.522270 0.921154 0.526580 0.932692 0.526580 0.940385 0.522989 0.949038 0.511494 0.956731
0 0.154454 0.998077 0.155891 0.984615 0.161638 0.971154 0.173851 0.970192 0.177443 0.975000 0.177443 0.992308 0.173132 0.998077
0 0.272989 0.825962 0.255747 0.824038 0.249282 0.811538 0.249282 0.803846 0.260057 0.787500 0.265805 0.783654 0.272989 0.779808 0.285920 0.779808 0.295259 0.788462 0.293822 0.813462 0.285920 0.824038 0.272989 0.825962
0 0.053161 0.070192 0.041667 0.070192 0.033046 0.064423 0.028017 0.053846 0.023707 0.051923 0.026580 0.042308 0.025144 0.026923 0.030172 0.018269 0.041667 0.016346 0.058190 0.032692 0.061063 0.040385 0.061063 0.063462 0.053161 0.070192
0 0.215517 0.722115 0.214799 0.713462 0.208333 0.708654 0.198994 0.694231 0.198994 0.675000 0.204741 0.667308 0.208333 0.656731 0.216954 0.652885 0.218391 0.656731 0.222701 0.656731 0.232040 0.671154 0.229167 0.705769 0.237069 0.708654 0.237787 0.711538 0.224138 0.710577 0.215517 0.722115
0 0.000000 0.702885 0.010057 0.693269 0.024425 0.693269 0.028017 0.698077 0.030891 0.709615 0.026580 0.719231 0.029454 0.728846 0.018678 0.724038 0.012931 0.733654 0.010776 0.726923 0.007184 0.724038 0.005747 0.725962 0.000000 0.716346
0 0.264368 0.366346 0.252874 0.366346 0.234914 0.330769 0.233477 0.300000 0.239943 0.293269 0.248563 0.293269 0.259339 0.309615 0.265086 0.325000 0.266523 0.355769 0.264368 0.366346
0 0.650862 0.679808 0.642241 0.675962 0.637213 0.669231 0.637213 0.648077 0.646552 0.639423 0.669540 0.629808 0.670977 0.625962 0.676724 0.627885 0.678879 0.634615 0.678879 0.653846 0.676006 0.661538 0.672414 0.662500 0.663793 0.674038 0.650862 0.679808
0 0.163793 0.058654 0.147989 0.056731 0.137213 0.042308 0.137213 0.034615 0.144397 0.025000 0.144397 0.009615 0.147989 0.004808 0.155172 0.006731 0.160201 0.017308 0.161638 0.036538 0.164511 0.040385 0.163793 0.058654
0 0.212644 0.218269 0.211925 0.201923 0.207615 0.200000 0.206178 0.186538 0.209052 0.178846 0.203305 0.171154 0.211207 0.158654 0.221264 0.156731 0.232040 0.167308 0.236351 0.178846 0.236351 0.196154 0.231322 0.204808 0.222701 0.212500 0.215517 0.212500 0.212644 0.218269
0 0.612069 0.991346 0.594828 0.991346 0.588362 0.980769 0.588362 0.973077 0.607759 0.949038 0.626437 0.941346 0.635776 0.950000 0.635776 0.957692 0.622845 0.984615 0.612069 0.991346
0 0.104885 0.156731 0.093391 0.152885 0.086925 0.144231 0.085489 0.134615 0.088362 0.126923 0.094828 0.120192 0.109195 0.112500 0.119253 0.112500 0.125718 0.121154 0.125718 0.132692 0.121408 0.142308 0.121408 0.151923 0.113506 0.150962 0.104885 0.156731
0 0.938937 0.998077 0.928879 0.986538 0.920259 0.965385 0.920259 0.955769 0.926724 0.949038 0.935345 0.950962 0.956178 0.975000 0.957615 0.992308 0.953305 0.998077
0 0.471264 0.989423 0.458333 0.989423 0.453305 0.984615 0.451868 0.978846 0.454741 0.967308 0.464080 0.956731 0.485632 0.954808 0.491379 0.956731 0.494971 0.961538 0.495690 0.968269 0.502155 0.969231 0.489943 0.974038 0.471264 0.989423
0 0.502874 0.885577 0.494253 0.883654 0.487787 0.875000 0.487787 0.861538 0.497126 0.849038 0.502874 0.847115 0.515805 0.847115 0.522989 0.852885 0.526580 0.857692 0.525144 0.867308 0.515805 0.877885 0.502874 0.885577
0 0.862069 0.752885 0.849138 0.752885 0.829741 0.728846 0.825431 0.717308 0.825431 0.707692 0.830460 0.702885 0.840517 0.702885 0.850575 0.716346 0.852011 0.714423 0.858477 0.723077 0.858477 0.728846 0.862787 0.732692 0.864224 0.746154 0.862069 0.752885
0 0.251437 0.547115 0.244253 0.547115 0.236351 0.540385 0.232040 0.530769 0.232040 0.519231 0.239943 0.508654 0.258621 0.506731 0.267960 0.523077 0.259339 0.534615 0.259339 0.540385 0.251437 0.547115
0 0.153736 0.749038 0.146552 0.749038 0.142960 0.744231 0.138649 0.721154 0.140086 0.719231 0.135776 0.715385 0.137213 0.713462 0.130029 0.700000 0.130747 0.697115 0.136494 0.704808 0.146552 0.708654 0.150144 0.703846 0.150144 0.694231 0.153736 0.681731 0.155172 0.685577 0.162356 0.683654 0.174569 0.690385 0.173132 0.707692 0.167385 0.726923 0.158764 0.740385 0.158764 0.744231 0.153736 0.749038
0 0.433908 0.835577 0.420977 0.835577 0.414511 0.828846 0.410201 0.817308 0.410201 0.794231 0.412356 0.789423 0.429598 0.791346 0.436782 0.797115 0.442529 0.787500 0.444684 0.790385 0.441810 0.796154 0.445402 0.797115 0.447557 0.801923 0.446121 0.823077 0.433908 0.835577
0 0.826149 0.445192 0.810345 0.445192 0.808908 0.441346 0.807471 0.445192 0.797414 0.443269 0.790948 0.425000 0.792385 0.411538 0.800287 0.404808 0.821839 0.402885 0.826149 0.406731 0.834052 0.421154 0.834052 0.436538 0.826149 0.445192
0 0.619253 0.116346 0.600575 0.116346 0.593391 0.112500 0.588362 0.105769 0.585489 0.090385 0.586925 0.084615 0.596264 0.072115 0.604885 0.068269 0.628592 0.082692 0.632902 0.092308 0.632902 0.101923 0.627874 0.110577 0.619253 0.116346
0 0.310345 0.100962 0.301724 0.100962 0.296695 0.096154 0.295259 0.088462 0.292385 0.086538 0.288075 0.075000 0.290230 0.066346 0.297414 0.066346 0.309626 0.080769 0.312500 0.090385 0.312500 0.098077 0.310345 0.100962
0 0.508621 0.399038 0.500000 0.399038 0.492816 0.395192 0.484914 0.384615 0.483477 0.373077 0.491379 0.368269 0.515805 0.370192 0.517960 0.375000 0.517960 0.386538 0.508621 0.399038
0 0.451149 0.874038 0.438218 0.874038 0.429598 0.870192 0.426006 0.857692 0.427443 0.853846 0.435345 0.847115 0.449713 0.847115 0.465517 0.839423 0.469828 0.841346 0.473420 0.846154 0.471983 0.863462 0.466954 0.868269 0.451149 0.874038
0 0.501437 0.516346 0.489943 0.510577 0.485632 0.504808 0.481322 0.504808 0.467672 0.488462 0.466236 0.475000 0.469828 0.468269 0.474138 0.464423 0.488506 0.460577 0.489943 0.464423 0.495690 0.466346 0.505029 0.476923 0.505029 0.480769 0.512213 0.492308 0.512213 0.503846 0.508621 0.510577 0.502874 0.512500 0.501437 0.516346
0 0.803161 0.675962 0.791667 0.674038 0.788793 0.670192 0.785201 0.663462 0.783764 0.650000 0.798851 0.625962 0.804598 0.622115 0.814655 0.624038 0.822557 0.634615 0.822557 0.648077 0.813937 0.667308 0.803161 0.675962
0 0.729885 0.475962 0.715517 0.475962 0.714799 0.471154 0.707615 0.461538 0.706178 0.448077 0.711207 0.439423 0.714080 0.439423 0.727011 0.424038 0.732759 0.420192 0.739943 0.420192 0.744971 0.432692 0.744971 0.453846 0.742098 0.455769 0.739224 0.467308 0.732759 0.470192 0.729885 0.475962
0 0.329023 0.058654 0.317529 0.058654 0.311063 0.053846 0.315374 0.036538 0.321839 0.029808 0.327586 0.031731 0.329741 0.034615 0.328305 0.036538 0.330460 0.035577 0.332615 0.040385 0.335489 0.055769 0.329023 0.058654
0 0.129310 0.070192 0.116379 0.070192 0.107040 0.061538 0.099856 0.046154 0.100575 0.029808 0.112069 0.027885 0.119253 0.035577 0.130747 0.039423 0.138649 0.050000 0.140086 0.055769 0.134339 0.067308 0.129310 0.070192
0 0.817529 0.933654 0.790230 0.931731 0.785201 0.923077 0.785201 0.917308 0.793103 0.902885 0.795977 0.902885 0.808908 0.889423 0.823276 0.887500 0.831178 0.896154 0.832615 0.911538 0.831178 0.921154 0.817529 0.933654
0 0.094828 0.768269 0.084770 0.768269 0.076149 0.762500 0.066810 0.748077 0.068247 0.734615 0.058908 0.729808 0.058190 0.726923 0.061782 0.725962 0.066092 0.729808 0.074713 0.725962 0.081897 0.708654 0.081178 0.719231 0.083333 0.722115 0.097701 0.727885 0.107040 0.740385 0.107040 0.753846 0.102011 0.762500 0.094828 0.768269
0 0.136494 0.714423 0.130747 0.712500 0.121408 0.696154 0.119971 0.675000 0.126437 0.660577 0.146552 0.647115 0.153017 0.653846 0.155891 0.661538 0.154454 0.680769 0.151580 0.686538 0.150144 0.703846 0.146552 0.708654 0.142241 0.708654 0.130029 0.698077 0.136494 0.714423
0 0.669540 0.364423 0.652299 0.360577 0.642960 0.350000 0.642960 0.340385 0.647989 0.331731 0.653736 0.331731 0.655172 0.335577 0.660920 0.337500 0.669540 0.337500 0.677443 0.346154 0.676006 0.357692 0.669540 0.364423
0 0.020115 0.527885 0.017241 0.527885 0.013649 0.521154 0.013649 0.501923 0.020833 0.486538 0.030172 0.475962 0.037356 0.472115 0.053161 0.472115 0.058190 0.480769 0.058190 0.492308 0.052443 0.505769 0.043103 0.516346 0.034483 0.522115 0.025862 0.522115 0.020115 0.527885
0 0.045977 0.249038 0.035201 0.246154 0.036638 0.230769 0.054598 0.208654 0.070402 0.208654 0.069684 0.223077 0.066810 0.226923 0.068247 0.228846 0.060345 0.235577 0.056034 0.243269 0.045977 0.249038
0 0.066092 0.729808 0.055316 0.723077 0.053879 0.711538 0.048132 0.700000 0.049569 0.686538 0.058908 0.677885 0.070402 0.677885 0.076149 0.681731 0.084052 0.696154 0.084052 0.707692 0.081178 0.709615 0.075431 0.725000 0.066092 0.729808
0 0.938218 0.589423 0.931034 0.589423 0.920259 0.575000 0.917385 0.565385 0.918822 0.546154 0.929598 0.535577 0.941092 0.539423 0.951868 0.553846 0.953305 0.559615 0.953305 0.571154 0.948994 0.582692 0.938218 0.589423
0 0.820402 0.160577 0.804598 0.158654 0.780172 0.143269 0.778017 0.128846 0.780891 0.117308 0.784483 0.112500 0.794540 0.108654 0.803161 0.108654 0.810345 0.112500 0.826868 0.136538 0.826868 0.148077 0.820402 0.160577
0 0.431034 0.933654 0.422414 0.931731 0.401580 0.907692 0.401580 0.892308 0.405172 0.887500 0.410920 0.883654 0.425287 0.883654 0.431034 0.895192 0.436063 0.896154 0.431753 0.901923 0.433190 0.909615 0.444684 0.919231 0.441092 0.920192 0.431034 0.933654
0 0.368534 0.998077 0.368534 0.978846 0.377874 0.970192 0.395115 0.981731 0.400144 0.988462 0.401580 0.998077
0 0.770115 0.756731 0.762931 0.754808 0.756466 0.746154 0.755029 0.732692 0.770115 0.712500 0.775862 0.708654 0.785920 0.708654 0.795977 0.714423 0.799569 0.721154 0.799569 0.734615 0.795259 0.742308 0.787356 0.750962 0.770115 0.756731
0 0.298851 0.414423 0.293822 0.413462 0.293822 0.401923 0.295977 0.397115 0.301724 0.399038 0.303879 0.403846 0.303879 0.407692 0.298851 0.414423
0 0.445402 0.545192 0.436782 0.545192 0.435345 0.541346 0.431753 0.540385 0.431753 0.534615 0.428161 0.533654 0.420259 0.523077 0.423132 0.507692 0.433908 0.495192 0.439655 0.495192 0.441092 0.499038 0.448276 0.502885 0.454741 0.519231 0.460489 0.523077 0.457615 0.528846 0.461925 0.532692 0.448276 0.529808 0.447557 0.532692 0.451868 0.536538 0.451868 0.540385 0.445402 0.545192
0 0.600575 0.845192 0.590517 0.845192 0.579023 0.839423 0.578305 0.826923 0.583333 0.820192 0.610632 0.802885 0.625000 0.802885 0.628592 0.809615 0.628592 0.815385 0.624282 0.828846 0.616379 0.839423 0.600575 0.845192
0 0.979885 0.308654 0.971264 0.308654 0.965517 0.304808 0.953305 0.290385 0.950431 0.269231 0.953305 0.257692 0.956897 0.252885 0.968391 0.249038 0.974138 0.254808 0.978448 0.254808 0.984914 0.263462 0.987787 0.273077 0.987787 0.298077 0.979885 0.308654
0 0.028736 0.377885 0.020833 0.376923 0.017960 0.367308 0.019397 0.353846 0.030172 0.341346 0.037356 0.339423 0.044540 0.343269 0.049569 0.357692 0.046695 0.367308 0.028736 0.377885
0 0.048851 0.329808 0.024425 0.327885 0.017960 0.323077 0.016523 0.311538 0.021552 0.304808 0.033046 0.299038 0.048851 0.300962 0.059626 0.311538 0.059626 0.321154 0.054598 0.327885 0.048851 0.329808
0 0.545259 0.000000 0.551006 0.007692 0.552443 0.019231 0.545977 0.025962 0.541667 0.024038 0.538793 0.027885 0.530172 0.027885 0.525862 0.022115 0.502874 0.024038 0.500718 0.017308 0.502155 0.000000
0 0.905172 0.454808 0.897989 0.454808 0.886494 0.443269 0.882902 0.428846 0.882902 0.405769 0.893678 0.395192 0.897989 0.397115 0.905891 0.407692 0.910201 0.421154 0.911638 0.444231 0.910201 0.450000 0.905172 0.454808
0 0.155172 0.939423 0.143678 0.935577 0.135776 0.921154 0.135776 0.900000 0.138649 0.892308 0.146552 0.883654 0.156609 0.883654 0.168822 0.905769 0.167385 0.926923 0.163793 0.933654 0.155172 0.939423
0 0.071839 0.633654 0.064655 0.633654 0.058908 0.629808 0.049569 0.615385 0.048132 0.609615 0.049569 0.594231 0.046695 0.592308 0.058908 0.591346 0.079023 0.579808 0.078305 0.584615 0.086925 0.598077 0.086925 0.613462 0.078305 0.628846 0.071839 0.633654
0 0.761494 0.095192 0.737069 0.091346 0.725575 0.083654 0.720546 0.065385 0.737069 0.062500 0.748563 0.056731 0.767241 0.058654 0.773707 0.067308 0.775144 0.078846 0.770115 0.089423 0.761494 0.095192
0 0.998563 0.539423 0.988506 0.541346 0.980603 0.534615 0.979167 0.526923 0.979167 0.517308 0.984195 0.506731 0.994253 0.502885 0.992098 0.505769 0.998563 0.508654
0 0.118534 0.000000 0.136494 0.004808 0.142960 0.011538 0.144397 0.025000 0.136494 0.033654 0.119253 0.033654 0.116379 0.029808 0.106322 0.025962 0.101293 0.019231 0.101293 0.011538 0.102730 0.003846 0.107040 0.000000
0 0.915230 0.281731 0.910920 0.281731 0.913075 0.278846 0.904454 0.269231 0.904454 0.250000 0.913793 0.241346 0.929598 0.241346 0.936063 0.250000 0.940374 0.261538 0.940374 0.269231 0.936782 0.274038 0.920977 0.275962 0.915230 0.281731
0 0.929598 0.675962 0.923132 0.671154 0.923132 0.661538 0.932471 0.645192 0.945402 0.643269 0.950431 0.650000 0.950431 0.665385 0.942529 0.672115 0.929598 0.675962
0 0.544540 0.568269 0.535920 0.566346 0.520833 0.550000 0.517960 0.534615 0.524425 0.520192 0.527299 0.518269 0.543103 0.524038 0.549569 0.532692 0.551006 0.548077 0.548132 0.550000 0.549569 0.557692 0.544540 0.568269
0 0.000000 0.027885 0.010057 0.031731 0.013649 0.038462 0.010776 0.042308 0.012213 0.048077 0.000000 0.062500
0 0.748563 0.599038 0.738506 0.597115 0.733477 0.586538 0.733477 0.573077 0.739224 0.559615 0.739224 0.548077 0.745690 0.535577 0.751437 0.535577 0.755029 0.540385 0.756466 0.561538 0.762213 0.580769 0.757184 0.593269 0.748563 0.599038
0 0.366379 0.343269 0.357759 0.343269 0.345546 0.328846 0.341236 0.309615 0.344828 0.299038 0.357759 0.299038 0.365661 0.309615 0.369971 0.323077 0.369971 0.332692 0.366379 0.343269
0 0.035920 0.577885 0.022989 0.577885 0.017960 0.563462 0.020833 0.561538 0.016523 0.557692 0.022989 0.554808 0.030172 0.556731 0.040230 0.543269 0.051724 0.541346 0.055316 0.548077 0.048851 0.554808 0.043103 0.554808 0.045259 0.557692 0.037356 0.568269 0.034483 0.566346 0.030891 0.569231 0.035920 0.577885
0 0.958333 0.929808 0.946839 0.927885 0.941810 0.923077 0.938937 0.915385 0.940374 0.890385 0.946839 0.881731 0.961207 0.885577 0.970546 0.896154 0.969109 0.915385 0.958333 0.929808
0 0.830460 0.293269 0.821839 0.291346 0.809626 0.273077 0.808190 0.255769 0.810345 0.249038 0.830460 0.249038 0.841954 0.252885 0.846983 0.257692 0.846983 0.276923 0.839080 0.289423 0.830460 0.293269
0 0.379310 0.568269 0.354885 0.566346 0.349856 0.555769 0.351293 0.534615 0.354885 0.531731 0.379310 0.531731 0.387931 0.535577 0.394397 0.544231 0.394397 0.559615 0.379310 0.568269
0 0.626437 0.454808 0.607759 0.450962 0.607040 0.446154 0.592672 0.426923 0.599138 0.427885 0.602730 0.423077 0.603448 0.404808 0.609195 0.400962 0.616379 0.400962 0.617098 0.405769 0.625718 0.415385 0.625718 0.421154 0.634339 0.428846 0.632902 0.448077 0.626437 0.454808
0 0.162356 0.412500 0.150862 0.412500 0.142241 0.406731 0.137213 0.396154 0.137213 0.378846 0.145115 0.370192 0.159483 0.370192 0.174569 0.382692 0.174569 0.400000 0.170977 0.400962 0.162356 0.412500
0 0.604885 0.522115 0.590517 0.520192 0.577586 0.512500 0.571121 0.501923 0.576868 0.488462 0.575431 0.486538 0.581897 0.483654 0.607759 0.500962 0.612787 0.511538 0.604885 0.522115
0 0.685345 0.177885 0.679598 0.175962 0.665948 0.163462 0.664511 0.148077 0.676724 0.129808 0.682471 0.125962 0.698276 0.127885 0.704023 0.131731 0.710489 0.142308 0.710489 0.153846 0.702586 0.166346 0.685345 0.177885
