0 0.113281 0.423828 0.089844 0.423828 0.068359 0.406250 0.068359 0.394531 0.072266 0.375000 0.089844 0.369141 0.107422 0.351562 0.113281 0.330078 0.115234 0.355469 0.130859 0.402344 0.115234 0.414062 0.113281 0.423828
0 0.167969 0.291016 0.148438 0.291016 0.123047 0.273438 0.119141 0.226562 0.140625 0.205078 0.179688 0.205078 0.201172 0.222656 0.201172 0.265625 0.167969 0.291016
0 0.597656 0.880859 0.583984 0.851562 0.548828 0.820312 0.552734 0.789062 0.589844 0.759766 0.605469 0.783203 0.636719 0.787109 0.644531 0.779297 0.650391 0.785156 0.650391 0.816406 0.658203 0.835938 0.656250 0.853516 0.625000 0.857422 0.597656 0.880859
0 0.527344 0.111328 0.496094 0.111328 0.480469 0.103516 0.462891 0.082031 0.462891 0.054688 0.488281 0.025391 0.531250 0.021484 0.548828 0.042969 0.556641 0.089844 0.527344 0.111328
0 0.109375 0.591797 0.097656 0.591797 0.087891 0.582031 0.083984 0.558594 0.089844 0.552734 0.105469 0.552734 0.115234 0.562500 0.115234 0.585938 0.109375 0.591797
0 0.218750 0.466797 0.183594 0.466797 0.167969 0.458984 0.146484 0.437500 0.130859 0.410156 0.123047 0.367188 0.115234 0.355469 0.115234 0.312500 0.136719 0.294922 0.179688 0.294922 0.199219 0.302734 0.212891 0.320312 0.216797 0.351562 0.197266 0.371094 0.230469 0.384766 0.240234 0.406250 0.240234 0.437500 0.218750 0.466797
0 0.996094 0.041016 0.968750 0.056641 0.937500 0.052734 0.916016 0.031250 0.916016 0.000000
0 0.458984 0.000000 0.447266 0.023438 0.417969 0.052734 0.375000 0.037109 0.355469 0.037109 0.345703 0.027344 0.337891 0.000000
0 0.468750 0.818359 0.433594 0.818359 0.384766 0.800781 0.384766 0.742188 0.398438 0.720703 0.468750 0.724609 0.490234 0.738281 0.498047 0.777344 0.490234 0.796875 0.468750 0.818359
0 0.679688 0.685547 0.656250 0.685547 0.638672 0.671875 0.638672 0.648438 0.644531 0.642578 0.683594 0.638672 0.693359 0.648438 0.693359 0.671875 0.679688 0.685547
0 0.000000 0.427734 0.011719 0.435547 0.041016 0.437500 0.000000 0.443359
0 0.386719 0.970703 0.355469 0.970703 0.322266 0.941406 0.322266 0.906250 0.332031 0.896484 0.367188 0.896484 0.392578 0.917969 0.400391 0.957031 0.386719 0.970703
0 0.753906 0.841797 0.722656 0.837891 0.701172 0.820312 0.693359 0.804688 0.697266 0.765625 0.738281 0.740234 0.773438 0.748047 0.787109 0.769531 0.783203 0.816406 0.769531 0.833984 0.753906 0.841797
0 0.820312 0.373047 0.789062 0.373047 0.767578 0.359375 0.763672 0.312500 0.769531 0.306641 0.785156 0.298828 0.820312 0.298828 0.837891 0.316406 0.837891 0.355469 0.820312 0.373047
0 0.623047 0.000000 0.642578 0.019531 0.642578 0.042969 0.638672 0.062500 0.617188 0.080078 0.574219 0.076172 0.568359 0.070312 0.560547 0.050781 0.564453 0.027344 0.556641 0.019531 0.576172 0.000000
0 0.000000 0.337891 0.011719 0.326172 0.023438 0.326172 0.052734 0.339844 0.052734 0.425781 0.039062 0.435547 0.011719 0.435547 0.000000 0.427734
0 0.886719 0.833984 0.859375 0.833984 0.833984 0.820312 0.818359 0.785156 0.824219 0.751953 0.855469 0.736328 0.882812 0.736328 0.908203 0.753906 0.916016 0.769531 0.916016 0.800781 0.912109 0.812500 0.886719 0.833984
0 0.162109 0.996094 0.183594 0.966797 0.203125 0.958984 0.230469 0.966797 0.244141 0.980469 0.248047 0.996094
0 0.566406 0.208984 0.535156 0.205078 0.509766 0.175781 0.513672 0.144531 0.535156 0.126953 0.570312 0.126953 0.595703 0.152344 0.591797 0.191406 0.566406 0.208984
0 0.832031 0.439453 0.796875 0.439453 0.779297 0.421875 0.779297 0.386719 0.785156 0.380859 0.808594 0.373047 0.835938 0.373047 0.853516 0.386719 0.853516 0.421875 0.832031 0.439453
0 0.343750 0.966797 0.322266 0.949219 0.324219 0.943359 0.343750 0.966797
0 0.398438 0.935547 0.392578 0.917969 0.375000 0.900391 0.341797 0.894531 0.361328 0.882812 0.357422 0.863281 0.386719 0.826172 0.421875 0.837891 0.441406 0.837891 0.455078 0.867188 0.455078 0.898438 0.443359 0.910156 0.443359 0.917969 0.406250 0.923828 0.398438 0.935547
0 0.230469 0.833984 0.214844 0.833984 0.208984 0.820312 0.214844 0.814453 0.230469 0.814453 0.236328 0.820312 0.230469 0.833984
0 0.218750 0.083984 0.167969 0.080078 0.146484 0.058594 0.146484 0.027344 0.167969 0.009766 0.195312 0.013672 0.228516 0.054688 0.228516 0.070312 0.218750 0.083984
0 0.541016 0.996094 0.541016 0.984375 0.558594 0.974609 0.589844 0.978516 0.607422 0.996094
0 0.191406 0.814453 0.167969 0.814453 0.150391 0.800781 0.146484 0.785156 0.160156 0.763672 0.183594 0.759766 0.201172 0.773438 0.205078 0.796875 0.191406 0.814453
0 0.789062 0.978516 0.750000 0.974609 0.724609 0.941406 0.728516 0.894531 0.753906 0.869141 0.781250 0.861328 0.812500 0.873047 0.833984 0.902344 0.833984 0.933594 0.826172 0.949219 0.812500 0.966797 0.789062 0.978516
0 0.218750 0.185547 0.191406 0.185547 0.185547 0.179688 0.193359 0.164062 0.187500 0.146484 0.173828 0.152344 0.177734 0.167969 0.171875 0.173828 0.164062 0.173828 0.150391 0.160156 0.150391 0.121094 0.160156 0.111328 0.207031 0.107422 0.228516 0.121094 0.228516 0.175781 0.218750 0.185547
0 0.636719 0.787109 0.605469 0.783203 0.587891 0.757812 0.591797 0.738281 0.605469 0.720703 0.636719 0.720703 0.658203 0.734375 0.658203 0.765625 0.636719 0.787109
0 0.195312 0.876953 0.177734 0.871094 0.183594 0.857422 0.201172 0.863281 0.195312 0.876953
0 0.722656 0.630859 0.707031 0.626953 0.701172 0.609375 0.681641 0.593750 0.685547 0.574219 0.707031 0.560547 0.738281 0.564453 0.755859 0.593750 0.751953 0.613281 0.746094 0.619141 0.730469 0.619141 0.722656 0.630859
0 0.191406 0.943359 0.177734 0.937500 0.183594 0.923828 0.197266 0.929688 0.191406 0.943359
0 0.140625 0.865234 0.126953 0.859375 0.132812 0.841797 0.150391 0.847656 0.140625 0.865234
0 0.351562 0.150391 0.306641 0.117188 0.310547 0.078125 0.332031 0.052734 0.367188 0.056641 0.414062 0.076172 0.423828 0.101562 0.417969 0.130859 0.367188 0.138672 0.351562 0.150391
0 0.574219 0.498047 0.519531 0.498047 0.509766 0.488281 0.505859 0.441406 0.515625 0.423828 0.535156 0.416016 0.566406 0.416016 0.587891 0.429688 0.595703 0.441406 0.595703 0.468750 0.587891 0.488281 0.574219 0.498047
0 0.621094 0.642578 0.582031 0.642578 0.556641 0.621094 0.552734 0.566406 0.562500 0.556641 0.621094 0.564453 0.646484 0.585938 0.638672 0.625000 0.621094 0.642578
0 0.179688 0.466797 0.156250 0.458984 0.134766 0.437500 0.136719 0.416016 0.146484 0.437500 0.179688 0.466797
0 0.566406 0.755859 0.542969 0.755859 0.521484 0.742188 0.521484 0.703125 0.542969 0.685547 0.574219 0.685547 0.587891 0.703125 0.587891 0.726562 0.572266 0.738281 0.566406 0.755859
0 0.000000 0.130859 0.019531 0.126953 0.048828 0.148438 0.048828 0.171875 0.025391 0.199219 0.025391 0.207031 0.003906 0.208984 0.000000 0.201172
0 0.416016 0.996094 0.412109 0.984375 0.423828 0.957031 0.445312 0.939453 0.468750 0.939453 0.500000 0.955078 0.505859 0.964844 0.505859 0.996094
0 0.666016 0.996094 0.683594 0.986328 0.707031 0.986328 0.728516 0.996094
0 0.109375 0.552734 0.089844 0.552734 0.066406 0.541016 0.048828 0.515625 0.048828 0.488281 0.056641 0.472656 0.070312 0.458984 0.101562 0.447266 0.132812 0.455078 0.154297 0.484375 0.154297 0.511719 0.146484 0.527344 0.109375 0.552734
0 0.472656 0.689453 0.460938 0.689453 0.431641 0.667969 0.435547 0.628906 0.453125 0.615234 0.480469 0.611328 0.492188 0.595703 0.503906 0.595703 0.509766 0.601562 0.501953 0.621094 0.509766 0.640625 0.509766 0.667969 0.472656 0.689453
0 0.322266 0.000000 0.318359 0.015625 0.300781 0.037109 0.261719 0.048828 0.253906 0.048828 0.207031 0.005859 0.169922 0.000000
0 0.097656 0.134766 0.058594 0.134766 0.033203 0.105469 0.048828 0.070312 0.066406 0.056641 0.093750 0.056641 0.115234 0.074219 0.115234 0.109375 0.097656 0.134766
0 0.664062 0.935547 0.625000 0.935547 0.607422 0.921875 0.595703 0.890625 0.617188 0.861328 0.636719 0.853516 0.671875 0.853516 0.681641 0.859375 0.693359 0.886719 0.693359 0.910156 0.679688 0.927734 0.664062 0.935547
0 0.507812 0.935547 0.492188 0.923828 0.478516 0.921875 0.478516 0.890625 0.492188 0.876953 0.509766 0.871094 0.505859 0.859375 0.511719 0.853516 0.554688 0.857422 0.568359 0.871094 0.568359 0.910156 0.558594 0.919922 0.527344 0.919922 0.507812 0.935547
0 0.285156 0.240234 0.261719 0.236328 0.240234 0.214844 0.240234 0.167969 0.253906 0.150391 0.292969 0.154297 0.318359 0.187500 0.314453 0.214844 0.285156 0.240234
0 0.773438 0.720703 0.746094 0.720703 0.728516 0.679688 0.746094 0.646484 0.796875 0.642578 0.810547 0.664062 0.810547 0.683594 0.802734 0.703125 0.773438 0.720703
0 0.033203 0.996094 0.041016 0.976562 0.066406 0.955078 0.097656 0.955078 0.119141 0.976562 0.123047 0.996094
0 0.433594 0.236328 0.398438 0.236328 0.378906 0.228516 0.357422 0.207031 0.353516 0.179688 0.375000 0.158203 0.441406 0.146484 0.453125 0.154297 0.470703 0.179688 0.470703 0.195312 0.462891 0.214844 0.433594 0.236328
0 0.089844 0.298828 0.046875 0.294922 0.021484 0.269531 0.025391 0.246094 0.046875 0.224609 0.070312 0.220703 0.099609 0.242188 0.107422 0.269531 0.089844 0.298828
