0 0.227987 0.483416 0.224057 0.483416 0.222091 0.479270 0.222091 0.470978 0.222877 0.466003 0.227201 0.456882 0.231132 0.456882 0.233097 0.461028 0.233097 0.469320 0.229953 0.474295 0.229953 0.479270 0.227987 0.483416
0 0.168239 0.529851 0.158805 0.529851 0.155660 0.526534 0.152123 0.519071 0.152123 0.515755 0.155660 0.506633 0.158805 0.506633 0.169418 0.524046 0.168239 0.529851
0 0.514151 0.445274 0.511399 0.442786 0.511399 0.436153 0.515723 0.432007 0.517689 0.439469 0.514151 0.445274
0 0.429245 0.458541 0.425314 0.458541 0.422563 0.452736 0.424528 0.443615 0.430818 0.443615 0.431997 0.446103 0.431997 0.452736 0.429245 0.458541
0 0.374214 0.387231 0.369104 0.381426 0.369104 0.376451 0.371855 0.370647 0.373428 0.370647 0.375393 0.376451 0.375393 0.384743 0.374214 0.387231
0 0.539308 0.549751 0.536950 0.549751 0.534984 0.545605 0.534198 0.538972 0.535377 0.536484 0.540881 0.534826 0.543632 0.538972 0.543632 0.542289 0.539308 0.549751
0 0.529874 0.572968 0.525157 0.571310 0.523192 0.563847 0.532233 0.553068 0.534198 0.558872 0.534198 0.563847 0.529874 0.572968
0 0.283805 0.790216 0.280660 0.790216 0.278695 0.786070 0.277909 0.772803 0.280660 0.765340 0.283805 0.768657 0.286557 0.767828 0.286557 0.784411 0.283805 0.790216
0 0.468553 0.423715 0.465802 0.421227 0.465802 0.411277 0.473270 0.403814 0.475236 0.407960 0.475236 0.414594 0.472484 0.422056 0.468553 0.423715
0 0.310535 0.375622 0.305818 0.375622 0.303066 0.369818 0.303066 0.366501 0.306604 0.357380 0.308962 0.357380 0.311714 0.366501 0.311714 0.373134 0.310535 0.375622
0 0.265723 0.468491 0.258648 0.466833 0.257469 0.464345 0.257469 0.454395 0.259434 0.450249 0.261792 0.450249 0.267689 0.461028 0.265723 0.468491
0 0.402516 0.762023 0.398978 0.759536 0.398192 0.744610 0.400943 0.738806 0.408019 0.738806 0.409984 0.751244 0.406447 0.760365 0.402516 0.762023
0 0.535377 0.634328 0.531447 0.634328 0.530267 0.631841 0.532233 0.621061 0.534591 0.621061 0.536557 0.626866 0.535377 0.634328
0 0.395440 0.780265 0.391116 0.776119 0.389544 0.767828 0.390723 0.762023 0.395440 0.763682 0.397406 0.767828 0.397406 0.776119 0.395440 0.780265
0 0.160377 0.587894 0.154088 0.587894 0.152123 0.580431 0.156447 0.572968 0.161164 0.571310 0.162343 0.573798 0.162343 0.583748 0.160377 0.587894
0 0.357704 0.397181 0.355346 0.397181 0.351808 0.389718 0.351808 0.384743 0.350236 0.381426 0.350236 0.373134 0.351415 0.370647 0.355346 0.370647 0.358884 0.378109 0.359670 0.389718 0.357704 0.397181
0 0.258648 0.728856 0.251965 0.728027 0.250393 0.718076 0.252358 0.707297 0.255503 0.707297 0.258255 0.711443 0.258648 0.728856
0 0.268868 0.390547 0.266509 0.390547 0.264544 0.386401 0.263758 0.381426 0.264937 0.378939 0.268082 0.380597 0.270047 0.384743 0.268868 0.390547
0 0.319182 0.405473 0.315252 0.402156 0.310928 0.391376 0.311714 0.381426 0.315252 0.372305 0.316824 0.372305 0.320362 0.379768 0.320362 0.402985 0.319182 0.405473
0 0.316824 0.765340 0.314465 0.765340 0.309355 0.757877 0.309355 0.749585 0.316038 0.735489 0.318003 0.737977 0.318003 0.762852 0.316824 0.765340
0 0.500000 0.647595 0.494890 0.640133 0.494890 0.631841 0.496855 0.627695 0.501572 0.626036 0.503538 0.630182 0.503538 0.636816 0.502752 0.643449 0.500000 0.647595
0 0.422170 0.412106 0.418632 0.411277 0.418632 0.393035 0.426101 0.385572 0.428066 0.393035 0.428066 0.404643 0.426101 0.410448 0.422170 0.412106
0 0.195755 0.450249 0.192610 0.450249 0.187500 0.442786 0.187500 0.439469 0.192610 0.430348 0.195755 0.430348 0.197720 0.436153 0.196934 0.447761 0.195755 0.450249
0 0.450472 0.476783 0.446148 0.472637 0.445362 0.462687 0.451258 0.455224 0.453616 0.455224 0.455582 0.466003 0.450472 0.476783
0 0.443396 0.378939 0.439858 0.376451 0.439858 0.369818 0.441824 0.365672 0.444969 0.364013 0.446148 0.366501 0.446148 0.374793 0.443396 0.378939
0 0.397013 0.436982 0.394261 0.434494 0.394261 0.424544 0.395833 0.416252 0.398585 0.413765 0.398978 0.432836 0.397013 0.436982
0 0.148585 0.546434 0.144654 0.543118 0.139151 0.543118 0.135613 0.535655 0.135613 0.532338 0.142296 0.521559 0.149371 0.523217 0.153695 0.532338 0.155267 0.540630 0.151730 0.541459 0.148585 0.546434
0 0.470126 0.563018 0.468160 0.560531 0.468160 0.548922 0.470126 0.543118 0.471698 0.543118 0.475236 0.552239 0.475236 0.558872 0.474057 0.561360 0.471698 0.559701 0.470126 0.563018
0 0.253145 0.398839 0.249214 0.398839 0.247248 0.394693 0.248035 0.388060 0.250786 0.383914 0.253931 0.383914 0.255110 0.386401 0.253145 0.398839
0 0.549528 0.529851 0.546777 0.527363 0.546777 0.522388 0.549528 0.516584 0.551101 0.516584 0.552280 0.524046 0.549528 0.529851
0 0.290094 0.732172 0.284984 0.723051 0.284984 0.718076 0.286950 0.713930 0.289308 0.715589 0.291274 0.721393 0.290094 0.732172
0 0.488208 0.596186 0.485063 0.596186 0.480739 0.583748 0.480739 0.578773 0.485063 0.572968 0.487814 0.575456 0.489387 0.583748 0.489387 0.593698 0.488208 0.596186
0 0.485063 0.566335 0.482704 0.566335 0.478381 0.558872 0.479167 0.548922 0.481132 0.544776 0.485849 0.546434 0.488601 0.552239 0.489387 0.560531 0.485063 0.566335
0 0.352201 0.791874 0.349057 0.791874 0.345519 0.784411 0.346698 0.776949 0.352201 0.775290 0.354167 0.779436 0.354167 0.787728 0.352201 0.791874
0 0.548742 0.569652 0.544811 0.567993 0.543632 0.560531 0.547956 0.561360 0.549135 0.563847 0.548742 0.569652
0 0.250786 0.790216 0.246069 0.788557 0.244890 0.781095 0.250000 0.773632 0.252358 0.773632 0.253538 0.776119 0.253538 0.786070 0.250786 0.790216
0 0.536950 0.523217 0.533019 0.523217 0.529481 0.517413 0.529481 0.514096 0.538522 0.506633 0.539701 0.509121 0.539701 0.517413 0.536950 0.523217
0 0.464623 0.682421 0.459906 0.680763 0.457940 0.674959 0.458726 0.660033 0.459906 0.657546 0.463836 0.657546 0.467374 0.663350 0.467374 0.674959 0.464623 0.682421
0 0.345912 0.397181 0.343553 0.397181 0.336871 0.386401 0.336871 0.379768 0.340409 0.370647 0.345126 0.370647 0.346305 0.373134 0.347877 0.389718 0.345912 0.397181
0 0.477201 0.626036 0.473270 0.626036 0.472091 0.623549 0.471305 0.610282 0.472484 0.607794 0.474843 0.607794 0.479953 0.615257 0.479953 0.620232 0.477201 0.626036
0 0.431604 0.682421 0.426101 0.680763 0.424135 0.676617 0.424135 0.665008 0.430031 0.655887 0.432783 0.661692 0.433569 0.669983 0.431604 0.682421
0 0.441038 0.639303 0.437893 0.639303 0.436714 0.633499 0.438286 0.630182 0.439072 0.618574 0.442610 0.616086 0.443789 0.618574 0.444575 0.633499 0.441038 0.639303
0 0.452044 0.745439 0.449292 0.742952 0.449292 0.734660 0.451258 0.728856 0.454009 0.731343 0.454009 0.737977 0.452044 0.745439
0 0.170597 0.762023 0.164308 0.762023 0.163129 0.754561 0.166667 0.747098 0.169025 0.747098 0.171777 0.754561 0.170597 0.762023
0 0.304245 0.405473 0.301101 0.405473 0.299135 0.401327 0.299135 0.386401 0.301101 0.378939 0.304245 0.380597 0.307783 0.393035 0.307783 0.398010 0.304245 0.405473
0 0.525157 0.548093 0.522799 0.548093 0.520833 0.540630 0.520833 0.530680 0.522799 0.524876 0.529481 0.532338 0.528695 0.542289 0.525157 0.548093
0 0.415881 0.385572 0.413915 0.383085 0.411557 0.373134 0.412736 0.365672 0.417453 0.365672 0.420991 0.373134 0.420991 0.376451 0.415881 0.385572
0 0.447327 0.432007 0.442610 0.432007 0.439072 0.419569 0.440645 0.409619 0.442610 0.405473 0.445755 0.405473 0.448506 0.412935 0.449292 0.427861 0.447327 0.432007
0 0.123428 0.567993 0.118711 0.566335 0.117531 0.563847 0.117531 0.557214 0.122642 0.548093 0.125000 0.548093 0.126179 0.550580 0.126179 0.562189 0.123428 0.567993
0 0.186321 0.501658 0.184748 0.501658 0.181997 0.495854 0.181211 0.489221 0.182390 0.485075 0.186321 0.481758 0.194575 0.489221 0.194575 0.494196 0.192610 0.500000 0.186321 0.501658
0 0.465409 0.450249 0.460692 0.450249 0.458726 0.446103 0.458726 0.441128 0.464623 0.428690 0.471698 0.430348 0.472877 0.432836 0.472091 0.439469 0.467767 0.448590 0.465409 0.450249
0 0.332547 0.398839 0.329403 0.398839 0.324292 0.388060 0.324292 0.378109 0.327044 0.370647 0.330975 0.372305 0.333726 0.378109 0.334513 0.394693 0.332547 0.398839
0 0.408019 0.699005 0.404874 0.699005 0.402123 0.693201 0.402123 0.684909 0.403302 0.682421 0.409591 0.680763 0.412343 0.686567 0.412343 0.691542 0.408019 0.699005
0 0.389151 0.422056 0.386006 0.422056 0.383255 0.416252 0.384041 0.407960 0.387579 0.397181 0.395440 0.397181 0.396619 0.399668 0.396619 0.407960 0.393082 0.412106 0.389151 0.422056
0 0.159591 0.563018 0.150943 0.561360 0.147406 0.555556 0.147406 0.548922 0.151730 0.541459 0.157233 0.543118 0.162343 0.553897 0.162343 0.557214 0.159591 0.563018
0 0.485849 0.715589 0.480346 0.715589 0.478381 0.711443 0.478381 0.699834 0.481132 0.694030 0.483491 0.694030 0.487028 0.701493 0.487814 0.709784 0.485849 0.715589
0 0.159591 0.702322 0.151730 0.700663 0.148978 0.694859 0.148978 0.689884 0.154874 0.680763 0.161950 0.679104 0.163915 0.683250 0.163915 0.694859 0.159591 0.702322
0 0.466981 0.536484 0.464623 0.536484 0.461085 0.530680 0.459513 0.522388 0.460692 0.514925 0.463050 0.514925 0.467374 0.524046 0.468160 0.533997 0.466981 0.536484
0 0.492138 0.408789 0.485063 0.407131 0.483884 0.399668 0.489780 0.393864 0.493318 0.402985 0.492138 0.408789
0 0.418239 0.674129 0.415881 0.674129 0.413129 0.668325 0.415094 0.660862 0.418239 0.660862 0.419418 0.663350 0.420204 0.669983 0.418239 0.674129
0 0.503931 0.616086 0.500393 0.613599 0.500393 0.601990 0.502358 0.597844 0.505503 0.596186 0.511399 0.605307 0.508648 0.612769 0.503931 0.616086
0 0.361635 0.785240 0.358884 0.782753 0.358884 0.777778 0.362421 0.770315 0.363994 0.770315 0.365173 0.772803 0.365173 0.779436 0.361635 0.785240
0 0.457547 0.717247 0.452437 0.713101 0.452437 0.701493 0.455582 0.694859 0.456761 0.687396 0.458333 0.687396 0.461085 0.696517 0.461085 0.709784 0.457547 0.717247
0 0.515723 0.599502 0.512972 0.595357 0.512972 0.588723 0.515723 0.582919 0.518868 0.582919 0.521226 0.577944 0.523192 0.582090 0.521619 0.593698 0.519654 0.597844 0.515723 0.599502
0 0.475629 0.665837 0.470519 0.658375 0.471305 0.648425 0.475629 0.642620 0.478774 0.642620 0.481525 0.648425 0.481525 0.655058 0.475629 0.665837
0 0.334906 0.463516 0.331368 0.461028 0.330582 0.454395 0.331761 0.451907 0.334119 0.451907 0.336085 0.456053 0.334906 0.463516
0 0.441038 0.521559 0.437500 0.519071 0.438679 0.508292 0.441431 0.517413 0.441038 0.521559
0 0.414308 0.730514 0.408805 0.730514 0.406053 0.726368 0.406840 0.714760 0.409591 0.707297 0.413522 0.708955 0.415487 0.713101 0.416274 0.726368 0.414308 0.730514
0 0.458333 0.563018 0.455189 0.563018 0.451651 0.557214 0.451651 0.552239 0.456761 0.543118 0.458333 0.543118 0.461871 0.552239 0.461871 0.557214 0.458333 0.563018
0 0.139937 0.703980 0.134041 0.698176 0.133255 0.688226 0.135220 0.682421 0.141509 0.679104 0.143475 0.684909 0.144261 0.694859 0.139937 0.703980
0 0.411950 0.418740 0.410377 0.418740 0.408019 0.412106 0.404874 0.412106 0.402909 0.407960 0.403695 0.399668 0.408019 0.392206 0.411164 0.392206 0.414701 0.399668 0.414701 0.412935 0.411950 0.418740
0 0.486635 0.493367 0.483884 0.490879 0.483884 0.480929 0.486242 0.472637 0.487421 0.470149 0.493711 0.470149 0.494890 0.472637 0.494104 0.480929 0.486635 0.493367
0 0.118711 0.669154 0.114780 0.667496 0.113601 0.665008 0.113601 0.658375 0.116352 0.647595 0.121855 0.647595 0.125393 0.655058 0.125393 0.660033 0.122642 0.667496 0.118711 0.669154
0 0.202830 0.707297 0.200079 0.701493 0.200079 0.694859 0.205189 0.689055 0.207154 0.696517 0.202830 0.707297
0 0.284591 0.755390 0.280267 0.751244 0.280267 0.742952 0.277123 0.737977 0.278302 0.735489 0.281447 0.735489 0.283805 0.732172 0.286557 0.736318 0.288129 0.742952 0.288129 0.751244 0.284591 0.755390
0 0.470912 0.700663 0.467374 0.696517 0.467374 0.686567 0.470912 0.677446 0.473270 0.677446 0.476022 0.683250 0.476022 0.688226 0.475236 0.693201 0.470912 0.700663
0 0.500786 0.475124 0.498035 0.472637 0.498035 0.466003 0.500393 0.456053 0.501572 0.453566 0.507075 0.453566 0.508255 0.456053 0.507469 0.466003 0.500786 0.475124
0 0.244497 0.743781 0.235849 0.742123 0.233884 0.737977 0.233884 0.731343 0.236635 0.723881 0.241352 0.718905 0.244104 0.723051 0.244104 0.728027 0.245676 0.731343 0.245676 0.741294 0.244497 0.743781
0 0.251572 0.456882 0.250000 0.456882 0.244890 0.446103 0.244890 0.434494 0.247642 0.428690 0.250000 0.428690 0.255110 0.439469 0.254324 0.449420 0.251572 0.456882
0 0.356132 0.768657 0.353381 0.766169 0.352594 0.751244 0.356132 0.743781 0.363994 0.747098 0.365173 0.749585 0.364387 0.762852 0.363208 0.765340 0.358491 0.763682 0.356132 0.768657
0 0.495283 0.592869 0.493318 0.590381 0.491745 0.575456 0.492925 0.572968 0.500000 0.572968 0.501179 0.575456 0.501179 0.585406 0.499214 0.591211 0.495283 0.592869
0 0.450472 0.405473 0.446934 0.398010 0.448899 0.388889 0.452044 0.388889 0.454796 0.394693 0.454796 0.399668 0.450472 0.405473
0 0.508648 0.498342 0.504717 0.498342 0.499607 0.487562 0.499607 0.482587 0.501572 0.478441 0.507075 0.476783 0.512186 0.487562 0.512186 0.494196 0.508648 0.498342
0 0.275157 0.722222 0.273192 0.714760 0.273192 0.708126 0.274371 0.705638 0.275943 0.705638 0.277909 0.711443 0.277123 0.718076 0.275157 0.722222
0 0.264937 0.708955 0.261792 0.707297 0.258255 0.699834 0.258255 0.694859 0.261006 0.689055 0.262579 0.689055 0.266116 0.696517 0.266116 0.706468 0.264937 0.708955
0 0.441038 0.675788 0.438679 0.675788 0.436714 0.671642 0.436714 0.655058 0.437893 0.652570 0.441824 0.654229 0.443789 0.660033 0.443789 0.668325 0.441038 0.675788
0 0.293239 0.412106 0.290094 0.412106 0.288129 0.402985 0.288915 0.386401 0.290881 0.382255 0.294025 0.383914 0.296777 0.393035 0.295991 0.406302 0.293239 0.412106
0 0.367138 0.742123 0.363208 0.742123 0.359670 0.736318 0.358097 0.731343 0.358097 0.721393 0.359277 0.718905 0.364780 0.720564 0.366745 0.724710 0.368318 0.731343 0.368318 0.739635 0.367138 0.742123
0 0.382862 0.398839 0.378145 0.398839 0.376965 0.396352 0.376965 0.389718 0.383255 0.371476 0.386006 0.370647 0.387186 0.373134 0.387186 0.389718 0.382862 0.398839
0 0.526730 0.655887 0.522799 0.655887 0.521619 0.653400 0.521619 0.648425 0.523585 0.644279 0.526730 0.644279 0.528695 0.648425 0.526730 0.655887
0 0.173742 0.684080 0.168632 0.676617 0.168632 0.668325 0.169811 0.665837 0.176101 0.664179 0.177280 0.666667 0.177280 0.676617 0.173742 0.684080
0 0.417453 0.445274 0.414701 0.442786 0.414701 0.421227 0.415881 0.418740 0.419811 0.423715 0.422170 0.422056 0.423349 0.424544 0.421777 0.437811 0.417453 0.445274
0 0.312107 0.742123 0.308176 0.742123 0.306211 0.737977 0.306211 0.716418 0.307390 0.713930 0.311321 0.715589 0.316431 0.729685 0.316431 0.734660 0.312107 0.742123
0 0.149371 0.675788 0.147406 0.673300 0.147406 0.658375 0.149371 0.654229 0.158019 0.654229 0.160770 0.660033 0.160770 0.668325 0.159591 0.670813 0.149371 0.675788
0 0.491352 0.539801 0.485063 0.539801 0.483097 0.535655 0.483097 0.530680 0.485849 0.523217 0.490566 0.524876 0.493318 0.530680 0.491352 0.539801
0 0.135220 0.669154 0.129717 0.669154 0.128538 0.666667 0.131289 0.647595 0.142689 0.655058 0.142689 0.660033 0.139937 0.665837 0.135220 0.669154
0 0.294811 0.456882 0.292453 0.456882 0.290487 0.452736 0.290487 0.442786 0.291667 0.440299 0.297956 0.441957 0.299135 0.444444 0.299135 0.449420 0.294811 0.456882
0 0.187893 0.476783 0.180818 0.475124 0.178852 0.470978 0.179638 0.459370 0.180818 0.456882 0.184748 0.456882 0.189072 0.462687 0.189858 0.472637 0.187893 0.476783
0 0.397799 0.392206 0.392296 0.392206 0.391116 0.389718 0.391903 0.381426 0.393868 0.377280 0.397799 0.377280 0.398978 0.379768 0.398978 0.389718 0.397799 0.392206
0 0.435535 0.710614 0.432390 0.710614 0.430425 0.706468 0.431997 0.698176 0.430425 0.693201 0.430425 0.684909 0.432390 0.680763 0.436321 0.682421 0.440645 0.693201 0.440645 0.701493 0.435535 0.710614
0 0.322327 0.466833 0.318396 0.466833 0.315645 0.456053 0.316824 0.453566 0.323113 0.453566 0.324292 0.456053 0.324292 0.462687 0.322327 0.466833
0 0.386792 0.715589 0.384041 0.711443 0.384041 0.698176 0.385220 0.695688 0.386792 0.695688 0.390330 0.706468 0.390330 0.711443 0.386792 0.715589
0 0.102987 0.581260 0.099843 0.581260 0.098664 0.578773 0.098664 0.573798 0.101415 0.567993 0.105739 0.572139 0.105739 0.575456 0.102987 0.581260
0 0.336478 0.368988 0.333333 0.368988 0.332154 0.366501 0.332154 0.359867 0.333333 0.357380 0.336478 0.357380 0.338443 0.361526 0.336478 0.368988
0 0.183962 0.753731 0.179245 0.753731 0.175708 0.746269 0.175708 0.734660 0.177673 0.725539 0.180818 0.727197 0.185928 0.737977 0.185928 0.749585 0.183962 0.753731
0 0.472484 0.514925 0.470912 0.514925 0.468947 0.509121 0.468947 0.500829 0.472484 0.491708 0.476022 0.497512 0.476022 0.502488 0.472484 0.514925
0 0.559748 0.549751 0.555031 0.549751 0.553852 0.543947 0.558176 0.539801 0.560928 0.543947 0.559748 0.549751
0 0.301101 0.708955 0.294025 0.708955 0.292846 0.706468 0.293632 0.698176 0.294811 0.695688 0.303459 0.695688 0.304638 0.698176 0.304638 0.704809 0.301101 0.708955
0 0.310535 0.448590 0.307390 0.448590 0.303066 0.442786 0.302280 0.429519 0.303459 0.427032 0.308962 0.430348 0.311714 0.436153 0.311714 0.446103 0.310535 0.448590
0 0.376572 0.740464 0.375000 0.740464 0.370676 0.728027 0.370676 0.719735 0.375000 0.708955 0.378145 0.710614 0.380896 0.721393 0.380896 0.728027 0.376572 0.740464
0 0.352201 0.428690 0.349057 0.428690 0.345519 0.421227 0.345519 0.412935 0.349057 0.403814 0.353774 0.402156 0.357311 0.411277 0.357311 0.419569 0.352201 0.428690
0 0.353774 0.742123 0.346698 0.742123 0.343160 0.734660 0.343160 0.729685 0.347484 0.717247 0.352594 0.723051 0.354953 0.734660 0.353774 0.742123
0 0.238994 0.715589 0.236635 0.715589 0.235456 0.709784 0.239780 0.700663 0.244497 0.700663 0.244890 0.706468 0.238994 0.715589
0 0.191038 0.690713 0.188286 0.689884 0.188286 0.683250 0.191824 0.680763 0.193003 0.684909 0.191038 0.690713
0 0.556604 0.504975 0.553459 0.504975 0.552280 0.502488 0.554245 0.495025 0.557783 0.497512 0.556604 0.504975
0 0.436321 0.435323 0.429245 0.433665 0.427280 0.429519 0.427280 0.417910 0.430818 0.407131 0.433176 0.407131 0.436714 0.414594 0.437500 0.432836 0.436321 0.435323
0 0.508648 0.582919 0.506682 0.570481 0.510220 0.564677 0.514151 0.564677 0.516116 0.568823 0.516116 0.575456 0.514937 0.577944 0.511006 0.577944 0.508648 0.582919
0 0.262579 0.420398 0.258648 0.418740 0.256682 0.412935 0.256682 0.399668 0.258648 0.395522 0.264937 0.397181 0.270047 0.409619 0.270047 0.416252 0.268868 0.418740 0.264151 0.417081 0.262579 0.420398
0 0.336478 0.753731 0.329796 0.739635 0.329796 0.731343 0.332547 0.723881 0.335692 0.727197 0.337264 0.723881 0.340016 0.726368 0.339230 0.746269 0.336478 0.753731
0 0.461478 0.500000 0.456761 0.500000 0.454009 0.495854 0.453223 0.485904 0.455975 0.480100 0.459119 0.478441 0.463443 0.482587 0.463443 0.495854 0.461478 0.500000
0 0.402516 0.460199 0.397799 0.460199 0.396619 0.457711 0.396619 0.451078 0.397799 0.448590 0.402516 0.450249 0.403695 0.452736 0.402516 0.460199
0 0.164308 0.738806 0.159591 0.738806 0.156840 0.733002 0.157626 0.723051 0.161164 0.717247 0.169025 0.718905 0.171777 0.724710 0.171777 0.729685 0.169811 0.733831 0.164308 0.738806
0 0.469340 0.727197 0.464623 0.727197 0.463443 0.724710 0.463443 0.719735 0.467767 0.708955 0.471305 0.711443 0.471305 0.721393 0.469340 0.727197
0 0.209119 0.511609 0.206761 0.511609 0.205582 0.505804 0.200865 0.499171 0.202044 0.493367 0.205189 0.493367 0.210299 0.500829 0.211085 0.507463 0.209119 0.511609
0 0.421384 0.755390 0.415881 0.755390 0.413915 0.749585 0.414701 0.739635 0.419025 0.730514 0.422170 0.730514 0.424921 0.741294 0.424921 0.747927 0.421384 0.755390
0 0.133648 0.602819 0.130503 0.602819 0.124607 0.597015 0.125393 0.578773 0.126572 0.576285 0.132862 0.576285 0.137186 0.583748 0.137972 0.595357 0.133648 0.602819
0 0.457547 0.440299 0.453616 0.438640 0.451651 0.432836 0.452437 0.416252 0.455189 0.405473 0.458333 0.407131 0.462657 0.414594 0.461871 0.432836 0.459906 0.438640 0.457547 0.440299
0 0.340409 0.717247 0.333333 0.717247 0.332154 0.711443 0.333333 0.708955 0.340409 0.708955 0.341588 0.711443 0.340409 0.717247
0 0.531447 0.607794 0.529088 0.607794 0.527123 0.603648 0.527123 0.595357 0.529874 0.589552 0.531447 0.589552 0.534198 0.595357 0.534198 0.600332 0.531447 0.607794
0 0.205189 0.483416 0.202044 0.483416 0.197720 0.474295 0.197720 0.462687 0.201258 0.453566 0.204403 0.453566 0.207940 0.459370 0.207940 0.464345 0.205582 0.467662 0.207154 0.472637 0.207154 0.479270 0.205189 0.483416
0 0.208333 0.445274 0.203616 0.445274 0.202437 0.442786 0.202437 0.436153 0.205189 0.425373 0.211478 0.423715 0.214230 0.427861 0.214230 0.436153 0.208333 0.445274
0 0.511792 0.556385 0.510220 0.556385 0.505896 0.545605 0.507075 0.538143 0.511792 0.538143 0.516903 0.543947 0.516903 0.552239 0.511792 0.556385
0 0.297170 0.433665 0.290881 0.433665 0.287343 0.426202 0.287343 0.419569 0.290881 0.412106 0.297956 0.412106 0.301494 0.419569 0.301494 0.426202 0.297170 0.433665
0 0.334906 0.798507 0.331761 0.798507 0.330582 0.791045 0.335692 0.783582 0.338050 0.783582 0.339230 0.786070 0.339230 0.794362 0.334906 0.798507
0 0.302673 0.742123 0.298742 0.742123 0.295204 0.733002 0.295204 0.723051 0.298742 0.717247 0.301101 0.717247 0.303066 0.724710 0.303852 0.739635 0.302673 0.742123
0 0.244497 0.478441 0.239780 0.475124 0.235456 0.464345 0.235456 0.456053 0.236635 0.453566 0.243711 0.458541 0.245676 0.462687 0.245676 0.475954 0.244497 0.478441
0 0.235063 0.773632 0.231918 0.771973 0.228381 0.761194 0.228381 0.754561 0.231132 0.747098 0.235849 0.748756 0.237814 0.754561 0.237814 0.764511 0.235063 0.773632
0 0.376572 0.430348 0.375000 0.430348 0.371462 0.421227 0.372248 0.411277 0.375786 0.403814 0.377752 0.404643 0.380896 0.414594 0.380896 0.422886 0.376572 0.430348
0 0.430818 0.377280 0.427280 0.374793 0.426494 0.366501 0.427673 0.364013 0.430818 0.364013 0.431997 0.366501 0.431997 0.374793 0.430818 0.377280
0 0.544811 0.611111 0.543239 0.611111 0.542060 0.605307 0.544811 0.599502 0.546384 0.599502 0.547563 0.606965 0.544811 0.611111
0 0.271226 0.798507 0.268475 0.794362 0.268475 0.787728 0.269261 0.777778 0.272799 0.775290 0.275550 0.784411 0.275550 0.792703 0.271226 0.798507
0 0.518082 0.480100 0.515723 0.480100 0.511399 0.469320 0.514151 0.458541 0.518082 0.461857 0.520833 0.467662 0.520833 0.474295 0.518082 0.480100
0 0.178459 0.523217 0.175314 0.523217 0.167453 0.509950 0.164701 0.504146 0.164701 0.499171 0.165881 0.496683 0.169811 0.496683 0.179245 0.501658 0.180425 0.504146 0.181211 0.515755 0.178459 0.523217
0 0.385220 0.448590 0.382075 0.448590 0.380110 0.444444 0.380110 0.439469 0.385220 0.430348 0.387579 0.430348 0.389544 0.434494 0.389544 0.442786 0.385220 0.448590
0 0.325472 0.763682 0.323899 0.763682 0.321934 0.757877 0.321148 0.739635 0.323113 0.735489 0.325472 0.735489 0.329796 0.742952 0.329796 0.752902 0.325472 0.763682
0 0.466195 0.476783 0.458726 0.466003 0.460692 0.458541 0.467767 0.456882 0.468947 0.459370 0.468947 0.470978 0.466195 0.476783
0 0.437107 0.475124 0.434355 0.469320 0.436321 0.465174 0.438286 0.467662 0.437107 0.475124
0 0.465409 0.652570 0.461871 0.648425 0.461871 0.636816 0.469340 0.631012 0.470519 0.638474 0.468947 0.646766 0.465409 0.652570
0 0.382862 0.781924 0.377752 0.776119 0.376965 0.771144 0.378931 0.763682 0.381289 0.763682 0.384827 0.769486 0.384827 0.777778 0.382862 0.781924
0 0.305818 0.801824 0.302280 0.797678 0.303459 0.790216 0.305031 0.790216 0.306997 0.796020 0.305818 0.801824
0 0.208333 0.770315 0.204009 0.766169 0.204009 0.756219 0.207547 0.748756 0.214623 0.743781 0.215802 0.746269 0.215802 0.756219 0.208333 0.770315
0 0.146226 0.611111 0.143082 0.611111 0.141116 0.606965 0.140330 0.600332 0.143082 0.591211 0.148585 0.589552 0.152909 0.597015 0.152909 0.600332 0.146226 0.611111
0 0.115566 0.635987 0.110849 0.635987 0.108097 0.630182 0.108097 0.623549 0.112421 0.616086 0.121069 0.617745 0.123035 0.621891 0.123035 0.626866 0.115566 0.635987
0 0.255503 0.425373 0.247642 0.425373 0.242531 0.412935 0.243318 0.406302 0.244497 0.403814 0.250786 0.403814 0.256682 0.419569 0.255503 0.425373
0 0.477201 0.395522 0.473270 0.393864 0.471305 0.389718 0.472484 0.382255 0.476415 0.380597 0.477594 0.383085 0.478381 0.393035 0.477201 0.395522
0 0.464623 0.622720 0.460692 0.622720 0.458726 0.618574 0.458726 0.601990 0.460692 0.596186 0.463836 0.596186 0.465802 0.600332 0.465802 0.620232 0.464623 0.622720
0 0.422170 0.712272 0.419025 0.710614 0.415487 0.701493 0.415487 0.694859 0.417453 0.687396 0.422956 0.685738 0.427280 0.693201 0.425708 0.708126 0.422170 0.712272
0 0.341981 0.699005 0.338836 0.695688 0.334906 0.699005 0.333726 0.696517 0.333726 0.689884 0.335692 0.685738 0.341195 0.687396 0.343160 0.691542 0.341981 0.699005
0 0.499214 0.672471 0.495283 0.672471 0.493318 0.668325 0.493318 0.656716 0.494497 0.654229 0.498428 0.654229 0.500393 0.658375 0.500393 0.669983 0.499214 0.672471
0 0.522013 0.627695 0.517689 0.620232 0.520440 0.612769 0.522799 0.612769 0.524764 0.616915 0.523978 0.623549 0.522013 0.627695
0 0.365566 0.713930 0.363208 0.713930 0.360063 0.708955 0.358884 0.703151 0.360063 0.700663 0.363208 0.700663 0.366745 0.708126 0.365566 0.713930
0 0.141509 0.513267 0.139151 0.513267 0.137186 0.509121 0.137186 0.500829 0.139151 0.496683 0.143082 0.498342 0.145833 0.504146 0.145833 0.507463 0.141509 0.513267
0 0.365566 0.438640 0.361635 0.438640 0.358884 0.429519 0.359670 0.422886 0.362421 0.417081 0.364780 0.417081 0.366745 0.424544 0.366745 0.436153 0.365566 0.438640
0 0.272799 0.770315 0.269261 0.764511 0.268475 0.752902 0.269261 0.744610 0.271226 0.740464 0.275943 0.745439 0.278695 0.754561 0.278695 0.761194 0.272799 0.770315
0 0.219340 0.496683 0.214623 0.496683 0.209906 0.491708 0.208726 0.489221 0.209513 0.479270 0.212264 0.476783 0.218553 0.486733 0.220519 0.490879 0.219340 0.496683
0 0.531447 0.496683 0.526730 0.495025 0.524764 0.489221 0.524764 0.477612 0.528302 0.471808 0.530660 0.471808 0.533412 0.477612 0.532626 0.494196 0.531447 0.496683
0 0.505503 0.441957 0.500000 0.440299 0.494890 0.431177 0.494890 0.427861 0.496855 0.423715 0.500000 0.422056 0.503931 0.423715 0.506682 0.431177 0.506682 0.439469 0.505503 0.441957
0 0.323113 0.790216 0.316824 0.788557 0.315645 0.786070 0.315645 0.772803 0.319969 0.766998 0.324292 0.771144 0.325079 0.786070 0.323113 0.790216
0 0.492138 0.624378 0.489387 0.623549 0.488601 0.618574 0.484670 0.613599 0.484670 0.608624 0.488994 0.602819 0.493711 0.601161 0.495676 0.606965 0.495676 0.615257 0.492138 0.624378
0 0.286950 0.441957 0.277516 0.440299 0.273978 0.429519 0.273978 0.422886 0.277516 0.420398 0.279874 0.423715 0.283805 0.423715 0.288129 0.436153 0.286950 0.441957
0 0.142296 0.574627 0.137579 0.572968 0.133255 0.563847 0.131682 0.558872 0.132862 0.551410 0.137579 0.551410 0.139151 0.554726 0.143082 0.556385 0.145833 0.562189 0.145833 0.567164 0.142296 0.574627
0 0.511792 0.645937 0.508255 0.643449 0.510220 0.624378 0.512186 0.625207 0.515330 0.636816 0.511792 0.645937
0 0.279088 0.466833 0.276336 0.464345 0.275550 0.452736 0.277516 0.448590 0.284591 0.450249 0.285770 0.457711 0.279088 0.466833
0 0.328616 0.423715 0.324686 0.423715 0.321148 0.416252 0.321148 0.406302 0.323113 0.398839 0.326258 0.400498 0.330582 0.412935 0.330582 0.419569 0.328616 0.423715
0 0.369497 0.412106 0.360849 0.412106 0.359670 0.409619 0.361242 0.386401 0.363208 0.382255 0.368711 0.383914 0.372248 0.391376 0.371462 0.406302 0.369497 0.412106
0 0.165094 0.622720 0.162736 0.622720 0.158412 0.616915 0.159198 0.610282 0.161164 0.606136 0.165881 0.609453 0.167846 0.613599 0.167846 0.618574 0.165094 0.622720
0 0.399371 0.725539 0.397013 0.725539 0.395047 0.721393 0.395047 0.709784 0.397013 0.699005 0.400157 0.700663 0.402909 0.708126 0.402909 0.718076 0.399371 0.725539
0 0.376572 0.702322 0.375000 0.702322 0.370676 0.694859 0.370676 0.688226 0.372642 0.684080 0.375000 0.684080 0.377752 0.688226 0.377752 0.699834 0.376572 0.702322
0 0.412736 0.775290 0.409984 0.772803 0.409984 0.764511 0.411164 0.762023 0.415487 0.766169 0.415487 0.771144 0.412736 0.775290
0 0.514937 0.533167 0.509827 0.525705 0.509827 0.512438 0.511006 0.509950 0.512972 0.510779 0.516903 0.522388 0.516903 0.529022 0.514937 0.533167
0 0.477987 0.597844 0.470912 0.596186 0.469733 0.593698 0.471305 0.580431 0.473270 0.574627 0.476415 0.574627 0.477594 0.577114 0.479167 0.590381 0.477987 0.597844
0 0.462264 0.403814 0.460692 0.403814 0.458726 0.396352 0.459513 0.389718 0.462264 0.383914 0.464623 0.383914 0.466588 0.386401 0.466588 0.396352 0.462264 0.403814
0 0.179245 0.715589 0.170597 0.712272 0.167060 0.704809 0.167060 0.699834 0.172956 0.690713 0.179245 0.692371 0.182783 0.698176 0.182783 0.706468 0.179245 0.715589
0 0.283019 0.420398 0.279088 0.418740 0.273978 0.409619 0.273978 0.399668 0.275943 0.392206 0.278302 0.392206 0.283412 0.401327 0.284198 0.417910 0.283019 0.420398
0 0.359277 0.456882 0.356918 0.456882 0.353381 0.447761 0.353381 0.439469 0.354560 0.436982 0.357704 0.436982 0.362814 0.447761 0.362814 0.451078 0.359277 0.456882
0 0.503145 0.533167 0.501572 0.533167 0.497248 0.524046 0.497248 0.515755 0.500786 0.504975 0.503145 0.504975 0.505896 0.509121 0.505110 0.527363 0.503145 0.533167
0 0.190252 0.548093 0.183176 0.546434 0.180425 0.537313 0.182390 0.533167 0.187107 0.534826 0.190645 0.542289 0.190252 0.548093
0 0.227201 0.438640 0.224057 0.438640 0.220519 0.431177 0.219733 0.424544 0.221698 0.418740 0.226808 0.419569 0.227201 0.438640
0 0.310535 0.785240 0.305818 0.783582 0.303066 0.779436 0.302280 0.769486 0.303852 0.767828 0.305818 0.757048 0.308569 0.759536 0.310928 0.767828 0.311714 0.782753 0.310535 0.785240
0 0.406447 0.395522 0.402909 0.391376 0.404874 0.378939 0.408412 0.381426 0.408412 0.388060 0.406447 0.395522
0 0.512579 0.669154 0.509041 0.666667 0.509041 0.656716 0.510220 0.654229 0.512579 0.654229 0.514544 0.658375 0.514544 0.663350 0.512579 0.669154
0 0.294025 0.795191 0.291667 0.795191 0.289701 0.791045 0.289701 0.779436 0.292453 0.773632 0.295597 0.773632 0.298349 0.781095 0.297563 0.787728 0.294025 0.795191
0 0.262579 0.783582 0.259434 0.781924 0.256682 0.774461 0.257469 0.759536 0.261006 0.750415 0.264151 0.752073 0.266116 0.756219 0.266903 0.767828 0.265330 0.777778 0.262579 0.783582
0 0.137579 0.635987 0.132862 0.635987 0.129324 0.628524 0.128538 0.615257 0.130503 0.611111 0.136792 0.611111 0.141116 0.620232 0.141903 0.630182 0.137579 0.635987
0 0.494497 0.458541 0.492138 0.458541 0.490173 0.451078 0.490173 0.437811 0.492138 0.433665 0.493711 0.433665 0.497248 0.442786 0.497248 0.449420 0.494497 0.458541
0 0.444969 0.730514 0.441824 0.730514 0.439072 0.726368 0.441038 0.705638 0.445755 0.707297 0.448506 0.716418 0.447720 0.726368 0.444969 0.730514
0 0.172170 0.490050 0.167453 0.490050 0.163129 0.480929 0.163129 0.472637 0.164308 0.470149 0.168239 0.468491 0.170991 0.472637 0.174135 0.480929 0.174135 0.485904 0.172170 0.490050
0 0.160377 0.501658 0.151730 0.498342 0.150550 0.495854 0.148978 0.487562 0.151730 0.476783 0.154874 0.476783 0.159198 0.484245 0.161557 0.492537 0.161557 0.499171 0.160377 0.501658
0 0.477987 0.534826 0.474450 0.530680 0.473664 0.522388 0.479560 0.508292 0.481132 0.508292 0.482311 0.515755 0.479167 0.524046 0.479167 0.532338 0.477987 0.534826
0 0.238208 0.451907 0.234670 0.449420 0.232311 0.431177 0.232311 0.419569 0.233491 0.417081 0.235849 0.417081 0.242531 0.429519 0.242531 0.436153 0.238208 0.451907
0 0.172956 0.650912 0.165094 0.650912 0.163129 0.645108 0.166667 0.637645 0.169811 0.637645 0.174135 0.648425 0.172956 0.650912
0 0.150157 0.727197 0.144654 0.727197 0.143475 0.724710 0.144261 0.714760 0.147799 0.708955 0.150157 0.708955 0.152909 0.714760 0.152123 0.723051 0.150157 0.727197
0 0.485063 0.432007 0.480346 0.432007 0.478381 0.427861 0.478381 0.424544 0.481918 0.415423 0.485063 0.417081 0.487814 0.422886 0.487814 0.427861 0.485063 0.432007
0 0.384434 0.365672 0.381289 0.365672 0.380110 0.363184 0.379324 0.354892 0.380503 0.352405 0.384434 0.350746 0.385613 0.353234 0.386399 0.361526 0.384434 0.365672
0 0.323113 0.448590 0.318396 0.448590 0.315645 0.442786 0.315645 0.434494 0.317610 0.430348 0.324686 0.430348 0.326651 0.434494 0.327437 0.442786 0.323113 0.448590
0 0.191824 0.528192 0.185535 0.523217 0.184355 0.519071 0.186321 0.513267 0.192610 0.508292 0.196934 0.515755 0.196934 0.520730 0.191824 0.528192
0 0.485063 0.682421 0.481918 0.682421 0.479953 0.678275 0.479953 0.669983 0.481918 0.664179 0.484277 0.664179 0.488601 0.669983 0.487814 0.678275 0.485063 0.682421
0 0.346698 0.768657 0.341195 0.768657 0.336871 0.759536 0.336871 0.751244 0.340409 0.743781 0.343553 0.743781 0.345912 0.750415 0.349450 0.752902 0.350236 0.761194 0.346698 0.768657
0 0.337264 0.780265 0.333333 0.780265 0.327437 0.772803 0.327437 0.767828 0.328616 0.765340 0.331761 0.765340 0.333333 0.757048 0.336478 0.758706 0.340802 0.767828 0.340016 0.776119 0.337264 0.780265
0 0.497642 0.561360 0.494104 0.557214 0.494104 0.543947 0.496855 0.538143 0.498428 0.538143 0.501965 0.548922 0.501965 0.557214 0.497642 0.561360
0 0.448113 0.699005 0.443789 0.693201 0.443789 0.684909 0.449686 0.670813 0.452437 0.676617 0.452437 0.683250 0.449292 0.686567 0.450079 0.694859 0.448113 0.699005
0 0.266509 0.742123 0.264151 0.742123 0.262186 0.736318 0.262972 0.724710 0.264937 0.717247 0.267296 0.717247 0.269261 0.726368 0.269261 0.731343 0.266509 0.742123
0 0.449686 0.503317 0.444969 0.503317 0.440645 0.494196 0.445755 0.481758 0.449292 0.485904 0.450865 0.495854 0.449686 0.503317
0 0.115566 0.604478 0.112421 0.604478 0.110456 0.600332 0.110456 0.593698 0.113994 0.584577 0.118711 0.584577 0.119890 0.587065 0.119104 0.600332 0.115566 0.604478
0 0.442610 0.455224 0.438679 0.455224 0.437500 0.452736 0.437500 0.444444 0.439465 0.438640 0.446541 0.435323 0.451651 0.444444 0.448899 0.450249 0.442610 0.455224
0 0.326258 0.727197 0.322327 0.727197 0.320362 0.723051 0.320362 0.713101 0.325472 0.707297 0.328223 0.709784 0.328223 0.721393 0.326258 0.727197
0 0.283805 0.387231 0.280267 0.386401 0.280267 0.378109 0.283019 0.373964 0.285377 0.373964 0.286557 0.376451 0.286557 0.384743 0.283805 0.387231
0 0.430818 0.732172 0.427673 0.732172 0.425708 0.728027 0.424921 0.716418 0.427673 0.712272 0.433569 0.721393 0.433569 0.726368 0.430818 0.732172
0 0.430818 0.629353 0.428459 0.629353 0.424135 0.616915 0.424135 0.613599 0.427673 0.606136 0.430031 0.606136 0.433569 0.616915 0.432783 0.625207 0.430818 0.629353
0 0.337264 0.440299 0.330975 0.438640 0.329796 0.436153 0.329796 0.429519 0.334906 0.423715 0.338836 0.423715 0.340016 0.426202 0.340016 0.434494 0.337264 0.440299
0 0.341981 0.418740 0.337264 0.418740 0.334513 0.414594 0.334513 0.399668 0.336478 0.395522 0.340409 0.397181 0.343160 0.402985 0.343160 0.416252 0.341981 0.418740
0 0.299528 0.768657 0.294025 0.766998 0.291274 0.761194 0.292060 0.747927 0.293239 0.745439 0.301494 0.747927 0.301494 0.759536 0.299528 0.768657
0 0.540094 0.591211 0.537736 0.591211 0.535770 0.585406 0.535770 0.578773 0.538522 0.572968 0.542846 0.582090 0.542846 0.585406 0.540094 0.591211
0 0.202044 0.743781 0.198506 0.741294 0.198506 0.731343 0.204403 0.718905 0.210692 0.722222 0.212657 0.731343 0.209119 0.738806 0.205975 0.738806 0.202044 0.743781
0 0.481918 0.458541 0.473270 0.458541 0.472091 0.456053 0.472091 0.452736 0.477987 0.436982 0.480346 0.436982 0.482311 0.441128 0.483097 0.456053 0.481918 0.458541
0 0.492925 0.509950 0.485849 0.509950 0.484670 0.504146 0.492138 0.491708 0.496069 0.490050 0.497248 0.492537 0.497248 0.502488 0.492925 0.509950
0 0.479560 0.486733 0.474843 0.485075 0.471305 0.479270 0.472091 0.472637 0.474057 0.468491 0.477201 0.468491 0.478774 0.465174 0.481525 0.467662 0.481525 0.482587 0.479560 0.486733
0 0.203616 0.420398 0.201258 0.420398 0.200079 0.414594 0.203616 0.407131 0.205975 0.407131 0.205582 0.416252 0.203616 0.420398
0 0.218553 0.471808 0.216195 0.471808 0.214230 0.467662 0.214230 0.456053 0.216981 0.440299 0.219340 0.440299 0.223664 0.451078 0.223664 0.461028 0.218553 0.471808
0 0.425314 0.650912 0.422956 0.650912 0.419418 0.645108 0.419025 0.634328 0.425314 0.632670 0.427280 0.636816 0.428066 0.645108 0.425314 0.650912
0 0.219340 0.712272 0.215409 0.712272 0.213443 0.708126 0.213443 0.701493 0.214623 0.699005 0.218553 0.697347 0.219733 0.699834 0.220519 0.709784 0.219340 0.712272
0 0.312893 0.427032 0.308962 0.427032 0.305425 0.417910 0.305425 0.406302 0.306604 0.403814 0.310535 0.403814 0.317217 0.412935 0.316431 0.419569 0.312893 0.427032
0 0.489780 0.642620 0.482704 0.642620 0.479953 0.635158 0.479953 0.628524 0.481918 0.624378 0.485063 0.624378 0.487421 0.627695 0.490959 0.635158 0.489780 0.642620
0 0.188679 0.732172 0.184355 0.724710 0.185142 0.713101 0.191038 0.703980 0.194182 0.703980 0.196934 0.718076 0.193396 0.727197 0.188679 0.732172
0 0.450472 0.533167 0.448506 0.525705 0.449292 0.520730 0.452044 0.518242 0.454796 0.527363 0.450472 0.533167
0 0.409591 0.446932 0.404088 0.445274 0.402123 0.441128 0.402123 0.427861 0.404874 0.418740 0.408019 0.418740 0.411557 0.424544 0.411557 0.436153 0.409591 0.446932
0 0.151730 0.644279 0.147799 0.642620 0.144261 0.635158 0.144261 0.631841 0.145440 0.629353 0.151730 0.629353 0.156447 0.626036 0.158412 0.630182 0.158412 0.638474 0.151730 0.644279
0 0.453616 0.635987 0.452044 0.635987 0.449292 0.628524 0.450472 0.621061 0.455189 0.621061 0.457154 0.625207 0.457154 0.630182 0.453616 0.635987
0 0.525157 0.514925 0.522013 0.514925 0.519654 0.509950 0.516116 0.507463 0.515330 0.494196 0.516509 0.491708 0.518868 0.491708 0.523978 0.502488 0.525550 0.509121 0.525157 0.514925
0 0.270440 0.446932 0.264937 0.445274 0.260613 0.436153 0.260613 0.427861 0.262579 0.423715 0.266509 0.423715 0.270833 0.432836 0.272406 0.442786 0.270440 0.446932
0 0.543239 0.495025 0.538522 0.495025 0.537343 0.487562 0.540881 0.481758 0.543239 0.481758 0.545204 0.485904 0.545204 0.490879 0.543239 0.495025
0 0.434748 0.410448 0.431211 0.406302 0.431211 0.389718 0.433176 0.383914 0.436321 0.387231 0.437893 0.385572 0.439858 0.389718 0.439072 0.404643 0.434748 0.410448
0 0.220126 0.788557 0.217374 0.786070 0.215802 0.774461 0.217767 0.766998 0.221698 0.765340 0.224450 0.771144 0.224450 0.777778 0.223664 0.782753 0.220126 0.788557
0 0.393082 0.748756 0.387579 0.748756 0.384827 0.742952 0.384827 0.736318 0.389151 0.722222 0.390723 0.722222 0.393475 0.729685 0.394261 0.746269 0.393082 0.748756
0 0.223270 0.748756 0.220519 0.746269 0.218160 0.731343 0.224843 0.720564 0.228774 0.720564 0.229953 0.723051 0.229953 0.736318 0.225629 0.747098 0.223270 0.748756
0 0.232704 0.410448 0.229167 0.407960 0.229167 0.402985 0.231132 0.398839 0.234670 0.401327 0.232704 0.410448
0 0.452830 0.664179 0.451258 0.664179 0.446148 0.651741 0.446148 0.645108 0.448899 0.640962 0.450472 0.640962 0.451651 0.646766 0.455582 0.651741 0.455582 0.656716 0.452830 0.664179
0 0.527516 0.460199 0.525157 0.460199 0.523192 0.456053 0.525157 0.448590 0.528695 0.451078 0.528695 0.457711 0.527516 0.460199
0 0.251572 0.766998 0.245283 0.765340 0.244104 0.762852 0.244104 0.756219 0.247642 0.747098 0.252358 0.740464 0.256289 0.740464 0.257469 0.742952 0.257469 0.749585 0.251572 0.766998
0 0.316038 0.708955 0.310928 0.706468 0.312893 0.697347 0.316431 0.701493 0.317217 0.706468 0.316038 0.708955
