0 0.914062 0.681641 0.896484 0.675781 0.902344 0.662109 0.919922 0.664062 0.914062 0.681641
0 0.996094 0.060547 0.982422 0.054688 0.982422 0.039062 0.996094 0.025391
0 0.777344 0.431641 0.769531 0.431641 0.755859 0.417969 0.761719 0.396484 0.779297 0.402344 0.777344 0.431641
0 0.564453 0.000000 0.542969 0.029297 0.503906 0.025391 0.486328 0.000000
0 0.996094 0.837891 0.972656 0.841797 0.955078 0.828125 0.951172 0.816406 0.955078 0.792969 0.996094 0.767578
0 0.585938 0.244141 0.558594 0.244141 0.548828 0.214844 0.578125 0.185547 0.605469 0.181641 0.619141 0.195312 0.619141 0.210938 0.607422 0.238281 0.585938 0.244141
0 0.667969 0.966797 0.625000 0.966797 0.619141 0.953125 0.623047 0.929688 0.664062 0.912109 0.683594 0.916016 0.693359 0.925781 0.693359 0.941406 0.667969 0.966797
0 0.765625 0.845703 0.757812 0.845703 0.740234 0.828125 0.740234 0.804688 0.753906 0.791016 0.769531 0.791016 0.783203 0.804688 0.783203 0.832031 0.777344 0.841797 0.765625 0.845703
0 0.492188 0.263672 0.472656 0.263672 0.466797 0.257812 0.468750 0.251953 0.490234 0.246094 0.494141 0.226562 0.488281 0.216797 0.501953 0.226562 0.505859 0.238281 0.501953 0.253906 0.492188 0.263672
0 0.732422 0.996094 0.746094 0.978516 0.761719 0.978516 0.771484 0.996094
0 0.824219 0.369141 0.777344 0.361328 0.763672 0.347656 0.763672 0.328125 0.792969 0.298828 0.820312 0.302734 0.841797 0.332031 0.841797 0.355469 0.824219 0.369141
0 0.835938 0.912109 0.824219 0.912109 0.814453 0.902344 0.810547 0.894531 0.820312 0.880859 0.847656 0.880859 0.857422 0.890625 0.857422 0.902344 0.835938 0.912109
0 0.480469 0.251953 0.468750 0.251953 0.455078 0.242188 0.455078 0.230469 0.464844 0.216797 0.484375 0.216797 0.494141 0.226562 0.490234 0.246094 0.480469 0.251953
0 0.828125 0.107422 0.781250 0.103516 0.751953 0.082031 0.751953 0.070312 0.773438 0.056641 0.828125 0.060547 0.845703 0.078125 0.841797 0.097656 0.828125 0.107422
0 0.000000 0.908203 0.017578 0.917969 0.017578 0.941406 0.000000 0.962891
0 0.718750 0.888672 0.685547 0.871094 0.687500 0.845703 0.710938 0.841797 0.724609 0.851562 0.736328 0.878906 0.718750 0.888672
0 0.527344 0.775391 0.507812 0.775391 0.496094 0.767578 0.486328 0.742188 0.494141 0.722656 0.515625 0.701172 0.542969 0.701172 0.560547 0.722656 0.560547 0.742188 0.548828 0.761719 0.527344 0.775391
0 0.640625 0.044922 0.605469 0.041016 0.603516 0.015625 0.625000 0.001953 0.648438 0.009766 0.654297 0.031250 0.640625 0.044922
0 0.623047 0.996094 0.625000 0.978516 0.667969 0.966797 0.679688 0.955078 0.695312 0.958984 0.697266 0.972656 0.673828 0.996094
0 0.972656 0.689453 0.958984 0.687500 0.958984 0.671875 0.968750 0.662109 0.980469 0.662109 0.990234 0.679688 0.972656 0.689453
0 0.906250 0.345703 0.892578 0.343750 0.892578 0.324219 0.923828 0.289062 0.923828 0.277344 0.937500 0.271484 0.947266 0.281250 0.947266 0.300781 0.935547 0.320312 0.921875 0.322266 0.923828 0.328125 0.906250 0.345703
0 0.021484 0.996094 0.013672 0.980469 0.017578 0.953125 0.058594 0.931641 0.085938 0.931641 0.107422 0.949219 0.107422 0.972656 0.093750 0.990234 0.080078 0.996094
0 0.441406 0.111328 0.414062 0.103516 0.400391 0.082031 0.400391 0.054688 0.425781 0.029297 0.453125 0.029297 0.470703 0.046875 0.478516 0.066406 0.474609 0.089844 0.457031 0.107422 0.441406 0.111328
0 0.988281 0.720703 0.968750 0.720703 0.955078 0.703125 0.955078 0.691406 0.988281 0.681641 0.994141 0.699219 0.994141 0.714844 0.988281 0.720703
0 0.812500 0.447266 0.789062 0.447266 0.779297 0.437500 0.779297 0.398438 0.792969 0.384766 0.820312 0.380859 0.833984 0.398438 0.833984 0.414062 0.812500 0.447266
0 0.689453 0.996094 0.689453 0.988281 0.710938 0.966797 0.722656 0.966797 0.732422 0.976562 0.732422 0.992188 0.724609 0.996094
0 0.882812 0.611328 0.867188 0.611328 0.861328 0.605469 0.857422 0.589844 0.863281 0.583984 0.875000 0.580078 0.884766 0.589844 0.888672 0.605469 0.882812 0.611328
0 0.957031 0.689453 0.945312 0.689453 0.939453 0.675781 0.939453 0.660156 0.953125 0.650391 0.960938 0.650391 0.966797 0.660156 0.957031 0.689453
0 0.921875 0.595703 0.906250 0.595703 0.900391 0.585938 0.904297 0.570312 0.917969 0.560547 0.927734 0.562500 0.927734 0.589844 0.921875 0.595703
0 0.621094 0.783203 0.601562 0.763672 0.591797 0.761719 0.587891 0.738281 0.591797 0.726562 0.609375 0.712891 0.636719 0.712891 0.654297 0.734375 0.646484 0.746094 0.646484 0.761719 0.632812 0.779297 0.621094 0.783203
0 0.949219 0.732422 0.929688 0.732422 0.923828 0.726562 0.923828 0.710938 0.929688 0.705078 0.951172 0.714844 0.949219 0.732422
0 0.996094 0.158203 0.978516 0.132812 0.978516 0.101562 0.996094 0.083984
