0 0.410156 0.380859 0.382812 0.369141 0.373047 0.351562 0.373047 0.332031 0.382812 0.322266 0.394531 0.322266 0.419922 0.355469 0.419922 0.375000 0.410156 0.380859
0 0.808594 0.689453 0.792969 0.689453 0.763672 0.667969 0.759766 0.648438 0.769531 0.638672 0.796875 0.646484 0.818359 0.667969 0.818359 0.679688 0.808594 0.689453
0 0.656250 0.529297 0.640625 0.525391 0.626953 0.503906 0.632812 0.478516 0.648438 0.474609 0.669922 0.496094 0.669922 0.515625 0.656250 0.529297
0 0.863281 0.501953 0.828125 0.498047 0.814453 0.484375 0.814453 0.472656 0.832031 0.458984 0.863281 0.462891 0.873047 0.476562 0.873047 0.492188 0.863281 0.501953
0 0.773438 0.927734 0.753906 0.923828 0.724609 0.894531 0.720703 0.878906 0.730469 0.869141 0.753906 0.865234 0.767578 0.875000 0.783203 0.906250 0.783203 0.917969 0.773438 0.927734
0 0.175781 0.701172 0.146484 0.691406 0.142578 0.667969 0.148438 0.662109 0.171875 0.666016 0.189453 0.683594 0.189453 0.691406 0.175781 0.701172
0 0.234375 0.626953 0.222656 0.626953 0.201172 0.601562 0.201172 0.585938 0.214844 0.572266 0.232422 0.582031 0.244141 0.601562 0.244141 0.617188 0.234375 0.626953
0 0.457031 0.142578 0.439453 0.132812 0.435547 0.117188 0.439453 0.101562 0.453125 0.087891 0.468750 0.087891 0.478516 0.101562 0.478516 0.117188 0.474609 0.128906 0.457031 0.142578
0 0.566406 0.228516 0.537109 0.214844 0.537109 0.183594 0.554688 0.158203 0.578125 0.158203 0.591797 0.171875 0.591797 0.207031 0.578125 0.224609 0.566406 0.228516
0 0.878906 0.337891 0.863281 0.337891 0.853516 0.320312 0.863281 0.302734 0.886719 0.298828 0.900391 0.320312 0.878906 0.337891
0 0.390625 0.728516 0.361328 0.722656 0.349609 0.703125 0.355469 0.681641 0.375000 0.677734 0.400391 0.699219 0.404297 0.714844 0.390625 0.728516
0 0.636719 0.341797 0.613281 0.333984 0.607422 0.312500 0.607422 0.289062 0.628906 0.267578 0.644531 0.271484 0.658203 0.289062 0.658203 0.320312 0.636719 0.341797
0 0.964844 0.384766 0.937500 0.376953 0.935547 0.359375 0.945312 0.349609 0.964844 0.345703 0.988281 0.349609 0.994141 0.367188 0.980469 0.380859 0.964844 0.384766
0 0.218750 0.478516 0.191406 0.470703 0.181641 0.457031 0.181641 0.445312 0.203125 0.423828 0.234375 0.419922 0.248047 0.433594 0.248047 0.445312 0.218750 0.478516
0 0.203125 0.505859 0.195312 0.505859 0.181641 0.492188 0.181641 0.476562 0.187500 0.470703 0.195312 0.470703 0.208984 0.484375 0.208984 0.500000 0.203125 0.505859
0 0.273438 0.509766 0.246094 0.505859 0.228516 0.484375 0.228516 0.468750 0.246094 0.447266 0.273438 0.451172 0.294922 0.476562 0.294922 0.496094 0.273438 0.509766
0 0.851562 0.197266 0.832031 0.193359 0.822266 0.179688 0.822266 0.164062 0.835938 0.150391 0.847656 0.150391 0.861328 0.164062 0.865234 0.187500 0.851562 0.197266
0 0.556641 0.000000 0.564453 0.023438 0.554688 0.033203 0.531250 0.029297 0.521484 0.019531 0.517578 0.000000
0 0.296875 0.919922 0.281250 0.919922 0.263672 0.906250 0.267578 0.890625 0.292969 0.876953 0.308594 0.880859 0.318359 0.894531 0.314453 0.906250 0.296875 0.919922
0 0.328125 0.982422 0.312500 0.978516 0.302734 0.968750 0.298828 0.960938 0.308594 0.943359 0.332031 0.939453 0.353516 0.953125 0.353516 0.968750 0.343750 0.978516 0.328125 0.982422
0 0.941406 0.654297 0.910156 0.650391 0.892578 0.632812 0.892578 0.617188 0.898438 0.611328 0.925781 0.611328 0.941406 0.619141 0.951172 0.632812 0.951172 0.644531 0.941406 0.654297
0 0.656250 0.736328 0.632812 0.728516 0.615234 0.707031 0.611328 0.683594 0.625000 0.666016 0.636719 0.666016 0.673828 0.703125 0.669922 0.726562 0.656250 0.736328
0 0.996094 0.193359 0.980469 0.189453 0.970703 0.179688 0.976562 0.158203 0.996094 0.158203
0 0.457031 0.642578 0.437500 0.638672 0.419922 0.621094 0.417969 0.591797 0.433594 0.587891 0.462891 0.613281 0.466797 0.628906 0.457031 0.642578
0 0.410156 0.318359 0.386719 0.318359 0.369141 0.292969 0.365234 0.273438 0.378906 0.255859 0.394531 0.255859 0.412109 0.277344 0.416016 0.304688 0.410156 0.318359
0 0.738281 0.650391 0.716797 0.644531 0.716797 0.628906 0.726562 0.615234 0.748047 0.621094 0.738281 0.650391
0 0.226562 0.826172 0.201172 0.816406 0.197266 0.796875 0.207031 0.787109 0.246094 0.787109 0.251953 0.792969 0.255859 0.812500 0.226562 0.826172
0 0.750000 0.416016 0.730469 0.416016 0.724609 0.410156 0.724609 0.382812 0.742188 0.365234 0.753906 0.365234 0.771484 0.378906 0.771484 0.394531 0.750000 0.416016
0 0.113281 0.111328 0.095703 0.109375 0.087891 0.082031 0.091797 0.054688 0.101562 0.044922 0.111328 0.046875 0.123047 0.066406 0.123047 0.097656 0.113281 0.111328
0 0.996094 0.017578 0.976562 0.013672 0.966797 0.000000
0 0.585938 0.896484 0.566406 0.896484 0.544922 0.871094 0.544922 0.851562 0.558594 0.837891 0.589844 0.845703 0.603516 0.863281 0.603516 0.882812 0.585938 0.896484
0 0.230469 0.244141 0.218750 0.244141 0.205078 0.230469 0.197266 0.210938 0.197266 0.191406 0.207031 0.181641 0.218750 0.181641 0.236328 0.207031 0.240234 0.230469 0.230469 0.244141
0 0.882812 0.923828 0.851562 0.919922 0.837891 0.890625 0.841797 0.878906 0.863281 0.857422 0.894531 0.853516 0.916016 0.890625 0.912109 0.902344 0.882812 0.923828
0 0.671875 0.267578 0.658203 0.261719 0.654297 0.238281 0.662109 0.210938 0.679688 0.201172 0.693359 0.210938 0.693359 0.250000 0.671875 0.267578
0 0.781250 0.291016 0.757812 0.291016 0.748047 0.281250 0.744141 0.269531 0.753906 0.251953 0.777344 0.248047 0.791016 0.257812 0.794922 0.273438 0.781250 0.291016
