0 0.808594 0.595703 0.789062 0.595703 0.775391 0.582031 0.767578 0.566406 0.767578 0.546875 0.777344 0.537109 0.792969 0.537109 0.806641 0.546875 0.818359 0.574219 0.808594 0.595703
0 0.703125 0.345703 0.691406 0.345703 0.677734 0.335938 0.677734 0.308594 0.699219 0.294922 0.730469 0.294922 0.740234 0.304688 0.736328 0.328125 0.726562 0.337891 0.703125 0.345703
0 0.410156 0.587891 0.398438 0.587891 0.380859 0.566406 0.380859 0.535156 0.398438 0.513672 0.414062 0.513672 0.431641 0.535156 0.431641 0.562500 0.423828 0.578125 0.410156 0.587891
0 0.171875 0.833984 0.140625 0.833984 0.126953 0.816406 0.134766 0.781250 0.148438 0.763672 0.164062 0.755859 0.187500 0.759766 0.197266 0.773438 0.197266 0.800781 0.171875 0.833984
0 0.496094 0.966797 0.476562 0.962891 0.470703 0.953125 0.470703 0.917969 0.484375 0.900391 0.500000 0.900391 0.513672 0.917969 0.513672 0.945312 0.496094 0.966797
0 0.652344 0.701172 0.632812 0.701172 0.615234 0.691406 0.607422 0.656250 0.617188 0.646484 0.636719 0.646484 0.658203 0.667969 0.662109 0.691406 0.652344 0.701172
0 0.832031 0.388672 0.816406 0.388672 0.798828 0.375000 0.798828 0.351562 0.808594 0.341797 0.835938 0.341797 0.845703 0.351562 0.845703 0.375000 0.832031 0.388672
0 0.529297 0.000000 0.529297 0.019531 0.515625 0.041016 0.496094 0.041016 0.490234 0.035156 0.486328 0.027344 0.494141 0.000000
0 0.968750 0.533203 0.949219 0.533203 0.927734 0.515625 0.923828 0.492188 0.933594 0.482422 0.957031 0.486328 0.974609 0.500000 0.978516 0.519531 0.968750 0.533203
0 0.679688 0.533203 0.656250 0.525391 0.642578 0.511719 0.648438 0.486328 0.671875 0.482422 0.689453 0.496094 0.693359 0.523438 0.679688 0.533203
