0 0.997222 0.412500 0.990278 0.405556 0.990278 0.391667 0.997222 0.387500
0 0.379167 0.997222 0.376389 0.966667 0.379167 0.913889 0.400000 0.890278 0.419444 0.884722 0.436111 0.890278 0.456944 0.916667 0.465278 0.969444 0.465278 0.997222
0 0.000000 0.590278 0.022222 0.576389 0.050000 0.573611 0.061111 0.579167 0.079167 0.600000 0.079167 0.625000 0.070833 0.647222 0.050000 0.670833 0.023611 0.691667 0.020833 0.700000 0.000000 0.720833
0 0.505556 0.365278 0.493056 0.358333 0.497222 0.345833 0.508333 0.345833 0.512500 0.350000 0.512500 0.358333 0.505556 0.365278
0 0.927778 0.401389 0.915278 0.394444 0.915278 0.383333 0.919444 0.379167 0.927778 0.379167 0.931944 0.386111 0.931944 0.397222 0.927778 0.401389
0 0.852778 0.343056 0.840278 0.338889 0.841667 0.323611 0.854167 0.327778 0.856944 0.338889 0.852778 0.343056
0 0.775000 0.523611 0.736111 0.520833 0.702778 0.487500 0.675000 0.481944 0.648611 0.458333 0.648611 0.436111 0.656944 0.419444 0.672222 0.404167 0.719444 0.384722 0.763889 0.387500 0.779167 0.400000 0.784722 0.416667 0.784722 0.458333 0.801389 0.477778 0.801389 0.497222 0.793056 0.511111 0.775000 0.523611
0 0.925000 0.345833 0.897222 0.343056 0.884722 0.325000 0.884722 0.302778 0.902778 0.287500 0.927778 0.287500 0.948611 0.305556 0.951389 0.325000 0.925000 0.345833
0 0.997222 0.629167 0.961111 0.637500 0.927778 0.637500 0.911111 0.631944 0.876389 0.597222 0.868056 0.580556 0.870833 0.569444 0.886111 0.554167 0.902778 0.548611 0.944444 0.545833 0.997222 0.551389
0 0.227778 0.445833 0.188889 0.445833 0.173611 0.436111 0.168056 0.422222 0.168056 0.386111 0.176389 0.369444 0.205556 0.334722 0.236111 0.315278 0.294444 0.315278 0.315278 0.336111 0.315278 0.366667 0.306944 0.386111 0.272222 0.426389 0.227778 0.445833
0 0.000000 0.440278 0.050000 0.440278 0.065278 0.452778 0.068056 0.461111 0.068056 0.480556 0.059722 0.502778 0.025000 0.531944 0.000000 0.540278
0 0.866667 0.356944 0.854167 0.352778 0.858333 0.343056 0.870833 0.347222 0.866667 0.356944
0 0.327778 0.540278 0.288889 0.537500 0.276389 0.527778 0.270833 0.516667 0.270833 0.497222 0.293056 0.452778 0.304167 0.408333 0.327778 0.381944 0.363889 0.365278 0.400000 0.365278 0.411111 0.373611 0.433333 0.379167 0.451389 0.397222 0.459722 0.413889 0.465278 0.436111 0.462500 0.461111 0.441667 0.481944 0.405556 0.487500 0.394444 0.493056 0.327778 0.540278
0 0.569444 0.165278 0.552778 0.165278 0.533333 0.156944 0.523611 0.147222 0.518056 0.130556 0.520833 0.088889 0.531944 0.069444 0.552778 0.048611 0.586111 0.026389 0.605556 0.020833 0.636111 0.020833 0.666667 0.037500 0.688889 0.043056 0.704167 0.058333 0.704167 0.088889 0.680556 0.120833 0.644444 0.143056 0.569444 0.165278
0 0.412500 0.000000 0.409722 0.013889 0.354167 0.105556 0.344444 0.115278 0.305556 0.118056 0.281944 0.102778 0.273611 0.083333 0.273611 0.063889 0.290278 0.025000 0.306944 0.000000
0 0.997222 0.165278 0.975000 0.156944 0.948611 0.127778 0.951389 0.108333 0.965278 0.088889 0.986111 0.076389 0.997222 0.079167
0 0.290278 0.997222 0.268056 0.980556 0.265278 0.944444 0.256944 0.922222 0.256944 0.900000 0.276389 0.869444 0.329167 0.811111 0.341667 0.798611 0.358333 0.795833 0.375000 0.798611 0.387500 0.816667 0.387500 0.858333 0.381944 0.877778 0.381944 0.911111 0.373611 0.975000 0.354167 0.997222
0 0.069444 0.948611 0.036111 0.943056 0.023611 0.930556 0.020833 0.911111 0.029167 0.886111 0.069444 0.851389 0.086111 0.845833 0.141667 0.812500 0.175000 0.815278 0.187500 0.833333 0.187500 0.852778 0.181944 0.861111 0.176389 0.888889 0.156944 0.913889 0.122222 0.934722 0.069444 0.948611
0 0.459722 0.000000 0.473611 0.016667 0.473611 0.050000 0.465278 0.075000 0.420833 0.144444 0.391667 0.170833 0.380556 0.176389 0.366667 0.176389 0.345833 0.163889 0.340278 0.150000 0.340278 0.125000 0.398611 0.027778 0.423611 0.000000
0 0.555556 0.345833 0.533333 0.345833 0.518056 0.336111 0.518056 0.327778 0.509722 0.316667 0.501389 0.291667 0.501389 0.252778 0.518056 0.219444 0.547222 0.190278 0.569444 0.179167 0.586111 0.179167 0.598611 0.191667 0.604167 0.208333 0.598611 0.275000 0.576389 0.322222 0.555556 0.345833
0 0.636111 0.398611 0.608333 0.398611 0.590278 0.375000 0.590278 0.327778 0.598611 0.294444 0.615278 0.269444 0.638889 0.245833 0.666667 0.229167 0.700000 0.229167 0.709722 0.241667 0.715278 0.261111 0.712500 0.327778 0.698611 0.355556 0.686111 0.368056 0.636111 0.398611
0 0.944444 0.359722 0.934722 0.358333 0.938889 0.345833 0.951389 0.350000 0.951389 0.355556 0.944444 0.359722
0 0.130556 0.234722 0.102778 0.234722 0.095833 0.227778 0.090278 0.211111 0.090278 0.188889 0.098611 0.155556 0.118056 0.116667 0.138889 0.090278 0.177778 0.079167 0.194444 0.087500 0.204167 0.100000 0.209722 0.113889 0.209722 0.138889 0.170833 0.202778 0.144444 0.229167 0.130556 0.234722
0 0.963889 0.373611 0.951389 0.369444 0.951389 0.358333 0.955556 0.354167 0.966667 0.354167 0.970833 0.358333 0.970833 0.366667 0.963889 0.373611
0 0.975000 0.423611 0.958333 0.423611 0.954167 0.408333 0.963889 0.398611 0.983333 0.395833 0.984722 0.408333 0.975000 0.423611
0 0.997222 0.806944 0.941667 0.806944 0.908333 0.793056 0.888889 0.790278 0.866667 0.781944 0.851389 0.769444 0.845833 0.758333 0.848611 0.730556 0.861111 0.718056 0.877778 0.709722 0.888889 0.709722 0.894444 0.704167 0.950000 0.687500 0.975000 0.687500 0.997222 0.693056
0 0.880556 0.323611 0.869444 0.320833 0.862500 0.313889 0.866667 0.301389 0.881944 0.302778 0.880556 0.323611
0 0.643056 0.997222 0.633333 0.995833 0.609722 0.966667 0.609722 0.944444 0.626389 0.897222 0.666667 0.865278 0.694444 0.856944 0.738889 0.854167 0.752778 0.859722 0.765278 0.869444 0.776389 0.894444 0.770833 0.922222 0.738889 0.959722 0.708333 0.979167 0.668056 0.997222
