0 0.408333 0.168056 0.366667 0.162500 0.343056 0.141667 0.337500 0.130556 0.337500 0.088889 0.343056 0.075000 0.358333 0.059722 0.375000 0.051389 0.419444 0.056944 0.450000 0.045833 0.469444 0.045833 0.486111 0.054167 0.501389 0.072222 0.501389 0.091667 0.490278 0.116667 0.458333 0.154167 0.438889 0.162500 0.422222 0.162500 0.408333 0.168056
0 0.811111 0.204167 0.791667 0.204167 0.775000 0.198611 0.745833 0.175000 0.740278 0.161111 0.740278 0.125000 0.745833 0.116667 0.745833 0.091667 0.751389 0.069444 0.766667 0.048611 0.786111 0.037500 0.808333 0.037500 0.827778 0.048611 0.859722 0.086111 0.870833 0.116667 0.873611 0.144444 0.859722 0.172222 0.844444 0.187500 0.811111 0.204167
0 0.245833 0.997222 0.237500 0.988889 0.234722 0.966667 0.256944 0.922222 0.256944 0.913889 0.291667 0.887500 0.325000 0.873611 0.358333 0.851389 0.383333 0.851389 0.395833 0.863889 0.395833 0.886111 0.387500 0.905556 0.295833 0.997222
0 0.997222 0.076389 0.952778 0.043056 0.929167 0.019444 0.926389 0.000000
0 0.031944 0.000000 0.043056 0.011111 0.056944 0.036111 0.059722 0.069444 0.047222 0.084722 0.033333 0.093056 0.000000 0.098611
0 0.000000 0.526389 0.016667 0.515278 0.052778 0.512500 0.079167 0.527778 0.098611 0.547222 0.104167 0.563889 0.098611 0.594444 0.066667 0.634722 0.044444 0.648611 0.000000 0.654167
0 0.663889 0.993056 0.633333 0.993056 0.620833 0.980556 0.615278 0.961111 0.620833 0.927778 0.656944 0.869444 0.683333 0.845833 0.716667 0.831944 0.738889 0.834722 0.759722 0.855556 0.759722 0.883333 0.745833 0.930556 0.729167 0.961111 0.711111 0.979167 0.663889 0.993056
0 0.000000 0.968056 0.018056 0.925000 0.066667 0.876389 0.088889 0.865278 0.111111 0.868056 0.134722 0.891667 0.134722 0.913889 0.140278 0.930556 0.122222 0.954167 0.065278 0.997222
0 0.901389 0.997222 0.883333 0.993056 0.863889 0.981944 0.815278 0.936111 0.815278 0.908333 0.823611 0.888889 0.844444 0.868056 0.863889 0.859722 0.902778 0.859722 0.943056 0.894444 0.954167 0.919444 0.956944 0.955556 0.951389 0.975000 0.938889 0.990278 0.920833 0.997222
0 0.252778 0.804167 0.225000 0.795833 0.205556 0.795833 0.187500 0.777778 0.181944 0.763889 0.184722 0.716667 0.198611 0.683333 0.211111 0.670833 0.255556 0.640278 0.283333 0.634722 0.305556 0.643056 0.312500 0.652778 0.320833 0.675000 0.320833 0.711111 0.309722 0.744444 0.295833 0.761111 0.287500 0.780556 0.275000 0.793056 0.252778 0.804167
0 0.000000 0.137500 0.027778 0.126389 0.063889 0.126389 0.087500 0.147222 0.087500 0.177778 0.073611 0.208333 0.019444 0.245833 0.000000 0.254167
0 0.416667 0.720833 0.400000 0.720833 0.373611 0.702778 0.373611 0.694444 0.368056 0.688889 0.368056 0.658333 0.380556 0.640278 0.430556 0.618056 0.452778 0.612500 0.494444 0.612500 0.525000 0.618056 0.565278 0.663889 0.565278 0.680556 0.556944 0.697222 0.527778 0.715278 0.455556 0.706944 0.438889 0.709722 0.430556 0.718056 0.416667 0.720833
0 0.883333 0.393056 0.844444 0.390278 0.820833 0.366667 0.809722 0.344444 0.809722 0.311111 0.831944 0.258333 0.858333 0.226389 0.875000 0.220833 0.891667 0.220833 0.911111 0.229167 0.929167 0.244444 0.937500 0.266667 0.934722 0.344444 0.897222 0.387500 0.883333 0.393056
0 0.530556 0.573611 0.494444 0.573611 0.469444 0.562500 0.451389 0.547222 0.440278 0.522222 0.443056 0.463889 0.466667 0.434722 0.505556 0.418056 0.530556 0.418056 0.566667 0.429167 0.587500 0.455556 0.584722 0.500000 0.562500 0.525000 0.562500 0.547222 0.544444 0.568056 0.530556 0.573611
0 0.316667 0.318056 0.305556 0.318056 0.287500 0.300000 0.284722 0.291667 0.284722 0.266667 0.295833 0.230556 0.301389 0.225000 0.304167 0.205556 0.336111 0.181944 0.361111 0.173611 0.386111 0.173611 0.416667 0.184722 0.440278 0.208333 0.440278 0.238889 0.425000 0.254167 0.386111 0.262500 0.365278 0.280556 0.356944 0.297222 0.341667 0.312500 0.316667 0.318056
0 0.206944 0.000000 0.240278 0.033333 0.251389 0.052778 0.251389 0.080556 0.245833 0.094444 0.219444 0.115278 0.166667 0.112500 0.129167 0.088889 0.118056 0.069444 0.115278 0.041667 0.123611 0.000000
0 0.147222 0.926389 0.141667 0.926389 0.134722 0.913889 0.134722 0.894444 0.141667 0.887500 0.152778 0.887500 0.165278 0.897222 0.162500 0.913889 0.147222 0.926389
0 0.191667 0.606944 0.150000 0.604167 0.131944 0.588889 0.134722 0.547222 0.148611 0.516667 0.194444 0.473611 0.213889 0.462500 0.247222 0.459722 0.262500 0.475000 0.251389 0.519444 0.220833 0.586111 0.205556 0.601389 0.191667 0.606944
0 0.538889 0.265278 0.513889 0.265278 0.501389 0.252778 0.490278 0.236111 0.487500 0.188889 0.504167 0.144444 0.522222 0.123611 0.538889 0.112500 0.569444 0.109722 0.587500 0.125000 0.593056 0.138889 0.590278 0.180556 0.584722 0.205556 0.573611 0.227778 0.559722 0.247222 0.538889 0.265278
0 0.997222 0.918056 0.979167 0.894444 0.965278 0.844444 0.968056 0.802778 0.983333 0.781944 0.997222 0.779167
0 0.000000 0.740278 0.020833 0.761111 0.026389 0.772222 0.026389 0.802778 0.000000 0.845833
0 0.663889 0.331944 0.630556 0.329167 0.615278 0.316667 0.606944 0.302778 0.606944 0.283333 0.612500 0.272222 0.683333 0.187500 0.700000 0.181944 0.741667 0.184722 0.768056 0.211111 0.770833 0.238889 0.762500 0.266667 0.741667 0.290278 0.697222 0.306944 0.663889 0.331944
0 0.663889 0.112500 0.641667 0.112500 0.623611 0.097222 0.623611 0.066667 0.631944 0.052778 0.652778 0.037500 0.677778 0.029167 0.705556 0.031944 0.718056 0.050000 0.706944 0.080556 0.686111 0.101389 0.663889 0.112500
0 0.727778 0.790278 0.708333 0.790278 0.690278 0.777778 0.681944 0.766667 0.681944 0.733333 0.698611 0.697222 0.743056 0.650000 0.748611 0.638889 0.772222 0.618056 0.794444 0.618056 0.815278 0.641667 0.815278 0.675000 0.809722 0.697222 0.795833 0.725000 0.776389 0.750000 0.741667 0.784722 0.727778 0.790278
