0 0.116379 0.931731 0.102011 0.929808 0.095546 0.923077 0.092672 0.913462 0.094109 0.907692 0.091236 0.903846 0.089799 0.894231 0.091236 0.859615 0.093391 0.854808 0.098420 0.851923 0.098420 0.848077 0.107040 0.832692 0.125000 0.808654 0.136494 0.799038 0.147989 0.797115 0.156609 0.802885 0.163075 0.813462 0.165948 0.828846 0.164511 0.867308 0.167385 0.871154 0.167385 0.890385 0.165230 0.895192 0.160920 0.897115 0.158046 0.897115 0.156609 0.893269 0.140805 0.914423 0.136494 0.918269 0.132184 0.916346 0.127874 0.924038 0.116379 0.931731
0 0.428161 0.908654 0.416667 0.906731 0.400144 0.890385 0.395833 0.873077 0.395833 0.857692 0.400144 0.842308 0.416667 0.814423 0.422414 0.810577 0.435345 0.808654 0.449713 0.818269 0.460489 0.834615 0.463362 0.846154 0.463362 0.861538 0.459052 0.875000 0.459052 0.886538 0.439655 0.904808 0.428161 0.908654
0 0.702586 0.691346 0.679598 0.685577 0.674569 0.678846 0.673132 0.661538 0.682471 0.647115 0.698276 0.633654 0.719828 0.631731 0.727011 0.635577 0.737787 0.648077 0.737787 0.661538 0.733477 0.673077 0.725575 0.679808 0.721264 0.679808 0.716954 0.685577 0.706897 0.687500 0.702586 0.691346
0 0.079023 0.787500 0.070402 0.785577 0.059626 0.776923 0.055316 0.761538 0.055316 0.740385 0.063937 0.705769 0.073994 0.682692 0.089080 0.660577 0.102011 0.656731 0.112787 0.667308 0.114224 0.684615 0.108477 0.721154 0.107040 0.755769 0.096264 0.777885 0.079023 0.787500
0 0.854167 0.000000 0.877155 0.023077 0.874282 0.038462 0.877155 0.050000 0.877155 0.069231 0.864943 0.091346 0.849138 0.089423 0.841954 0.085577 0.829023 0.072115 0.818247 0.055769 0.813937 0.040385 0.813937 0.015385 0.815374 0.007692 0.821121 0.000000
0 0.321839 0.670192 0.318966 0.670192 0.305316 0.655769 0.301006 0.646154 0.299569 0.634615 0.305316 0.615385 0.313218 0.604808 0.320402 0.604808 0.327586 0.595192 0.331897 0.602885 0.339080 0.604808 0.349856 0.615385 0.355603 0.626923 0.355603 0.642308 0.341954 0.660577 0.336207 0.660577 0.329023 0.668269 0.321839 0.670192
0 0.965517 0.141346 0.948276 0.139423 0.941810 0.128846 0.937500 0.111538 0.933190 0.105769 0.939655 0.085577 0.944684 0.090385 0.944684 0.096154 0.948276 0.100962 0.955460 0.099038 0.965517 0.083654 0.978448 0.093269 0.982759 0.093269 0.989224 0.101923 0.989224 0.126923 0.986351 0.132692 0.977011 0.139423 0.965517 0.141346
0 0.068247 0.000000 0.066810 0.034615 0.063937 0.042308 0.058190 0.055769 0.050287 0.066346 0.040230 0.074038 0.028736 0.074038 0.007902 0.044231 0.002155 0.013462 0.002155 0.000000
0 0.561782 0.710577 0.550287 0.710577 0.543103 0.702885 0.534483 0.702885 0.526580 0.692308 0.523707 0.655769 0.533764 0.630769 0.547414 0.616346 0.564655 0.618269 0.571121 0.632692 0.569684 0.646154 0.580460 0.652885 0.586925 0.663462 0.586925 0.676923 0.584052 0.684615 0.567529 0.706731 0.561782 0.710577
0 0.377874 0.116346 0.354885 0.116346 0.341954 0.108654 0.335489 0.098077 0.328305 0.069231 0.334052 0.051923 0.341954 0.041346 0.353448 0.035577 0.364943 0.035577 0.382184 0.041346 0.408046 0.060577 0.418822 0.078846 0.417385 0.096154 0.415230 0.099038 0.409483 0.099038 0.400862 0.104808 0.392241 0.104808 0.377874 0.116346
0 0.294540 0.260577 0.290230 0.260577 0.280891 0.251923 0.279454 0.238462 0.288075 0.198077 0.295259 0.180769 0.303161 0.170192 0.306034 0.170192 0.313937 0.178846 0.316810 0.198077 0.313937 0.201923 0.305316 0.240385 0.294540 0.260577
0 0.972701 0.522115 0.966954 0.516346 0.956897 0.514423 0.954741 0.511538 0.956897 0.508654 0.968391 0.508654 0.974856 0.517308 0.972701 0.522115
0 0.242816 0.310577 0.232759 0.310577 0.224856 0.298077 0.224856 0.294231 0.217672 0.288462 0.226293 0.271154 0.226293 0.265385 0.220546 0.257692 0.220546 0.251923 0.224138 0.247115 0.244253 0.260577 0.257184 0.262500 0.259339 0.265385 0.259339 0.290385 0.257184 0.293269 0.251437 0.291346 0.249282 0.294231 0.249282 0.303846 0.242816 0.310577
0 0.554598 0.593269 0.538793 0.593269 0.528736 0.585577 0.516523 0.559615 0.513649 0.540385 0.513649 0.515385 0.520833 0.488462 0.538793 0.470192 0.548851 0.468269 0.558908 0.479808 0.561782 0.479808 0.571121 0.494231 0.576868 0.519231 0.576868 0.548077 0.573994 0.565385 0.568247 0.578846 0.554598 0.593269
0 0.458333 0.700962 0.449713 0.697115 0.443247 0.690385 0.438937 0.678846 0.438937 0.665385 0.443247 0.659615 0.446121 0.642308 0.452586 0.633654 0.458333 0.633654 0.461207 0.629808 0.471264 0.629808 0.477730 0.640385 0.477730 0.650000 0.470546 0.667308 0.467672 0.688462 0.458333 0.700962
0 0.405172 0.591346 0.386494 0.585577 0.380747 0.577885 0.376437 0.577885 0.373563 0.574038 0.363506 0.574038 0.346983 0.559615 0.341236 0.548077 0.339799 0.517308 0.341954 0.514423 0.347701 0.514423 0.351293 0.509615 0.349856 0.501923 0.352011 0.499038 0.362069 0.504808 0.367816 0.504808 0.377874 0.497115 0.382184 0.497115 0.396552 0.512500 0.413793 0.522115 0.424569 0.536538 0.428879 0.553846 0.427443 0.565385 0.415230 0.587500 0.405172 0.591346
0 0.528736 0.475962 0.502874 0.474038 0.491379 0.466346 0.482759 0.466346 0.464799 0.430769 0.464799 0.409615 0.467672 0.405769 0.467672 0.400000 0.474138 0.393269 0.488506 0.389423 0.492816 0.385577 0.511494 0.385577 0.515805 0.389423 0.525862 0.389423 0.540230 0.400962 0.553879 0.421154 0.556753 0.428846 0.556753 0.444231 0.553879 0.451923 0.541667 0.466346 0.528736 0.475962
0 0.622126 0.666346 0.614943 0.664423 0.604167 0.653846 0.596983 0.628846 0.598420 0.611538 0.604167 0.598077 0.614943 0.585577 0.630747 0.579808 0.640805 0.581731 0.646552 0.585577 0.654454 0.598077 0.658764 0.623077 0.654454 0.634615 0.654454 0.642308 0.649425 0.652885 0.643678 0.652885 0.629310 0.664423 0.622126 0.666346
0 0.000000 0.581731 0.005747 0.574038 0.015805 0.572115 0.030891 0.590385 0.049569 0.619231 0.056753 0.659615 0.055316 0.680769 0.049569 0.696154 0.041667 0.704808 0.028736 0.704808 0.015805 0.697115 0.000000 0.674038
0 0.998563 0.624038 0.995690 0.627885 0.981322 0.627885 0.964080 0.618269 0.954741 0.596154 0.937500 0.573077 0.927443 0.532692 0.929598 0.529808 0.933190 0.530769 0.937500 0.557692 0.943966 0.566346 0.949713 0.566346 0.952586 0.570192 0.958333 0.570192 0.964080 0.562500 0.969828 0.564423 0.976293 0.555769 0.978448 0.541346 0.984195 0.545192 0.994253 0.543269 0.998563 0.547115
0 0.205460 0.777885 0.188218 0.775962 0.185345 0.772115 0.175287 0.768269 0.167385 0.748077 0.167385 0.663462 0.173132 0.646154 0.182471 0.637500 0.195402 0.637500 0.208333 0.647115 0.216236 0.663462 0.216236 0.673077 0.219109 0.676923 0.214799 0.705769 0.217672 0.732692 0.216236 0.759615 0.213362 0.771154 0.205460 0.777885
0 0.596983 0.998077 0.592672 0.980769 0.592672 0.967308 0.597701 0.960577 0.606322 0.960577 0.614943 0.945192 0.626437 0.941346 0.637931 0.945192 0.650144 0.963462 0.657328 0.982692 0.655891 0.998077
0 0.461207 0.710577 0.451149 0.708654 0.446839 0.702885 0.441092 0.702885 0.438218 0.699038 0.426724 0.695192 0.415230 0.685577 0.408046 0.674038 0.402299 0.672115 0.392960 0.659615 0.395833 0.655769 0.394397 0.650000 0.398707 0.634615 0.408046 0.620192 0.426724 0.620192 0.435345 0.625962 0.458333 0.627885 0.460489 0.630769 0.458333 0.633654 0.452586 0.633654 0.446121 0.642308 0.443247 0.659615 0.438937 0.665385 0.438937 0.678846 0.445402 0.693269 0.458333 0.700962 0.467672 0.688462 0.469109 0.673077 0.472701 0.670192 0.476293 0.675000 0.477730 0.690385 0.461207 0.710577
0 0.955460 0.183654 0.935345 0.179808 0.926006 0.165385 0.924569 0.155769 0.920259 0.148077 0.921695 0.136538 0.918822 0.130769 0.917385 0.105769 0.921695 0.078846 0.932471 0.064423 0.943966 0.060577 0.958333 0.064423 0.962644 0.060577 0.968391 0.060577 0.977730 0.069231 0.983477 0.086538 0.982759 0.093269 0.978448 0.093269 0.964080 0.083654 0.955460 0.099038 0.948276 0.100962 0.944684 0.096154 0.944684 0.090385 0.939655 0.085577 0.933190 0.103846 0.937500 0.111538 0.941810 0.128846 0.948276 0.139423 0.974856 0.140385 0.966236 0.163462 0.959052 0.171154 0.955460 0.183654
0 0.939655 0.835577 0.918103 0.833654 0.900144 0.813462 0.894397 0.796154 0.894397 0.780769 0.905172 0.766346 0.915230 0.766346 0.926724 0.760577 0.939655 0.760577 0.949713 0.764423 0.959770 0.762500 0.969828 0.766346 0.977730 0.776923 0.982040 0.790385 0.982040 0.798077 0.977730 0.805769 0.968391 0.818269 0.949713 0.831731 0.939655 0.835577
0 0.390805 0.352885 0.370690 0.349038 0.328305 0.311538 0.328305 0.307692 0.319684 0.294231 0.316810 0.280769 0.319684 0.276923 0.323994 0.257692 0.331897 0.245192 0.343391 0.239423 0.356322 0.241346 0.359195 0.237500 0.364943 0.237500 0.385057 0.254808 0.400144 0.275000 0.410201 0.303846 0.410201 0.332692 0.408764 0.340385 0.402299 0.349038 0.390805 0.352885
0 0.362069 0.818269 0.353448 0.818269 0.336207 0.810577 0.333333 0.806731 0.327586 0.806731 0.322557 0.796154 0.316810 0.790385 0.316810 0.773077 0.321121 0.765385 0.319684 0.738462 0.329023 0.733654 0.336207 0.724038 0.357759 0.729808 0.364943 0.735577 0.373563 0.749038 0.385776 0.761538 0.388649 0.769231 0.388649 0.782692 0.382184 0.789423 0.376437 0.789423 0.374282 0.792308 0.374282 0.803846 0.367816 0.814423 0.362069 0.818269
0 0.735632 0.320192 0.722701 0.320192 0.716954 0.316346 0.693247 0.290385 0.691810 0.280769 0.681753 0.253846 0.677443 0.225000 0.680316 0.211538 0.686782 0.202885 0.699713 0.202885 0.713362 0.217308 0.737787 0.273077 0.743534 0.288462 0.744971 0.307692 0.735632 0.320192
0 0.784483 0.252885 0.767241 0.250962 0.764368 0.247115 0.750000 0.243269 0.737069 0.233654 0.721983 0.215385 0.711925 0.194231 0.707615 0.173077 0.709052 0.153846 0.714080 0.143269 0.729885 0.133654 0.747126 0.133654 0.760776 0.146154 0.778017 0.178846 0.783764 0.200000 0.792385 0.213462 0.796695 0.226923 0.795259 0.242308 0.784483 0.252885
0 0.919540 0.675962 0.897989 0.674038 0.887931 0.666346 0.880747 0.656731 0.866379 0.649038 0.852011 0.633654 0.842672 0.617308 0.842672 0.600000 0.845546 0.592308 0.857759 0.579808 0.882184 0.575962 0.895115 0.581731 0.906609 0.593269 0.924569 0.623077 0.924569 0.630769 0.930316 0.642308 0.928879 0.665385 0.923851 0.674038 0.919540 0.675962
0 0.998563 0.964423 0.989224 0.953846 0.984914 0.940385 0.986351 0.915385 0.992816 0.904808 0.998563 0.904808
0 0.998563 0.529808 0.985632 0.524038 0.971983 0.501923 0.967672 0.490385 0.971983 0.469231 0.979885 0.458654 0.992816 0.450962 0.998563 0.450962
0 0.972701 0.214423 0.966954 0.214423 0.952586 0.200962 0.948994 0.196154 0.948994 0.190385 0.956897 0.181731 0.968391 0.177885 0.985632 0.179808 0.993534 0.190385 0.993534 0.196154 0.988506 0.204808 0.981322 0.206731 0.972701 0.214423
0 0.880747 0.437500 0.876437 0.433654 0.866379 0.433654 0.849856 0.417308 0.849856 0.411538 0.845546 0.401923 0.848420 0.390385 0.856322 0.377885 0.872126 0.364423 0.882184 0.360577 0.903736 0.362500 0.913793 0.372115 0.921695 0.386538 0.920259 0.409615 0.906609 0.429808 0.880747 0.437500
0 0.285920 0.820192 0.258621 0.820192 0.250000 0.812500 0.242816 0.812500 0.233477 0.803846 0.233477 0.796154 0.229167 0.782692 0.229167 0.759615 0.234914 0.728846 0.232040 0.719231 0.239943 0.706731 0.255747 0.712500 0.270115 0.733654 0.285920 0.743269 0.302443 0.765385 0.306753 0.782692 0.305316 0.800000 0.295977 0.816346 0.285920 0.820192
0 0.597701 0.314423 0.556034 0.310577 0.537356 0.300962 0.519397 0.278846 0.517960 0.253846 0.522270 0.242308 0.538793 0.225962 0.563218 0.224038 0.581897 0.231731 0.599138 0.245192 0.607040 0.255769 0.607040 0.261538 0.612787 0.273077 0.614224 0.290385 0.612787 0.298077 0.605603 0.309615 0.597701 0.314423
0 0.057471 0.802885 0.053879 0.800000 0.053879 0.796154 0.058908 0.791346 0.061063 0.798077 0.057471 0.802885
0 0.227011 0.343269 0.212644 0.343269 0.201149 0.337500 0.182471 0.333654 0.177443 0.326923 0.168822 0.298077 0.170259 0.276923 0.176724 0.268269 0.196839 0.258654 0.216954 0.260577 0.219828 0.256731 0.226293 0.265385 0.226293 0.271154 0.217672 0.288462 0.224856 0.294231 0.224856 0.298077 0.232759 0.310577 0.245690 0.308654 0.249282 0.303846 0.249282 0.294231 0.254310 0.291346 0.246408 0.332692 0.242816 0.337500 0.227011 0.343269
0 0.398707 0.998077 0.405891 0.982692 0.415230 0.974038 0.429598 0.975962 0.436063 0.986538 0.434626 0.998077
0 0.912356 0.760577 0.893678 0.758654 0.877874 0.752885 0.859195 0.739423 0.845546 0.721154 0.844109 0.703846 0.846983 0.694231 0.857759 0.681731 0.867816 0.675962 0.900862 0.679808 0.916667 0.693269 0.931753 0.713462 0.931753 0.721154 0.934626 0.725000 0.934626 0.738462 0.925287 0.756731 0.916667 0.756731 0.912356 0.760577
0 0.958333 0.570192 0.943966 0.566346 0.937500 0.557692 0.931753 0.528846 0.933190 0.521154 0.939655 0.510577 0.954023 0.510577 0.956897 0.514423 0.962644 0.514423 0.969828 0.518269 0.976293 0.526923 0.976293 0.555769 0.969828 0.564423 0.964080 0.562500 0.958333 0.570192
0 0.938218 0.481731 0.918103 0.475962 0.913075 0.469231 0.910201 0.459615 0.910201 0.448077 0.913075 0.438462 0.925287 0.420192 0.933908 0.416346 0.949713 0.422115 0.956178 0.434615 0.956178 0.446154 0.950431 0.453846 0.947557 0.476923 0.945402 0.479808 0.941092 0.477885 0.938218 0.481731
0 0.320402 0.524038 0.298851 0.520192 0.280891 0.496154 0.278017 0.478846 0.267960 0.457692 0.267960 0.444231 0.275862 0.431731 0.283046 0.427885 0.306034 0.427885 0.318966 0.431731 0.336207 0.441346 0.348420 0.459615 0.346983 0.484615 0.329741 0.500000 0.331178 0.507692 0.328305 0.515385 0.320402 0.524038
0 0.054598 0.872115 0.049569 0.867308 0.049569 0.857692 0.051724 0.854808 0.056034 0.854808 0.062500 0.861538 0.054598 0.872115
0 0.208333 0.277885 0.201868 0.271154 0.206897 0.264423 0.211925 0.267308 0.211925 0.273077 0.208333 0.277885
0 0.485632 0.725962 0.479885 0.724038 0.469109 0.711538 0.469109 0.701923 0.479885 0.687500 0.488506 0.687500 0.500718 0.701923 0.500718 0.711538 0.497845 0.717308 0.494253 0.722115 0.485632 0.725962
0 0.000000 0.045192 0.005029 0.053846 0.000000 0.072115
0 0.998563 0.135577 0.992816 0.135577 0.989224 0.126923 0.989224 0.109615 0.992098 0.105769 0.992098 0.096154 0.995690 0.093269 0.998563 0.097115
0 0.443966 0.741346 0.440374 0.736538 0.446839 0.731731 0.448994 0.736538 0.443966 0.741346
0 0.239224 0.998077 0.242098 0.986538 0.246408 0.980769 0.251437 0.974038 0.260057 0.970192 0.283046 0.974038 0.289511 0.980769 0.295259 0.998077
0 0.418103 0.181731 0.400862 0.179808 0.386494 0.168269 0.378592 0.157692 0.375718 0.134615 0.378592 0.121154 0.382184 0.116346 0.422414 0.099038 0.436782 0.100962 0.471264 0.116346 0.477730 0.125000 0.479167 0.150000 0.476293 0.157692 0.466954 0.168269 0.459770 0.168269 0.448276 0.174038 0.436782 0.174038 0.432471 0.177885 0.418103 0.181731
0 0.331897 0.674038 0.328305 0.669231 0.331897 0.664423 0.336207 0.660577 0.341954 0.660577 0.354167 0.646154 0.354167 0.623077 0.346264 0.610577 0.331897 0.602885 0.326149 0.595192 0.320402 0.604808 0.313218 0.604808 0.305316 0.615385 0.298851 0.635577 0.294540 0.633654 0.285201 0.621154 0.279454 0.605769 0.278017 0.576923 0.284483 0.566346 0.300287 0.564423 0.318966 0.572115 0.333333 0.583654 0.357759 0.616346 0.364224 0.619231 0.361351 0.630769 0.362787 0.640385 0.358477 0.651923 0.341954 0.668269 0.336207 0.668269 0.331897 0.674038
0 0.406609 0.741346 0.389368 0.735577 0.357040 0.709615 0.349856 0.694231 0.348420 0.684615 0.348420 0.675000 0.354885 0.662500 0.367816 0.654808 0.390805 0.656731 0.420259 0.690385 0.418822 0.694231 0.423132 0.700000 0.424569 0.707692 0.423132 0.730769 0.416667 0.739423 0.406609 0.741346
0 0.639368 0.739423 0.627874 0.735577 0.617098 0.725000 0.611351 0.707692 0.611351 0.688462 0.623563 0.670192 0.629310 0.666346 0.636494 0.666346 0.643678 0.660577 0.649425 0.660577 0.665948 0.671154 0.678879 0.705769 0.673132 0.721154 0.662356 0.735577 0.650862 0.737500 0.646552 0.733654 0.639368 0.739423
0 0.116379 0.366346 0.104885 0.366346 0.087644 0.358654 0.076149 0.358654 0.061063 0.346154 0.053879 0.332692 0.051006 0.309615 0.055316 0.288462 0.063218 0.277885 0.070402 0.274038 0.081897 0.274038 0.114224 0.313462 0.124282 0.338462 0.122845 0.359615 0.116379 0.366346
0 0.489224 0.998077 0.484914 0.988462 0.484914 0.971154 0.489224 0.959615 0.507184 0.937500 0.511494 0.937500 0.515805 0.931731 0.538793 0.918269 0.548851 0.918269 0.556034 0.924038 0.562500 0.938462 0.563937 0.975000 0.562500 0.984615 0.556753 0.998077
0 0.436782 0.722115 0.431753 0.717308 0.433908 0.710577 0.438937 0.713462 0.436782 0.722115
0 0.068966 0.962500 0.034483 0.950962 0.018678 0.939423 0.012213 0.928846 0.012213 0.907692 0.015086 0.898077 0.031609 0.877885 0.040230 0.874038 0.047414 0.866346 0.054598 0.872115 0.061782 0.862500 0.080460 0.864423 0.086925 0.873077 0.086925 0.901923 0.089799 0.905769 0.089799 0.919231 0.092672 0.923077 0.089799 0.928846 0.089799 0.940385 0.068966 0.962500
0 0.129310 0.522115 0.106322 0.520192 0.084770 0.506731 0.065374 0.478846 0.063937 0.467308 0.066810 0.451923 0.077586 0.441346 0.086207 0.437500 0.097701 0.437500 0.117816 0.447115 0.129310 0.456731 0.142960 0.476923 0.147270 0.492308 0.144397 0.509615 0.135057 0.520192 0.129310 0.522115
0 0.673851 0.845192 0.645115 0.841346 0.632902 0.832692 0.630029 0.821154 0.625718 0.819231 0.624282 0.809615 0.631466 0.786538 0.649425 0.774038 0.655172 0.777885 0.655172 0.770192 0.658046 0.770192 0.659483 0.774038 0.662356 0.768269 0.666667 0.770192 0.668103 0.766346 0.672414 0.768269 0.681034 0.764423 0.692529 0.764423 0.698276 0.760577 0.716954 0.760577 0.728448 0.768269 0.734914 0.780769 0.734914 0.798077 0.732040 0.805769 0.716954 0.824038 0.695402 0.837500 0.673851 0.845192
0 0.744253 0.981731 0.727011 0.981731 0.715517 0.975962 0.701868 0.953846 0.701868 0.940385 0.716236 0.915385 0.716236 0.907692 0.720546 0.896154 0.734195 0.877885 0.748563 0.868269 0.767241 0.864423 0.778736 0.870192 0.789511 0.884615 0.795259 0.900000 0.795259 0.930769 0.779454 0.950000 0.775862 0.958654 0.761494 0.968269 0.757184 0.968269 0.752874 0.974038 0.748563 0.974038 0.744253 0.981731
0 0.441092 0.735577 0.434626 0.728846 0.439655 0.718269 0.446121 0.725000 0.446121 0.728846 0.441092 0.735577
