0 0.175781 0.634766 0.148438 0.634766 0.132812 0.626953 0.123047 0.613281 0.126953 0.578125 0.144531 0.556641 0.167969 0.552734 0.193359 0.574219 0.185547 0.617188 0.175781 0.634766
0 0.593750 0.431641 0.562500 0.431641 0.544922 0.417969 0.541016 0.386719 0.558594 0.361328 0.585938 0.357422 0.615234 0.382812 0.619141 0.406250 0.593750 0.431641
0 0.656250 0.189453 0.628906 0.185547 0.607422 0.160156 0.607422 0.136719 0.632812 0.115234 0.664062 0.119141 0.685547 0.148438 0.677734 0.175781 0.656250 0.189453
0 0.996094 0.763672 0.968750 0.779297 0.957031 0.775391 0.951172 0.765625 0.951172 0.750000 0.970703 0.714844 0.984375 0.705078 0.996094 0.708984
0 0.492188 0.091797 0.464844 0.091797 0.451172 0.082031 0.447266 0.058594 0.457031 0.044922 0.501953 0.050781 0.509766 0.074219 0.492188 0.091797
0 0.396484 0.000000 0.390625 0.009766 0.371094 0.009766 0.365234 0.000000
0 0.546875 0.732422 0.527344 0.732422 0.519531 0.720703 0.507812 0.720703 0.498047 0.710938 0.509766 0.667969 0.527344 0.658203 0.558594 0.666016 0.572266 0.683594 0.572266 0.707031 0.546875 0.732422
0 0.042969 0.955078 0.027344 0.955078 0.009766 0.937500 0.009766 0.914062 0.025391 0.886719 0.050781 0.869141 0.062500 0.873047 0.072266 0.886719 0.072266 0.910156 0.064453 0.933594 0.042969 0.955078
0 0.871094 0.689453 0.847656 0.689453 0.830078 0.664062 0.830078 0.632812 0.847656 0.615234 0.867188 0.615234 0.882812 0.623047 0.896484 0.644531 0.892578 0.671875 0.871094 0.689453
0 0.265625 0.361328 0.246094 0.357422 0.232422 0.343750 0.228516 0.320312 0.257812 0.291016 0.292969 0.291016 0.306641 0.308594 0.306641 0.320312 0.294922 0.343750 0.265625 0.361328
0 0.914062 0.212891 0.890625 0.205078 0.873047 0.191406 0.880859 0.160156 0.902344 0.146484 0.914062 0.150391 0.931641 0.171875 0.931641 0.195312 0.914062 0.212891
0 0.060547 0.996094 0.064453 0.980469 0.082031 0.962891 0.109375 0.958984 0.134766 0.976562 0.142578 0.992188 0.138672 0.996094
0 0.480469 0.341797 0.449219 0.341797 0.439453 0.332031 0.439453 0.308594 0.464844 0.283203 0.500000 0.283203 0.509766 0.296875 0.509766 0.312500 0.480469 0.341797
0 0.632812 0.720703 0.607422 0.703125 0.603516 0.687500 0.621094 0.658203 0.640625 0.654297 0.656250 0.658203 0.673828 0.675781 0.677734 0.703125 0.667969 0.712891 0.632812 0.720703
0 0.441406 0.306641 0.425781 0.306641 0.419922 0.300781 0.419922 0.261719 0.445312 0.228516 0.464844 0.228516 0.478516 0.238281 0.474609 0.273438 0.441406 0.306641
0 0.480469 0.544922 0.460938 0.544922 0.443359 0.531250 0.443359 0.492188 0.468750 0.466797 0.488281 0.458984 0.515625 0.458984 0.541016 0.476562 0.541016 0.511719 0.480469 0.544922
0 0.347656 0.306641 0.333984 0.300781 0.339844 0.287109 0.353516 0.292969 0.347656 0.306641
0 0.343750 0.404297 0.320312 0.400391 0.306641 0.386719 0.310547 0.347656 0.318359 0.332031 0.332031 0.322266 0.359375 0.330078 0.365234 0.339844 0.343750 0.404297
0 0.617188 0.919922 0.591797 0.914062 0.583984 0.875000 0.605469 0.845703 0.640625 0.845703 0.654297 0.863281 0.654297 0.890625 0.636719 0.912109 0.617188 0.919922
0 0.375000 0.216797 0.355469 0.216797 0.330078 0.195312 0.326172 0.167969 0.339844 0.150391 0.367188 0.142578 0.392578 0.160156 0.392578 0.199219 0.375000 0.216797
0 0.859375 0.462891 0.835938 0.458984 0.806641 0.433594 0.806641 0.406250 0.816406 0.392578 0.835938 0.388672 0.859375 0.396484 0.873047 0.410156 0.876953 0.441406 0.859375 0.462891
