0 0.472656 0.701172 0.449219 0.701172 0.439453 0.691406 0.435547 0.656250 0.445312 0.642578 0.468750 0.638672 0.486328 0.652344 0.486328 0.683594 0.472656 0.701172
0 0.949219 0.845703 0.906250 0.841797 0.892578 0.820312 0.896484 0.800781 0.914062 0.787109 0.933594 0.787109 0.957031 0.798828 0.962891 0.804688 0.962891 0.832031 0.949219 0.845703
0 0.039062 0.736328 0.019531 0.732422 0.005859 0.718750 0.013672 0.671875 0.027344 0.662109 0.037109 0.667969 0.037109 0.687500 0.048828 0.714844 0.048828 0.726562 0.039062 0.736328
0 0.906250 0.349609 0.878906 0.349609 0.861328 0.332031 0.861328 0.296875 0.886719 0.275391 0.910156 0.275391 0.931641 0.296875 0.935547 0.308594 0.935547 0.328125 0.906250 0.349609
0 0.652344 0.458984 0.625000 0.455078 0.611328 0.437500 0.611328 0.410156 0.640625 0.380859 0.662109 0.394531 0.673828 0.425781 0.666016 0.449219 0.652344 0.458984
0 0.714844 0.763672 0.685547 0.753906 0.673828 0.738281 0.669922 0.718750 0.673828 0.703125 0.699219 0.681641 0.718750 0.681641 0.734375 0.697266 0.742188 0.693359 0.755859 0.710938 0.751953 0.742188 0.738281 0.755859 0.714844 0.763672
0 0.718750 0.115234 0.691406 0.111328 0.689453 0.101562 0.679688 0.099609 0.673828 0.089844 0.707031 0.072266 0.718750 0.072266 0.732422 0.085938 0.732422 0.105469 0.718750 0.115234
0 0.312500 0.509766 0.300781 0.509766 0.287109 0.496094 0.287109 0.464844 0.296875 0.451172 0.324219 0.439453 0.345703 0.460938 0.345703 0.488281 0.328125 0.505859 0.312500 0.509766
0 0.000000 0.732422 0.009766 0.742188 0.009766 0.757812 0.000000 0.767578
0 0.222656 0.814453 0.203125 0.814453 0.185547 0.800781 0.177734 0.781250 0.187500 0.767578 0.218750 0.763672 0.232422 0.777344 0.236328 0.800781 0.222656 0.814453
0 0.085938 0.412109 0.066406 0.412109 0.060547 0.398438 0.048828 0.390625 0.048828 0.382812 0.062500 0.376953 0.085938 0.392578 0.091797 0.398438 0.085938 0.412109
