0 0.699219 0.150391 0.681641 0.132812 0.681641 0.113281 0.687500 0.107422 0.699219 0.107422 0.712891 0.121094 0.712891 0.136719 0.699219 0.150391
0 0.050781 0.693359 0.031250 0.693359 0.015625 0.685547 0.005859 0.675781 0.005859 0.660156 0.015625 0.654297 0.042969 0.662109 0.056641 0.679688 0.050781 0.693359
0 0.544922 0.000000 0.548828 0.011719 0.535156 0.025391 0.517578 0.015625 0.517578 0.000000
0 0.937500 0.822266 0.917969 0.822266 0.912109 0.804688 0.925781 0.794922 0.937500 0.794922 0.943359 0.800781 0.943359 0.816406 0.937500 0.822266
0 0.996094 0.865234 0.984375 0.865234 0.970703 0.851562 0.980469 0.833984 0.996094 0.837891
0 0.941406 0.728516 0.931641 0.722656 0.927734 0.707031 0.935547 0.691406 0.953125 0.681641 0.958984 0.687500 0.958984 0.707031 0.941406 0.728516
0 0.996094 0.775391 0.976562 0.794922 0.962891 0.789062 0.962891 0.757812 0.970703 0.742188 0.988281 0.736328 0.996094 0.744141
0 0.574219 0.072266 0.564453 0.066406 0.564453 0.035156 0.570312 0.029297 0.591797 0.042969 0.591797 0.058594 0.574219 0.072266
0 0.941406 0.783203 0.925781 0.783203 0.916016 0.773438 0.921875 0.755859 0.933594 0.755859 0.951172 0.769531 0.941406 0.783203
0 0.507812 0.205078 0.492188 0.205078 0.474609 0.191406 0.474609 0.171875 0.488281 0.154297 0.503906 0.154297 0.521484 0.167969 0.521484 0.187500 0.507812 0.205078
0 0.812500 0.740234 0.792969 0.740234 0.779297 0.722656 0.779297 0.703125 0.792969 0.689453 0.804688 0.689453 0.826172 0.714844 0.812500 0.740234
