0 0.000000 0.291016 0.007812 0.291016 0.017578 0.304688 0.017578 0.316406 0.000000 0.333984
0 0.386719 0.740234 0.373047 0.734375 0.373047 0.722656 0.390625 0.701172 0.398438 0.701172 0.408203 0.722656 0.386719 0.740234
0 0.230469 0.865234 0.216797 0.855469 0.216797 0.843750 0.238281 0.826172 0.253906 0.826172 0.263672 0.835938 0.259766 0.851562 0.230469 0.865234
0 0.687500 0.845703 0.679688 0.845703 0.666016 0.828125 0.679688 0.810547 0.701172 0.824219 0.701172 0.832031 0.687500 0.845703
0 0.046875 0.861328 0.023438 0.853516 0.005859 0.835938 0.005859 0.820312 0.015625 0.810547 0.031250 0.810547 0.060547 0.832031 0.060547 0.851562 0.046875 0.861328
0 0.156250 0.662109 0.136719 0.662109 0.130859 0.656250 0.130859 0.644531 0.140625 0.630859 0.171875 0.630859 0.177734 0.636719 0.177734 0.644531 0.156250 0.662109
0 0.972656 0.439453 0.957031 0.439453 0.943359 0.425781 0.943359 0.402344 0.953125 0.392578 0.968750 0.392578 0.978516 0.402344 0.982422 0.417969 0.972656 0.439453
0 0.539062 0.083984 0.521484 0.078125 0.521484 0.054688 0.527344 0.048828 0.542969 0.048828 0.548828 0.054688 0.548828 0.074219 0.539062 0.083984
0 0.523438 0.263672 0.509766 0.257812 0.509766 0.234375 0.517578 0.214844 0.531250 0.205078 0.537109 0.210938 0.541016 0.250000 0.523438 0.263672
0 0.949219 0.037109 0.925781 0.037109 0.916016 0.027344 0.916016 0.015625 0.933594 0.001953 0.953125 0.001953 0.958984 0.007812 0.958984 0.023438 0.949219 0.037109
0 0.519531 0.060547 0.513672 0.058594 0.517578 0.039062 0.539062 0.021484 0.550781 0.021484 0.556641 0.035156 0.542969 0.048828 0.527344 0.048828 0.519531 0.060547
0 0.289062 0.708984 0.269531 0.705078 0.259766 0.687500 0.263672 0.652344 0.277344 0.638672 0.289062 0.638672 0.302734 0.656250 0.302734 0.695312 0.289062 0.708984
0 0.222656 0.802734 0.207031 0.798828 0.189453 0.781250 0.185547 0.753906 0.191406 0.748047 0.203125 0.748047 0.232422 0.777344 0.232422 0.789062 0.222656 0.802734
0 0.808594 0.259766 0.794922 0.253906 0.798828 0.222656 0.804688 0.216797 0.824219 0.216797 0.830078 0.222656 0.830078 0.242188 0.808594 0.259766
0 0.953125 0.259766 0.937500 0.259766 0.908203 0.226562 0.908203 0.210938 0.917969 0.201172 0.933594 0.201172 0.951172 0.214844 0.962891 0.246094 0.953125 0.259766
0 0.238281 0.966797 0.214844 0.962891 0.197266 0.945312 0.197266 0.929688 0.207031 0.919922 0.226562 0.919922 0.244141 0.933594 0.248047 0.957031 0.238281 0.966797
0 0.402344 0.361328 0.371094 0.353516 0.361328 0.343750 0.361328 0.332031 0.371094 0.318359 0.382812 0.318359 0.400391 0.335938 0.408203 0.351562 0.402344 0.361328
0 0.000000 0.388672 0.013672 0.402344 0.013672 0.417969 0.000000 0.423828
0 0.191406 0.146484 0.164062 0.146484 0.148438 0.138672 0.142578 0.125000 0.164062 0.103516 0.199219 0.103516 0.208984 0.113281 0.212891 0.128906 0.191406 0.146484
0 0.191406 0.255859 0.171875 0.255859 0.154297 0.238281 0.154297 0.222656 0.160156 0.216797 0.175781 0.216797 0.197266 0.234375 0.197266 0.250000 0.191406 0.255859
0 0.019531 0.599609 0.001953 0.593750 0.001953 0.578125 0.011719 0.564453 0.029297 0.570312 0.029297 0.589844 0.019531 0.599609
0 0.949219 0.369141 0.931641 0.359375 0.931641 0.343750 0.923828 0.335938 0.929688 0.314453 0.947266 0.320312 0.962891 0.347656 0.962891 0.359375 0.949219 0.369141
0 0.453125 0.083984 0.443359 0.082031 0.435547 0.066406 0.453125 0.044922 0.464844 0.044922 0.474609 0.054688 0.474609 0.066406 0.453125 0.083984
0 0.000000 0.634766 0.015625 0.630859 0.041016 0.644531 0.041016 0.660156 0.023438 0.681641 0.011719 0.685547 0.000000 0.677734
0 0.140625 0.853516 0.128906 0.853516 0.119141 0.843750 0.115234 0.820312 0.125000 0.810547 0.140625 0.810547 0.154297 0.828125 0.150391 0.843750 0.140625 0.853516
0 0.832031 0.224609 0.814453 0.214844 0.814453 0.187500 0.820312 0.181641 0.841797 0.203125 0.841797 0.214844 0.832031 0.224609
0 0.496094 0.794922 0.460938 0.791016 0.451172 0.781250 0.451172 0.765625 0.464844 0.751953 0.492188 0.744141 0.501953 0.753906 0.501953 0.789062 0.496094 0.794922
0 0.429688 0.490234 0.406250 0.486328 0.392578 0.468750 0.406250 0.455078 0.425781 0.455078 0.439453 0.468750 0.439453 0.480469 0.429688 0.490234
0 0.996094 0.166016 0.984375 0.166016 0.974609 0.156250 0.974609 0.144531 0.996094 0.134766
0 0.437500 0.646484 0.414062 0.646484 0.404297 0.636719 0.400391 0.621094 0.425781 0.611328 0.460938 0.615234 0.466797 0.625000 0.437500 0.646484
0 0.890625 0.505859 0.875000 0.505859 0.865234 0.488281 0.886719 0.466797 0.910156 0.466797 0.916016 0.476562 0.908203 0.492188 0.890625 0.505859
0 0.917969 0.345703 0.900391 0.335938 0.900391 0.304688 0.910156 0.291016 0.927734 0.296875 0.927734 0.332031 0.917969 0.345703
0 0.304688 0.318359 0.289062 0.314453 0.279297 0.304688 0.279297 0.277344 0.296875 0.255859 0.308594 0.255859 0.326172 0.269531 0.322266 0.304688 0.304688 0.318359
0 0.404297 0.000000 0.394531 0.017578 0.382812 0.013672 0.376953 0.000000
0 0.039062 0.767578 0.021484 0.753906 0.021484 0.742188 0.035156 0.728516 0.066406 0.728516 0.076172 0.738281 0.076172 0.750000 0.058594 0.763672 0.039062 0.767578
0 0.171875 0.419922 0.156250 0.416016 0.146484 0.406250 0.146484 0.390625 0.164062 0.365234 0.183594 0.361328 0.197266 0.375000 0.197266 0.390625 0.189453 0.406250 0.171875 0.419922
0 0.457031 0.306641 0.433594 0.306641 0.419922 0.289062 0.423828 0.273438 0.437500 0.259766 0.445312 0.259766 0.466797 0.285156 0.466797 0.296875 0.457031 0.306641
0 0.183594 0.978516 0.152344 0.970703 0.138672 0.957031 0.138672 0.945312 0.144531 0.939453 0.195312 0.943359 0.212891 0.960938 0.183594 0.978516
0 0.880859 0.000000 0.880859 0.015625 0.867188 0.029297 0.855469 0.029297 0.845703 0.019531 0.845703 0.000000
0 0.847656 0.443359 0.833984 0.433594 0.833984 0.425781 0.847656 0.412109 0.875000 0.404297 0.888672 0.414062 0.882812 0.427734 0.847656 0.443359
0 0.824219 0.373047 0.812500 0.369141 0.794922 0.347656 0.794922 0.328125 0.804688 0.318359 0.835938 0.322266 0.853516 0.343750 0.853516 0.359375 0.824219 0.373047
0 0.445312 0.990234 0.433594 0.990234 0.416016 0.976562 0.412109 0.957031 0.421875 0.947266 0.441406 0.947266 0.451172 0.957031 0.455078 0.980469 0.445312 0.990234
0 0.027344 0.259766 0.011719 0.259766 0.005859 0.253906 0.005859 0.234375 0.019531 0.220703 0.041016 0.230469 0.041016 0.242188 0.027344 0.259766
0 0.195312 0.205078 0.179688 0.205078 0.166016 0.195312 0.166016 0.179688 0.171875 0.173828 0.191406 0.173828 0.201172 0.183594 0.201172 0.199219 0.195312 0.205078
0 0.066406 0.951172 0.050781 0.951172 0.044922 0.933594 0.062500 0.912109 0.082031 0.912109 0.091797 0.921875 0.091797 0.933594 0.066406 0.951172
0 0.324219 0.119141 0.306641 0.109375 0.306641 0.093750 0.318359 0.066406 0.335938 0.052734 0.345703 0.066406 0.345703 0.089844 0.324219 0.119141
0 0.773438 0.697266 0.759766 0.691406 0.759766 0.671875 0.773438 0.650391 0.789062 0.650391 0.794922 0.656250 0.794922 0.675781 0.773438 0.697266
0 0.847656 0.662109 0.833984 0.652344 0.830078 0.621094 0.839844 0.611328 0.855469 0.607422 0.865234 0.621094 0.865234 0.640625 0.847656 0.662109
0 0.675781 0.693359 0.658203 0.675781 0.658203 0.656250 0.664062 0.650391 0.675781 0.650391 0.685547 0.660156 0.685547 0.675781 0.675781 0.693359
0 0.111328 0.000000 0.111328 0.019531 0.105469 0.025391 0.085938 0.021484 0.080078 0.015625 0.080078 0.000000
0 0.789062 0.162109 0.765625 0.150391 0.751953 0.132812 0.765625 0.123047 0.777344 0.123047 0.794922 0.140625 0.794922 0.156250 0.789062 0.162109
0 0.253906 0.423828 0.228516 0.406250 0.224609 0.378906 0.228516 0.347656 0.250000 0.333984 0.271484 0.347656 0.275391 0.367188 0.275391 0.406250 0.253906 0.423828
0 0.820312 0.041016 0.794922 0.027344 0.804688 0.009766 0.820312 0.009766 0.830078 0.019531 0.830078 0.031250 0.820312 0.041016
0 0.957031 0.587891 0.945312 0.587891 0.935547 0.570312 0.957031 0.552734 0.972656 0.552734 0.982422 0.570312 0.957031 0.587891
0 0.742188 0.068359 0.714844 0.068359 0.708984 0.054688 0.726562 0.041016 0.746094 0.041016 0.755859 0.054688 0.742188 0.068359
0 0.414062 0.181641 0.386719 0.181641 0.376953 0.171875 0.376953 0.152344 0.394531 0.142578 0.429688 0.146484 0.435547 0.164062 0.414062 0.181641
0 0.562500 0.259766 0.541016 0.250000 0.537109 0.214844 0.542969 0.208984 0.550781 0.208984 0.568359 0.226562 0.568359 0.250000 0.562500 0.259766
0 0.175781 0.541016 0.156250 0.541016 0.146484 0.523438 0.167969 0.505859 0.187500 0.505859 0.197266 0.523438 0.175781 0.541016
0 0.353516 0.996094 0.353516 0.980469 0.367188 0.966797 0.382812 0.966797 0.392578 0.976562 0.388672 0.996094
0 0.328125 0.232422 0.312500 0.228516 0.302734 0.218750 0.302734 0.203125 0.308594 0.197266 0.339844 0.197266 0.345703 0.203125 0.345703 0.218750 0.328125 0.232422
0 0.601562 0.353516 0.570312 0.349609 0.564453 0.332031 0.585938 0.314453 0.617188 0.314453 0.626953 0.324219 0.626953 0.335938 0.601562 0.353516
0 0.277344 0.931641 0.261719 0.931641 0.248047 0.917969 0.253906 0.900391 0.265625 0.896484 0.283203 0.906250 0.287109 0.921875 0.277344 0.931641
0 0.867188 0.216797 0.859375 0.216797 0.841797 0.195312 0.841797 0.183594 0.851562 0.173828 0.859375 0.173828 0.873047 0.195312 0.873047 0.210938 0.867188 0.216797
0 0.476562 0.986328 0.457031 0.978516 0.451172 0.968750 0.451172 0.957031 0.468750 0.935547 0.480469 0.939453 0.490234 0.957031 0.486328 0.976562 0.476562 0.986328
0 0.199219 0.103516 0.164062 0.103516 0.154297 0.093750 0.154297 0.082031 0.175781 0.068359 0.210938 0.068359 0.216797 0.082031 0.199219 0.103516
0 0.113281 0.318359 0.089844 0.318359 0.072266 0.304688 0.072266 0.285156 0.105469 0.255859 0.128906 0.259766 0.150391 0.285156 0.146484 0.300781 0.132812 0.314453 0.113281 0.318359
0 0.734375 0.767578 0.710938 0.767578 0.705078 0.761719 0.705078 0.734375 0.726562 0.712891 0.744141 0.722656 0.744141 0.757812 0.734375 0.767578
0 0.703125 0.978516 0.671875 0.978516 0.654297 0.960938 0.654297 0.949219 0.671875 0.935547 0.699219 0.939453 0.712891 0.953125 0.712891 0.964844 0.703125 0.978516
0 0.507812 0.064453 0.496094 0.064453 0.486328 0.054688 0.496094 0.033203 0.511719 0.033203 0.517578 0.039062 0.507812 0.064453
0 0.066406 0.451172 0.058594 0.451172 0.048828 0.433594 0.060547 0.417969 0.064453 0.398438 0.078125 0.392578 0.095703 0.406250 0.095703 0.433594 0.066406 0.451172
0 0.738281 0.505859 0.710938 0.501953 0.701172 0.488281 0.705078 0.445312 0.726562 0.423828 0.750000 0.427734 0.767578 0.457031 0.763672 0.484375 0.750000 0.501953 0.738281 0.505859
0 0.480469 0.533203 0.464844 0.529297 0.455078 0.519531 0.455078 0.503906 0.464844 0.486328 0.492188 0.490234 0.505859 0.507812 0.505859 0.523438 0.480469 0.533203
0 0.054688 0.212891 0.046875 0.212891 0.033203 0.199219 0.033203 0.164062 0.042969 0.154297 0.058594 0.154297 0.072266 0.183594 0.072266 0.195312 0.054688 0.212891
0 0.867188 0.181641 0.853516 0.171875 0.849609 0.148438 0.863281 0.138672 0.878906 0.138672 0.900391 0.152344 0.900391 0.164062 0.890625 0.173828 0.867188 0.181641
0 0.082031 0.091797 0.046875 0.083984 0.041016 0.078125 0.044922 0.062500 0.074219 0.052734 0.085938 0.056641 0.095703 0.066406 0.095703 0.078125 0.082031 0.091797
0 0.503906 0.751953 0.490234 0.742188 0.482422 0.722656 0.482422 0.699219 0.492188 0.689453 0.507812 0.689453 0.525391 0.714844 0.521484 0.742188 0.503906 0.751953
