0 0.988281 0.986328 0.957031 0.978516 0.943359 0.964844 0.943359 0.957031 0.960938 0.951172 0.988281 0.966797 0.994141 0.972656 0.988281 0.986328
0 0.050781 0.193359 0.035156 0.193359 0.029297 0.187500 0.029297 0.171875 0.042969 0.158203 0.054688 0.158203 0.064453 0.167969 0.064453 0.183594 0.050781 0.193359
0 0.285156 0.376953 0.265625 0.376953 0.244141 0.359375 0.250000 0.330078 0.291016 0.343750 0.291016 0.367188 0.285156 0.376953
0 0.648438 0.888672 0.632812 0.888672 0.626953 0.875000 0.644531 0.853516 0.660156 0.845703 0.666016 0.851562 0.666016 0.867188 0.648438 0.888672
0 0.089844 0.619141 0.072266 0.613281 0.082031 0.595703 0.099609 0.601562 0.089844 0.619141
0 0.058594 0.134766 0.031250 0.130859 0.029297 0.109375 0.039062 0.103516 0.062500 0.103516 0.072266 0.113281 0.072266 0.125000 0.058594 0.134766
0 0.515625 0.439453 0.503906 0.439453 0.486328 0.421875 0.486328 0.394531 0.496094 0.384766 0.511719 0.388672 0.525391 0.402344 0.525391 0.421875 0.515625 0.439453
0 0.605469 0.955078 0.587891 0.949219 0.591797 0.933594 0.601562 0.927734 0.619141 0.937500 0.615234 0.949219 0.605469 0.955078
0 0.925781 0.384766 0.912109 0.378906 0.917969 0.365234 0.931641 0.371094 0.925781 0.384766
0 0.867188 0.357422 0.855469 0.357422 0.849609 0.343750 0.871094 0.326172 0.886719 0.326172 0.892578 0.339844 0.867188 0.357422
0 0.996094 0.517578 0.984375 0.521484 0.974609 0.511719 0.966797 0.500000 0.966797 0.484375 0.980469 0.478516 0.996094 0.501953
0 0.445312 0.283203 0.419922 0.269531 0.416016 0.250000 0.421875 0.244141 0.429688 0.244141 0.451172 0.265625 0.445312 0.283203
0 0.199219 0.443359 0.167969 0.435547 0.162109 0.414062 0.167969 0.408203 0.187500 0.408203 0.203125 0.416016 0.208984 0.429688 0.199219 0.443359
0 0.339844 0.134766 0.324219 0.134766 0.318359 0.128906 0.318359 0.109375 0.339844 0.091797 0.359375 0.091797 0.365234 0.105469 0.339844 0.134766
0 0.703125 0.951172 0.695312 0.951172 0.685547 0.937500 0.695312 0.923828 0.712891 0.929688 0.712891 0.941406 0.703125 0.951172
0 0.703125 0.103516 0.685547 0.097656 0.685547 0.078125 0.691406 0.072266 0.707031 0.072266 0.712891 0.078125 0.703125 0.103516
0 0.296875 0.142578 0.285156 0.142578 0.271484 0.132812 0.271484 0.113281 0.277344 0.107422 0.289062 0.107422 0.306641 0.121094 0.306641 0.132812 0.296875 0.142578
0 0.441406 0.552734 0.425781 0.548828 0.416016 0.539062 0.416016 0.519531 0.421875 0.513672 0.441406 0.513672 0.455078 0.523438 0.455078 0.539062 0.441406 0.552734
0 0.113281 0.185547 0.095703 0.171875 0.101562 0.158203 0.113281 0.158203 0.126953 0.167969 0.126953 0.175781 0.113281 0.185547
0 0.039062 0.955078 0.017578 0.933594 0.017578 0.914062 0.027344 0.908203 0.044922 0.925781 0.044922 0.949219 0.039062 0.955078
0 0.488281 0.380859 0.480469 0.380859 0.466797 0.367188 0.472656 0.349609 0.488281 0.349609 0.494141 0.355469 0.494141 0.375000 0.488281 0.380859
0 0.550781 0.548828 0.531250 0.548828 0.513672 0.535156 0.513672 0.515625 0.519531 0.509766 0.554688 0.513672 0.568359 0.527344 0.568359 0.542969 0.550781 0.548828
0 0.480469 0.798828 0.458984 0.789062 0.458984 0.773438 0.464844 0.767578 0.480469 0.767578 0.486328 0.773438 0.486328 0.792969 0.480469 0.798828
0 0.664062 0.056641 0.636719 0.056641 0.630859 0.050781 0.638672 0.027344 0.648438 0.017578 0.671875 0.017578 0.677734 0.023438 0.677734 0.039062 0.664062 0.056641
0 0.726562 0.052734 0.718750 0.052734 0.705078 0.039062 0.705078 0.023438 0.710938 0.017578 0.718750 0.017578 0.732422 0.039062 0.726562 0.052734
0 0.507812 0.908203 0.482422 0.906250 0.482422 0.886719 0.492188 0.876953 0.509766 0.882812 0.507812 0.908203
0 0.437500 0.583984 0.421875 0.583984 0.408203 0.570312 0.408203 0.550781 0.414062 0.544922 0.437500 0.552734 0.447266 0.562500 0.447266 0.574219 0.437500 0.583984
0 0.660156 0.482422 0.634766 0.472656 0.630859 0.441406 0.640625 0.431641 0.667969 0.435547 0.677734 0.445312 0.677734 0.472656 0.660156 0.482422
0 0.093750 0.759766 0.082031 0.759766 0.076172 0.746094 0.093750 0.732422 0.105469 0.732422 0.111328 0.746094 0.093750 0.759766
0 0.857422 0.000000 0.861328 0.019531 0.843750 0.033203 0.828125 0.033203 0.822266 0.019531 0.837891 0.000000
0 0.582031 0.880859 0.560547 0.878906 0.560547 0.863281 0.574219 0.853516 0.591797 0.863281 0.582031 0.880859
0 0.875000 0.599609 0.863281 0.599609 0.853516 0.578125 0.853516 0.562500 0.863281 0.552734 0.876953 0.566406 0.875000 0.599609
0 0.105469 0.982422 0.093750 0.982422 0.083984 0.972656 0.080078 0.957031 0.093750 0.943359 0.111328 0.960938 0.111328 0.976562 0.105469 0.982422
0 0.550781 0.173828 0.515625 0.169922 0.505859 0.160156 0.505859 0.136719 0.515625 0.126953 0.542969 0.126953 0.556641 0.140625 0.560547 0.164062 0.550781 0.173828
0 0.070312 0.376953 0.058594 0.376953 0.044922 0.367188 0.044922 0.347656 0.062500 0.330078 0.074219 0.330078 0.083984 0.339844 0.083984 0.363281 0.070312 0.376953
0 0.371094 0.154297 0.355469 0.154297 0.341797 0.140625 0.345703 0.125000 0.363281 0.107422 0.378906 0.107422 0.384766 0.113281 0.384766 0.136719 0.371094 0.154297
0 0.214844 0.673828 0.199219 0.673828 0.189453 0.664062 0.189453 0.648438 0.203125 0.630859 0.218750 0.630859 0.228516 0.648438 0.228516 0.660156 0.214844 0.673828
0 0.144531 0.072266 0.125000 0.072266 0.115234 0.062500 0.115234 0.046875 0.128906 0.029297 0.148438 0.033203 0.154297 0.042969 0.154297 0.066406 0.144531 0.072266
0 0.527344 0.369141 0.507812 0.369141 0.498047 0.359375 0.498047 0.335938 0.503906 0.330078 0.519531 0.326172 0.533203 0.339844 0.527344 0.369141
0 0.398438 0.431641 0.367188 0.423828 0.361328 0.406250 0.375000 0.408203 0.382812 0.396484 0.394531 0.400391 0.404297 0.410156 0.404297 0.425781 0.398438 0.431641
0 0.175781 0.392578 0.156250 0.392578 0.142578 0.382812 0.142578 0.363281 0.152344 0.353516 0.175781 0.353516 0.189453 0.363281 0.189453 0.382812 0.175781 0.392578
0 0.039062 0.466797 0.025391 0.460938 0.025391 0.437500 0.041016 0.421875 0.046875 0.404297 0.070312 0.416016 0.076172 0.433594 0.039062 0.466797
0 0.285156 0.564453 0.265625 0.564453 0.255859 0.554688 0.255859 0.542969 0.273438 0.533203 0.289062 0.537109 0.294922 0.542969 0.294922 0.558594 0.285156 0.564453
0 0.464844 0.087891 0.435547 0.078125 0.435547 0.062500 0.457031 0.048828 0.472656 0.048828 0.482422 0.058594 0.482422 0.074219 0.464844 0.087891
0 0.693359 0.996094 0.693359 0.968750 0.699219 0.962891 0.718750 0.962891 0.724609 0.968750 0.724609 0.996094
0 0.468750 0.291016 0.447266 0.289062 0.455078 0.281250 0.451172 0.250000 0.468750 0.232422 0.494141 0.261719 0.494141 0.273438 0.468750 0.291016
0 0.894531 0.904297 0.873047 0.902344 0.873047 0.882812 0.886719 0.857422 0.906250 0.861328 0.912109 0.871094 0.908203 0.898438 0.894531 0.904297
0 0.687500 0.298828 0.652344 0.298828 0.646484 0.281250 0.660156 0.263672 0.679688 0.251953 0.697266 0.265625 0.697266 0.289062 0.687500 0.298828
0 0.929688 0.751953 0.908203 0.742188 0.908203 0.718750 0.914062 0.708984 0.925781 0.708984 0.935547 0.726562 0.935547 0.746094 0.929688 0.751953
0 0.101562 0.263672 0.066406 0.255859 0.060547 0.250000 0.064453 0.230469 0.093750 0.228516 0.107422 0.246094 0.101562 0.263672
0 0.695312 0.060547 0.677734 0.054688 0.683594 0.041016 0.701172 0.046875 0.695312 0.060547
0 0.644531 0.302734 0.636719 0.302734 0.623047 0.285156 0.623047 0.269531 0.640625 0.255859 0.654297 0.261719 0.654297 0.273438 0.646484 0.281250 0.650391 0.296875 0.644531 0.302734
0 0.445312 0.138672 0.435547 0.136719 0.431641 0.121094 0.431641 0.105469 0.441406 0.091797 0.455078 0.097656 0.451172 0.132812 0.445312 0.138672
0 0.132812 0.166016 0.115234 0.160156 0.121094 0.146484 0.138672 0.152344 0.132812 0.166016
0 0.375000 0.408203 0.355469 0.404297 0.341797 0.390625 0.341797 0.375000 0.347656 0.369141 0.363281 0.369141 0.380859 0.386719 0.380859 0.402344 0.375000 0.408203
0 0.539062 0.986328 0.527344 0.986328 0.517578 0.976562 0.517578 0.960938 0.523438 0.955078 0.541016 0.960938 0.544922 0.980469 0.539062 0.986328
0 0.429688 0.142578 0.398438 0.142578 0.384766 0.128906 0.384766 0.109375 0.394531 0.099609 0.417969 0.103516 0.423828 0.117188 0.435547 0.125000 0.429688 0.142578
0 0.662109 0.996094 0.658203 0.980469 0.664062 0.974609 0.683594 0.974609 0.689453 0.980469 0.685547 0.996094
0 0.423828 0.000000 0.423828 0.011719 0.410156 0.029297 0.398438 0.029297 0.384766 0.015625 0.388672 0.000000
0 0.425781 0.396484 0.406250 0.396484 0.396484 0.386719 0.404297 0.355469 0.414062 0.349609 0.435547 0.363281 0.435547 0.386719 0.425781 0.396484
0 0.875000 0.392578 0.835938 0.392578 0.826172 0.382812 0.826172 0.355469 0.835938 0.345703 0.847656 0.345703 0.855469 0.357422 0.886719 0.357422 0.896484 0.378906 0.875000 0.392578
0 0.644531 0.779297 0.623047 0.773438 0.623047 0.750000 0.628906 0.744141 0.640625 0.744141 0.650391 0.753906 0.650391 0.773438 0.644531 0.779297
0 0.449219 0.650391 0.439453 0.636719 0.439453 0.605469 0.445312 0.599609 0.455078 0.601562 0.462891 0.617188 0.462891 0.644531 0.449219 0.650391
0 0.769531 0.791016 0.755859 0.785156 0.761719 0.771484 0.775391 0.777344 0.769531 0.791016
0 0.621094 0.271484 0.605469 0.267578 0.595703 0.257812 0.595703 0.238281 0.605469 0.228516 0.621094 0.228516 0.630859 0.242188 0.630859 0.261719 0.621094 0.271484
0 0.757812 0.083984 0.742188 0.083984 0.736328 0.078125 0.736328 0.054688 0.746094 0.044922 0.761719 0.044922 0.767578 0.050781 0.763672 0.078125 0.757812 0.083984
0 0.031250 0.798828 0.015625 0.798828 0.009766 0.789062 0.019531 0.779297 0.039062 0.775391 0.044922 0.781250 0.041016 0.792969 0.031250 0.798828
0 0.101562 0.201172 0.093750 0.201172 0.080078 0.187500 0.085938 0.173828 0.097656 0.173828 0.107422 0.183594 0.101562 0.201172
0 0.691406 0.181641 0.673828 0.179688 0.673828 0.167969 0.687500 0.150391 0.705078 0.160156 0.705078 0.175781 0.691406 0.181641
0 0.000000 0.666016 0.011719 0.654297 0.031250 0.654297 0.037109 0.660156 0.037109 0.679688 0.025391 0.699219 0.011719 0.705078 0.000000 0.697266
0 0.703125 0.052734 0.695312 0.041016 0.681641 0.039062 0.687500 0.025391 0.705078 0.031250 0.708984 0.046875 0.703125 0.052734
0 0.414062 0.763672 0.390625 0.763672 0.376953 0.750000 0.376953 0.734375 0.390625 0.728516 0.398438 0.716797 0.421875 0.716797 0.431641 0.722656 0.431641 0.742188 0.414062 0.763672
0 0.275391 0.000000 0.283203 0.019531 0.283203 0.042969 0.277344 0.048828 0.269531 0.048828 0.255859 0.035156 0.255859 0.000000
0 0.734375 0.091797 0.718750 0.091797 0.712891 0.085938 0.712891 0.070312 0.718750 0.064453 0.736328 0.070312 0.740234 0.085938 0.734375 0.091797
0 0.949219 0.291016 0.929688 0.291016 0.916016 0.281250 0.916016 0.265625 0.933594 0.244141 0.957031 0.248047 0.966797 0.261719 0.966797 0.277344 0.949219 0.291016
0 0.929688 0.240234 0.916016 0.234375 0.921875 0.220703 0.935547 0.226562 0.929688 0.240234
0 0.085938 0.216797 0.068359 0.214844 0.068359 0.195312 0.078125 0.189453 0.087891 0.195312 0.085938 0.216797
0 0.050781 0.294922 0.019531 0.291016 0.005859 0.277344 0.009766 0.257812 0.023438 0.251953 0.042969 0.259766 0.052734 0.277344 0.050781 0.294922
0 0.597656 0.169922 0.582031 0.166016 0.560547 0.136719 0.560547 0.128906 0.578125 0.111328 0.593750 0.115234 0.611328 0.140625 0.611328 0.160156 0.597656 0.169922
0 0.132812 0.337891 0.119141 0.332031 0.125000 0.318359 0.138672 0.324219 0.132812 0.337891
0 0.261719 0.134766 0.246094 0.134766 0.240234 0.128906 0.240234 0.105469 0.246094 0.099609 0.265625 0.099609 0.271484 0.105469 0.271484 0.121094 0.261719 0.134766
0 0.367188 0.541016 0.351562 0.541016 0.349609 0.523438 0.357422 0.503906 0.375000 0.494141 0.384766 0.503906 0.384766 0.523438 0.367188 0.541016
0 0.246094 0.349609 0.236328 0.335938 0.236328 0.320312 0.244141 0.304688 0.261719 0.294922 0.271484 0.304688 0.271484 0.332031 0.250000 0.330078 0.246094 0.349609
0 0.441406 0.869141 0.423828 0.863281 0.429688 0.837891 0.445312 0.837891 0.455078 0.847656 0.455078 0.859375 0.441406 0.869141
0 0.996094 0.193359 0.980469 0.193359 0.970703 0.183594 0.970703 0.164062 0.988281 0.146484 0.996094 0.146484
0 0.031250 0.732422 0.013672 0.722656 0.013672 0.707031 0.027344 0.693359 0.037109 0.699219 0.037109 0.726562 0.031250 0.732422
0 0.042969 0.560547 0.029297 0.550781 0.029297 0.542969 0.054688 0.509766 0.064453 0.515625 0.064453 0.539062 0.056641 0.554688 0.042969 0.560547
0 0.824219 0.583984 0.812500 0.583984 0.794922 0.570312 0.796875 0.552734 0.816406 0.544922 0.841797 0.550781 0.841797 0.574219 0.824219 0.583984
0 0.773438 0.837891 0.763672 0.828125 0.763672 0.796875 0.777344 0.787109 0.787109 0.792969 0.794922 0.820312 0.785156 0.833984 0.773438 0.837891
0 0.800781 0.990234 0.777344 0.982422 0.761719 0.962891 0.753906 0.962891 0.751953 0.949219 0.777344 0.935547 0.785156 0.939453 0.810547 0.976562 0.810547 0.984375 0.800781 0.990234
0 0.996094 0.791016 0.986328 0.785156 0.986328 0.753906 0.996094 0.748047
