0 0.905556 0.645833 0.852778 0.643056 0.827778 0.629167 0.804167 0.602778 0.798611 0.586111 0.804167 0.563889 0.816667 0.551389 0.850000 0.534722 0.863889 0.534722 0.888889 0.551389 0.911111 0.554167 0.927778 0.562500 0.940278 0.580556 0.937500 0.608333 0.923611 0.633333 0.905556 0.645833
0 0.995833 0.562500 0.997222 0.562500 0.997222 0.651389 0.995833 0.651389
0 0.493056 0.997222 0.504167 0.977778 0.522222 0.965278 0.555556 0.968056 0.576389 0.986111 0.579167 0.997222
0 0.000000 0.929167 0.030556 0.918056 0.058333 0.918056 0.080556 0.923611 0.108333 0.937500 0.123611 0.952778 0.131944 0.972222 0.131944 0.986111 0.120833 0.997222
0 0.338889 0.429167 0.319444 0.423611 0.302778 0.409722 0.300000 0.412500 0.280556 0.404167 0.270833 0.394444 0.268056 0.369444 0.276389 0.352778 0.308333 0.326389 0.347222 0.306944 0.383333 0.306944 0.408333 0.312500 0.434722 0.344444 0.437500 0.380556 0.431944 0.394444 0.402778 0.418056 0.386111 0.418056 0.375000 0.423611 0.338889 0.429167
0 0.752778 0.920833 0.719444 0.915278 0.690278 0.888889 0.693056 0.869444 0.684722 0.841667 0.684722 0.822222 0.700000 0.804167 0.750000 0.790278 0.766667 0.793056 0.801389 0.819444 0.809722 0.852778 0.806944 0.875000 0.798611 0.888889 0.780556 0.906944 0.752778 0.920833
0 0.997222 0.245833 0.963889 0.240278 0.927778 0.215278 0.909722 0.191667 0.893056 0.144444 0.893056 0.111111 0.901389 0.086111 0.927778 0.051389 0.952778 0.040278 0.997222 0.051389
0 0.997222 0.806944 0.988889 0.815278 0.961111 0.826389 0.927778 0.826389 0.913889 0.818056 0.895833 0.797222 0.887500 0.758333 0.893056 0.730556 0.916667 0.706944 0.958333 0.687500 0.997222 0.684722
0 0.633333 0.523611 0.600000 0.523611 0.575000 0.515278 0.551389 0.491667 0.554167 0.488889 0.548611 0.472222 0.548611 0.450000 0.556944 0.433333 0.575000 0.409722 0.605556 0.395833 0.633333 0.395833 0.647222 0.401389 0.662500 0.419444 0.668056 0.433333 0.676389 0.497222 0.666667 0.515278 0.633333 0.523611
0 0.276389 0.000000 0.293056 0.038889 0.281944 0.077778 0.244444 0.095833 0.222222 0.095833 0.194444 0.104167 0.169444 0.098611 0.138889 0.098611 0.111111 0.084722 0.081944 0.038889 0.081944 0.013889 0.087500 0.000000
0 0.227778 0.731944 0.197222 0.731944 0.186111 0.726389 0.183333 0.729167 0.161111 0.718056 0.147222 0.718056 0.100000 0.695833 0.087500 0.683333 0.081944 0.661111 0.093056 0.636111 0.119444 0.620833 0.141667 0.615278 0.175000 0.615278 0.200000 0.626389 0.202778 0.623611 0.211111 0.631944 0.261111 0.656944 0.279167 0.680556 0.281944 0.702778 0.263889 0.720833 0.227778 0.731944
0 0.425000 0.701389 0.397222 0.698611 0.372222 0.687500 0.337500 0.652778 0.329167 0.638889 0.323611 0.616667 0.326389 0.591667 0.343056 0.569444 0.372222 0.545833 0.400000 0.537500 0.422222 0.540278 0.443056 0.555556 0.454167 0.577778 0.454167 0.594444 0.468056 0.641667 0.465278 0.677778 0.450000 0.693056 0.425000 0.701389
0 0.716667 0.331944 0.697222 0.331944 0.683333 0.323611 0.654167 0.294444 0.645833 0.280556 0.634722 0.230556 0.645833 0.211111 0.661111 0.201389 0.711111 0.193056 0.775000 0.215278 0.793056 0.236111 0.790278 0.269444 0.776389 0.294444 0.750000 0.320833 0.716667 0.331944
0 0.000000 0.681944 0.019444 0.690278 0.043056 0.713889 0.062500 0.750000 0.056944 0.830556 0.019444 0.862500 0.000000 0.865278
0 0.569444 0.276389 0.538889 0.268056 0.526389 0.252778 0.518056 0.219444 0.518056 0.191667 0.523611 0.158333 0.537500 0.127778 0.555556 0.112500 0.588889 0.106944 0.597222 0.112500 0.608333 0.112500 0.634722 0.133333 0.665278 0.166667 0.668056 0.188889 0.665278 0.200000 0.645833 0.211111 0.631944 0.236111 0.608333 0.259722 0.583333 0.273611 0.569444 0.276389
0 0.225000 0.301389 0.208333 0.298611 0.155556 0.268056 0.113889 0.270833 0.100000 0.268056 0.083333 0.256944 0.068056 0.236111 0.065278 0.225000 0.065278 0.202778 0.076389 0.172222 0.097222 0.154167 0.125000 0.154167 0.158333 0.143056 0.208333 0.156944 0.238889 0.179167 0.262500 0.205556 0.273611 0.241667 0.268056 0.269444 0.256944 0.288889 0.225000 0.301389
0 0.250000 0.604167 0.227778 0.601389 0.191667 0.584722 0.162500 0.558333 0.154167 0.541667 0.156944 0.516667 0.151389 0.513889 0.170833 0.483333 0.194444 0.468056 0.219444 0.459722 0.247222 0.459722 0.288889 0.473611 0.323611 0.505556 0.331944 0.519444 0.337500 0.541667 0.329167 0.569444 0.313889 0.587500 0.300000 0.595833 0.250000 0.604167
0 0.091667 0.829167 0.072222 0.823611 0.070833 0.808333 0.083333 0.801389 0.102778 0.798611 0.109722 0.805556 0.109722 0.816667 0.091667 0.829167
0 0.000000 0.329167 0.038889 0.306944 0.058333 0.304167 0.105556 0.309722 0.138889 0.331944 0.154167 0.350000 0.165278 0.397222 0.159722 0.425000 0.151389 0.441667 0.141667 0.451389 0.116667 0.462500 0.077778 0.462500 0.041667 0.434722 0.000000 0.434722
0 0.784722 0.000000 0.801389 0.019444 0.806944 0.044444 0.815278 0.055556 0.815278 0.083333 0.801389 0.105556 0.783333 0.115278 0.758333 0.115278 0.736111 0.104167 0.733333 0.106944 0.727778 0.098611 0.719444 0.098611 0.684722 0.069444 0.670833 0.041667 0.670833 0.019444 0.679167 0.000000
0 0.633333 0.709722 0.600000 0.709722 0.569444 0.695833 0.556944 0.680556 0.556944 0.647222 0.570833 0.619444 0.591667 0.601389 0.630556 0.584722 0.658333 0.584722 0.672222 0.590278 0.681944 0.602778 0.687500 0.630556 0.673611 0.658333 0.668056 0.680556 0.650000 0.701389 0.633333 0.709722
0 0.633333 0.976389 0.608333 0.976389 0.586111 0.965278 0.577778 0.965278 0.568056 0.958333 0.551389 0.930556 0.554167 0.897222 0.562500 0.877778 0.577778 0.862500 0.600000 0.854167 0.622222 0.856944 0.655556 0.893056 0.672222 0.898611 0.687500 0.919444 0.693056 0.941667 0.687500 0.958333 0.672222 0.970833 0.633333 0.976389
0 0.997222 0.484722 0.908333 0.484722 0.884722 0.461111 0.876389 0.436111 0.881944 0.413889 0.905556 0.395833 0.933333 0.393056 0.997222 0.406944
0 0.330556 0.993056 0.288889 0.993056 0.266667 0.981944 0.248611 0.958333 0.251389 0.955556 0.243056 0.941667 0.240278 0.919444 0.245833 0.888889 0.273611 0.841667 0.283333 0.829167 0.313889 0.818056 0.352778 0.823611 0.400000 0.851389 0.409722 0.869444 0.406944 0.891667 0.398611 0.911111 0.370833 0.958333 0.352778 0.981944 0.330556 0.993056
