0 0.577830 0.324212 0.573899 0.324212 0.570362 0.315091 0.570362 0.281924 0.573506 0.273632 0.573506 0.247098 0.576258 0.241294 0.580189 0.241294 0.583726 0.248756 0.583726 0.262023 0.586085 0.273632 0.586085 0.285240 0.579796 0.305141 0.579796 0.320066 0.577830 0.324212
0 0.674528 0.672471 0.671384 0.672471 0.670204 0.669983 0.667846 0.658375 0.669025 0.650912 0.672956 0.650912 0.674921 0.655058 0.676494 0.668325 0.674528 0.672471
0 0.687107 0.500000 0.683962 0.500000 0.682783 0.492537 0.687893 0.485075 0.692610 0.485075 0.693789 0.487562 0.693003 0.494196 0.687107 0.500000
0 0.713836 0.453566 0.706761 0.453566 0.705582 0.451078 0.702437 0.439469 0.702437 0.434494 0.704403 0.428690 0.708333 0.425373 0.716195 0.425373 0.718160 0.429519 0.718160 0.444444 0.713836 0.453566
0 0.446541 0.881426 0.441824 0.881426 0.436714 0.864013 0.436714 0.840796 0.438679 0.836650 0.441824 0.836650 0.444575 0.842454 0.447720 0.859038 0.449292 0.872305 0.446541 0.881426
0 0.661950 0.694030 0.650943 0.690713 0.648192 0.683250 0.648192 0.676617 0.653302 0.667496 0.659591 0.670813 0.663915 0.686567 0.661950 0.694030
0 0.493711 0.289386 0.488994 0.289386 0.485456 0.281924 0.485456 0.260365 0.487028 0.257048 0.487814 0.243781 0.488994 0.241294 0.492531 0.243781 0.493318 0.255390 0.496462 0.268657 0.496462 0.283582 0.493711 0.289386
0 0.050314 0.674129 0.042453 0.672471 0.039701 0.666667 0.039701 0.660033 0.042453 0.655887 0.051887 0.650912 0.053852 0.655058 0.053852 0.665008 0.050314 0.674129
0 0.194182 0.357380 0.187893 0.350746 0.184355 0.341625 0.181997 0.330017 0.181997 0.323383 0.183176 0.320896 0.188679 0.317579 0.194575 0.330017 0.197720 0.346600 0.194182 0.357380
0 0.480346 0.276119 0.477987 0.276119 0.475236 0.266998 0.475236 0.250415 0.479560 0.229685 0.483097 0.235489 0.483097 0.243781 0.485456 0.250415 0.485456 0.265340 0.480346 0.276119
0 0.191824 0.883085 0.183962 0.879768 0.181211 0.870647 0.184355 0.844113 0.189465 0.833333 0.191038 0.833333 0.196148 0.847430 0.195362 0.872305 0.191824 0.883085
0 0.247642 0.902985 0.246069 0.902985 0.243318 0.895522 0.243318 0.882255 0.246462 0.872305 0.247248 0.857380 0.250786 0.853234 0.254324 0.868988 0.253538 0.892206 0.250786 0.899668 0.247642 0.902985
0 0.430031 0.276119 0.426887 0.276119 0.421777 0.265340 0.420991 0.232172 0.421777 0.218905 0.423742 0.214760 0.428459 0.214760 0.430425 0.218905 0.431997 0.235489 0.432783 0.270315 0.430031 0.276119
0 0.694182 0.645937 0.690252 0.645937 0.685928 0.638474 0.685142 0.631841 0.685928 0.620232 0.687107 0.617745 0.691824 0.617745 0.699292 0.631841 0.699292 0.638474 0.694182 0.645937
0 0.533019 0.300995 0.527516 0.300995 0.526336 0.298507 0.526336 0.285240 0.529481 0.273632 0.527909 0.248756 0.533019 0.236318 0.535377 0.236318 0.536557 0.238806 0.535770 0.271973 0.537343 0.288557 0.533019 0.300995
0 0.678459 0.649254 0.675314 0.649254 0.667453 0.642620 0.663915 0.635158 0.663129 0.626866 0.671384 0.617745 0.677673 0.622720 0.682783 0.635158 0.682783 0.641791 0.678459 0.649254
0 0.420597 0.279436 0.415881 0.279436 0.412343 0.271973 0.412343 0.262023 0.410770 0.255390 0.410770 0.237148 0.412343 0.228856 0.412343 0.218905 0.413522 0.216418 0.417453 0.216418 0.418632 0.218905 0.419418 0.230514 0.420991 0.233831 0.421777 0.276949 0.420597 0.279436
0 0.457547 0.287728 0.454009 0.280265 0.453223 0.260365 0.454796 0.242123 0.457154 0.235489 0.457154 0.230514 0.461478 0.224710 0.464230 0.232172 0.463443 0.266998 0.461871 0.276949 0.457547 0.287728
0 0.581761 0.743781 0.579796 0.741294 0.580582 0.728027 0.583333 0.722222 0.587264 0.723881 0.590016 0.731343 0.590016 0.737977 0.588050 0.742123 0.581761 0.743781
0 0.392296 0.891376 0.388365 0.889718 0.384827 0.882255 0.383255 0.873964 0.384041 0.849088 0.387579 0.841625 0.389151 0.841625 0.394261 0.854063 0.394261 0.885572 0.392296 0.891376
0 0.678459 0.385572 0.676101 0.385572 0.674135 0.381426 0.671777 0.373134 0.671777 0.368159 0.679245 0.357380 0.683176 0.357380 0.686714 0.364842 0.686714 0.369818 0.678459 0.385572
0 0.681604 0.669154 0.680031 0.669154 0.677280 0.663350 0.680031 0.649254 0.684748 0.650912 0.686714 0.655058 0.686714 0.661692 0.681604 0.669154
0 0.732704 0.423715 0.729953 0.421227 0.729167 0.412935 0.731918 0.408789 0.735063 0.408789 0.737028 0.412935 0.737028 0.417910 0.732704 0.423715
0 0.716195 0.543118 0.711478 0.543118 0.707940 0.535655 0.707940 0.529022 0.709906 0.524876 0.722484 0.524876 0.724450 0.529022 0.724450 0.537313 0.722484 0.541459 0.716195 0.543118
0 0.647013 0.362355 0.642296 0.360697 0.638758 0.353234 0.638758 0.348259 0.642689 0.328358 0.646619 0.316750 0.647799 0.314262 0.650943 0.314262 0.652909 0.318408 0.652123 0.346600 0.649764 0.358209 0.647013 0.362355
0 0.101415 0.825041 0.098270 0.823383 0.095519 0.817579 0.095519 0.799337 0.099057 0.790216 0.101415 0.790216 0.103774 0.785240 0.110063 0.781924 0.113601 0.791045 0.113601 0.796020 0.109670 0.805970 0.108097 0.815920 0.105346 0.821725 0.101415 0.825041
0 0.686321 0.551410 0.680031 0.549751 0.677280 0.543947 0.677280 0.537313 0.679245 0.533167 0.687107 0.534826 0.689072 0.540630 0.686321 0.551410
0 0.436321 0.863184 0.431997 0.855721 0.431997 0.850746 0.429638 0.844113 0.428852 0.830846 0.431604 0.826700 0.435535 0.826700 0.438286 0.830846 0.438286 0.837479 0.436714 0.840796 0.437500 0.849088 0.436321 0.863184
0 0.635220 0.317579 0.632862 0.317579 0.632469 0.315091 0.636399 0.300166 0.645440 0.286070 0.646619 0.288557 0.645833 0.296849 0.635220 0.317579
0 0.522013 0.292703 0.518082 0.292703 0.516116 0.288557 0.516903 0.266998 0.512972 0.255390 0.513758 0.242123 0.519654 0.226368 0.523192 0.230514 0.529481 0.262023 0.528695 0.278607 0.526336 0.286899 0.522013 0.292703
0 0.101415 0.446932 0.097484 0.446932 0.095912 0.443615 0.091195 0.441957 0.086478 0.433665 0.084906 0.433665 0.079796 0.424544 0.079796 0.416252 0.084119 0.412106 0.093553 0.420398 0.099057 0.430348 0.100629 0.430348 0.103381 0.436153 0.103381 0.442786 0.101415 0.446932
0 0.206761 0.350746 0.205189 0.350746 0.200079 0.339967 0.196148 0.323383 0.196148 0.315091 0.198899 0.304312 0.200472 0.304312 0.204796 0.313433 0.207940 0.328358 0.207940 0.348259 0.206761 0.350746
0 0.500000 0.274461 0.496462 0.271973 0.496462 0.237148 0.499214 0.229685 0.500786 0.229685 0.506682 0.242123 0.507469 0.247098 0.503538 0.265340 0.500000 0.274461
0 0.290881 0.914594 0.287736 0.912935 0.285770 0.908789 0.284984 0.892206 0.287343 0.880597 0.290094 0.878109 0.291274 0.872305 0.294811 0.866501 0.295991 0.868988 0.295991 0.895522 0.294418 0.907131 0.290881 0.914594
0 0.699686 0.483416 0.696148 0.480929 0.694575 0.466003 0.699686 0.455224 0.706761 0.455224 0.708726 0.459370 0.707940 0.472637 0.705189 0.478441 0.699686 0.483416
0 0.710692 0.418740 0.707154 0.417910 0.705582 0.404643 0.711478 0.388889 0.716195 0.387231 0.718160 0.393035 0.716588 0.412935 0.710692 0.418740
0 0.074686 0.788557 0.070362 0.779436 0.071148 0.772803 0.076258 0.762023 0.088050 0.753731 0.089230 0.756219 0.089230 0.762852 0.083333 0.771973 0.080189 0.773632 0.079009 0.781095 0.074686 0.788557
0 0.471698 0.876451 0.468553 0.876451 0.467374 0.873964 0.466588 0.865672 0.461085 0.852405 0.457154 0.837479 0.457154 0.830846 0.463836 0.816750 0.466195 0.816750 0.468947 0.822554 0.471305 0.840796 0.471305 0.850746 0.476022 0.864013 0.476022 0.868988 0.471698 0.876451
0 0.351415 0.912935 0.349057 0.912935 0.346305 0.907131 0.341588 0.877280 0.341588 0.862355 0.343553 0.856551 0.345912 0.854892 0.348270 0.854892 0.351022 0.860697 0.351808 0.893864 0.354167 0.903814 0.354167 0.907131 0.351415 0.912935
0 0.084119 0.483416 0.079403 0.483416 0.073899 0.478441 0.068396 0.468491 0.065252 0.466833 0.063286 0.462687 0.063286 0.456053 0.066038 0.451907 0.069182 0.451907 0.073899 0.461857 0.082547 0.468491 0.086085 0.475954 0.084119 0.483416
0 0.701258 0.561360 0.695755 0.561360 0.690645 0.550580 0.689858 0.545605 0.691824 0.541459 0.694969 0.539801 0.703616 0.543118 0.707154 0.548922 0.707154 0.552239 0.705975 0.558043 0.701258 0.561360
0 0.663522 0.387231 0.661164 0.387231 0.659984 0.379768 0.662343 0.368159 0.664308 0.364013 0.666667 0.364013 0.668632 0.368159 0.668632 0.376451 0.663522 0.387231
0 0.493711 0.868159 0.487814 0.859038 0.486242 0.847430 0.486242 0.839138 0.489780 0.830017 0.495676 0.840796 0.498821 0.850746 0.498035 0.862355 0.493711 0.868159
0 0.539308 0.833333 0.536164 0.833333 0.533412 0.829187 0.531053 0.810945 0.526336 0.796020 0.525550 0.777778 0.529874 0.770315 0.533412 0.774461 0.534198 0.787728 0.542846 0.822554 0.542846 0.827529 0.539308 0.833333
0 0.661164 0.644279 0.659591 0.644279 0.656053 0.636816 0.655267 0.626866 0.658019 0.622720 0.661950 0.622720 0.663129 0.625207 0.663915 0.638474 0.661164 0.644279
0 0.676101 0.408789 0.670597 0.408789 0.667846 0.402985 0.667846 0.394693 0.672170 0.387231 0.678066 0.399668 0.678066 0.404643 0.676101 0.408789
0 0.379717 0.907960 0.375786 0.907960 0.373035 0.902156 0.370676 0.875622 0.365959 0.867330 0.365959 0.855721 0.369497 0.848259 0.380110 0.870647 0.384041 0.887231 0.384041 0.895522 0.379717 0.907960
0 0.590409 0.320896 0.586478 0.320896 0.583726 0.315091 0.583726 0.296849 0.586085 0.288557 0.586085 0.273632 0.584513 0.263682 0.589623 0.254561 0.592767 0.254561 0.599450 0.275290 0.595519 0.290216 0.594733 0.311774 0.590409 0.320896
0 0.532233 0.844942 0.529088 0.844942 0.527123 0.840796 0.527123 0.835821 0.529088 0.831675 0.531447 0.831675 0.533412 0.835821 0.533412 0.842454 0.532233 0.844942
0 0.310535 0.914594 0.305425 0.908789 0.305425 0.900498 0.306997 0.897181 0.306997 0.882255 0.309748 0.876451 0.313286 0.880597 0.315645 0.892206 0.315645 0.905473 0.310535 0.914594
0 0.551101 0.831675 0.547563 0.827529 0.545204 0.812604 0.539701 0.797678 0.539701 0.789386 0.542453 0.783582 0.547170 0.781924 0.552280 0.792703 0.555425 0.822554 0.551101 0.831675
0 0.643868 0.702322 0.639937 0.702322 0.635613 0.691542 0.635613 0.681592 0.639151 0.674129 0.641509 0.674129 0.649764 0.691542 0.648585 0.697347 0.646226 0.697347 0.643868 0.702322
0 0.157233 0.387231 0.150157 0.385572 0.145047 0.373134 0.141903 0.358209 0.142689 0.348259 0.144654 0.344113 0.150943 0.344113 0.159198 0.368159 0.159198 0.381426 0.157233 0.387231
0 0.613994 0.342454 0.606918 0.337479 0.606525 0.333333 0.609277 0.329187 0.617925 0.324212 0.618318 0.330017 0.616745 0.331675 0.613994 0.342454
0 0.442610 0.281095 0.436321 0.281095 0.432783 0.270315 0.431997 0.262023 0.431997 0.238806 0.433569 0.233831 0.433569 0.225539 0.435142 0.217247 0.438679 0.211443 0.442610 0.211443 0.444575 0.215589 0.444575 0.220564 0.442217 0.228856 0.442217 0.253731 0.444575 0.265340 0.444575 0.276949 0.442610 0.281095
0 0.382075 0.287728 0.379717 0.287728 0.377752 0.283582 0.376179 0.253731 0.378538 0.237148 0.381289 0.231343 0.384434 0.231343 0.387186 0.237148 0.387186 0.248756 0.385613 0.252073 0.384827 0.280265 0.382075 0.287728
0 0.720912 0.433665 0.718553 0.433665 0.715802 0.424544 0.723270 0.413765 0.726415 0.413765 0.727594 0.416252 0.727594 0.426202 0.725629 0.430348 0.720912 0.433665
0 0.394654 0.282753 0.391509 0.282753 0.388758 0.276949 0.387186 0.265340 0.387972 0.245439 0.393082 0.229685 0.396619 0.233831 0.398192 0.258706 0.398192 0.276949 0.394654 0.282753
0 0.518082 0.800166 0.512972 0.789386 0.512972 0.784411 0.516509 0.771973 0.520440 0.771973 0.523192 0.777778 0.523978 0.791045 0.518082 0.800166
0 0.727987 0.564677 0.725629 0.564677 0.722091 0.558872 0.724057 0.551410 0.727201 0.551410 0.729953 0.555556 0.729953 0.560531 0.727987 0.564677
0 0.244497 0.334163 0.242925 0.334163 0.237814 0.323383 0.232311 0.301824 0.231525 0.285240 0.233491 0.281095 0.239387 0.290216 0.246462 0.315091 0.246462 0.330017 0.244497 0.334163
0 0.509434 0.284411 0.506289 0.282753 0.504324 0.276949 0.504324 0.266998 0.507469 0.250415 0.506682 0.242123 0.502752 0.233831 0.502752 0.225539 0.504717 0.221393 0.508648 0.221393 0.511399 0.227197 0.510613 0.245439 0.516903 0.266998 0.516903 0.271973 0.509434 0.284411
0 0.058962 0.728856 0.049528 0.725539 0.045991 0.718076 0.046777 0.709784 0.055818 0.695688 0.065252 0.697347 0.068789 0.704809 0.067217 0.718076 0.058962 0.728856
0 0.565252 0.315920 0.559748 0.314262 0.557783 0.310116 0.557783 0.301824 0.559355 0.298507 0.560142 0.283582 0.561714 0.280265 0.562500 0.257048 0.565252 0.251244 0.568396 0.251244 0.571934 0.260365 0.571934 0.266998 0.570362 0.271973 0.571148 0.301824 0.570362 0.308458 0.565252 0.315920
0 0.617925 0.324212 0.610849 0.322554 0.608884 0.316750 0.608884 0.308458 0.616745 0.290216 0.620283 0.274461 0.625786 0.274461 0.629324 0.281924 0.629324 0.290216 0.626179 0.305141 0.617925 0.324212
0 0.718553 0.380597 0.715016 0.374793 0.715016 0.366501 0.717767 0.362355 0.720126 0.362355 0.723664 0.369818 0.723664 0.374793 0.721698 0.378939 0.718553 0.380597
0 0.056604 0.586235 0.048742 0.586235 0.046384 0.581260 0.040881 0.577944 0.038915 0.573798 0.038129 0.567164 0.042453 0.558043 0.054245 0.558043 0.060142 0.567164 0.059355 0.580431 0.056604 0.586235
0 0.488994 0.828358 0.485849 0.826700 0.479953 0.810945 0.478381 0.794362 0.481132 0.790216 0.486242 0.799337 0.487814 0.812604 0.490173 0.820896 0.488994 0.828358
0 0.655660 0.380597 0.650157 0.380597 0.648192 0.376451 0.648192 0.368159 0.650943 0.359038 0.653302 0.359038 0.654874 0.362355 0.658805 0.360697 0.659984 0.363184 0.655660 0.380597
0 0.283019 0.902985 0.281447 0.902985 0.277909 0.892206 0.277909 0.862355 0.282233 0.854892 0.285377 0.856551 0.288915 0.865672 0.288915 0.873964 0.285770 0.887231 0.284984 0.898839 0.283019 0.902985
0 0.705189 0.632670 0.703616 0.632670 0.699292 0.623549 0.701258 0.616086 0.706368 0.623549 0.706368 0.630182 0.705189 0.632670
0 0.327830 0.896352 0.325079 0.893864 0.324292 0.870647 0.322720 0.867330 0.322720 0.854063 0.324686 0.849917 0.327044 0.851575 0.331368 0.864013 0.331368 0.880597 0.327830 0.896352
0 0.168239 0.372305 0.160770 0.358209 0.157626 0.346600 0.157626 0.338308 0.160377 0.332504 0.162736 0.334163 0.167060 0.343284 0.170991 0.359867 0.170204 0.368159 0.168239 0.372305
0 0.702830 0.402156 0.697327 0.402156 0.694182 0.398839 0.693003 0.391376 0.701258 0.373964 0.705189 0.375622 0.708726 0.383085 0.707940 0.393035 0.702830 0.402156
0 0.370283 0.287728 0.368711 0.287728 0.365959 0.281924 0.365173 0.266998 0.365959 0.245439 0.368711 0.237977 0.371069 0.236318 0.375393 0.248756 0.375393 0.278607 0.372642 0.286070 0.370283 0.287728
0 0.603774 0.745439 0.601415 0.743781 0.594733 0.729685 0.594733 0.719735 0.595912 0.717247 0.600629 0.720564 0.606525 0.734660 0.606525 0.739635 0.603774 0.745439
0 0.526730 0.836650 0.521226 0.836650 0.517689 0.829187 0.517689 0.805970 0.518475 0.799337 0.521226 0.795191 0.525943 0.795191 0.528695 0.804312 0.529481 0.830846 0.526730 0.836650
0 0.218553 0.339138 0.216195 0.339138 0.213443 0.333333 0.209513 0.318408 0.208726 0.303483 0.211478 0.297678 0.214623 0.299337 0.216588 0.303483 0.221305 0.321725 0.221305 0.334992 0.218553 0.339138
0 0.645440 0.727197 0.642689 0.723051 0.642689 0.714760 0.647799 0.708955 0.648978 0.711443 0.648978 0.721393 0.645440 0.727197
0 0.720126 0.592869 0.717374 0.590381 0.716588 0.577114 0.717767 0.574627 0.720912 0.574627 0.722877 0.578773 0.722877 0.585406 0.720126 0.592869
0 0.658805 0.717247 0.657233 0.717247 0.654481 0.709784 0.654481 0.704809 0.656447 0.700663 0.658805 0.700663 0.660770 0.704809 0.660770 0.713101 0.658805 0.717247
0 0.132862 0.408789 0.125000 0.405473 0.117531 0.389718 0.115959 0.378109 0.117925 0.372305 0.122642 0.373964 0.131682 0.389718 0.134827 0.401327 0.132862 0.408789
0 0.225629 0.894693 0.223270 0.894693 0.220519 0.888889 0.218947 0.868988 0.216588 0.857380 0.218160 0.845771 0.223270 0.838308 0.225629 0.838308 0.230739 0.850746 0.231525 0.865672 0.230739 0.883914 0.225629 0.894693
0 0.069182 0.768657 0.064465 0.768657 0.061714 0.762852 0.061714 0.752902 0.073899 0.737148 0.077830 0.737148 0.079796 0.742952 0.079009 0.754561 0.069182 0.768657
0 0.704403 0.536484 0.697327 0.534826 0.694575 0.527363 0.696148 0.520730 0.702044 0.511609 0.705975 0.511609 0.707154 0.514096 0.707940 0.530680 0.704403 0.536484
0 0.602201 0.261194 0.599843 0.261194 0.597091 0.255390 0.600629 0.242952 0.604953 0.252073 0.604953 0.257048 0.602201 0.261194
0 0.499214 0.838308 0.497642 0.838308 0.492531 0.827529 0.491745 0.822554 0.491745 0.805970 0.495283 0.800166 0.498821 0.804312 0.502752 0.817579 0.502752 0.829187 0.499214 0.838308
0 0.621069 0.364013 0.619890 0.363184 0.619890 0.343284 0.622642 0.334163 0.623035 0.348259 0.621069 0.364013
0 0.727987 0.456882 0.723270 0.453566 0.722877 0.446103 0.727201 0.435323 0.731918 0.435323 0.733884 0.439469 0.733884 0.451078 0.727987 0.456882
0 0.695755 0.456882 0.690252 0.456882 0.687500 0.451078 0.687500 0.442786 0.690252 0.436982 0.695755 0.436982 0.698506 0.441128 0.698506 0.451078 0.695755 0.456882
0 0.636792 0.732172 0.631289 0.732172 0.623428 0.717247 0.618711 0.713930 0.615959 0.706468 0.615959 0.698176 0.617925 0.694030 0.621069 0.694030 0.635220 0.705638 0.638758 0.713101 0.638758 0.728027 0.636792 0.732172
0 0.563679 0.815091 0.560535 0.815091 0.555425 0.802653 0.555425 0.789386 0.548349 0.769486 0.548349 0.762852 0.551101 0.757048 0.559748 0.757048 0.564072 0.767828 0.568003 0.797678 0.568003 0.810945 0.563679 0.815091
0 0.695755 0.582919 0.691038 0.582919 0.685142 0.570481 0.683569 0.563847 0.685535 0.559701 0.692610 0.561360 0.696934 0.568823 0.696934 0.580431 0.695755 0.582919
0 0.689465 0.407131 0.683176 0.407131 0.679638 0.399668 0.679638 0.388060 0.682390 0.382255 0.686321 0.382255 0.688679 0.387231 0.693003 0.389718 0.693789 0.399668 0.689465 0.407131
0 0.455975 0.823383 0.451651 0.822554 0.450865 0.814262 0.452044 0.811774 0.455975 0.811774 0.457154 0.814262 0.457154 0.820896 0.455975 0.823383
0 0.510220 0.851575 0.504717 0.851575 0.498821 0.840796 0.502752 0.829187 0.503145 0.816750 0.508255 0.825871 0.511399 0.835821 0.511399 0.849088 0.510220 0.851575
0 0.474843 0.236318 0.472484 0.236318 0.469733 0.230514 0.470912 0.224710 0.474843 0.224710 0.476022 0.227197 0.476022 0.233831 0.474843 0.236318
0 0.599057 0.766998 0.595912 0.765340 0.588443 0.749585 0.588443 0.744610 0.590409 0.740464 0.595912 0.740464 0.599450 0.746269 0.601022 0.762852 0.599057 0.766998
0 0.514937 0.826700 0.509434 0.825041 0.504324 0.815920 0.503538 0.794362 0.504717 0.791874 0.511006 0.795191 0.516903 0.809287 0.516903 0.822554 0.514937 0.826700
0 0.633648 0.743781 0.630503 0.743781 0.629324 0.741294 0.632075 0.732172 0.634434 0.732172 0.635613 0.737977 0.633648 0.743781
0 0.689465 0.478441 0.686321 0.478441 0.683569 0.474295 0.687893 0.460199 0.691038 0.460199 0.692217 0.462687 0.692217 0.472637 0.689465 0.478441
0 0.338836 0.909619 0.337264 0.909619 0.332940 0.897181 0.332940 0.855721 0.334119 0.853234 0.338050 0.853234 0.340016 0.857380 0.340802 0.878939 0.343947 0.890547 0.343160 0.905473 0.338836 0.909619
0 0.375000 0.234660 0.370283 0.234660 0.368318 0.230514 0.368318 0.225539 0.371069 0.221393 0.374214 0.221393 0.376179 0.227197 0.375000 0.234660
0 0.449686 0.276119 0.447327 0.276119 0.444575 0.270315 0.443003 0.260365 0.443003 0.238806 0.447720 0.218905 0.448899 0.216418 0.453616 0.216418 0.454796 0.218905 0.454796 0.228856 0.453223 0.237148 0.453223 0.253731 0.451651 0.271973 0.449686 0.276119
0 0.136792 0.856551 0.133255 0.849088 0.134041 0.835821 0.141509 0.820066 0.144654 0.816750 0.148192 0.824212 0.148192 0.827529 0.142689 0.840796 0.142689 0.845771 0.136792 0.856551
0 0.182390 0.365672 0.179245 0.365672 0.174135 0.351575 0.170991 0.331675 0.172170 0.327529 0.178459 0.332504 0.181997 0.343284 0.183569 0.353234 0.183569 0.363184 0.182390 0.365672
0 0.695755 0.518242 0.691038 0.516584 0.689072 0.512438 0.689072 0.504146 0.694182 0.496683 0.698113 0.496683 0.702437 0.505804 0.702437 0.510779 0.695755 0.518242
0 0.707547 0.594527 0.703616 0.594527 0.699686 0.589552 0.696934 0.582090 0.696934 0.568823 0.698899 0.564677 0.705975 0.564677 0.711085 0.575456 0.711871 0.588723 0.707547 0.594527
0 0.091981 0.465174 0.088836 0.465174 0.081761 0.455224 0.076258 0.453566 0.073506 0.446103 0.074292 0.441128 0.075472 0.438640 0.080975 0.438640 0.082547 0.441957 0.086478 0.443615 0.093947 0.457711 0.091981 0.465174
0 0.685535 0.601161 0.678459 0.597844 0.673742 0.591211 0.672563 0.585406 0.677673 0.577944 0.684748 0.579602 0.689072 0.588723 0.688286 0.595357 0.685535 0.601161
0 0.704403 0.504975 0.702437 0.502488 0.701651 0.495854 0.701651 0.490879 0.703616 0.486733 0.713836 0.481758 0.717374 0.489221 0.717374 0.497512 0.716195 0.500000 0.704403 0.504975
0 0.044025 0.702322 0.042453 0.702322 0.040487 0.694859 0.045597 0.684080 0.056604 0.670813 0.060535 0.670813 0.062500 0.674959 0.063286 0.679934 0.060535 0.685738 0.055818 0.687396 0.044025 0.702322
0 0.739780 0.493367 0.735849 0.490050 0.733097 0.482587 0.733097 0.469320 0.734277 0.466833 0.736635 0.466833 0.739780 0.471808 0.743318 0.484245 0.743318 0.487562 0.739780 0.493367
0 0.575472 0.775290 0.569182 0.775290 0.567217 0.771144 0.564858 0.761194 0.564858 0.746269 0.566038 0.743781 0.569969 0.742123 0.575865 0.752902 0.574292 0.757877 0.575472 0.775290
0 0.541667 0.785240 0.538522 0.785240 0.536557 0.774461 0.534198 0.769486 0.536164 0.760365 0.542453 0.758706 0.545204 0.764511 0.545991 0.781095 0.541667 0.785240
0 0.151730 0.869818 0.147799 0.869818 0.145047 0.862355 0.145833 0.844113 0.153302 0.825041 0.158805 0.826700 0.162343 0.837479 0.161557 0.849088 0.159984 0.852405 0.159198 0.860697 0.156447 0.866501 0.151730 0.869818
0 0.715409 0.571310 0.713050 0.571310 0.707154 0.560531 0.706368 0.553897 0.709906 0.548093 0.716195 0.546434 0.719733 0.552239 0.719733 0.562189 0.715409 0.571310
0 0.610849 0.775290 0.607704 0.775290 0.604167 0.769486 0.603381 0.746269 0.606132 0.740464 0.609670 0.742952 0.615173 0.759536 0.615173 0.767828 0.610849 0.775290
0 0.202830 0.879768 0.199686 0.879768 0.198506 0.877280 0.198506 0.870647 0.200079 0.867330 0.198506 0.862355 0.199292 0.854063 0.205975 0.838308 0.209906 0.836650 0.212657 0.842454 0.212657 0.859038 0.202830 0.879768
0 0.236635 0.896352 0.234277 0.896352 0.231525 0.890547 0.230739 0.877280 0.232311 0.873964 0.233097 0.852405 0.236635 0.848259 0.239780 0.848259 0.242531 0.857380 0.242531 0.867330 0.240959 0.885572 0.236635 0.896352
0 0.628145 0.327529 0.624214 0.327529 0.623035 0.321725 0.630110 0.301824 0.630896 0.278607 0.633648 0.274461 0.636792 0.274461 0.638758 0.280265 0.638758 0.290216 0.636399 0.296849 0.634041 0.311774 0.628145 0.327529
0 0.058962 0.752073 0.055425 0.749585 0.054638 0.736318 0.058176 0.728856 0.065252 0.720564 0.072327 0.717247 0.073506 0.719735 0.072720 0.729685 0.058962 0.752073
0 0.584906 0.788557 0.581761 0.788557 0.580582 0.786070 0.579796 0.777778 0.574292 0.761194 0.574292 0.757877 0.578616 0.747098 0.583333 0.747098 0.585299 0.751244 0.586085 0.761194 0.587657 0.764511 0.588443 0.779436 0.587657 0.784411 0.584906 0.788557
0 0.303459 0.902985 0.298742 0.902985 0.296777 0.898839 0.296777 0.877280 0.299921 0.862355 0.303459 0.856551 0.305818 0.856551 0.308569 0.864013 0.308569 0.872305 0.306997 0.882255 0.306997 0.893864 0.303459 0.902985
0 0.736635 0.539801 0.731132 0.538143 0.728381 0.529022 0.731132 0.523217 0.736635 0.524876 0.737814 0.527363 0.737814 0.537313 0.736635 0.539801
0 0.691824 0.378939 0.688286 0.376451 0.687500 0.364842 0.694182 0.354063 0.700472 0.354063 0.702437 0.358209 0.703223 0.364842 0.699686 0.372305 0.691824 0.378939
0 0.428459 0.891376 0.425708 0.888889 0.424921 0.877280 0.419418 0.857380 0.419418 0.844113 0.421384 0.838308 0.424528 0.838308 0.428066 0.844113 0.428066 0.849088 0.431211 0.862355 0.434355 0.868988 0.434355 0.875622 0.431997 0.885572 0.428459 0.891376
0 0.260220 0.906302 0.257862 0.906302 0.254324 0.898839 0.254324 0.887231 0.255896 0.880597 0.255896 0.859038 0.259434 0.853234 0.262972 0.859038 0.264544 0.878939 0.264544 0.892206 0.262972 0.900498 0.260220 0.906302
0 0.231918 0.337479 0.229560 0.337479 0.227594 0.333333 0.219733 0.305141 0.219733 0.295191 0.221698 0.287728 0.224843 0.287728 0.226022 0.290216 0.233097 0.315091 0.233884 0.334992 0.231918 0.337479
0 0.117925 0.425373 0.109670 0.411277 0.109670 0.407960 0.104167 0.394693 0.104167 0.389718 0.106918 0.382255 0.108491 0.382255 0.114780 0.393864 0.120676 0.407960 0.122248 0.419569 0.117925 0.425373
0 0.292453 0.304312 0.290094 0.304312 0.287343 0.300166 0.288129 0.278607 0.285770 0.268657 0.284984 0.255390 0.287736 0.247927 0.289308 0.247927 0.292846 0.257048 0.295991 0.276949 0.295204 0.298507 0.292453 0.304312
0 0.305031 0.297678 0.299135 0.285240 0.296777 0.270315 0.296384 0.247927 0.304245 0.252902 0.306997 0.260365 0.308569 0.288557 0.305031 0.297678
0 0.697327 0.660862 0.694969 0.660862 0.693003 0.653400 0.698113 0.647595 0.701258 0.647595 0.702437 0.653400 0.697327 0.660862
0 0.738994 0.511609 0.733491 0.511609 0.732311 0.509121 0.733097 0.502488 0.735063 0.498342 0.738208 0.498342 0.739387 0.500829 0.740173 0.509121 0.738994 0.511609
0 0.072327 0.528192 0.059748 0.524876 0.054638 0.514096 0.053066 0.502488 0.055818 0.496683 0.057390 0.496683 0.063679 0.501658 0.070755 0.503317 0.076651 0.515755 0.076651 0.520730 0.072327 0.528192
0 0.683176 0.621061 0.677673 0.621061 0.673742 0.617745 0.667846 0.606965 0.667846 0.601990 0.670597 0.597844 0.677673 0.599502 0.680031 0.604478 0.682390 0.604478 0.685142 0.608624 0.685928 0.613599 0.683176 0.621061
0 0.143082 0.393864 0.140723 0.393864 0.134434 0.387231 0.130110 0.376451 0.130110 0.371476 0.128538 0.368159 0.128538 0.356551 0.129717 0.354063 0.132862 0.354063 0.139544 0.366501 0.144261 0.384743 0.144261 0.391376 0.143082 0.393864
0 0.403302 0.891376 0.398192 0.882255 0.398192 0.877280 0.395047 0.868988 0.395047 0.857380 0.397799 0.844942 0.402516 0.849917 0.405267 0.859038 0.405267 0.887231 0.403302 0.891376
0 0.668239 0.674129 0.665094 0.672471 0.661557 0.665008 0.662343 0.653400 0.663522 0.650912 0.667846 0.653400 0.667846 0.658375 0.670204 0.666667 0.668239 0.674129
0 0.701258 0.432007 0.694969 0.432007 0.691431 0.424544 0.689858 0.411277 0.691824 0.407131 0.703616 0.407131 0.707154 0.412935 0.706368 0.426202 0.701258 0.432007
0 0.558176 0.757048 0.555818 0.757048 0.552280 0.747927 0.554245 0.742123 0.557390 0.742123 0.560928 0.747927 0.558176 0.757048
0 0.319969 0.902985 0.318396 0.902985 0.315645 0.897181 0.315645 0.892206 0.312500 0.878939 0.313286 0.862355 0.316824 0.854892 0.322720 0.862355 0.323506 0.872305 0.323506 0.888889 0.321934 0.898839 0.319969 0.902985
0 0.553459 0.244610 0.547170 0.242952 0.545204 0.238806 0.545204 0.232172 0.546384 0.229685 0.551101 0.229685 0.553459 0.233002 0.554638 0.235489 0.554638 0.242123 0.553459 0.244610
0 0.088050 0.803483 0.081761 0.800166 0.079009 0.792703 0.079009 0.787728 0.082547 0.778607 0.088050 0.771973 0.095912 0.770315 0.098664 0.779436 0.094733 0.786070 0.094733 0.791045 0.088050 0.803483
0 0.128931 0.841625 0.121855 0.839967 0.119890 0.832504 0.122248 0.827529 0.123035 0.817579 0.128145 0.805141 0.132075 0.801824 0.136792 0.801824 0.139544 0.807629 0.139544 0.815920 0.137186 0.822554 0.136399 0.830846 0.128931 0.841625
0 0.272013 0.907960 0.266903 0.907131 0.264544 0.892206 0.264544 0.882255 0.266903 0.872305 0.266903 0.859038 0.269654 0.853234 0.272799 0.853234 0.277123 0.865672 0.277123 0.898839 0.272013 0.907960
0 0.672956 0.362355 0.668239 0.362355 0.664701 0.354892 0.664701 0.348259 0.666274 0.338308 0.669025 0.332504 0.672956 0.327529 0.675314 0.327529 0.677280 0.331675 0.677280 0.349917 0.672956 0.362355
0 0.682390 0.327529 0.679245 0.327529 0.676494 0.323383 0.675708 0.311774 0.677673 0.307629 0.683176 0.307629 0.684355 0.310116 0.685142 0.323383 0.682390 0.327529
0 0.419025 0.894693 0.414308 0.894693 0.410770 0.887231 0.408412 0.875622 0.408412 0.854063 0.406053 0.844113 0.409591 0.834992 0.416274 0.849088 0.416274 0.859038 0.420204 0.873964 0.423349 0.880597 0.423349 0.885572 0.419025 0.894693
0 0.693396 0.327529 0.691824 0.327529 0.689072 0.321725 0.691038 0.312604 0.695755 0.312604 0.697720 0.316750 0.696934 0.323383 0.693396 0.327529
0 0.488208 0.236318 0.485063 0.236318 0.483097 0.228856 0.484277 0.226368 0.488208 0.226368 0.489387 0.228856 0.488208 0.236318
0 0.705189 0.355721 0.701651 0.353234 0.700079 0.344942 0.704403 0.335821 0.706761 0.335821 0.708726 0.339967 0.708726 0.348259 0.705189 0.355721
0 0.045597 0.645937 0.039308 0.644279 0.038129 0.641791 0.038129 0.625207 0.040881 0.619403 0.053459 0.621061 0.055425 0.625207 0.055425 0.635158 0.051887 0.642620 0.045597 0.645937
0 0.444969 0.838308 0.439072 0.827529 0.439072 0.817579 0.441038 0.813433 0.444969 0.813433 0.449292 0.822554 0.449292 0.825871 0.444969 0.838308
0 0.470126 0.286070 0.465409 0.282753 0.462657 0.273632 0.463443 0.247098 0.466981 0.239635 0.470126 0.239635 0.472877 0.243781 0.472877 0.281924 0.470126 0.286070
0 0.473270 0.823383 0.469340 0.823383 0.467374 0.819237 0.467374 0.810945 0.470126 0.805141 0.473270 0.805141 0.476022 0.810945 0.476022 0.819237 0.473270 0.823383
0 0.331761 0.291045 0.328223 0.286899 0.325079 0.271973 0.319575 0.260365 0.318003 0.240464 0.319969 0.236318 0.323899 0.236318 0.331368 0.258706 0.332940 0.285240 0.331761 0.291045
0 0.362421 0.912935 0.358491 0.911277 0.356525 0.905473 0.355739 0.877280 0.360063 0.869818 0.365566 0.869818 0.369104 0.877280 0.369104 0.897181 0.366745 0.907131 0.362421 0.912935
0 0.727201 0.403814 0.723270 0.403814 0.720519 0.399668 0.720519 0.394693 0.724843 0.385572 0.726415 0.385572 0.729953 0.393035 0.729953 0.398010 0.727201 0.403814
0 0.726415 0.498342 0.722484 0.498342 0.718160 0.490879 0.718160 0.484245 0.724057 0.473466 0.727987 0.475124 0.730739 0.482587 0.729953 0.492537 0.726415 0.498342
0 0.554245 0.309287 0.548742 0.307629 0.545991 0.300166 0.545991 0.291874 0.551494 0.275290 0.552280 0.252073 0.554245 0.247927 0.559748 0.247927 0.560928 0.250415 0.560142 0.293532 0.557783 0.303483 0.554245 0.309287
0 0.272013 0.317579 0.268475 0.315091 0.265330 0.301824 0.262972 0.263682 0.265723 0.257877 0.268082 0.257877 0.270047 0.262023 0.275550 0.293532 0.274764 0.311774 0.272013 0.317579
0 0.577044 0.805141 0.573113 0.803483 0.570362 0.796020 0.570362 0.789386 0.568003 0.782753 0.569969 0.773632 0.577044 0.775290 0.579796 0.782753 0.580582 0.799337 0.577044 0.805141
0 0.660377 0.357380 0.654874 0.357380 0.651336 0.351575 0.652123 0.333333 0.657233 0.315920 0.661164 0.312604 0.664308 0.304312 0.669025 0.304312 0.671777 0.308458 0.671777 0.320066 0.667060 0.333333 0.664701 0.351575 0.660377 0.357380
0 0.655660 0.310945 0.651730 0.310945 0.650550 0.308458 0.651336 0.293532 0.653302 0.289386 0.655660 0.289386 0.658412 0.295191 0.658412 0.305141 0.655660 0.310945
0 0.408805 0.289386 0.402516 0.289386 0.398192 0.280265 0.398192 0.260365 0.399764 0.257048 0.400550 0.235489 0.403302 0.228027 0.406447 0.228027 0.407626 0.230514 0.407626 0.253731 0.411557 0.278607 0.411557 0.285240 0.408805 0.289386
0 0.632862 0.359038 0.629717 0.359038 0.627752 0.354892 0.627752 0.341625 0.645440 0.309287 0.647799 0.309287 0.648978 0.313433 0.642689 0.328358 0.636399 0.353234 0.632862 0.359038
0 0.060535 0.558043 0.058176 0.558043 0.051887 0.551410 0.047563 0.543947 0.047563 0.533997 0.050314 0.526534 0.055818 0.523217 0.060535 0.524876 0.063679 0.526534 0.068789 0.535655 0.068789 0.543947 0.066431 0.550580 0.063679 0.556385 0.060535 0.558043
0 0.654874 0.662521 0.648585 0.662521 0.646619 0.658375 0.646619 0.651741 0.650157 0.644279 0.653302 0.644279 0.657626 0.651741 0.658412 0.658375 0.654874 0.662521
0 0.350629 0.282753 0.347484 0.281095 0.341588 0.265340 0.341588 0.252073 0.340016 0.240464 0.341195 0.233002 0.351415 0.231343 0.353381 0.235489 0.355739 0.252073 0.355739 0.265340 0.353381 0.278607 0.350629 0.282753
0 0.318396 0.302653 0.315252 0.302653 0.313286 0.298507 0.311714 0.285240 0.309355 0.278607 0.309355 0.271973 0.306997 0.265340 0.306211 0.253731 0.308176 0.246269 0.312107 0.249585 0.314858 0.255390 0.318789 0.268657 0.321148 0.283582 0.321148 0.296849 0.318396 0.302653
0 0.284591 0.305970 0.279088 0.304312 0.274764 0.291874 0.272406 0.266998 0.275943 0.257877 0.283019 0.261194 0.287343 0.271973 0.287343 0.300166 0.284591 0.305970
0 0.111635 0.839967 0.108491 0.838308 0.105739 0.832504 0.105739 0.820896 0.115566 0.796849 0.123428 0.796849 0.125393 0.800995 0.124607 0.814262 0.118711 0.828358 0.111635 0.839967
0 0.164308 0.874793 0.160770 0.872305 0.159198 0.865672 0.159198 0.857380 0.166667 0.839967 0.171384 0.836650 0.174135 0.840796 0.174921 0.849088 0.170991 0.864013 0.164308 0.874793
0 0.253931 0.319237 0.244890 0.291874 0.243318 0.281924 0.243711 0.274461 0.249214 0.276119 0.252752 0.286899 0.255896 0.303483 0.255896 0.315091 0.253931 0.319237
0 0.398585 0.906302 0.397013 0.906302 0.393475 0.898839 0.396226 0.888060 0.398192 0.890547 0.400550 0.900498 0.398585 0.906302
0 0.355346 0.878109 0.351808 0.868988 0.351808 0.852405 0.354560 0.848259 0.357704 0.848259 0.361242 0.855721 0.362028 0.867330 0.355346 0.878109
0 0.713836 0.616086 0.710692 0.616086 0.705582 0.605307 0.716195 0.597844 0.717374 0.603648 0.713836 0.616086
0 0.687107 0.432007 0.680818 0.430348 0.679638 0.422886 0.682390 0.417081 0.687107 0.417081 0.689858 0.424544 0.689858 0.427861 0.687107 0.432007
0 0.723270 0.524876 0.716981 0.524876 0.713443 0.515755 0.713443 0.510779 0.716195 0.504975 0.720126 0.501658 0.728774 0.503317 0.730739 0.509121 0.729953 0.517413 0.727987 0.521559 0.723270 0.524876
0 0.073113 0.503317 0.060535 0.500000 0.055425 0.485904 0.055425 0.475954 0.058176 0.470149 0.059748 0.470149 0.073113 0.485075 0.075865 0.490879 0.075865 0.499171 0.073113 0.503317
0 0.602987 0.320896 0.599057 0.320896 0.597091 0.316750 0.596305 0.305141 0.601022 0.283582 0.601808 0.273632 0.604560 0.269486 0.609277 0.267828 0.612814 0.275290 0.614387 0.285240 0.602987 0.320896
0 0.261792 0.317579 0.260220 0.317579 0.257469 0.310116 0.255896 0.293532 0.252752 0.278607 0.251965 0.268657 0.253931 0.264511 0.258648 0.266169 0.262186 0.273632 0.264544 0.283582 0.265330 0.310116 0.261792 0.317579
0 0.055031 0.612769 0.044025 0.612769 0.040487 0.606965 0.040487 0.598673 0.045597 0.587894 0.055818 0.584577 0.057783 0.588723 0.057783 0.593698 0.056997 0.606965 0.055031 0.612769
0 0.340409 0.287728 0.337264 0.287728 0.336085 0.285240 0.334513 0.273632 0.331368 0.265340 0.330582 0.242123 0.331761 0.239635 0.335692 0.241294 0.341588 0.258706 0.343160 0.280265 0.340409 0.287728
0 0.616352 0.267828 0.613994 0.267828 0.609670 0.255390 0.609670 0.248756 0.612421 0.244610 0.613994 0.244610 0.617531 0.252073 0.617531 0.265340 0.616352 0.267828
0 0.108491 0.425373 0.103774 0.425373 0.096698 0.415423 0.093160 0.407960 0.094733 0.401327 0.098270 0.398839 0.103774 0.408789 0.106918 0.410448 0.109670 0.416252 0.109670 0.422886 0.108491 0.425373
0 0.455975 0.864842 0.450472 0.861526 0.446934 0.845771 0.446934 0.830846 0.451258 0.823383 0.454796 0.824212 0.455582 0.837479 0.458726 0.852405 0.457940 0.860697 0.455975 0.864842
0 0.361635 0.287728 0.359277 0.287728 0.356525 0.281924 0.355739 0.275290 0.356525 0.233831 0.360849 0.223051 0.362421 0.223051 0.365959 0.233831 0.364387 0.245439 0.363601 0.281924 0.361635 0.287728
0 0.621069 0.753731 0.615566 0.748756 0.610849 0.735489 0.607311 0.731343 0.606525 0.714760 0.608491 0.710614 0.612421 0.710614 0.619497 0.723881 0.622642 0.725539 0.624607 0.729685 0.625393 0.742952 0.621069 0.753731
0 0.696541 0.617745 0.689465 0.617745 0.685142 0.608624 0.685142 0.601990 0.688679 0.594527 0.701258 0.597844 0.703223 0.603648 0.703223 0.608624 0.699686 0.616086 0.696541 0.617745
0 0.543239 0.289386 0.540094 0.289386 0.538129 0.285240 0.536557 0.268657 0.538915 0.252073 0.542453 0.244610 0.544811 0.246269 0.548349 0.255390 0.545991 0.283582 0.543239 0.289386
0 0.672956 0.703980 0.671384 0.703980 0.667846 0.696517 0.667846 0.688226 0.669811 0.684080 0.674528 0.685738 0.677280 0.693201 0.677280 0.696517 0.672956 0.703980
0 0.745283 0.461857 0.740566 0.461857 0.738601 0.457711 0.738601 0.452736 0.741352 0.446932 0.745283 0.446932 0.746462 0.449420 0.747248 0.457711 0.745283 0.461857
0 0.484277 0.869818 0.481132 0.869818 0.479167 0.865672 0.473664 0.847430 0.472091 0.837479 0.472877 0.827529 0.477201 0.821725 0.481918 0.821725 0.485456 0.830846 0.485456 0.855721 0.487028 0.864013 0.484277 0.869818
0 0.720912 0.478441 0.710692 0.476783 0.707940 0.470978 0.708726 0.461028 0.716981 0.453566 0.724057 0.453566 0.726022 0.457711 0.726022 0.466003 0.724450 0.472637 0.720912 0.478441
0 0.595912 0.783582 0.591981 0.783582 0.590802 0.781095 0.590802 0.776119 0.593553 0.770315 0.595912 0.770315 0.597877 0.774461 0.595912 0.783582
0 0.634434 0.694030 0.629717 0.694030 0.626965 0.689884 0.625393 0.681592 0.625393 0.673300 0.626572 0.670813 0.632075 0.670813 0.633255 0.673300 0.635613 0.681592 0.635613 0.691542 0.634434 0.694030
0 0.683176 0.357380 0.677673 0.357380 0.676494 0.354892 0.680818 0.335821 0.687893 0.335821 0.692217 0.341625 0.692217 0.346600 0.688679 0.354063 0.684748 0.354063 0.683176 0.357380
