0 0.000000 0.356731 0.012931 0.335577 0.021552 0.329808 0.033046 0.325962 0.053161 0.327885 0.063937 0.338462 0.071121 0.353846 0.072557 0.390385 0.066810 0.409615 0.056034 0.425962 0.043103 0.435577 0.030172 0.437500 0.022989 0.433654 0.013649 0.421154 0.000000 0.387500
0 0.150144 0.000000 0.147270 0.013462 0.136494 0.029808 0.110632 0.050962 0.096264 0.058654 0.070402 0.050962 0.059626 0.038462 0.053879 0.023077 0.053879 0.007692 0.056753 0.000000
0 0.998563 0.249038 0.978448 0.249038 0.967672 0.236538 0.964799 0.228846 0.966236 0.213462 0.977730 0.184615 0.993534 0.165385 0.998563 0.154808
0 0.866379 0.849038 0.849138 0.845192 0.838362 0.828846 0.838362 0.815385 0.842672 0.807692 0.842672 0.792308 0.845546 0.784615 0.853448 0.774038 0.872126 0.758654 0.886494 0.752885 0.908046 0.754808 0.915948 0.769231 0.920259 0.784615 0.918822 0.801923 0.890805 0.839423 0.877874 0.847115 0.866379 0.849038
0 0.558908 0.743269 0.545977 0.739423 0.535201 0.723077 0.530891 0.705769 0.530891 0.657692 0.535201 0.636538 0.542385 0.617308 0.551724 0.604808 0.560345 0.599038 0.566092 0.599038 0.577586 0.604808 0.595546 0.628846 0.599856 0.653846 0.599856 0.678846 0.596983 0.694231 0.588362 0.715385 0.577586 0.729808 0.558908 0.743269
0 0.210489 0.998077 0.211925 0.984615 0.219109 0.963462 0.231322 0.949038 0.245690 0.941346 0.261494 0.943269 0.276580 0.959615 0.282328 0.978846 0.282328 0.998077
0 0.385057 0.689423 0.377874 0.689423 0.363506 0.679808 0.341236 0.648077 0.334052 0.630769 0.331178 0.619231 0.331178 0.601923 0.336207 0.591346 0.347701 0.579808 0.360632 0.579808 0.373563 0.587500 0.382902 0.600000 0.384339 0.607692 0.390086 0.617308 0.397270 0.642308 0.397270 0.671154 0.394397 0.678846 0.385057 0.689423
0 0.000000 0.666346 0.010057 0.650962 0.020115 0.643269 0.025862 0.639423 0.040230 0.639423 0.058190 0.659615 0.062500 0.680769 0.055316 0.723077 0.044540 0.739423 0.028736 0.750962 0.015805 0.747115 0.006466 0.736538 0.000000 0.722115
0 0.704023 0.641346 0.692529 0.639423 0.678161 0.627885 0.661638 0.601923 0.654454 0.576923 0.654454 0.532692 0.657328 0.523077 0.672414 0.504808 0.685345 0.502885 0.693966 0.508654 0.707615 0.526923 0.714799 0.544231 0.721983 0.592308 0.720546 0.617308 0.716236 0.630769 0.704023 0.641346
0 0.828305 0.998077 0.833333 0.989423 0.844828 0.981731 0.877874 0.981731 0.890805 0.987500 0.901580 0.998077
0 0.436782 0.547115 0.420977 0.547115 0.410920 0.541346 0.401580 0.528846 0.394397 0.509615 0.391523 0.482692 0.394397 0.463462 0.403736 0.447115 0.412356 0.441346 0.423851 0.439423 0.439655 0.447115 0.457615 0.467308 0.463362 0.480769 0.463362 0.509615 0.459052 0.521154 0.446839 0.539423 0.436782 0.547115
0 0.155172 0.397115 0.139368 0.397115 0.124282 0.380769 0.118534 0.365385 0.118534 0.344231 0.125718 0.317308 0.137931 0.300962 0.150862 0.291346 0.160920 0.291346 0.172414 0.295192 0.177443 0.303846 0.184626 0.321154 0.186063 0.348077 0.178879 0.376923 0.168103 0.389423 0.155172 0.397115
0 0.751437 0.189423 0.731322 0.189423 0.719828 0.185577 0.703305 0.167308 0.698994 0.153846 0.698994 0.132692 0.708333 0.114423 0.721264 0.106731 0.745690 0.106731 0.758621 0.112500 0.772270 0.126923 0.778017 0.144231 0.778017 0.159615 0.765805 0.181731 0.751437 0.189423
0 0.370690 0.783654 0.359195 0.783654 0.339080 0.770192 0.321121 0.748077 0.315374 0.734615 0.313937 0.717308 0.316810 0.700000 0.322557 0.686538 0.339080 0.668269 0.353448 0.666346 0.384339 0.707692 0.390086 0.723077 0.392960 0.740385 0.391523 0.763462 0.383621 0.777885 0.370690 0.783654
