0 0.839844 0.630859 0.824219 0.630859 0.814453 0.621094 0.818359 0.578125 0.843750 0.560547 0.882812 0.560547 0.892578 0.582031 0.839844 0.630859
0 0.806641 0.000000 0.806641 0.027344 0.796875 0.037109 0.777344 0.041016 0.742188 0.068359 0.718750 0.068359 0.705078 0.054688 0.685547 0.015625 0.693359 0.000000
0 0.750000 0.373047 0.734375 0.373047 0.718750 0.361328 0.707031 0.361328 0.685547 0.339844 0.677734 0.312500 0.677734 0.296875 0.693359 0.273438 0.726562 0.251953 0.738281 0.236328 0.765625 0.240234 0.791016 0.277344 0.791016 0.332031 0.750000 0.373047
0 0.675781 0.927734 0.660156 0.923828 0.650391 0.914062 0.650391 0.894531 0.656250 0.888672 0.675781 0.888672 0.693359 0.902344 0.693359 0.914062 0.675781 0.927734
0 0.804688 0.544922 0.791016 0.539062 0.796875 0.525391 0.810547 0.531250 0.804688 0.544922
0 0.589844 0.146484 0.554688 0.134766 0.544922 0.121094 0.544922 0.101562 0.562500 0.087891 0.585938 0.083984 0.607422 0.101562 0.607422 0.132812 0.589844 0.146484
0 0.621094 0.556641 0.585938 0.556641 0.570312 0.548828 0.548828 0.523438 0.548828 0.503906 0.566406 0.482422 0.605469 0.478516 0.626953 0.496094 0.630859 0.542969 0.621094 0.556641
0 0.746094 0.751953 0.722656 0.748047 0.716797 0.730469 0.730469 0.724609 0.746094 0.732422 0.751953 0.738281 0.746094 0.751953
0 0.156250 0.705078 0.132812 0.701172 0.121094 0.689453 0.105469 0.689453 0.080078 0.667969 0.068359 0.648438 0.064453 0.625000 0.072266 0.605469 0.105469 0.580078 0.156250 0.607422 0.167969 0.623047 0.189453 0.636719 0.189453 0.683594 0.171875 0.701172 0.156250 0.705078
0 0.332031 0.423828 0.296875 0.419922 0.283203 0.398438 0.283203 0.371094 0.312500 0.345703 0.343750 0.349609 0.353516 0.363281 0.349609 0.402344 0.332031 0.423828
0 0.072266 0.000000 0.072266 0.027344 0.054688 0.041016 0.015625 0.044922 0.000000 0.033203
0 0.714844 0.462891 0.656250 0.458984 0.642578 0.445312 0.642578 0.410156 0.660156 0.408203 0.687500 0.380859 0.710938 0.384766 0.732422 0.406250 0.732422 0.449219 0.714844 0.462891
0 0.527344 0.548828 0.513672 0.542969 0.519531 0.529297 0.533203 0.535156 0.527344 0.548828
0 0.640625 0.853516 0.626953 0.847656 0.632812 0.833984 0.646484 0.839844 0.640625 0.853516
0 0.464844 0.408203 0.449219 0.408203 0.429688 0.384766 0.421875 0.384766 0.400391 0.363281 0.404297 0.320312 0.417969 0.306641 0.437500 0.298828 0.476562 0.306641 0.498047 0.335938 0.498047 0.375000 0.484375 0.396484 0.464844 0.408203
0 0.046875 0.275391 0.019531 0.271484 0.009766 0.261719 0.009766 0.238281 0.027344 0.212891 0.058594 0.216797 0.076172 0.234375 0.072266 0.261719 0.062500 0.271484 0.046875 0.275391
0 0.496094 0.642578 0.482422 0.636719 0.488281 0.623047 0.501953 0.628906 0.496094 0.642578
0 0.722656 0.884766 0.695312 0.876953 0.685547 0.867188 0.685547 0.851562 0.654297 0.824219 0.650391 0.804688 0.660156 0.794922 0.683594 0.794922 0.710938 0.783203 0.722656 0.783203 0.732422 0.792969 0.732422 0.875000 0.722656 0.884766
0 0.425781 0.501953 0.414062 0.501953 0.406250 0.494141 0.363281 0.494141 0.353516 0.484375 0.345703 0.457031 0.367188 0.427734 0.382812 0.427734 0.419922 0.457031 0.431641 0.480469 0.431641 0.496094 0.425781 0.501953
0 0.675781 0.560547 0.652344 0.560547 0.638672 0.546875 0.638672 0.503906 0.648438 0.490234 0.660156 0.486328 0.683594 0.490234 0.705078 0.511719 0.705078 0.535156 0.675781 0.560547
0 0.761719 0.615234 0.734375 0.615234 0.708984 0.593750 0.708984 0.566406 0.716797 0.550781 0.730469 0.537109 0.750000 0.529297 0.765625 0.529297 0.791016 0.546875 0.787109 0.578125 0.761719 0.615234
0 0.644531 0.884766 0.630859 0.878906 0.636719 0.865234 0.650391 0.871094 0.644531 0.884766
0 0.746094 0.732422 0.728516 0.722656 0.734375 0.708984 0.748047 0.710938 0.746094 0.732422
0 0.144531 0.150391 0.130859 0.144531 0.136719 0.130859 0.150391 0.136719 0.144531 0.150391
0 0.761719 0.814453 0.748047 0.808594 0.753906 0.794922 0.767578 0.800781 0.761719 0.814453
0 0.222656 0.626953 0.179688 0.623047 0.142578 0.585938 0.126953 0.554688 0.126953 0.539062 0.152344 0.509766 0.199219 0.509766 0.228516 0.539062 0.236328 0.585938 0.232422 0.613281 0.222656 0.626953
0 0.335938 0.330078 0.296875 0.330078 0.291016 0.324219 0.283203 0.304688 0.287109 0.277344 0.316406 0.240234 0.367188 0.240234 0.380859 0.257812 0.380859 0.292969 0.367188 0.310547 0.335938 0.330078
0 0.855469 0.435547 0.832031 0.435547 0.802734 0.414062 0.798828 0.390625 0.820312 0.369141 0.839844 0.369141 0.857422 0.382812 0.865234 0.410156 0.855469 0.435547
0 0.660156 0.408203 0.625000 0.408203 0.619141 0.394531 0.591797 0.375000 0.591797 0.355469 0.599609 0.343750 0.632812 0.318359 0.652344 0.318359 0.685547 0.351562 0.685547 0.382812 0.660156 0.408203
0 0.914062 0.650391 0.894531 0.650391 0.880859 0.640625 0.876953 0.613281 0.869141 0.605469 0.890625 0.583984 0.925781 0.580078 0.951172 0.609375 0.951172 0.621094 0.933594 0.642578 0.914062 0.650391
0 0.402344 0.556641 0.386719 0.556641 0.361328 0.542969 0.357422 0.507812 0.363281 0.494141 0.406250 0.494141 0.423828 0.503906 0.427734 0.519531 0.419922 0.539062 0.402344 0.556641
0 0.570312 0.482422 0.554688 0.482422 0.541016 0.472656 0.533203 0.449219 0.537109 0.425781 0.546875 0.412109 0.562500 0.404297 0.593750 0.404297 0.607422 0.417969 0.603516 0.464844 0.570312 0.482422
0 0.113281 0.533203 0.062500 0.529297 0.044922 0.511719 0.044922 0.488281 0.062500 0.474609 0.078125 0.474609 0.089844 0.486328 0.113281 0.490234 0.123047 0.500000 0.123047 0.523438 0.113281 0.533203
0 0.500000 0.623047 0.453125 0.611328 0.435547 0.585938 0.435547 0.562500 0.443359 0.550781 0.457031 0.537109 0.484375 0.525391 0.507812 0.529297 0.513672 0.542969 0.529297 0.550781 0.533203 0.562500 0.533203 0.601562 0.500000 0.623047
0 0.492188 0.076172 0.472656 0.076172 0.455078 0.046875 0.476562 0.021484 0.503906 0.021484 0.517578 0.042969 0.513672 0.062500 0.492188 0.076172
0 0.871094 0.705078 0.835938 0.705078 0.830078 0.699219 0.826172 0.671875 0.839844 0.658203 0.871094 0.654297 0.888672 0.664062 0.884766 0.695312 0.871094 0.705078
0 0.117188 0.494141 0.089844 0.486328 0.060547 0.457031 0.060547 0.429688 0.082031 0.408203 0.125000 0.408203 0.150391 0.437500 0.146484 0.468750 0.117188 0.494141
0 0.996094 0.216797 0.968750 0.212891 0.951172 0.191406 0.951172 0.167969 0.968750 0.150391 0.996094 0.146484
0 0.000000 0.404297 0.009766 0.421875 0.000000 0.439453
0 0.546875 0.611328 0.533203 0.605469 0.539062 0.591797 0.552734 0.597656 0.546875 0.611328
0 0.121094 0.853516 0.103516 0.843750 0.109375 0.830078 0.128906 0.830078 0.134766 0.835938 0.134766 0.843750 0.121094 0.853516
0 0.425781 0.466797 0.402344 0.439453 0.382812 0.427734 0.367188 0.427734 0.357422 0.417969 0.361328 0.386719 0.375000 0.369141 0.406250 0.369141 0.431641 0.390625 0.427734 0.421875 0.435547 0.457031 0.425781 0.466797
0 0.693359 0.996094 0.685547 0.957031 0.707031 0.947266 0.742188 0.955078 0.759766 0.972656 0.759766 0.980469 0.742188 0.986328 0.722656 0.978516 0.720703 0.988281 0.726562 0.994141 0.755859 0.996094
0 0.753906 0.521484 0.740234 0.515625 0.746094 0.501953 0.759766 0.507812 0.753906 0.521484
0 0.222656 0.498047 0.207031 0.498047 0.166016 0.476562 0.169922 0.453125 0.191406 0.431641 0.214844 0.435547 0.236328 0.453125 0.232422 0.488281 0.222656 0.498047
0 0.582031 0.208984 0.542969 0.208984 0.517578 0.183594 0.513672 0.148438 0.527344 0.130859 0.566406 0.134766 0.591797 0.148438 0.591797 0.199219 0.582031 0.208984
0 0.039062 0.892578 0.019531 0.892578 0.005859 0.871094 0.009766 0.843750 0.023438 0.830078 0.046875 0.830078 0.064453 0.843750 0.064453 0.875000 0.039062 0.892578
0 0.796875 0.208984 0.753906 0.205078 0.720703 0.164062 0.712891 0.132812 0.720703 0.109375 0.734375 0.095703 0.769531 0.095703 0.775391 0.128906 0.800781 0.154297 0.837891 0.164062 0.837891 0.171875 0.796875 0.208984
0 0.175781 0.353516 0.160156 0.353516 0.132812 0.341797 0.119141 0.328125 0.107422 0.300781 0.107422 0.281250 0.119141 0.257812 0.148438 0.240234 0.164062 0.240234 0.175781 0.251953 0.195312 0.251953 0.205078 0.265625 0.201172 0.292969 0.212891 0.304688 0.212891 0.320312 0.195312 0.345703 0.175781 0.353516
0 0.027344 0.419922 0.013672 0.414062 0.019531 0.400391 0.033203 0.406250 0.027344 0.419922
0 0.691406 0.939453 0.677734 0.933594 0.683594 0.919922 0.697266 0.925781 0.691406 0.939453
0 0.386719 0.240234 0.369141 0.230469 0.375000 0.216797 0.392578 0.226562 0.386719 0.240234
0 0.308594 0.201172 0.269531 0.201172 0.255859 0.183594 0.255859 0.152344 0.273438 0.134766 0.300781 0.130859 0.316406 0.134766 0.330078 0.148438 0.333984 0.183594 0.308594 0.201172
0 0.679688 0.787109 0.666016 0.781250 0.671875 0.767578 0.685547 0.773438 0.679688 0.787109
0 0.945312 0.080078 0.921875 0.080078 0.898438 0.064453 0.880859 0.031250 0.914062 0.009766 0.925781 0.009766 0.949219 0.025391 0.966797 0.046875 0.945312 0.080078
0 0.808594 0.525391 0.785156 0.517578 0.763672 0.496094 0.759766 0.468750 0.777344 0.443359 0.812500 0.443359 0.833984 0.468750 0.830078 0.503906 0.808594 0.525391
0 0.472656 0.263672 0.437500 0.263672 0.416016 0.246094 0.419922 0.210938 0.433594 0.197266 0.480469 0.197266 0.490234 0.207031 0.494141 0.238281 0.472656 0.263672
0 0.453125 0.150391 0.419922 0.144531 0.419922 0.121094 0.445312 0.103516 0.460938 0.103516 0.466797 0.109375 0.466797 0.132812 0.453125 0.150391
0 0.828125 0.544922 0.814453 0.539062 0.820312 0.525391 0.833984 0.531250 0.828125 0.544922
0 0.599609 0.000000 0.615234 0.011719 0.615234 0.035156 0.601562 0.052734 0.582031 0.060547 0.566406 0.060547 0.548828 0.050781 0.548828 0.011719 0.564453 0.000000
0 0.082031 0.802734 0.050781 0.802734 0.037109 0.789062 0.033203 0.746094 0.046875 0.732422 0.058594 0.732422 0.070312 0.744141 0.085938 0.744141 0.097656 0.736328 0.115234 0.753906 0.115234 0.789062 0.082031 0.802734
0 0.664062 0.271484 0.650391 0.265625 0.656250 0.251953 0.669922 0.257812 0.664062 0.271484
0 0.898438 0.482422 0.880859 0.460938 0.880859 0.441406 0.892578 0.421875 0.896484 0.398438 0.906250 0.388672 0.964844 0.396484 0.974609 0.406250 0.966797 0.453125 0.960938 0.458984 0.914062 0.466797 0.898438 0.482422
0 0.000000 0.802734 0.005859 0.816406 0.000000 0.857422
0 0.453125 0.189453 0.441406 0.181641 0.410156 0.181641 0.400391 0.167969 0.400391 0.156250 0.410156 0.146484 0.449219 0.150391 0.458984 0.167969 0.458984 0.183594 0.453125 0.189453
0 0.050781 0.572266 0.027344 0.568359 0.009766 0.542969 0.009766 0.515625 0.031250 0.494141 0.044922 0.496094 0.044922 0.511719 0.062500 0.529297 0.107422 0.535156 0.078125 0.564453 0.050781 0.572266
0 0.828125 0.857422 0.806641 0.847656 0.806641 0.835938 0.814453 0.828125 0.814453 0.781250 0.832031 0.755859 0.871094 0.755859 0.880859 0.765625 0.880859 0.785156 0.892578 0.820312 0.871094 0.837891 0.847656 0.837891 0.828125 0.857422
0 0.960938 0.373047 0.929688 0.373047 0.904297 0.355469 0.908203 0.332031 0.923828 0.324219 0.937500 0.302734 0.964844 0.302734 0.978516 0.316406 0.982422 0.359375 0.960938 0.373047
0 0.765625 0.740234 0.748047 0.734375 0.748047 0.710938 0.765625 0.693359 0.773438 0.693359 0.779297 0.699219 0.779297 0.730469 0.765625 0.740234
0 0.191406 0.126953 0.177734 0.121094 0.183594 0.107422 0.197266 0.113281 0.191406 0.126953
0 0.839844 0.162109 0.800781 0.154297 0.775391 0.128906 0.771484 0.093750 0.796875 0.072266 0.824219 0.072266 0.865234 0.105469 0.869141 0.136719 0.859375 0.150391 0.839844 0.162109
0 0.652344 0.802734 0.638672 0.796875 0.644531 0.783203 0.658203 0.789062 0.652344 0.802734
0 0.871094 0.123047 0.865234 0.105469 0.822266 0.070312 0.843750 0.033203 0.878906 0.025391 0.892578 0.058594 0.927734 0.082031 0.919922 0.089844 0.919922 0.101562 0.906250 0.115234 0.871094 0.123047
0 0.675781 0.248047 0.652344 0.248047 0.644531 0.240234 0.632812 0.240234 0.611328 0.218750 0.611328 0.175781 0.615234 0.164062 0.632812 0.150391 0.664062 0.150391 0.701172 0.179688 0.697266 0.226562 0.675781 0.248047
0 0.000000 0.572266 0.007812 0.572266 0.021484 0.589844 0.021484 0.640625 0.015625 0.646484 0.000000 0.646484
0 0.996094 0.591797 0.988281 0.591797 0.974609 0.574219 0.974609 0.562500 0.996094 0.541016
0 0.195312 0.048828 0.181641 0.042969 0.187500 0.029297 0.201172 0.035156 0.195312 0.048828
0 0.589844 0.357422 0.574219 0.353516 0.562500 0.341797 0.542969 0.349609 0.527344 0.322266 0.494141 0.304688 0.494141 0.261719 0.523438 0.236328 0.550781 0.232422 0.593750 0.244141 0.605469 0.255859 0.613281 0.255859 0.650391 0.300781 0.652344 0.318359 0.632812 0.318359 0.613281 0.330078 0.589844 0.357422
0 0.136719 0.126953 0.117188 0.126953 0.103516 0.105469 0.087891 0.093750 0.091797 0.046875 0.117188 0.021484 0.152344 0.021484 0.171875 0.033203 0.185547 0.054688 0.185547 0.105469 0.175781 0.115234 0.136719 0.126953
0 0.792969 0.939453 0.777344 0.939453 0.763672 0.925781 0.763672 0.902344 0.785156 0.888672 0.808594 0.888672 0.814453 0.894531 0.814453 0.925781 0.792969 0.939453
0 0.933594 0.814453 0.904297 0.800781 0.896484 0.757812 0.906250 0.748047 0.957031 0.748047 0.966797 0.761719 0.966797 0.796875 0.957031 0.806641 0.941406 0.806641 0.933594 0.814453
0 0.261719 0.794922 0.242188 0.791016 0.216797 0.761719 0.216797 0.730469 0.226562 0.716797 0.257812 0.712891 0.291016 0.765625 0.261719 0.794922
0 0.195312 0.224609 0.175781 0.224609 0.154297 0.203125 0.142578 0.179688 0.175781 0.146484 0.210938 0.142578 0.228516 0.160156 0.232422 0.199219 0.214844 0.220703 0.195312 0.224609
0 0.519531 0.474609 0.476562 0.474609 0.458984 0.460938 0.462891 0.410156 0.484375 0.396484 0.492188 0.380859 0.529297 0.394531 0.529297 0.457031 0.519531 0.474609
0 0.328125 0.767578 0.300781 0.759766 0.275391 0.718750 0.271484 0.683594 0.300781 0.662109 0.324219 0.662109 0.339844 0.669922 0.361328 0.695312 0.357422 0.746094 0.343750 0.763672 0.328125 0.767578
0 0.949219 0.548828 0.929688 0.548828 0.896484 0.523438 0.888672 0.511719 0.888672 0.488281 0.914062 0.466797 0.960938 0.458984 0.978516 0.480469 0.978516 0.527344 0.949219 0.548828
0 0.074219 0.177734 0.042969 0.177734 0.009766 0.152344 0.009766 0.117188 0.019531 0.107422 0.035156 0.099609 0.054688 0.099609 0.083984 0.121094 0.076172 0.144531 0.089844 0.150391 0.095703 0.160156 0.085938 0.173828 0.074219 0.177734
0 0.314453 0.000000 0.333984 0.019531 0.330078 0.062500 0.296875 0.080078 0.269531 0.068359 0.251953 0.042969 0.259766 0.019531 0.279297 0.000000
0 0.882812 0.306641 0.851562 0.306641 0.837891 0.289062 0.822266 0.250000 0.822266 0.234375 0.867188 0.197266 0.894531 0.205078 0.927734 0.246094 0.919922 0.277344 0.882812 0.306641
0 0.595703 0.996094 0.599609 0.976562 0.613281 0.962891 0.644531 0.966797 0.654297 0.984375 0.650391 0.996094
0 0.281250 0.634766 0.265625 0.634766 0.244141 0.617188 0.240234 0.589844 0.273438 0.544922 0.292969 0.544922 0.310547 0.570312 0.310547 0.609375 0.300781 0.623047 0.281250 0.634766
0 0.996094 0.052734 0.972656 0.056641 0.962891 0.039062 0.933594 0.013672 0.917969 0.009766 0.916016 0.000000
