0 0.554688 0.287109 0.539062 0.279297 0.523438 0.283203 0.494141 0.261719 0.498047 0.222656 0.515625 0.201172 0.542969 0.205078 0.562500 0.216797 0.580078 0.238281 0.580078 0.265625 0.554688 0.287109
0 0.121094 0.224609 0.105469 0.224609 0.085938 0.212891 0.076172 0.199219 0.076172 0.183594 0.089844 0.158203 0.128906 0.146484 0.154297 0.171875 0.154297 0.191406 0.121094 0.224609
0 0.746094 0.642578 0.726562 0.638672 0.716797 0.628906 0.716797 0.613281 0.705078 0.597656 0.705078 0.578125 0.730469 0.556641 0.765625 0.556641 0.783203 0.578125 0.783203 0.597656 0.775391 0.625000 0.761719 0.638672 0.746094 0.642578
0 0.074219 0.095703 0.039062 0.091797 0.025391 0.078125 0.025391 0.050781 0.039062 0.037109 0.066406 0.025391 0.074219 0.025391 0.099609 0.054688 0.091797 0.078125 0.074219 0.095703
0 0.996094 0.048828 0.984375 0.048828 0.960938 0.068359 0.945312 0.064453 0.927734 0.042969 0.927734 0.000000
0 0.320312 0.744141 0.277344 0.744141 0.259766 0.722656 0.263672 0.691406 0.296875 0.677734 0.320312 0.677734 0.341797 0.699219 0.341797 0.726562 0.320312 0.744141
0 0.757812 0.509766 0.726562 0.509766 0.701172 0.484375 0.693359 0.445312 0.710938 0.427734 0.753906 0.423828 0.767578 0.437500 0.775391 0.492188 0.757812 0.509766
0 0.187500 0.587891 0.156250 0.580078 0.138672 0.554688 0.142578 0.523438 0.164062 0.505859 0.191406 0.505859 0.224609 0.535156 0.224609 0.562500 0.207031 0.580078 0.187500 0.587891
0 0.289062 0.990234 0.273438 0.990234 0.255859 0.972656 0.259766 0.941406 0.273438 0.931641 0.285156 0.931641 0.312500 0.900391 0.335938 0.900391 0.349609 0.917969 0.345703 0.957031 0.320312 0.978516 0.304688 0.978516 0.289062 0.990234
0 0.171875 0.802734 0.146484 0.777344 0.146484 0.750000 0.183594 0.716797 0.207031 0.712891 0.224609 0.726562 0.232422 0.742188 0.232422 0.765625 0.210938 0.791016 0.179688 0.794922 0.171875 0.802734
0 0.636719 0.853516 0.613281 0.849609 0.587891 0.816406 0.587891 0.792969 0.617188 0.763672 0.648438 0.771484 0.689453 0.820312 0.667969 0.845703 0.636719 0.853516
0 0.136719 0.673828 0.117188 0.669922 0.103516 0.656250 0.103516 0.636719 0.121094 0.623047 0.140625 0.619141 0.175781 0.623047 0.185547 0.632812 0.185547 0.648438 0.171875 0.662109 0.136719 0.673828
0 0.167969 0.865234 0.128906 0.861328 0.099609 0.824219 0.099609 0.812500 0.132812 0.771484 0.144531 0.771484 0.173828 0.812500 0.177734 0.855469 0.167969 0.865234
0 0.628906 0.900391 0.607422 0.890625 0.613281 0.876953 0.625000 0.876953 0.634766 0.886719 0.628906 0.900391
0 0.515625 0.392578 0.503906 0.392578 0.435547 0.343750 0.431641 0.328125 0.445312 0.310547 0.472656 0.298828 0.519531 0.298828 0.544922 0.324219 0.552734 0.339844 0.548828 0.382812 0.542969 0.388672 0.515625 0.392578
0 0.597656 0.615234 0.550781 0.607422 0.525391 0.582031 0.544922 0.542969 0.578125 0.521484 0.601562 0.521484 0.626953 0.546875 0.626953 0.582031 0.619141 0.597656 0.597656 0.615234
0 0.169922 0.000000 0.205078 0.031250 0.201172 0.046875 0.183594 0.060547 0.152344 0.056641 0.126953 0.035156 0.126953 0.027344 0.158203 0.000000
0 0.273438 0.689453 0.265625 0.689453 0.253906 0.673828 0.236328 0.664062 0.232422 0.632812 0.250000 0.611328 0.265625 0.603516 0.292969 0.603516 0.314453 0.625000 0.318359 0.644531 0.306641 0.664062 0.310547 0.675781 0.273438 0.689453
0 0.097656 0.919922 0.066406 0.919922 0.044922 0.894531 0.041016 0.878906 0.041016 0.859375 0.056641 0.832031 0.074219 0.822266 0.101562 0.826172 0.126953 0.859375 0.119141 0.867188 0.119141 0.902344 0.097656 0.919922
0 0.582031 0.751953 0.566406 0.751953 0.533203 0.714844 0.544922 0.679688 0.558594 0.669922 0.582031 0.669922 0.623047 0.714844 0.613281 0.732422 0.582031 0.751953
0 0.644531 0.716797 0.625000 0.716797 0.583984 0.671875 0.617188 0.638672 0.648438 0.638672 0.669922 0.656250 0.669922 0.691406 0.644531 0.716797
0 0.355469 0.873047 0.332031 0.873047 0.308594 0.861328 0.279297 0.832031 0.279297 0.808594 0.316406 0.787109 0.363281 0.787109 0.376953 0.804688 0.384766 0.855469 0.355469 0.873047
0 0.710938 0.396484 0.671875 0.388672 0.662109 0.378906 0.658203 0.359375 0.658203 0.343750 0.699219 0.314453 0.718750 0.318359 0.736328 0.347656 0.728516 0.378906 0.710938 0.396484
0 0.441406 0.205078 0.398438 0.205078 0.392578 0.199219 0.380859 0.179688 0.380859 0.160156 0.390625 0.142578 0.445312 0.134766 0.470703 0.156250 0.466797 0.179688 0.441406 0.205078
0 0.519531 0.720703 0.472656 0.716797 0.449219 0.697266 0.441406 0.697266 0.435547 0.687500 0.447266 0.656250 0.476562 0.630859 0.511719 0.638672 0.544922 0.679688 0.537109 0.710938 0.519531 0.720703
0 0.101562 0.810547 0.074219 0.798828 0.056641 0.769531 0.062500 0.759766 0.093750 0.744141 0.109375 0.748047 0.130859 0.769531 0.123047 0.789062 0.101562 0.810547
0 0.421875 0.435547 0.419922 0.421875 0.406250 0.404297 0.371094 0.404297 0.363281 0.412109 0.357422 0.406250 0.376953 0.355469 0.394531 0.337891 0.433594 0.337891 0.449219 0.357422 0.478516 0.375000 0.460938 0.396484 0.437500 0.400391 0.427734 0.410156 0.431641 0.421875 0.421875 0.435547
0 0.394531 0.474609 0.363281 0.462891 0.353516 0.453125 0.353516 0.425781 0.371094 0.404297 0.406250 0.404297 0.419922 0.421875 0.419922 0.441406 0.394531 0.474609
0 0.460938 0.814453 0.445312 0.814453 0.427734 0.785156 0.431641 0.765625 0.423828 0.753906 0.433594 0.736328 0.449219 0.732422 0.488281 0.740234 0.505859 0.757812 0.505859 0.773438 0.460938 0.814453
0 0.158203 0.000000 0.128906 0.025391 0.097656 0.017578 0.083984 0.000000
0 0.042969 0.330078 0.031250 0.330078 0.013672 0.308594 0.009766 0.277344 0.039062 0.244141 0.078125 0.240234 0.107422 0.277344 0.107422 0.320312 0.093750 0.326172 0.070312 0.310547 0.058594 0.310547 0.042969 0.330078
0 0.812500 0.388672 0.796875 0.388672 0.775391 0.371094 0.771484 0.332031 0.785156 0.314453 0.820312 0.302734 0.849609 0.324219 0.853516 0.347656 0.830078 0.378906 0.812500 0.388672
0 0.464844 0.525391 0.437500 0.525391 0.414062 0.517578 0.396484 0.488281 0.396484 0.472656 0.437500 0.416016 0.484375 0.416016 0.498047 0.441406 0.498047 0.472656 0.486328 0.484375 0.486328 0.500000 0.464844 0.525391
0 0.390625 0.642578 0.361328 0.628906 0.349609 0.613281 0.345703 0.589844 0.330078 0.570312 0.337891 0.554688 0.355469 0.541016 0.371094 0.541016 0.382812 0.552734 0.394531 0.552734 0.419922 0.593750 0.416016 0.625000 0.390625 0.642578
0 0.539062 0.912109 0.507812 0.908203 0.490234 0.886719 0.501953 0.839844 0.527344 0.818359 0.550781 0.826172 0.568359 0.851562 0.564453 0.886719 0.539062 0.912109
0 0.855469 0.630859 0.826172 0.597656 0.826172 0.570312 0.847656 0.552734 0.875000 0.552734 0.900391 0.589844 0.900391 0.609375 0.890625 0.619141 0.855469 0.630859
0 0.421875 0.755859 0.394531 0.755859 0.361328 0.730469 0.369141 0.699219 0.406250 0.669922 0.417969 0.669922 0.439453 0.691406 0.431641 0.746094 0.421875 0.755859
