0 0.632812 0.619141 0.613281 0.619141 0.603516 0.609375 0.603516 0.589844 0.625000 0.568359 0.652344 0.564453 0.658203 0.570312 0.658203 0.589844 0.650391 0.605469 0.632812 0.619141
0 0.890625 0.685547 0.882812 0.685547 0.861328 0.664062 0.861328 0.644531 0.875000 0.630859 0.906250 0.630859 0.916016 0.640625 0.916016 0.664062 0.890625 0.685547
0 0.996094 0.599609 0.964844 0.603516 0.947266 0.585938 0.947266 0.574219 0.960938 0.560547 0.996094 0.560547
0 0.929688 0.900391 0.886719 0.896484 0.876953 0.871094 0.906250 0.849609 0.933594 0.853516 0.943359 0.863281 0.947266 0.882812 0.929688 0.900391
0 0.175781 0.865234 0.144531 0.865234 0.128906 0.857422 0.119141 0.847656 0.119141 0.832031 0.136719 0.818359 0.171875 0.826172 0.185547 0.839844 0.185547 0.855469 0.175781 0.865234
0 0.796875 0.212891 0.781250 0.208984 0.771484 0.199219 0.771484 0.179688 0.804688 0.134766 0.839844 0.111328 0.851562 0.111328 0.865234 0.125000 0.861328 0.152344 0.824219 0.197266 0.796875 0.212891
0 0.382812 0.958984 0.343750 0.958984 0.333984 0.945312 0.333984 0.929688 0.347656 0.916016 0.382812 0.916016 0.392578 0.925781 0.392578 0.949219 0.382812 0.958984
0 0.101562 0.087891 0.078125 0.087891 0.068359 0.078125 0.068359 0.042969 0.093750 0.013672 0.117188 0.013672 0.130859 0.027344 0.134766 0.042969 0.115234 0.078125 0.101562 0.087891
0 0.148438 0.919922 0.128906 0.919922 0.115234 0.906250 0.125000 0.888672 0.152344 0.884766 0.162109 0.894531 0.162109 0.910156 0.148438 0.919922
0 0.175781 0.314453 0.164062 0.314453 0.150391 0.304688 0.154297 0.277344 0.171875 0.263672 0.189453 0.273438 0.189453 0.292969 0.175781 0.314453
0 0.859375 0.345703 0.835938 0.345703 0.830078 0.339844 0.826172 0.312500 0.851562 0.283203 0.871094 0.275391 0.888672 0.285156 0.892578 0.308594 0.880859 0.328125 0.859375 0.345703
