0 0.789062 0.955078 0.773438 0.955078 0.759766 0.945312 0.759766 0.925781 0.769531 0.916016 0.777344 0.916016 0.794922 0.933594 0.794922 0.949219 0.789062 0.955078
0 0.132812 0.833984 0.113281 0.833984 0.103516 0.824219 0.103516 0.800781 0.117188 0.787109 0.150391 0.804688 0.150391 0.820312 0.132812 0.833984
0 0.335938 0.091797 0.322266 0.085938 0.322266 0.070312 0.332031 0.064453 0.341797 0.070312 0.341797 0.085938 0.335938 0.091797
0 0.539062 0.962891 0.525391 0.957031 0.525391 0.945312 0.535156 0.931641 0.546875 0.931641 0.552734 0.949219 0.539062 0.962891
0 0.882812 0.095703 0.867188 0.095703 0.857422 0.085938 0.857422 0.066406 0.867188 0.056641 0.892578 0.070312 0.892578 0.085938 0.882812 0.095703
0 0.359375 0.208984 0.343750 0.205078 0.333984 0.195312 0.333984 0.179688 0.343750 0.169922 0.355469 0.169922 0.369141 0.187500 0.369141 0.199219 0.359375 0.208984
0 0.093750 0.357422 0.074219 0.353516 0.052734 0.339844 0.048828 0.320312 0.058594 0.310547 0.085938 0.326172 0.113281 0.322266 0.119141 0.328125 0.123047 0.339844 0.109375 0.353516 0.093750 0.357422
0 0.523438 0.236328 0.513672 0.230469 0.513672 0.207031 0.523438 0.193359 0.542969 0.189453 0.548828 0.207031 0.523438 0.236328
0 0.832031 0.060547 0.812500 0.060547 0.806641 0.054688 0.806641 0.035156 0.820312 0.021484 0.835938 0.021484 0.841797 0.027344 0.841797 0.050781 0.832031 0.060547
0 0.535156 0.994141 0.519531 0.994141 0.513672 0.980469 0.523438 0.970703 0.546875 0.966797 0.552734 0.980469 0.535156 0.994141
0 0.808594 0.134766 0.787109 0.117188 0.792969 0.107422 0.812500 0.103516 0.818359 0.109375 0.818359 0.125000 0.808594 0.134766
0 0.214844 0.115234 0.181641 0.101562 0.181641 0.089844 0.191406 0.080078 0.214844 0.083984 0.226562 0.076172 0.244141 0.093750 0.238281 0.111328 0.226562 0.107422 0.214844 0.115234
0 0.890625 0.158203 0.871094 0.158203 0.861328 0.148438 0.861328 0.121094 0.882812 0.107422 0.890625 0.107422 0.900391 0.121094 0.900391 0.140625 0.890625 0.158203
0 0.429688 0.130859 0.410156 0.130859 0.400391 0.117188 0.400391 0.097656 0.410156 0.087891 0.421875 0.087891 0.435547 0.105469 0.435547 0.125000 0.429688 0.130859
0 0.087891 0.000000 0.078125 0.017578 0.060547 0.000000
0 0.710938 0.353516 0.677734 0.335938 0.677734 0.312500 0.691406 0.298828 0.703125 0.302734 0.716797 0.320312 0.716797 0.347656 0.710938 0.353516
0 0.449219 0.189453 0.441406 0.189453 0.423828 0.171875 0.423828 0.152344 0.437500 0.142578 0.449219 0.142578 0.462891 0.156250 0.462891 0.175781 0.449219 0.189453
0 0.605469 0.447266 0.591797 0.441406 0.591797 0.414062 0.601562 0.404297 0.611328 0.410156 0.611328 0.441406 0.605469 0.447266
0 0.326172 0.996094 0.347656 0.974609 0.359375 0.974609 0.365234 0.988281 0.357422 0.996094
0 0.441406 0.361328 0.427734 0.355469 0.423828 0.332031 0.433594 0.322266 0.457031 0.314453 0.466797 0.324219 0.466797 0.343750 0.441406 0.361328
0 0.320312 0.083984 0.296875 0.083984 0.283203 0.070312 0.283203 0.058594 0.289062 0.052734 0.304688 0.052734 0.322266 0.070312 0.320312 0.083984
0 0.097656 0.138672 0.074219 0.138672 0.056641 0.121094 0.056641 0.105469 0.074219 0.080078 0.113281 0.072266 0.126953 0.082031 0.126953 0.113281 0.097656 0.138672
0 0.460938 0.251953 0.449219 0.251953 0.439453 0.234375 0.460938 0.216797 0.468750 0.216797 0.478516 0.234375 0.460938 0.251953
0 0.773438 0.126953 0.750000 0.123047 0.740234 0.113281 0.736328 0.097656 0.753906 0.091797 0.769531 0.103516 0.779297 0.113281 0.773438 0.126953
0 0.656250 0.306641 0.644531 0.306641 0.611328 0.273438 0.621094 0.255859 0.640625 0.255859 0.662109 0.277344 0.662109 0.300781 0.656250 0.306641
0 0.031250 0.455078 0.017578 0.449219 0.017578 0.429688 0.050781 0.392578 0.066406 0.392578 0.072266 0.410156 0.031250 0.455078
0 0.132812 0.044922 0.119141 0.039062 0.119141 0.031250 0.140625 0.005859 0.148438 0.005859 0.154297 0.019531 0.132812 0.044922
0 0.804688 0.037109 0.794922 0.031250 0.794922 0.019531 0.808594 0.005859 0.816406 0.005859 0.822266 0.019531 0.804688 0.037109
0 0.300781 0.943359 0.277344 0.943359 0.263672 0.929688 0.263672 0.906250 0.281250 0.892578 0.308594 0.892578 0.322266 0.902344 0.322266 0.925781 0.300781 0.943359
0 0.839844 0.306641 0.824219 0.306641 0.810547 0.292969 0.816406 0.275391 0.832031 0.279297 0.845703 0.292969 0.839844 0.306641
0 0.570312 0.107422 0.546875 0.107422 0.541016 0.101562 0.537109 0.070312 0.546875 0.060547 0.570312 0.064453 0.580078 0.074219 0.580078 0.093750 0.570312 0.107422
0 0.328125 0.419922 0.304688 0.419922 0.283203 0.394531 0.287109 0.355469 0.312500 0.337891 0.328125 0.341797 0.349609 0.367188 0.349609 0.390625 0.328125 0.419922
0 0.738281 0.822266 0.722656 0.822266 0.705078 0.808594 0.705078 0.800781 0.714844 0.791016 0.734375 0.798828 0.744141 0.808594 0.738281 0.822266
0 0.546875 0.880859 0.527344 0.876953 0.521484 0.867188 0.531250 0.849609 0.558594 0.841797 0.572266 0.851562 0.572266 0.859375 0.546875 0.880859
0 0.382812 0.162109 0.363281 0.158203 0.353516 0.144531 0.382812 0.134766 0.388672 0.140625 0.388672 0.156250 0.382812 0.162109
0 0.796875 0.220703 0.789062 0.220703 0.775391 0.203125 0.775391 0.191406 0.785156 0.181641 0.810547 0.191406 0.796875 0.220703
0 0.445312 0.880859 0.421875 0.876953 0.412109 0.859375 0.429688 0.845703 0.445312 0.845703 0.455078 0.855469 0.455078 0.871094 0.445312 0.880859
0 0.554688 0.267578 0.544922 0.265625 0.541016 0.253906 0.570312 0.224609 0.585938 0.224609 0.591797 0.238281 0.566406 0.263672 0.554688 0.267578
0 0.628906 0.255859 0.613281 0.255859 0.607422 0.242188 0.628906 0.220703 0.636719 0.220703 0.642578 0.238281 0.628906 0.255859
