0 0.267578 0.000000 0.261719 0.013672 0.242188 0.013672 0.232422 0.000000
0 0.179688 0.541016 0.160156 0.533203 0.154297 0.515625 0.179688 0.486328 0.203125 0.486328 0.216797 0.500000 0.216797 0.507812 0.199219 0.529297 0.179688 0.541016
0 0.195312 0.283203 0.183594 0.283203 0.173828 0.273438 0.173828 0.230469 0.183594 0.220703 0.199219 0.220703 0.208984 0.230469 0.212891 0.246094 0.212891 0.257812 0.195312 0.283203
0 0.330078 0.996094 0.330078 0.984375 0.359375 0.962891 0.378906 0.962891 0.384766 0.968750 0.380859 0.996094
0 0.757812 0.302734 0.742188 0.302734 0.728516 0.285156 0.728516 0.265625 0.746094 0.244141 0.761719 0.244141 0.775391 0.257812 0.775391 0.285156 0.757812 0.302734
0 0.171875 0.935547 0.150391 0.925781 0.150391 0.906250 0.175781 0.888672 0.199219 0.892578 0.208984 0.906250 0.205078 0.917969 0.195312 0.927734 0.171875 0.935547
0 0.000000 0.080078 0.023438 0.080078 0.033203 0.089844 0.033203 0.105469 0.027344 0.111328 0.011719 0.123047 0.000000 0.123047
0 0.000000 0.736328 0.019531 0.724609 0.035156 0.724609 0.044922 0.734375 0.044922 0.750000 0.027344 0.771484 0.000000 0.775391
0 0.632812 0.470703 0.609375 0.470703 0.591797 0.453125 0.583984 0.410156 0.593750 0.392578 0.613281 0.388672 0.634766 0.410156 0.642578 0.429688 0.642578 0.453125 0.632812 0.470703
0 0.921875 0.720703 0.894531 0.716797 0.880859 0.703125 0.880859 0.691406 0.890625 0.681641 0.921875 0.685547 0.935547 0.699219 0.935547 0.710938 0.921875 0.720703
