0 0.058594 0.474609 0.031250 0.455078 0.009766 0.453125 0.005859 0.417969 0.015625 0.400391 0.058594 0.396484 0.083984 0.414062 0.087891 0.441406 0.080078 0.457031 0.058594 0.474609
0 0.269531 0.248047 0.234375 0.244141 0.212891 0.218750 0.216797 0.191406 0.238281 0.173828 0.273438 0.177734 0.294922 0.203125 0.291016 0.234375 0.269531 0.248047
0 0.082031 0.693359 0.054688 0.685547 0.033203 0.656250 0.033203 0.636719 0.041016 0.621094 0.062500 0.607422 0.093750 0.607422 0.115234 0.632812 0.111328 0.671875 0.082031 0.693359
0 0.625000 0.939453 0.609375 0.939453 0.587891 0.921875 0.591797 0.906250 0.605469 0.892578 0.625000 0.892578 0.642578 0.910156 0.642578 0.925781 0.625000 0.939453
0 0.648438 0.201172 0.621094 0.197266 0.599609 0.175781 0.587891 0.148438 0.595703 0.117188 0.617188 0.099609 0.648438 0.099609 0.664062 0.107422 0.689453 0.136719 0.689453 0.156250 0.681641 0.171875 0.648438 0.201172
0 0.000000 0.298828 0.031250 0.302734 0.052734 0.328125 0.052734 0.355469 0.044922 0.371094 0.019531 0.400391 0.000000 0.408203
0 0.121094 0.603516 0.091797 0.589844 0.080078 0.566406 0.080078 0.546875 0.097656 0.521484 0.125000 0.513672 0.154297 0.527344 0.166016 0.550781 0.166016 0.566406 0.144531 0.595703 0.121094 0.603516
0 0.824219 0.173828 0.800781 0.173828 0.783203 0.160156 0.792969 0.107422 0.845703 0.113281 0.849609 0.148438 0.824219 0.173828
0 0.000000 0.255859 0.021484 0.269531 0.029297 0.300781 0.000000 0.298828
0 0.000000 0.455078 0.039062 0.458984 0.068359 0.484375 0.068359 0.496094 0.076172 0.503906 0.076172 0.519531 0.046875 0.548828 0.027344 0.548828 0.000000 0.533203
0 0.744141 0.996094 0.781250 0.982422 0.804688 0.982422 0.814453 0.996094
0 0.843750 0.099609 0.789062 0.095703 0.763672 0.066406 0.767578 0.042969 0.781250 0.033203 0.867188 0.037109 0.873047 0.042969 0.873047 0.074219 0.859375 0.091797 0.843750 0.099609
0 0.925781 0.283203 0.898438 0.279297 0.884766 0.261719 0.884766 0.238281 0.910156 0.216797 0.929688 0.216797 0.945312 0.224609 0.955078 0.242188 0.947266 0.269531 0.925781 0.283203
0 0.630859 0.000000 0.638672 0.015625 0.638672 0.039062 0.621094 0.060547 0.605469 0.068359 0.582031 0.068359 0.560547 0.046875 0.560547 0.023438 0.580078 0.000000
0 0.449219 0.376953 0.414062 0.373047 0.384766 0.347656 0.380859 0.320312 0.390625 0.306641 0.425781 0.291016 0.457031 0.291016 0.482422 0.308594 0.486328 0.343750 0.472656 0.365234 0.449219 0.376953
0 0.285156 0.408203 0.275391 0.406250 0.271484 0.390625 0.216797 0.339844 0.238281 0.318359 0.292969 0.318359 0.318359 0.339844 0.322266 0.371094 0.314453 0.386719 0.285156 0.408203
0 0.085938 0.857422 0.058594 0.849609 0.041016 0.812500 0.044922 0.792969 0.062500 0.767578 0.078125 0.759766 0.097656 0.759766 0.109375 0.763672 0.130859 0.785156 0.134766 0.812500 0.126953 0.832031 0.113281 0.845703 0.085938 0.857422
0 0.857422 0.000000 0.847656 0.021484 0.792969 0.029297 0.777344 0.037109 0.767578 0.035156 0.751953 0.000000
0 0.066406 0.955078 0.031250 0.943359 0.009766 0.902344 0.013672 0.875000 0.031250 0.861328 0.070312 0.865234 0.099609 0.898438 0.103516 0.917969 0.095703 0.937500 0.066406 0.955078
0 0.958984 0.996094 0.966797 0.957031 0.996094 0.935547
0 0.468750 0.138672 0.437500 0.134766 0.416016 0.117188 0.408203 0.101562 0.412109 0.070312 0.437500 0.048828 0.468750 0.048828 0.484375 0.056641 0.501953 0.078125 0.501953 0.113281 0.480469 0.134766 0.468750 0.138672
0 0.601562 0.435547 0.566406 0.435547 0.541016 0.410156 0.537109 0.378906 0.544922 0.359375 0.562500 0.341797 0.601562 0.341797 0.626953 0.371094 0.626953 0.410156 0.601562 0.435547
0 0.996094 0.103516 0.976562 0.103516 0.953125 0.091797 0.935547 0.062500 0.939453 0.039062 0.957031 0.021484 0.980469 0.013672 0.996094 0.017578
0 0.183594 0.970703 0.156250 0.970703 0.140625 0.962891 0.123047 0.945312 0.115234 0.925781 0.126953 0.894531 0.156250 0.873047 0.191406 0.876953 0.216797 0.906250 0.212891 0.945312 0.183594 0.970703
0 0.210938 0.126953 0.183594 0.126953 0.162109 0.105469 0.169922 0.074219 0.195312 0.052734 0.218750 0.052734 0.240234 0.074219 0.240234 0.101562 0.210938 0.126953
0 0.750000 0.162109 0.726562 0.162109 0.714844 0.154297 0.705078 0.140625 0.701172 0.117188 0.708984 0.097656 0.726562 0.080078 0.761719 0.076172 0.771484 0.089844 0.771484 0.125000 0.750000 0.162109
0 0.113281 0.310547 0.080078 0.281250 0.072266 0.265625 0.072266 0.246094 0.083984 0.218750 0.105469 0.197266 0.121094 0.189453 0.144531 0.189453 0.173828 0.214844 0.185547 0.261719 0.164062 0.271484 0.113281 0.310547
0 0.203125 0.447266 0.183594 0.443359 0.162109 0.429688 0.166016 0.371094 0.175781 0.361328 0.191406 0.357422 0.203125 0.357422 0.251953 0.406250 0.244141 0.425781 0.230469 0.439453 0.203125 0.447266
0 0.515625 0.755859 0.503906 0.751953 0.490234 0.730469 0.494141 0.718750 0.507812 0.708984 0.523438 0.712891 0.533203 0.726562 0.529297 0.746094 0.515625 0.755859
0 0.726562 0.263672 0.703125 0.263672 0.677734 0.238281 0.681641 0.210938 0.699219 0.197266 0.730469 0.197266 0.751953 0.218750 0.748047 0.246094 0.726562 0.263672
0 0.164062 0.349609 0.125000 0.345703 0.111328 0.316406 0.160156 0.291016 0.179688 0.271484 0.207031 0.275391 0.216797 0.285156 0.216797 0.308594 0.179688 0.345703 0.164062 0.349609
0 0.136719 0.427734 0.109375 0.423828 0.087891 0.410156 0.083984 0.378906 0.105469 0.349609 0.150391 0.367188 0.142578 0.421875 0.136719 0.427734
