0 0.544540 0.864423 0.531609 0.862500 0.523707 0.851923 0.520833 0.842308 0.520833 0.803846 0.530891 0.776923 0.537356 0.766346 0.548851 0.760577 0.558908 0.760577 0.568247 0.767308 0.573994 0.780769 0.575431 0.811538 0.572557 0.828846 0.566810 0.844231 0.557471 0.856731 0.544540 0.864423
0 0.544540 0.612500 0.527299 0.602885 0.516523 0.588462 0.510776 0.575000 0.505029 0.548077 0.505029 0.525000 0.507902 0.505769 0.513649 0.490385 0.525862 0.477885 0.537356 0.477885 0.548132 0.488462 0.559626 0.517308 0.565374 0.544231 0.566810 0.571154 0.562500 0.596154 0.554598 0.608654 0.544540 0.612500
0 0.691092 0.983654 0.676724 0.983654 0.672414 0.977885 0.668103 0.979808 0.651580 0.957692 0.648707 0.940385 0.653017 0.923077 0.658046 0.916346 0.679598 0.908654 0.709770 0.920192 0.724856 0.936538 0.727730 0.955769 0.721983 0.969231 0.715517 0.975962 0.691092 0.983654
0 0.625000 0.112500 0.599138 0.110577 0.576149 0.097115 0.555316 0.069231 0.558190 0.046154 0.571839 0.033654 0.583333 0.029808 0.606322 0.029808 0.620690 0.035577 0.633621 0.045192 0.645833 0.063462 0.644397 0.088462 0.637931 0.104808 0.625000 0.112500
0 0.057471 0.827885 0.043103 0.827885 0.028736 0.822115 0.016523 0.807692 0.015086 0.801923 0.007902 0.792308 0.005029 0.765385 0.015805 0.750962 0.034483 0.743269 0.045977 0.743269 0.066092 0.752885 0.079741 0.767308 0.085489 0.780769 0.084052 0.798077 0.070402 0.818269 0.057471 0.827885
0 0.145115 0.206731 0.137931 0.206731 0.128592 0.200000 0.121408 0.188462 0.112787 0.163462 0.112787 0.146154 0.109914 0.140385 0.108477 0.126923 0.108477 0.101923 0.111351 0.094231 0.122126 0.083654 0.127874 0.083654 0.136494 0.089423 0.147270 0.103846 0.155891 0.119231 0.161638 0.142308 0.161638 0.180769 0.158764 0.192308 0.149425 0.204808 0.145115 0.206731
0 0.402299 0.800962 0.386494 0.799038 0.372845 0.780769 0.369971 0.771154 0.369971 0.744231 0.377155 0.717308 0.389368 0.699038 0.402299 0.691346 0.412356 0.691346 0.423851 0.699038 0.428879 0.707692 0.431753 0.723077 0.431753 0.744231 0.421695 0.782692 0.413793 0.793269 0.402299 0.800962
0 0.903017 0.000000 0.914511 0.017308 0.915948 0.042308 0.911638 0.057692 0.903736 0.070192 0.886494 0.077885 0.849138 0.072115 0.836207 0.062500 0.826868 0.048077 0.822557 0.032692 0.822557 0.009615 0.826868 0.000000
0 0.457615 0.998077 0.446839 0.989423 0.438937 0.978846 0.437500 0.957692 0.442529 0.947115 0.452586 0.937500 0.468391 0.931731 0.495690 0.935577 0.510057 0.943269 0.520115 0.952885 0.528017 0.963462 0.529454 0.969231 0.529454 0.986538 0.520833 0.998077
0 0.282328 0.000000 0.279454 0.019231 0.272270 0.036538 0.255747 0.056731 0.242816 0.062500 0.229885 0.060577 0.216236 0.046154 0.209052 0.019231 0.210489 0.000000
0 0.719828 0.600962 0.706897 0.600962 0.689655 0.591346 0.680316 0.573077 0.678879 0.557692 0.683190 0.542308 0.695402 0.524038 0.704023 0.518269 0.722701 0.518269 0.734914 0.530769 0.739224 0.542308 0.742098 0.559615 0.740661 0.575000 0.731322 0.589423 0.719828 0.600962
0 0.000000 0.516346 0.002155 0.517308 0.006466 0.530769 0.006466 0.540385 0.000000 0.550962
0 0.998563 0.962500 0.978448 0.960577 0.959770 0.952885 0.938218 0.939423 0.921695 0.919231 0.918822 0.909615 0.918822 0.898077 0.921695 0.888462 0.926724 0.881731 0.941092 0.874038 0.949713 0.874038 0.971264 0.879808 0.998563 0.902885
0 0.165948 0.998077 0.167385 0.992308 0.175287 0.983654 0.189655 0.975962 0.205460 0.977885 0.218391 0.983654 0.229167 0.998077
0 0.000000 0.300962 0.022989 0.308654 0.033046 0.316346 0.048132 0.336538 0.056753 0.351923 0.059626 0.363462 0.059626 0.382692 0.047414 0.399038 0.033046 0.404808 0.018678 0.404808 0.000000 0.393269
0 0.000000 0.429808 0.011494 0.429808 0.034483 0.447115 0.053879 0.473077 0.061063 0.490385 0.062500 0.505769 0.058190 0.521154 0.054598 0.525962 0.048851 0.531731 0.035920 0.535577 0.017241 0.529808 0.000000 0.510577
0 0.270115 0.537500 0.255747 0.535577 0.246408 0.521154 0.240661 0.503846 0.237787 0.453846 0.243534 0.436538 0.254310 0.418269 0.268678 0.406731 0.275862 0.404808 0.287356 0.408654 0.298132 0.425000 0.302443 0.444231 0.302443 0.467308 0.301006 0.484615 0.293822 0.513462 0.288793 0.522115 0.270115 0.537500
0 0.511494 0.306731 0.497126 0.302885 0.487069 0.295192 0.474856 0.278846 0.471983 0.267308 0.471983 0.248077 0.476293 0.234615 0.489943 0.220192 0.505747 0.214423 0.531609 0.222115 0.543103 0.231731 0.552443 0.244231 0.559626 0.263462 0.559626 0.275000 0.554598 0.291346 0.534483 0.302885 0.518678 0.302885 0.511494 0.306731
0 0.755747 0.704808 0.741379 0.699038 0.733477 0.688462 0.729167 0.673077 0.730603 0.655769 0.737787 0.642308 0.751437 0.625962 0.765805 0.618269 0.778736 0.618269 0.788075 0.628846 0.790948 0.636538 0.793822 0.646154 0.793822 0.663462 0.788075 0.676923 0.780172 0.687500 0.764368 0.700962 0.755747 0.704808
